0 543.838 55.5227 357.05 89.1142 406.22 108.027 47.4559 332.542 0.578568 65.2481 216.923 109.185 4.90003 34.3027 35.8683 397.557 176.522 84.4054 193.389 232.491 23.0414 31.8628 56.4946 325.132 0.504883 1.71197 60.89 
332.554 0 450.666 517.665 531.439 539.706 2.12492 282.735 373.893 216.054 196.302 215.102 141.087 71.2226 0.913273 6.33333 370.686 36.6182 0.145321 1.12733 161.205 31.1032 7.89619 61.9105 363.687 68.3197 50.7768 28.1608 
71.5447 95.7954 0 135.71 38.7001 13.3437 217.145 38.0819 340.72 58.0667 164.259 2.30095 54.5141 12.4509 21.4124 24.8214 55.6621 160.978 51.0586 8.3579 78.0627 12.4867 1.45423 9.69054 12.2071 25.131 7.63539 18.5264 
661.937 514.736 289.307 0 35.7054 372.702 0.852179 227.707 348.962 43.827 58.5819 250.714 25.5692 7.38303 0.00491385 25.3692 327.687 144.02 13.0456 10.803 796.547 12.9202 14.1048 19.1252 367.429 4.02459 18.6611 14.0968 
79.4004 448.443 150.032 5.87184 0 96.5114 434.579 204.168 309.925 0.59501 255.782 114.477 177.35 66.2537 37.6569 4.48023 139.511 230.549 172.335 0.209972 84.1002 47.0977 12.7707 15.3482 1.13177 68.56 6.69844 43.8971 
439.835 374.92 66.5191 356.717 14.0013 0 281.504 153.217 347.393 513.38 211.473 156.195 182.831 21.8119 0.000142117 26.9975 374.224 2.7785 47.5518 23.7537 42.4352 18.9398 3.32137 4.63653 333.013 25.776 6.04865 13.0595 
156 519.687 3.70123 128.722 381.512 18.3729 0 87.1932 52.3079 490.047 28.9451 282.385 106.664 68.7463 9.45577 8.35347 8.32506 22.9314 141.028 45.233 84.8639 51.9611 31.57 54.6921 91.8579 41.6253 59.4481 9.45035 
180.409 37.1679 10.1923 99.6017 188.736 3.01467 311.125 0 51.4551 0.123017 37.9333 127.424 137.435 73.3146 167.082 10.853 95.5304 103.459 61.6392 24.7847 51.7228 3.05259 87.9788 24.7061 3.51396 90.2345 69.5061 95.9839 
487.952 707.132 115.354 508.049 125.337 348.848 1299.88 57.7139 0 176.032 1314.56 365.799 124.99 2.83702 293.731 34.2631 346.087 104.036 144.909 100.371 159.319 69.6535 12.1509 96.8583 449.343 110.308 50.201 82.9948 
107.729 79.6728 45.1845 20.8836 3.44725 403.229 339.137 223.481 339.248 0 551.233 150.938 103.932 26.4151 68.7166 78.811 0.168693 6.15309 119.659 15.0257 59.3149 4.45998 60.3664 46.7004 53.4589 29.408 1.60631 51.747 
191.934 167.575 209.682 124.501 66.3762 125.339 486.958 0.10249 627.935 485.48 0 468.266 254.083 175.789 33.3834 66.5904 1.41197 109.776 0.594589 11.6825 51.2391 24.0556 124.837 5.67773 94.8121 165.936 36.8393 70.0156 
183.696 218.85 109.085 36.2002 164.372 29.7681 251.381 827.106 353.677 1.61506 51.3517 0 143.314 70.8306 76.568 191.581 36.0401 146.598 75.2476 96.6955 148.796 5.61586 7.49346 187.271 69.0082 182.909 39.5434 95.5569 
14.0497 87.4024 0.427031 12.1699 8.68989 146.984 215.459 11.0818 177.719 49.9934 167.834 159.458 0 87.9882 86.1148 82.8062 40.7595 43.4324 16.1786 6.95777 16.506 7.71907 81.0222 51.9712 37.566 5.20108 0.0573617 26.0346 
0.00898621 65.3505 0.0200352 0.353116 2.09502 0.481992 88.9987 125.997 10.4916 10.4424 198.899 41.1289 150.937 0 5.33694 12.643 11.2006 44.1647 0.0337414 0.121586 2.18049 3.30394 0.325158 9.41674 12.6941 2.91875 8.56535 8.97377 
22.3348 0.510161 24.8643 38.2983 42.5835 0.554945 30.5239 0.362862 73.993 74.2429 88.2792 270.718 117.012 20.7315 0 77.701 9.2183 64.5768 35.787 5.48335 9.06925 2.12675 23.9019 15.7276 12.0982 4.57426 19.4564 0.300051 
71.3078 66.5231 0.333456 0.058777 72.9901 0.447024 25.1273 2.88695 131.39 18.9303 20.6214 485.111 24.1424 18.1212 0.112344 0 0.183179 50.4847 12.4825 9.66329 27.0368 0.115545 7.3262 4.62089 28.4485 18.4185 18.3989 3.66843 
326.353 458.679 7.0552 381.948 116.447 345.23 106.284 10.9593 423.514 30.2466 29.861 31.3388 3.77187 1.13314 7.1736 0.39091 0 203.588 552.495 16.0688 68.3504 20.1477 16.411 11.2545 328.024 24.3163 22.3159 24.3194 
208.892 99.473 66.0462 38.2821 5.29064 22.307 158.335 167.243 127.568 125.567 22.0503 125.797 16.9389 31.0453 1.88398 0.00719218 286.95 0 35.2942 47.3818 93.4966 16.8098 4.99285 0.821291 41.3957 18.27 39.7676 41.8823 
82.1552 171.889 35.059 7.18224 50.8119 52.3389 0.0010707 114.421 85.8392 122.789 5.23536 39.8765 49.7121 9.30973 11.3616 30.509 37.3711 150.246 0 36.4835 53.893 24.6757 21.4627 5.47091 7.67003 9.19062 3.83688 0.282014 
131.433 107.39 0.99514 47.0515 0.400133 24.2213 87.2952 57.4385 2.20707 22.699 0.938208 35.9102 5.83921 2.7611 3.19191 2.26661 29.0123 19.6614 19.4342 0 16.7551 6.24009 1.81701 0.0986455 7.15263 10.1374 4.01407 1.54642 
240.668 166.202 120.826 126.591 73.675 8.85393 13.4107 193.17 0.77249 83.2268 66.8538 21.3547 69.0018 41.084 15.8934 36.3857 20.1294 7.64347 31.6116 59.229 0 26.4768 33.9463 47.8764 34.095 6.82512 1.65701 11.0099 
33.3872 0.27485 8.36924 16.8063 23.4041 13.4186 2.62948 8.27156 15.9268 51.3607 5.93898 33.927 3.07846 0.554287 17.5073 11.9362 3.05981 40.8876 25.3018 3.66534 32.5334 0 12.6636 4.49598 3.00773 0.429019 9.12427 9.5676 
46.3343 6.30612 2.07909 15.1636 3.3724 0.0669137 11.2357 70.2334 0.144049 52.1918 124.658 53.0808 31.6266 0.033263 24.8197 5.44351 8.70019 17.1637 18.2913 0.34314 2.13663 1.12584 0 13.7099 20.4693 7.3732 10.9923 8.19072 
23.9318 58.1283 11.6451 26.5092 0.774918 13.5261 6.17096 136.088 7.92178 6.8891 16.3819 186.911 68.9202 5.37653 23.306 20.7129 14.9383 43.787 21.8832 5.16095 7.51324 5.37457 20.2071 0 3.24879 12.7181 19.1864 6.13619 
345.478 325.134 23.6317 361.352 44.3997 325.774 77.8608 120.604 326.387 69.8393 120.912 241.37 55.6349 2.05204 0.202786 38.6448 329.678 14.5628 16.8079 3.25465 0.903807 24.5353 11.1687 38.6616 0 51.2191 165.328 127.3 
1.40393 0.201633 19.8023 9.11766 1.90384 4.76299 36.4368 10.8211 110.394 4.8731 26.5943 97.6818 5.6172 11.1808 2.61001 10.8525 4.43372 9.92688 30.2562 4.05046 3.84026 8.11077 8.77568 14.082 26.3789 0 8.80428 8.04747 
6.19038 45.7516 1.60022 22.4675 48.9959 18.5886 58.9988 29.8765 22.3728 25.8365 84.2151 115.458 16.8624 9.19966 19.8015 8.58217 20.8414 38.6752 24.2547 0.648458 17.6332 1.37131 9.19845 1.04451 34.4208 34.1211 0 72.6747 
0.492778 3.87752 19.8498 7.3556 2.9435 0.482951 63.5573 87.0298 93.6705 53.6253 0.160183 0.00603843 9.88449 11.9489 7.98274 1.74191 24.1548 49.5471 0.0049413 9.31032 12.204 2.12833 1.03459 14.0283 15.7904 10.173 62.7602 0 
