0 518.03 53.3449 324.461 86.965 370.964 110.253 49.3918 295.738 0.475571 66.252 216.272 109.204 5.01023 34.6011 35.47 360.944 174.976 84.9213 193.146 231.633 23.1385 31.726 56.5578 288.981 0.447477 1.76405 60.908 
298.975 0 455.263 477.078 530.983 501.91 3.30211 283.604 340.642 214.804 197.982 214.592 141.414 71.2418 0.820759 6.1255 335.349 263.974 0.085399 1.33316 161.809 31.245 7.76439 61.9049 327.205 68.0329 50.7008 27.9484 
69.1979 86.838 0 146.271 37.2565 13.8698 219.242 40.3234 332.192 58.9018 166.527 1.98537 54.8141 12.377 21.2002 24.8094 55.6564 160.657 50.8119 8.51907 77.1814 12.48 1.42298 9.75339 12.3415 25.0458 7.69345 18.5895 
623.757 474.132 285.11 0 36.7339 337.005 0.623341 273.234 310.639 43.1879 60.0495 251.653 25.8589 7.28726 0.00127784 25.6635 291.62 144.235 12.8115 11.1127 562.757 12.8839 14.1702 19.0131 331.325 3.86247 18.7473 14.2373 
77.3203 454.48 148.571 5.41983 0 94.5709 433.966 203.426 307.652 0.954851 256.283 113.648 177.512 66.3871 38.121 4.62914 138.961 230.063 168.802 0.259356 83.5702 47.2305 12.6145 15.1872 1.19208 68.4674 6.61618 44.0369 
404.301 336.544 66.5767 321.067 343.425 0 142.9 151.515 315.257 750.06 213.999 155.925 173.711 21.7925 0.00103222 27.0286 337.873 3.00384 46.8982 23.7194 42.7511 18.98 3.37485 4.69782 296.952 25.7073 6.10084 12.9809 
158.231 517.715 4.50351 126.878 385.191 10.2715 0 83.5554 35.961 493.22 26.0324 282.749 108.297 69.244 8.93264 8.68136 8.57809 23.915 141.622 45.7278 85.5086 52.1235 31.2643 54.9417 91.8557 41.1072 59.4962 9.266 
183.027 35.6517 11.4376 111.378 189.685 2.58981 314.936 0 57.2424 0.0627676 39.9896 111.13 137.774 72.5686 167.953 12.109 95.6661 104.326 61.1791 25.2936 50.6798 2.96934 88.3195 24.0287 3.94786 87.9076 69.1193 96.6878 
453.684 668.741 123.526 476.102 128.561 316.829 1304.77 63.8024 0 171.588 672.517 368.035 126.219 3.12794 300.602 33.3897 309.58 105.316 145.31 100.608 160.011 69.6803 12.474 97.0227 412.938 111.048 50.4545 82.6807 
108.553 81.5517 44.369 21.4019 2.72779 416.904 330.791 223.632 342.141 0 544.88 149.163 99.9269 25.9107 67.524 79.2281 0.199679 5.86356 119.41 15.2262 59.6658 4.59583 60.3276 46.472 53.1727 29.7937 1.65798 51.8729 
192.181 165.726 211.31 122.923 67.9628 122.315 487.024 0.244176 614.814 476.681 0 472.011 254.062 174.136 29.5431 68.7528 1.33808 109.029 0.673617 11.9138 50.6479 24.3099 124.411 5.36581 95.6681 166.046 37.1437 69.5197 
184.852 219.217 107.614 38.0368 164.851 30.5716 249.983 806.478 351.085 1.92155 55.2706 0 142.853 69.5342 73.6752 180.808 36.2974 146.82 75.5441 96.709 149.301 5.48072 7.85881 187.298 78.1761 189.865 38.9775 96.8685 
14.3406 88.1416 0.480961 11.9447 8.22992 148.246 215.024 11.4296 176.851 46.9272 169.656 159.449 0 89.8524 86.9632 82.9359 40.9486 43.8094 16.4484 7.05552 16.6862 7.40465 80.6126 52.2915 37.3773 5.32236 0.0502313 26.1637 
0.00473567 65.1847 0.0263125 0.378774 2.19453 0.516571 88.6954 126.069 10.0185 10.086 197.801 40.002 150.226 0 6.18439 12.8656 11.1463 44.0365 0.0281165 0.125862 2.23794 3.25038 0.268174 9.36017 12.6219 2.85994 8.53539 9.01344 
22.0588 0.583748 25.0582 38.3697 43.0554 0.491623 31.402 0.505808 71.9873 75.4274 82.421 270 116.743 19.3654 0 79.1867 9.29452 64.4538 35.8563 5.44582 8.92717 2.07703 23.7863 15.9794 11.9151 4.73023 19.4361 0.324632 
71.5616 66.1949 0.367718 0.0829891 72.8891 0.484925 25.6408 3.56289 132.109 19.4212 19.2847 481.678 24.6044 18.2328 0.00959223 0 0.19482 50.6473 12.39 9.65998 27.2798 0.106358 7.22469 4.32354 28.6285 18.098 18.4227 3.57505 
290.082 423.091 6.87933 345.82 117.245 308.812 106.113 10.7491 387.641 29.9284 30.1493 31.5895 3.68051 1.1572 7.10335 0.374408 0 200.622 590.145 16.1839 68.3344 20.1284 16.4398 11.3009 291.897 24.3598 22.3219 24.3125 
207.744 94.8051 64.7243 39.15 4.81106 21.7365 159.867 166.768 126.303 125.053 22.5748 126.257 17.2204 30.8792 1.9662 0.00335329 286.665 0 34.5434 47.8033 93.9105 16.715 4.9181 0.856101 41.2285 18.4553 39.7035 41.7781 
82.6819 171.751 35.3815 6.99897 48.1695 52.9844 0.0122145 114.294 86.65 122.887 5.46072 39.5415 50.0507 9.38928 11.2385 30.4978 39.9567 150.289 0 36.4713 53.6962 24.6544 21.4934 5.52184 7.59908 9.11061 3.87292 0.269345 
134.406 106.432 1.06138 47.1606 0.46724 24.2343 87.5598 56.818 2.06364 22.9211 1.00935 35.5033 5.93017 2.77443 3.15855 2.23674 28.9302 20.0156 19.5667 0 19.8456 6.23607 1.80667 0.094142 7.1083 10.1681 3.98941 1.52488 
240.195 166.721 120.428 130.318 74.2217 9.05737 13.0321 192.541 0.903226 83.4898 66.2341 20.8294 69.1413 41.1586 16.0688 36.1432 19.9485 7.41248 31.3893 54.13 0 26.4255 33.8698 47.8635 34.2989 6.97111 1.69803 11.1316 
33.4613 0.296323 8.4012 16.8098 23.2311 13.3463 2.5443 8.13978 15.745 51.5494 5.79425 33.6682 2.87569 0.580206 17.4999 11.94 3.09038 40.9225 25.2926 3.67837 32.5456 0 12.5738 4.56981 3.01545 0.417101 9.0947 9.55328 
46.2982 6.1866 2.04274 15.2243 3.46159 0.0587253 11.0133 69.7731 0.109209 52.388 125.078 53.8379 31.0146 0.0554381 24.751 5.54575 8.74116 17.0477 18.3399 0.348917 2.18454 1.1888 0 13.3133 20.3486 7.33075 10.9527 8.21737 
23.7223 58.023 11.5884 26.5256 0.817677 13.5865 6.33655 136.325 8.1741 6.71757 16.8985 186.748 68.8185 5.28098 23.1132 20.3341 14.8961 43.865 21.8489 5.14652 7.40708 5.45145 20.3456 0 3.04516 12.8001 19.1974 6.07889 
309.031 288.983 23.732 325.008 44.1788 289.643 78.1675 119.071 290.083 69.7376 121.586 537.389 55.664 2.10823 0.17373 41.0115 293.558 14.7186 16.7259 3.29236 0.854625 27.7923 10.9256 38.5847 0 44.1265 155.096 125.953 
1.30758 0.239602 19.6674 9.34907 1.81878 4.86203 36.944 11.8494 111.133 4.68146 25.7142 91.7517 5.74268 11.1312 2.73257 10.5502 4.48511 10.0763 30.2358 4.09025 3.95293 8.13725 8.74169 14.0113 26.1935 0 9.02997 8.6077 
6.28445 45.8605 1.56769 22.3955 48.9821 18.5576 58.9408 30.2591 22.6093 25.978 84.122 115.207 16.9579 9.17242 19.8097 8.65905 20.8198 38.7445 24.2613 0.660581 17.7384 1.35125 9.15111 1.00441 34.8665 33.9584 0 73.824 
0.531132 3.97986 19.7971 7.47403 3.01753 0.506 63.7459 87.7734 93.4706 53.7297 0.123369 0.000462473 9.77643 11.9451 8.08444 1.67466 24.1438 49.4984 0.00679328 9.33516 12.0783 2.14814 1.01419 14.0083 15.93 9.5716 61.4359 0 
