0 595.899 61.4634 427.536 94.9076 482.959 102.125 42.4489 413.554 0.902105 62.59 218.577 109.119 4.6115 33.5077 36.9328 477.923 180.58 83.0173 193.399 234.634 22.7821 32.2259 56.3187 404.283 0.67482 1.57683 60.8349 
406.701 0 436.038 608.475 531.346 622.983 0.247736 280.253 445.664 219.259 191.762 216.388 140.181 71.1592 1.18386 6.90317 447.678 742.259 0.3825 0.662284 159.552 30.7243 8.25214 61.9178 443.711 69.0743 50.9759 28.7279 
77.8923 121.202 0 108.073 42.6479 11.9792 211.269 32.3715 362.618 55.8392 158.123 3.25428 53.7064 12.6458 21.9747 24.8453 55.665 161.727 51.7054 7.93254 80.3986 12.5038 1.53901 9.52231 11.8495 25.3516 7.48096 18.3559 
745.504 605.607 307.069 0 33.0154 450.616 1.63577 547.261 434.346 45.538 54.7215 247.969 24.8007 7.64009 0.0261422 24.5811 406.612 143.383 13.6774 9.99314 185.427 13.0163 13.9292 19.4214 446.43 4.4716 18.4301 13.7229 
85.0269 431.465 153.824 7.162 0 100.382 435.497 206.082 315.751 0.0493265 254.328 116.677 176.854 65.8878 36.4241 4.09414 140.932 231.734 181.692 0.103693 85.5079 46.74 13.1906 15.7803 0.978388 68.7979 6.91983 43.5217 
517.281 460.171 66.3032 434.523 722.786 0 768.269 157.685 417.403 631.878 204.56 156.853 694.098 21.8575 0.0167586 26.9071 453.887 2.21976 49.2926 23.8404 41.5915 18.8303 3.18032 4.47437 411.915 25.9541 5.91013 13.2688 
150.019 523.698 1.9427 133.592 371.172 57.5067 0 97.1645 109.854 480.217 37.4135 281.256 102.314 67.4058 10.9182 7.5072 7.6673 20.3986 139.398 43.9153 83.1396 51.5234 32.3871 54.0205 91.8444 43.0109 59.3149 9.94939 
173.391 41.342 7.21084 69.2188 186.154 4.30207 300.72 0 37.423 0.381689 32.6891 175.396 136.504 75.2959 164.669 7.82747 95.1584 101.14 62.8656 23.4469 54.5384 3.27989 87.0535 26.5479 2.47888 96.4935 70.5305 94.0881 
562.037 791.831 94.533 575.93 116.837 418.537 1271.66 42.8538 0 187.921 581.924 359.538 121.696 2.13968 271.256 36.6322 426.187 100.628 143.805 99.7159 157.438 69.5755 11.3072 96.4002 529.123 108.304 49.5229 83.8205 
105.517 74.7192 47.3714 19.5257 5.77154 364.388 360.868 222.98 331.158 0 566.562 155.641 114.816 27.7714 71.8932 77.6707 0.0987998 6.95753 120.286 14.4954 58.3769 4.10699 60.4567 47.3028 54.2145 28.3842 1.47242 51.4052 
191.222 172.469 205.163 128.682 62.207 133.424 485.983 0.0207078 666.263 507.748 0 457.649 253.996 180.056 44.6514 60.9268 1.61863 111.76 0.407841 11.075 52.8235 23.381 125.926 6.55102 92.5138 165.555 36.0293 71.3319 
180.558 217.797 112.987 31.4918 163.061 27.6664 254.984 878.251 360.311 0.927463 41.5343 0 144.515 74.301 84.4427 220.798 35.3555 145.985 74.4506 96.6417 147.42 5.98344 6.55941 187.06 46.8337 164.479 41.0621 92.0528 
13.2861 85.4258 0.298788 12.7785 9.97406 144.383 216.504 10.1784 179.975 58.5538 162.933 159.448 0 82.9912 83.8194 82.4314 40.2536 42.4297 15.4679 6.69982 16.0289 8.58638 82.0798 51.1079 38.067 4.88386 0.0786849 25.6898 
0.0269201 65.7825 0.00747422 0.289017 1.84066 0.39548 89.7823 125.759 11.8089 11.4185 201.644 44.1839 152.626 0 3.35992 12.0412 11.3452 44.5034 0.0512322 0.110536 2.03076 3.4479 0.502696 9.5606 12.8844 3.07752 8.64469 8.86717 
23.0756 0.338056 24.3406 38.0971 41.3282 0.742308 28.2267 0.0973631 79.4129 71.0741 104.585 272.265 117.657 24.4778 0 73.3455 9.01606 64.897 35.5983 5.58345 9.4526 2.26179 24.1883 15.0537 12.5888 4.16892 19.5082 0.239176 
70.6157 67.3876 0.250181 0.0145639 73.2473 0.353381 23.7752 1.42897 129.421 17.644 24.3809 491.913 22.9237 17.7995 0.934035 0 0.153882 50.0464 12.7299 9.67084 26.3901 0.141897 7.59538 5.45203 27.957 19.269 18.3325 3.92213 
405.832 536.278 7.53344 461.013 114.289 425.084 106.722 11.5289 501.9 31.0985 29.0961 30.6726 4.02058 1.07016 7.36195 0.436632 0 211.347 268.165 15.7622 68.3876 20.1983 16.3338 11.1306 407.103 24.1989 22.2993 24.3366 
211.853 109.894 69.5915 35.9985 6.67742 23.8568 154.211 168.475 130.929 126.912 20.6774 124.551 16.1976 31.4872 1.673 0.0245086 287.354 0 37.3231 46.2557 92.3837 17.0634 5.19454 0.731946 41.8394 17.7784 39.937 42.158 
80.74 172.179 34.197 7.68097 58.1273 50.6107 0.0305103 114.74 83.6731 122.489 4.65656 40.7722 48.8071 9.09846 11.6918 30.5362 30.7023 150.079 0 36.5114 54.4147 24.7312 21.3795 5.33597 7.86028 9.405 3.74143 0.317206 
123.456 109.902 0.828669 46.7342 0.246518 24.1814 86.5686 59.0947 2.61238 22.1086 0.761228 36.9995 5.59956 2.72549 3.28145 2.34685 29.2285 18.7277 19.0806 0 9.74279 6.25056 1.84461 0.111159 7.27078 10.0544 4.08 1.60448 
241.775 164.77 121.833 118.21 72.2147 8.3211 14.4439 194.785 0.473737 82.5168 68.5088 22.7825 68.6249 40.8819 15.4287 37.0309 20.6138 8.27548 32.2051 73.6714 0 26.6129 34.1486 47.9062 33.5502 6.4424 1.55001 10.6876 
33.1881 0.221533 8.28372 16.7958 23.8662 13.6106 2.86316 8.6273 16.415 50.8501 6.33301 34.618 3.65127 0.487874 17.5238 11.9243 2.97895 40.7924 25.3246 3.63054 32.4996 0 12.8969 4.3007 2.99079 0.461598 9.20274 9.60533 
46.4262 6.62989 2.17727 15.0003 3.13969 0.0913519 11.8379 71.4512 0.260455 51.6594 123.493 51.0701 33.272 0.00165082 24.9794 5.17204 8.59102 17.4736 18.1609 0.32794 2.01136 0.965747 0 14.7406 20.7826 7.48549 11.0967 8.11899 
24.4917 58.4026 11.7951 26.4599 0.666461 13.3638 5.7392 135.401 7.26664 7.35566 15.0372 187.206 69.1732 5.631 23.8052 21.6984 15.0506 43.5762 21.9732 5.1991 7.79917 5.1706 19.7629 0 3.84223 12.4963 19.153 6.28929 
425.413 404.285 23.3601 440.999 44.9856 404.865 77.029 124.659 405.97 70.0967 119.078 819.17 55.5504 1.90544 0.291173 31.9352 408.733 14.1501 17.0262 3.15485 1.04162 18.1896 11.8231 39.1009 0 69.5573 172.243 118.371 
1.67736 0.116303 20.1588 8.51111 2.13988 4.50283 35.0919 8.29694 108.392 5.40167 28.9987 114.085 5.28874 11.3105 2.29569 11.6688 4.29787 9.53299 30.3079 3.94483 3.54734 8.0397 8.86487 14.2667 26.8696 0 8.21236 6.63365 
5.94262 45.4583 1.68843 22.6575 49.0298 18.6701 59.1483 28.8627 21.7458 25.4586 84.4528 116.101 16.608 9.27167 19.7772 8.3775 20.8983 38.4888 24.2361 0.616636 17.3531 1.42541 9.32407 1.15505 33.2171 34.5403 0 69.4961 
0.397492 3.6108 19.9879 7.04311 2.7503 0.424054 63.047 85.0351 94.1881 53.3402 0.281729 0.117042 10.1749 11.9572 7.71306 1.92714 24.1829 49.674 0.00144061 9.24353 12.5416 2.07583 1.08988 14.0794 15.4304 11.8475 66.2151 0 
