0 520.037 79.428 405.967 111.978 471.848 85.5641 29.4079 415.874 2.22685 55.1192 222.651 108.793 3.82661 31.2297 40.0031 477.256 191.676 78.9342 184.557 239.588 22.0345 33.2562 55.7544 400.299 1.29872 1.21843 60.6195 
403.604 0 376.888 636.097 520.552 628.599 5.11394 271.842 423.484 227.402 178.269 219.496 137.31 70.879 2.15351 8.66434 437.571 34.5468 1.68793 0.00986324 154.45 29.6293 9.31119 61.8779 442.128 71.1573 51.5205 30.3641 
96.6601 203.182 0 40.6769 54.7038 8.39216 192.285 18.2896 416.908 49.4574 139.936 6.88767 51.327 13.1884 23.5564 24.8466 55.5728 163.01 53.4708 6.74861 86.9672 12.5458 1.79412 9.03439 10.8307 25.9308 7.04036 17.8489 
745.914 633.493 322.554 0 25.7393 442.858 5.2752 905.773 451.605 50.4976 44.117 238.202 22.6241 8.39094 0.180424 22.2951 401.945 141.05 15.5522 7.80034 567.603 13.2878 13.415 20.2514 441.812 5.8706 17.7579 12.6571 
101.728 376.506 163.835 11.5403 0 107.291 432.315 211.051 330.496 1.83998 249.207 122.898 174.921 64.7538 32.9267 3.07647 144.641 234.245 207.774 0.00486502 89.4985 45.6843 14.4236 17.0419 0.598925 69.4066 7.57312 42.4226 
507.927 474.851 65.1855 426.607 7.71443 0 742.52 169.894 400.456 925.763 183.452 158.233 610.816 21.9406 0.218058 26.5873 451.2 0.958567 54.2539 24.0491 39.1591 18.4972 2.78806 4.01926 407.127 26.4233 5.51725 13.8668 
132.684 525.01 0.0187359 147.103 337.518 284.893 0 127.745 369.617 441.623 67.0832 276.754 89.8953 63.4601 15.6474 5.31002 5.9174 13.8798 134.349 40.1451 78.1497 50.2288 34.7458 52.0431 91.647 47.0207 58.8904 11.4437 
153.041 54.3422 1.47471 12.8935 178.322 9.23415 269.131 0 9.16475 1.91629 19.6284 342.863 133.638 80.9178 157.014 1.8394 94.0073 94.4407 66.3777 19.7604 62.889 3.9763 84.2611 32.1146 0.501214 114.763 73.4188 88.5061 
543.188 800.205 44.2917 539.458 93.3331 400.611 1078.76 12.0148 0 222.057 720.86 339.253 112.128 0.78374 207.943 43.7287 424.904 90.8903 140.342 97.6653 151.758 69.2985 9.03229 94.9266 526.563 102.323 47.5574 86.0972 
99.0231 61.0066 53.7298 15.825 15.6615 243.145 417.697 220.758 305.103 0 596.593 168.861 147.298 31.7609 80.9369 74.1793 0.00136968 9.52922 121.775 13.0063 55.6632 3.16807 60.6111 48.9793 56.3242 25.4852 1.11906 50.3734 
188.736 186.204 190.843 140.41 50.7624 156.639 476.766 2.18001 797.177 560.518 0 422.433 252.589 191.101 84.509 45.6099 2.28979 117.375 0.0662254 9.40689 57.4365 21.4739 128.674 9.3859 85.7988 163.775 33.7156 75.0571 
171.12 214.179 123.993 19.5888 159.031 21.9733 264.3 987.499 376.965 0.00580905 18.7869 0 147.733 84.3472 108.134 305.46 33.3998 144.041 72.1159 96.3418 143.246 7.09906 4.20576 185.345 18.9072 113.739 45.5014 81.9629 
11.1947 79.7017 0.0571235 14.5921 14.1229 144.718 218.564 7.78145 185.995 85.9195 148.542 159.132 0 68.5876 76.993 81.1219 38.7884 39.5706 13.4953 5.98065 14.6866 11.305 84.8269 48.5594 39.4861 4.02265 0.158642 24.6944 
0.131876 66.9406 0.00518638 0.140178 1.19912 0.193798 91.8215 124.724 16.0341 14.4238 207.979 53.3327 155.754 0 0.182837 10.2647 11.7609 45.4491 0.121739 0.0816412 1.62876 3.87057 1.20749 9.91467 13.412 3.54957 8.86827 8.55413 
25.2391 0.0396215 22.7895 37.4321 37.747 1.42836 22.0154 0.273737 95.4421 61.9356 155.833 273.695 118.926 35.6084 0 58.2963 8.44187 65.7539 35.0242 5.87163 10.5897 2.66943 24.8296 13.1087 14.0152 3.09464 19.6383 0.102327 
68.5086 69.7836 0.0769465 0.0526542 73.8881 0.144917 20.0399 0.0663809 123.369 14.145 36.6751 491.887 19.5352 16.6899 7.54981 0 0.0838061 48.7512 13.4446 9.68237 24.5442 0.232455 8.35276 8.1142 26.4549 21.6627 18.1182 4.68791 
402.849 527.416 8.98061 456.6 107.879 423.041 107.826 13.2351 495.516 33.5737 26.9296 28.7765 4.7766 0.898644 7.91257 0.581853 0 232.188 494.591 14.8833 68.4487 20.3375 16.1068 10.774 402.815 23.8506 22.2453 24.3775 
219.524 122.902 79.8898 29.7104 11.5259 28.5254 142.088 171.726 140.465 130.566 16.9455 120.848 14.143 32.75 1.13489 0.131553 285.611 0 43.3591 43.0119 89.1116 17.7954 5.7937 0.503388 43.0971 16.388 40.4101 42.9325 
76.5877 172.389 31.7063 9.19354 81.1031 45.6069 0.593714 115.519 77.4255 121.305 3.17592 43.3636 46.1912 8.49808 12.6556 30.5914 14.2253 149.186 0 36.5534 55.8869 24.8793 21.13 4.95477 8.41568 10.0288 3.47253 0.429751 
100.423 116.732 0.433042 45.6136 0.0109966 24.0255 84.3122 63.8486 3.96186 20.4275 0.354669 40.1632 4.93465 2.62274 3.54296 2.58279 29.8276 16.1383 18.0625 0 0.0815063 6.27859 1.92417 0.151211 7.60973 9.80813 4.27076 1.77633 
243.68 160.276 124.257 108.788 68.0024 6.87147 17.6011 198.937 0.0194817 80.409 73.282 27.0998 67.5041 40.2757 14.1178 38.8717 22.0246 10.221 33.9176 120.641 0 26.9979 34.7145 47.9568 31.9788 5.39737 1.26157 9.78122 
32.6035 0.100159 8.03566 16.7569 25.2013 14.1549 3.58742 9.68524 17.8463 49.325 7.5293 36.6109 5.55554 0.319704 17.5448 11.8749 2.75151 40.5024 25.3784 3.53022 32.3926 0 13.5156 3.75362 2.97189 0.561556 9.4255 9.71005 
46.6552 7.59934 2.46931 14.5191 2.51469 0.182568 13.6382 74.8745 0.784708 50.0554 119.785 45.3684 38.0916 0.134181 25.2453 4.40498 8.27799 18.37 17.779 0.286011 1.67126 0.570418 0 17.3971 21.6107 7.80087 11.3868 7.90748 
26.1104 59.1368 12.2152 26.2728 0.399772 12.8871 4.57845 132.998 5.52993 8.76914 11.4568 186.943 69.7535 6.35469 25.111 24.2913 15.3697 42.9468 22.2219 5.30606 8.64485 4.59425 17.9244 0 5.94101 11.8375 19.0247 6.73165 
423.623 400.296 22.5463 438.26 46.6487 400.643 74.5325 135.995 403.407 70.7216 113.535 1084.87 55.2515 1.5108 0.632719 12.781 404.379 12.9867 17.6518 2.87414 1.49113 22.4998 13.7424 41.9658 0 96.8403 67.0117 34.8048 
2.5951 0.000923393 21.1525 6.85941 2.89241 3.78849 31.2937 2.86794 102.416 7.05947 36.352 164.854 4.39407 11.6605 1.49736 14.0801 3.91698 8.43736 30.4374 3.6453 2.76668 7.83206 9.10951 14.7656 28.2457 0 6.59732 3.27035 
5.25502 44.5943 1.95389 23.1877 49.1042 18.8934 59.5364 26.0085 19.975 24.3704 85.0527 117.726 15.8797 9.47317 19.6881 7.79211 21.0563 37.9403 24.1748 0.529377 16.5525 1.58603 9.67922 1.50147 29.6557 35.6229 0 59.5989 
0.180272 2.89415 20.3639 6.17294 2.22976 0.275762 61.5216 79.2165 95.5503 52.4673 0.820123 1.21262 11.0259 11.967 6.95155 2.50618 24.2551 50.0126 0.00302849 9.04739 13.529 1.92768 1.25579 14.2088 14.4952 17.1712 75.3581 0 
