0 508.76 80.2329 397.047 112.73 463.117 84.8598 28.889 407.764 2.29771 54.8006 222.805 108.774 3.79399 31.1311 40.1367 468.979 192.138 78.7539 183.787 239.761 22.0019 33.3004 55.7278 391.884 1.33036 1.20385 60.6082 
395.742 0 373.825 628.975 519.735 620.522 5.66847 271.434 414.384 227.718 177.669 219.611 137.177 70.8635 2.20207 8.74489 428.893 114.071 1.76547 0.00465447 154.217 29.5816 9.35836 61.8741 433.813 71.2448 51.5433 30.4355 
97.4874 206.929 0 38.3756 55.2489 8.24842 191.397 17.761 418.923 49.1818 139.132 7.07516 51.2217 13.2114 23.6238 24.8444 55.5654 163.036 53.5442 6.69857 87.247 12.5474 1.80559 9.01305 10.7868 25.9541 7.02134 17.8262 
737.406 626.386 319.598 0 25.4394 434.272 5.47954 692.698 444.217 50.7142 43.6743 237.716 22.5307 8.42396 0.190261 22.1954 393.499 140.932 15.6356 7.70996 675.281 13.2995 13.3923 20.2867 433.362 5.93511 17.7285 12.6111 
102.47 373.944 164.238 11.7526 0 107.711 431.982 211.248 331.067 2.03037 248.954 123.165 174.82 64.7018 32.7764 3.03542 144.789 234.324 208.872 0.00753129 89.6698 45.6375 14.478 17.0974 0.584515 69.4305 7.60212 42.3742 
499.263 467.279 65.1206 418.019 43.1469 0 902.021 170.401 391.938 977.445 182.499 158.275 540.318 21.9425 0.23197 26.5714 442.835 0.915484 54.4675 24.0568 39.0532 18.4821 2.77146 3.99987 398.674 26.4422 5.50036 13.8927 
131.928 524.721 0.0414302 147.672 335.937 297.484 0 129.13 383.34 439.625 68.5406 276.516 89.3601 63.2856 15.87 5.22262 5.84617 13.6228 134.118 39.9823 77.932 50.1713 34.8486 51.9555 91.6331 47.1956 58.8705 11.5104 
152.154 54.9391 1.32285 12.0089 177.968 9.48914 267.711 0 8.36156 2.00948 19.131 350.891 133.507 81.159 156.658 1.67248 93.9545 94.1487 66.5299 19.6058 63.2602 4.00803 84.1356 32.3652 0.449203 115.562 73.5425 88.2596 
534.118 792.202 42.4812 529.64 92.3478 392.05 1067.16 11.0938 0 223.53 690.388 338.298 111.709 0.746942 206.293 44.0461 416.606 90.4696 140.182 97.5708 151.501 69.2847 8.93865 94.8574 518.197 102.056 47.4716 86.1927 
98.7365 60.4316 54.0079 15.6713 16.1962 237.867 419.934 220.635 303.885 0 597.401 169.424 148.736 31.9371 81.3254 74.0208 0.000622124 9.6495 121.829 12.9428 55.5449 3.12985 60.6143 49.0502 56.4137 25.3609 1.10477 50.3269 
188.613 186.788 190.179 140.907 50.2847 157.64 476.152 2.35415 803.056 562.389 0 420.757 252.489 191.538 86.4627 44.9805 2.32153 117.615 0.0579573 9.33705 57.6388 21.392 128.781 9.51986 85.5042 163.675 33.6158 75.2169 
170.697 214.002 124.463 19.1292 158.847 21.7381 264.669 990.804 377.605 0.00141917 17.9911 0 147.865 84.7843 109.192 309.064 33.3151 143.951 72.0131 96.3238 143.058 7.14957 4.11485 185.234 19.1657 111.649 45.6967 81.5248 
11.1073 79.4522 0.0508989 14.673 14.3184 145.02 218.621 7.6841 186.24 87.1896 147.909 159.109 0 67.9651 76.6897 81.0573 38.7243 39.447 13.4121 5.95016 14.6293 11.4306 84.9361 48.4467 39.5471 3.98696 0.162747 24.651 
0.138239 66.988 0.00622694 0.134906 1.17429 0.186627 91.9029 124.667 16.2321 14.5608 208.2 53.7414 155.83 0 0.133857 10.1864 11.7789 45.4893 0.125478 0.0804828 1.61222 3.88921 1.24416 9.92797 13.4343 3.57056 8.87784 8.54031 
25.3343 0.033276 22.7207 37.4003 37.5928 1.46311 21.7595 0.313046 96.1508 61.539 158.169 273.655 118.962 36.089 0 57.5801 8.41716 65.789 34.9982 5.88417 10.6404 2.6878 24.8512 13.0244 14.0776 3.05115 19.6434 0.0976709 
68.4131 69.8845 0.0716569 0.0598676 73.9126 0.137917 19.8829 0.102948 123.094 14 37.2564 491.223 19.3921 16.6358 7.97099 0 0.0812354 48.6938 13.4758 9.68252 24.4644 0.23689 8.38502 8.23783 26.387 21.7645 18.1081 4.72233 
394.479 518.775 9.04585 448.16 107.594 414.707 107.868 13.3116 486.99 33.682 26.8364 28.6947 4.81085 0.891515 7.9368 0.588624 0 233.038 457.934 14.8453 68.4498 20.3433 16.0967 10.7585 394.383 23.8351 22.2428 24.3789 
219.828 122.992 80.3394 29.4464 11.7651 28.7351 141.553 171.857 140.876 130.718 16.7909 120.684 14.0564 32.8045 1.11384 0.138132 285.438 0 43.628 42.8709 88.9669 17.8273 5.82036 0.4944 43.1512 16.3283 40.4302 42.9656 
76.4044 172.377 31.5977 9.26191 82.16 45.3886 0.634264 115.548 77.1539 121.243 3.11781 43.4768 46.0771 8.47224 12.698 30.593 13.626 149.134 0 36.554 55.9501 24.8853 21.1188 4.93844 8.44009 10.0561 3.46102 0.435025 
99.4296 117.015 0.418679 45.558 0.00771263 24.0174 84.2087 64.0546 4.02664 20.3551 0.340477 40.3016 4.90658 2.61826 3.55447 2.59322 29.8529 16.0291 18.0183 0 0.026109 6.27974 1.92763 0.15309 7.62445 9.79718 4.27909 1.78395 
243.72 160.069 124.346 108.872 67.8191 6.81123 17.7444 199.101 0.0133836 80.3152 73.4897 27.2943 67.4541 40.2485 14.0616 38.9513 22.0865 10.3099 33.9922 122.818 0 27.0144 34.7385 47.9578 31.9103 5.35379 1.24968 9.7425 
32.5777 0.0959629 8.02479 16.755 25.2595 14.1783 3.62064 9.73244 17.9094 49.2568 7.58338 36.6976 5.64664 0.313169 17.5449 11.8722 2.74181 40.4892 25.3803 3.52585 32.3876 0 13.5406 3.73035 2.97211 0.566117 9.43509 9.71447 
46.664 7.64279 2.48233 14.4978 2.48905 0.187231 13.7186 75.0205 0.813835 49.9833 119.612 45.1237 38.3035 0.147398 25.2503 4.37221 8.26442 18.4091 17.7622 0.284249 1.65715 0.555459 0 17.4997 21.6441 7.81431 11.399 7.8981 
26.181 59.1669 12.2331 26.2632 0.3897 12.8661 4.53075 132.88 5.45945 8.83292 11.311 186.894 69.7738 6.38572 25.1631 24.3946 15.3834 42.9187 22.2324 5.31061 8.68237 4.56956 17.8272 0 6.04486 11.8083 19.018 6.75094 
415.301 391.88 22.5099 429.892 46.7202 392.215 74.4205 136.475 395.059 70.7449 113.286 919.669 55.2366 1.49457 0.650493 12.0586 395.944 12.937 17.6789 2.86215 1.51247 23.4321 13.8268 42.1326 0 96.7326 62.1254 31.4389 
2.63937 0.000283738 21.1946 6.79087 2.9276 3.75859 31.1312 2.6949 102.149 7.13595 36.6855 167.144 4.35693 11.6749 1.46631 14.1866 3.90075 8.39099 30.4424 3.63243 2.73486 7.82291 9.11972 14.7861 28.3041 0 6.5302 3.14923 
5.226 44.556 1.96581 23.2103 49.1067 18.9028 59.5519 25.8865 19.8991 24.323 85.0759 117.789 15.8481 9.48173 19.6836 7.76681 21.063 37.916 24.1719 0.52573 16.5179 1.59318 9.69444 1.51749 29.4981 35.6657 0 59.1486 
0.172748 2.86468 20.3795 6.13612 2.20832 0.270022 61.4534 78.9613 95.6052 52.4276 0.849872 1.28624 11.0635 11.967 6.91895 2.53287 24.258 50.0264 0.00348948 9.03872 13.5724 1.92135 1.26324 14.2138 14.458 17.4174 75.7239 0 
