0 326.646 90.8185 245.17 122.575 311.598 75.8632 22.5253 264.576 3.31665 50.7129 224.623 108.496 3.38201 29.8518 41.8736 323.344 197.968 76.3894 170.529 241.701 21.5781 33.8726 55.3689 244.499 1.77572 1.02233 60.4472 
259.378 0 331.083 497.652 506.559 476.91 15.4239 265.834 258.961 231.537 169.785 220.951 135.377 70.6376 2.88112 9.82261 278.122 7.17124 2.93061 0.112837 151.103 28.9593 9.98092 61.8094 287.71 72.3593 51.8315 31.363 
108.265 256.013 0 14.8108 62.4743 6.47882 179.442 11.5551 442.071 45.6157 128.61 9.72996 49.8409 13.5047 24.489 24.7985 55.4439 163.152 54.4732 6.05983 90.8346 12.5662 1.95734 8.73491 10.219 26.2421 6.77498 17.5287 
586.674 495.273 249.311 0 21.674 284.621 8.47303 539.527 310.883 53.5322 38.0701 230.969 21.326 8.8555 0.341709 20.8976 245.709 139.272 16.7327 6.57375 245.938 13.4496 13.0958 20.7395 285.48 6.80063 17.3436 12.0162 
112.187 339.636 169.212 14.6724 0 116.577 426.197 213.674 337.917 5.35013 245.427 126.601 173.38 64.0056 30.8384 2.52527 146.615 235.113 222.781 0.0950053 91.8812 45.0227 15.1918 17.8234 0.412953 69.722 7.98251 41.7397 
348.541 331.046 64.1526 268.384 55.0478 0 771.022 176.793 246.766 503.5 169.903 158.696 549.545 21.9559 0.451383 26.3498 296.061 0.444945 57.2232 24.1465 37.6768 18.2813 2.5594 3.75079 250.777 26.6771 5.28225 14.2276 
122.124 518.375 1.14256 154.885 314.621 469.046 0 147.478 572.099 411.508 88.6329 273.121 82.452 61.0009 18.8873 4.14924 4.95713 10.4895 131.027 37.8715 75.0964 49.4154 36.1853 50.8078 91.4121 49.4719 58.602 12.3946 
140.641 62.9209 0.0983499 13.4961 173.28 13.1012 248.968 0 1.25745 3.41949 13.2223 458.482 131.759 84.2695 151.871 0.22342 93.2483 90.3506 68.5018 17.6404 68.1366 4.43087 82.4706 35.6832 0.0320188 125.942 75.1316 85.0267 
378.183 649.21 22.1628 364.223 79.8652 246.313 898.466 2.44359 0 242.466 805.153 325.389 106.258 0.43915 198.81 48.2311 270.729 85.0316 138.033 96.2989 148.114 69.0919 7.761 93.9185 371.346 98.5404 46.3512 87.4092 
94.9901 53.1155 57.6263 13.7306 23.9139 171.856 446.924 218.843 287.475 0 603.976 176.633 167.519 34.2411 86.3235 71.9107 0.0173768 11.2776 122.451 12.1276 54.0021 2.65309 60.6283 49.9568 57.5591 23.7588 0.927137 49.7107 
186.909 194.269 181.274 147.281 44.2318 170.53 466.618 5.21923 874.117 583.206 0 398.003 250.899 196.851 113.243 37.1107 2.75362 120.718 0.000631268 8.45023 60.28 20.3378 130.062 11.3394 81.6519 162.2 32.3206 77.276 
165.102 211.558 130.488 13.6208 156.394 18.7794 269.173 1021.71 385.233 0.215185 9.17693 0 149.515 90.4636 123.068 354.3 32.2197 142.73 70.6653 96.0543 140.553 7.81993 3.0204 183.508 32.2729 85.6378 48.2481 75.8525 
9.99962 76.1999 0.00266174 15.74 16.9687 151.04 219.123 6.47168 189.302 104.223 139.628 158.733 0 59.949 72.7046 80.16 37.8894 37.8497 12.3485 5.55974 13.8917 13.1155 86.2757 46.9651 40.3331 3.53623 0.220838 24.0863 
0.234462 67.5829 0.0283697 0.0755345 0.874658 0.105649 92.903 123.84 18.909 16.3882 210.656 59.1241 156.371 0 0.191529 9.16918 12.0134 46.0038 0.179288 0.0661589 1.40495 4.13324 1.76177 10.0847 13.718 3.84715 9.00087 8.35916 
26.5778 0.00114745 21.8169 36.966 35.594 1.95064 18.5458 1.06258 105.419 56.407 188.999 272.36 119.267 42.1824 0 48.0176 8.09797 66.2286 34.6523 6.04715 11.3064 2.93105 25.0831 11.9315 14.8911 2.51079 19.7038 0.0469613 
67.1446 71.1729 0.0200167 0.195662 74.2058 0.06261 17.8859 1.30373 119.422 12.1711 45.1376 477.717 17.5657 15.8928 14.337 0 0.0514675 47.9384 13.8817 9.68197 23.4323 0.298235 8.79799 9.89243 25.4841 23.0652 17.971 5.17857 
247.701 368.358 9.9115 300.405 103.843 268.361 108.384 14.3223 338.114 35.096 25.6356 27.6375 5.26606 0.801281 8.25396 0.680188 0 243.613 273.708 14.351 68.4527 20.4175 15.9651 10.5568 246.762 23.631 22.208 24.396 
223.55 122.528 86.182 26.1038 15.0848 31.5093 134.56 173.488 146.155 132.628 14.8367 118.509 12.9505 33.512 0.857558 0.238223 282.461 0 47.1643 41.0385 87.0712 18.243 6.17195 0.38496 43.8488 15.5594 40.6878 43.3904 
74.007 172.06 30.1861 10.1691 96.257 42.5547 1.28248 115.89 73.6203 120.354 2.4099 44.9507 44.592 8.13819 13.2519 30.6083 6.92532 148.345 0 36.5512 56.762 24.961 20.9707 4.72788 8.75954 10.4135 3.31296 0.506455 
86.6588 120.573 0.253715 44.7851 0.0178677 23.9009 82.8219 66.7277 4.91463 19.4184 0.182086 42.1077 4.54791 2.55998 3.70494 2.7299 30.1756 14.6355 17.4431 0 2.09812 6.29415 1.9727 0.178523 7.81529 9.65291 4.38767 1.88441 
243.904 157.279 125.381 112.995 65.4333 6.05059 19.6536 201.097 0.0378541 79.0796 76.1911 29.8752 66.7956 39.8887 13.3391 39.9799 22.8952 11.4963 34.9628 151.709 0 27.2275 35.0472 47.9619 31.0197 4.80237 1.10015 9.24456 
32.2392 0.0495306 7.8832 16.7271 26.0177 14.4801 4.06568 10.3541 18.7367 48.3573 8.30256 37.8265 6.89577 0.234208 17.5384 11.8339 2.61685 40.3141 25.4023 3.46899 32.3203 0 13.8515 3.43227 2.9827 0.626928 9.55888 9.771 
46.769 8.21673 2.65385 14.2182 2.16672 0.253199 14.7816 76.8949 1.24062 49.0285 117.28 41.9706 41.0721 0.373797 25.265 3.95164 8.08811 18.919 17.5417 0.261793 1.47901 0.378764 0 18.7133 22.0585 7.98693 11.5559 7.77505 
27.1004 59.5435 12.4625 26.1265 0.270418 12.5901 3.9319 131.233 4.58253 9.6797 9.49339 185.976 69.9987 6.78483 25.8037 25.6564 15.5612 42.5473 22.3658 5.36911 9.17615 4.25203 16.4536 0 7.48322 11.4228 18.9232 7.00192 
269.112 244.488 22.0285 283.085 47.6437 244.65 72.9401 142.607 248.6 71.0175 109.982 750.303 55.029 1.29084 0.903205 4.32851 248.284 12.2963 18.0309 2.708 1.80307 39.665 14.9291 44.4982 0 85.1892 34.1816 8.29794 
3.24771 0.0252029 21.7327 5.92589 3.40337 3.37923 29.0393 0.932018 98.6356 8.16531 41.1182 197.216 3.88672 11.8562 1.09084 15.5776 3.69236 7.79814 30.5022 3.46626 2.33689 7.70335 9.24944 15.0447 29.0531 0 5.68314 1.7743 
4.85494 44.0536 2.12386 23.4986 49.1326 19.0214 59.7421 24.3185 18.9217 23.7073 85.3566 118.551 15.4389 9.59165 19.62 7.43882 21.1486 37.5975 24.1318 0.479361 16.0689 1.68739 9.89069 1.73259 27.4359 36.1887 0 53.1945 
0.0894685 2.49495 20.5771 5.66505 1.93858 0.200892 60.5525 75.6286 96.2861 51.8981 1.2842 2.4387 11.5552 11.9629 6.49921 2.89102 24.2928 50.1993 0.0124589 8.9251 14.1417 1.83961 1.36171 14.2747 13.999 20.7123 80.1941 0 
