0 178.207 99.0724 119.136 130.196 183.165 69.152 18.129 142.869 4.22432 47.639 225.79 108.239 3.08025 28.8729 43.2082 199.414 202.226 74.548 156.404 242.785 21.2517 34.3076 55.0745 119.282 2.16092 0.892592 60.3052 
147.348 0 295.333 383.737 493.315 353.791 26.0601 261.153 128.67 234.094 163.625 221.785 133.913 70.4327 3.46346 10.6883 150.344 591.06 4.02281 0.418022 148.606 28.4795 10.4704 61.7399 163.442 73.1859 52.0441 32.0771 
116.543 293.314 0 5.57634 68.1824 5.24832 169.791 7.6523 455.765 42.9032 120.468 12.0424 48.7637 13.7237 25.1389 24.7417 55.3182 162.955 55.1541 5.58434 93.5247 12.5784 2.07745 8.52014 9.78688 26.4449 6.58689 17.2949 
456.21 381.546 169.914 0 18.9529 157.608 11.1965 1031.86 197.286 55.6997 33.9629 225.249 20.4129 9.19025 0.487874 19.9007 120.173 137.842 17.5927 5.75219 593.964 13.5633 12.8653 21.0796 159.817 7.49903 17.0455 11.5629 
119.748 312.264 172.69 17.116 0 129.405 419.944 215.357 342.457 8.95548 242.43 129.201 172.114 63.445 29.3684 2.16378 147.889 235.424 232.972 0.228911 93.5596 44.5417 15.7481 18.3873 0.301122 69.9214 8.28027 41.246 
220.626 214.597 63.2568 141.433 699.993 0 1088.92 181.442 127.683 993.339 159.999 158.852 291.857 21.9505 0.668783 26.1607 171.256 0.196991 59.3114 24.2022 36.6186 18.1213 2.40098 3.56324 125.14 26.8434 5.11642 14.4835 
114.623 510.269 3.00185 160.196 297.372 600.26 0 161.951 723.228 387.45 105.431 270.125 77.2137 59.2224 21.3585 3.40425 4.32092 8.34556 128.547 36.261 72.9115 48.8233 37.2137 49.9122 91.1914 51.2234 58.3823 13.0924 
131.832 69.3261 0.10927 28.7052 169.561 16.2475 234.274 0 0.059728 4.75316 9.39445 543.26 130.356 86.624 147.993 0.0254233 92.6796 87.4292 70.0109 16.1872 71.9506 4.76948 81.152 38.3067 0.03965 133.883 76.3322 82.511 
246.353 526.131 10.8302 225.476 70.7071 126.803 752.771 0.0391866 0 256.706 862.55 314.861 102.056 0.418871 210.136 51.5199 146.662 80.8906 136.294 95.2699 145.43 68.9267 6.90728 93.1481 246.414 95.7821 45.4857 88.3109 
92.0802 47.7212 60.4094 12.3129 30.7834 126.408 464.774 217.22 274.203 0 604.018 182.034 181.965 36.0311 90.0902 70.2296 0.063705 12.6088 122.826 11.5138 52.8125 2.31201 60.6048 50.634 58.4169 22.546 0.800882 49.2219 
185.462 199.868 174.101 152.039 39.7876 180.239 457.362 8.17652 915.998 594.569 0 379.384 249.311 200.472 135.324 31.4771 3.11032 123.067 0.0198272 7.79512 62.3247 19.5388 130.918 12.8365 78.672 160.853 31.3315 78.8354 
160.691 209.497 135.008 9.98771 154.429 16.6316 272.267 1029.74 390.223 0.721418 4.37032 0 150.704 94.8109 133.851 386.453 31.3824 141.734 69.6161 95.8006 138.563 8.35367 2.29103 181.835 50.6229 67.3766 50.2266 71.5226 
9.1832 73.6954 0.00677574 16.5791 19.1435 157.945 219.199 5.6068 191.49 117.876 133.219 158.352 0 53.9129 69.5956 79.3987 37.2446 36.6312 11.5553 5.26711 13.3345 14.4766 87.2028 45.809 40.9297 3.20671 0.271505 23.6511 
0.325569 68.0122 0.056294 0.041472 0.673794 0.0588676 93.5993 123.093 21.0954 17.8492 212.006 63.3428 156.208 0 1.10885 8.3898 12.1934 46.3899 0.227142 0.0560821 1.25492 4.3229 2.20651 10.1842 13.9291 4.06397 9.0939 8.21802 
27.5427 0.0401059 21.1113 36.6055 34.0716 2.37078 16.2237 1.93905 112.591 52.4999 212.992 270.393 119.309 46.5656 0 40.5363 7.85518 66.5454 34.3766 6.17241 11.8292 3.12386 25.1991 11.0993 15.5185 2.12801 19.7441 0.0204335 
66.1347 72.1315 0.00196619 0.352962 74.399 0.0246274 16.4071 3.13777 116.492 10.8386 51.5827 461.39 16.2067 15.2739 20.2272 0 0.0331644 47.3472 14.1948 9.67824 22.6446 0.350092 9.10685 11.2149 24.7682 24.0335 17.8582 5.53962 
122.969 240.688 10.5983 174.847 100.906 143.915 108.73 15.1207 211.689 36.1895 24.7238 26.8316 5.62893 0.735028 8.50056 0.754998 0 251.101 574.271 13.9725 68.4402 20.4725 15.8623 10.4016 121.333 23.4707 22.1794 24.4063 
226.112 122.24 90.6622 23.6403 17.898 33.7002 129.135 174.644 150.153 134.023 13.4082 116.8 12.1264 34.0528 0.682941 0.333572 279.263 0 49.9356 39.6322 85.5931 18.5637 6.44829 0.310004 44.379 14.9764 40.8813 43.7109 
72.1432 171.615 29.101 10.89 107.499 40.3814 1.93328 116.107 70.908 119.57 1.92618 46.0877 43.4481 7.88389 13.6817 30.6127 3.29398 147.607 0 36.5368 57.3767 25.0155 20.8536 4.56827 9.00764 10.6905 3.20093 0.56502 
77.1013 123.155 0.154604 44.1282 0.0924042 23.7982 81.7055 68.773 5.65479 18.7049 0.093653 43.5034 4.2802 2.51508 3.82183 2.8365 30.4161 13.5983 17.0011 0 7.18215 6.30456 2.00739 0.199375 7.96162 9.53969 4.47147 1.9632 
243.629 155.021 126.018 118.896 63.5984 5.49355 21.1779 202.464 0.187682 78.1097 78.2679 31.9221 66.2775 39.6042 12.7926 40.7646 23.5223 12.4483 35.7102 174.288 0 27.3893 35.2792 47.9536 30.334 4.39695 0.991425 8.86846 
31.9752 0.0241603 7.7737 16.7029 26.6023 14.7095 4.42431 10.843 19.3812 47.6489 8.87527 38.6951 7.93395 0.18111 17.5249 11.7996 2.52246 40.1743 25.4154 3.42518 32.2653 0 14.0714 3.20877 3.00099 0.675685 9.65309 9.81323 
46.8383 8.66991 2.78865 13.9998 1.93339 0.310591 15.6192 78.306 1.62906 48.2728 115.382 39.5852 43.2137 0.614877 25.2129 3.63595 7.95284 19.3127 17.37 0.245105 1.34862 0.265273 0 19.4816 22.3509 8.11683 11.673 7.67886 
27.8088 59.8151 12.6348 26.0071 0.193387 12.375 3.49855 129.835 3.95775 10.3523 8.19543 184.916 70.1234 7.08514 26.2478 26.5161 15.6967 42.2544 22.465 5.41318 9.56305 4.01226 15.2733 0 8.69576 11.121 18.8401 7.1952 
144.793 119.266 21.649 158.253 48.3459 119.275 71.7712 147.169 124.152 71.1893 107.369 1139.72 54.8515 1.14347 1.12486 0.981859 122.825 11.8117 18.3007 2.59164 2.04338 55.1792 15.7807 46.4535 0 66.3595 65.5039 22.0524 
3.7567 0.0863385 22.1346 5.29473 3.79245 3.09928 27.4597 0.19706 95.8784 8.9985 44.6422 220.422 3.54201 11.9876 0.838527 16.6521 3.53536 7.35479 30.5418 3.34002 2.05125 7.61042 9.34505 15.2323 29.6135 0 5.06482 0.977454 
4.57777 43.6607 2.24904 23.7147 49.1451 19.109 59.8748 23.1353 18.1814 23.2337 85.5449 119.063 15.1253 9.6743 19.5649 7.18824 21.2127 37.3485 24.0985 0.445087 15.7253 1.76142 10.0394 1.90676 25.8371 36.548 0 48.5305 
0.0438642 2.22723 20.722 5.31289 1.74266 0.154597 59.8423 73.051 96.7677 51.4745 1.67829 3.56986 11.9382 11.9553 6.1819 3.18023 24.3168 50.3237 0.0231138 8.83647 14.5845 1.77769 1.43957 14.3157 13.6783 23.3457 83.2425 0 
