0 24.9323 114.82 5.10632 144.693 58.1727 56.9851 11.0282 31.3589 6.24058 41.9825 227.449 107.648 2.54351 27.0285 45.7334 82.8905 209.736 71.002 122.462 243.851 20.6307 35.1213 54.4718 0.462498 2.99331 0.669952 59.992 
64.0662 0 224.071 283.468 461.289 236.983 53.3071 251.413 2.95856 238.008 151.749 222.891 130.946 69.9692 4.71087 12.4183 26.7738 73.563 6.55837 1.52612 143.635 27.5653 11.4253 61.5612 46.3351 74.68 52.4254 33.4338 
132.04 359.447 0 11.0388 79.2994 3.24362 150.633 2.4117 471.045 37.8479 105.033 17.058 46.6856 14.1227 26.3315 24.5822 55.0028 161.903 56.364 4.7219 98.4459 12.5959 2.31346 8.11079 8.97836 26.7839 6.2331 16.8396 
321.303 281.687 52.9979 0 14.2289 35.2627 17.3367 566.209 102.151 59.8055 26.6913 213.213 18.7123 9.83186 0.835846 18.0176 0.725083 134.766 19.2617 4.32463 365.928 13.7754 12.4218 21.7049 39.9979 8.89926 16.4748 10.713 
134.225 259.08 178.412 22.2067 0 172.11 403.93 218.103 349.263 18.2428 236.079 134.029 169.338 62.3214 26.6323 1.55187 149.991 235.303 250.869 0.642316 96.689 43.6092 16.8217 19.471 0.137029 70.2405 8.85782 40.2948 
96.3881 112.686 61.2078 19.3227 220.473 0 889.219 189.574 30.6951 998.567 140.875 158.743 372.237 21.9027 1.19649 25.7577 53.0773 0.000373124 63.1857 24.2758 34.6129 17.8041 2.1117 3.21702 5.45972 27.124 4.80622 14.9653 
100.558 487.509 8.90439 169.639 263.066 805.861 0 190.016 993.503 337.155 140.077 263.541 67.4906 55.8026 26.3896 2.18637 3.22826 4.92811 123.604 33.2397 68.7602 47.6737 39.1645 48.182 90.6516 54.5445 57.9337 14.4588 
115.325 82.0646 2.40959 72.5817 162.25 23.0633 205.996 0 8.03385 7.87334 3.89083 700.345 127.556 90.9919 140.2 1.84709 91.5393 81.89 72.8544 13.5728 79.3252 5.44448 78.5613 43.4437 0.840557 148.725 78.5571 77.6739 
114.93 408.352 0.318371 82.1381 54.5067 29.053 467.964 5.73292 0 282.663 1721.81 293.595 94.0823 0.901571 251.699 57.905 29.9989 73.1479 132.793 93.1968 140.161 68.5728 5.41357 91.5717 127.829 90.4279 43.834 89.9395 
86.5004 38.0939 65.6707 9.80715 45.9166 59.8011 490.829 213.561 247.732 0 592.12 191.893 208.985 39.4597 97.0098 66.9091 0.231691 15.3208 123.287 10.3806 50.5474 1.72638 60.4786 51.8697 59.9876 20.2945 0.586092 48.2589 
182.394 210.086 159.828 160.684 31.8882 197.99 435.445 15.5566 946.685 604.418 0 341.84 245.437 206.169 179.628 21.882 3.84557 127.434 0.207868 6.61638 66.2346 18.0508 132.227 15.9048 72.9873 157.792 29.471 81.7335 
152.084 205.161 143.272 4.59414 150.516 12.8737 277.226 1006.62 397.525 2.49692 0.089032 0 152.765 102.973 154.332 438.471 29.8051 139.713 67.596 95.2085 134.635 9.41002 1.17892 177.852 83.4607 37.7958 54.0151 63.4186 
7.71995 68.9415 0.113315 18.2149 23.5882 174.195 218.598 4.12872 195.237 144.735 121.013 157.41 0 42.9064 63.619 77.7866 36.0141 34.3426 10.1102 4.73007 12.3011 17.2089 88.7084 43.5778 42.0425 2.62255 0.382066 22.8233 
0.539489 68.7583 0.135282 0.00466079 0.363764 0.00737243 94.7437 121.412 25.5361 20.7468 213.253 71.5 154.519 0 4.8456 6.9363 12.5347 47.0998 0.3335 0.039207 0.992573 4.68702 3.14035 10.3215 14.3119 4.48454 9.26662 7.94591 
29.393 0.266444 19.7512 35.8591 31.2213 3.27368 12.192 4.31346 126.217 45.2274 257.962 264.38 118.924 53.7557 0 26.82 7.40047 67.096 33.83 6.41004 12.8462 3.50325 25.2681 9.55021 16.7105 1.4826 19.8059 7.665e-06 
64.1382 73.8717 0.0196737 0.777106 74.6876 0.000416944 13.743 8.75756 110.696 8.49461 64.6262 417.61 13.7423 14.0003 33.1562 0 0.00941679 46.2004 14.7906 9.66329 21.1647 0.459649 9.66899 13.8014 23.3652 25.7802 17.6268 6.24752 
5.11138 116.93 11.9507 55.2381 95.2245 26.4883 109.264 16.686 90.4288 38.2774 23.0216 25.3191 6.34827 0.616774 8.97507 0.907535 0 263.617 252.472 13.2576 68.3812 20.5719 15.6635 10.1069 2.03893 23.1584 22.1202 24.419 
230.24 130.903 99.0868 19.2376 23.8413 37.9856 118.767 176.6 157.576 136.487 10.878 113.474 10.6263 35.0715 0.405457 0.558523 271.088 0 55.3046 36.9732 82.7411 19.1745 6.98711 0.189808 45.3696 13.8898 41.2377 44.3046 
68.5617 170.29 27.0464 12.3125 129.536 36.2871 3.52995 116.409 65.779 117.845 1.15453 48.2536 41.274 7.40749 14.5066 30.6033 0.492417 145.896 0 36.4799 58.5198 25.1099 20.6233 4.27085 9.48468 11.2212 2.99258 0.684906 
59.8833 127.665 0.033401 42.7377 0.393517 23.5723 79.4708 72.6216 7.19479 17.3685 0.00586668 46.1652 3.79164 2.42967 4.04647 3.04224 30.8542 11.7148 16.1636 0 24.8089 6.32271 2.07335 0.242054 8.23829 9.31938 4.63141 2.11634 
242.111 150.478 126.841 130.952 60.1187 4.50422 24.2014 204.651 0.785344 76.222 82.2047 35.9519 65.2667 39.0454 11.7771 42.2379 24.7245 14.3488 37.1308 216.43 0 27.6913 35.7069 47.9105 29.0317 3.67263 0.800138 8.17111 
31.465 0.000776877 7.56436 16.6504 27.7148 15.1375 5.14405 11.7967 20.6237 46.2655 10.009 40.3447 10.0851 0.0987708 17.4789 11.723 2.34725 39.8964 25.4309 3.34185 32.1533 0 14.4407 2.79912 3.06056 0.772986 9.82949 9.89042 
46.9424 9.55834 3.05121 13.5776 1.52558 0.435402 17.2558 80.9072 2.50956 46.7892 111.539 35.1623 47.2939 1.2208 24.9632 3.05867 7.69678 20.063 17.0391 0.214825 1.11693 0.104587 0 20.4956 22.8407 8.35641 11.8871 7.49256 
29.1565 60.2871 12.9522 25.7465 0.0824519 11.9603 2.74172 126.878 2.89242 11.6787 5.97715 182.068 70.2436 7.63523 26.9687 27.855 15.951 41.6813 22.6454 5.49458 10.3145 3.56862 12.8153 0 11.2276 10.5365 18.658 7.56238 
27.6231 0.430187 20.9071 40.0175 49.6586 0.103212 69.4823 155.417 6.9199 71.4243 102.248 391.965 54.472 0.88648 1.60987 1.9923 3.47214 10.9115 18.8108 2.37604 2.53977 81.4921 17.3987 49.9957 0 26.513 168.531 94.8926 
4.81995 0.302756 22.8674 4.1818 4.58602 2.59694 24.536 0.300103 90.5267 10.6765 51.5803 263.488 2.92835 12.2175 0.448628 18.6875 3.24511 6.54363 30.602 3.10424 1.55837 7.43168 9.51646 15.56 30.6357 0 3.97485 0.109979 
4.07166 42.8996 2.49544 24.1119 49.1508 19.2668 60.094 20.9452 16.8041 22.3347 85.8365 119.855 14.533 9.82664 19.4458 6.71685 21.3301 36.8666 24.0291 0.383338 15.0773 1.90572 10.3162 2.2579 22.7942 37.1245 0 39.6504 
0.00152008 1.75916 20.9797 4.66937 1.39834 0.0832406 58.4533 68.136 97.5801 50.6314 2.56926 6.2939 12.6767 11.93 5.59337 3.7609 24.3558 50.5393 0.052347 8.66524 15.4369 1.66239 1.59244 14.3797 13.1449 28.5095 87.9825 0 
