0 98.7932 127.936 107.373 156.818 144.9 47.4194 6.37005 130.081 8.22845 37.4227 228.269 107.047 2.12954 25.4943 47.8435 176.625 215.427 67.977 90.9892 243.735 20.1074 35.7927 53.9212 92.4194 3.7947 0.506916 59.6847 
195.389 0 164.689 387.696 428.155 328.601 82.7253 242.412 91.9834 240.32 141.631 223.333 128.267 69.5044 5.90151 13.9577 114.865 18.2972 9.15001 2.98913 139.232 26.7937 12.2535 61.3634 139.64 75.8579 52.7235 34.5749 
144.645 406.635 0 37.918 88.8365 1.91272 133.967 0.275006 472.451 33.7172 92.223 21.8829 44.9078 14.4404 27.2881 24.3961 54.6601 160.333 57.2941 4.04078 102.372 12.6051 2.51978 7.76543 8.31216 27.0215 5.93918 16.4457 
393.987 386.308 53.475 0 10.7309 124.157 23.4347 1239.11 215.298 63.2348 21.1526 202.013 17.3181 10.3766 1.19925 16.4523 92.1343 131.825 20.6995 3.26623 484.406 13.9497 12.0435 22.2088 130.963 10.1472 15.9904 10.0105 
146.428 214.418 182.28 26.9203 0 224.974 386.517 219.95 353.089 28.421 230.096 137.97 166.632 61.3179 24.3924 1.11386 151.427 234.479 264.209 1.15078 99.2582 42.8061 17.7415 20.3949 0.048258 70.4481 9.35592 39.4812 
183.512 218.913 59.1488 108.533 158.434 0 921.455 195.65 150.548 807.501 124.694 158.242 657.954 21.8244 1.75499 25.375 145.43 0.114405 66.3321 24.3051 32.9321 17.5241 1.88047 2.9363 96.6305 27.3239 4.55023 15.3659 
89.0051 461.428 16.1874 176.852 233.186 900.648 0 213.897 1172.51 291.627 171.452 257.129 59.5907 52.8927 30.9394 1.36543 2.42818 2.733 119.227 30.7431 65.2718 46.6823 40.8009 46.6995 90.0757 57.3253 57.5247 15.6488 
101.774 93.2916 6.63001 101.182 155.869 29.6047 182.148 0 24.9414 11.0825 1.09711 819.204 125.067 94.5478 133.254 5.58724 90.5197 77.2507 75.2211 11.5279 85.6406 6.04434 76.2986 47.9039 2.30841 160.824 80.3701 73.5589 
196.305 498.106 3.02987 155.051 42.2283 148.337 253.482 20.7889 0 303.063 1235.58 274.601 87.4062 1.83716 271.791 63.3924 123.741 66.7812 129.655 91.3366 135.563 68.2345 4.28959 90.1332 219.672 85.825 42.4376 91.2224 
81.7674 30.6821 70.0466 7.89751 60.583 28.7863 504.043 209.914 224.516 0 570.344 199.736 230.849 42.3613 102.541 63.9985 0.454168 17.7839 123.419 9.46195 48.6386 1.29776 60.2895 52.8564 61.2473 18.4579 0.430897 47.4143 
179.495 218.212 147.298 167.508 25.8265 212.014 412.955 23.5014 919.742 600.505 0 308.593 241.324 209.711 217.973 15.0287 4.52256 131.004 0.519865 5.69293 69.5458 16.8301 133.002 18.7052 68.1991 154.724 27.9254 84.1021 
144.641 201.098 149.853 1.63852 147.048 10.0522 280.44 949.777 401.393 4.80905 1.47056 0 154.295 109.697 171.294 470.545 28.4923 137.88 65.8696 94.5992 131.187 10.3412 0.524515 173.71 88.8478 18.9515 57.2259 56.7631 
6.57909 64.9547 0.303132 19.6319 27.6327 187.76 217.339 3.05463 197.959 167.832 110.772 156.398 0 34.263 58.5526 76.2664 34.9736 32.4454 8.95865 4.29756 11.4572 19.6479 89.7092 41.6701 42.9571 2.17404 0.48962 22.1257 
0.760806 69.3149 0.227967 0.00209528 0.175949 0.00213642 95.5221 119.738 29.547 23.2988 212.955 78.4636 151.721 0 9.80507 5.76095 12.821 47.6728 0.438616 0.0273169 0.795017 4.99647 3.99012 10.3832 14.6149 4.8462 9.40781 7.71313 
30.9654 0.611263 18.5915 35.1704 28.871 4.13624 9.20568 7.01774 137.566 39.3135 293.84 257.088 118.133 58.2706 0 16.6144 7.02468 67.5065 33.3474 6.6095 13.7259 3.8353 25.1721 8.29067 17.71 1.02544 19.8427 0.0133106 
62.3829 75.2507 0.0873694 1.2595 74.8506 0.0288229 11.6562 15.5807 105.609 6.72146 76.2827 369.993 11.7951 12.8472 45.0054 0 0.000644249 45.2122 15.293 9.6427 19.9378 0.562968 10.1136 16.0039 22.1493 27.14 17.4148 6.86395 
97.9185 204.465 13.1348 146.391 90.3553 119.543 109.587 18.0517 180.187 40.0432 21.6207 24.0658 6.98383 0.525016 9.38039 1.04645 0 272.263 447.504 12.6609 68.2956 20.6505 15.4926 9.85892 93.5237 22.8878 22.0657 24.4229 
232.939 154.491 106.037 15.8324 29.4258 41.7034 110.023 177.998 163.626 138.367 8.93968 110.596 9.43181 35.9192 0.227335 0.792198 262.174 0 59.9141 34.7536 80.2995 19.6901 7.45447 0.111284 46.1861 12.9975 41.5261 44.7886 
65.5147 168.692 25.329 13.561 148.481 32.8962 5.23436 116.55 61.4996 116.158 0.656038 50.0805 39.4461 7.01365 15.2087 30.5773 2.54453 144.148 0 36.4021 59.4564 25.1803 20.4219 4.02649 9.89167 11.6723 2.82183 0.794569 
46.6563 131.033 2.80092e-05 41.43 0.808262 23.3512 77.4797 75.8154 8.62409 16.2647 0.0136047 48.4123 3.40105 2.35773 4.23799 3.2185 31.2034 10.2215 15.4617 0 47.0005 6.33634 2.12888 0.281072 8.46959 9.12888 4.76671 2.24877 
239.831 146.409 127.136 135.66 57.2004 3.74288 26.8716 206.069 1.605 74.5893 85.5037 39.4788 64.3894 38.5568 10.9464 43.4583 25.7469 16.0396 38.3262 249.44 0 27.9402 36.0534 47.8465 27.9367 3.11023 0.654659 7.60189 
31.0272 0.00632908 7.38694 16.5995 28.6526 15.4897 5.78824 12.6244 21.6873 45.0651 11.0084 41.7311 12.0694 0.0485209 17.4195 11.647 2.20399 39.6501 25.4345 3.27159 32.0513 0 14.7003 2.47069 3.13636 0.859582 9.97532 9.9523 
47.002 10.333 3.27847 13.2151 1.21863 0.556312 18.677 83.0108 3.39377 45.4943 108.078 31.565 50.7207 1.86353 24.6021 2.59915 7.48223 20.6973 16.7559 0.190791 0.938297 0.0260454 0 20.8587 23.1838 8.55027 12.0583 7.33232 
30.291 60.6392 13.2086 25.4934 0.0251298 11.6054 2.17329 124.093 2.12124 12.8425 4.36869 178.842 70.2262 8.07318 27.4454 28.6576 16.1618 41.1822 22.7888 5.56071 10.9632 3.20855 10.6223 0 13.5586 10.035 18.4805 7.87095 
120.91 92.3702 20.2629 132.316 50.7409 91.7144 67.4906 161.882 100.34 71.5289 97.7975 1139.3 54.11 0.694112 2.08148 10.0093 94.9066 10.175 19.2374 2.20026 2.99772 90.6518 18.7511 52.2723 0 11.5841 165.344 131.309 
5.81068 0.586511 23.4512 3.33676 5.30839 2.20502 22.1607 1.90816 85.9259 12.1818 57.6327 297.431 2.45449 12.3902 0.213119 20.3754 3.00908 5.89313 30.6372 2.91013 1.19456 7.27911 9.65001 15.8061 31.4483 0 3.14837 0.049996 
3.66653 42.2443 2.71136 24.432 49.1373 19.3905 60.245 19.1638 15.6753 21.5793 86.0144 120.338 14.0381 9.94998 19.3309 6.32546 21.4247 36.4518 23.9647 0.334788 14.5368 2.03086 10.543 2.57337 20.2526 37.4995 0 32.3534 
0.0109333 1.40671 21.1787 4.15455 1.13708 0.0401067 57.2452 63.994 98.1586 49.8838 3.46223 9.15679 13.3091 11.8979 5.11356 4.27985 24.3817 50.6996 0.0860806 8.51829 16.1652 1.56774 1.726 14.4192 12.7713 32.9334 90.8008 0 
