0 200.899 135.171 223.157 163.566 249.555 42.3436 4.29825 241.713 9.46025 34.9459 228.498 106.667 1.91217 24.6399 49.0213 285.16 218.359 66.263 74.1606 243.262 19.8131 36.1644 53.5945 200.018 4.28501 0.425097 59.4945 
328.334 0 133.106 500.727 407.412 435.192 101.555 237.053 199.103 241.218 135.916 223.385 126.691 69.2133 6.62618 14.8552 220.35 714.178 10.7857 4.02108 136.674 26.3592 12.7285 61.2331 247.957 76.4871 52.8818 35.2157 
151.477 428.486 0 60.5142 94.2324 1.31366 124.499 0.00305772 468.581 31.4547 85.1542 24.8246 43.8986 14.6114 27.8053 24.271 54.4367 159.181 57.7806 3.67706 104.484 12.6079 2.63872 7.57119 7.94398 27.1355 5.77558 16.2201 
488.699 499.574 83.3456 0 8.96541 230.003 27.2138 758.617 335.155 65.1466 18.2885 195.336 16.5503 10.6843 1.43147 15.5835 199.418 130.037 21.5198 2.73157 567.524 14.0459 11.8291 22.4827 237.944 10.8744 15.7167 9.62135 
153.255 189.86 184.056 29.7312 0 258.655 375.275 220.798 354.458 35.0359 226.487 140.132 164.967 60.7312 23.161 0.898875 152.099 233.727 270.929 1.50062 100.675 42.3475 18.2647 20.9187 0.0182232 70.5401 9.64071 39.0189 
288.295 334.464 57.8658 214.604 832.956 0 1341.83 198.736 277.2 620.053 115.652 157.796 141.545 21.7652 2.11379 25.1429 253.193 0.290767 68.048 24.3084 31.9912 17.3615 1.75552 2.78294 203.763 27.4216 4.40842 15.5889 
82.6616 444.265 21.1622 180.583 216.214 915.121 0 227.298 1243.36 265.362 189.745 253.19 55.2819 51.2481 33.6133 0.987212 2.02705 1.77775 116.686 29.3608 63.3162 46.1155 41.7174 45.8563 89.7036 58.8793 57.2822 16.3332 
94.3402 99.7764 9.8971 107.807 152.2 33.5832 168.849 0 38.3675 13.1148 0.276487 877.277 123.617 96.4927 129.213 8.55549 89.9229 74.656 76.5394 10.4431 89.2261 6.39415 74.9959 50.4582 3.44885 167.41 81.3642 71.2337 
297.992 603.237 9.18145 252.726 35.9199 274.708 155.129 33.2226 0 313.827 1758.6 263.56 83.6778 2.57466 266.571 66.5115 232.33 63.2712 127.816 90.2459 132.919 68.0281 3.7123 89.2808 327.082 83.207 41.6506 91.9073 
79.0984 26.8157 72.4755 6.90721 69.5213 22.3112 507.771 207.642 211.227 0 553.674 203.944 242.618 43.9935 105.514 62.3211 0.611691 19.239 123.391 8.96015 47.5655 1.08293 60.1501 53.3887 61.9291 17.451 0.35398 46.9263 
177.741 222.572 140.104 171.143 22.6677 219.451 398.853 28.6375 888.753 593.432 0 289.469 238.68 211.181 239.412 11.7012 4.92614 132.965 0.756825 5.20188 71.4133 16.1571 133.305 20.3631 65.5136 152.808 27.0657 85.4033 
140.391 198.652 153.383 0.628271 145.031 8.60847 281.853 904.234 402.634 6.43275 4.2469 0 155.071 113.401 180.611 483.092 27.7607 136.799 64.8894 94.2125 129.194 10.8813 0.27094 171.078 80.0356 11.0647 59.0365 53.1043 
5.97497 62.7234 0.449935 20.4437 30.0219 193.993 216.331 2.52008 199.312 180.836 105.055 155.741 0 29.7101 55.7035 75.3486 34.3871 31.3916 8.33795 4.06238 10.9935 21.071 90.1624 40.5876 43.462 1.9395 0.555888 21.7334 
0.901733 69.5987 0.290521 0.0120828 0.0998944 0.0145244 95.8843 118.694 31.9038 24.7742 212.245 82.3989 149.611 0 13.2035 5.12744 12.9815 47.9848 0.503965 0.0215652 0.693348 5.17128 4.48231 10.3961 14.7771 5.0522 9.48545 7.58093 
31.8541 0.866804 17.9355 34.7597 27.5716 4.66064 7.69788 8.81471 143.853 36.0936 312.704 252.137 117.502 60.071 0 11.7136 6.81635 67.7158 33.0672 6.72135 14.2296 4.02678 25.0564 7.60488 18.2689 0.804043 19.8573 0.033041 
61.3679 75.9902 0.146559 1.58015 74.9099 0.0643804 10.5486 20.217 102.675 5.80826 83.0529 339.953 10.7549 12.1739 51.7196 0 0.0002228 44.6477 15.5757 9.62793 19.2563 0.625453 10.3506 17.2326 21.4553 27.8543 17.2889 7.21798 
206.011 309.477 13.8178 253.482 87.5902 227.728 109.718 18.8381 286.494 41.0384 20.8463 23.3695 7.35305 0.476572 9.61048 1.12875 0 276.313 175.098 12.3277 68.2332 20.6926 15.3951 9.71957 200.828 22.7326 22.0332 24.4223 
234.138 175.067 109.865 14.0453 32.7869 43.8325 105.119 178.683 166.939 139.344 7.92847 108.948 8.78809 36.3916 0.149559 0.941306 256.395 0 62.5347 33.5152 78.9118 19.9806 7.72269 0.0762473 46.638 12.5052 41.6836 45.0544 
63.7912 167.604 24.3702 14.2824 159.171 31.0198 6.33478 116.584 59.1133 115.118 0.436849 51.1084 38.4204 6.7952 15.6061 30.5554 5.47075 143.043 0 36.3464 59.9723 25.2161 20.3055 3.89158 10.1225 11.9277 2.72769 0.85971 
39.8432 132.745 0.0089333 40.6429 1.10583 23.2146 76.318 77.5883 9.47984 15.6532 0.050769 49.6765 3.18988 2.31727 4.34658 3.31872 31.3918 9.42052 15.0688 0 62.0305 6.34334 2.16009 0.304238 8.5989 9.01982 4.84301 2.32458 
238.153 144.028 127.142 134.215 55.5666 3.34406 28.4207 206.694 2.19228 73.6547 87.3507 41.513 63.8857 38.275 10.4894 44.136 26.3258 17.0257 38.9978 266.374 0 28.078 36.2428 47.7993 27.322 2.8134 0.579162 7.28917 
30.7777 0.019593 7.28673 16.5682 29.1802 15.6843 6.1656 13.0993 22.2921 44.3766 11.5881 42.509 13.2517 0.0279958 17.3779 11.5997 2.12519 39.5068 25.4327 3.23205 31.9909 0 14.8249 2.29307 3.18945 0.910135 10.0562 9.98582 
47.0242 10.7791 3.40862 13.0087 1.06079 0.630588 19.4926 84.1567 3.94761 44.749 106.047 29.5989 52.6366 2.26993 24.34 2.35286 7.362 21.0547 16.5948 0.177871 0.844486 0.00491748 0 20.8579 23.3482 8.65599 12.1508 7.2409 
30.9285 60.8188 13.3483 25.3378 0.00742395 11.4039 1.88168 122.412 1.73884 13.5147 3.57086 176.707 70.1687 8.30767 27.6593 28.9708 16.2789 40.8949 22.866 5.59691 11.3341 3.01197 9.37895 0 14.936 9.75004 18.3711 8.04405 
229.232 199.958 19.8934 240.046 51.3397 199.099 66.3465 165.305 208.81 71.5501 95.2458 512.002 53.8895 0.595808 2.37139 16.7197 202.182 9.76988 19.4761 2.10381 3.27106 88.5376 19.5039 53.0797 0 15.9032 119.506 121.776 
6.40536 0.786656 23.7653 2.90008 5.73599 1.99749 20.8628 3.41734 83.3081 13.0636 61.1068 315.112 2.20552 12.4787 0.118514 21.3072 2.87974 5.54063 30.6508 2.8028 1.01076 7.19252 9.72069 15.932 31.8843 0 2.72208 0.286887 
3.44725 41.8702 2.8361 24.6062 49.1224 19.4565 60.3163 18.1884 15.0533 21.1553 86.0872 120.535 13.7614 10.0173 19.2604 6.10788 21.4761 36.2149 23.926 0.308879 14.2349 2.10267 10.6679 2.75847 18.842 37.6651 0 28.3982 
0.0343346 1.22537 21.2832 3.87635 1.00175 0.0226776 56.5511 61.6693 98.4411 49.4486 4.02088 10.9887 13.6686 11.8755 4.85051 4.58307 24.3935 50.7811 0.108713 8.43458 16.5789 1.51552 1.80301 14.4357 12.5904 35.418 91.8835 0 
