0 164.216 132.773 182.113 161.324 212.405 44.0094 4.94467 202.219 9.0405 35.7642 228.44 106.797 1.98335 24.924 48.6295 246.721 217.403 66.8354 79.6173 243.452 19.9112 36.041 53.7047 161.886 4.11842 0.451572 59.5593 
281.522 0 143.426 460.906 414.48 397.461 95.1105 238.862 161.037 240.951 137.822 223.383 127.222 69.3127 6.38029 14.5536 182.918 579.296 10.2263 3.66057 137.533 26.5041 12.5694 61.2781 209.589 76.2801 52.8298 35.0023 
149.223 421.623 0 52.4735 92.4324 1.5012 127.658 0.0190387 470.241 32.2039 87.4969 23.8262 44.2358 14.555 27.6347 24.3143 54.5136 159.586 57.6214 3.79669 103.788 12.6072 2.59885 7.63592 8.06618 27.0991 5.82997 16.2956 
455.016 459.674 72.4063 0 9.53728 192.458 25.9273 353.417 292.916 64.511 19.2226 197.59 16.8049 10.5817 1.35186 15.8721 161.392 130.643 21.2455 2.90486 247.191 14.014 11.9007 22.3922 200.023 10.6301 15.808 9.75057 
150.983 197.98 183.497 28.782 0 247.278 379.132 220.53 354.065 32.7626 227.709 139.416 165.533 60.9286 23.5691 0.968022 151.886 234.001 268.755 1.37893 100.205 42.5009 18.0898 20.7438 0.0266428 70.5114 9.54545 39.1734 
251.11 293.692 58.3032 176.98 569.822 0 1564.54 197.734 232.47 865.271 118.658 157.958 219.431 21.7862 1.99062 25.2216 215.011 0.223047 67.4807 24.3084 32.3044 17.4161 1.79676 2.83369 165.789 27.3902 4.4555 15.5148 
84.7616 450.171 19.4358 179.366 221.876 913.5 0 222.839 1222.46 274.141 183.606 254.529 56.707 51.7967 32.7135 1.10654 2.15684 2.0737 117.539 29.8197 63.9674 46.3052 41.4122 46.1381 89.8315 58.3622 57.364 16.104 
96.802 97.6025 8.73803 106.426 153.429 32.2337 173.267 0 33.5892 12.4196 0.489579 858.741 124.104 95.8489 130.57 7.49821 90.1237 75.5193 76.101 10.7994 88.0288 6.27661 75.4324 49.6037 3.04381 165.235 81.035 72.0095 
261.827 566.026 6.7665 217.834 37.9723 230.068 185.703 28.7692 0 310.301 1359.51 267.266 84.918 2.31199 269.791 65.47 193.869 64.4352 128.435 90.6127 133.805 68.0981 3.90028 89.5683 289.023 84.0813 41.913 91.682 
79.9887 28.0796 71.6688 7.23048 66.4908 23.5898 506.83 208.416 215.67 0 559.568 202.559 238.744 43.4498 104.535 62.8833 0.55658 18.7485 123.409 9.12622 47.9232 1.15242 60.1992 53.2132 61.704 17.7844 0.378783 47.09 
178.335 221.136 142.511 169.948 23.7001 217.011 403.662 26.8732 899.979 596.173 0 295.867 239.587 210.733 232.295 12.7669 4.78975 132.315 0.672935 5.36321 70.7904 16.3804 133.215 19.8039 66.408 153.462 27.3515 84.9723 
141.812 199.48 152.221 0.912427 145.708 9.07808 281.414 920.423 402.295 5.86595 3.16253 0 154.819 112.174 177.529 479.373 28.0041 137.163 65.2168 94.3449 129.862 10.7 0.34626 171.979 83.8361 13.4681 58.4328 54.3161 
6.17331 63.4657 0.397793 20.1719 29.2166 192.077 216.691 2.69266 198.876 176.508 106.956 155.967 0 31.2006 56.6527 75.6594 34.5827 31.7416 8.54258 4.14013 11.1472 20.5926 90.0202 40.9492 43.2945 2.01624 0.53335 21.8642 
0.853465 69.5064 0.268836 0.00784036 0.122879 0.00917121 95.7697 119.05 31.1105 24.2794 212.525 81.0864 150.356 0 12.0279 5.33612 12.928 47.8816 0.481691 0.0234071 0.726478 5.11297 4.31758 10.3936 14.7237 4.98332 9.4597 7.62509 
31.5576 0.776718 18.1543 34.8984 28.0027 4.48271 8.18648 8.19383 141.766 37.1574 306.54 253.853 117.727 59.5339 0 13.2691 6.88555 67.6478 33.1613 6.68411 14.0609 3.96257 25.0998 7.8315 18.0829 0.874927 19.8529 0.0254854 
61.7083 75.7466 0.125142 1.46935 74.8927 0.0509657 10.9123 18.6098 103.658 6.10582 80.7814 350.178 11.0972 12.4 49.4916 0 2.33706e-06 44.8365 15.4815 9.63311 19.4828 0.604279 10.2727 16.8246 21.6872 27.6205 17.3314 7.09942 
167.713 272.216 13.5888 215.524 88.5137 189.404 109.679 18.5745 248.797 40.7067 21.1032 23.6009 7.22905 0.492465 9.53362 1.10099 0 275.03 222.955 12.4385 68.2551 20.6787 15.4277 9.76602 162.797 22.7846 22.0442 24.4228 
233.764 167.663 108.597 14.6305 31.6491 43.1201 106.752 178.463 165.842 139.025 8.25914 109.5 9.00037 36.2345 0.173677 0.890201 258.38 0 61.6592 33.927 79.3754 19.8837 7.63287 0.087194 46.4879 12.6685 41.6315 44.9663 
64.3664 167.982 24.6892 14.0404 155.61 31.6424 5.95685 116.576 59.9068 115.472 0.505018 50.7657 38.762 6.86777 15.4735 30.5633 4.35667 143.421 0 36.3659 59.8013 25.2044 20.3446 3.93634 10.0454 11.8425 2.75893 0.837721 
42.0593 132.189 0.00375077 40.9093 1.00152 23.2611 76.7085 76.9995 9.19055 15.8563 0.035762 49.255 3.2596 2.33075 4.31033 3.28524 31.3296 9.68428 15.1996 0 56.8351 6.34106 2.14969 0.296419 8.55588 9.05632 4.81756 2.2992 
238.744 144.829 127.153 135.071 56.1105 3.47464 27.9006 206.499 1.98643 73.9675 86.7358 40.8313 64.0544 38.3695 10.6409 43.9108 26.1326 16.6942 38.774 260.883 0 28.0322 36.1801 47.8159 27.5268 2.9108 0.603808 7.39282 
30.8611 0.0143614 7.32016 16.5789 29.0043 15.6198 6.0386 12.9403 22.09 44.6071 11.3935 42.2499 12.8523 0.0342179 17.3924 11.6159 2.15131 39.5549 25.4336 3.24523 32.0113 0 14.7851 2.35169 3.17091 0.893142 10.0293 9.97475 
47.0177 10.6296 3.36505 13.0777 1.1122 0.605332 19.2195 83.7779 3.75852 44.9987 106.731 30.2494 51.9992 2.13125 24.432 2.43395 7.40204 20.9355 16.6487 0.182129 0.875223 0.0101094 0 20.8746 23.2957 8.62102 12.1203 7.27147 
30.7162 60.7604 13.3021 25.3907 0.0121631 11.4712 1.97661 122.981 1.86215 13.2893 3.82821 177.444 70.1917 8.23051 27.5924 28.8777 16.24 40.9911 22.8405 5.58493 11.21 3.077 9.79261 0 14.472 9.84524 18.4083 7.98641 
190.862 161.83 20.0171 201.875 51.141 161.04 66.7297 164.182 170.384 71.5461 96.1 340.128 53.9643 0.627779 2.27282 14.3484 164.161 9.9042 19.3966 2.13576 3.17863 89.8318 19.2538 52.8552 0 13.4198 136.663 127.424 
6.20416 0.71672 23.6618 3.04247 5.5918 2.06561 21.2923 2.86648 84.1827 12.7669 59.9437 309.349 2.28708 12.4499 0.146996 20.9984 2.92257 5.65705 30.6468 2.83841 1.07037 7.22143 9.69749 15.891 31.7407 0 2.86102 0.186347 
3.51966 41.9953 2.79426 24.5486 49.1279 19.4348 60.2936 18.5114 15.2596 21.2965 86.0651 120.475 13.8535 9.99505 19.2843 6.18021 21.4591 36.2941 23.9391 0.317402 14.3353 2.07863 10.6265 2.69619 19.3102 37.6136 0 29.7014 
0.0250868 1.28443 21.249 3.96816 1.04593 0.0279398 56.7836 62.4432 98.3504 49.5948 3.83014 10.3607 13.5484 11.8833 4.93763 4.48113 24.3898 50.7546 0.100875 8.46257 16.4407 1.53285 1.7772 14.4307 12.6483 34.5915 91.5639 0 
