0 264.048 139.128 293.111 167.282 312.628 39.6241 3.32041 308.726 10.1792 33.5986 228.552 106.444 1.79628 24.1683 49.6723 350.365 219.901 65.3078 65.5111 242.873 19.6496 36.369 53.4077 264.724 4.56952 0.382714 59.3835 
407.971 0 116.443 567.971 395.322 499.084 112.645 233.989 263.908 241.591 132.739 223.352 125.795 69.0426 7.04544 15.3634 283.902 109.79 11.7484 4.65837 135.23 26.1178 12.9952 61.155 313.051 76.826 52.9668 35.5713 
155.174 438.939 0 74.9081 97.2312 1.02845 119.237 0.142353 465 30.2189 81.2813 26.5265 43.3354 14.7039 28.0857 24.1951 54.3032 158.458 58.0391 3.48127 105.626 12.6088 2.70569 7.46334 7.74169 27.1928 5.68529 16.0936 
545.673 566.954 101.436 0 8.04919 293.728 29.4158 1097.64 406.74 66.202 16.7785 191.522 16.1291 10.8555 1.56898 15.1052 263.946 129.003 21.9788 2.45396 780.706 14.0988 11.7094 22.6318 302.289 11.2858 15.5642 9.40709 
157.029 176.5 184.916 31.3397 0 277.68 368.61 221.209 354.973 38.9741 224.41 141.315 163.999 60.3984 22.486 0.789257 152.43 233.22 274.402 1.71476 101.452 42.0906 18.5572 21.2108 0.0077328 70.5835 9.80024 38.7606 
351.408 403.545 57.1162 278.467 317.028 0 787.361 200.343 353.424 367.171 110.666 157.498 452.613 21.7277 2.32673 25.0087 317.972 0.42361 68.9832 24.3061 31.4701 17.2697 1.68776 2.69919 268.203 27.4711 4.33033 15.712 
79.1926 434.023 24.1858 182.548 206.781 910.786 0 234.705 1271.82 250.7 200.055 250.902 52.9348 50.333 35.1315 0.803281 1.81955 1.33486 115.251 28.6006 62.2326 45.7981 42.2251 45.3853 89.4819 59.7388 57.1437 16.718 
90.2779 103.425 11.9828 108.384 150.139 35.8822 161.525 0 46.9902 14.3131 0.0556411 906.167 122.796 97.5548 126.931 10.467 89.584 73.2198 77.2675 9.86155 91.2256 6.59231 74.2634 51.8899 4.17906 170.988 81.908 69.9401 
359.432 666.194 14.004 312.193 32.6118 350.787 109.585 41.3137 0 319.559 909.927 257.334 81.6176 3.04938 258.054 68.2521 297.581 61.3459 126.773 89.6266 131.433 67.9085 3.40903 88.7941 391.644 81.7447 41.213 92.2762 
77.6152 24.766 73.8124 6.38382 74.6826 22.1098 508.665 206.313 203.803 0 543.125 206.214 248.956 44.8992 107.118 61.378 0.709254 20.0681 123.343 8.68618 46.9697 0.971852 60.0624 53.6772 62.2994 16.9001 0.314487 46.6512 
176.73 224.924 136.073 173.097 20.9936 223.428 390.607 31.6903 868.647 588.02 0 278.766 237.111 211.832 251.164 10.023 5.15744 134.04 0.907494 4.93807 72.4516 15.7877 133.431 21.3089 64.0257 151.686 26.5911 86.1162 
138.012 197.246 155.287 0.271993 143.891 7.85204 282.514 875.165 403.03 7.43349 6.40463 0 155.475 115.43 185.695 488.233 27.3564 136.182 64.342 93.9841 128.072 11.1863 0.165854 169.525 72.1059 7.57168 60.043 51.1015 
5.65126 61.4882 0.543889 20.899 31.3835 196.765 215.679 2.24494 200.007 188.025 101.897 155.35 0 27.2883 54.1246 74.8196 34.0609 30.8105 8.00176 3.93432 10.7393 21.8765 90.3797 39.984 43.7395 1.81477 0.594503 21.5157 
0.985111 69.7472 0.328478 0.0211845 0.0668644 0.0261755 96.0619 118.084 33.2427 25.6053 211.684 84.5866 148.277 0 15.2498 4.7857 13.0705 48.1549 0.542194 0.0186615 0.639816 5.2685 4.75764 10.3964 14.8645 5.16732 9.52802 7.50709 
32.349 1.02778 17.5704 34.5245 26.8573 4.96375 6.91536 9.89657 147.305 34.3417 322.67 249.133 117.094 60.8224 0 9.30732 6.70152 67.8254 32.9089 6.78337 14.5119 4.13459 24.9731 7.23198 18.578 0.69238 19.8635 0.047808 
60.7959 76.3895 0.185971 1.77332 74.9328 0.0902089 9.95446 23.0307 101.026 5.32784 86.868 322.508 10.1948 11.7939 55.3924 0 0.00139289 44.3316 15.7328 9.61873 18.8807 0.661494 10.478 17.9077 21.0673 28.2342 17.2169 7.4167 
270.996 372.717 14.2023 317.888 86.0482 292.75 109.775 19.2808 350.465 41.5915 20.4205 22.9855 7.56172 0.450653 9.73895 1.17576 0 278.301 257.493 12.1434 68.194 20.7153 15.3405 9.64222 265.361 22.6454 22.0145 24.4212 
234.704 188.494 111.963 13.0937 34.7195 45.0256 102.403 179.031 168.749 139.862 7.39157 108.025 8.43956 36.6526 0.113345 1.0296 252.958 0 63.9975 32.8308 78.1367 20.1421 7.87335 0.0596341 46.8866 12.2347 41.7696 45.1999 
62.8314 166.94 23.8404 14.689 165.094 29.9886 6.98957 116.589 57.7961 114.513 0.334237 51.6793 37.8516 6.67486 15.8277 30.5411 7.62829 142.392 0 36.3117 60.2555 25.2348 20.24 3.81743 10.2514 12.0699 2.67601 0.896971 
36.2758 133.638 0.0224922 40.1904 1.29109 23.135 75.6605 78.5653 9.97095 15.3166 0.0816206 50.3784 3.07529 2.2948 4.40716 3.37474 31.4939 8.98787 14.8511 0 71.0709 6.34702 2.17742 0.317482 8.67047 8.95866 4.88545 2.36712 
237.1 142.679 127.095 131.928 54.6616 3.13176 29.2952 206.987 2.55741 73.1305 88.3731 42.6581 63.6027 38.1163 10.2389 44.5095 26.6483 17.5842 39.3705 275.151 0 28.1538 36.3462 47.7697 26.981 2.65464 0.539182 7.11782 
30.638 0.0301179 7.23096 16.5501 29.4731 15.7913 6.37982 13.3661 22.63 43.9903 11.9155 42.9404 13.9281 0.0190092 17.3522 11.572 2.08193 39.4256 25.4306 3.21008 31.9564 0 14.8874 2.19671 3.22221 0.938795 10.1008 10.004 
47.033 11.0301 3.48161 12.8933 0.977732 0.673789 19.9504 84.7812 4.27254 44.33 104.894 28.5256 53.6959 2.50769 24.1765 2.22009 7.29538 21.2533 16.5048 0.170879 0.794463 0.000376205 0 20.7933 23.4304 8.71364 12.2011 7.18974 
31.2822 60.9128 13.4245 25.2472 0.00211152 11.2913 1.7285 121.445 1.54253 13.8935 3.16148 175.423 70.1219 8.43384 27.7609 29.1006 16.3436 40.7334 22.9078 5.61671 11.542 2.90473 8.69345 0 15.7185 9.59094 18.3073 8.14003 
294.332 264.657 19.6861 304.806 51.6693 263.68 65.7039 167.136 274.015 71.5502 93.815 1135.21 53.7618 0.54432 2.53992 20.9011 266.7 9.54757 19.6082 2.05098 3.42773 85.1426 19.9188 53.3475 0 22.186 90.3885 107.702 
6.74712 0.910408 23.9353 2.6698 5.98008 1.88627 20.1542 4.44135 81.8464 13.5641 63.0556 324.4 2.07268 12.5252 0.077827 21.8177 2.80897 5.34904 30.6564 2.7438 0.91519 7.14416 9.75855 15.9981 32.1194 0 2.49765 0.5022 
3.32817 41.6606 2.90639 24.701 49.1118 19.492 60.3517 17.6551 14.7121 20.9201 86.1191 120.621 13.6081 10.0541 19.2195 5.98786 21.5041 36.0822 23.9038 0.294923 14.0679 2.143 10.7364 2.86362 18.0665 37.7429 0 26.263 
0.0529629 1.12992 21.339 3.72539 0.930206 0.0151243 56.1611 60.3804 98.5845 49.2023 4.34852 12.0736 13.8695 11.8616 4.70658 4.75486 24.3992 50.8237 0.122421 8.38775 16.8099 1.48682 1.84637 14.4431 12.4987 36.7894 92.324 0 
