0 448.628 162.274 505.84 189.627 472.933 24.5194 0.0673586 494.34 15.1712 25.7315 227.729 104.858 1.15654 21.2981 53.6445 523.471 228.023 59.3531 30.5548 238.47 18.6372 37.6063 52.1689 435.063 6.52199 0.169421 58.6107 
680.585 0 33.9627 746.063 313.659 660.439 189.358 213.755 440.643 241.869 113.121 222.172 119.92 67.8406 9.90443 18.6567 447.431 69.7753 18.5471 9.59851 125.933 24.6214 14.6908 60.5775 485.59 78.7537 53.4467 37.7651 
176.175 472.999 0 178.248 115.638 0.0364495 87.1927 5.59934 421.364 22.9416 58.4384 38.0784 39.8125 15.2364 29.7058 23.6265 53.3269 152.696 59.4506 2.37332 112.152 12.6031 3.13388 6.79701 6.5257 27.4483 5.13505 15.2918 
660.767 745.922 106.462 0 3.43712 457.902 44.5585 689.118 619.989 72.6124 8.78157 166.484 13.6076 11.9194 2.55448 12.2265 433.155 121.981 24.87 1.05419 757.149 14.4175 10.9615 23.5044 470.107 13.9412 14.6151 8.11296 
179.905 100.626 188.171 41.9874 0 377.366 321.497 222.795 354.224 67.1814 210.452 148.349 157.328 58.2318 18.4633 0.267886 153.789 228.675 291.445 3.35135 106.115 40.4669 20.3947 23.0389 0.0415444 70.7292 10.8112 37.1388 
511.482 599.903 51.9362 443.724 301.605 0 459.861 208.507 606.555 752.058 80.8153 154.849 282.249 21.4208 3.85656 24.0982 488.471 1.79776 74.4515 24.2266 28.2735 16.6773 1.29448 2.2041 436.777 27.7035 3.85782 16.4623 
58.7644 361.265 46.6941 192.895 149.44 714.057 0 279.384 1257.14 161.946 265.035 235.231 39.2174 44.6559 45.0087 0.0848995 0.780609 0.00244539 106.033 24.0225 55.5737 43.7901 45.3416 42.4289 87.8749 64.9883 56.225 19.1714 
66.3996 126.613 29.0011 92.6544 137.055 51.4018 117.773 0 117.206 22.804 2.43491 1019.88 117.478 103.82 112.301 26.2831 87.3728 64.4333 81.7027 6.6004 103.702 7.88004 69.5935 60.9174 10.208 191.62 85.1404 61.9186 
509.928 819.829 64.5643 455.009 15.4378 603.3 5.60515 108.643 0 350.621 1700.11 217.692 69.0724 7.00998 161.913 79.0997 471.227 49.8441 119.981 85.5863 121.978 67.0887 1.81012 85.5755 560.472 72.6037 38.4986 94.3733 
68.4457 13.7342 81.8509 3.57827 109.28 69.3775 495.466 197.052 157.855 0 459.971 219.122 284.281 50.4693 116.214 55.3816 1.47293 25.5277 122.536 7.06738 43.2876 0.41594 59.3569 55.3466 64.4535 13.633 0.121567 44.8862 
169.888 238.315 110.872 184.044 11.9585 245.232 333.984 53.6254 744.458 532.424 0 212.362 225.852 213.197 318.886 2.45908 6.70179 140.442 2.14331 3.44807 78.8912 13.5708 133.55 27.5396 54.9101 143.861 23.7038 90.361 
123.066 187.799 166.094 1.34531 136.525 3.91212 284.602 649.133 400.802 15.1735 29.2961 0 157.555 127.462 215.224 489.585 24.8877 132.121 60.9109 92.3553 120.881 13.1534 0.0872665 158.536 16.9966 0.71245 66.275 39.2438 
3.83641 53.9249 1.32253 23.7853 40.3298 199.125 210.194 0.890873 203.399 231.137 82.7561 152.501 0 14.2424 44.4634 71.253 32.0361 27.2827 6.05815 3.18196 9.22013 27.0849 91.1689 36.2153 45.4077 1.13165 0.86225 20.168 
1.58216 70.5193 0.614247 0.134095 0.00958228 0.174052 96.7804 113.822 41.9661 30.914 205.585 98.0713 137.586 0 29.5712 2.86592 13.619 49.1569 0.809545 0.00533609 0.355474 5.8715 6.43609 10.2897 15.3635 5.88941 9.78267 7.04426 
35.4289 2.32636 15.308 32.9597 22.5643 7.02061 2.97077 17.8867 167.845 24.1815 374.089 226.809 113.674 61.2874 0 0.42659 6.00572 68.3956 31.8865 7.16531 16.3028 4.824 24.161 5.07054 20.4638 0.184383 19.8715 0.199723 
57.1289 78.6753 0.533434 3.20404 74.9142 0.346545 6.62354 43.9574 90.5389 2.79283 111.074 208.941 7.01947 9.38441 75.5784 0 0.0310276 42.3345 16.7044 9.54597 16.601 0.905942 11.1927 21.8766 18.6437 30.2921 16.7387 8.67714 
443.132 533.537 16.6591 486.103 76.4281 464.883 109.873 22.1091 515.982 45.0191 17.8542 20.6522 8.91113 0.305847 10.5451 1.48742 0 286.275 298.956 11.0156 67.8804 20.8458 14.9956 9.16391 434.492 22.091 21.8894 24.4001 
236.59 286.382 124.394 7.88604 47.678 52.5576 85.8023 180.678 179.446 142.655 4.46942 102.174 6.42401 38.2456 0.000682588 1.66329 228.399 0 73.1424 28.6583 73.2746 21.1441 8.83235 0.0021302 48.3882 10.6089 42.2787 46.0684 
56.865 161.923 20.6095 17.2933 200.962 23.8163 11.7207 116.392 49.7772 110.329 0.00410324 55.2121 34.3487 5.94555 17.2105 30.4161 28.5078 137.786 0 36.0378 61.9534 25.3323 19.8195 3.37081 11.0591 12.958 2.3653 1.14492 
18.1031 138.198 0.243198 37.1627 2.75188 22.5829 71.3996 84.4731 13.2586 13.2836 0.435083 54.7157 2.40838 2.15577 4.7862 3.72649 32.0853 6.51172 13.5139 0 135.163 6.3665 2.28465 0.405516 9.10948 8.57102 5.14936 2.63701 
228.693 133.907 126.013 96.3502 49.1056 1.96603 34.9298 207.935 5.43543 69.8083 94.6458 49.9743 61.8007 37.099 8.73968 46.7738 28.6629 21.2107 41.6728 316.946 0 28.6124 36.9589 47.5311 24.878 1.76963 0.322943 6.09419 
29.7577 0.145563 6.88365 16.4243 31.2862 16.4349 7.77915 15.0638 24.753 41.5375 14.0267 45.6001 18.4162 0.00200785 17.1527 11.3783 1.82278 38.8988 25.3982 3.0739 31.7275 0 15.1637 1.63831 3.47811 1.12527 10.3712 10.1106 
47.0314 12.6335 3.94436 12.1672 0.537469 0.971792 22.8584 88.4513 6.55797 41.6594 97.3855 22.2036 60.1401 4.11878 22.8892 1.46856 6.88501 22.487 15.9387 0.130542 0.517879 0.0869393 0 19.405 23.7922 9.05309 12.4932 6.86697 
33.465 61.403 13.8723 24.6224 0.0413428 10.5856 0.921536 114.932 0.585522 16.3201 1.17156 165.987 69.5969 9.14418 28.1114 29.1866 16.7373 39.701 23.1497 5.73429 12.8592 2.27349 4.72774 0 20.7753 8.59656 17.8667 8.73075 
466.982 434.95 18.3712 475.171 53.6584 433.15 61.6189 177.281 447.669 71.3639 84.7712 411.201 52.8885 0.275858 3.69954 47.2405 435.728 8.21665 20.4198 1.73612 4.47532 42.8973 22.4199 51.5832 0 88.628 96.0886 12.7189 
9.04233 1.87563 24.9121 1.44539 7.59473 1.26384 15.9736 13.6583 72.7065 16.8254 75.356 371.477 1.33854 12.7687 0.0159514 24.8332 2.38783 4.23025 30.6603 2.38815 0.427547 6.84115 9.97019 16.343 33.4578 0 1.3115 3.1355 
2.63365 40.3359 3.35776 25.2585 49.0099 19.6935 60.5032 14.4924 12.6651 19.4694 86.1812 120.779 12.6678 10.2716 18.9374 5.25885 21.6687 35.2432 23.7541 0.215437 13.0449 2.39973 11.147 3.55062 13.4449 37.9957 0 14.3711 
0.258018 0.623515 21.6467 2.84922 0.545095 0.00232524 53.6775 52.4695 99.2579 47.6072 6.6514 19.8245 15.1326 11.7547 3.85186 5.8693 24.4209 51.0447 0.225448 8.09266 18.2593 1.31408 2.12382 14.4598 12.0632 44.9851 92.433 0 
