0 353.015 171.054 414.33 198.53 355.371 19.1546 0.157688 387.752 17.5282 22.6975 226.792 104.092 0.929165 20.1253 55.2705 411.026 230.661 56.8493 27.2813 235.624 18.2137 38.1082 51.6089 321.632 7.43446 0.105408 58.244 
612.666 0 13.1192 631.681 277.364 541.295 224.324 204.719 332.794 240.945 105.004 221.179 117.305 67.2647 11.2312 20.1062 331.337 329.582 21.8013 12.1561 121.879 23.9948 15.4222 60.2883 372.976 79.4705 53.6236 38.6783 
183.802 470.352 0 219.527 123.151 0.0241327 74.3947 10.188 393.292 20.1123 49.6137 43.3862 38.3247 15.4376 30.32 23.3388 52.843 149.652 59.9417 1.96595 114.585 12.5949 3.31972 6.51957 6.0374 27.5041 4.9096 14.9474 
521.546 631.916 78.8811 0 2.06764 341.865 51.5823 885.489 524.198 75.2165 6.16013 155.446 12.5994 12.3652 3.03379 11.0731 319.235 118.746 26.1014 0.637239 329.372 14.5463 10.6453 23.8426 355.478 15.1012 14.2157 7.58942 
189.123 73.6381 188.453 46.7586 0 400.133 299.31 222.963 351.898 80.7105 204.091 151.133 154.206 57.2725 16.8657 0.130847 154.002 226.066 296.135 4.19308 107.984 39.7711 21.1767 23.8127 0.106352 70.7269 11.2457 36.449 
393.578 496.576 49.5253 328.249 627.504 0 325.073 210.968 531.58 391.872 69.0837 153.338 667.984 21.2548 4.6007 23.6777 374.957 2.65283 76.5571 24.1598 26.9537 16.4175 1.14376 2.00933 322.549 27.7622 3.66588 16.7695 
50.8457 327.217 57.816 196.234 126.624 573.441 0 297.124 1155.95 127.595 292.095 227.959 33.9425 42.2866 49.351 0.00138845 0.473027 0.172002 102.025 22.1805 52.8209 42.9293 46.6288 41.1741 87.084 67.1393 55.8096 20.2328 
57.174 136.53 38.0741 100.771 131.443 58.4815 100.623 0 154.019 26.8825 5.339 1029.69 115.137 106.268 105.982 34.7966 86.3904 60.8216 83.5177 5.41594 108.946 8.44965 67.5769 64.7565 13.478 199.333 86.4205 58.5728 
388.457 696.521 94.9648 332.869 10.0485 528.218 60.1514 144.504 0 361.08 1656.99 200.785 63.9612 9.17657 137.27 83.6442 359.139 45.2705 116.98 83.7949 117.908 66.7055 1.28656 84.1272 446.093 68.7552 37.3613 95.1528 
64.6331 10.0149 85.065 2.63402 124.825 108.884 480.629 192.674 139.036 0 417.856 223.891 296.658 52.766 119.546 52.8083 1.87377 27.9713 121.938 6.43105 41.7526 0.251579 58.9792 55.9832 65.2812 12.3446 0.0673909 44.1172 
166.74 243.272 100.367 187.996 8.88751 252.741 308.065 64.2426 704.813 499.074 0 185.187 220.39 212.392 343.242 0.795148 7.40501 142.986 2.81438 2.89946 81.5849 12.6806 133.258 30.3262 51.1662 140.162 22.5235 92.0454 
116.737 183.487 170.07 3.46802 133.297 2.65506 284.442 540.307 397.483 19.1772 43.5215 0 158.204 132.177 226.31 474.576 23.8734 130.3 59.4554 91.5652 117.758 14.016 0.347968 153.289 15.4582 5.52593 68.8735 34.6018 
3.17607 50.8145 1.74831 25.0249 44.3184 192.019 207.176 0.505087 204.343 247.973 75.0261 151.095 0 9.90499 40.5195 69.6188 31.1869 25.8448 5.31744 2.88834 8.61298 29.365 91.2116 34.6288 46.0793 0.89204 0.988957 19.605 
1.87309 70.7661 0.759448 0.210236 0.0611925 0.274563 96.8844 111.801 45.814 33.205 201.73 103.63 131.969 0 35.879 2.18167 13.8471 49.5492 0.93707 0.00215043 0.260746 6.12326 7.09247 10.19 15.5496 6.19508 9.88452 6.84803 
36.7227 3.02259 14.366 32.252 20.8406 7.96768 1.7962 21.8593 175.892 20.3333 389.288 215.764 111.799 59.3333 0 0.140418 5.72239 68.5785 31.4378 7.32392 17.0729 5.12298 23.6744 4.25301 21.2345 0.0674505 19.8593 0.294157 
55.5357 79.5331 0.731149 3.91866 74.824 0.502834 5.41467 54.3199 86.0424 1.96443 121.334 162.382 5.84812 8.3705 81.8858 0 0.0549084 41.4792 17.1106 9.50747 15.6729 1.0189 11.4507 23.3773 17.6286 30.99 16.5225 9.21751 
330.487 415.915 17.7233 371.646 72.3884 352.118 109.784 23.3363 400.399 46.452 16.8175 19.6993 9.50468 0.253338 10.8876 1.62836 0 287.326 419.764 10.551 67.7128 20.895 14.8478 8.96407 320.483 21.8515 21.8322 24.3842 
236.542 323.147 129.256 6.07178 53.5684 55.7663 79.0163 181.103 183.639 143.609 3.45612 99.6631 5.65545 38.8996 0.0108453 1.97278 216.644 0 76.9946 26.9512 71.2116 21.5644 9.24691 0.00136292 48.9965 9.95447 42.4797 46.4149 
54.364 159.371 19.2888 18.4249 215.228 21.3624 14.0367 116.193 46.507 108.364 0.0229874 56.6873 32.8957 5.64879 17.794 30.3455 40.3329 135.572 0 35.8931 62.6348 25.3636 19.636 3.19044 11.402 13.333 2.24011 1.25748 
12.7278 139.593 0.405151 35.791 3.52188 22.3223 69.5264 86.8625 14.7565 12.4608 0.666044 56.5214 2.15154 2.09769 4.94668 3.87601 32.3115 5.58246 12.9607 0 164.358 6.37296 2.32944 0.445412 9.2908 8.40441 5.2603 2.75324 
224.245 130.04 125.156 75.1404 46.8109 1.55555 37.3935 207.886 6.95136 68.3808 97.2345 53.1429 61.0214 36.6559 8.14014 47.6947 29.5142 22.8116 42.6324 326.884 0 28.7988 37.2009 47.4031 24.0035 1.45026 0.248549 5.68538 
29.3812 0.219627 6.73739 16.3649 32.0435 16.6943 8.40137 15.7974 25.6564 40.4825 14.9522 46.7054 20.437 0.0147407 17.0486 11.2859 1.71876 38.666 25.3749 3.01684 31.6239 0 15.2218 1.42534 3.61261 1.20793 10.4813 10.1519 
47.0019 13.3292 4.14311 11.858 0.391387 1.11192 24.11 89.8805 7.65121 40.5063 94.0728 19.7382 62.7584 4.8329 22.2181 1.19345 6.71447 23.0046 15.6975 0.115191 0.419217 0.181627 0 18.3557 23.8671 9.18576 12.6054 6.72896 
34.3735 61.5606 14.0472 24.3288 0.0947495 10.2863 0.657155 111.955 0.318845 17.3746 0.622931 161.322 69.2574 9.40108 28.1134 28.8543 16.8986 39.253 23.2421 5.7809 13.425 2.02739 3.31397 0 22.9559 8.17771 17.6591 8.97561 
354.45 321.495 17.8068 361.593 54.4632 319.306 59.8603 180.871 335.734 71.1904 80.914 562.699 52.4812 0.18976 4.24178 54.8104 321.676 7.68357 20.7558 1.61078 4.95277 26.1204 23.4218 48.9589 0 105.099 168.577 33.2605 
10.0916 2.38061 25.2805 1.03943 8.32219 1.03809 14.3373 18.9264 68.858 18.2682 80.5828 384.899 1.07714 12.8475 0.0877288 26.0019 2.22044 3.79729 30.6461 2.24453 0.277291 6.7125 10.0469 16.4539 33.9531 0 0.923112 4.87364 
2.36531 39.7679 3.5547 25.4761 48.9485 19.7683 60.532 13.2432 11.8437 18.8656 86.1375 120.654 12.2787 10.3573 18.8049 4.96173 21.7332 34.8831 23.6852 0.18574 12.6225 2.51072 11.3113 3.85573 11.6322 37.9834 0 10.2534 
0.389732 0.455202 21.7561 2.51348 0.413771 0.0144005 52.6047 49.2089 99.4288 46.9047 7.75268 23.5704 15.6706 11.699 3.51387 6.35955 24.423 51.1153 0.277857 7.9666 18.8753 1.24437 2.24444 14.4521 11.9437 48.171 91.1378 0 
