0 191.397 196.074 230.388 226.941 69.8018 5.28906 7.3435 141.903 27.0085 13.3415 220.73 100.92 0.32232 16.1501 60.7795 142.073 236.153 48.0432 50.1183 221.091 16.7233 39.7968 49.4463 50.0432 11.0795 0.000280928 56.75 
493.355 0 18.7642 337.149 151.846 241.3 349.33 170.908 93.667 232.842 77.3679 215.357 107.425 64.9001 16.484 25.5146 51.3612 309.353 35.0183 23.2881 106.978 21.7889 18.0946 59.0474 103.764 81.553 54.1315 41.8622 
203.767 384.986 0 286.441 147.806 1.88842 34.9452 36.4111 263.55 11.3659 23.2018 63.8977 33.0548 16.0382 32.1495 22.1019 50.7935 136.197 61.183 0.818134 121.585 12.5386 4.00318 5.55375 4.42725 27.4562 4.14002 13.6973 
156.974 338.645 322.925 0 0.00188933 61.15 78.7585 441.691 309.257 83.8975 0.575942 115.405 9.28879 13.9294 5.02285 7.32409 45.8575 106.124 30.5126 0.000239806 268.783 14.9776 9.52078 24.8979 79.0285 19.3592 12.8016 5.84107 
219.04 10.069 184.301 64.7076 0 394.047 214.524 221.195 334.444 134.215 179.607 160.105 141.781 53.6608 11.692 0.0362145 153.054 213.69 300.251 7.87645 114.14 37.2479 23.9859 26.5741 0.574713 70.4182 12.8301 33.9704 
105.656 255.019 40.1841 49.9943 638.79 0 20.5167 214.87 393.881 565.543 33.2828 146.175 349.44 20.497 7.67088 22.0227 102.363 6.95578 82.9688 23.7673 22.414 15.4492 0.681228 1.38519 47.8964 27.7844 3.01822 17.8165 
26.6775 201.672 102.639 202.912 56.9959 125.69 0 352.28 530.89 33.4591 380.692 199.489 17.9476 34.0599 65.3245 0.7412 3.92996e-05 4.20785 87.3882 16.1027 43.3499 39.8082 51.0578 36.6913 83.7541 74.4275 54.202 24.1216 
29.2055 171.701 77.6151 273.125 111.26 85.4872 48.412 0 306.035 43.514 24.2979 882.147 106.393 113.96 83.3111 72.1647 82.668 48.5049 89.6884 2.1383 127.309 10.5986 60.2323 78.3745 28.2577 221.072 90.562 46.9706 
90.3379 377.983 229.016 45.6831 0.201897 390.874 606.407 294.696 0 384.048 1154.86 141.808 46.8504 19.0564 196.381 99.4003 92.0741 30.4874 105.743 77.0541 103.16 65.1667 0.147246 78.5783 169.692 55.2732 33.36 97.4183 
51.4722 1.49199 95.457 0.441689 181.973 285.432 390.702 175.113 78.0445 0 253.721 237.359 326.077 60.5738 128.688 43.5786 3.66551 37.2631 118.623 4.39581 36.3941 4.54915e-05 57.2666 57.917 67.827 8.22094 0.0031135 41.2733 
154.409 257.352 64.9824 198.61 1.62546 270.322 212.123 107.325 518.246 349.028 0 97.9716 198.001 203.153 400.212 2.27092 10.146 151.242 5.89552 1.33139 91.0194 9.73334 130.622 40.8695 38.4871 125.365 18.5121 97.5036 
94.4152 166.78 181.163 18.5748 121.312 0.150568 278.986 179.572 374.914 36.6272 112.607 0 159.42 146.892 257.289 359.589 20.3957 123.335 54.2494 88.2837 106.295 17.2321 2.64807 132.24 127.316 56.4871 77.9078 20.1017 
1.33087 40.2112 3.71271 29.5191 59.3493 146.406 193.334 0.013431 205.364 297.733 49.6989 145.161 0 0.761662 27.4199 63.2626 28.1923 20.9802 3.06575 1.95701 6.61284 37.7624 89.9951 29.0445 48.3108 0.270916 1.5047 17.6301 
3.09001 71.2686 1.38815 0.614045 0.601149 0.808658 96.3129 103.641 60.0824 41.4855 182.505 122.366 107.868 0 54.8965 0.46868 14.6434 50.8007 1.45965 0.00230821 0.0429327 6.99889 8.9305 9.58886 16.0917 7.2778 10.2202 6.14746 
41.2801 6.17972 11.1187 29.533 15.1615 11.6572 0.000615622 38.505 200.685 9.08867 406.89 170.887 103.239 43.9585 0 15.1697 4.76337 68.9554 29.7624 7.87557 19.8759 6.21984 21.3288 1.87256 23.8276 0.116663 19.7422 0.77114 
49.6909 82.0643 1.66772 6.94176 74.1167 1.28079 2.0839 96.4918 69.9576 0.193524 156.633 34.0904 2.52251 4.97281 89.0008 0 0.193513 38.383 18.5351 9.33409 12.5407 1.46571 12.1417 27.5077 14.1381 32.5859 15.6879 11.162 
61.8096 128.754 21.6148 95.8108 58.2701 82.452 108.853 27.8552 120.624 51.47 13.3517 16.4612 11.7285 0.106942 12.1171 2.17413 0 280.044 268.349 8.95481 66.9503 21.0434 14.3103 8.26207 46.5278 20.9728 21.6077 24.2949 
232.415 373.941 144.337 1.51697 76.1655 67.1962 56.2956 181.332 196.885 145.924 0.905297 90.5672 3.31269 41.1389 0.318832 3.27008 170.261 0 90.5177 21.1674 63.8417 23.0495 10.7686 0.109397 51.0401 7.77823 43.1301 47.5537 
45.6042 148.379 14.8276 22.5822 259.294 13.4944 23.6804 114.949 35.4969 100.508 0.835021 61.8535 27.862 4.64559 19.8661 30.0101 88.149 126.509 0 35.2419 64.8924 25.4286 18.9546 2.58662 12.6311 14.6683 1.82198 1.69567 
5.66014 141.966 1.29786 30.5663 6.96348 21.2701 62.5612 94.811 20.5739 9.70834 1.87085 62.7996 1.35436 1.89384 5.5195 4.41181 33.0052 2.84252 11.0493 0 262.004 6.38765 2.48677 0.600257 9.91671 7.79859 5.6534 3.17776 
204.553 115.644 120.279 28.0888 38.9123 0.484669 46.5164 205.594 13.7217 63.1929 106.134 64.734 58.1611 35.0157 6.16589 50.7985 32.5465 28.8225 45.9874 321.197 0 29.4286 37.9838 46.8194 20.9577 0.571738 0.0632177 4.34067 
28.0173 0.602669 6.21861 16.1241 34.6993 17.5572 10.7609 18.486 28.9024 36.6515 18.4018 50.5517 28.1343 0.153407 16.5866 10.9085 1.37331 37.7873 25.247 2.81553 31.2217 0 15.1483 0.781348 4.21791 1.52045 10.8551 10.282 
46.7612 15.8898 4.86459 10.7478 0.0597123 1.6764 28.6596 94.3713 12.1235 36.3034 81.7585 12.0181 71.4423 7.25481 19.3145 0.435388 6.11931 24.8322 14.828 0.0684143 0.153268 0.784943 0 13.0332 23.7626 9.60559 12.9519 6.23036 
37.5366 61.8881 14.6005 23.149 0.45821 9.21819 0.0787251 100.432 0.0213698 21.251 0.0628993 141.952 67.5024 10.0865 27.4349 26.0383 17.4499 37.6003 23.5255 5.93241 15.4837 1.25532 0.228959 0 30.5643 6.70617 16.823 9.8232 
85.6851 49.811 15.7656 88.7322 57.1596 46.0434 53.474 190.103 69.8746 70.1296 67.1594 277.496 50.8527 0.0137189 6.39824 48.4063 47.5636 5.92248 21.9207 1.20078 6.81541 42.2469 26.6603 32.1844 0 40.5181 46.9727 114.391 
14.1843 4.62873 26.3734 0.13518 11.121 0.413522 9.16522 43.4289 55.3731 23.6757 99.0187 397.283 0.377537 13.0131 0.799265 29.528 1.67331 2.44349 30.5209 1.76502 0.00567007 6.25144 10.2587 16.6811 35.3592 0 0.0913666 13.5987 
1.52718 37.7047 4.28532 26.1663 48.6438 19.9868 60.468 9.22001 9.12528 16.7587 85.6534 119.305 10.9297 10.6331 18.2708 3.95789 21.9391 33.5724 23.4132 0.0981241 11.1631 2.91826 11.853 5.00678 6.06403 37.3806 0 1.05228 
1.07044 0.07133 22.0477 1.48424 0.0937417 0.139653 48.6815 38.0941 99.5002 44.2726 12.2581 38.8805 17.6062 11.4518 2.42482 8.18153 24.3969 51.259 0.50658 7.51096 21.0858 1.01114 2.68951 14.3548 11.7699 57.5141 80.672 0 
