0 720.581 208.192 702.355 246.202 458.709 0.257355 21.4857 564.465 36.2759 7.23549 212.376 97.6941 0.0531173 13.0286 65.0813 542.899 235.985 40.7555 58.6255 203.86 15.4745 41.1135 47.4071 449.704 14.6355 0.0597079 55.2533 
985.263 0 113.688 696.18 65.1255 608.826 440.992 141.09 534.1 220.39 55.9899 207.718 98.4184 62.5183 21.5467 30.3785 445.306 819.948 47.9768 34.8995 93.9162 19.9416 20.4481 57.7376 504.794 82.744 54.4164 44.4864 
210.79 249.411 0 215.87 165.21 5.68548 11.7829 68.8517 143.857 5.73004 8.0415 82.7223 28.6414 16.4035 33.2427 20.8084 48.669 122.014 61.6124 0.226346 125.379 12.4578 4.60867 4.76296 3.22503 27.1173 3.52561 12.6085 
489.944 698.527 308.745 0 1.6894 453.424 103.369 781.828 745.005 90.4407 0.506554 82.3872 6.82526 15.2228 7.03503 4.64439 443.947 94.2951 34.2691 0.498049 299.505 15.3121 8.56891 25.6082 473.873 23.0652 11.6104 4.50274 
240.002 2.46925 174.741 80.6866 0 382.648 142.499 216.85 309.292 182.831 157.063 166.536 129.809 50.3655 7.95648 0.432713 150.198 199.69 288.397 11.805 118.748 35.0463 26.4028 28.9287 1.26055 69.7922 14.2255 31.8341 
491.246 671.047 31.7502 444.847 934.954 0 1032.19 212.193 878.761 554.512 12.109 138.052 422.842 19.658 10.7313 20.4413 500.313 12.0778 86.9663 23.2486 18.764 14.5754 0.379324 0.94028 444.687 27.5769 2.51033 18.6486 
11.7598 105.11 143.51 202.048 17.3841 132.612 0 386.43 73.2572 0.606109 439.511 172.879 8.09237 27.4163 79.1429 2.61627 0.353903 11.7038 74.7139 11.5712 35.7498 37.0894 54.6173 32.8782 80.3217 80.1072 52.6786 27.5523 
12.2479 200.491 117.34 373.545 94.1286 109.685 17.6085 0 441.067 59.9002 50.1 592.344 98.5083 119.158 64.4729 109.896 79.2342 38.777 94.5627 0.520167 142.32 12.5733 53.84 89.6683 44.1698 231.608 93.5626 37.6217 
470.553 726.114 346.876 451.594 3.48556 876.874 1136.39 430.259 0 385.009 1214.54 95.7151 33.8663 29.8016 125.273 111.975 495.259 19.9214 95.6319 70.9301 90.4456 63.6472 0.0647359 73.4193 563.558 44.2798 30.0178 98.717 
40.9359 0.195818 102.787 0.0233531 229.229 414.596 283.794 158.118 37.2921 0 124.005 244.255 331.136 66.6349 132.849 35.8113 5.62555 45.8067 114.408 2.95098 31.9751 0.191638 55.3759 59.1478 69.4908 5.31288 0.104423 38.7332 
142.693 264.708 39.0342 203.171 0.0337727 273.254 134.028 148.723 226.54 208.877 0 41.7949 175.968 188.078 404.792 12.3432 12.7635 157.246 9.33852 0.469461 98.8137 7.50071 126.494 50.4444 28.6802 111.153 15.3395 101.456 
76.054 151.161 186.595 39.7715 110.611 0.446117 268.584 12.2333 343.771 54.9188 188.203 0 159.123 156.5 271.36 219.274 17.5992 116.855 49.7993 84.9413 96.2038 20.1398 6.23141 112.208 142.339 132.012 85.2535 10.5672 
0.381092 31.853 5.91348 33.4209 72.922 122.55 178.153 0.666537 203.389 323.719 31.4432 139.033 0 1.17071 17.7855 57.2969 25.6805 17.1612 1.62584 1.30332 5.10654 45.1097 87.3327 24.4258 50.0111 0.0254834 2.02257 15.9855 
4.34235 71.2378 2.0529 1.11607 1.48992 1.4711 94.694 95.6495 72.6301 48.536 160.467 136.512 84.1558 0 61.891 4.78351e-05 15.3028 51.6882 1.98724 0.0163919 0.00253989 7.70957 9.63803 8.80486 16.4021 8.18043 10.473 5.55136 
45.0777 9.65901 8.54071 27.0088 10.9334 15.1077 1.39841 55.204 216.094 2.89816 376.112 129.111 93.9293 25.4149 0 41.6372 4.00698 68.9427 28.2462 8.32858 22.3308 7.18637 18.7053 0.576245 25.8143 0.71989 19.5537 1.34446 
44.5582 83.5667 2.73354 10.0295 73.0501 2.20272 0.469942 135.855 56.5096 0.143869 183.379 0.343699 0.76308 2.58017 75.3183 0 0.37656 35.6918 19.7208 9.14297 10.095 1.8982 12.434 29.1721 11.4221 32.8022 14.9028 12.8184 
464.064 514.575 25.0217 491.16 46.7872 483.192 107.321 31.8743 512.714 55.6198 10.6797 13.8938 13.7541 0.0313876 13.1761 2.69242 0 261.08 418.739 7.66875 66.1007 21.1372 13.8384 7.67491 443.809 20.1929 21.3906 24.1789 
224.223 380.842 154.011 0.0309627 96.8754 76.7632 39.1833 179.971 205.946 146.561 0.031758 82.6736 1.80247 42.9342 0.909717 4.60877 128.228 0 101.607 16.6476 57.5666 24.3015 12.12 0.335722 52.6298 6.11556 43.6055 48.4085 
38.4001 136.94 11.3693 26.2476 285.726 8.02871 33.4267 113.241 27.0073 92.8832 2.42399 66.1366 23.7682 3.85719 21.6184 29.6231 125.121 117.493 0 34.5246 66.6075 25.4276 18.3402 2.11872 13.6881 15.8049 1.49877 2.11457 
14.7148 140.788 2.42499 25.8457 10.705 20.2313 56.3434 100.815 26.0661 7.59221 3.3554 67.9252 0.818645 1.7239 6.00817 4.87054 33.459 1.22058 9.49802 0 317.516 6.39009 2.61816 0.747537 10.4248 7.26889 5.98618 3.55216 
183.749 102.808 114.03 49.9225 32.5575 0.0514096 54.6475 201.116 21.0785 58.6627 113.28 74.8882 55.6224 33.5442 4.68374 53.2162 35.1288 34.2927 48.7656 269.621 0 29.9253 38.5554 46.1676 18.4532 0.140037 0.00173405 3.33073 
26.8265 1.07345 5.77908 15.8831 36.9084 18.2156 12.9395 20.8662 31.6986 33.3196 21.5172 53.71 35.1664 0.382918 16.0851 10.5299 1.10885 36.9779 25.0832 2.646 30.8381 0 14.7499 0.379424 4.88716 1.80863 11.1511 10.3722 
46.3921 18.1667 5.49271 9.79513 0.00630779 2.23394 32.6207 97.433 16.5958 32.6396 70.8569 6.84148 77.8733 8.82045 16.3608 0.0809347 5.62636 26.3702 14.0744 0.0381247 0.030258 1.6031 0 7.69692 23.2284 9.89665 13.1813 5.79791 
40.1341 61.8828 14.9849 21.9904 0.977323 8.3096 0.0288246 89.7041 0.560166 24.6737 1.27982 122.814 65.3653 10.3665 26.0577 21.9745 17.8923 36.1237 23.7115 6.04386 17.288 0.733736 0.488479 0 36.3739 5.49725 15.9997 10.5116 
487.281 449.376 14.0059 486.406 59.2439 444.038 47.9334 193.396 474.824 68.6971 55.6417 445.998 49.2544 0.0235714 8.47555 19.5947 444.707 4.59083 22.8749 0.896286 8.59477 90.3701 28.9323 14.5777 0 44.7805 192.85 23.3902 
18.0701 7.07393 27.0266 0.0353455 13.7472 0.103493 5.608 69.9586 44.375 28.5525 114.071 364.195 0.0644229 13.0127 1.94027 31.6039 1.26647 1.52075 30.3237 1.39645 0.0945863 5.85529 10.3636 16.6686 36.0917 0 0.0671204 23.3223 
0.956097 35.8983 4.94239 26.6498 48.2793 20.1143 60.212 6.32879 7.06524 15.018 84.8439 117.077 9.82439 10.8323 17.7419 3.17362 22.0861 32.4201 23.1486 0.0454205 9.9729 3.28045 12.2593 6.05681 2.67262 36.2049 0 0.751819 
1.90523 0.00625536 22.1762 0.81515 0.000396015 0.345742 45.2291 29.3738 98.9101 41.8818 16.7689 53.9129 19.2783 11.1829 1.64365 9.80264 24.3342 51.2511 0.752669 7.11472 22.9882 0.83049 3.08659 14.1879 11.8488 62.2942 66.0002 0 
