0 741.462 208.905 715.924 247.884 464.607 0.104206 23.3276 573.761 37.282 6.70958 211.362 97.3368 0.0383544 12.723 65.5001 549.891 235.715 40.0224 57.4247 201.868 15.3473 41.2422 47.188 456.634 15.0222 0.0735054 55.0884 
998.713 0 126.861 698.05 57.9321 612.152 448.959 138.024 545.763 218.845 53.9361 206.801 97.4681 62.2556 22.0939 30.8885 451.728 729.816 49.3801 36.1833 92.5665 19.7538 20.6933 57.5903 511.83 82.8356 54.438 44.7509 
210.957 234.284 0 203.543 166.765 6.18089 10.0614 72.5904 132.451 5.2539 6.91239 84.6941 28.1945 16.4332 33.3296 20.6642 48.4324 120.442 61.6237 0.186236 125.65 12.4478 4.67186 4.6837 3.11103 27.0673 3.46475 12.4958 
491.275 700.468 297.626 0 2.03953 459.625 105.913 1263.16 754.819 91.0619 0.743722 79.1479 6.59175 15.353 7.25658 4.39941 450.714 93.039 34.6528 0.602577 725.8 15.3448 8.47174 25.671 480.276 23.4459 11.489 4.37365 
241.877 4.23401 173.468 82.3388 0 383.845 135.463 216.261 306.235 187.808 154.689 167.13 128.518 50.017 7.60993 0.497986 149.801 198.092 286.418 12.2467 119.186 34.8178 26.6519 29.1703 1.34566 69.7094 14.3711 31.6137 
496.739 679.105 30.8819 451.334 1017.22 0 629.71 211.611 891.931 436.701 10.4982 137.122 126.974 19.5624 11.0649 20.2711 507.023 12.6743 87.295 23.186 18.4017 14.4834 0.353194 0.899226 451.31 27.544 2.46049 18.7308 
10.5529 96.4383 147.663 201.619 14.5504 158.668 0 389.148 47.9135 0.0668855 444.389 170.065 7.2913 26.7582 80.5524 2.87184 0.42928 12.6747 73.4143 11.1425 34.9973 36.8077 54.9702 32.4883 79.9401 80.6592 52.5144 27.9098 
10.8995 203.339 121.585 374.726 92.3879 112.181 15.2669 0 454.238 61.6791 53.1965 558.623 97.6795 119.617 62.5958 113.934 78.8686 37.8231 95.0417 0.416015 143.815 12.7832 53.1802 90.7999 45.9483 232.24 93.8422 36.6972 
475.678 727.313 357.814 460.16 4.42438 890.188 1175.04 443.591 0 384.125 510.106 91.3203 32.6284 31.0081 111.402 113.206 502.533 18.9507 94.5723 70.2849 89.141 63.4806 0.102313 72.8697 569.808 43.1877 29.6787 98.8172 
39.8973 0.375944 103.45 0.0560264 233.836 424.565 272.115 156.287 33.8507 0 112.465 244.716 330.573 67.2199 133.078 35.0275 5.84856 46.712 113.907 2.81807 31.5301 0.232236 55.1602 59.252 69.6347 5.04751 0.122878 38.467 
141.436 265.212 36.6632 203.398 0.111232 272.912 126.576 153.127 199.876 195.147 0 37.2299 173.586 186.195 402.851 13.8092 13.0466 157.806 9.73287 0.40576 99.5986 7.28631 125.977 51.4499 27.7345 109.63 15.0272 101.823 
74.222 149.5 186.934 42.3239 109.493 0.602286 267.232 5.97222 340.031 56.949 196.516 0 159.023 157.318 272.1 204.611 17.3211 116.164 49.3426 84.5712 95.1562 20.4465 6.6803 110.084 137.498 140.828 85.9854 9.74924 
0.316081 31.0345 6.16558 33.8238 74.3428 122.135 176.441 0.788813 203.04 325.393 29.7697 138.351 0 1.64296 16.8922 56.6613 25.4249 16.7869 1.50321 1.24351 4.96223 45.8669 86.9784 23.9618 50.1749 0.015028 2.07979 15.8188 
4.4818 71.2109 2.12747 1.17557 1.60306 1.5494 94.4704 94.7821 73.9238 49.2521 157.97 137.847 81.6508 0 61.9803 0.0061056 15.3695 51.77 2.0456 0.0185579 0.00590182 7.78019 9.65851 8.71198 16.4259 8.2714 10.4972 5.49035 
45.4617 10.0551 8.28857 26.7408 10.5334 15.4737 1.69221 57.0204 217.339 2.45306 370.762 124.8 92.8841 23.5115 0 44.6311 3.93253 68.9242 28.0862 8.37416 22.5858 7.28686 18.4104 0.484231 26.0049 0.810233 19.5298 1.41172 
44.0262 83.6863 2.85596 10.3693 72.917 2.31019 0.369031 139.924 55.1586 0.214621 185.87 1.56651 0.639838 2.37096 73.0552 0 0.398704 35.4133 19.841 9.12115 9.85615 1.94513 12.448 29.235 11.1615 32.764 14.8186 12.9871 
471.265 520.065 25.3745 497.613 45.6465 490.203 107.126 32.295 518.838 56.0382 10.4203 13.6404 13.9686 0.0261739 13.2854 2.74836 0 258.53 295.214 7.54076 66.0032 21.1451 13.7892 7.61518 450.476 20.1113 21.367 24.1649 
223.15 384.596 154.821 0.00455679 99.0511 77.7276 37.565 179.751 206.753 146.557 0.0097619 81.8584 1.67285 43.1125 0.987232 4.75803 123.931 0 102.713 16.207 56.9243 24.4293 12.2615 0.365894 52.785 5.95503 43.6503 48.4902 
37.6775 135.672 11.0342 26.6285 287.751 7.53947 34.4971 113.033 26.1875 92.0584 2.63295 66.5694 23.3593 3.77976 21.7973 29.5782 128.366 116.508 0 34.4427 66.7726 25.4246 18.2754 2.0731 13.7971 15.9214 1.46728 2.15993 
16.3961 140.502 2.55864 25.3545 11.1289 20.1178 55.6944 101.388 26.6548 7.38745 3.53104 68.4378 0.771123 1.70665 6.0583 4.91765 33.4983 1.09186 9.34316 0 321.023 6.38983 2.63151 0.763441 10.4756 7.2139 6.02024 3.59124 
181.44 101.47 113.288 53.4923 31.9266 0.031868 55.4971 200.528 21.9114 58.1929 113.988 75.94 55.3567 33.3894 4.54221 53.4519 35.3936 34.8708 49.0463 262.397 0 29.9742 38.6091 46.0928 18.2013 0.112211 0.00040382 3.23416 
26.7029 1.12922 5.73408 15.8565 37.1322 18.2791 13.1715 21.1151 31.9869 32.9753 21.8455 54.0275 35.906 0.412102 16.0282 10.4882 1.08324 36.8916 25.0635 2.6287 30.7965 0 14.6921 0.346073 4.96371 1.83933 11.1803 10.3804 
46.3458 18.4049 5.55771 9.69723 0.0126861 2.29494 33.0302 97.706 17.0868 32.2609 69.7277 6.3874 78.475 8.94114 16.0405 0.0603904 5.57647 26.5271 13.9964 0.03551 0.0229889 1.70162 0 7.16697 23.1512 9.92296 13.2013 5.75321 
40.3952 61.8675 15.0197 21.8641 1.04137 8.21668 0.0466372 88.5667 0.656248 25.0299 1.49151 120.751 65.114 10.3787 25.8776 21.4919 17.9363 35.9687 23.7277 6.05438 17.4757 0.687642 0.669721 0 36.9137 5.37645 15.9098 10.5803 
494.384 456.296 13.8252 493.086 59.4464 450.785 47.362 193.49 482.314 68.5233 54.4805 1128.81 49.0798 0.03286 8.69943 17.2463 451.36 4.46303 22.9708 0.867387 8.78705 91.4021 29.1366 12.9452 0 53.4015 188.96 32.7968 
18.488 7.35134 27.0788 0.060021 14.0286 0.083329 5.28916 72.9007 43.2822 29.0641 115.561 358.739 0.0469977 13.0053 2.08376 31.763 1.22777 1.43809 30.2988 1.36076 0.120266 5.81447 10.3704 16.6566 36.1417 0 0.100244 24.3944 
0.904898 35.7106 5.01154 26.6939 48.2365 20.1244 60.1754 6.0607 6.86735 14.8423 84.7404 116.794 9.71319 10.8508 17.6839 3.09705 22.0998 32.2999 23.1198 0.0411435 9.85352 3.3184 12.2981 6.16773 2.40578 36.0513 0 1.12482 
2.00395 0.0131357 22.1831 0.757463 9.00807e-05 0.372003 44.8699 28.5245 98.816 41.6292 17.2648 55.5373 19.451 11.1524 1.57139 9.9714 24.3257 51.2435 0.780578 7.07365 23.1843 0.812884 3.12821 14.1665 11.8649 62.5938 64.2834 0 
