0 744.823 209.067 717.425 248.296 464.225 0.0765143 23.7988 574.226 37.5348 6.58107 211.104 97.2467 0.0350404 12.647 65.6041 549.778 235.641 39.8396 57.07 201.365 15.3156 41.2741 47.133 456.507 15.1195 0.0771819 55.0468 
1000.12 0 130.227 696.636 56.1921 611.117 450.899 137.259 546.834 218.451 53.4267 206.568 97.2302 62.1894 22.2315 31.0165 451.476 591.424 49.7331 36.5067 92.2285 19.7068 20.7547 57.5531 511.728 82.8576 54.4432 44.8168 
210.983 230.5 0 200.37 167.146 6.3076 9.65156 73.5346 129.644 5.1378 6.64328 85.1877 28.0829 16.4404 33.3505 20.6279 48.3727 120.046 61.6255 0.176817 125.715 12.4453 4.68768 4.66394 3.08282 27.0543 3.44957 12.4676 
489.79 699.071 295.325 0 2.13215 459.317 106.549 1131.02 755.387 91.2158 0.810072 78.3435 6.53393 15.3855 7.3124 4.33905 450.546 92.7236 34.7487 0.630212 780.075 15.3529 8.44747 25.6864 480.017 23.541 11.4587 4.34165 
242.337 4.7483 173.142 82.7518 0 384.185 133.718 216.109 305.458 189.05 154.095 167.277 128.194 49.9296 7.52454 0.515016 149.698 197.688 285.902 12.3582 119.295 34.7608 26.7141 29.2307 1.36736 69.6881 14.4075 31.5585 
496.254 679.243 30.6648 451.098 902.085 0 509.685 211.457 893.278 359.422 10.1127 136.887 95.592 19.5383 11.1488 20.2283 506.84 12.8254 87.3747 23.1701 18.3116 14.4603 0.346802 0.889093 451.106 27.5354 2.44809 18.7512 
10.2607 94.3162 148.697 201.502 13.8797 165.843 0 389.804 42.3813 0.0165129 445.571 169.36 7.09763 26.5944 80.9041 2.93752 0.449247 12.9232 73.0899 11.0365 34.8101 36.7372 55.058 32.391 79.8439 80.7961 52.4731 27.9992 
10.5744 204.047 122.649 374.854 91.9536 112.805 14.7061 0 457.497 62.126 53.9818 550.155 97.4718 119.729 62.1285 114.945 78.7768 37.586 95.1609 0.391787 144.188 12.8359 53.0153 91.0821 46.3964 232.385 93.9113 36.4674 
475.105 725.743 360.498 460.47 4.6768 891.573 1184.01 446.892 0 383.876 344.764 90.2319 32.3216 31.3127 108.033 113.511 502.491 18.7116 94.3069 70.123 88.815 63.4387 0.113051 72.7318 569.509 42.916 29.5939 98.8413 
39.6393 0.430141 103.613 0.066379 234.979 426.94 269.186 155.828 33.0141 0 109.646 244.823 330.401 67.3651 133.129 34.8321 5.90502 46.9388 113.78 2.7853 31.419 0.242996 55.1058 59.2774 69.6699 4.98212 0.127726 38.4003 
141.12 265.331 36.0805 203.448 0.137581 272.808 124.734 154.232 193.539 191.752 0 36.1267 172.988 185.715 402.296 14.1877 13.1175 157.945 9.83273 0.390529 99.7943 7.23318 125.845 51.7018 27.4998 109.248 14.9495 101.914 
73.7659 149.083 187.013 42.9722 109.213 0.644989 266.886 4.75172 339.082 57.4606 198.606 0 158.996 157.517 272.264 200.96 17.2518 115.99 49.2284 84.4779 94.8941 20.5233 6.79478 109.551 136.264 143.052 86.1674 9.54974 
0.300759 30.8315 6.22941 33.9247 74.6983 122.091 176.008 0.820983 202.949 325.781 29.3576 138.179 0 1.7734 16.6719 56.5019 25.3611 16.6938 1.47334 1.22878 4.92644 46.0561 86.8876 23.8462 50.2156 0.0128428 2.09422 15.7772 
4.51695 71.2035 2.14625 1.19068 1.63196 1.56928 94.4128 94.5641 74.2472 49.4308 157.34 138.176 81.0238 0 61.9835 0.00920278 15.3861 51.7901 2.06032 0.0191206 0.00695988 7.79778 9.66207 8.68844 16.4317 8.29413 10.5032 5.47511 
45.5576 10.1552 8.22598 26.6735 10.4344 15.5655 1.76996 57.4774 217.64 2.34743 369.366 123.725 92.6205 23.0403 0 45.3801 3.91401 68.919 28.0461 8.38553 22.6496 7.312 18.336 0.462455 26.0522 0.833612 19.5237 1.42876 
43.8931 83.7152 2.88693 10.4548 72.8829 2.33741 0.345705 140.94 54.822 0.234502 186.485 2.01047 0.610708 2.31986 72.4694 0 0.404333 35.3435 19.871 9.11564 9.79677 1.95693 12.4511 29.2476 11.097 32.7527 14.7975 13.0293 
471.206 519.578 25.4627 497.365 45.3629 490.095 107.077 32.4005 518.509 56.1423 10.3558 13.5773 14.0224 0.0249449 13.3127 2.76244 0 257.876 254.687 7.50891 65.9785 21.147 13.7769 7.60027 450.283 20.0908 21.3611 24.1613 
222.876 385.659 155.018 0.00162618 99.5959 77.9683 37.1646 179.694 206.951 146.554 0.00623946 81.6545 1.64117 43.1569 1.00708 4.79568 122.858 0 102.988 16.0976 56.7639 24.4612 12.297 0.373626 52.8235 5.9152 43.6614 48.5105 
37.4974 135.352 10.951 26.724 288.235 7.41924 34.7667 112.98 25.9839 91.8512 2.68648 66.6774 23.2574 3.76052 21.842 29.5668 129.159 116.26 0 34.422 66.8135 25.4238 18.2591 2.06177 13.8243 15.9506 1.45945 2.17137 
16.8374 140.426 2.59254 25.2315 11.2359 20.0892 55.5321 101.53 26.8026 7.33665 3.57564 68.5656 0.759466 1.70234 6.07083 4.92941 33.508 1.06079 9.30457 0 321.829 6.38974 2.63484 0.767433 10.4883 7.20015 6.02875 3.60103 
180.858 101.135 113.099 54.3677 31.7697 0.0277132 55.7098 200.378 22.1215 58.0754 114.165 76.2034 55.2901 33.3506 4.50715 53.5105 35.4598 35.0158 49.1162 260.546 0 29.9864 38.6224 46.0738 18.1385 0.105739 0.000216427 3.21022 
26.672 1.14339 5.72287 15.8498 37.188 18.2948 13.2297 21.1773 32.059 32.8891 21.9277 54.1067 36.0916 0.419559 16.0138 10.4777 1.07688 36.87 25.0586 2.62437 30.7861 0 14.6772 0.337966 4.98308 1.84704 11.1876 10.3824 
46.3339 18.4647 5.57397 9.67276 0.0146269 2.31031 33.1327 97.7731 17.2105 32.1661 69.445 6.27624 78.6235 8.96998 15.96 0.0557208 5.564 26.5663 13.9769 0.034871 0.0213272 1.72665 0 7.03582 23.1312 9.92943 13.2063 5.74201 
40.4601 61.8633 15.0283 21.8322 1.0577 8.19345 0.0517558 88.2812 0.681458 25.119 1.54697 120.232 65.0502 10.3812 25.8315 21.3698 17.9473 35.9298 23.7317 6.05699 17.5227 0.676338 0.719358 0 37.0468 5.34635 15.8872 10.5975 
494.3 456.166 13.78 492.895 59.4967 450.612 47.2192 193.507 482.327 68.4791 54.191 1083.9 49.0358 0.0354212 8.75565 16.7047 451.163 4.43134 22.9947 0.860226 8.83535 91.4946 29.1869 12.5471 0 55.6726 186.787 35.725 
18.5929 7.42154 27.0914 0.0672009 14.0993 0.0786304 5.21085 73.6423 43.0101 29.1924 115.932 357.321 0.0430681 13.0033 2.12035 31.8011 1.21819 1.41778 30.2924 1.35191 0.127161 5.80426 10.372 16.6533 36.1534 0 0.109551 24.6638 
0.892302 35.6635 5.02891 26.7048 48.2257 20.1268 60.1659 5.99452 6.8183 14.7985 84.714 116.722 9.68553 10.8554 17.6693 3.07801 22.1031 32.2698 23.1125 0.040107 9.82375 3.32791 12.3077 6.19552 2.34157 36.012 0 1.22963 
2.029 0.0152478 22.1847 0.743374 0.000283839 0.378707 44.78 28.3137 98.7915 41.5658 17.3896 55.9455 19.4942 11.1446 1.55357 10.0137 24.3235 51.2414 0.787632 7.06337 23.2334 0.808502 3.13864 14.161 11.869 62.6628 63.8495 0 
