0 749.304 209.372 718.154 249.107 461.225 0.0339824 24.7541 572.918 38.0425 6.32776 210.582 97.0658 0.0288526 12.4956 65.8113 547.314 235.483 39.4747 56.2997 200.351 15.2522 41.3379 47.0226 454.016 15.3147 0.0847975 54.9633 
1000.58 0 137.037 691.544 52.7825 606.802 454.721 135.728 546.754 217.655 52.4143 206.098 96.7532 62.0564 22.5075 31.2725 448.739 313.616 50.4408 37.1562 91.553 19.6131 20.8776 57.4783 509.288 82.9005 54.4533 44.9485 
211.015 222.942 0 193.925 167.9 6.56464 8.85609 75.4356 124.089 4.90967 6.12038 86.1749 27.86 16.4545 33.3916 20.5548 48.2527 119.251 61.6281 0.158708 125.839 12.4401 4.71939 4.62452 3.0267 27.0279 3.41936 12.4112 
484.64 694.013 291.395 0 2.3234 456.465 107.819 692.226 754.255 91.5215 0.951284 76.7427 6.41904 15.4504 7.42453 4.21948 447.973 92.0918 34.9404 0.687359 762.228 15.369 8.39893 25.7168 477.26 23.7313 11.3981 4.27786 
243.247 5.86485 172.48 83.5772 0 384.897 130.249 215.801 303.887 191.528 152.903 167.568 127.544 49.7544 7.3547 0.549903 149.49 196.874 284.845 12.5825 119.511 34.6462 26.8387 29.3513 1.41129 69.6449 14.4805 31.4482 
493.047 677.263 30.2315 448.391 611.869 0 402.149 211.137 893.633 194.966 9.36259 136.413 111.706 19.4896 11.3174 20.1425 504.236 13.1303 87.5313 23.138 18.1317 14.4141 0.334197 0.869004 448.461 27.5179 2.42339 18.792 
9.68885 90.1247 150.76 201.256 12.5843 180.938 0 391.085 32.3115 0.0173014 447.89 167.946 6.71727 26.2681 81.6068 3.07105 0.490554 13.4268 72.4408 10.8256 34.4365 36.5961 55.2334 32.1962 79.6504 81.0691 52.3903 28.1784 
9.93833 205.458 124.779 374.951 91.0854 114.053 13.6161 0 463.972 63.0235 55.5686 533.193 97.0558 119.952 61.1971 116.971 78.593 37.1136 95.3984 0.345457 144.931 12.9416 52.6851 91.6447 47.2971 232.658 94.0485 36.0085 
471.73 720.354 365.795 458.886 5.20171 892.004 1201.1 453.457 0 383.344 335.111 88.0719 31.7121 31.9247 101.471 114.121 500.171 18.2373 93.7756 69.7994 88.1631 63.3545 0.136118 72.4553 566.671 42.3736 29.4248 98.8883 
39.1245 0.549272 103.935 0.0897321 237.252 431.548 263.327 154.906 31.3686 0 104.094 245.03 330.019 67.6541 133.225 34.4417 6.01853 47.3933 113.523 2.72027 31.1972 0.265243 54.996 59.3275 69.7393 4.8526 0.137708 38.2667 
140.487 265.559 34.926 203.539 0.19873 272.577 121.077 156.444 181.297 185.014 0 33.9674 171.787 184.745 401.105 14.9591 13.2604 158.22 10.0336 0.361002 100.185 7.12738 125.577 52.2062 27.0335 108.481 14.7946 102.094 
72.8555 148.247 187.162 44.2799 108.652 0.734724 266.185 2.72736 337.166 58.4886 202.795 0 158.94 157.91 272.567 193.705 17.1135 115.642 48.9999 84.2904 94.3691 20.6774 7.02659 108.484 133.819 147.527 86.5311 9.15598 
0.271294 30.4264 6.35789 34.1263 75.4107 122.073 175.139 0.887236 202.761 326.521 28.5409 137.834 0 2.0489 16.235 56.1822 25.2336 16.5083 1.41438 1.19956 4.85529 46.4345 86.703 23.6151 50.2964 0.00898718 2.1232 15.694 
4.58773 71.1879 2.1841 1.22117 1.69056 1.60939 94.2958 94.1266 74.8938 49.7879 156.072 138.831 79.7698 0 61.9669 0.0173013 15.4194 51.8302 2.08988 0.0202705 0.00933751 7.83287 9.6673 8.64094 16.4428 8.33941 10.5152 5.44464 
45.749 10.3567 8.1012 26.5387 10.2377 15.7496 1.93071 58.3944 218.23 2.14304 366.506 121.576 92.0906 22.1032 0 46.8774 3.87707 68.9081 27.9657 8.40821 22.7774 7.36238 18.1865 0.420409 26.1462 0.881417 19.5113 1.46315 
43.6268 83.7718 2.94932 10.6267 72.8142 2.3923 0.301334 142.969 54.1506 0.276917 187.704 3.06233 0.554421 2.21906 71.2749 0 0.415713 35.2042 19.9309 9.10452 9.67862 1.98065 12.4566 29.2687 10.9687 32.728 14.755 13.1134 
468.851 516.367 25.6393 494.633 44.7972 487.642 106.976 32.6114 515.613 56.3508 10.2276 13.4516 14.1302 0.0225739 13.3674 2.79065 0 256.549 174.213 7.4453 65.9288 21.1508 13.7523 7.57047 447.66 20.0498 21.3491 24.1542 
222.319 387.936 155.405 0.000195664 100.687 78.4486 36.3695 179.577 207.342 146.546 0.00153947 81.2464 1.57882 43.2454 1.04743 4.8714 120.718 0 103.538 15.8797 56.443 24.5252 12.368 0.389364 52.9004 5.83589 43.6834 48.5508 
37.1385 134.709 10.7856 26.9147 289.179 7.18163 35.3081 112.873 25.5791 91.4349 2.79519 66.8932 23.0541 3.72214 21.9313 29.5438 130.722 115.762 0 34.3803 66.895 25.422 18.2266 2.03919 13.8789 16.0088 1.44387 2.19427 
17.7446 140.268 2.66094 24.9856 11.4513 20.0318 55.2068 101.812 27.0992 7.23542 3.66563 68.8204 0.736404 1.69375 6.09589 4.95297 33.527 0.999974 9.22753 0 323.354 6.38956 2.64151 0.775462 10.5136 7.1726 6.04577 3.62063 
179.691 100.465 112.719 56.0862 31.4563 0.0202704 56.1359 200.073 22.5449 57.84 114.517 76.7303 55.1567 33.2729 4.43728 53.6272 35.5922 35.3064 49.2562 256.791 0 30.0107 38.6488 46.0357 18.013 0.0933524 1.58361e-05 3.16259 
26.6099 1.17196 5.70039 15.8364 37.2996 18.3262 13.3465 21.3021 32.2033 32.7168 22.0927 54.2649 36.4627 0.434665 15.9849 10.4566 1.06421 36.8266 25.0485 2.61573 30.7652 0 14.6468 0.322043 5.02208 1.86248 11.2021 10.3864 
46.31 18.5842 5.60651 9.6238 0.01892 2.34118 33.3376 97.9058 17.4588 31.9767 68.88 6.05659 78.9185 9.02608 15.7986 0.0469378 5.53914 26.6446 13.9378 0.0336103 0.0181902 1.77721 0 6.77549 23.0905 9.94224 13.216 5.71964 
40.5902 61.8543 15.0452 21.7684 1.09072 8.14703 0.0627977 87.7098 0.733256 25.2974 1.66087 119.193 64.9217 10.3858 25.7381 21.1237 17.9691 35.852 23.7395 6.06216 17.6167 0.654007 0.823687 0 37.3104 5.28632 15.8417 10.6316 
491.894 453.67 13.6896 490.276 59.5969 448.029 46.9334 193.531 480.118 68.3898 53.613 716.917 48.9475 0.0408351 8.86849 15.6801 448.532 4.36828 23.0425 0.846001 8.93246 91.4794 29.2862 11.7643 0 60.3101 181.098 42.1732 
18.8033 7.56265 27.1161 0.0827851 14.2411 0.0696312 5.0558 75.1299 42.4676 29.4489 116.671 354.42 0.0357218 12.9989 2.19452 31.8753 1.19913 1.37758 30.2795 1.33426 0.141536 5.78386 10.375 16.6463 36.1761 0 0.129407 25.2046 
0.867394 35.5694 5.06363 26.7264 48.2038 20.1315 60.1466 5.86329 6.72059 14.7109 84.6603 116.575 9.63014 10.8645 17.6399 3.04009 22.1098 32.2096 23.0979 0.0380735 9.7643 3.34695 12.3268 6.25123 2.21616 35.9322 0 1.45295 
2.07957 0.0199466 22.1876 0.715565 0.000992587 0.392316 44.5999 27.8938 98.7414 41.439 17.6405 56.7645 19.5806 11.1291 1.51819 10.0982 24.319 51.237 0.801832 7.0428 23.3315 0.799791 3.15953 14.1499 11.8775 62.794 62.9766 0 
