0 551.272 210.786 457.585 259.749 151.348 1.55069 41.6724 288.646 46.1886 3.02349 201.629 94.1115 0.00972676 10.244 68.8739 244.89 231.559 33.9338 38.9621 183.511 14.2758 42.2863 45.2571 151.526 18.4584 0.248456 53.604 
722.704 0 251.111 345.056 12.9312 274.929 502.266 112.262 283.976 203.893 37.7149 198.069 89.2416 59.8931 26.9291 35.29 142.906 296.792 61.7474 47.6501 81.0959 18.1718 22.8004 56.2449 207.366 83.3809 54.5641 46.9571 
208.181 112.236 0 88.9257 177.988 11.1012 0.86057 106.538 50.3143 2.01759 0.735866 101.531 24.4556 16.6258 33.872 19.3619 46.2902 106.398 61.4722 0.00301182 127.051 12.3502 5.21536 4.02646 2.21644 26.5303 2.96454 11.5331 
150.916 347.918 334.804 0 6.30959 148.6 127.264 1028.17 467.13 95.9288 4.56901 53.332 4.75738 16.4369 9.2424 2.5631 144.208 82.1381 37.8891 1.88122 709.728 15.6091 7.65202 26.1267 170.47 26.6577 10.4656 3.34258 
255.497 37.6001 160.67 96.3062 0 389.137 80.4548 210.208 277.151 228.867 134.26 171.663 117.171 46.9869 4.95518 1.23545 145.671 183.421 264.364 16.2707 122.642 32.8606 28.7709 31.2183 2.17826 68.8666 15.6254 29.7341 
179.594 379.113 23.6263 142.867 523.815 0 773.089 204.427 616.534 574.532 1.39061 128.555 555.158 18.683 14.021 18.7737 199.727 18.2437 89.4466 22.5865 15.4254 13.6856 0.168223 0.585766 143.507 27.1779 2.05455 19.4036 
2.88281 35.922 181.444 195.479 0.579176 506.835 0 405.756 52.3124 17.1288 475.647 145.805 2.14021 21.3812 92.3253 5.50352 1.36095 22.3599 62.4636 7.7902 28.832 34.3977 57.8687 29.1954 76.4901 85.092 51.062 30.98 
2.56468 226.429 157.901 381.016 77.8294 133.162 2.02702 0 554.986 77.3869 82.4311 279.102 90.5139 122.926 47.2783 148.479 75.6698 30.0848 98.944 1.74952e-05 156.105 14.62 47.5686 100.133 61.9458 234.126 95.9996 29.1537 
156.799 371.333 434.206 175.889 16.7849 616.183 1299.88 546.45 0 369.437 889.387 57.2098 22.8947 41.9099 64.7346 123.125 200.208 11.611 85.453 64.6985 78.1109 61.987 0.766099 68.0666 258.316 34.2466 26.8304 99.4174 
31.451 4.23952 108.352 0.899434 270.111 475.793 173.821 140.217 10.9984 0 34.528 246.721 317.816 71.8738 133.5 28.5239 7.90381 54.5758 109.157 1.80711 27.8184 0.733516 53.1744 59.9689 70.651 3.05219 0.340079 36.1682 
130.401 267.569 19.1519 203.494 2.57204 265.248 69.7212 191.093 77.017 91.5216 0 8.74062 152.667 168.017 369.257 29.2389 15.5544 162.131 13.3819 0.0514418 106.134 5.57889 120.911 60.1027 20.2124 96.3431 12.4777 104.651 
59.1744 135.034 188.141 66.3855 99.876 2.864 253.746 42.3166 304.78 75.1566 269.019 0 157.663 162.918 272.912 91.2561 15.026 110.107 45.4665 81.233 86.1971 23.1098 11.0773 91.781 129.113 218.935 92.0087 4.08078 
0.00868642 24.4123 8.49757 37.2576 86.5381 130.892 160.89 2.23926 199.004 331.63 17.2187 132.188 0 8.77078 10.1171 51.1233 23.2727 13.7438 0.653029 0.79063 3.8144 52.2723 83.3874 20.1137 51.4836 0.0369961 2.59625 14.4186 
5.74671 70.8047 2.80534 1.7395 2.72623 2.28908 92.15 87.1082 84.8608 55.2312 135.436 148.158 60.4744 0 57.8925 0.463346 15.9286 52.3937 2.5726 0.0423556 0.090803 8.36012 9.42875 7.84319 16.5672 9.02816 10.6896 4.9746 
48.674 13.6972 6.25648 24.4074 7.40418 18.6457 5.28991 73.0334 225.2 0.161239 311.779 89.078 83.4451 9.2435 0 68.7827 3.32393 68.6372 26.6968 8.75389 24.7728 8.14779 15.762 0.0241157 27.5141 1.78371 19.2928 2.04409 
39.4874 84.4394 3.98737 13.4 71.611 3.31478 0.00322528 173.71 44.0103 1.38038 204.667 46.2817 0.0295763 0.921669 49.8822 0 0.611913 33.0326 20.8491 8.91953 7.92274 2.3622 12.4454 28.9355 9.11497 31.9918 14.0783 14.4035 
168.484 202.659 28.3833 188.204 36.3154 185.558 105.194 35.9248 206.683 59.5269 8.33051 11.5649 15.8388 0.000960281 14.2173 3.24405 0 232.905 92.4817 6.48523 65.0983 21.1999 13.3659 7.11182 143.009 19.4056 21.1561 24.0306 
212.402 442.644 160.234 0.72943 117.729 85.7387 24.9829 177.292 212.645 146.002 0.331629 74.9102 0.76459 44.5803 1.77135 6.11333 88.5169 0 111.813 12.6547 51.4939 25.5107 13.4843 0.67406 54.0425 4.66888 44.0002 49.1396 
31.6969 124.279 8.35187 29.8899 299.269 3.96375 44.0551 111.019 19.6416 84.7759 4.74682 70.1903 19.9779 3.14888 23.3072 29.1578 151.254 107.746 0 33.6862 68.0917 25.3771 17.7119 1.70374 14.7262 16.9099 1.21237 2.56305 
35.7858 136.868 3.81979 21.1779 15.0085 19.1051 50.1257 105.901 31.8255 5.74552 5.19537 72.6787 0.423877 1.56177 6.48356 5.3173 33.7788 0.285521 8.06176 0 331.66 6.38364 2.74386 0.904326 10.8965 6.74297 6.30874 3.92784 
160.79 90.0223 106.287 69.9034 26.743 0.0535042 62.8048 194.614 29.5372 54.1726 119.805 84.9175 53.0621 32.0475 3.42042 55.3581 37.64 39.8962 51.3959 191.854 0 30.375 39.028 45.3982 16.1016 1.87813e-06 0.0265149 2.46734 
25.641 1.65856 5.35325 15.6169 39.0089 18.7864 15.2023 23.2601 34.4438 30.0401 24.695 56.6718 42.2767 0.700965 15.5059 10.1135 0.877006 36.1352 24.8754 2.48234 30.4277 0 14.0808 0.12371 5.67207 2.10832 11.4197 10.4419 
45.8891 20.461 6.1127 8.86614 0.155841 2.84064 36.5228 99.708 21.4826 29.0359 60.1271 3.1359 83.0967 9.60181 13.2446 0.00712208 5.15786 27.8513 13.3291 0.0170171 0.00146099 2.63768 0 3.1758 22.3336 10.1189 13.3456 5.3713 
42.5665 61.6278 15.28 20.7389 1.66573 7.4311 0.369827 78.7056 1.77597 28.0819 3.93106 102.741 62.7492 10.3565 24.0821 17.0722 18.2998 34.6261 23.8441 6.13681 19.0867 0.354191 3.24763 0 40.9536 4.38113 15.1084 11.1482 
190.56 151.096 12.2934 185.513 61.0797 144.038 42.5059 192.445 182.059 66.8509 44.8437 727.308 47.5191 0.173568 10.6687 12.2168 143.768 3.4444 23.7704 0.639814 10.4911 62.1195 30.6364 2.53051 0 115.639 48.7252 140.189 
22.1655 9.89988 27.4082 0.530311 16.5045 5.55306e-05 2.94111 99.0172 34.3345 33.4731 127.684 299.843 0.00963171 12.888 3.48885 32.6812 0.922192 0.827205 30.0523 1.07396 0.462277 5.46684 10.3983 16.4754 36.3723 0 0.646406 33.7383 
0.525844 34.097 5.61158 27.0275 47.8321 20.187 59.7861 4.00496 5.28963 13.3728 83.7099 113.986 8.7859 10.9943 17.1639 2.47738 22.2048 31.2649 22.8615 0.0133102 8.85981 3.64651 12.6046 7.13002 0.805634 34.5112 0 7.18185 
2.93935 0.173273 22.1953 0.351402 0.0671288 0.633069 41.7871 21.695 97.7676 39.4341 21.7073 69.803 20.9253 10.8712 1.01927 11.4149 24.2374 51.1288 1.03758 6.72193 24.856 0.670236 3.4879 13.9526 12.0342 63.6095 48.8138 0 
