0 572.415 17.8316 386.047 13.341 233.908 174.446 260.385 232.203 143.444 176.98 160.911 63.5198 53.6333 29.2639 80.1425 231.636 77.4511 2.9714 197.264 212.322 37.0336 36.369 0.655519 231.567 77.255 27.387 25.3856 
798.947 0 354.722 543.48 409.27 444.451 2.4887 21.4292 639.695 239.687 42.7084 105.064 76.0687 70.9381 28.8563 76.8013 252.64 744.983 170.498 141.954 61.6797 0.921868 3.89364 9.64218 306.631 12.039 15.5336 2.88469 
9.34667 229.554 0 3.40948 1.68563 66.6597 246.55 112.072 354.561 50.0099 0.372608 187.687 23.4401 16.7129 6.44166 2.19482 2.11531 155.94 43.2027 12.1165 127.151 1.10841 10.9677 7.14029 9.43767 10.151 3.57153 0.260201 
371.747 543.109 164.587 0 141.094 278.76 6.11448 894.106 338.896 98.6534 101.727 19.1466 18.6241 0.545183 16.0849 1.96484 236.854 14.5597 32.7446 47.8838 630.19 1.31848 0.870688 4.31806 256.408 0.0816204 27.5903 24.2377 
9.1655 528.679 83.194 39.4554 0 297.117 20.5099 119.815 278.854 108.915 21.335 105.263 98.8722 56.4388 0.407404 1.89405 134.474 123.969 3.55841 0.416439 90.8647 39.0673 0.0597408 6.12062 48.4805 13.4388 19.2359 8.54347 
254.85 279.085 17.0596 291.6 880.707 0 616.616 0.0892283 703.867 547.944 8.44126 104.889 527.156 20.7891 41.8056 25.5427 231.577 43.0965 71.8796 9.41785e-06 26.2491 0.615236 0.00378196 2.51601 241.348 1.85631 3.02534 0.233285 
216.836 519.057 34.2286 149.364 149.739 526.472 0 240.26 268.944 10.5025 322.574 180.047 180.073 52.1458 4.21773 95.6763 43.2165 92.7228 109.063 42.1079 123.079 54.6626 16.882 34.2454 1.57184 28.1429 45.4749 73.0793 
307.099 240.92 64.2813 421.014 3.49998 133.34 184.153 0 422.371 196.263 254.06 1028.71 120.484 120.646 3.88672 172.174 75.1323 22.3314 116.277 41.6267 185.487 25.8459 0.12378 0.177211 50.4967 226.043 77.2782 48.055 
446.632 236.799 102.165 555.071 166.043 704.341 888.723 433.267 0 139.508 981.52 317.836 39.6608 156.496 263.343 145.528 343.598 63.8425 149.721 0.0626165 159.551 67.835 51.3368 16.5187 313.712 89.5706 76.9943 76.178 
84.82 7.30813 53.174 1.97887 155.703 109.122 193.537 32.5034 360.834 0 141.482 122.082 229.073 0.0450227 74.8682 69.6723 34.106 99.5223 7.25211 0.011294 58.4192 11.3091 0.0200439 1.81417 1.74381 18.0079 4.24659 1.95021 
145.466 267.186 8.6996 123.97 85.4727 227.402 68.8587 342.66 806.687 69.7784 0 323.28 128.875 123.186 186.793 11.701 3.44531 4.61926 46.2639 19.901 55.823 78.228 108.138 106.717 39.2809 157.067 71.8539 26.9284 
225.737 36.9642 109.192 114.311 0.964575 103.572 61.1804 582.574 68.4934 9.63289 0.304537 0 33.4103 108.926 43.4401 197.329 3.54297 99.5305 93.0111 75.4052 19.3694 17.9912 29.2959 82.5671 164.016 34.4929 113.112 158.069 
10.3768 15.4234 73.3838 18.3025 105.209 45.9643 169.98 104.842 204.622 282.704 248.06 3.82218 0 70.5728 5.40117 37.2806 19.7054 79.546 0.59783 1.74234 15.9785 7.61366 73.761 47.652 7.65662 40.4804 29.3202 1.20931 
46.1171 66.7483 3.88415 13.7127 0.139721 1.92045 0.119138 40.4289 129.204 3.71208 87.123 136.529 4.66602 0 56.3701 1.8831 1.83585 44.6291 2.34896 2.62069 4.9595 0.538515 5.65315 9.00582 16.3069 0.100337 10.05 0.00271265 
27.1559 15.2136 33.8355 29.2805 0.0161039 41.4975 89.4519 141.438 24.0292 49.6585 264.874 62.4823 25.5009 41.7103 0 63.8752 9.98045 0.977182 17.4656 3.75285 5.22873 0.498915 0.387833 3.19614 31.3088 5.38998 1.76518 21.5535 
15.5791 15.906 21.4524 32.5138 74.533 6.19282 79.0589 146.866 1.50519 88.042 83.0528 2.50915 1.79564 0.0653111 4.56382 0 25.7933 51.9299 18.2582 8.94574e-05 1.74364 4.22973 11.1927 22.8528 7.76178 3.55326 15.1922 9.25652 
288.318 241.122 53.9557 288.765 20.9574 244.814 76.7718 14.4924 235.184 81.0706 59.2216 1.88787 19.2039 20.6634 29.5342 25.9234 0 285.479 347.483 33.8041 41.5868 21.1069 18.1706 18.0388 255.989 7.79462 11.8497 23.7397 
118.896 5.42317 118.112 130.571 178.149 109.239 0.265073 64.8192 144.082 127 169.011 63.512 100.098 31.6525 68.9267 34.2039 192.176 0 150.058 12.5363 5.20762 0.328266 42.5309 35.3906 55.6523 43.5308 23.2447 9.94881 
2.23816 0.0766479 43.9743 40.6507 80.5506 26.7516 10.0704 82.8251 96.8003 0.000573799 63.4214 1.46027 9.15006 3.40268 9.81668 30.0862 11.8226 26.5775 0 0.0920456 63.597 2.75846 2.70936 22.7687 26.4736 30.2061 1.01981 9.47812 
162.784 25.8172 2.94094 21.2347 0.671503 1.07831 85.52 38.9934 104.961 1.41457 42.1119 2.11137 1.17562 0.0811106 1.75593 7.01108 6.3706 38.1506 20.5673 0 322.606 6.36756 1.24145 3.59719 4.44411 7.93577 0.0323519 11.501 
193.757 53.3378 104.008 89.3687 66.5344 1.35404 70.9197 40.5064 0.814965 31.7441 71.6201 147.155 5.85106 19.167 52.7351 61.1122 63.1648 98.0985 44.0267 258.678 0 32.5097 8.76928 45.571 60.4509 49.9597 38.1679 3.73471 
28.3495 34.1432 2.06191 1.13271 32.7983 9.23432 19.8527 35.439 22.8334 57.6452 40.053 0.206677 3.01017 3.33719 12.4145 8.3671 1.20074 35.6548 4.55312 3.06511 26.5732 0 0.942944 13.9064 21.0064 8.43748 1.31215 2.7261 
47.033 5.19656 11.5218 0.434277 27.6409 3.98616 2.51818 73.1921 87.1913 10.5381 132.992 0.238827 89.2455 7.78509 0.0137128 1.46855 11.7373 32.1459 6.38284 4.11243 36.1738 15.0863 0 14.3592 22.4636 0.136484 6.04929 9.96552 
36.496 1.70383 13.6465 1.20022 5.94253 0.3174 6.63371e-05 129.442 99.9361 16.7852 37.0883 71.7707 69.9037 10.3276 14.7214 6.54279 7.47507 0.48845 0.0165007 5.87566 18.7053 13.6247 19.942 0 5.20166 2.76886 1.52499 12.9603 
251.019 253.476 0.903941 235.495 0.281551 232.948 23.6764 193.525 248.001 3.25197 68.0555 1057.28 5.07251 0.00317963 20.1821 75.0616 257.37 2.19693 18.2018 5.82681 21.764 12.595 17.4114 68.459 0 107.076 100.962 66.4918 
75.6285 42.1275 4.05455 23.7177 69.8798 23.3076 50.4623 53.1141 89.67 12.5707 53.0772 399.47 39.8577 4.19925 7.92172 9.53706 26.3654 33.8665 16.3236 11.9845 54.0552 0.290822 0.785393 3.80603 44.4741 0 7.63536 59.4556 
18.7052 0.769171 4.89072 6.70442 9.70634 12.0379 57.4658 22.2036 58.4068 5.29107 1.69379 93.5627 37.3648 10.4946 4.7184 3.44747 18.7838 44.8477 22.6319 7.26071 43.7708 9.03628 8.1209 15.5282 48.9041 24.3805 0 34.0237 
43.4402 30.387 12.7258 17.2632 10.5083 18.2472 0.578431 57.3824 89.0147 0.896629 107.083 28.0028 38.6952 3.24416 22.1957 12.2676 23.3829 1.99079 12.5406 0.0289365 46.5571 9.11774 0.688246 12.6694 8.04287 48.1556 17.0407 0 
