0 1022.01 187.546 785.093 269.036 447.866 22.8106 98.5458 641.507 68.3768 0.0549086 172.771 85.5568 0.59717 5.45087 75.1768 552.624 210.127 21.2446 90.4671 134.572 11.8903 44.3227 40.4214 461.913 27.1795 1.03572 49.6826 
918.453 0 465.182 534.981 34.0703 510.598 506.957 58.5424 702.296 159.75 10.5223 172.425 69.81 53.691 38.9819 45.6074 449.042 382.394 91.799 76.0999 55.61 14.6698 27.7394 52.5643 517.473 83.0421 54.4627 51.6888 
175.469 6.2216 0 37.7765 188.435 26.022 17.7855 188.628 15.9767 0.367629 10.3057 138.391 16.4664 16.6563 33.7582 15.9557 40.605 71.7502 59.4783 0.651497 124.069 12.0424 6.487 2.65376 0.709935 24.584 1.94314 9.32404 
477.008 537.692 70.763 0 24.1645 447.809 170.405 601.796 765.117 103.923 24.8119 11.0349 1.63346 18.7216 14.352 0.184376 451.374 56.7436 44.9864 7.24208 103.086 16.1238 5.83827 26.6263 468.841 33.5761 8.19923 1.46287 
269.292 211.089 120.815 126.11 0 172.955 4.89922 189.814 195.744 303.738 87.8746 178.362 89.5122 39.6904 0.960665 4.12785 131.484 144.158 186.556 27.0649 128.617 28.3052 33.6 35.839 4.80177 66.0292 18.6003 25.4153 
464.654 670.235 9.31785 448.469 281.368 0 715.085 174.391 831.173 722.97 12.7134 105.283 588.473 16.2713 21.3011 15.0919 503.011 33.8998 89.8636 20.7847 9.39769 11.7735 0.000222526 0.116074 447.241 25.7774 1.24963 20.7566 
3.59041 10.8522 237.657 166.187 38.4152 822.279 0 397.298 1043.68 178.612 470.789 90.9282 1.96157 10.8663 116.533 14.4249 5.41611 53.0749 38.8954 2.25761 16.5222 28.8267 63.7146 21.9038 67.3533 93.2574 47.3758 38.1455 
5.42655 268.94 232.196 518.322 47.137 176.25 18.4351 0 662.743 115.814 163.607 9.382 73.5733 126.315 18.4944 218.972 67.7907 15.2132 106.617 2.2183 180.553 19.1501 34.9642 118.792 102.171 215.196 99.3886 14.4971 
447.562 563.417 449.428 570.455 71.5015 833.823 410.754 662.522 0 293.455 24.9004 7.23496 6.64464 69.7277 45.9363 141.205 515.959 1.41206 64.3222 51.4829 53.8732 58.0683 4.5654 56.3895 550.332 16.7852 20.5959 99.0806 
15.2123 27.9645 114.156 6.54653 324.649 323.694 15.3592 101.53 6.5835 0 30.9146 238.426 242.194 79.9893 124.36 15.2797 13.6193 73.3487 95.3433 0.322269 19.8928 2.91326 47.6824 60.4456 71.5478 0.337521 1.24075 30.7219 
103.47 259.886 0.118697 191.538 19.9587 218.769 1.2638 275.036 96.3689 2.9402 0 19.1596 102.863 116.066 209.316 80.4585 21.944 168.912 23.5904 0.510613 119.971 2.48023 105.278 80.0025 7.03226 65.1166 7.40944 109.003 
29.4975 100.689 179.63 131.768 77.5569 14.08 211.235 578.457 208.362 121.109 423.203 0 151.16 166.042 239.097 9.63952 10.2729 95.2148 36.7199 72.4231 65.7238 29.5341 24.7001 51.2024 285.425 368.26 104.178 0.302888 
0.964215 11.8183 15.0005 45.0597 114.331 122.211 120.494 8.26614 182.911 292.513 1.10713 115.87 0 43.0093 0.928627 37.9558 18.513 7.78633 0.0242268 0.134829 1.73208 66.2187 71.6891 12.159 53.8865 0.832847 3.97754 11.3487 
9.14904 68.6947 4.61963 3.39919 6.34796 4.43642 84.1817 68.0877 108.456 67.6789 80.1195 163.595 19.2178 0 25.6243 3.98509 17.1515 53.3316 3.9792 0.132873 0.663742 9.51603 6.55585 5.48736 16.4718 10.6029 11.0367 3.82642 
55.5672 23.6955 2.52151 18.843 2.21359 26.0012 20.4154 111.302 223.828 5.13665 131.871 23.7804 59.4109 2.85064 0 87.7003 2.10235 67.1168 23.3469 9.56538 29.8643 10.1322 9.32252 1.17025 30.1135 5.28004 18.5278 3.87422 
29.206 84.3591 7.10546 20.9827 67.4931 6.1674 2.48147 236.024 21.8109 7.70823 227.87 301.182 1.60472 0.176555 3.20399 0 1.26655 27.545 23.0521 8.35421 4.20306 3.42572 11.6343 23.0798 5.83271 27.4476 12.2405 17.4338 
484.261 485.275 35.2045 487.24 18.0632 495.447 98.9782 44.5271 499.82 66.9609 4.3603 7.37375 20.4084 0.0723708 16.3614 4.50985 0 155.495 371.214 4.3074 62.5248 21.2397 12.3623 5.99137 447.197 17.7187 20.6058 23.6191 
178.202 449.309 162.105 8.64712 159.809 102.218 5.27846 167.803 219.244 141.261 4.47293 59.097 0.00830832 47.5965 4.3907 9.77087 24.2173 0 129.963 5.97665 39.4102 27.9425 16.4057 1.72511 56.4868 2.27654 44.5928 50.3124 
19.3588 95.2256 3.46977 37.373 285.451 0.0470874 68.2368 104.834 7.86214 66.7904 11.7782 78.0139 12.9758 1.8978 26.6593 27.9427 185.322 85.7127 0 31.5657 70.5232 25.1214 16.3422 0.985494 16.862 19.1458 0.715861 3.60133 
105.094 121.013 7.44001 12.1276 25.5418 16.5089 37.3327 113.608 44.5427 2.69928 10.1089 81.449 0.0162792 1.24318 7.44387 6.21743 34.048 0.410283 5.39706 0 233.771 6.34317 2.99251 1.26354 11.779 5.65072 6.96088 4.72471 
109.614 64.0369 86.39 2.14822 16.2457 1.36464 79.8118 175.307 50.2361 44.8801 131.541 105.313 47.5952 28.8176 1.42414 59.0071 42.7221 52.0076 56.491 35.4256 0 31.1873 39.7291 43.4238 11.6213 0.582832 0.338519 1.08717 
23.1477 3.23726 4.49513 14.9781 43.1055 19.7187 20.2075 28.3457 40.0701 23.3679 31.5516 62.3015 56.9013 1.61916 14.0685 9.13044 0.483593 34.2506 24.3036 2.15299 29.4767 0 11.9603 0.0379251 7.6591 2.77517 11.9051 10.5281 
44.4275 25.3344 7.38415 6.99297 1.08003 4.25472 44.4713 102.054 32.8279 21.7511 38.9431 9.84479e-05 89.9251 8.46787 6.94564 0.696026 4.23867 30.8092 11.779 8.58701e-06 0.22404 5.31583 0 0.281135 19.4827 10.3743 13.4944 4.49233 
47.1657 60.3426 15.6277 17.8665 3.62281 5.68466 2.25455 55.6838 6.32647 35.1162 13.6124 61.2536 55.9317 9.48062 18.5354 6.77378 19.058 31.4011 23.9636 6.27716 22.8586 0.00255855 13.2629 0 45.5428 2.38138 13.057 12.3214 
502.546 461.258 8.89128 488.07 64.1877 450.162 31.5974 177.987 503.848 61.7811 25.0885 749.014 43.4687 0.902404 15.4748 70.3339 447.665 1.58572 25.4857 0.244635 14.8257 52.9114 32.3268 11.0144 0 42.2037 48.191 118.956 
31.2793 16.9144 27.378 3.30599 22.6698 0.405113 0.124955 160.232 16.8517 43.7338 150.464 125.14 0.670805 12.2601 7.79504 31.7541 0.382618 0.0579927 29.2567 0.535634 2.06959 4.67055 10.2602 15.541 35.576 0 3.60252 53.2527 
0.041646 30.3081 7.05755 27.5031 46.6368 20.1754 58.3774 0.86377 2.41147 10.1926 80.3568 105.021 6.79002 11.2241 15.8035 1.28927 22.3713 28.8095 22.185 0.0073093 6.73653 4.43201 13.1441 9.42425 1.95949 29.5828 0 36.2964 
5.70936 1.22187 21.9065 0.00231599 0.689243 1.48032 34.6142 9.12814 93.7298 34.1376 33.2227 103.825 24.3225 10.0908 0.194221 14.6874 23.9295 50.5268 1.75755 5.90309 28.6909 0.392352 4.34385 13.2558 12.406 55.7744 15.2652 0 
