0 693.478 167.773 425.833 265.105 119.097 38.5651 126.681 331.59 78.1398 1.14483 158.419 81.5206 1.11584 3.83972 77.162 225.125 196.673 16.5693 154.206 112.654 10.9187 45.024 38.2383 136.731 31.1242 1.52751 47.8306 
486.845 0 465.034 166.42 92.5761 158.006 458.988 39.7289 419.66 138.451 3.91507 159.678 61.6053 50.7936 44.3274 49.9497 123.875 726.949 104.523 88.1581 45.5852 13.2554 29.8449 50.781 191.444 82.2355 54.2565 53.5263 
152.859 64.6959 0 139.559 185.956 33.1403 39.5481 219.558 72.9545 2.13589 23.8203 152.085 13.4213 16.4962 33.1428 14.3978 37.9419 57.2632 57.9723 1.36103 120.284 11.8782 7.02566 2.14147 0.318846 23.4901 1.56873 8.40564 
195.799 168.591 120.579 0 34.5844 119.115 184.295 948.144 413.306 105.826 37.5458 2.41005 0.793745 19.5808 16.669 0.00529246 124.852 46.4183 47.7759 10.3698 127.547 16.3015 5.112 26.6033 138.204 36.1718 7.28741 0.888718 
267.305 303.357 101.381 136.921 0 94.9526 0.587639 178.819 158.809 322.504 69.5795 179.568 77.641 36.5213 0.199694 5.82981 123.768 126.172 147.694 32.1374 130.274 26.3726 35.603 37.7372 6.19524 64.4698 19.8908 23.6039 
130.259 324.837 4.93301 122.508 422.96 0 716.866 157.146 413.284 523.051 30.3209 94.4056 151.891 15.1197 24.4202 13.4841 174.016 41.4452 88.1338 19.8634 7.2347 10.9436 0.0380172 0.0255144 119.107 24.9653 0.965269 21.241 
11.5417 51.1019 247.996 148.713 80.5446 418.708 0 374.692 1297.63 274.209 437.01 69.623 6.77278 7.35192 124.92 19.2596 7.89778 68.8766 30.0322 0.898029 12.2115 26.4845 65.7973 18.9904 63.0755 95.7568 45.6846 41.177 
15.7514 281.227 254.807 424.955 35.8316 190.716 44.0227 0 642.88 132.208 200.567 133.065 66.3631 125.927 9.91102 240.221 64.2762 10.3043 109.267 4.45601 188.908 21.1788 29.8938 125.146 119.322 198.426 100.139 9.64998 
119.528 194.239 385.628 288.738 103.246 416.564 58.2085 646.579 0 248.651 612.826 0.311583 2.62731 81.8245 18.5649 146.461 192.588 0.0567482 55.5889 45.878 44.4007 56.2232 7.08241 51.2995 216.05 11.0185 18.1181 98.2224 
9.9221 43.4262 114.173 10.3872 332.191 175.724 0.123687 85.2734 25.1563 0 103.558 229.733 197.241 82.1777 116.619 10.6682 16.4124 81.3629 88.5079 0.0560753 16.8384 4.24744 45.0275 60.1527 71.3159 0.00692642 1.7865 28.383 
91.8017 251.342 1.91761 181.751 31.8164 189.857 4.07841 305.812 210.942 42.5159 0 54.5573 82.4738 92.4459 131.696 106.006 24.8803 170.393 28.5811 1.23472 125.217 1.53159 97.2992 88.084 3.41694 52.4228 5.62515 109.902 
19.5853 86.2849 171.566 160.35 68.2644 21.1183 189.624 833.811 165.593 141.048 471.348 0 147.064 163.188 212.199 70.5066 8.49822 88.6191 33.1317 68.297 57.3241 32.3466 31.6965 36.1582 251.107 396.19 108.481 2.6805 
2.05735 7.74219 18.1633 48.2613 125.497 81.9773 102.552 11.8883 173.539 256.901 0.0770556 108.239 0 62.5112 6.04492e-05 32.4334 16.596 5.73422 0.317502 0.0211551 1.09049 71.5279 65.5825 9.26876 54.6362 1.47654 4.64016 10.1226 
10.7768 67.3265 5.47247 4.23832 8.28739 5.50349 79.8308 59.7898 117.264 72.1503 58.0276 166.196 7.83608 0 11.2065 6.25203 17.6401 53.5169 4.65054 0.185871 1.06219 9.91522 4.77493 4.43867 16.257 11.1781 11.1425 3.36385 
58.2235 28.4847 1.40808 16.4841 0.91643 28.9744 29.2715 126.902 215.184 11.3348 64.9859 7.73826 49.0122 12.98 0 74.4851 1.66338 66.1222 21.8823 9.87951 32.0203 10.9565 6.76352 2.53177 30.8043 7.20132 18.1161 4.78824 
25.0398 83.568 8.59007 24.2697 65.3163 7.56282 4.87977 251.682 14.3674 11.7796 228.078 409.461 3.4899 0.999035 0.654417 0 1.61063 25.2449 23.9277 8.07575 2.95796 3.9118 10.9812 19.0167 5.15076 24.5819 11.4198 18.5761 
161.318 148.974 37.9778 156.734 12.0015 169.397 95.6597 48.2321 167.024 69.809 3.04734 5.85841 22.4376 0.156563 17.263 5.0949 0 119.897 280.968 3.50074 61.2384 21.2205 11.9266 5.53453 119.117 16.9819 20.3461 23.4026 
160.691 385.854 158.409 14.4392 176.244 108.093 1.26947 162.286 219.021 137.86 7.60877 52.59 0.249908 48.7104 5.82563 11.5266 8.24737 0 136.178 3.84691 34.5477 28.9444 17.6799 2.31005 57.3246 1.51146 44.754 50.6716 
14.8711 82.3831 2.00615 40.4593 263.691 0.291004 78.9454 101.608 4.40007 58.9468 15.6001 81.0754 10.3867 1.45668 28.0099 27.3293 201.038 75.9681 0 30.5213 71.2909 24.9525 15.7351 0.738088 17.7598 20.0694 0.543836 4.08534 
138.367 111.64 9.20347 8.78889 30.5369 15.3245 32.0889 115.649 50.1337 1.73733 12.6094 84.6735 0.00889651 1.11545 7.83881 6.58521 34.0036 1.28966 4.40278 0 161.21 6.31511 3.09308 1.42909 12.113 5.19033 7.23093 5.06914 
88.094 53.5782 76.8698 15.8324 12.4816 2.43715 86.9315 165.061 60.051 40.9804 135.728 113.63 45.2193 27.4018 0.833095 60.2196 44.8206 57.2828 58.4983 3.87415 0 31.4846 39.9143 42.4381 9.89305 1.17774 0.575312 0.667978 
22.0763 4.05169 4.14172 14.6726 44.7314 20.0095 22.4408 30.5432 42.4189 20.6313 34.5442 64.4673 62.8022 2.10148 13.3738 8.67075 0.351385 33.3957 24.0046 2.01704 29.0322 0 10.8269 0.18094 8.63288 3.07543 12.0822 10.5413 
43.6426 27.434 7.91154 6.22799 1.71574 4.90936 47.7344 102.077 38.0221 18.7979 30.7628 0.544194 91.0594 7.04097 4.64007 1.30411 3.86916 32.0164 11.1203 0.00352656 0.43146 6.58959 0 2.2569 17.9444 10.3983 13.48 4.12417 
48.92 59.4988 15.6672 16.5608 4.66066 4.98246 3.51552 46.2537 9.03351 38.0345 19.2472 45.1964 52.5566 8.80113 15.8172 3.37712 19.3452 29.9883 23.952 6.3155 24.4683 0.0326881 17.2539 0 45.2311 1.68805 12.122 12.754 
177.463 135.983 7.53812 158.745 65.2163 123.003 27.1995 167.296 183.403 59.1728 18.0939 860.613 41.5842 1.37144 17.5421 70.9058 119.46 1.00852 26.1553 0.132708 16.8128 90.396 32.2702 24.4952 0 111.208 187.946 98.157 
35.3183 20.3023 27.0361 5.13468 25.4379 0.821928 0.0510902 183.456 11.0735 47.9969 157.387 61.1584 1.25907 11.8532 9.963 30.134 0.2238 0.00184156 28.8268 0.361338 3.08342 4.33744 10.1184 14.9439 34.6987 0 5.49439 59.0346 
0.000285508 28.6827 7.69158 27.5803 46.0225 20.1054 57.5716 0.222708 1.52048 8.94149 78.5451 100.282 6.00688 11.2786 15.1662 0.894507 22.4102 27.743 21.8648 0.0290449 5.91008 4.77554 13.2997 10.4063 4.46966 27.0344 0 51.6695 
7.12639 1.94538 21.6538 0.102125 1.14614 1.93779 31.5883 5.32019 91.373 31.824 38.5233 117.806 25.7517 9.70954 0.0390761 16.0038 23.7558 50.132 2.11483 5.55476 30.2973 0.296241 4.7141 12.8802 12.4477 48.8626 5.72719 0 
