0 627.343 163.686 356.858 263.895 58.1153 41.8009 131.933 273.648 79.9193 1.49227 155.707 80.7638 1.2271 3.57528 77.4761 164.147 193.988 15.7708 164.12 108.679 10.7448 45.1408 37.8344 76.2485 31.8525 1.62684 47.4828 
405.119 0 458.048 99.1049 105.711 93.0267 447.562 36.6345 366.377 134.497 3.05232 157.266 60.1278 50.2524 45.3065 50.7318 63.5088 1004.81 106.801 90.3062 43.8312 13.0031 30.2274 50.4436 130.761 82.0472 54.2086 53.8484 
148.36 81.0572 0 160.692 185.066 34.4452 44.2685 224.668 87.0467 2.6117 26.8156 154.398 12.8933 16.4562 32.9958 14.1102 37.4448 54.7021 57.6584 1.51642 119.444 11.8462 7.12312 2.05326 0.26414 23.2757 1.50457 8.24054 
145.036 101.153 105.766 0 36.6283 58.0782 186.459 84.6533 346.793 106.072 40.083 1.50805 0.67289 19.7292 17.0961 0.0269249 64.128 44.597 48.2656 10.9832 436.329 16.3311 4.98322 26.5841 76.7129 36.6158 7.12527 0.799188 
266.441 319.97 97.7864 138.731 0 88.9699 1.71227 176.691 152.133 324.909 66.394 179.68 75.4983 35.943 0.122316 6.16814 122.271 122.867 140.571 33.084 130.517 26.022 35.9634 38.0774 6.46581 64.1647 20.127 23.2764 
68.2214 260.023 4.27186 61.9607 871.585 0 393.425 153.795 334.336 667.381 34.2381 92.3891 564.422 14.9038 24.9808 13.1913 112.792 42.8596 87.7011 19.6868 6.8686 10.792 0.0518412 0.0160754 58.0818 24.8046 0.917309 21.323 
13.4518 61.3059 248.869 145.297 89.5197 336.734 0 369.487 1306.3 291.69 429.087 65.9489 7.94863 6.7802 126.295 20.1972 8.39534 71.8835 28.5137 0.716337 11.491 26.0614 66.1486 18.4749 62.277 96.1455 45.3696 41.7256 
18.1769 283.043 258.14 408.807 33.9089 193.032 49.7218 0 635.057 135.152 207.275 169.058 65.0581 125.739 8.61887 243.329 63.6281 9.50792 109.708 4.94275 190.281 21.5538 28.9962 126.185 122.378 194.907 100.23 8.866 
58.8837 126.464 370.56 236.213 109.407 337.671 26.5812 639.435 0 240.034 523.292 0.0286611 2.09094 84.0012 30.5442 147.245 132.404 0.00425611 54.0291 44.8656 42.745 55.8768 7.59487 50.3712 153.842 10.0886 17.6795 98.0214 
9.07289 46.5261 114.017 11.1706 332.47 149.097 1.27991 82.3702 29.7408 0 120.512 227.846 188.676 82.4894 114.996 9.90631 16.9416 82.8127 87.2154 0.0311716 16.3046 4.51497 44.527 60.068 71.2347 5.46463e-05 1.89598 27.9576 
89.6838 249.471 2.88308 179.701 34.2289 184.208 6.70069 310.943 250.356 54.3471 0 62.7283 78.8833 88.1919 118.421 110.737 25.4271 170.571 29.526 1.3997 126.126 1.38307 95.7799 89.5142 2.89489 50.1897 5.32518 110.004 
17.9792 83.705 169.84 165.426 66.5974 22.5285 185.535 872.185 157.936 144.638 478.489 0 146.238 162.408 206.703 86.7367 8.19168 87.4075 32.4891 67.526 55.8254 32.8619 33.0324 33.6321 252.165 398.248 109.203 3.36316 
2.29925 7.08823 18.7606 48.8337 127.464 74.4178 99.2965 12.6114 171.692 249.523 0.269801 106.816 0 66.2163 0.0276822 31.4449 16.2547 5.39277 0.406439 0.0110483 0.989459 72.4421 64.416 8.77852 54.7547 1.6127 4.76542 9.90488 
11.0837 67.0487 5.63169 4.39871 8.66419 5.70587 78.9851 58.2828 118.764 72.9004 54.2366 166.403 6.27554 0 9.04928 6.69534 17.7269 53.537 4.77713 0.196424 1.14442 9.98129 4.44453 4.25008 16.207 11.2758 11.159 3.28164 
58.687 29.3837 1.23869 16.0592 0.740477 29.4973 31.0108 129.637 213.132 12.6992 54.7996 5.73492 47.1473 15.4336 0 70.9714 1.58877 65.9196 21.614 9.93456 32.4108 11.1045 6.32473 2.82988 30.9019 7.57347 18.036 4.96223 
24.3004 83.3765 8.86758 24.8626 64.8951 7.8262 5.39805 253.679 13.1623 12.5992 227.48 425.639 3.90708 1.21714 1.64019 0 1.67733 24.8297 24.0827 8.02282 2.75381 4.00203 10.845 18.2209 5.076 24.0159 11.2687 18.7726 
101.237 86.5311 38.471 95.2554 11.0203 108.714 95.0159 48.9073 105.143 70.305 2.83298 5.60023 22.8116 0.175295 17.4262 5.20416 0 113.518 57.9666 3.36198 60.9925 21.2147 11.8467 5.45271 58.0923 16.8468 20.2972 23.3606 
157.37 378.374 157.46 15.6343 179.094 109.078 0.833459 161.194 218.786 137.157 8.26386 51.4251 0.329672 48.9018 6.10639 11.8579 6.2179 0 137.2 3.50754 33.6841 29.1244 17.9134 2.42512 57.464 1.3887 44.7775 50.728 
14.1088 80.0482 1.78139 41.0111 258.862 0.458016 80.8978 100.986 3.87465 57.5221 16.3448 81.6139 9.94242 1.38238 28.2501 27.2118 204.183 74.1904 0 30.3228 71.4133 24.9179 15.6232 0.696817 17.9223 20.2354 0.515041 4.17604 
144.295 109.798 9.53468 8.22577 31.4713 15.1051 31.1552 115.938 51.156 1.58437 13.0888 85.2247 0.0181339 1.09273 7.90964 6.65094 33.9854 1.5015 4.23133 0 147.69 6.30932 3.11103 1.45998 12.171 5.10708 7.27958 5.13207 
84.2781 51.7318 75.0974 22.7962 11.8447 2.66426 88.2121 163.086 61.887 40.2765 136.435 115.111 44.7845 27.142 0.742307 60.4177 45.1977 58.2468 58.8526 1.50676 0 31.5356 39.9407 42.2498 9.59072 1.30771 0.62497 0.602532 
21.8808 4.20876 4.07823 14.6149 45.0192 20.0555 22.8527 30.9446 42.8425 20.1424 35.0918 64.8457 63.8421 2.19439 13.2427 8.5848 0.329574 33.2369 23.9467 1.99257 28.9488 0 10.6097 0.218233 8.81727 3.13102 12.1125 10.5422 
43.4898 27.8168 8.00626 6.09134 1.84659 5.03134 48.3177 102.019 38.9842 18.2732 29.3466 0.762737 91.1483 6.74164 4.2586 1.43277 3.80331 32.2325 11.0006 0.00485044 0.476336 6.82555 0 2.79776 17.6482 10.3973 13.4724 4.05774 
49.2251 59.3267 15.6674 16.3193 4.86212 4.8578 3.77322 44.5832 9.57232 38.5577 20.3586 42.4489 51.917 8.66091 15.3124 2.86723 19.3952 29.7289 23.9459 6.32111 24.761 0.0496483 17.8605 0 45.0278 1.57327 11.9489 12.8281 
116.961 75.4842 7.29956 97.4611 65.3841 62.1518 26.4195 165.098 123.766 58.6722 16.9267 187.873 41.2322 1.46632 17.9155 68.0956 58.4125 0.91732 26.2732 0.115972 17.1824 91.1247 32.2107 27.0418 0 119.141 186.376 73.4228 
36.0591 20.9413 26.9534 5.50489 25.949 0.912925 0.109811 187.35 10.1415 48.7601 158.446 51.4618 1.3853 11.7709 10.373 29.7683 0.199436 0.00892975 28.7429 0.333205 3.28832 4.27729 10.0874 14.8236 34.5066 0 5.87424 59.8576 
0.0032551 28.3865 7.80793 27.5863 45.9041 20.0886 57.4121 0.151022 1.38007 8.72073 78.1918 99.3674 5.86867 11.2857 15.0469 0.830074 22.4152 27.5477 21.8045 0.0345429 5.76473 4.83858 13.3232 10.5843 5.04648 26.5487 0 54.4526 
7.39873 2.09432 21.5997 0.136059 1.2414 2.02698 31.0414 4.73284 90.9056 31.4008 39.5075 120.273 26.0103 9.63729 0.0235371 16.2361 23.7215 50.0514 2.18304 5.49147 30.5875 0.280176 4.78169 12.8071 12.4437 47.4372 4.45037 0 
