0 554.776 155.133 281.275 261.026 0.478942 48.5858 142.51 221.711 83.4757 2.32371 150.203 79.231 1.465 3.07333 78.0598 106.305 188.418 14.2244 180.648 100.779 10.3998 45.3643 37.0208 19.4666 33.3172 1.83458 46.7778 
305.037 0 438.05 29.8183 133.861 27.7762 422.576 30.7734 323.371 126.548 1.64609 152.365 57.1902 49.1577 47.2685 52.287 7.06377 1093.95 111.309 94.5433 40.3943 12.5037 30.991 49.7574 73.5376 81.6326 54.1033 54.4817 
139.084 117.914 0 201.711 182.889 37.048 54.3147 234.318 117.975 3.70278 33.2631 158.841 11.8627 16.3663 32.67 13.5326 36.4403 49.6701 56.9948 1.85078 117.629 11.7804 7.31742 1.88161 0.170042 22.8336 1.37995 7.91242 
108.881 31.5991 73.7212 0 40.8388 0.268938 190.424 82.8097 276.97 106.47 45.3419 0.333825 0.460904 20.018 17.9537 0.120164 6.86738 41.0175 49.2278 12.246 77.9454 16.388 4.72893 26.5318 17.9036 37.4754 6.80462 0.63404 
264.258 352.48 90.5905 142.194 0 83.0797 5.70907 172.326 138.905 328.741 60.1743 179.807 71.2385 34.7861 0.0241289 6.87071 119.2 116.249 126.408 34.995 130.95 25.322 36.6796 38.7531 7.02222 63.5348 20.6007 22.6239 
8.44934 194.039 3.08385 5.11753 778.734 0 710.007 146.928 240.019 639.645 42.6708 88.3321 39.5745 14.4669 26.0927 12.6067 54.4855 45.7212 86.7293 19.326 6.16219 10.4886 0.0858838 0.0037071 0.210908 24.4718 0.824881 21.4815 
17.6844 84.0606 249.662 138.286 108.485 187.108 0 358.149 1285.86 326.039 411.766 58.8153 10.5704 5.70143 128.897 22.1223 9.43208 78.0023 25.5693 0.414156 10.1103 25.2181 66.825 17.4575 60.6632 96.8603 44.7331 42.8192 
23.5111 286.273 264.022 385.691 30.1964 197.349 61.9971 0 615.755 140.988 220.601 250.804 62.4568 125.257 6.29416 248.785 62.3244 8.00624 110.551 5.98819 192.887 22.3087 27.2262 128.151 128.406 187.485 100.372 7.39114 
2.10899 55.866 337.981 195.203 122.012 243.405 0.0210262 621.432 0 222.522 536.92 0.37048 1.20035 88.3166 61.5165 148.652 76.1899 0.0788002 50.9415 42.8513 39.5007 55.1744 8.66893 48.5144 93.5488 8.34325 16.8139 97.5782 
7.48191 52.9666 113.561 12.8119 332.009 99.604 7.21345 76.6289 39.946 0 157.168 223.799 171.381 83.0312 111.568 8.45772 18.0186 85.6996 84.5897 0.00314237 15.258 5.0725 43.5113 59.8698 71.0366 0.0355292 2.12428 27.1072 
85.4598 245.45 5.39219 175.37 39.2752 172.641 13.8465 320.718 340.774 81.8187 0 80.5112 71.8397 79.7818 93.2069 120.209 26.5321 170.843 31.4475 1.76014 127.902 1.10837 92.6864 92.33 1.97831 45.8097 4.74853 110.149 
14.957 78.595 166.163 175.397 63.2902 25.4611 177.243 938.1 142.829 151.761 491.124 0 144.515 160.613 195.255 122.945 7.59373 84.9759 31.2137 65.9668 52.8587 33.8957 35.7569 28.7982 266.182 399.461 110.587 4.95466 
2.82242 5.86274 19.9737 49.9679 131.328 60.5911 92.8147 14.1156 167.873 234.1 1.00538 103.939 0 73.7004 0.264497 29.4873 15.5793 4.73991 0.617036 0.000596787 0.801995 74.218 62.0385 7.83297 54.9753 1.90247 5.02017 9.47476 
11.7068 66.4668 5.9534 4.72618 9.43913 6.11767 77.2469 55.279 121.662 74.3378 46.9175 166.57 3.65791 0 5.3369 7.60188 17.8986 53.5644 5.03422 0.218363 1.31781 10.1072 3.79074 3.87703 16.0972 11.4644 11.1895 3.11918 
59.5946 31.2052 0.931381 15.2149 0.44441 30.5239 34.5957 134.992 208.608 15.633 36.7038 2.61473 43.4574 20.7315 0 63.1947 1.44439 65.4947 21.0762 10.0427 33.1901 11.3982 5.47757 3.46963 31.0709 8.33621 17.8708 5.31692 
22.8411 82.9501 9.42823 26.04 64.0297 8.36088 6.50829 256.848 10.8967 14.3072 225.702 453.584 4.80835 1.71259 4.89859 0 1.81452 24.0029 24.3888 7.91496 2.3665 4.18394 10.5577 16.5977 4.97276 22.8498 10.965 19.1543 
45.2507 25.8952 39.4454 36.4586 9.17495 51.4947 93.6927 50.2582 45.5573 71.2759 2.42705 5.1002 23.5636 0.215906 17.7517 5.42536 0 100.957 229.573 3.09208 60.49 21.2009 11.6866 5.29023 0.214755 16.5756 20.1979 23.2741 
150.627 368.788 155.314 18.1485 184.644 110.963 0.235086 158.933 218.139 135.676 9.65084 49.115 0.522127 49.2743 6.68556 12.5311 3.00437 0 139.14 2.87399 31.978 29.4826 18.3821 2.66315 57.7303 1.15844 44.8192 50.8324 
12.6372 75.3956 1.37082 42.105 248.488 0.904283 84.7979 99.7094 2.92163 54.6797 17.8787 82.6735 9.07951 1.23931 28.7251 26.9712 210.636 70.637 0 29.9182 71.6421 24.8453 15.3981 0.617734 18.2463 20.5656 0.459745 4.35985 
155.889 106.002 10.2052 7.14502 33.3609 14.6635 29.3095 116.439 53.2024 1.29905 14.0694 86.2936 0.0463655 1.04781 8.05032 6.78123 33.9396 1.9724 3.89736 0 121.102 6.2971 3.1466 1.52243 12.2844 4.94112 7.37636 5.25815 
76.7731 48.0981 71.5249 38.7868 10.6163 3.14769 90.7567 159.039 65.6006 38.8748 137.796 118.039 43.9126 26.6204 0.576263 60.7927 45.9475 60.1769 59.5508 0.0672038 0 31.6348 39.9869 41.8651 8.99773 1.58766 0.730398 0.481652 
21.4895 4.53103 3.95208 14.4976 45.5872 20.1411 23.6812 31.7482 43.6861 19.1735 36.1895 65.5878 65.886 2.38461 12.9766 8.41097 0.288016 32.9162 23.8276 1.94389 28.7797 0 10.1668 0.303096 9.19227 3.24311 12.1714 10.5426 
43.1747 28.5824 8.19444 5.82055 2.12216 5.27777 49.4734 101.845 40.9219 17.2368 26.5871 1.30943 91.2169 6.11766 3.53571 1.70565 3.67293 32.6615 10.7614 0.0081292 0.572656 7.29956 0 4.02079 17.0427 10.3901 13.4526 3.92541 
49.8222 58.9657 15.6614 15.8333 5.27662 4.61153 4.3144 41.2921 10.6917 39.596 22.6569 37.1422 50.6162 8.36656 14.2985 1.96166 19.4931 29.2083 23.9301 6.33105 25.346 0.0941096 18.9294 0 44.4888 1.35469 11.6005 12.972 
60.1065 18.6696 6.83003 39.0348 65.702 4.62533 24.881 160.486 68.6545 57.6479 14.6947 208.208 40.5199 1.66458 18.6584 60.5471 0.489007 0.747656 26.5052 0.0858553 17.929 85.5233 32.0471 31.9653 0 123.069 137.045 33.7241 
37.544 22.2385 26.7692 6.27817 26.9775 1.1087 0.293695 194.781 8.3917 50.2724 160.374 34.2787 1.65539 11.5989 11.2048 28.9757 0.154886 0.0390725 28.5698 0.280265 3.71674 4.1574 10.0208 14.5725 34.0935 0 6.66452 61.2721 
0.0188802 27.7936 8.04142 27.5909 45.6612 20.0511 57.0814 0.0492525 1.11924 8.28568 77.4642 97.4908 5.5963 11.2974 14.8052 0.708116 22.4235 27.1557 21.682 0.0469616 5.47862 4.96515 13.3658 10.9393 6.30513 25.5599 0 59.9217 
7.95651 2.40823 21.484 0.218433 1.44299 2.21076 29.9515 3.65813 89.9354 30.5524 41.4917 125.119 26.5261 9.49025 0.00420739 16.6935 23.6504 49.8822 2.32242 5.365 31.1657 0.249348 4.91701 12.6566 12.4238 44.4627 2.36193 0 
