0 568.495 158.037 295.601 262.048 8.54854 46.2792 138.975 227.939 82.2909 2.02638 152.049 79.7449 1.38342 3.23662 77.8719 114.474 190.303 14.7324 175.673 103.404 10.5144 45.2913 37.2928 27.2726 32.8278 1.76399 47.0142 
327.357 0 445.579 41.6138 124.219 38.3245 431.207 32.6776 326.682 129.203 2.06724 154.009 58.1663 49.5244 46.6142 51.7701 14.7422 576.561 109.814 93.1404 41.5294 12.6695 30.7367 49.9878 81.4969 81.7764 54.1398 54.2724 
142.213 105.074 0 188.371 183.673 36.1823 50.8803 231.19 107.292 3.31855 31.048 157.388 12.2025 16.3977 32.7833 13.7255 36.7766 51.3326 57.2212 1.73586 118.254 11.8026 7.25276 1.93811 0.199135 22.9829 1.42094 8.02149 
109.653 43.4865 82.9799 0 39.4178 8.40545 189.157 857.123 289.263 106.352 43.5627 0.631523 0.52714 19.9229 17.6673 0.0816935 14.8324 42.2011 48.9097 11.8199 422.943 16.3694 4.81321 26.5513 26.387 37.1932 6.91094 0.687014 
265.053 341.773 92.9893 141.064 0 84.2776 4.11942 173.797 143.294 327.61 62.2244 179.779 72.6542 35.1718 0.0484646 6.63274 120.235 118.456 131.111 34.3554 130.814 25.5552 36.4416 38.5286 6.83454 63.7477 20.4427 22.841 
17.2339 204.989 3.45952 12.9339 254.548 0 480.18 149.24 260.386 954.181 39.7741 89.6876 128.187 14.6133 25.7236 12.8014 62.8058 44.7624 87.0688 19.4474 6.39376 10.5898 0.0735905 0.00686506 8.38039 24.5845 0.855169 21.4295 
16.213 76.1413 249.539 140.648 102.022 233.961 0 362.063 1298.23 314.711 417.751 61.1603 9.657 6.05146 128.052 21.4735 9.08043 75.9483 26.5366 0.505793 10.5616 25.4986 66.6034 17.7944 61.2035 96.6313 44.9463 42.4552 
21.6623 285.256 262.18 391.88 31.414 195.958 57.7792 0 622.718 139.051 216.174 222.243 63.3226 125.433 7.03028 247.081 62.7599 8.49318 110.276 5.62906 192.039 22.0563 27.8122 127.513 126.41 190.014 100.331 7.86879 
9.86387 68.1592 349.167 197.78 117.77 263.765 3.31353 627.97 0 228.394 296.283 0.122059 1.47011 86.8844 50.805 148.208 83.8109 0.0273607 51.9658 43.5212 40.5718 55.41 8.30374 49.1332 102.534 8.90804 17.1008 97.732 
7.99622 50.7851 113.734 12.2538 332.313 115.399 4.70349 78.5324 36.3943 0 144.576 225.187 177.163 82.8627 112.737 8.92926 17.657 84.7393 85.4707 0.00925907 15.6038 4.88334 43.852 59.9401 71.1079 0.0164144 2.04679 27.3905 
86.8658 246.832 4.47082 176.847 37.5608 176.532 11.1856 317.535 309.374 72.122 0 74.3787 74.1668 82.5684 101.391 117.053 26.1623 170.765 30.8023 1.63552 127.317 1.19659 93.7252 91.3983 2.26491 47.2566 4.93727 110.109 
15.9358 80.2907 167.422 172.103 64.3885 24.4673 180.023 917.849 147.83 149.396 487.163 0 145.1 161.246 199.134 110.367 7.79078 85.7876 31.6373 66.489 53.8428 33.5506 34.8412 30.3757 259.777 399.489 110.134 4.39072 
2.64218 6.25882 19.5666 49.5915 130.051 64.9517 94.9697 13.6056 169.164 239.333 0.70841 104.902 0 71.1976 0.158683 30.1368 15.8033 4.95308 0.542018 0.00263281 0.862323 73.634 62.8373 8.14296 54.9042 1.80331 4.9346 9.61739 
11.4977 66.6646 5.84572 4.61601 9.17768 5.97945 77.833 56.2787 120.712 73.8681 49.3163 166.551 4.4548 0 6.47935 7.29711 17.8416 53.5571 4.94796 0.210927 1.25867 10.0662 4.00708 4.00066 16.1352 11.4025 11.1797 3.17306 
59.2949 30.5947 1.0291 15.4955 0.534796 30.1847 33.3857 133.225 210.177 14.6254 42.3821 3.52213 44.6809 18.9154 0 65.8847 1.49178 65.6393 21.2556 10.0069 32.9307 11.3006 5.75522 3.25003 31.0185 8.07929 17.9266 5.19773 
23.3245 83.0986 9.24056 25.6489 64.3214 8.18154 6.12746 255.915 11.63 13.7279 226.38 444.963 4.49812 1.53885 3.62693 0 1.76823 24.278 24.2874 7.95121 2.49245 4.12309 10.6556 17.1425 5.00026 23.2432 11.0664 19.0288 
52.7927 34.9758 39.1223 44.9396 9.77259 59.4522 94.1389 49.808 54.2993 70.9554 2.55899 5.26445 23.3123 0.201901 17.6434 5.35126 0 105.11 76.2748 3.18091 60.6591 21.2058 11.74 5.34421 8.38769 16.6661 20.2312 23.3033 
152.888 371.208 156.065 17.2926 182.817 110.347 0.393883 159.698 218.381 136.181 9.17724 49.882 0.453082 49.1517 6.48989 12.3052 3.94898 0 138.509 3.07842 32.5436 29.3636 18.2257 2.58261 57.6433 1.23294 44.8061 50.7988 
13.1199 76.9438 1.50189 41.742 252.048 0.738966 83.4989 100.14 3.22465 55.6258 17.3611 82.3228 9.36333 1.28617 28.5676 27.0522 208.468 71.8206 0 30.0541 71.5682 24.87 15.4733 0.643576 18.1384 20.4558 0.477831 4.29823 
152.07 107.284 9.98064 7.4984 32.7281 14.8112 29.9214 116.283 52.5199 1.39107 13.7393 85.9423 0.0355101 1.06271 8.00358 6.73797 33.9563 1.80849 4.00735 0 129.865 6.30127 3.13479 1.50152 12.2469 4.99636 7.34416 5.21608 
79.2546 49.3004 72.7193 33.2656 11.0189 2.98227 89.9109 160.402 64.3572 39.3411 137.35 117.068 44.2035 26.7945 0.629274 60.6708 45.6983 59.5333 59.3196 0.0559817 0 31.6022 39.9725 41.9945 9.19367 1.4914 0.694356 0.520454 
21.62 4.42241 3.994 14.537 45.399 20.1135 23.4043 31.4802 43.4055 19.4951 35.8233 65.3426 65.2103 2.32055 13.0659 8.4692 0.30156 33.0235 23.8678 1.96008 28.8365 0 10.3156 0.273291 9.06638 3.20562 12.1521 10.5426 
43.2811 28.3272 8.13192 5.91043 2.02825 5.19526 49.0899 101.911 40.2742 17.5802 27.4957 1.11102 91.2102 6.32895 3.77054 1.61242 3.7162 32.5191 10.8411 0.00694272 0.539572 7.14137 0 3.59349 17.2463 10.3932 13.4599 3.96943 
49.6252 59.0886 15.6644 15.9957 5.13676 4.69318 4.13024 42.3814 10.3125 39.2512 21.8802 38.8818 51.0529 8.46666 14.6369 2.24614 19.4608 29.3821 23.9359 6.32792 25.151 0.0777301 18.5957 0 44.6878 1.4259 11.7169 12.9247 
67.9418 26.4865 6.98539 47.395 65.5987 12.6806 25.3906 162.054 75.9068 57.9927 15.4233 945.235 40.7585 1.59724 18.4115 63.2993 8.67728 0.802294 26.4284 0.0953954 17.6792 88.396 32.1082 30.3593 0 123.643 158.724 44.174 
37.0486 21.8031 26.8333 6.01563 26.6338 1.04143 0.22257 192.36 8.95787 49.7705 159.76 39.6635 1.56275 11.6573 10.9259 29.2487 0.169117 0.0266585 28.6283 0.297411 3.57119 4.1973 10.0437 14.6577 34.2355 0 6.39662 60.8356 
0.0122372 27.9914 7.96347 27.5905 45.7431 20.0641 57.1934 0.0770023 1.20318 8.42974 77.7098 98.123 5.68646 11.2939 14.8862 0.747733 22.421 27.2866 21.7232 0.0426114 5.5733 4.92289 13.3523 10.8211 5.87034 25.892 0 58.1165 
7.76866 2.30126 21.5237 0.188827 1.37415 2.1487 30.3142 4.00148 90.2639 30.8354 40.8281 123.517 26.3543 9.53963 0.00890882 16.5422 23.6745 49.9398 2.27553 5.40714 30.9734 0.259425 4.87189 12.7074 12.4322 45.4714 2.98778 0 
