0 562.863 89.202 356.883 226.762 238.843 103.604 213.644 484.15 107.115 12.7199 110.851 68.1772 3.62569 0.641259 80.4073 335.895 144.78 5.62319 197.34 50.9185 8.1475 46.5253 31.3108 258.604 43.4595 3.56879 41.6578 
285.236 0 168.303 233.572 356.441 231.704 208.829 3.90232 627.127 73.3926 3.59797 117.013 38.1101 41.3404 60.5556 62.4265 252.012 578.655 139.481 120.21 19.9444 9.28268 36.1341 44.6972 308.218 77.4904 53.0486 58.3718 
72.22 403.981 0 252.18 155.174 53.423 136.211 274.611 362.618 15.7823 90.0732 181.47 5.82467 15.4113 29.3914 9.58687 29.3185 20.0846 51.2781 4.90348 100.919 11.2644 8.60873 0.891792 0.0805796 19.3998 0.665485 5.76645 
498.141 233.107 324.91 0 72.7756 235.264 203.296 709.228 402.83 105.818 86.1697 14.7095 0.0842794 21.6903 23.8189 2.49528 242.886 19.5459 55.0854 21.8028 275.053 16.6871 3.12489 25.6891 243.005 42.1829 4.75881 0.0153594 
234.118 513.516 44.1264 159.392 0 41.0605 89.36 139.372 58.2114 319.035 24.4119 177.157 43.7724 26.956 1.37051 12.534 95.9608 72.2285 41.6849 48.4663 131.959 20.6125 41.3889 43.1608 11.3424 58.5824 23.8687 18.2684 
231.9 356.854 0.171668 246.038 292.557 0 699.494 96.689 263.658 195.666 116.086 60.5393 117.994 11.3562 33.1134 8.71862 281.843 65.9304 76.5932 16.621 2.31174 8.42362 0.542887 0.151355 231.859 21.8232 0.321503 22.3532 
59.5739 292.09 221.952 87.0182 257.822 463.527 0 254.869 293.845 494.237 256.68 19.4981 37.2736 0.781413 140.763 36.7398 17.9004 122.066 9.28796 0.555496 2.95518 19.6119 70.4587 11.0887 49.2051 99.4437 40.1787 50.0947 
74.9746 293.331 273.617 263.469 10.1157 214.306 169.366 0 384.637 177.812 303.587 889.14 45.2427 118.257 0.206888 256.491 53.2223 1.14674 114.875 15.5407 205.287 27.6194 16.2239 137.219 164.741 127.068 99.8541 0.84316 
252.667 234.118 94.5325 524.558 212.77 265.382 860.222 395.846 0 104.066 691.999 34.1019 1.70424 115.374 5.54462 152.214 318.163 6.92057 31.3778 29.6497 20.1446 50.0645 17.6275 36.0173 306.997 0.780407 11.3579 93.1272 
0.661687 103.289 105.445 26.3774 294.067 84 158.448 40.9347 138.999 0 443.544 187.673 61.2852 83.7511 83.0741 1.50918 25.9611 104.667 65.6405 0.586916 8.91432 9.63101 36.1494 57.5122 68.4324 2.01661 4.00695 21.3719 
57.614 209.082 41.3797 138.903 80.4037 90.9548 121.829 366.829 756.066 353.318 0 238.451 30.4061 29.678 0.102624 180.559 34.4281 169.669 45.5371 5.27902 138.343 0.0425719 70.1955 109.562 0.387062 19.9714 1.66465 109.092 
1.60128 46.2597 134.211 232.458 41.9803 48.8951 118.773 892.913 53.466 196.552 512.12 0 130.368 140.632 108.787 407.158 4.0751 68.2384 22.9265 54.841 33.987 41.0069 55.7601 5.12345 332.988 310.968 117.795 23.3628 
7.75667 0.566602 28.8012 57.2578 154.638 53.4089 51.2845 26.3008 138.098 118.205 18.124 83.569 0 122.375 8.17599 17.1304 11.2475 1.3804 3.20185 0.277149 0.0464312 84.1804 44.8017 2.71759 55.8801 4.48249 6.90665 6.73553 
16.2644 61.6085 8.22888 7.1733 15.4331 9.12416 63.9814 35.5834 137.206 81.6704 9.47427 158.965 4.76518 0 7.13744 13.8617 18.9975 53.3008 6.922 0.397156 2.81351 10.7287 0.416316 1.61834 15.0099 12.4866 11.3074 2.08876 
65.0428 44.2478 0.00328949 9.75865 0.437178 36.6266 61.8818 165.873 165.018 41.7431 12.7699 13.7163 20.7473 56.2122 0 8.41343 0.636231 61.9168 17.3854 10.7056 38.4053 13.3015 1.1334 9.11478 31.2669 14.0221 16.5818 7.9436 
13.7237 78.5409 13.37 33.5251 57.3833 12.2224 16.5252 248.118 1.02553 28.046 194.331 447.096 13.1705 6.7885 56.8421 0 2.88174 18.5224 26.3239 7.1128 0.493244 5.46664 8.16421 5.92481 5.93495 14.2178 8.86309 21.3094 
289.495 241.562 45.5794 261.174 1.00815 286.308 83.4993 59.431 265.428 77.0858 0.484571 2.28553 28.8173 0.604299 19.933 7.02201 0 29.3942 70.4788 1.53015 56.6919 21.0316 10.5781 4.22659 231.522 14.6959 19.467 22.599 
102.747 299.343 132.663 39.1575 216.084 120.61 5.91938 140.944 207.511 123.04 21.7109 34.2014 2.99681 51.4289 11.2398 17.4724 12.0761 0 148.376 0.219527 21.1824 31.8492 21.6236 4.5633 59.1042 0.140226 44.9124 51.2479 
4.6059 45.1483 0.00167874 49.1118 159.736 7.79126 110.561 89.949 0.00572724 35.9704 29.7878 89.229 4.1538 0.465401 31.7531 25.1468 241.988 47.037 0 26.9089 72.625 24.2264 13.8209 0.203078 20.4193 22.7397 0.165048 5.69755 
216.229 77.2184 14.9438 1.64536 46.7638 11.5849 17.7021 117.072 67.0325 0.102772 21.4762 92.3026 0.585312 0.760261 8.96922 7.62172 33.2981 6.8154 1.954 0 2.71258 6.19117 3.37703 1.97127 12.9608 3.83656 8.01878 6.12294 
32.2258 25.9052 47.0355 68.4245 3.93559 7.44778 107.309 128.679 91.9365 29.5959 145.143 136.552 37.9102 23.01 0.00316458 62.5784 50.8816 73.3115 63.9234 97.3293 0 32.2096 40.0628 38.9634 5.38724 4.19067 1.6642 0.016968 
18.8095 7.0107 3.12185 13.6315 49.1725 20.4907 29.4652 37.2458 49.2799 12.9601 43.7137 70.0909 78.2016 3.81592 11.0384 7.16554 0.0784943 30.6247 22.9027 1.62101 27.5437 0 6.96889 1.23389 11.9357 4.03579 12.5092 10.4962 
40.7086 33.7855 9.42135 4.07793 4.48506 7.03032 56.8912 98.6358 54.4206 10.7214 10.8436 8.81963 87.8292 1.84546 0.318418 4.02763 2.83045 35.4612 9.14171 0.0529018 1.4616 10.4768 0 14.7406 12.5962 10.164 13.1568 3.04788 
53.3924 55.9197 15.3929 12.4542 8.49888 3.05388 8.88271 21.208 19.7011 46.3008 40.6253 9.30256 41.1292 5.98913 7.60993 0.447711 20.0847 25.5988 23.6918 6.3534 29.3032 0.764154 19.7629 0 36.6133 0.283141 9.17221 13.7903 
297.533 257.616 3.94368 265.622 67.219 238.473 15.258 122.862 318.246 49.9362 3.46406 830.835 35.4076 3.29701 23.4652 33.125 231.48 0.0510183 27.9513 0.00106912 23.2449 30.0763 29.4381 47.4137 0 66.8969 92.5787 63.1228 
47.6661 31.6722 24.8743 12.5701 34.1595 2.91499 3.87852 229.476 0.795689 59.9201 166.332 12.7756 4.10755 10.1855 17.1098 21.7942 0.000925849 0.811434 27.208 0.0401063 7.27741 3.35859 9.40467 12.5311 30.3422 0 12.9598 61.96 
0.469849 23.751 9.65621 27.3589 43.7904 19.661 54.4155 0.839793 0.0654593 5.56174 71.7753 83.2461 3.88528 11.2852 13.0609 0.130269 22.4128 24.4439 20.78 0.182225 3.69699 5.84328 13.4949 13.2915 18.0228 18.4197 0 88.3156 
12.203 5.1022 20.4383 1.28883 3.20858 3.64845 22.7195 0.00932476 82.147 24.7502 55.4131 153.865 29.9772 8.40468 0.290827 19.4888 23.0768 48.4447 3.37627 4.50897 35.0222 0.0861637 5.83962 11.4875 11.8359 22.2668 5.84213 0 
