0 240.708 68.3764 79.2063 211.333 12.7056 122.992 234.175 259.835 114.137 17.6366 98.2291 64.5145 4.49728 0.246094 80.5369 104.415 129.661 3.67514 211.383 37.6216 7.47588 46.7563 29.469 30.9392 46.6564 4.22911 39.9429 
14.1753 0 82.6336 14.4658 420.898 2.20276 141.588 0.666083 406.714 58.0511 8.38566 105.506 32.5702 38.78 64.621 65.3959 27.3584 1093.37 147.062 126.678 14.7627 8.33897 37.7194 42.977 78.6423 75.7255 52.5944 59.4332 
52.585 457.303 0 173.366 142.501 57.6276 162.98 276.472 422.854 21.0949 110.93 185.41 4.31602 14.992 28.0106 8.37733 27.016 13.0593 49.0844 6.11324 94.3132 11.078 8.99893 0.649737 0.254183 18.1918 0.490915 5.13066 
306.841 13.2799 293.993 0 83.495 7.3045 201.881 378.119 135.857 104.392 100.111 26.9302 0.356928 22.1008 25.6269 3.8445 14.3045 14.1198 56.644 24.9988 481.738 16.7488 2.67186 25.2508 10.9219 43.1932 4.17004 0.00810792 
219.705 530.401 31.6628 162.197 0 32.7513 131.906 128.141 38.3361 303.362 16.0454 175.056 35.9669 24.5411 2.52095 14.6137 88.0338 59.3693 22.7776 52.7752 131.564 19.1598 42.7986 44.4684 12.8849 56.7973 24.9104 16.9366 
1.14469 102.93 1.2183 19.6047 724.872 0 1375.45 80.7183 5.54515 232.739 142.327 52.0536 534.92 10.3508 35.0305 7.55874 50.0139 72.3538 72.2706 15.6942 1.46612 7.78052 0.767185 0.281991 1.84117 20.8652 0.209784 22.5496 
76.6485 361.365 202.565 70.9163 304.64 796.12 0 216.532 47.9167 508.592 202.169 11.1409 48.481 0.160804 142.178 41.759 21.0408 136.199 5.71008 1.40158 1.56078 17.9113 71.2313 9.31357 45.4916 99.404 38.6726 52.2985 
95.5726 289.987 265.213 147.111 5.88658 214.744 208.013 0 293.508 187.876 324.935 1002.28 40.0912 114.767 1.95091 247.928 50.2979 0.257932 115.703 19.3645 207.126 29.3439 13.2117 138.394 173.766 106.32 99.1518 0.11599 
32.4722 1.21515 38.9643 314.289 240.754 6.21792 1175.04 304.844 0 71.7427 816.664 55.2058 4.25323 122.653 65.133 151.093 91.0097 11.3209 25.8972 25.7614 15.1913 48.3464 20.9927 32.2056 70.7692 0.0573789 9.81307 91.2225 
0.0391057 120.501 101.188 31.3797 270.934 206.541 232.296 31.3879 176.986 0 518.955 173.74 35.008 82.8866 72.8912 0.469181 28.6539 110.26 59.4591 1.05131 7.22177 11.3238 33.7114 56.4142 67.1685 3.26091 4.7163 19.6051 
49.4065 194.883 58.488 125.545 95.2541 67.1534 171.888 372.819 839.789 442.563 0 294.245 20.4243 18.0067 7.62308 196.146 37.032 168.201 50.2718 6.76278 140.984 0.00394597 62.8485 114.107 1.59869 13.6801 1.01084 108.017 
0.183614 37.2936 122.209 244.776 35.8412 57.2625 100.598 713.353 32.6976 208.607 494.216 0 125.118 131.874 82.0743 467.2 3.17544 62.9707 20.4837 51.2063 28.6411 43.254 62.3845 1.54937 285.532 256.476 119.208 31.6222 
9.79226 0.0480332 31.7365 59.363 160.643 64.0611 39.8191 30.7858 127.66 83.693 27.6418 76.9896 0 134.778 12.8155 13.7206 9.98934 0.7298 4.42581 0.490736 0 86.4295 39.2371 1.6274 55.944 5.50791 7.55443 5.94694 
17.8013 59.7727 8.96075 8.01074 17.5569 10.1219 59.4005 29.8553 140.371 82.9974 3.31002 153.526 11.9246 0 16.9569 15.5899 19.317 53.0537 7.56287 0.463933 3.39699 10.8335 0.0356542 1.06553 14.5513 12.7047 11.3113 1.79569 
66.467 48.4979 0.146446 8.19209 1.16815 38.144 71.0827 172.991 147.807 51.5874 43.0496 28.4725 14.8928 61.2912 0 0.791589 0.446803 60.551 16.2232 10.8861 40.0009 13.8563 0.408635 11.2265 30.9785 15.9109 16.1195 8.83352 
11.2125 76.6284 14.619 35.5841 55.0441 13.4886 20.4839 234.745 0.0760102 32.9729 178.45 376.386 16.53 8.78087 73.9051 0 3.26514 16.8659 26.8748 6.83804 0.189325 5.88142 7.29889 3.33488 6.83161 11.4933 8.19763 21.8072 
63.2909 7.70827 47.291 28.7751 0.125048 56.8077 79.9065 62.286 31.7089 78.6005 0.17757 1.61989 30.5102 0.767122 20.6041 7.55592 0 14.631 64.4658 1.14326 55.3648 20.9506 10.223 3.90784 1.29148 14.0941 19.2169 22.3552 
87.7249 217.429 123.056 46.9196 223.224 122.385 11.1864 134.445 201.998 118.215 26.3985 29.864 4.19362 51.9635 12.8828 19.1456 25.816 0 149.746 0.00590401 18.1236 32.5663 22.6587 5.261 59.3733 0.0228115 44.8719 51.27 
2.85617 36.5428 0.101494 51.1178 128.92 11.2588 118.106 86.5228 0.413531 30.4881 34.0142 91.0355 2.96951 0.296367 32.6224 24.5076 238.041 40.0526 0 25.8778 72.7225 23.9865 13.3098 0.118197 21.0885 23.3939 0.10226 6.14921 
225.139 67.5957 16.4454 0.68423 51.0797 10.607 14.4836 116.252 71.265 0.00354903 24.0473 93.7023 0.880634 0.676857 9.24234 7.86667 32.9772 8.90768 1.46887 0 2.47122 6.14956 3.44502 2.12045 13.1373 3.50113 8.21444 6.39635 
21.4537 20.0435 39.6171 51.4747 2.47612 9.15175 112.149 118.38 100.418 26.7995 146.721 141.752 36.0052 21.858 0.0278868 62.8537 52.3643 77.3952 65.1519 153.962 0 32.3537 39.9994 37.9523 4.41595 5.2563 2.03628 0.00238436 
17.9627 7.89213 2.87211 13.335 50.191 20.5146 31.3233 38.976 50.9751 11.172 46.0795 71.2963 81.3581 4.30504 10.3916 6.75587 0.0394513 29.8654 22.5705 1.52263 27.124 0 5.95177 1.64772 12.8519 4.29491 12.5921 10.4636 
39.8196 35.4064 9.78325 3.57216 5.40098 7.60228 59.0275 96.9068 58.6975 8.9055 7.17579 12.4896 85.4059 0.865689 0.0178768 4.88166 2.5822 36.295 8.63671 0.0751571 1.8256 11.4029 0 17.701 11.1463 10.0292 13.0058 2.78233 
54.3241 54.7544 15.2263 11.384 9.65239 2.61277 10.6247 15.9652 22.9938 48.2435 46.9503 4.1647 37.982 5.16369 5.74165 1.74056 20.2434 24.4437 23.5693 6.34384 30.5322 1.10336 17.6292 0 32.9257 0.107744 8.40096 13.9856 
68.8929 29.9064 3.16577 33.5849 67.4561 9.08505 12.595 109.476 93.4241 47.2812 1.49384 520.885 33.7173 3.90259 24.8388 53.0901 1.14938 0.000519451 28.3559 0.0185059 24.9901 68.2862 28.1301 44.5347 0 119.074 54.8368 40.4235 
50.7987 34.8139 24.0594 14.853 36.4618 3.64596 5.83149 233.555 0.0615903 62.6512 165.505 42.2091 5.09549 9.6635 18.9731 19.0879 0.00719652 1.25999 26.7143 0.00909688 8.622 3.11469 9.15462 11.7861 28.8695 0 15.1869 58.9068 
0.737088 22.4812 10.1706 27.1901 43.1238 19.4895 53.4299 1.62707 0 4.796 69.733 78.3209 3.40064 11.2479 12.4806 0.0429849 22.3851 23.5759 20.4714 0.243241 3.19838 6.12482 13.4765 13.9953 22.5414 16.1231 0 92.1276 
13.6925 6.1473 20.0184 1.80691 3.90508 4.16525 20.536 0.232251 79.2976 22.9328 59.8665 160.907 31.0361 8.03595 0.532213 20.2284 22.8638 47.8896 3.74563 4.24251 36.2002 0.0519777 6.12829 11.0713 11.4927 15.7014 13.0788 0 
