0 285.318 53.3657 160.705 198.313 128.753 138.086 248.774 375.31 119.306 21.9053 88.6464 61.6645 5.22539 0.0682385 80.4326 215.582 117.887 2.44986 233.026 28.5318 6.97448 46.8883 28.0504 145.277 49.0858 4.77156 38.6005 
113.884 0 33.9624 141.502 462.775 118.287 95.7191 0.00616119 521.76 47.1065 13.3731 96.6931 28.5243 36.7988 67.6644 67.577 144.348 472.444 152.327 130.962 11.2638 7.6411 38.918 41.6229 191.357 74.2308 52.2068 60.1892 
38.9415 472.999 0 105.566 131.835 60.3931 182.394 274.095 454.566 25.58 127.209 187.277 3.30053 14.6347 26.8546 7.47455 25.2478 8.60467 47.2915 7.10774 88.9092 10.9275 9.29075 0.48857 0.453019 17.2353 0.374243 4.65947 
441.064 139.809 347.406 0 91.7319 121.724 198.986 933.628 220.869 102.908 110.872 38.4966 0.694176 22.3744 26.9824 5.05851 127.966 10.4874 57.7331 27.4493 662.186 16.7852 2.34381 24.8605 121.906 43.7964 3.73905 0.0648092 
207.345 529.869 23.2226 163.419 0 60.3551 167.709 119.375 25.5685 287.699 10.734 173.041 30.3587 22.7194 3.63514 16.2948 81.849 50.0577 11.8491 56.0616 131.027 18.0602 43.8505 45.4402 14.1222 55.362 25.7112 15.9322 
113.755 197.446 2.65346 135.05 198.629 0 863.78 68.829 113.913 190.29 162.423 45.7532 533.416 9.5805 36.3728 6.70181 161.033 77.2219 68.6534 14.9652 0.944031 7.29262 0.964634 0.409404 114.39 20.0964 0.139871 22.6737 
90.6393 409.977 185.063 59.0607 337.781 930.546 0 186.692 2.00251 504.202 161.511 6.24312 57.8047 0.000828753 142.457 45.691 23.587 146.893 3.5292 2.30922 0.786082 16.6349 71.6958 8.03846 42.6358 99.0902 37.4982 53.9491 
112.332 285.622 255.23 99.6507 3.39114 213.415 237.745 0 225.004 194.93 339.107 1029.78 36.2635 111.704 4.48151 237.988 48.0468 0.00549506 116.157 22.5324 207.827 30.6785 11.0756 138.718 179.672 90.5568 98.4383 0.0109112 
153.668 116.416 11.787 437.044 261.168 113.72 1295.74 235.852 0 50.1242 1385.1 74.2771 6.97324 127.707 115.396 149.501 205.614 15.3939 21.971 22.8987 11.818 46.998 23.7278 29.3506 178.457 0.0656955 8.69124 89.6061 
0.0763111 133.767 97.4304 35.3976 250.364 314.019 290.801 24.7764 206.734 0 562.954 162.45 19.2989 81.8713 64.9466 0.0703749 30.7686 114.378 54.7161 1.49795 6.03213 12.6971 31.82 55.4613 66.0607 4.4103 5.29675 18.2712 
43.3801 183.315 72.9787 114.953 107.037 50.5517 212.985 374.367 910.24 502.35 0 336.189 13.9922 10.8533 25.9189 206.37 39.0587 166.722 53.9715 8.01771 142.78 0.0728055 57.2251 117.245 3.08402 9.58501 0.617246 106.954 
0.0467889 30.9293 112.606 251.877 31.3696 63.8928 87.0894 548.785 19.9282 216.944 472.961 0 120.867 124.512 63.0364 491.379 2.55706 58.9606 18.6748 48.3981 24.7789 44.9711 67.4927 0.207947 291.178 210.774 119.995 38.6271 
11.5024 0.0367251 34.0178 60.9024 164.729 63.6961 31.7812 34.4111 119.433 59.9244 36.1412 71.9386 0 142.673 16.9968 11.3079 9.06333 0.368521 5.49379 0.695723 0.0278406 87.8282 35.0178 0.974374 55.9196 6.3601 8.06761 5.36882 
19.0073 58.2742 9.52092 8.66962 19.2521 10.8948 55.802 25.6892 142.17 83.6683 0.707504 148.445 19.4086 0 26.1826 16.7449 19.5526 52.8108 8.06766 0.518434 3.87995 10.8827 0.0274172 0.710941 14.1649 12.8354 11.3034 1.58277 
67.4543 51.7683 0.399625 7.05677 1.96637 39.149 78.1702 177.42 133.955 59.4204 76.7148 42.9592 10.9637 61.8212 0 0.476972 0.323528 59.4305 15.3366 11.0145 41.2031 14.2633 0.0952664 12.9007 30.6441 17.3609 15.7482 9.53058 
9.42708 75.0018 15.5651 37.0299 53.182 14.4642 23.7437 221.465 0.0852828 36.8802 164.802 308.248 19.3069 10.3448 83.4876 0 3.57394 15.625 27.2763 6.62119 0.0525386 6.20092 6.61754 1.79425 7.70135 9.49057 7.68975 22.1236 
178.688 117.758 48.5177 139.447 0.0217449 169.59 77.0462 64.4537 141.44 79.6501 0.044033 1.18436 31.816 0.905061 21.1118 7.97446 0 6.61105 366.257 0.882776 54.3075 20.8795 9.94923 3.66923 113.644 13.6305 19.0189 22.1581 
76.5057 159.75 115.076 53.1379 227.657 123.304 16.3029 129.237 197.11 114.274 30.2565 26.6803 5.24468 52.3242 14.2049 20.4611 39.4851 0 150.268 0.0504413 15.9063 33.1056 23.4547 5.82715 59.5249 0.000438292 44.818 51.2509 
1.78755 30.3841 0.353727 52.5754 105.766 14.2921 123.606 83.7964 1.16348 26.4808 37.3864 92.3287 2.18918 0.191956 33.2577 23.998 228.312 34.9271 0 25.064 72.7269 23.7882 12.9142 0.0683802 21.5951 23.8839 0.0641082 6.5048 
227.883 60.2263 17.5799 0.224864 54.3816 9.8612 12.1902 115.292 74.4375 0.0199599 26.0853 94.6034 1.14776 0.615478 9.44548 8.0469 32.6929 10.6843 1.14095 0 16.1606 6.11498 3.49552 2.23704 13.2601 3.24931 8.36198 6.60569 
14.5299 15.9862 34.1519 52.2519 1.57894 10.5649 115.704 110.352 106.906 24.7085 147.678 145.493 34.5446 20.9727 0.11466 62.9683 53.4739 80.489 66.0411 198.935 0 32.4518 39.922 37.1478 3.72971 6.15019 2.34677 0.0348095 
17.3139 8.59901 2.685 13.1003 50.9325 20.5043 32.7533 40.2976 52.2478 9.86744 47.8832 72.1459 83.4965 4.68821 9.88755 6.43808 0.0184545 29.2719 22.3029 1.44839 26.7925 0 5.18912 2.00095 13.5644 4.49611 12.6478 10.4327 
39.1036 36.6378 10.0508 3.20095 6.15698 8.04445 60.5868 95.3557 61.9526 7.60456 4.84318 15.6946 83.134 0.344259 0.0393474 5.55847 2.39783 36.9167 8.25221 0.0948721 2.1317 12.0693 0 19.4118 10.0438 9.90562 12.8714 2.58324 
54.9706 53.7974 15.0723 10.5689 10.5791 2.29307 12.0515 12.378 25.6469 49.6645 51.9479 1.57806 35.5438 4.52825 4.44071 3.26367 20.3557 23.5548 23.46 6.33105 31.4653 1.40265 15.3954 0 29.8519 0.0291861 7.81289 14.1137 
182.344 144.217 2.61862 144.463 67.5573 122.092 10.6943 98.9933 209.756 45.1885 0.530327 750.836 32.4018 4.39214 25.8289 70.7976 113.424 0.017809 28.6484 0.0464234 26.3452 88.1572 26.9945 41.0226 0 120.288 158.869 116.143 
53.16 37.2596 23.3698 16.6732 38.2302 4.25493 7.58506 234.208 0.0613566 64.6189 163.979 74.7781 5.91997 9.24279 20.3723 16.9497 0.0300909 1.67036 26.3156 0.000214374 9.72099 2.9308 8.94594 11.1891 27.6665 0 16.94 55.6076 
0.982752 21.5116 10.5654 27.0296 42.5884 19.3424 52.6287 2.40476 0.0382004 4.24143 68.0923 74.4386 3.04782 11.2084 12.0277 0.00791963 22.3558 22.9071 20.2271 0.296018 2.83759 6.3418 13.4428 14.5177 26.1467 14.3835 0 92.9421 
14.8794 7.01015 19.6684 2.26109 4.48374 4.58076 18.9029 0.85776 76.9979 21.5507 63.2725 165.501 31.8359 7.74605 0.765796 20.741 22.6901 47.4312 4.04061 4.03986 37.0883 0.0315063 6.34799 10.7384 11.1881 11.1943 20.2302 0 
