0 14.0537 7.74124 16.8546 136.056 48.1621 199.363 294.855 273.48 138.322 44.1804 50.813 49.4296 8.8379 0.543075 78.0356 107.757 69.3001 0.00306855 260.514 3.33824 5.00457 47.001 22.0852 52.953 58.8936 7.39262 32.7397 
141.485 0 74.6095 146.407 528.117 60.9136 0.0106034 14.8134 385.558 11.9006 45.9584 60.944 13.8534 28.4131 79.4529 75.6461 65.949 966.306 168.246 141.461 1.55114 4.96947 43.7517 35.6422 90.7921 66.6821 50.2021 62.7815 
2.53466 297.9 0 59.9866 81.9604 66.5992 241.009 229.82 413.274 47.4188 191.55 183.637 0.478531 12.8198 21.2464 4.03615 17.9352 0.0010406 38.8743 11.7759 64.0255 10.2243 10.4313 0.0570841 1.90754 13.0289 0.0536121 2.8594 
334.546 143.439 104.228 0 124.64 32.3013 170.681 1096.44 31.2701 93.1326 154.075 103.063 3.33341 23.1073 32.23 11.6503 33.0961 0.944747 61.2049 37.1738 644.664 16.8323 1.16753 22.7254 16.0836 44.5868 2.14004 0.902268 
146.519 406.21 1.45973 159.379 0 308.129 323.083 82.2348 0.00413182 195.811 0.0136803 160.825 11.2087 15.4588 10.4587 24.1003 55.7003 17.9906 5.51611 69.3767 126.535 13.606 47.9553 49.197 19.808 48.748 29.0915 11.8932 
20.3867 34.4652 14.1164 48.3154 822.173 0 646.797 25.9032 154.103 717.303 236.578 22.2758 377.985 6.42975 40.541 3.50532 53.7661 96.4488 51.2923 11.7806 0.00260968 5.31359 2.03042 1.20268 14.8055 16.5951 0.000248735 22.9325 
153.979 525.279 98.3954 18.1319 428.768 228.614 0 71.5948 953.912 353.582 28.9657 1.23821 101.932 2.39407 135.859 62.526 35.4605 188.384 0.101181 8.53247 0.435555 11.5831 72.3814 3.58419 30.7732 95.0671 32.4004 60.4347 
186.941 251.12 185.631 40.1187 0.441564 192.384 349.185 0 19.177 216.975 373.153 600.729 21.6208 95.52 25.869 170.241 38.5765 3.11385 116.284 37.795 203.851 36.3785 3.95705 134.479 193.235 32.397 93.7884 3.94514 
99.1593 72.3401 73.4148 327.503 329.643 151.012 511.951 23.1792 0 0.650613 1356.08 174.539 25.3795 143.16 102.742 136.08 113.197 38.7148 8.54011 12.2531 2.08342 41.0664 36.4853 18.226 57.9807 5.51543 4.61902 81.4017 
5.18989 186.568 77.6967 53.467 148.022 497.751 483.773 4.95768 321.404 0 568.643 111.639 5.34211 74.3815 32.8182 2.29316 40.0331 129.651 35.3566 4.22885 2.12837 19.1147 23.8048 50.452 60.1464 11.0131 8.07828 12.924 
21.3033 130.502 140.797 69.7631 158.119 4.58364 382.798 351.415 640.06 599.891 0 478.234 0.121543 0.725989 191.58 228.582 47.8094 157.182 69.944 14.3659 147.997 1.31473 34.5658 126.657 14.4631 0.221833 0.0230223 100.262 
8.63311 9.96325 70.8206 256.621 15.2262 92.7472 37.5058 14.1416 1.01816 241.505 326.977 0 101.17 89.2182 7.38671 362.879 0.665247 42.6042 11.7575 36.5764 11.1459 52.0745 88.5213 8.30103 234.714 39.166 120.366 72.9503 
20.0487 3.72255 43.7216 66.557 176.326 2.39118 6.98963 51.2027 83.8967 1.53798 81.4149 51.0661 0 156.123 39.4643 3.45095 5.56893 0.198751 11.18 1.95219 0.76031 90.357 18.5653 0.0617489 55.1061 10.543 10.3803 3.20859 
24.2969 51.1834 11.8122 11.556 26.9258 14.1378 40.2923 10.9255 143.381 83.0464 10.9236 119.655 65.064 0 59.6395 19.32 20.4493 51.277 10.3078 0.778553 6.24501 10.7825 2.53846 0.000170728 12.2432 13.0161 11.1636 0.812284 
70.5325 65.3147 2.80234 3.04893 7.54554 41.6651 106.692 185.067 74.5889 92.5257 269.44 125.228 0.805389 35.1085 0 44.6306 0.0206149 54.0541 11.6877 11.4546 46.0094 15.7707 1.19654 19.9096 28.1936 23.1849 14.038 12.5512 
3.43824 66.7452 19.3068 41.5529 44.801 18.5052 39.1975 144.844 7.20121 53.8862 99.5257 35.9895 32.5287 16.3177 73.0556 0 5.01161 10.7354 28.7502 5.65896 0.417154 7.5407 3.77026 0.651797 12.8898 2.67374 5.60712 22.7856 
90.1315 12.2448 52.7426 31.5813 5.12842 69.3833 64.1916 73.2843 30.3473 82.9224 0.474982 0.0902469 37.35 1.61063 23.1716 9.81675 0 8.02768 511.168 0.147388 49.4979 20.493 8.78499 2.72419 12.9208 11.6673 18.1249 21.2335 
34.7117 107.914 77.8779 80.7189 235.43 122.777 47.1614 105.59 170.846 95.7327 48.739 14.8475 10.9124 53.3524 20.3115 26.2597 119.244 0 147.297 2.24788 7.93809 35.2678 26.8132 8.50016 59.626 0.563523 44.368 50.8217 
0.0305812 9.82935 3.08372 57.8127 26.1112 30.0035 143.159 71.5138 8.46089 12.0496 52.6073 96.8264 0.18874 0.000225259 35.6007 21.6797 138.338 16.287 0 21.4512 72.0614 22.8165 11.2204 0.00789181 23.6542 25.8201 0.000910675 8.08699 
199.556 31.153 22.0095 1.05806 67.8504 6.82461 4.46536 108.158 86.8047 0.984069 35.1948 96.6656 2.65861 0.383528 10.2329 8.72349 31.1371 19.6683 0.203372 0 171.138 5.94372 3.69123 2.7461 13.6499 2.25264 8.95667 7.47923 
0.0530948 3.64297 14.4164 159.454 0.00972299 17.4563 128.874 76.3914 133.382 16.5204 149.194 158.531 28.4313 17.2536 1.13447 62.5095 57.8484 92.9744 69.2442 328.474 0 32.7441 39.319 33.5021 1.43515 10.6121 3.8929 0.593816 
14.5981 11.8593 1.94441 12.0464 53.6459 20.1838 38.7658 45.7715 57.3011 5.10761 55.2965 74.9616 89.4413 6.33637 7.72407 5.08382 0.0171827 26.6719 21.0552 1.14829 25.3066 0 2.3344 3.7899 16.5914 5.36204 12.8043 10.2461 
35.7781 41.6606 11.0664 1.81825 9.83148 9.91395 66.2799 86.7901 75.1194 3.12318 0.0183328 32.4805 70.0637 0.816467 2.50452 8.42627 1.68153 39.3491 6.66749 0.203271 3.67623 14.2895 0 19.1091 5.73136 9.19923 12.1335 1.79668 
57.0026 49.1947 14.1793 7.26085 14.8563 1.14444 18.8509 2.03985 37.834 54.8711 73.6892 4.37956 25.3009 2.05108 0.652068 13.323 20.736 19.8006 22.8517 6.22448 35.2744 3.0028 4.27265 0 16.3039 0.248153 5.41771 14.4352 
85.0004 51.8613 0.841606 36.8496 67.1979 24.1681 4.21721 55.6363 123.692 35.9985 1.89005 739.181 26.7341 6.64621 29.2455 60.1999 12.3779 0.633723 29.7021 0.304126 32.1608 14.9487 21.2648 36.2896 0 84.3598 164.243 94.3508 
62.5063 47.7251 19.9239 24.7032 45.6124 7.23543 17.2461 213.32 5.47585 71.4737 149.346 261.281 9.99824 7.32333 25.6932 8.20165 0.301722 4.02706 24.4511 0.107637 14.9517 2.19205 7.91965 8.50783 22.1302 0 24.4047 35.1496 
2.40654 17.4905 12.2193 26.0589 40.1063 18.5746 48.8378 7.3137 1.05512 2.23921 60.5358 57.4563 1.75079 10.9367 10.0639 0.171095 22.1548 20.0671 19.1253 0.575624 1.53362 7.26196 13.1137 16.507 41.3067 7.61513 0 76.406 
20.26 11.206 17.9425 4.69226 7.33697 6.49889 12.5104 7.79087 66.3567 15.9112 77.2388 176.074 35.0646 6.47196 2.1995 22.3089 21.8596 45.1931 5.39267 3.20755 40.6573 0.0013988 7.2484 9.22373 9.71257 0.251848 58.2952 0 
