0 447.033 6.25722 220.381 25.4306 4.46921 151.622 238.88 4.07839 137.896 170.177 174.26 59.0824 53.2846 26.259 80.5096 4.75877 95.0203 1.38342 200.961 197.251 37.5713 37.6063 1.20239 3.93755 75.8022 28.8654 27.5385 
583.577 0 242.98 314.339 473.699 231.193 4.58757 35.3811 405.38 233.838 29.3166 91.4475 68.3113 70.366 33.5972 74.2475 31.9984 635.194 167.141 141.337 71.7971 1.35953 2.9558 11.3333 80.3127 14.8487 14.1703 3.86668 
1.7105 342.902 0 51.5089 6.96069 65.7475 235.244 80.5289 426.657 41.559 4.96879 187.967 26.8129 16.653 8.30446 1.41932 1.19192 149.152 46.2049 10.342 126.554 0.918381 11.2918 6.47702 10.78 11.6644 3.1084 0.104881 
86.4069 314.861 109.393 0 131.558 55.9607 14.6008 173.76 72.7413 101.878 118.353 7.48309 15.9617 0.269676 13.9215 3.45511 7.96856 21.1934 29.7564 46.9894 546.532 1.09054 1.21122 3.41519 31.2985 0.0243561 27.5662 22.9108 
19.6392 527.398 101.756 29.0677 0 395.486 52.0778 106.151 305.333 146.585 12.2213 96.4384 87.7084 53.9874 1.2962 1.0155 127.621 106.885 0.0542254 0.0138414 96.0371 37.3594 0.000168028 7.33313 46.2849 11.3528 18.0309 7.35353 
20.4278 75.9837 23.2363 67.0555 911.993 0 315.234 1.04256 444.407 112.069 22.5631 114.66 96.7745 21.2675 41.7413 26.2155 4.44022 50.5709 77.026 0.0577901 23.187 0.910734 0.0116013 3.03747 12.6708 1.23904 3.45667 0.097581 
197.275 525.269 15.1112 165.773 207.096 126.794 0 194.14 16.1892 51.2212 258.781 200.982 166.365 57.7719 1.30055 98.668 38.4758 109.497 99.5255 37.0647 127.628 56.1028 19.6495 31.2243 2.92557 33.1537 43.8172 72.5243 
308.086 221.466 38.6191 376.768 0.920332 114.235 230.352 0 314.536 185.261 285.215 979.228 125.582 116.983 0.725889 141.349 78.0791 28.6139 116.575 35.6017 177.151 27.8837 0.0239196 1.43955 65.405 232.658 80.8143 55.8577 
202.451 24.6238 35.585 334.553 131.802 446.144 1231.7 325.918 0 184.945 1598.61 348.275 29.9119 156.648 222.25 140.341 116.902 76.1723 146.215 0.0685913 152.012 67.0024 56.4571 20.2272 92.9048 80.5719 75.9299 79.7522 
93.919 1.93662 61.7985 4.19265 194.385 212.347 110.969 44.1466 333.23 0 245.854 140.811 185.805 0.679784 62.5635 74.7687 37.4965 106.415 4.18032 0.0420355 62.0324 9.30457 0.0557989 2.89187 0.852014 14.6578 5.11948 2.82482 
154.676 267.331 1.79459 107.445 103.476 201.723 120.011 359.246 745.301 156.196 0 257.275 148.693 101.015 260.454 3.33981 2.35021 2.37205 40.7414 22.9047 62.1198 78.615 114.651 112.419 31.342 150.524 74.1396 22.4975 
221.437 27.3522 93.8844 141.377 2.69662 93.3047 80.4047 324.197 101.261 3.69936 12.0219 0 27.2576 95.7393 21.9909 94.1442 2.55709 93.429 94.7656 78.9015 24.8995 15.7603 36.2177 99.3035 227.617 84.7309 115.872 148.976 
13.1446 11.0183 73.2655 21.082 116.057 33.9942 183.295 98.5447 202.158 247.012 252.612 1.79287 0 89.9661 10.2006 32.1033 17.8668 82.9004 1.33293 1.24352 17.8532 11.1802 68.2408 44.051 6.28808 42.3256 28.4402 0.810762 
44.6812 68.1361 4.64486 12.6587 0.532196 1.29815 0.0537794 33.342 122.435 1.75061 65.8397 125.441 0.378652 0 61.744 3.55109 1.5383 45.8863 2.85631 2.75906 5.85207 0.82953 3.95282 8.26872 16.4929 0.0131447 10.2678 0.0357412 
30.1778 19.083 33.3242 31.1656 0.395435 40.772 78.6407 153.723 38.2846 61.7954 330.35 92.5342 17.9459 26.8574 0 41.2824 10.7912 0.461682 18.8604 4.11936 4.1264 0.269913 0.0120039 5.04033 31.3871 7.20139 2.19715 20.9162 
12.4422 12.8219 22.417 35.0488 74.8798 4.97441 84.1125 115.353 4.40452 85.208 107.131 44.1484 3.62642 0.0875982 19.6045 0 25.9368 53.4718 19.207 0.0160648 2.6709 4.70883 11.7636 19.0167 9.41246 1.76139 14.5407 7.97763 
55.8741 9.55514 52.8823 61.1832 14.8027 15.0865 81.182 12.1219 6.22745 82.2323 56.0805 1.18437 21.0794 20.3746 29.2772 25.776 0 276.247 252.593 33.5624 39.5695 21.1687 17.9748 17.6957 28.0229 8.45127 11.4175 23.9057 
137.092 49.6321 129.983 136.222 192.142 113.852 2.62098 56.2812 131.294 121.593 166.899 57.3068 101.803 33.3491 68.9834 32.0259 159.557 0 148.684 15.7498 3.38935 0.527452 41.9333 36.5935 56.5409 41.5911 24.2803 8.87353 
0.896818 1.42859 40.8581 37.7584 50.3458 20.8092 15.5551 78.4276 88.5372 0.472391 57.59 0.734733 7.07583 2.85229 8.62488 29.8032 25.9201 19.9486 0 0.280723 65.077 3.17116 3.12003 23.0263 25.8624 30.3996 0.825269 8.86224 
132.947 17.5864 1.92214 25.0428 0.0853971 1.61104 82.269 45.1431 105.999 0.776214 45.5928 3.56981 0.771129 0.120941 2.04151 6.67884 7.32457 42.5087 21.9212 0 331.85 6.38091 1.14383 3.78505 4.87725 8.34319 0.0100193 11.5093 
176.144 63.1389 96.391 125.162 60.8501 0.627703 64.16 31.081 0.026717 35.2398 78.0603 141.428 4.7093 17.8155 51.4984 60.1529 64.2086 102.018 46.2754 194.086 0 32.6285 7.88043 44.87 60.5592 51.8623 37.3822 4.5678 
29.2663 35.5466 2.3271 1.36447 34.5848 8.45757 17.8227 37.5127 24.9609 56.3119 37.2051 0.0216592 5.46497 2.79508 13.1184 7.90538 1.00194 36.3688 5.05666 2.92918 26.0384 0 0.440348 14.0586 20.5527 8.6941 1.11538 2.95192 
47.0314 4.11497 11.7868 0.686605 25.7113 4.58837 3.8154 68.4745 90.6392 12.8574 131.208 1.41472 90.711 6.27641 0.157826 0.855375 11.3212 31.0158 6.9434 4.11611 36.7997 15.2383 0 17.8972 23.2482 0.26771 5.53029 10.0464 
34.3539 2.5189 14.0734 1.78813 4.84274 0.155376 0.133963 133.497 100.188 14.3347 44.4915 88.3351 70.231 10.3951 12.1046 3.3771 7.93867 0.25154 7.14191e-07 5.77029 20.1904 13.8801 17.4261 0 8.13403 3.55003 2.06002 13.3056 
26.414 28.9296 1.46086 9.52554 0.67468 4.92853 27.65 191.822 16.0048 4.80924 58.858 169.065 6.32538 0.0736431 22.0077 50.347 29.4998 1.54713 17.362 5.37696 19.747 54.9074 18.3148 66.8428 0 49.4689 25.1145 131.777 
73.8038 38.304 5.21077 20.7668 70.3746 24.2582 45.0388 75.13 80.6738 15.7449 65.0162 388.339 41.7294 4.89558 9.96307 6.67375 26.6152 31.7756 15.4207 12.0416 55.6753 0.196919 1.05858 3.00241 44.7617 0 9.95164 62.6567 
20.1468 1.17192 5.43292 7.53864 10.7138 11.4578 56.5862 18.7279 55.9636 4.40461 2.6874 88.1788 37.7738 10.6713 5.34602 2.85338 18.4589 44.9073 22.3603 7.00759 43.9804 8.72562 7.60378 14.7721 49.9914 21.6945 0 48.3989 
41.4415 28.1835 11.85 15.7964 11.8731 17.5692 1.19207 65.371 91.534 1.52314 105.075 18.81 39.6023 2.83166 22.6335 10.949 23.5889 1.48897 11.8939 0.0709534 47.3927 8.93923 0.522833 12.2563 7.54535 40.2883 7.40545 0 
