0 459.306 5.70661 230.549 26.3307 10.6801 150.124 237.393 10.4324 137.509 169.705 175.088 58.7948 53.2572 26.0674 80.5187 11.1026 96.1773 1.30129 200.826 196.2 37.6045 37.6842 1.24322 10.2269 75.6968 28.9605 27.678 
589.223 0 235.414 320.045 477.157 238.196 5.66887 36.3857 410.881 233.347 28.5274 90.577 67.8121 70.3201 33.9092 74.0721 38.7549 352.203 166.869 141.234 72.4598 1.39061 2.89947 11.4461 86.6684 15.038 14.0837 3.93466 
1.42575 349.607 0 56.8757 7.42035 65.6426 234.245 78.5891 430.324 41.0239 5.44221 187.899 27.034 16.646 8.4303 1.37469 1.14117 148.644 46.3927 10.2292 126.469 0.906685 11.3116 6.43452 10.8679 11.7631 3.0794 0.0972297 
89.2898 320.624 98.6156 0 130.899 62.5373 15.2645 605.754 76.7415 102.06 119.415 6.90901 15.7949 0.255157 13.7841 3.56444 14.1736 21.6572 29.5638 46.9117 643.865 1.07652 1.23499 3.36001 37.7387 0.0340636 27.5624 22.8234 
20.4407 526.34 102.951 28.4392 0 400.934 54.5523 105.269 306.884 149.074 11.7153 95.866 86.9871 53.8244 1.37052 0.968013 127.151 105.787 0.13677 0.00698443 96.3635 37.2479 0.000872068 7.41456 46.1409 11.223 17.9537 7.27936 
26.3043 83.9518 23.6517 73.5093 676.961 0 64.778 1.2233 447.458 33.9338 23.6895 115.27 249.932 21.2943 41.7229 26.2537 10.7604 51.0604 77.3348 0.0653802 22.9931 0.931697 0.0140706 3.07247 18.8843 1.20328 3.48529 0.0908158 
195.94 524.721 14.1226 166.755 210.867 108.133 0 191.158 10.1743 54.8049 254.578 202.289 165.431 58.1313 1.16902 98.8387 38.174 110.588 98.8968 36.7428 127.905 56.1916 19.8326 31.0303 3.02681 33.4844 43.7083 72.481 
307.981 220.139 37.146 376.621 0.810672 112.988 233.314 0 307.515 184.501 287.12 971.639 125.896 116.718 0.607607 139.317 78.2646 29.0411 116.581 35.2217 176.576 28.0161 0.0350971 1.56229 66.4021 232.91 81.035 56.3681 
207.606 32.228 32.3477 340.894 129.639 449.27 1245.15 318.886 0 187.921 1596.21 350.049 29.3216 156.595 224.193 139.961 123.229 76.9865 145.961 0.0869859 151.502 66.9441 56.7862 20.4762 99.6149 79.9844 75.8554 79.9753 
94.5 1.70707 62.3534 4.36258 196.851 220.383 106.163 44.9447 331.157 0 253.019 142.01 182.929 0.746315 61.7701 75.08 37.7166 106.848 4.00991 0.0506678 62.2633 9.18069 0.0679033 2.96958 0.805185 14.4506 5.17828 2.88652 
155.247 267.24 1.5254 106.368 104.661 199.934 123.657 360.117 739.124 162.608 0 252.973 149.958 99.5824 265.053 2.97154 2.28653 2.25214 40.3914 23.1032 62.5297 78.633 115.045 112.763 30.8516 150.048 74.2814 22.2216 
221.094 26.7743 92.8926 143.118 2.83787 92.6319 81.7023 308.529 103.528 3.41049 13.3508 0 26.8775 94.8733 20.8304 88.3976 2.49882 93.0307 94.8713 79.1189 25.2762 15.6201 36.68 100.383 234.27 88.5621 116.03 148.337 
13.3329 10.7572 73.246 21.2655 116.744 34.1201 184.097 98.1308 201.944 244.476 252.801 1.68769 0 91.205 10.5577 31.7738 17.75 83.1114 1.39018 1.21413 17.9767 11.4306 67.8668 43.8146 6.2038 42.4417 28.3827 0.787732 
44.5852 68.2174 4.69542 12.5903 0.56615 1.2619 0.072425 32.8993 121.963 1.64849 64.5177 124.684 0.265333 0 61.8496 3.67314 1.51994 45.9647 2.89056 2.76796 5.91181 0.850293 3.84465 8.21707 16.5018 0.010321 10.2812 0.0391575 
30.3744 19.3442 33.2812 31.2825 0.437155 40.7115 77.9343 154.461 39.3116 62.5889 334.086 94.5841 17.4953 25.8946 0 39.7912 10.844 0.434936 18.9505 4.14328 4.05942 0.257495 0.00582989 5.1708 31.3839 7.32467 2.22644 20.8722 
12.2496 12.6322 22.4743 35.2032 74.8927 4.8993 84.4236 113.329 4.64239 84.9996 108.707 48.4628 3.7655 0.109882 20.8567 0 25.9447 53.5674 19.2677 0.0180392 2.73719 4.74007 11.7951 18.7529 9.52902 1.6658 14.4973 7.89653 
61.8431 15.6168 52.8045 67.4585 14.4381 21.236 81.4596 11.9751 12.4333 82.2982 55.8764 1.14451 21.202 20.3552 29.259 25.7651 0 275.397 184.529 33.544 39.4387 21.1721 17.9616 17.6731 34.2801 8.49415 11.3896 23.9156 
138.255 54.2171 130.704 136.545 192.993 114.122 2.85592 55.7414 130.456 121.226 166.738 56.9106 101.904 33.4577 68.9804 31.8851 157.404 0 148.557 15.9671 3.28499 0.541895 41.8927 36.6698 56.5947 41.4641 24.347 8.80582 
0.830806 1.57336 40.6526 37.5695 48.5848 20.4431 15.9456 78.1389 87.9985 0.532968 57.2153 0.696335 6.9503 2.81825 8.54984 29.783 27.3084 19.5483 0 0.296394 65.1685 3.19863 3.14738 23.0419 25.8219 30.4103 0.813398 8.82286 
130.95 17.1011 1.86322 25.2887 0.066651 1.64882 82.0449 45.5462 106.048 0.741463 45.817 3.67652 0.747897 0.123777 2.06052 6.65704 7.3878 42.7908 22.0079 0 331.439 6.38158 1.13762 3.7971 4.90553 8.36908 0.00901485 11.5092 
174.949 63.7851 95.8736 128.402 60.4841 0.590232 63.7255 30.5078 0.0133891 35.4683 78.4755 141.04 4.6396 17.7288 51.4148 60.0846 64.2722 102.262 46.4192 189.621 0 32.6352 7.8243 44.8219 60.561 51.9811 37.3302 4.62415 
29.3246 35.6361 2.34463 1.3801 34.6993 8.40776 17.694 37.646 25.0997 56.2189 37.0216 0.0162107 5.64681 2.76117 13.1627 7.87511 0.989705 36.4137 5.08984 2.92042 26.0033 0 0.414199 14.0652 20.5219 8.71028 1.10318 2.96668 
47.028 4.04918 11.8027 0.704792 25.5872 4.62814 3.90784 68.1637 90.8484 13.0129 131.055 1.52399 90.7728 6.1708 0.185222 0.821013 11.2943 30.9419 6.98004 4.11615 36.8384 15.2414 0 18.0881 23.2907 0.277642 5.49702 10.0509 
34.2145 2.57671 14.0994 1.82979 4.77528 0.146872 0.151386 133.72 100.189 14.181 44.9808 89.4155 70.2382 10.393 11.9371 3.20306 7.96878 0.238918 5.78495e-05 5.76317 20.2868 13.8935 17.218 0 8.3565 3.6029 2.09699 13.3265 
32.893 35.4117 1.50113 15.9198 0.705798 11.1865 27.9126 191.618 22.0243 4.91942 58.2709 527.79 6.41038 0.081352 22.1224 48.7919 35.7631 1.50899 17.3076 5.34815 19.6186 57.7868 18.3709 66.4893 0 45.5599 33.6472 127.854 
73.6749 38.0579 5.28924 20.5769 70.3993 24.3163 44.6902 76.6258 80.0866 15.9589 65.8034 386.754 41.8473 4.94131 10.0992 6.50157 26.6301 31.6405 15.3624 12.0442 55.7751 0.191474 1.07745 2.95307 44.7629 0 10.1081 62.7883 
20.2404 1.20075 5.46853 7.59353 10.7801 11.4202 56.5259 18.5113 55.8033 4.34991 2.75911 87.8207 37.7987 10.682 5.38737 2.81663 18.4376 44.9095 22.3422 6.99113 43.9921 8.70535 7.57021 14.7216 50.0438 21.5187 0 49.335 
41.3105 28.0419 11.7933 15.7019 11.9633 17.5244 1.23909 65.8887 91.6858 1.56908 104.93 18.2714 39.6587 2.8057 22.6584 10.864 23.6014 1.45902 11.8523 0.0742966 47.444 8.92742 0.512901 12.2284 7.52385 39.7533 6.90573 0 
