0 293.054 0.470606 312.895 107.982 322.991 222.153 304.984 530.193 144.768 55.593 36.6649 44.149 10.647 1.36666 76.0395 368.11 50.3899 0.364709 203.265 0.0652563 4.23485 46.8229 19.5663 320.914 62.7822 8.68162 30.1487 
527.359 0 198.321 466.024 491.848 354.709 20.4088 29.6127 613.337 3.58741 64.9561 46.9473 8.94919 24.862 83.837 78.4529 340.946 206.474 171.515 141.796 0.0982685 3.96707 45.6938 32.9663 354.568 62.8751 49.157 63.5806 
0.268292 160.022 0 179.64 60.497 66.1891 249.426 196.784 318.336 57.6744 213.461 176.356 0.0388457 11.9061 18.5847 2.80575 14.9472 1.775 34.939 13.9262 52.9294 9.88894 10.8677 0.00138912 2.82968 11.196 0.00426745 2.19289 
548.757 463.084 78.9666 0 136.86 302.507 151.716 1225.4 278.688 87.3294 170.096 135.233 5.06593 23.2011 34.1677 15.0629 300.139 0.000934838 62.0906 40.7416 490.14 16.7982 0.774891 21.5814 278.715 44.0193 1.57153 1.55937 
118.322 309.493 0.165633 153.104 0 333.718 377.804 66.8546 4.54384 149.656 1.60505 153.82 5.62737 12.6098 14.3881 27.7562 44.9213 8.69608 23.2838 74.6385 123.507 11.8016 49.5321 50.6223 22.4615 45.6616 30.5395 10.2706 
290.933 283.088 21.1861 318.761 304.518 0 142.976 12.851 528.344 690.821 258.164 14.2624 556.065 5.16929 41.4739 2.38976 314.956 103.693 43.241 10.3894 0.24688 4.51499 2.59911 1.66848 279.849 14.9964 0.0196922 22.9079 
180.979 514.668 62.216 7.06359 435.038 69.1575 0 34.9686 1288.61 247.769 3.63244 7.17483 122.042 4.94289 129.274 69.6057 41.0368 203.323 1.62627 12.3404 1.77223 9.60502 72.0223 2.17396 25.8924 92.022 30.1531 62.9388 
218.025 229.256 146.967 23.3775 3.07533 176.391 382.86 0 0.427952 222.023 373.294 294.327 16.2281 87.2012 39.7624 133.21 34.5637 6.53681 115.43 45.1089 198.688 38.845 1.94115 129.9 192.838 14.8857 90.9921 7.79464 
386.609 379.954 173.344 562.416 346.874 524.965 78.3837 0.0448552 0 3.96433 1071.21 222.589 36.4565 146.627 184.827 127.241 380.514 51.4543 4.54316 8.52382 0.316713 38.4146 42.4429 14.026 314.143 10.4986 3.22256 77.2378 
9.82283 205.763 67.7993 61.4602 103.259 382.649 508.743 0.996466 356.968 0 481.109 89.6329 26.8844 69.6964 21.0761 5.18091 44.1253 134.965 27.6928 5.81352 1.03934 22.1369 20.4264 47.8431 57.0324 14.6551 9.43424 10.8003 
13.8417 107.168 169.577 51.5855 179.487 0.0138365 438.528 327.628 482.019 548.096 0 509.823 1.30458 7.05028 278.633 226.289 51.6366 151.499 76.8512 17.5879 148.999 2.32646 25.8362 128.588 21.7305 0.468508 0.313435 96.3321 
16.7946 4.3162 53.5954 245.67 9.84922 104.98 21.4438 35.8319 11.5055 245.982 248.197 0 92.0215 73.06 0.098585 230.351 0.223214 35.9804 9.18048 31.6127 6.78424 55.0222 96.9052 18.4162 184.143 4.23978 119.022 89.1157 
24.3396 7.15877 47.8308 68.5158 178.23 9.22539 1.67942 59.0271 68.886 2.87853 104.276 42.5437 0 150.862 50.8133 1.39921 4.28865 0.81599 14.1835 2.68722 1.38629 89.6807 12.607 0.61818 54.3992 12.6145 11.4457 2.42847 
26.6455 47.8013 12.732 12.8242 30.4307 15.4779 33.71 6.27639 140.634 81.0402 25.4557 104.498 88.1889 0 61.4272 19.0658 20.7838 50.3645 11.319 0.90503 7.42085 10.5845 4.48232 0.123831 11.2936 12.903 11.05 0.551119 
71.278 70.8389 4.46114 1.78344 11.0002 41.8115 117.416 182.502 51.4766 105.378 344.853 164.991 0.0305553 17.5682 0 70.6512 0.00175799 51.4431 10.1847 11.5901 47.9178 16.2985 2.83565 22.5893 26.6572 25.3883 13.2387 13.8599 
1.72113 62.5748 20.7233 42.583 40.9981 20.1465 46.4455 107.285 13.6739 61.0801 71.3526 0.0075173 38.7299 18.0935 47.644 0 5.69516 8.83314 29.2665 5.22674 1.05052 8.10276 2.66308 2.96482 15.7221 0.920976 4.75828 22.7178 
359.305 277.176 54.029 292.951 10.0429 333.347 58.377 76.8785 290.716 83.7186 1.16459 0.00189688 39.7224 1.97569 24.0099 10.6437 0 26.2938 273.725 0.0197757 47.2675 20.283 8.28083 2.35027 277.332 10.8233 17.711 20.7892 
20.7812 48.9803 61.4503 92.6103 233.026 120.324 64.3417 94.8434 157.142 87.0134 57.6237 10.6623 13.945 53.5394 23.1714 28.8509 159.147 0 143.447 4.1894 5.27248 36.1368 28.2494 9.78716 59.395 1.1378 44.0619 50.4605 
0.695021 4.24002 5.06608 59.5468 6.98313 37.8042 149.325 65.9233 13.5983 7.34684 59.5192 98.2508 0.000530663 0.0451256 36.4241 20.6058 95.7737 10.1212 0 19.8274 71.4296 22.3316 10.4833 0.0582251 24.4949 26.5803 0.0235759 8.80673 
170.206 20.6182 23.6412 2.79489 73.2226 5.60664 2.24074 103.623 91.4656 1.84677 39.3091 96.6491 3.49813 0.298212 10.5327 8.9678 30.2941 24.1853 0.0325542 0 250.622 5.8573 3.76616 2.97214 13.7508 1.86268 9.19737 7.84763 
1.80558 0.961451 8.13805 152.542 0.474971 20.838 133.475 62.3297 143.946 13.3683 148.55 162.601 25.8453 15.6745 1.90079 61.836 59.5598 97.9679 70.3303 325.559 0 32.8076 38.9203 31.8196 0.765474 12.855 4.67546 1.04741 
13.4461 13.3938 1.65257 11.5628 54.5915 19.9069 41.3112 48.0551 59.2939 3.47982 58.3453 75.7677 90.3142 7.0373 6.79455 4.50463 0.0611033 25.5084 20.4605 1.02616 24.6238 0 1.3827 4.68251 17.865 5.74056 12.8313 10.1375 
34.2058 43.7091 11.4384 1.32588 11.6415 10.7058 68.2291 82.1784 80.3411 1.75652 0.591194 41.0422 63.0178 2.26994 4.63332 9.56178 1.40565 40.2925 6.00863 0.262504 4.4656 14.873 0 15.3493 4.17018 8.80819 11.7339 1.48929 
57.5103 46.9525 13.6788 5.93956 16.8648 0.760259 22.1188 0.249631 43.4534 56.6587 82.9738 12.4118 21.0576 1.20132 0.0484661 18.3786 20.8515 18.1946 22.5166 6.15221 36.8336 3.83693 1.03207 0 11.1698 0.618153 4.45648 14.4597 
350.194 319.859 0.367583 298.055 66.6449 289.773 2.28468 38.9683 393.103 31.9565 5.20268 853.929 24.2692 7.68205 30.2653 35.1455 276.65 1.17279 30.0607 0.485088 34.6832 57.0306 18.5251 46.1748 0 115.987 15.3291 118.974 
66.1123 52.202 18.221 28.1638 48.7004 8.69396 22.415 193.583 10.4451 73.5943 139.304 334.986 12.0316 6.45302 27.547 5.03204 0.507095 5.34828 23.5623 0.227014 17.4714 1.89539 7.41398 7.31819 19.6581 0 27.4568 24.965 
3.21199 15.8072 12.9184 25.4965 38.9298 18.1719 47.012 10.2129 1.92337 1.55684 57.0053 50.0573 1.29299 10.7675 9.20286 0.39828 22.0289 18.8402 18.6162 0.724452 1.08628 7.65817 12.8792 17.2324 47.0819 5.16867 0 61.3862 
22.7364 13.274 17.085 5.97845 8.76444 7.39796 10.0552 12.8372 61.3926 13.6181 82.8913 175.844 36.3684 5.90657 3.02941 22.6559 21.4534 44.081 6.02678 2.86343 42.0901 0.0171466 7.61791 8.52757 9.12932 0.609725 73.8663 0 
