0 455.887 0.0128546 474.259 97.5981 469.536 229.826 307.055 668.637 146.873 60.1191 31.797 42.1746 11.3646 1.7737 75.1419 508.877 43.803 0.727477 182.602 0.116119 3.95838 46.7198 18.6322 464.669 64.1762 9.19083 29.168 
719.233 0 251.112 628.625 468.735 509.238 37.8586 36.3856 739.266 1.68853 72.7315 41.9987 7.35466 23.546 85.3545 79.3904 487.457 284.249 172.134 141.234 0.00157998 3.61478 46.3986 31.9487 496.658 61.3663 48.7357 63.8289 
1.73159 112.235 0 225.428 52.7996 65.5322 249.479 182.877 275.968 61.5684 220.308 172.768 9.40467e-05 11.5453 17.5635 2.39102 13.861 3.31719 33.428 14.742 48.7979 9.75784 11.0221 0.0015278 3.22056 10.5128 5.77697e-06 1.96122 
666.835 625.792 56.7377 0 141.007 447.213 143.783 1211.07 418.89 84.9274 175.511 147.428 5.80845 23.2004 34.8341 16.4093 443.58 0.16831 62.3224 41.9432 644.117 16.7767 0.64639 21.1192 420.563 43.6628 1.37791 1.85224 
107.773 270.326 1.03584 150.07 0 344.644 394.508 61.2673 8.7411 132.334 3.19924 150.932 3.99687 11.5908 16.0091 29.1683 41.0168 6.01955 32.9295 76.5162 122.201 11.1434 50.0921 51.1253 23.4878 44.4693 31.0821 9.68076 
436.106 421.839 24.069 463.404 477.873 0 254.52 9.02226 712.853 404.597 264.039 11.6496 277.993 4.71697 41.6767 2.01796 456.131 106.203 40.1971 9.86809 0.442586 4.22492 2.82916 1.86252 422.548 14.3864 0.0397445 22.8768 
190.723 500.657 49.9305 4.16858 431.595 118.715 0 24.1951 1303.88 206.985 0.328463 10.6647 129.577 6.13231 126.255 72.1988 43.1915 208.33 2.67572 13.9367 2.5099 8.89609 71.783 1.72911 24.1114 90.6795 29.3023 63.8288 
229.108 220.139 131.976 63.0184 4.68134 169.466 392.363 0 6.56712 223.158 370.955 193.713 14.3645 83.9075 45.5871 118.956 33.0718 8.14652 114.964 47.9433 196.218 39.7717 1.36031 127.765 191.671 9.90201 89.8206 9.56867 
537.988 540.793 216.495 690.344 351.036 709.557 9.45115 4.50304 0 9.25508 601.573 240.608 41.0576 147.417 168.492 123.497 523.932 56.6042 3.34779 7.27356 0.0523358 37.4052 44.7341 12.5567 453.566 12.7654 2.7569 75.5822 
11.9319 212.157 63.9469 64.4468 87.4113 324.487 506.283 0.282103 367.109 0 437.708 81.5565 38.9513 67.7333 17.1818 6.55763 45.6707 136.737 24.9652 6.47118 0.727028 23.3063 19.1805 46.798 55.781 16.1368 9.968 10.0348 
11.4054 98.5149 179.763 45.1722 187.23 0.94867 454.704 316.758 426.952 515.119 0 515.749 2.90507 11.0775 308.769 223.503 53.0796 149.128 79.432 18.8706 149.172 2.78173 22.7838 128.958 24.7978 1.25601 0.509848 94.6997 
20.5278 2.77589 47.4441 239.611 8.10185 109.457 16.4383 91.729 18.3431 246.627 218.252 0 88.509 67.0141 0.36008 179.343 0.117253 33.5739 8.28024 29.7819 5.40344 56.1078 99.8944 23.1659 197.285 0.188903 118.279 95.2537 
26.0407 8.73419 49.3498 69.1704 178.433 20.7128 0.612263 62.0398 63.3901 7.84219 113.178 39.4467 0 147.17 55.2205 0.856813 3.84469 1.1578 15.3947 2.99383 1.67092 89.1449 10.6043 0.978026 54.0775 13.4326 11.8569 2.16004 
27.5356 46.486 13.063 13.301 31.7715 15.9662 31.2878 4.83456 139.093 80.0188 32.3181 98.523 96.8195 0 59.4189 18.7477 20.9011 49.9821 11.7055 0.954796 7.88709 10.4861 5.25337 0.239188 10.921 12.8302 10.9988 0.464856 
71.463 72.8418 5.17386 1.38859 12.4544 41.713 121.083 180.609 43.586 109.787 367.163 179.594 0.337128 11.798 0 78.4421 0.0125707 50.4187 9.63307 11.6322 48.6066 16.4757 3.6142 23.5 26.0114 26.1472 12.9294 14.3488 
1.22173 60.9228 21.2159 42.8118 39.5474 20.7396 49.2244 93.4003 16.6057 63.7077 61.3263 5.82326 41.1032 18.5762 37.1959 0 5.96205 8.15365 29.4411 5.0622 1.36385 8.3103 2.28035 4.22626 16.852 0.489805 4.44903 22.6357 
503.443 420.227 54.422 434.262 12.2982 475.513 56.163 78.1908 431.713 83.9174 1.50382 0.0301721 40.61 2.12258 24.3166 10.9594 0 35.6692 448.259 0.00235109 46.4055 20.1971 8.09094 2.21507 419.772 10.5067 17.5507 20.6149 
16.3503 23.1007 55.4158 96.9854 231.208 119.057 71.2818 90.7534 151.685 83.653 61.0831 9.24567 15.1746 53.5684 24.2782 29.836 174.099 0 141.606 5.07228 4.39951 36.4532 28.7868 10.2919 59.2644 1.40616 43.9288 50.2966 
1.17136 2.71542 5.93229 60.1088 2.86103 40.8312 151.235 63.7861 15.8277 5.85091 62.1545 98.7018 0.038496 0.0824056 36.7025 20.1911 82.449 8.14215 0 19.209 71.1374 22.139 10.2053 0.089361 24.8031 26.8536 0.0400821 9.08319 
157.297 17.1012 24.1984 3.65415 75.1479 5.16751 1.59252 101.703 93.093 2.24099 40.8775 96.4973 3.8431 0.268539 10.6388 9.05164 29.9507 25.9707 0.00607355 0 276.181 5.82279 3.7928 3.05799 13.7778 1.72302 9.28533 7.98459 
3.75055 0.394232 6.19697 142.877 0.832234 22.1672 135.017 57.2174 147.733 12.249 148.102 163.868 24.8828 15.086 2.2403 61.5078 60.174 99.7723 70.6903 313.781 0 32.8215 38.7483 31.1709 0.56589 13.7454 4.988 1.25166 
13.0163 13.9902 1.54742 11.3765 54.9101 19.7811 42.2571 48.8994 60.0113 2.94034 59.4634 76.0043 90.3627 7.29597 6.44823 4.28894 0.0847317 25.0644 20.228 0.981395 24.3603 0 1.08095 5.033 18.3335 5.88343 12.835 10.0921 
33.594 44.4578 11.5669 1.15835 12.356 10.9994 68.8756 80.3135 82.2115 1.3384 1.23239 44.4218 60.2022 2.95415 5.57066 9.95798 1.3072 40.6299 5.76508 0.286756 4.78176 15.0249 0 13.5654 3.64671 8.64847 11.5712 1.37919 
57.6412 46.0717 13.4732 5.46414 17.644 0.634458 23.3936 0.0216512 45.6063 57.2519 86.3934 16.4398 19.509 0.931136 1.00576e-05 20.2068 20.8871 17.5937 22.379 6.12088 37.4051 4.16944 0.358537 0 9.4894 0.799718 4.10976 14.4505 
492.818 463.637 0.238104 439.268 66.3739 432.657 1.70299 33.2354 537.186 30.4372 6.86777 994.349 23.343 8.07745 30.5691 32.8467 419.039 1.4188 30.1801 0.564116 35.6304 76.151 17.4829 51.3756 0 91.6991 57.3469 62.5256 
67.3877 53.8661 17.554 29.44 49.8405 9.26524 24.4967 184.772 12.7067 74.2476 135.015 357.043 12.8365 6.12316 28.1559 3.99718 0.598367 5.89234 23.2151 0.283445 18.4565 1.78757 7.21525 6.87224 18.7364 0 28.5507 21.2395 
3.54497 15.1832 13.1783 25.2628 38.4708 18.0092 46.2965 11.4214 2.31763 1.32984 55.6399 47.2926 1.1372 10.6958 8.87815 0.508346 21.9753 18.3786 18.4193 0.784906 0.936595 7.80692 12.7765 17.4814 49.0376 4.34692 0 55.0436 
23.689 14.0904 16.7461 6.49683 9.33165 7.74621 9.18506 15.0388 59.4789 12.7824 84.938 174.979 36.8434 5.69254 3.37285 22.7315 21.2931 43.6398 6.27325 2.73661 42.6108 0.0276621 7.75337 8.26046 8.94383 1.59436 78.8767 0 
