0 478.061 0.0810768 495.554 95.4021 487.241 231.394 307.371 684.522 147.3 61.102 30.7918 41.7534 11.5205 1.86762 74.9395 525.325 42.4378 0.821238 178.73 0.219561 3.90022 46.6951 18.4335 481.764 64.469 9.30139 28.958 
746.655 0 262.419 649.647 463.184 528.692 42.2393 37.915 752.382 1.37309 74.4335 40.9655 7.03218 23.2664 85.669 79.5822 505.148 171.365 172.222 141.065 0.0133498 3.54128 46.5474 31.7305 513.391 61.0386 48.6436 63.8782 
2.20968 102.728 0 234.37 51.1918 65.3562 249.265 179.824 266.663 62.4012 221.661 171.943 0.000931718 11.4671 17.3444 2.30604 13.6318 3.70857 33.1033 14.9166 47.9205 9.72946 11.0543 0.00307427 3.30723 10.3674 0.00012305 1.91311 
678.149 646.845 59.9167 0 141.858 464.517 142.038 604.338 435.534 84.3992 176.62 150.025 5.97363 23.1977 34.9719 16.7007 460.611 0.241645 62.3646 42.1891 492.963 16.7714 0.620324 21.0182 437.258 43.5765 1.33799 1.91805 
105.533 261.892 1.31901 149.375 0 347.828 397.757 60.0893 9.8134 128.665 3.61083 150.297 3.68283 11.377 16.3654 29.4725 40.1946 5.50802 35.1876 76.9096 121.91 11.0042 50.2093 51.2304 23.7091 44.2122 31.1979 9.55616 
453.535 438.037 24.6976 480.684 249.923 0 517.087 8.28596 738.489 508.332 265.122 11.1212 507.015 4.622 41.7093 1.94203 472.673 106.723 39.5474 9.7569 0.491866 4.16369 2.87946 1.90533 439.421 14.2556 0.0449469 22.8686 
192.767 496.979 47.4282 3.64484 430.446 136.555 0 22.1273 1298.23 198.369 0.0823841 11.4988 131.182 6.40267 125.572 72.7471 43.6557 209.353 2.93395 14.289 2.68435 8.74714 71.7244 1.64023 23.7349 90.3788 29.1201 64.0152 
231.423 218.133 128.768 73.8079 5.06834 167.927 394.149 0 8.82191 223.345 370.284 174.206 13.9783 83.1928 46.8704 115.913 32.7542 8.51347 114.854 48.5541 195.654 39.9697 1.24907 127.28 191.35 8.96009 89.5617 9.97073 
556.73 561.666 225.882 703.843 351.754 735.226 3.31334 6.40223 0 10.6686 560.979 244.432 42.0704 147.55 162.56 122.668 540.949 57.7286 3.11485 7.01773 0.0246935 37.1885 45.227 12.251 469.744 13.2771 2.66166 75.2223 
12.4083 213.458 63.1166 65.083 84.1241 311.748 504.899 0.185771 369.022 0 427.861 79.8512 41.7896 67.2999 16.3911 6.87215 46.0012 137.099 24.3943 6.61606 0.667282 23.5584 18.9162 46.5701 55.5079 16.4612 10.0838 9.8737 
10.912 96.6791 181.88 43.8371 188.859 1.33917 457.777 314.307 413.514 507.226 0 516.571 3.32926 12.0524 314.884 222.772 53.3883 148.604 79.9818 19.1497 149.195 2.88437 22.1495 129.012 25.4762 1.47394 0.558078 94.34 
21.3715 2.48926 46.1583 238.183 7.7486 110.402 15.4468 106.752 20.0044 246.689 211.893 0 87.7538 65.7287 0.633308 168.725 0.0989385 33.0662 8.09272 29.3936 5.12737 56.3383 100.52 24.2448 200.722 0.00738229 118.104 96.5658 
26.4106 9.09096 49.6722 69.3044 178.439 23.57 0.451954 62.6882 62.2282 9.21528 115.095 38.7931 0 146.264 56.1692 0.75761 3.75254 1.23872 15.6593 3.06155 1.73528 89.0104 10.1947 1.06573 54.0047 13.6102 11.9456 2.1044 
27.7263 46.2018 13.1326 13.4029 32.0595 16.0693 30.7746 4.54899 138.728 79.7818 33.877 97.2305 98.6424 0 58.8057 18.6642 20.9255 49.8975 11.7885 0.965589 7.98837 10.4633 5.41788 0.268685 10.8403 12.8125 10.9872 0.447279 
71.4956 73.2641 5.33217 1.31016 12.7762 41.6809 121.838 180.14 41.9667 110.694 371.388 182.662 0.445599 10.6728 0 79.8858 0.0161692 50.1968 9.51624 11.6406 48.7517 16.512 3.79132 23.6866 25.8687 26.3038 12.8627 14.453 
1.12562 60.5639 21.318 42.8492 39.2361 20.8644 49.8211 90.477 17.2666 64.2624 59.2391 8.46256 41.6126 18.665 34.9922 0 6.01978 8.01108 29.4769 5.0269 1.43614 8.35437 2.20131 4.52082 17.0973 0.414727 4.38369 22.6141 
520.616 437.203 54.4993 450.838 12.8088 492.262 55.6881 78.4683 448.227 83.9527 1.58203 0.040635 40.7993 2.15467 24.3815 11.0272 0 37.8378 539.725 0.000825975 46.2195 20.1783 8.05034 2.18655 436.589 10.4391 17.5161 20.5771 
15.4646 18.3942 54.1419 97.9112 230.755 118.762 72.7952 89.877 150.499 82.9302 61.8307 8.95436 15.4438 53.5716 24.517 30.0473 177.265 0 141.185 5.2718 4.22231 36.5202 28.9014 10.4012 59.2334 1.46727 43.8991 50.2596 
1.28938 2.43191 6.12574 60.2223 2.21076 41.4828 151.614 63.3272 16.3248 5.55149 62.7198 98.7921 0.0544261 0.0918378 36.7597 20.1017 79.8506 7.74457 0 19.0764 71.071 22.097 10.1458 0.0968957 24.8683 26.9111 0.0441866 9.14266 
154.435 16.3844 24.3131 3.85206 75.5521 5.0751 1.4678 101.278 93.4314 2.33023 41.2139 96.4544 3.91895 0.26237 10.661 9.06896 29.8755 26.358 0.00313319 0 281.17 5.81527 3.79838 3.07641 13.7828 1.69366 9.30393 8.01376 
4.25775 0.304969 5.81344 140.971 0.921638 22.4553 135.333 56.1394 148.528 12.0146 147.991 164.119 24.6778 14.9606 2.31647 61.4323 60.3031 100.153 70.7638 310.545 0 32.8238 38.71 31.0311 0.526989 13.9391 5.05613 1.29774 
12.9247 14.119 1.52526 11.3363 54.9755 19.7526 42.4584 49.0788 60.1624 2.83033 59.7002 76.05 90.3528 7.35083 6.37448 4.24301 0.0902949 24.969 20.1777 0.971909 24.3035 0 1.02074 5.10886 18.4327 5.91402 12.8353 10.0821 
33.4618 44.6163 11.5935 1.12383 12.511 11.0619 69.0074 79.9059 82.6042 1.25601 1.39984 45.1545 59.5902 3.1076 5.77968 10.0401 1.28653 40.7007 5.71333 0.292079 4.85074 15.0524 0 13.167 3.53978 8.61345 11.5356 1.35606 
57.6648 45.8809 13.4281 5.36417 17.8123 0.608922 23.6692 0.00512236 46.0688 57.3729 87.1179 17.3697 19.182 0.877274 0.00260828 20.587 20.8942 17.4655 22.3488 6.11388 37.5261 4.24176 0.25868 0 9.15159 0.841507 4.03679 14.4472 
509.665 480.738 0.213962 455.821 66.3114 449.567 1.58921 32.0538 554.335 30.1127 7.25323 495.166 23.1452 8.16229 30.6282 33.0273 435.845 1.47448 30.2045 0.581795 35.8329 79.2889 17.2601 52.5451 0 84.8957 74.2298 51.9546 
67.6541 54.22 17.4098 29.7103 50.0825 9.38886 24.951 182.802 13.2174 74.3768 134.065 361.246 13.0114 6.05259 28.2793 3.78877 0.618879 6.01199 23.1399 0.29633 18.6697 1.76478 7.17221 6.77716 18.5406 0 28.7799 20.4597 
3.61832 15.0505 13.2336 25.2112 38.3715 17.9736 46.1416 11.6881 2.40676 1.28344 55.3455 46.7036 1.1051 10.6798 8.80871 0.533621 21.9634 18.2799 18.3768 0.798154 0.905929 7.83869 12.7536 17.5329 49.4379 4.17877 0 53.6578 
23.8941 14.2676 16.6725 6.61002 9.45507 7.82135 9.00301 15.5305 59.0665 12.6057 85.3695 174.739 36.9439 5.64672 3.44844 22.7436 21.2582 43.5439 6.32651 2.70969 42.7207 0.0302416 7.78207 8.20304 8.90734 1.86428 79.8702 0 
