0 372.63 21.6803 308.996 44.0459 178.336 261.232 299.548 319.544 155.121 87.8192 9.88282 31.167 15.8248 5.11522 68.5406 182.322 13.6964 5.20094 149.97 14.0892 2.52699 45.7444 13.499 156.266 71.2489 12.3468 23.5526 
640.79 0 467.865 400.358 268.935 265.292 216.167 85.8479 310.504 4.62538 121.874 18.0141 1.14426 16.3547 92.4107 83.3675 195.345 307.729 168.968 130.84 4.3079 1.88187 50.1118 26.0748 177.91 52.0611 46.0368 64.6703 
33.405 9.071 0 244.318 16.4549 56.7673 217.145 97.5298 50.3139 83.1423 241.015 144.352 1.14935 9.34416 11.7333 0.611422 8.18512 20.9295 24.6768 19.311 26.7184 8.95945 11.7857 0.23009 5.88418 6.77813 0.130551 0.859769 
193.546 399.047 297.868 0 158.669 144.768 93.5749 845.867 135.774 69.2993 198.151 211.662 10.971 22.8075 37.8691 24.4383 133.746 6.69348 62.5279 46.9411 329.254 16.5601 0.128484 18.184 102.509 40.1634 0.500358 3.99244 
52.0625 67.9081 20.0233 126.424 0 443.423 434.913 32.4678 57.2527 45.189 22.5945 132.027 0.0326253 6.4212 26.6083 37.5163 21.0517 0.200619 112.234 85.8874 113.043 7.6346 52.9042 53.6183 29.5996 37.398 34.1459 6.55543 
139.973 111.337 41.4817 158.988 535.314 0 1424.35 0.180986 567.492 415.994 270.18 1.5883 385.531 2.43116 41.1968 0.463048 132.879 117.76 23.4618 6.96712 2.66611 2.69828 4.29965 3.16066 108.659 10.8761 0.29149 22.4654 
238.402 335.202 3.70138 2.43967 354.292 865.456 0 1.00724 400.603 25.2694 49.3784 43.0308 170.18 15.2192 104.069 85.8279 55.9213 229.111 13.5827 24.6017 9.18489 5.26405 69.3113 0.147985 14.7205 81.0758 24.4158 68.2914 
281.644 161.368 52.0716 222.57 20.1901 122.927 407.362 0 169.117 221.181 333.083 48.7256 5.67577 63.915 83.3371 44.2651 24.8151 20.6325 110.782 64.6378 176.864 45.0177 0.0239196 111.589 174.545 1.12059 81.9322 22.916 
273.881 341.736 434.206 268.351 348.235 566.503 742.413 159.284 0 78.4375 956.04 334.207 71.1381 146.637 245.986 98.515 212.643 88.9894 0.00460398 1.92132 2.89085 31.551 58.0999 5.51194 122.084 29.4826 0.763794 65.3036 
27.5812 237.625 41.6052 80.7412 17.7639 67.8481 375.526 4.69499 383.966 0 154.605 39.8476 138.698 54.7785 2.10153 17.238 54.4521 144.196 11.5124 10.8426 0.0134243 30.2359 12.4629 40.2411 47.896 25.6066 13.2535 6.07168 
1.83647 52.6573 225.787 15.1492 226.399 33.7071 483.136 238.721 17.266 244.066 0 482.448 23.9437 49.451 407.459 188.758 61.2938 133.299 93.7435 26.8683 147.953 6.16433 8.45601 127.176 45.317 12.9884 2.56283 83.8855 
48.2005 0.532501 17.7955 187.607 1.28548 132.745 0.413853 701.627 84.82 238.986 67.7788 0 68.0648 34.7469 33.2484 0.776704 0.168482 20.9358 3.93107 19.8845 0.470671 62.0048 114.653 58.5418 70.6887 75.4299 111.577 129.175 
36.5744 20.5846 57.5743 71.9675 174.032 73.1256 4.78494 79.7134 34.6587 78.4233 164.637 23.2714 0 110.826 80.4367 0.325731 1.73374 4.27514 23.0996 5.0589 3.81909 83.1671 2.23519 4.6085 51.6546 18.4718 14.3093 0.906167 
32.6432 38.6169 14.7509 15.9774 39.564 18.518 18.4209 0.159459 125.194 71.5364 82.724 63.3636 138.976 0 27.5515 14.835 21.4764 47.3904 13.9643 1.26112 10.7905 9.67932 8.93047 1.58057 8.67567 12.0991 10.6174 0.107367 
71.4731 83.2203 10.0475 0.0664428 22.2508 39.525 137.059 160.507 10.7057 128.625 398.453 248.759 8.38395 2.09093 0 81.0331 0.267823 44.1735 6.66252 11.7749 52.19 17.2427 9.3873 27.2829 21.7093 29.5391 11.0876 17.0547 
0.00965123 50.767 23.5111 42.3613 31.1609 23.7797 65.2019 26.5307 37.9773 77.2959 15.6495 212.76 54.664 19.0228 0.0477421 0 7.5849 4.69791 30.218 4.11113 3.9418 9.43824 0.588575 14.2144 23.6345 0.664001 2.81579 21.569 
196.396 112.472 55.6412 112.491 29.1425 157.248 43.4276 85.1898 108.841 83.9521 4.28909 0.856169 45.5937 3.06192 25.9661 12.8051 0 109.464 239.935 0.234366 41.2629 19.6328 7.0064 1.50417 104.215 8.71557 16.5875 19.5433 
0.97361 86.7981 24.6182 119.919 211.48 108.346 114.306 67.3504 118.19 64.0012 81.766 2.96586 23.0863 53.2859 30.8711 35.5251 249.087 0 127.199 11.6602 0.876681 38.1426 31.8104 13.3815 58.0503 3.49236 42.978 49.0622 
6.27581 0.564515 12.0574 62.2857 14.6037 58.3026 157.385 51.3661 31.4562 0.49499 77.3417 100.338 1.42746 0.514448 37.938 17.7239 44.0809 0.849077 0 15.6327 68.8905 20.9309 8.61775 0.398577 26.4665 28.269 0.220614 10.7193 
76.3165 2.88656 26.6579 10.5076 84.857 2.91074 0.0115728 88.7018 100.848 5.21571 49.9475 94.0725 6.11545 0.12625 11.167 9.43812 27.7223 36.8939 0.264767 0 327.006 5.60443 3.92748 3.55454 13.8129 1.00892 9.75788 8.74543 
27.9319 1.99773 0.119698 191.285 4.81123 30.2696 141.635 30.7938 166.84 6.64046 143.346 168.111 19.5262 11.8054 4.71575 58.8473 63.3403 109.152 72.2072 164.839 0 32.7924 37.5332 27.32 0.00158472 19.2806 6.96376 2.77521 
10.6089 17.5874 0.999542 10.2691 56.3162 18.8354 47.4865 53.5317 63.7318 0.69148 65.4765 76.6221 87.6211 8.68273 4.53775 3.09662 0.296386 22.4667 18.8098 0.739007 22.7855 0 0.0530922 7.13874 20.8334 6.7002 12.7857 9.78539 
29.9048 48.4606 12.1682 0.403681 16.7651 12.6082 71.5746 68.4746 91.6682 0.0302475 9.33945 64.8198 43.0648 7.25482 11.9008 11.7521 0.803927 42.3583 4.42687 0.445991 6.78735 15.1228 0 3.17578 1.48311 7.61514 10.5204 0.815718 
57.7307 40.6851 12.1297 3.03193 22.3164 0.126645 31.0673 3.55321 58.1001 59.726 104.53 48.6317 11.3836 0.0321781 1.64597 28.0288 21.006 14.2154 21.4722 5.89812 40.4835 6.21862 3.24765 0 3.69099 2.26228 2.32601 14.2001 
177.085 155.477 0.0398355 116.629 64.1597 119.523 0.0102166 8.18658 228.181 21.9244 20.5675 426.773 18.1186 10.3469 31.3908 80.939 103.191 3.28208 30.69 1.13053 40.9765 16.7076 11.7332 76.2941 0 96.5697 79.5996 101 
73.661 63.0003 13.5586 36.1899 56.0444 12.7109 37.5782 124.516 29.3996 76.3378 106.205 391.853 17.8142 4.26065 30.5319 0.272762 1.26914 9.48319 21.1046 0.727193 24.4257 1.21593 6.00743 4.41649 13.7956 0 33.9427 4.31694 
5.76092 11.7385 14.6197 23.6987 35.6808 16.9647 41.9265 19.4999 5.2827 0.362835 47.5151 32.0412 0.428959 10.2007 7.03276 1.39417 21.6017 15.7492 17.2387 1.17749 0.285984 8.64957 12.0415 18.6207 57.1517 0.915294 0 19.0397 
29.3079 19.1309 14.6572 9.78463 12.8787 9.82574 4.84855 30.518 48.2045 8.35067 95.5542 161.957 39.374 4.47013 5.63677 22.5586 20.2969 40.8841 7.76253 2.04446 45.3688 0.137238 8.48207 6.69862 8.52742 15.2417 92.9392 0 
