0 497.731 25.8742 421.343 39.622 277.535 262.979 297.037 412.209 155.554 90.6396 8.35761 30.1298 16.29 5.53263 67.7692 277.949 11.5773 5.85529 147.565 16.6744 2.40174 45.6137 13.022 253.743 71.8452 12.6763 23.0079 
751.035 0 472.405 501.827 246.457 368.693 237.997 91.4814 395.4 6.19258 126.945 16.1329 0.820664 15.6918 92.9358 83.6205 294.415 421.117 168.041 129.195 5.1746 1.73988 50.442 25.5007 274.312 51.1012 45.7473 64.6977 
38.3904 19.2083 0 220.753 13.8473 55.4977 211.269 89.4233 35.9228 85.1068 241.163 140.955 1.38832 9.12002 11.1809 0.497101 7.68949 23.3933 23.8281 19.736 24.7815 8.87729 11.8484 0.273486 6.18037 6.43691 0.157723 0.774193 
276.471 500.729 286.884 0 159.759 242.831 88.5142 530.221 239.646 67.6342 199.487 216.979 11.555 22.7333 38.0867 25.2273 231.12 7.83265 62.4428 47.234 410.831 16.5303 0.0986952 17.8742 199.175 39.6943 0.436804 4.24244 
47.3246 53.617 23.0761 123.616 0 434.984 433.218 30.019 63.997 38.5454 25.3892 129.985 0.157314 5.9836 27.7505 38.3477 19.3717 0.540646 121.497 86.6575 112.001 7.31793 53.1403 53.8241 30.2146 36.6902 34.4403 6.27512 
238.98 211.056 43.1575 256.714 885.866 0 940.287 0.586682 669.972 906.147 268.151 1.09104 438.949 2.24036 40.9978 0.367681 228.916 118.599 21.9486 6.69549 2.98422 2.56291 4.45617 3.3038 205.659 10.5363 0.328782 22.4036 
242.076 313.772 1.94264 3.67176 342.207 894.486 0 2.53524 293.836 16.0634 59.9976 47.2304 173.76 16.3013 101.523 87.0163 57.187 230.337 15.0796 25.7679 10.0576 4.95166 68.9696 0.0854765 13.8914 79.9752 23.9395 68.6645 
285.497 155.248 45.5403 230.205 22.2606 117.969 405.013 0 194.205 220.201 327.291 81.5414 5.02279 61.9022 87.2776 38.3078 24.0405 22.1398 110.236 66.2825 174.527 45.522 0.0814294 109.682 171.968 2.17509 81.0597 24.4903 
375.567 450.064 446.862 353.753 345.483 669.322 860.233 183.922 0 88.2285 278.78 341.873 74.3534 146.095 257.596 95.8197 309.753 92.3535 0.0114129 1.57512 3.57036 30.9752 59.409 4.96109 217.506 31.4241 0.633317 64.2358 
29.4119 238.956 39.4738 82.2183 13.5297 59.7268 354.409 5.90896 381.599 0 129.934 36.3455 150.177 53.3877 1.38377 18.5132 55.2952 144.662 10.4295 11.322 0.0447823 30.9271 11.855 39.5552 47.0687 26.6079 13.5943 5.72703 
1.32975 48.6745 228.816 12.9671 229.618 39.209 479.569 230.033 17.4438 215.821 0 473.231 27.0318 54.3757 408.068 183.85 62.0869 131.563 95.0812 27.7034 147.628 6.56501 7.3884 126.641 47.5485 14.7704 2.84865 82.7065 
51.4198 0.933777 15.5419 181.257 0.927667 134.738 0.0915838 763.13 93.4629 237.206 56.6063 0 66.0653 31.9465 39.0976 0.203085 0.234993 19.8202 3.58447 18.9839 0.273714 62.5469 115.84 62.5892 56.6331 90.5004 110.703 132.251 
37.6679 21.9881 58.3223 72.1489 173.092 71.3112 6.14005 81.4581 32.178 88.4673 169.516 21.8597 0 106.2 82.7932 0.516013 1.56889 4.68573 23.9166 5.28849 4.07653 82.326 1.73468 5.10378 51.3655 18.9932 14.5573 0.810772 
33.1393 37.825 14.8937 16.2306 40.3282 18.7399 17.2844 0.0485136 123.402 70.4842 88.3492 59.9839 142.006 0 23.7186 14.2951 21.5235 47.1011 14.1881 1.29292 11.0947 9.57924 9.14764 1.76791 8.44952 11.9997 10.5721 0.0855204 
71.3759 84.1154 10.5847 0.0276234 23.33 39.1659 138.091 157.76 8.84061 129.766 391.767 253.513 9.72557 3.72127 0 77.187 0.31074 43.5326 6.392 11.7796 52.5041 17.2935 10.037 27.498 21.2424 29.7703 10.9023 17.3068 
0.0472529 49.7237 23.6812 42.1539 30.3431 24.038 66.7349 21.8004 40.4279 78.4489 12.6121 242.296 55.9541 18.8446 0.171597 0 7.75172 4.40335 30.2727 4.01815 4.26458 9.54168 0.477671 15.3166 24.2982 0.927505 2.67074 21.4112 
293.924 210.44 55.6621 208.736 31.1164 253.702 42.1928 85.8209 205.042 83.8522 4.63832 0.998563 46.0688 3.16259 26.1166 12.9882 0 117.932 519.047 0.287914 40.7436 19.571 6.90093 1.44081 201.037 8.54319 16.4892 19.432 
0.46317 102.296 22.0992 121.894 208.744 107.002 118.68 65.0995 114.781 62.0736 83.8418 2.52988 23.9346 53.2165 31.5339 36.0815 254.778 0 125.462 12.4376 0.673806 38.2957 32.0998 13.7008 57.8887 3.74628 42.8677 48.9143 
6.98891 0.976537 12.7539 62.3982 18.9559 59.963 157.522 50.1472 33.2232 0.283586 78.8167 100.408 1.67137 0.576875 38.0243 17.4754 43.0247 0.530814 0 15.2828 68.6186 20.8034 8.46362 0.440926 26.619 28.3927 0.246255 10.8836 
68.746 2.10962 26.8235 11.3317 85.6654 2.71742 0.0591293 87.2664 101.448 5.5705 50.8339 93.693 6.36402 0.114991 11.2109 9.46682 27.4816 38.0106 0.328201 0 321.516 5.5812 3.93892 3.60328 13.8051 0.947685 9.80102 8.81726 
31.4099 2.605 0.0175074 202.933 5.37664 31.0988 142.066 28.5365 168.432 6.17169 142.681 168.239 19.0197 11.4948 5.00569 58.5168 63.6154 109.971 72.3036 146.804 0 32.7794 37.3935 26.933 0.000942167 19.8577 7.17361 2.95647 
10.3793 17.9543 0.951305 10.1574 56.4137 18.7227 47.9763 53.963 64.0571 0.552866 66.0232 76.6132 87.0776 8.80687 4.36011 2.98529 0.324167 22.2084 18.6635 0.716673 22.6258 0 0.0223043 7.34947 21.0563 6.7795 12.7744 9.75111 
29.5291 48.8226 12.2138 0.349732 17.2229 12.757 71.7415 67.2268 92.4609 0.00584171 10.5256 66.8627 41.3511 7.62609 12.5683 11.875 0.760521 42.5074 4.30186 0.463399 7.00079 15.0596 0 2.42306 1.35734 7.50438 10.4075 0.767289 
57.6777 40.1307 11.9842 2.82473 22.7898 0.0973825 31.8442 4.34139 59.3195 59.8783 106.125 52.472 10.6732 0.0100788 1.97804 28.44 21.0096 13.8925 21.3728 5.87241 40.7646 6.42828 4.08885 0 3.53502 2.44161 2.17297 14.1574 
273.775 252.989 0.0715568 212.767 63.8829 216.567 0.000331247 6.57709 325.363 21.1214 22.2622 443.058 17.6195 10.5654 31.3833 83.392 199.985 3.50563 30.7234 1.19618 41.4878 12.3396 11.2144 76.7972 0 107.966 123.141 67.8351 
74.1691 63.8447 13.1593 36.7793 56.6151 13.0591 38.9417 118.128 31.3389 76.3839 103.091 385.924 18.331 4.08465 30.6524 0.138906 1.34831 9.87626 20.8879 0.781504 25.0347 1.16463 5.88441 4.191 13.3605 0 34.3707 3.27031 
6.00541 11.4152 14.7554 23.5258 35.394 16.8525 41.4764 20.389 5.63672 0.299953 46.6988 30.6293 0.377158 10.1447 6.8551 1.50373 21.559 15.4943 17.1185 1.22008 0.241924 8.73078 11.9565 18.7037 57.6224 0.710219 0 16.1057 
29.8683 19.6544 14.4411 10.132 13.2515 10.0354 4.48894 32.2664 47.0858 7.9545 96.4737 159.976 39.6023 4.35209 5.88283 22.4855 20.1925 40.5945 7.91495 1.98031 45.616 0.152529 8.5484 6.54452 8.5657 17.1709 92.7218 0 
