0 842.052 51.1956 699.466 20.6021 498.561 267.719 280.072 599.139 156.647 104.779 2.6115 25.118 18.6702 7.83989 63.6332 481.237 3.58394 9.66566 107.209 32.4929 1.82067 44.8698 10.7317 466.353 74.5191 14.3655 20.3261 
988.383 0 438.05 721.126 139.31 607.696 346.72 120.9 546.425 17.273 152.303 8.20104 0.0072493 12.5327 95.0648 84.4936 514.781 628.756 161.826 119.509 10.6412 1.11131 51.9853 22.6638 481.438 46.2337 44.2434 64.6834 
66.8708 117.914 0 85.3936 4.05351 48.3193 176.584 52.3011 0.093169 94.2361 236.647 122.846 2.91083 7.99439 8.53474 0.101472 5.41376 37.3063 19.6809 21.7504 15.9867 8.45893 12.1253 0.545091 7.73543 4.82895 0.33159 0.411912 
430.97 721.159 363.209 0 163.279 458.202 63.9541 627.557 492.398 59.1216 203.511 239.489 14.6531 22.2693 38.9373 29.0738 443.314 14.7566 61.7361 48.111 60.8789 16.359 0.00853043 16.2869 408.141 37.0575 0.18315 5.5864 
26.5122 6.59603 40.9316 108.648 0 327.508 409.554 19.0421 101.7 12.7069 41.447 119.414 2.1723 4.01069 33.6546 42.4895 11.9083 4.69292 168.802 90.0389 106.461 5.82239 54.2021 54.7395 33.3031 33.1492 35.8862 4.95555 
459.874 440.771 51.0464 470.066 902.822 0 1109.52 6.04472 870.477 732.777 251.301 0.00142045 460.406 1.39331 39.6112 0.0548534 434.458 121.902 14.9469 5.3913 4.82875 1.93211 5.26358 4.05491 416.071 8.87368 0.548124 22.0395 
257.007 204.357 1.60846 13.4323 274.077 731.883 0 20.2981 1.20675 1.37159 125.094 70.4117 190.037 22.1318 88.16 92.4405 63.4845 234.076 23.5721 31.8326 14.9579 3.52294 67.011 0.0287411 10.0532 74.1301 21.5849 70.3342 
300.442 124.646 18.6783 363.483 33.9105 93.0512 383.342 0 330.631 213.261 293.797 342.866 2.34347 51.8964 106.984 14.3476 20.2998 30.3382 107.163 74.3902 161.87 47.9958 0.879225 99.4846 157.059 12.4836 76.4776 32.9382 
608.17 713.945 472.823 507.923 325.49 871.544 1273.15 319.243 0 142.373 886.063 374.216 90.8149 142.265 200.924 82.0217 520.316 109.36 0.958765 0.356288 8.00767 28.1164 65.8532 2.62628 420.558 41.7461 0.163434 58.7984 
39.2043 242.17 29.2838 89.1203 0.91363 77.1504 239.875 13.9712 359.326 0 34.5277 20.9474 207.586 46.2646 0.0389823 25.362 59.4167 146.229 5.76576 13.8305 0.475931 34.3732 8.99616 36.0534 42.8409 31.7314 15.3353 4.14103 
0.0196782 30.713 239.078 4.50865 243.593 71.4182 445.34 185.526 122.032 91.5177 0 413.945 44.8174 80.9701 384.464 156.45 65.983 122.494 101.506 31.9727 145.465 8.73664 3.09319 123.034 59.0667 25.1621 4.4941 76.5698 
68.5378 4.59904 6.44103 147.652 0.0117042 143.678 1.95993 987.5 140.514 225.734 14.9749 0 56.2266 19.3959 73.6755 48.8707 0.732195 14.6436 2.08512 14.7281 0.0851794 65.1348 120.938 83.6416 84.2621 177.178 105.813 146.487 
43.2378 29.5539 61.8502 72.7918 167.098 54.0622 15.3144 90.1016 20.9567 143.301 192.713 15.3794 0 81.7383 93.8675 2.11073 0.866029 7.00454 28.1247 6.50069 5.48119 77.5155 0.177601 7.91992 49.7935 21.6469 15.8096 0.412332 
35.5838 33.8569 15.5343 17.4545 44.1036 19.7536 12.0492 0.455548 113.495 64.7414 116.94 43.817 153 0 7.39974 11.3525 21.7315 45.5708 15.304 1.45549 12.6564 9.03004 9.67001 2.81866 7.32051 11.4353 10.3258 0.0134348 
70.6286 88.1851 13.3721 0.0851096 28.9671 37.0191 141.631 142.35 3.68903 133.294 335.092 270 17.7318 17.5845 0 50.9971 0.572373 40.2826 5.10898 11.7773 53.9582 17.4779 13.3571 28.0991 18.8328 30.6167 9.97228 18.514 
0.659387 44.4509 24.3646 40.6963 26.3144 25.1979 74.1619 4.84516 53.3385 83.585 2.23189 382.794 62.1628 17.3968 12.2102 0 8.60086 3.06477 30.4854 3.55855 6.0521 10.0335 0.0940026 20.6477 27.5031 2.8639 1.99513 20.4909 
506.553 426.589 55.4963 415.466 41.6595 461.101 36.1321 88.7963 411.735 83.0768 6.57668 1.87188 48.3882 3.68592 26.8331 13.9037 0 161.049 425.973 0.636972 38.126 19.2461 6.37909 1.14308 410.533 7.69608 15.9903 18.8617 
0.725432 137.012 11.3292 130.772 193.229 99.6108 140.397 54.1306 97.7263 52.5803 94.2104 0.865162 28.3314 52.759 34.8593 38.8335 276.82 0 116.063 16.6258 0.0587886 39.0225 33.5165 15.3299 56.9716 5.13901 42.2726 48.1073 
11.0809 4.69282 16.4406 62.6771 48.1698 67.8879 156.919 44.1184 42.554 0.104788 86.0596 100.51 3.17066 0.941032 38.3567 16.2259 39.7948 0.0564919 0 13.5527 67.1293 20.1459 7.70214 0.68395 27.347 28.9652 0.395357 11.7109 
35.3036 0.0451272 27.4259 15.7437 89.2492 1.8406 0.846248 79.7733 103.968 7.49656 55.2084 91.4325 7.66672 0.0664427 11.4071 9.58388 26.2284 43.6372 0.745952 0 268.547 5.46075 3.99098 3.84521 13.736 0.668226 10.0067 9.1662 
51.2389 6.81497 0.874661 229.595 8.64734 35.2907 143.599 18.3804 175.494 4.07197 138.861 168.078 16.5574 9.98446 6.57063 56.6923 64.8841 113.744 72.6396 64.1799 0 32.6872 36.6431 24.9884 0.146644 22.8067 8.25962 3.94237 
9.25736 19.8137 0.726766 9.59498 56.7874 18.1109 50.3407 56.0403 65.5619 0.0913743 68.6145 76.3797 83.6694 9.38451 3.50975 2.45021 0.481358 20.9154 17.9175 0.609559 21.817 0 0.0656742 8.39557 22.0926 7.17089 12.7001 9.5694 
27.6274 50.532 12.4031 0.137396 19.5602 13.4681 72.2995 60.8428 95.9983 0.168858 17.3932 76.9829 32.9218 9.07997 15.871 12.3212 0.56093 43.1929 3.69805 0.554743 8.10616 14.5542 0 0.141871 0.983582 6.93204 9.82149 0.545898 
57.2469 37.314 11.2281 1.88853 25.1779 0.00857367 35.7501 9.40301 65.3178 60.384 113.438 72.8236 7.41501 0.0867277 4.04107 29.2947 21.0056 12.3129 20.8504 5.7343 42.1015 7.48132 9.15073 0 3.95802 3.41908 1.4781 13.8967 
482.302 465.803 0.367466 418.925 62.3497 427.119 0.377403 1.13629 535.852 17.2475 31.5169 341.566 15.1846 11.6294 31.1056 70.6947 409.344 4.72583 30.8441 1.54915 43.9863 46.2779 8.82222 71.6107 0 66.5134 20.0429 86.7211 
76.3816 67.8719 11.1772 39.4609 59.3359 14.8036 45.8662 86.526 41.6523 76.1776 87.1686 333.6 20.9654 3.23804 30.9299 0.142142 1.77786 11.9357 19.7862 1.07997 28.1126 0.922917 5.26475 3.12714 11.3803 0 36.1778 0.189776 
7.2926 9.85033 15.4128 22.6161 33.933 16.2693 39.1841 25.0455 7.56306 0.075004 42.6037 23.9074 0.167814 9.84701 5.98432 2.10693 21.3303 14.2347 16.5095 1.44283 0.0767206 9.13017 11.5008 19.0343 59.0348 0.0725619 0 4.73351 
32.6697 22.3277 13.3414 11.9157 15.1694 11.0898 2.88852 41.4725 41.5245 6.09805 100.676 148.434 40.6811 3.77301 7.16207 21.9727 19.6553 39.1033 8.68932 1.67199 46.78 0.240864 8.86316 5.78012 9.02427 27.6842 87.2175 0 
