0 627.356 2.37191 385.108 33.5181 136.707 138.832 225.899 137.755 134.5 166.048 181.15 56.6344 53.0334 24.64 80.5302 138 104.918 0.764759 196.365 188.045 37.8477 38.2604 1.57055 136.693 74.8614 29.6719 28.7262 
705.373 0 179.241 440.3 499.976 369.144 17.3375 44.2966 530.098 229.234 22.9162 84.0967 64.0798 69.9422 36.2695 72.7177 168.781 359.294 164.621 140.216 77.4575 1.63449 2.49344 12.3055 213.561 16.4871 13.4399 4.46214 
0.114653 395.767 0 103.023 11.3103 64.6817 225.787 64.5292 453.328 37.0635 9.65647 187.056 28.7039 16.5816 9.39368 1.06158 0.795118 144.579 47.7756 9.39225 125.649 0.821175 11.4559 6.11719 11.531 12.5068 2.8655 0.0490545 
191.911 441.297 23.747 0 125.798 191.056 20.6667 899.009 186.972 103.324 127.311 3.32078 14.5646 0.158948 12.7648 4.43312 139.995 25.2654 28.122 46.2537 545.149 0.9741 1.42011 2.9586 165.287 0.158528 27.5251 22.1612 
26.9132 514.729 111.857 23.9032 0 433.207 74.6188 98.6782 317.846 167.83 8.24831 91.5667 81.5852 52.5841 1.99268 0.647683 123.52 97.5912 1.94768 0.0295698 98.7814 36.4071 0.0237407 8.03745 45.0534 10.2695 17.377 6.73336 
149.782 223.28 26.8152 201.071 730.851 0 113.648 3.03443 545.558 318.816 32.9094 119.763 7.47833 21.4782 41.5305 26.5196 137.453 54.7522 79.5538 0.137172 21.5537 1.09611 0.0401743 3.33997 144.749 0.951083 3.70286 0.0478001 
185.688 516.975 7.7303 173.785 239.143 14.9141 0 168.936 9.53404 84.9239 223.038 211.884 158.255 60.8077 0.404939 100.03 35.9294 118.786 94.141 34.3463 129.916 56.8411 21.223 29.5804 3.8387 35.9894 42.8854 72.128 
306.549 209.939 26.8936 378.732 0.209525 103.625 255.292 0 255.42 178.619 300.931 899.54 128.196 114.622 0.0552782 124.041 79.6375 32.326 116.573 32.4103 172.122 29.0112 0.186912 2.64032 73.9858 234.11 82.6593 60.2145 
325.327 169.719 12.7844 466.161 113.687 547.884 1303.93 266.549 0 210.232 968.803 362.549 25.053 155.961 254.306 136.936 249.898 83.1524 143.946 0.294389 147.582 66.4895 59.2456 22.3794 229.155 75.5622 75.2747 81.6173 
98.8257 0.44542 66.4959 5.73962 215.082 283.803 72.7989 51.0977 314.606 0 307.374 150.938 161.253 1.34298 55.8507 77.3424 39.3702 110.05 2.84183 0.141087 63.986 8.27371 0.196441 3.58335 0.4958 12.9329 5.62853 3.36929 
159.426 266.181 0.201983 98.2911 113.61 186.101 152.066 365.854 675.639 213.016 0 220.85 159.366 88.8986 298.292 0.890754 1.83628 1.45102 37.793 24.6091 65.6154 78.7404 117.881 115.242 27.2663 146.282 75.3222 20.1939 
218.278 22.6127 85.4662 156.082 4.00989 87.5582 91.6218 199.305 121.023 1.61519 25.4494 0 24.0957 88.3449 13.0687 50.178 2.08262 90.0285 95.6345 80.7155 28.1742 14.5835 40.2007 108.439 283.502 119.069 117.137 143.361 
14.7816 8.89276 73.0547 22.6558 121.837 37.9238 189.875 95.0008 200.125 224.747 253.804 0.999364 0 100.369 13.4102 29.3254 16.8822 84.6707 1.85732 1.00462 18.9122 13.3833 65.0011 42.0296 5.58771 43.3007 27.9479 0.625354 
43.853 68.795 5.07977 12.0763 0.853916 1.00548 0.300465 29.6418 118.302 0.978988 54.8627 118.866 0.0563355 0 61.6688 4.63633 1.38548 46.5419 3.15309 2.83446 6.36809 1.01339 3.05352 7.81572 16.5563 1.32021e-05 10.3794 0.0697253 
31.8542 21.3445 32.9207 32.1388 0.816252 40.206 72.6204 159.77 47.3867 68.5505 359.674 110.259 14.27 18.8991 0 28.8998 11.2418 0.259653 19.6267 4.32372 3.5732 0.173569 0.0298272 6.18918 31.3277 8.27176 2.45152 20.5313 
10.8449 11.2471 22.8849 36.323 74.9528 4.35052 86.6946 98.3166 6.61801 83.3414 120.546 86.2145 4.88739 0.356409 31.0019 0 25.9994 54.2697 19.7208 0.0364816 3.25907 4.97547 12.0094 16.7342 10.4384 1.03042 14.1676 7.29468 
185.871 140.481 52.1894 193.753 11.8353 146.637 83.5138 10.8995 138.282 82.7567 54.3413 0.867046 22.1271 20.206 29.1168 25.6791 0 268.08 452.684 33.3954 38.4547 21.1946 17.8604 17.5011 160.464 8.81762 11.1803 23.9871 
146.908 90.6459 135.914 138.807 199.167 116.044 4.9337 51.7394 124.135 118.407 165.434 53.9564 102.623 34.2683 68.9325 30.8284 141.187 0 147.463 17.6329 2.55315 0.656367 41.5807 37.2364 56.9839 40.5059 24.8466 8.30456 
0.415737 2.87863 39.0959 36.1457 36.2149 17.7737 19.009 75.957 83.9443 1.10286 54.4134 0.440989 6.04167 2.56874 7.99466 29.6231 39.4162 16.6573 0 0.427344 65.8394 3.40792 3.35559 23.1548 25.5137 30.4836 0.727022 8.52895 
115.871 13.6523 1.44879 27.1271 5.66688e-06 1.94504 80.311 48.589 106.349 0.505906 47.4966 4.52461 0.584791 0.146056 2.2053 6.4921 7.86816 44.9068 22.6554 0 324.495 6.38578 1.09134 3.88718 5.1187 8.56166 0.00317246 11.5059 
165.795 68.6757 91.903 153.474 57.7464 0.345713 60.4787 26.3515 0.0587127 37.192 81.5843 138.054 4.13248 17.0814 50.7734 59.5477 64.7354 104.058 47.4921 155.807 0 32.6822 7.40826 44.4501 60.5552 52.8556 36.935 5.05665 
29.7594 36.3027 2.47777 1.49989 35.5545 8.03577 16.7377 38.6442 26.1456 55.4958 35.6472 0.000463556 7.09818 2.51121 13.4898 7.64636 0.900193 36.746 5.3412 2.85482 25.7382 0 0.243072 14.1024 20.2854 8.83003 1.01363 3.07809 
46.9894 3.57139 11.9171 0.84845 24.6575 4.92962 4.63406 65.8102 92.3633 14.2005 129.758 2.47086 91.1084 5.36029 0.459584 0.584466 11.0916 30.385 7.25652 4.11574 37.1218 15.238 0 19.3403 23.5767 0.357725 5.24859 10.0808 
33.1649 3.03026 14.2884 2.15633 4.28303 0.0906629 0.315893 135.246 100.132 13.0476 48.6882 97.5254 70.2377 10.3525 10.6926 2.03109 8.19526 0.154554 0.0048215 5.70854 21.0116 13.9816 15.5167 0 10.1411 4.00829 2.38329 13.4775 
160.758 163.299 1.81946 143.162 0.961255 137.393 29.9036 189.738 146.516 5.78236 53.902 996.056 7.06343 0.151307 22.9694 38.907 161.992 1.23786 16.8988 5.13301 18.6623 74.617 18.7836 62.8955 0 26.5118 116.537 75.3367 
72.6667 36.2175 5.8917 19.157 70.5565 24.7385 42.0843 88.0646 75.665 17.5972 71.7546 371.707 42.7205 5.28666 11.1349 5.26648 26.737 30.6267 14.9252 12.0597 56.5041 0.153042 1.22363 2.59348 44.705 0 11.3056 63.4734 
20.9454 1.42781 5.73765 8.00904 11.2815 11.1377 56.0603 16.919 54.5913 3.94956 3.32589 85.0967 37.9784 10.7595 5.70069 2.54728 18.2762 44.9197 22.2037 6.86727 44.0721 8.55251 7.31781 14.3369 50.3723 20.194 0 56.2927 
40.3212 26.9827 11.3674 14.9938 12.6475 17.1839 1.62006 69.773 92.7821 1.93471 103.775 14.4565 40.0737 2.61369 22.8322 10.2273 23.6926 1.24379 11.5406 0.101808 47.8182 8.83769 0.441267 12.015 7.40156 35.6751 3.68414 0 
