0 641.974 2.20012 398.979 34.0236 148.76 138.077 225.113 149.908 134.293 165.797 181.545 56.4903 53.0173 24.5455 80.5275 150.102 105.504 0.733979 195.817 187.485 37.8636 38.2984 1.59371 148.765 74.803 29.7192 28.7962 
716.418 0 175.578 451.845 501.294 381.46 18.3348 44.8469 541.604 228.934 22.5618 83.6679 63.8317 69.9148 36.428 72.625 181.094 215.35 164.458 140.133 77.7922 1.65142 2.46741 12.3636 225.658 16.5855 13.3973 4.49839 
0.0792467 398.547 0 106.384 11.5968 64.6069 225.164 63.6252 454.566 36.8031 9.97852 186.979 28.8159 16.5766 9.45907 1.04207 0.774228 144.292 47.8662 9.33703 125.583 0.815618 11.4652 6.09613 11.5754 12.5566 2.85146 0.0464225 
202.511 452.87 20.3382 0 125.449 203.258 21.0527 799.715 198.025 103.402 127.833 3.1271 14.4839 0.153332 12.6975 4.49403 152.023 25.5138 28.0262 46.2051 614.218 0.967445 1.43287 2.93263 177.429 0.17006 27.522 22.1167 
27.373 513.729 112.446 23.6123 0 434.734 76.0465 98.24 318.533 169.083 8.03804 91.2799 81.2258 52.5003 2.0382 0.628596 123.272 97.0478 2.14284 0.0357184 98.9405 36.3507 0.0263687 8.07973 44.9804 10.2072 17.3387 6.69761 
161.662 236.225 27.0287 213.208 583.925 0 52.8732 3.18354 555.498 232.242 33.571 120.057 10.1895 21.4894 41.5142 26.536 149.541 54.9993 79.6955 0.142888 21.4588 1.10751 0.0423898 3.35812 156.78 0.935279 3.71755 0.0454181 
184.99 516.233 7.36975 174.232 241.021 11.903 0 167.466 12.2851 87.1227 220.941 212.511 157.767 60.9848 0.368032 100.104 35.7809 119.333 93.8216 34.1878 130.046 56.8834 21.3167 29.4841 3.89611 36.1578 42.8301 72.1027 
306.413 209.244 26.2621 378.803 0.183365 103.001 256.739 0 252.002 178.216 301.821 893.844 128.346 114.475 0.0395246 123.023 79.7278 32.5499 116.569 32.2255 171.817 29.0777 0.201295 2.72199 74.4974 234.147 82.7656 60.472 
336.803 182.598 11.7871 478.055 112.643 557.856 1305.1 263.104 0 211.715 780.053 363.33 24.7786 155.904 256.968 136.724 261.979 83.5669 143.805 0.312562 147.315 66.4581 59.4089 22.5084 241.428 75.2667 75.2346 81.7248 
99.1118 0.3903 66.7705 5.83782 216.278 288.163 70.7572 51.5177 313.442 0 311.01 151.528 159.806 1.38886 55.4585 77.4884 39.4806 110.26 2.77088 0.148725 64.1002 8.21465 0.207376 3.6262 0.477811 12.8341 5.65913 3.40272 
159.698 266.086 0.157602 97.753 114.21 185.156 154.02 366.185 670.243 216.499 0 218.724 159.987 88.1918 300.415 0.7951 1.80797 1.40381 37.6215 24.7105 65.8217 78.7458 118.063 115.401 27.0333 146.019 75.3902 20.0614 
218.075 22.3463 84.9725 156.938 4.09505 87.2185 92.2941 192.64 122.218 1.5189 26.3869 0 23.9146 87.908 12.6118 47.9636 2.05619 89.8274 95.6836 80.8198 28.3719 14.5154 40.4386 108.973 286.452 121.2 117.205 143.018 
14.8804 8.7743 73.0391 22.7494 122.173 38.3292 190.244 94.7906 199.991 223.392 253.845 0.959801 0 100.97 13.6109 29.1638 16.8248 84.7733 1.89082 0.991339 18.9752 13.5181 64.8065 41.9098 5.54766 43.3572 27.9187 0.615189 
43.8034 68.8315 5.1057 12.042 0.875171 0.989362 0.321175 29.4289 118.05 0.940434 54.2365 118.47 0.0826624 0 61.5958 4.70334 1.37673 46.5797 3.17095 2.83889 6.39902 1.02472 3.00238 7.78813 16.5591 8.54255e-06 10.3858 0.0720723 
31.9531 21.4804 32.8944 32.1946 0.845667 40.1691 72.2655 160.109 47.9474 68.9481 361.215 111.319 14.0651 18.4524 0 28.202 11.2684 0.24956 19.6718 4.33581 3.54181 0.168555 0.0358356 6.25941 31.3219 8.33623 2.46686 20.5079 
10.7539 11.1571 22.911 36.3952 74.9545 4.31487 86.842 97.3292 6.76159 83.2251 121.334 89.0431 4.96711 0.377773 31.7163 0 26.0027 54.3156 19.7509 0.0379386 3.29539 4.99122 12.0223 16.5977 10.5011 0.993268 14.1453 7.25501 
197.779 152.453 52.1464 205.81 11.6702 158.637 83.6489 10.8295 150.314 82.785 54.2386 0.849903 22.1891 20.1959 29.1069 25.6731 0 267.535 473.628 33.3848 38.3889 21.196 17.8535 17.4895 172.515 8.8393 11.1664 23.9917 
147.479 93.0768 136.249 138.947 199.565 116.166 5.09188 51.4758 123.711 118.215 165.341 53.7608 102.669 34.322 68.9277 30.7579 140.105 0 147.381 17.7462 2.50756 0.664382 41.5594 37.2738 57.009 40.4416 24.8799 8.27159 
0.393105 2.97935 38.9912 36.0505 35.4453 17.6007 19.2215 75.8105 83.6734 1.14806 54.2272 0.426019 5.98318 2.55248 7.95814 29.612 40.3236 16.4718 0 0.43691 65.8831 3.42206 3.36967 23.1621 25.493 30.488 0.72143 8.50945 
114.863 13.4347 1.4229 27.2491 0.000206841 1.96558 80.1921 48.7929 106.364 0.491782 47.6084 4.58413 0.574619 0.147606 2.21509 6.48102 7.90056 45.0479 22.6983 0 323.794 6.38601 1.08828 3.89316 5.13298 8.57439 0.00288886 11.5055 
165.174 69.0042 91.633 155.116 57.5645 0.331712 60.2631 26.0836 0.0708532 37.3075 81.7911 137.85 4.09966 17.0384 50.7298 59.5104 64.7654 104.175 47.5633 153.552 0 32.6851 7.38083 44.4247 60.5536 52.9129 36.9083 5.08609 
29.7882 36.3469 2.48675 1.50803 35.6112 8.01108 16.6745 38.7106 26.2157 55.446 35.5558 0.000988767 7.20035 2.49483 13.5113 7.63102 0.894367 36.7678 5.35812 2.85045 25.7204 0 0.233247 14.1041 20.2693 8.83792 1.00778 3.08556 
46.986 3.54054 11.9244 0.858482 24.5958 4.94992 4.68456 65.652 92.4608 14.2809 129.662 2.54193 91.1227 5.30545 0.48216 0.570051 11.0781 30.3477 7.27506 4.11567 37.1403 15.2361 0 19.4118 23.5937 0.363411 5.23209 10.0826 
33.0948 3.06174 14.3006 2.17897 4.2511 0.0873938 0.328981 135.338 100.124 12.9732 48.9376 98.0657 70.2343 10.3482 10.6105 1.96167 8.2104 0.149574 0.00541071 5.70482 21.06 13.9867 15.3954 0 10.2671 4.03586 2.40294 13.4872 
172.922 175.465 1.8417 155.285 0.979673 149.447 30.0376 189.591 158.46 5.84215 53.6131 987.545 7.10793 0.156732 23.025 38.3918 174.046 1.2207 16.8715 5.11873 18.599 75.3398 18.8105 62.5988 0 26.0617 121.368 71.2071 
72.5969 36.0951 5.93271 19.0627 70.5653 24.7658 41.9113 88.8391 75.3694 17.7085 72.1538 370.512 42.778 5.30983 11.2048 5.18784 26.7438 30.5591 14.8961 12.0604 56.5514 0.15063 1.23366 2.57017 44.6969 0 11.3868 63.5 
20.9925 1.44362 5.75574 8.03698 11.3152 11.1187 56.0285 16.8149 54.5099 3.9235 3.36549 84.9128 37.99 10.7645 5.72177 2.52973 18.2654 44.92 22.1944 6.85898 44.077 8.54228 7.30096 14.3109 50.3902 20.1054 0 56.7504 
40.2549 26.9123 11.339 14.9467 12.6936 17.161 1.64724 70.0319 92.8525 1.96039 103.695 14.2165 40.1009 2.60106 22.843 10.185 23.6985 1.23004 11.5199 0.103794 47.8425 8.83164 0.436676 12.0004 7.39582 35.4002 3.50341 0 
