0 711.666 62.9766 544.065 14.5856 326.489 267.719 271.363 412.954 156.582 110.408 1.21491 23.2025 19.644 8.86111 61.8592 302.201 1.64684 11.4315 79.9819 40.0578 1.6097 44.5309 9.86332 291.061 75.4393 15.0594 19.2763 
803.856 0 400.058 542.12 101.739 441.042 387.166 133.058 347.849 23.1382 162.31 5.7463 0.059275 11.3472 95.6789 84.6581 342.459 695.482 158.636 115.018 13.3384 0.898321 52.5507 21.5481 303.913 44.2653 43.6165 64.6071 
79.4971 173.572 0 41.8197 1.74073 45.134 160.83 39.5703 3.99501 97.5131 232.443 115.198 3.66913 7.54485 7.54215 0.0266569 4.60315 43.5133 18.0794 22.496 12.9305 8.28837 12.2186 0.678727 8.38822 4.23668 0.418684 0.298177 
241 542.613 299.166 0 163.767 283.906 54.7065 1253 336.204 55.662 203.859 246.353 15.9695 22.0415 39.164 30.5465 267.905 18.0653 61.3237 48.1826 40.656 16.2802 1.2745e-05 15.6378 231.592 35.8782 0.111899 6.16516 
19.6872 0.387288 49.1088 102.321 0 276.388 393.446 15.2848 118.275 6.15555 48.7594 115.041 3.61933 3.32522 36.091 44.1319 9.38813 7.47532 187.48 91.1623 104.101 5.26657 54.5703 55.0515 34.5411 31.7372 36.4514 4.46723 
288.134 274.779 53.8935 294.816 989.675 0 888.575 9.78238 673.487 377.825 241.658 0.221775 625.948 1.1069 38.8809 0.00720938 256.415 122.795 12.4473 4.89774 5.68176 1.70215 5.59668 4.37069 239.993 8.22934 0.651023 21.8684 
261.264 162.402 5.41597 18.9222 244.456 548.913 0 31.8911 31.1744 10.5031 155.554 80.5601 195.694 24.6404 82.5958 94.3494 65.9764 234.438 27.4045 34.3494 17.1578 3.01548 66.1149 0.125486 8.67033 71.6501 20.6578 70.9084 
304.29 112.604 11.0148 430.717 39.1315 83.2267 370.326 0 386.643 209.569 278.57 475.388 1.55022 47.9598 114.733 7.82735 18.8692 33.9061 105.78 77.5552 156.4 48.9606 1.4344 95.1416 150.256 18.8387 74.5513 36.5566 
440.255 557.092 464.833 311.125 314.783 675.185 1305.71 375.382 0 165.681 425.294 384.043 97.5135 140.246 189.428 76.4202 344.113 116.189 1.76089 0.11078 10.2546 26.985 68.3678 1.89344 241.805 46.1189 0.0611923 56.5877 
43.3858 241.828 25.4827 91.628 0.0203727 110.871 193.536 18.087 345.874 0 12.6268 15.8633 229.516 43.3682 0.558376 28.2904 61.0142 146.496 4.26677 14.8817 0.775805 35.7401 7.94385 34.6268 41.1166 33.821 16.0474 3.57301 
0.0704202 24.5354 240.796 2.32489 248.121 86.0717 424.633 167.605 164.74 53.9451 0 385.064 52.9175 92.2378 363.441 144.47 67.505 118.707 103.94 33.717 144.352 9.68108 1.87979 121.17 63.7968 29.9512 5.25097 74.0166 
75.7862 6.825 3.87068 133.711 0.0548287 146.737 4.31791 1024.43 160.656 220.011 5.62963 0 52.3882 15.1359 89.4728 89.5681 1.00743 12.7689 1.59623 13.1499 0.381569 66.1093 122.568 92.2758 101.258 214.304 103.625 151.564 
45.5047 32.8157 63.1542 72.9246 164.121 50.7408 20.0479 93.5033 17.0653 166.386 201.291 13.0722 0 71.7084 97.8924 3.04244 0.642192 8.0528 29.8576 7.01434 6.09674 75.3292 0.00380859 9.19673 49.108 22.7264 16.3155 0.290025 
36.5412 32.2732 15.7546 17.9222 45.5861 20.1113 10.1817 1.06535 109.137 62.2451 128.283 37.7992 155.295 0 3.1429 10.1082 21.802 44.9212 15.7479 1.52205 13.2989 8.78928 9.60133 3.28266 6.87283 11.1799 10.2184 0.00204144 
70.209 89.6129 14.5218 0.225253 31.3195 36.0073 142.271 135.51 3.62021 133.66 303.509 272.959 21.4856 24.9545 0 39.0476 0.698793 38.9659 4.62983 11.7645 54.484 17.5188 14.6841 28.1132 17.8429 30.8066 9.59973 18.9694 
1.10048 42.3279 24.5576 39.9248 24.7386 25.5973 76.9955 1.42892 58.7446 85.3227 0.436669 428.199 64.5094 16.5813 21.4932 0 8.94689 2.59359 30.5419 3.37789 6.84498 10.2176 0.0229462 22.584 28.7102 3.90686 1.74922 20.0647 
331.159 253.198 55.3042 237.967 46.1505 283.692 33.7734 89.8992 234.302 82.6392 7.43942 2.2957 49.2874 3.90422 27.1023 14.269 0 178.075 415.953 0.814123 37.0713 19.109 6.17318 1.03307 234.078 7.36473 15.7873 18.6275 
2.14074 137.458 7.94946 133.815 186.249 96.3719 148.9 49.9028 90.9627 48.8763 98.3305 0.442398 30.1567 52.5249 36.1904 39.9171 282.353 0 112.005 18.4314 0.000117931 39.2947 34.0682 15.9954 56.5547 5.75193 42.0148 47.7535 
12.9528 6.93336 17.9996 62.6559 62.8886 70.8382 156.078 41.7474 46.4894 0.443484 88.8801 100.435 3.89833 1.1106 38.4431 15.7238 38.4616 0.389502 0 12.8721 66.4748 19.8739 7.40251 0.79559 27.6216 29.1723 0.464665 12.0438 
24.6323 0.081212 27.5592 17.6166 90.4581 1.53374 1.415 76.6505 104.745 8.33457 56.9246 90.3637 8.21442 0.0506811 11.4745 9.61819 25.7056 45.8938 0.959356 0 237.875 5.41063 4.00935 3.94094 13.6944 0.569302 10.0841 9.30075 
60.1686 9.03208 1.85077 221.207 10.1565 36.9813 143.918 14.8826 177.879 3.34889 137.106 167.642 15.6072 9.40157 7.2484 55.8853 65.3405 115.097 72.7055 38.2637 0 32.6376 36.3196 24.208 0.274228 24.0119 8.7106 4.37303 
8.82115 20.5674 0.644899 9.3683 56.8833 17.8444 51.2439 56.8321 66.1056 0.0157328 69.581 76.1984 81.9976 9.59377 3.18888 2.24712 0.552698 20.3982 17.6128 0.568885 21.4892 0 0.174715 8.80695 22.4675 7.32469 12.6623 9.492 
26.858 51.1672 12.4603 0.0795754 20.515 13.7359 72.3926 58.2373 97.2058 0.366634 20.5481 80.9481 29.6594 9.42965 17.1417 12.4183 0.489327 43.4384 3.46688 0.593221 8.56525 14.2667 0 0.0115464 0.955152 6.69569 9.57812 0.467287 
56.9979 36.1703 10.9136 1.56275 26.1403 2.20085e-05 37.3156 11.9279 67.657 60.4658 116.025 81.337 6.25825 0.203885 5.03593 29.06 20.9937 11.6985 20.63 5.67473 42.6033 7.90119 11.3602 0 4.68163 3.84432 1.23451 13.7708 
305.317 290.606 0.549154 241.185 61.6686 251.058 0.726285 0.213455 359.414 15.7724 35.5458 1100 14.2421 12.0388 30.8836 56.8533 232.836 5.26038 30.8707 1.70148 44.9554 69.551 7.97363 66.2768 0 31.9102 14.7949 141.01 
77.1086 69.3836 10.3972 40.3982 60.3583 15.499 48.6652 74.391 46.023 75.8916 80.7242 303.837 22.0391 2.91764 30.888 0.456727 1.96511 12.8011 19.3379 1.21149 29.3548 0.833376 5.01612 2.73506 10.6898 0 36.7361 0.0142802 
7.83662 9.24951 15.6653 22.2322 33.3371 16.0261 38.2502 26.9981 8.40422 0.0269623 40.9647 21.3936 0.107411 9.71988 5.64529 2.37302 21.2317 13.7389 16.2623 1.53636 0.0364586 9.28655 11.3049 19.1265 59.1646 0.00152884 0 1.99262 
33.7864 23.4203 12.8942 12.6474 15.9597 11.5129 2.3429 45.3391 39.3251 5.41638 102.162 143.122 41.0823 3.5475 7.69374 21.7008 19.4336 38.4881 9.00439 1.55473 47.2107 0.281692 8.9808 5.47853 9.34172 32.1031 83.0969 0 
