0 546.535 79.4282 349.908 8.19479 117.623 266.067 258.441 185.36 156.061 117.725 0.181502 20.774 20.9379 10.282 59.4394 84.3858 0.230308 13.9465 43.686 50.9217 1.3518 44.0513 8.76843 78.1528 76.5117 15.9844 17.9214 
562.67 0 334.539 318.875 59.6976 237.437 434.812 149.151 106.282 31.9734 175.187 3.17271 0.454907 9.86461 96.2744 84.7127 133.3 204.454 153.877 108.663 17.2976 0.652609 53.246 20.1043 88.052 41.674 42.773 64.4461 
96.6604 252.24 0 10.2205 0.163021 40.7641 139.207 25.1881 24.8449 101.439 224.952 104.941 4.78947 6.95862 6.30788 0.0016617 3.63102 52.1004 16.0397 23.4142 9.36302 8.06204 12.3253 0.875184 9.26755 3.50818 0.548019 0.176454 
17.5096 319.954 136.83 0 163.598 72.1775 43.2962 648.108 150.094 51.1096 203.209 253.301 17.758 21.707 39.361 32.4025 54.8878 22.8349 60.6725 48.0326 351.969 16.168 0.0127751 14.7773 17.2159 34.2357 0.0448197 6.9576 
12.1729 3.74872 60.537 93.8224 0 225.086 367.244 10.941 140.921 1.09361 59.032 109.204 6.06092 2.51878 39.3368 46.2672 6.50999 12.0644 211.054 92.4297 100.89 4.57544 55.0034 55.4131 36.1643 29.893 37.1809 3.86167 
80.0355 75.8433 57.2866 81.7255 647.865 0 45.518 15.9623 419.276 383.632 226.798 1.07885 632.387 0.778739 37.7791 0.0123512 39.9787 123.586 9.46519 4.27739 6.89735 1.42061 6.04118 4.79712 26.14 7.40564 0.798995 21.6224 
265.276 111.797 13.6921 27.376 204.895 282.426 0 50.6421 196.752 34.9593 197.986 94.4811 202.288 28.0638 75.1892 96.6107 69.2106 233.924 32.7723 37.7131 20.2404 2.40659 64.845 0.355672 6.99596 68.2907 19.4563 71.5785 
307.408 97.1762 3.93527 479.115 46.4201 70.6619 349.874 0 457.498 203.973 257.333 651.987 0.755131 42.8894 124.648 2.19698 17.0532 38.8164 103.837 81.6162 148.916 50.2034 2.36431 89.2616 140.722 28.9409 71.9511 41.4804 
236.366 365.941 438.941 72.5579 298.63 421.696 1214.63 446.892 0 196.852 984.959 393.974 106.335 137.213 230.447 69.0721 129.934 125.108 3.17509 0.000200114 13.5967 25.5134 71.5971 1.11043 24.6933 52.0251 0.00171199 53.666 
49.0661 239.969 20.7894 94.6741 2.50644 175.801 136.093 24.2118 324.746 0 0.21004 10.2027 256.353 39.5594 2.14952 32.2632 63.0596 146.534 2.63167 16.2979 1.27888 37.5178 6.64805 32.7392 38.8348 36.5829 16.9938 2.88729 
0.635842 17.3885 240.919 0.540352 253.08 106.347 392.278 144.384 210.463 18.7346 0 343.875 64.2761 107.26 327.441 128.213 69.4668 113.618 107.003 36.0308 142.681 10.9833 0.739457 118.377 70.0621 36.7172 6.3273 70.5954 
85.5662 10.385 1.47252 115.372 0.466711 150.266 8.77656 1019.3 187.72 211.601 0.154308 0 47.4592 10.2789 111.31 156.243 1.43424 10.487 1.05218 11.1943 1.09162 67.3327 124.336 103.615 86.0859 262.073 100.569 157.613 
48.5041 37.2784 64.765 72.9905 159.74 55.6859 27.1137 97.9013 12.5163 196.597 211.803 10.3058 0 58.7313 102.752 4.51121 0.39872 9.52948 32.1676 7.71214 6.94985 72.2561 0.168524 10.9936 48.1614 24.1548 16.9828 0.161889 
37.7769 30.2052 16.0111 18.5142 47.5008 20.5367 7.94448 2.24791 103.13 58.8246 142.771 30.3941 156.379 0 0.23945 8.46747 21.8832 44.038 16.3272 1.61061 14.1557 8.45692 9.27212 3.91889 6.29196 10.8212 10.0699 0.00227183 
69.5555 91.3028 16.0479 0.509792 34.4753 34.5593 142.426 126.065 5.26536 133.222 256.91 273.549 26.8256 35.1264 0 24.1184 0.883321 37.2278 4.03223 11.7373 55.1239 17.5438 16.3887 27.9343 16.531 30.924 9.11153 19.5405 
1.84677 39.5423 24.7392 38.7585 22.7089 26.0621 80.5689 0.017207 65.9778 87.3072 0.189522 471.85 67.4469 15.3375 36.073 0 9.40592 2.03255 30.5912 3.14416 7.95004 10.4474 0.00275693 24.8469 30.2078 5.48184 1.44871 19.4586 
118.022 43.1843 54.9441 22.2986 52.2377 67.9897 30.7467 91.2673 18.7903 81.9561 8.6451 2.91551 50.4406 4.19814 27.44 14.7469 0 199.626 193.042 1.07866 35.6833 18.9228 5.90566 0.896746 19.7244 6.93692 15.5182 18.3151 
5.11626 146.601 4.38559 137.331 176.51 91.9075 159.786 44.5199 82.2 44.1207 103.691 0.100384 32.6033 52.174 37.9331 41.3206 286.553 0 106.46 20.9027 0.0859496 39.6355 34.7783 16.8795 55.9651 6.60301 41.6595 47.263 
15.6005 10.5009 20.1064 62.513 84.2848 74.4765 154.464 38.6808 51.801 1.24125 92.5005 100.235 4.96118 1.35349 38.5156 15.0642 36.2232 1.27748 0 11.9913 65.5663 19.5095 7.01412 0.954428 27.967 29.4247 0.563938 12.4821 
13.541 0.877854 27.6391 20.1384 91.8409 1.17095 2.37775 72.4665 105.561 9.4894 59.1409 88.8236 8.95495 0.0331984 11.5531 9.65224 25.0023 48.8462 1.27889 0 192.736 5.34323 4.0313 4.06548 13.6277 0.450965 10.1815 9.47266 
72.5898 12.3854 3.66903 200.373 12.3046 39.2045 144.08 10.8144 180.609 2.50383 134.616 166.751 14.3925 8.65631 8.18085 54.7624 65.8943 116.734 72.7322 13.5591 0 32.5617 35.8754 23.1835 0.501393 25.6111 9.31597 4.96879 
8.26026 21.5638 0.544507 9.06979 56.9625 17.4768 52.3895 57.8355 66.7674 0.0113984 70.7856 75.885 79.5542 9.8478 2.78624 1.99098 0.653593 19.72 17.2077 0.517432 21.0555 0 0.395774 9.33721 22.9225 7.52387 12.6058 9.38644 
25.843 51.9567 12.5193 0.0274439 21.7827 14.0719 72.4014 54.7896 98.6026 0.740153 25.0082 86.0403 25.5181 9.65593 18.7309 12.473 0.402596 43.7352 3.17286 0.645339 9.18162 13.8202 0 0.547793 1.02359 6.38043 9.25183 0.372984 
56.6055 34.6581 10.4919 1.17941 27.4069 0.0122448 39.3657 15.6479 70.6614 60.4679 119.104 92.659 4.876 0.430278 6.4671 28.2594 20.9693 10.9086 20.3313 5.59294 43.2317 8.44751 14.1818 0 6.08924 4.42823 0.946068 13.5876 
90.1462 77.8375 0.84143 25.1948 60.7181 37.1932 1.35409 0.11013 144.749 13.9096 41.0759 441.154 13.0359 12.559 30.498 37.9571 18.4132 6.00089 30.8867 1.91063 46.1978 84.192 6.96643 57.3269 0 19.5419 124.138 120.64 
77.9212 71.2734 9.3912 41.5 61.6391 16.4053 52.3426 59.259 51.9258 75.3419 72.2937 259.496 23.4616 2.5156 30.7006 1.13431 2.22392 13.9703 18.744 1.39422 30.9899 0.722228 4.69056 2.25317 9.8819 0 37.318 0.717123 
8.57479 8.48404 15.987 21.712 32.546 15.6988 37.0121 29.6299 9.56725 0.000408024 38.8187 18.2637 0.0484543 9.54635 5.20955 2.74256 21.0964 13.0956 15.9349 1.66283 0.00607842 9.48861 11.0368 19.2123 58.9706 0.0692732 0 0.156542 
35.2453 24.8707 12.3029 13.6199 17.0154 12.0681 1.71094 50.5388 36.4714 4.5771 103.936 135.626 41.5817 3.25778 8.40583 21.2882 19.1371 37.6653 9.42211 1.40632 47.7448 0.339978 9.12766 5.08762 9.88171 37.88 76.2647 0 
