0 927.538 115.647 691.959 0.688312 459.313 256.66 226.682 487.878 153.384 132.624 0.98395 16.0315 23.6927 13.5348 54.082 408.314 1.4521 19.8923 7.39754 76.5202 0.882357 42.9217 6.65096 412.26 78.2419 17.969 15.1814 
786.872 0 171.934 613.047 6.29113 582.461 505.601 182.559 389.88 54.1616 200.685 0.232224 2.47807 7.04976 96.736 84.2332 474.573 435.539 141.988 93.9797 27.0289 0.263887 54.524 17.1689 415.927 36.2574 40.9346 63.8857 
132.842 401.284 0 58.3134 2.29738 31.257 93.2614 5.09325 117.976 108.123 202.686 83.1712 7.57602 5.75645 4.01489 0.218659 1.94918 71.2299 12.0409 25.0861 3.66326 7.5802 12.4903 1.3615 11.1765 2.17948 0.873169 0.024082 
362.773 615.182 123.017 0 160.293 408.175 22.8644 460.374 542.852 41.6656 197.837 259.765 21.7033 20.8814 39.3999 35.9356 388.926 34.2175 58.9148 46.8317 246.291 15.9012 0.127389 12.9586 348.928 30.5012 0.00210584 8.7266 
2.15072 51.5892 86.1779 75.6976 0 176.479 297.557 4.11803 189.979 3.88865 82.6274 96.7246 13.0934 1.18284 46.2474 50.6361 2.14282 24.9302 254.362 94.2946 93.7893 3.27341 55.7222 55.9917 39.543 26.084 38.6605 2.72729 
424.515 443.98 62.8749 414.528 767.607 0 299.334 33.1914 632.838 545.165 189.114 4.92814 421.116 0.273951 34.9868 0.271498 367.047 123.822 4.43635 3.08924 9.7803 0.908413 6.9934 5.72939 358.592 5.77538 1.15563 21.0306 
267.677 31.8646 41.8698 49.0428 124.916 18.2166 0 100.999 812.601 125.118 290.03 125.199 212.767 35.6269 59.6267 100.392 75.8041 229.236 45.0907 44.9065 27.3647 1.34694 61.8601 1.21419 4.03442 60.9452 17.0038 72.6679 
306.68 67.0013 0.715046 443.031 63.0845 46.3228 296.734 0 581.95 189.698 209.655 946.794 0.00619178 32.7666 143.978 1.67987 13.492 49.8463 99.3204 89.6923 132.33 52.7107 5.03455 76.4793 119.049 55.6763 66.2751 52.3069 
586.481 734.493 337.98 365.436 258.296 636.151 662.286 574.35 0 260.91 382.164 403.191 124.655 129.598 305.259 53.9702 461.121 143.393 7.43339 0.548235 21.9666 22.4913 78.039 0.14093 351.317 64.8185 0.152279 47.5124 
61.5233 231.015 12.2424 100.064 20.7795 357.34 41.5808 39.4728 270.124 0 35.9005 2.30016 301.812 31.6818 8.705 40.9199 67.1309 145.46 0.469905 19.3815 2.73023 41.1549 4.27109 28.7616 34.0239 42.3799 19.0136 1.67794 
3.63838 6.23728 233.392 0.853494 259.671 150.611 310.093 98.3497 418.565 4.65423 0 250.823 90.2077 138.341 230.846 93.6203 73.4276 102.612 112.891 40.9404 138.433 13.9288 0.0463796 111.331 83.2053 52.363 8.87633 63.2306 
106.71 20.0841 0.141085 78.3129 2.62731 155.764 22.9055 823.644 244.661 191.056 14.041 0 37.6216 3.03818 158.609 316.217 2.56661 6.39274 0.276773 7.55334 3.74579 69.6795 126.622 126.703 1.20912 347.065 93.5457 167.761 
54.839 47.203 67.74 72.7286 148.955 100.002 44.7226 106.801 5.17654 255.4 230.603 5.52285 0 33.7451 111.133 8.44713 0.0753848 12.9791 37.1074 9.25572 8.89785 65.1682 1.94677 15.1627 46.016 27.1733 18.3903 0.0135851 
40.2762 25.941 16.4228 19.6656 51.3723 21.2557 4.10007 6.09439 89.7107 51.246 170.47 17.0621 151.505 0 4.84569 5.19666 22.0119 42.0817 17.5244 1.79995 15.9956 7.70811 7.80099 5.30769 5.11157 9.99157 9.73251 0.0585672 
67.8179 94.1322 19.2566 1.46838 41.2755 31.14 140.233 105.06 14.9237 128.975 152.449 262.743 39.2528 53.7558 0 2.80011 1.33725 33.5687 2.90086 11.6426 56.2743 17.4899 19.6893 26.8495 13.7742 30.6818 8.09656 20.6301 
4.01006 33.7599 24.8517 35.7981 18.6266 26.8072 87.4264 8.39363 81.3621 90.3087 7.38659 489.734 72.9902 12.2494 67.8251 0 10.383 1.07327 30.6023 2.66949 10.4883 10.8824 0.228996 28.2172 32.9492 9.41122 0.904958 18.0326 
451.298 384.703 53.7995 351.162 65.5157 396.221 24.7046 93.8296 348.234 80.1337 11.4305 4.44355 52.7489 4.83983 28.0877 15.7402 0 239.654 538.687 1.74819 32.7699 18.5109 5.35618 0.641199 351.115 6.06884 14.9451 17.6433 
15.3109 245.775 0.307628 142.812 154.38 81.9036 181.152 33.9552 64.5026 34.6429 114.657 0.170945 37.8915 51.2808 41.5509 44.1796 283.766 0 94.1938 26.4062 0.86331 40.2875 36.2101 18.7659 54.5786 8.55022 40.8548 46.1415 
21.7977 20.1412 24.6971 61.793 134.253 81.0877 149.256 32.4607 63.3476 4.18746 99.7308 99.4487 7.57046 1.93523 38.517 13.6853 31.7938 4.76774 0 10.2014 63.4887 18.7206 6.22031 1.33173 28.6339 29.8802 0.802163 13.4031 
2.50228 5.25131 27.4553 25.5344 93.9576 0.563994 5.16745 63.483 106.501 12.0958 63.6237 85.1163 10.5805 0.00847669 11.6809 9.68281 23.4726 54.9417 2.08982 0 95.7144 5.19626 4.06924 4.32142 13.4442 0.246437 10.3693 9.81471 
100.511 20.9513 9.37202 175.567 17.3894 43.847 143.472 4.32328 184.797 1.12441 128.744 163.724 11.9741 7.17305 10.2836 52.1899 66.8841 119.624 72.5684 3.042 0 32.3626 34.875 21.0437 1.19486 29.0083 10.6317 6.32511 
7.1306 23.6711 0.360692 8.4421 56.9561 16.645 54.6323 59.7986 67.958 0.351357 73.0624 74.953 73.5975 10.2985 2.0167 1.49591 0.891367 18.3048 16.3425 0.41692 20.1357 0 1.13344 10.3991 23.7297 7.92981 12.4622 9.15112 
23.704 53.4412 12.5824 0.00617203 24.4803 14.714 72.0027 47.5292 100.812 1.93447 35.3784 96.1476 17.5229 9.2417 21.6474 12.3184 0.247846 44.2618 2.59305 0.760203 10.5204 12.6527 0 4.02082 1.5517 5.70621 8.54679 0.208875 
55.5466 31.465 9.58097 0.545622 30.0632 0.123887 43.6165 24.8064 76.6611 60.0862 124.295 116.231 2.50945 1.15445 9.82917 24.9277 20.8855 9.31914 19.6719 5.40882 44.4332 9.56061 18.9294 0 10.5553 5.73039 0.461678 13.1394 
419.386 412.283 1.64611 353.383 58.5273 369.496 3.28248 3.95452 474.272 10.3077 53.3798 723.319 10.6341 13.5753 29.3559 23.0355 349.664 7.69031 30.8506 2.38103 48.6811 37.0881 5.2876 36.6235 0 96.3962 2.89655 46.8545 
79.0889 74.8559 7.37226 43.3013 64.0832 18.2644 59.978 31.7362 64.7161 73.5613 55.0967 158.452 26.4738 1.75067 29.8305 3.46747 2.81285 16.5329 17.4831 1.81236 34.4155 0.51363 4.01638 1.37669 8.58401 0 37.9616 5.47888 
10.2053 6.96965 16.6229 20.5674 30.8593 14.9856 34.3819 35.3594 12.21 0.079225 34.3632 12.392 3.04567e-05 9.15971 4.33494 3.58644 20.7911 11.7784 15.2395 1.94088 0.0252124 9.89909 10.4372 19.2609 57.3204 0.798594 0 3.00623 
38.262 27.9583 11.0548 15.6874 19.2875 13.2252 0.703621 61.7523 30.6543 3.03176 106.969 118.342 42.5246 2.67716 9.93809 20.2298 18.496 35.89 10.3107 1.11655 48.7453 0.47913 9.40631 4.29194 11.4806 49.1109 58.0656 0 
