0 938.422 141.478 698.079 0.434002 491.875 245.045 200.553 492.838 150.124 142.915 4.07397 12.906 25.72 16.1123 49.994 429.069 5.86854 24.7332 27.3186 96.8642 0.602416 41.9985 5.27258 440.252 79.0465 19.4456 13.2855 
706.465 0 68.7773 599.614 1.92719 610.421 525.772 205.781 391.435 72.8199 217.461 0.217092 4.94345 5.26964 96.3993 83.384 507.069 221.796 131.929 82.496 35.2027 0.0895105 55.2959 15.1249 439.391 32.3714 39.5425 63.2911 
157.356 463.428 0 160.651 8.38175 24.4053 62.2031 0.040962 212.738 111.533 181.83 67.6386 9.95141 4.91656 2.63387 0.602266 1.04292 85.5893 9.41045 26.0615 1.13794 7.22464 12.5595 1.77533 12.6038 1.39648 1.15452 0.00142978 
425.178 602.289 70.1692 0 155.458 436.95 11.6622 999.713 611.6 35.0159 190.66 257.35 24.714 20.1814 39.1103 38.1354 417.006 43.4708 57.3173 45.234 498.008 15.6809 0.284775 11.6381 375.77 27.597 0.0543852 10.0925 
0.000417349 116.001 105.337 62.6568 0 128.221 239.026 1.18657 225.285 17.1184 101.094 87.5501 19.7332 0.520911 51.2991 53.6942 0.442325 36.7937 278.315 94.9595 88.3583 2.45571 56.0817 56.2579 41.9655 23.3819 39.6916 2.02039 
460.054 498.811 65.4395 440.767 441.783 0 559.524 48.8323 561.694 85.0978 158 9.40778 518.203 0.067688 32.5966 0.668019 390.275 122.782 1.91841 2.33026 12.1431 0.60472 7.69751 6.43478 385.669 4.68531 1.45348 20.5379 
264.265 3.44989 69.7422 67.3957 74.5305 273.429 0 144.617 1198.81 212.824 353.529 148.157 217.324 41.3622 48.6156 102.28 80.3949 222.854 54.7719 50.1845 33.0531 0.764786 59.435 2.15263 2.37054 55.4242 15.284 73.1866 
300.016 47.6124 8.36707 458.743 76.1536 31.036 251.881 0 639.873 177.406 173.806 1029.18 0.246482 25.9732 156.319 10.8715 11.1255 58.3965 95.6858 95.109 119.72 54.4434 7.56465 66.9987 102.415 78.7301 61.9924 60.4722 
623.267 776.371 241.018 376.527 224.891 565.012 218.534 635.533 0 303.063 996.45 399.734 137.566 123.145 232.075 43.5231 486.792 156.101 11.5839 1.60431 29.1249 20.3568 82.3888 0.0142127 375.063 74.2838 0.49505 43.0533 
70.8957 220.453 7.29873 103.061 44.2013 474.019 5.638 52.3617 224.515 0 109.1 0.0808046 322.709 26.171 15.9971 47.35 69.8843 143.71 0 21.7032 4.11589 43.6999 2.84997 25.8807 30.5401 46.543 20.5065 0.998356 
7.33059 1.59488 221.63 4.51038 261.111 182.155 243.605 68.5623 670.171 46.3109 0 183.127 110.287 159.362 154.596 69.4777 76.1647 94.4048 116.678 44.5336 134.739 16.2413 0.993476 105.294 92.5803 64.6607 10.9671 57.7708 
122.296 28.9041 2.33891 54.0135 5.28146 158.061 36.9212 574.147 284.156 174.075 44.7225 0 30.9721 0.439879 191.696 418.222 3.58854 4.02526 0.0261716 5.32049 6.64384 71.1915 127.048 142.241 47.323 386.062 87.9818 172.772 
59.4492 54.8079 69.5381 72.2002 139.905 138.259 59.5218 112.936 1.80841 290.4 241.109 2.94826 0 18.8645 115.492 11.9815 0.000213986 15.772 40.7534 10.4418 10.4449 59.5735 4.42114 18.4934 44.3288 29.3739 19.4185 0.00836553 
42.0054 22.9273 16.6113 20.4182 54.0426 21.6246 2.06925 9.99943 79.49 45.5106 187.248 9.54477 142.2 0 16.0959 3.1496 22.0697 40.5765 18.3765 1.94028 17.3651 7.12751 6.24295 6.31857 4.29656 9.33167 9.46601 0.146615 
66.2531 95.5568 21.5468 2.46195 46.3133 28.3888 136.551 89.2842 26.857 123.199 83.4782 245.297 49.0288 61.0716 0 0.719655 1.72327 30.9117 2.18627 11.542 56.9439 17.361 21.7321 25.4937 11.8018 30.0962 7.37006 21.3223 
6.07161 29.6508 24.7044 33.2634 15.8304 27.1463 91.7884 23.6133 92.453 91.4585 18.8483 437.935 76.4226 9.77584 84.2243 0 11.104 0.563819 30.5321 2.33961 12.5084 11.1565 0.615168 29.2476 34.535 12.6524 0.586122 16.8807 
478.391 419.104 52.646 375.837 75.4244 419.967 20.6099 95.4225 373.541 78.4873 13.6651 5.74444 54.3275 5.32694 28.5061 16.453 0 262.411 484.007 2.32999 30.6566 18.1934 4.96695 0.48146 377.42 5.46382 14.5211 17.1412 
25.8599 342.7 0.326515 145.098 137.254 74.2199 195.052 26.9754 52.4341 28.2562 122.318 0.890768 41.8478 50.5006 44.1342 46.1762 272.075 0 84.8926 30.6345 1.93176 40.7076 37.2 20.1607 53.4466 10.0974 40.2196 45.2493 
26.7967 28.814 28.1345 60.9181 172.173 84.9002 143.997 28.1504 71.9736 7.3738 104.631 98.5676 9.77634 2.4181 38.3899 12.6901 33.6535 8.64157 0 8.95598 61.8372 18.1272 5.66208 1.64299 29.0686 30.1477 1.00074 14.0733 
5.55515 10.6197 27.0262 29.4288 94.8108 0.257957 7.82258 56.8654 106.523 14.1334 66.7201 82.0396 11.8195 0.000697212 11.7421 9.67023 22.3194 59.2416 2.79559 0 38.8345 5.08475 4.08989 4.50246 13.2743 0.13559 10.4917 10.047 
121.685 28.3805 15.0127 198.901 21.5487 47.179 142.23 1.41544 186.496 0.460807 123.958 160.565 10.3306 6.16596 11.9299 50.1474 67.4556 121.252 72.2632 31.5914 0 32.1841 34.091 19.5014 1.8809 31.5 11.6256 7.39893 
6.35034 25.2137 0.250107 7.98531 56.805 15.9922 56.1194 61.1011 68.6526 0.892748 74.497 74.0457 68.6477 10.5518 1.5258 1.1744 1.08631 17.2834 15.7013 0.350185 19.4588 0 1.88504 11.1165 24.1842 8.21409 12.3367 8.96847 
22.1465 54.37 12.5766 0.0655716 26.4656 15.1244 71.3614 42.2857 101.788 3.14249 43.6245 102.875 12.4457 8.2412 23.3052 11.9819 0.158507 44.5625 2.20371 0.848262 11.5305 11.6352 0 7.97786 2.2513 5.20968 8.01977 0.118708 
54.581 29.1373 8.90166 0.234041 31.9859 0.277542 46.6418 32.4764 80.7227 59.4835 126.93 132.547 1.26399 1.86866 12.474 21.3698 20.7969 8.22366 19.1657 5.2647 45.2047 10.3295 20.6758 0 14.8532 6.727 0.215469 12.7618 
443.767 440.561 2.38736 377.583 56.7752 396.361 5.18905 10.0935 498.201 7.97406 62.7525 1066.35 9.00651 14.2413 28.2577 40.3975 375.873 9.02988 30.7654 2.74858 50.3739 8.52184 4.46292 25.2528 0 77.2634 124.322 144.443 
79.4738 77.1131 6.00325 44.1514 65.6435 19.5662 65.3871 16.4001 74.1808 71.7511 43.3453 90.1792 28.675 1.2691 28.8095 5.84923 3.2793 18.4815 16.5562 2.14444 36.8873 0.383212 3.53823 0.864007 8.00293 0 37.9285 11.4007 
11.4573 5.9487 17.0505 19.6933 29.6119 14.4456 32.4477 39.6705 14.2958 0.250563 31.18 8.76281 0.0287746 8.86031 3.73575 4.25367 20.551 10.8488 14.7268 2.15363 0.109467 10.1856 9.97253 19.1844 55.1956 1.81336 0 10.4654 
40.408 30.2317 10.1465 17.2014 20.9833 14.056 0.245911 70.0319 26.6025 2.09749 108.567 104.817 43.1191 2.28074 11.0739 19.3086 18.0143 34.5604 10.9664 0.924683 49.3689 0.594502 9.58305 3.73814 13.0394 55.7861 43.1933 0 
