0 794.385 149.913 557.269 1.36844 364.918 240.196 191.162 356.708 148.757 146.317 5.61369 11.8993 26.419 17.0353 48.5612 298.313 8.05338 26.4866 38.8699 104.065 0.518321 41.6623 4.83196 311.938 79.2329 19.9585 12.6547 
538.585 0 42.1846 455.386 7.42126 480.498 525.976 213.418 256.338 79.6073 222.801 0.626437 5.97865 4.71276 96.1532 82.9963 380.146 762.037 128.24 78.4575 38.2015 0.0507961 55.5297 14.4424 309.527 31.0531 39.0542 63.0509 
165.101 471.761 0 197.396 11.3103 22.125 52.4685 0.256157 247.191 112.404 173.949 62.4509 10.831 4.6366 2.22057 0.776969 0.79511 90.5186 8.56742 26.3462 0.598848 7.10165 12.5732 1.92863 13.099 1.16534 1.25971 0.0108474 
312.909 458.19 47.3287 0 153.347 308.775 8.62352 812.163 496.242 32.7959 187.595 255.144 25.7713 19.9226 38.9495 38.809 288.748 46.8018 56.7093 44.552 608.906 15.6001 0.353085 11.1874 247.175 26.5733 0.0885301 10.5751 
0.283179 142.505 111.858 58.2724 0 102.3 218.298 0.585265 237.045 23.7128 107.612 84.3976 22.2898 0.354766 53.0286 54.717 0.151861 41.3057 284.738 95.0515 86.4487 2.20053 56.1731 56.319 42.7886 22.47 40.0367 1.80095 
334.291 379.77 66.0028 311.692 863.553 0 1159.01 54.7058 400.449 565.693 146.941 11.258 204.631 0.0287117 31.7154 0.843811 260.401 122.192 1.28836 2.09144 13.0034 0.514122 7.94073 6.68158 257.098 4.33152 1.56314 20.3571 
262.104 0.28971 80.3568 74.0599 59.5658 422.545 0 160.492 1271.82 244.901 373.655 156.044 218.268 43.362 44.9493 102.754 81.9249 220.109 58.2053 51.9938 35.096 0.602013 58.556 2.53489 1.89756 53.506 14.7068 73.3109 
296.569 41.5608 12.8705 476.458 80.7874 26.3661 235.752 0 651.864 172.86 161.531 1025.2 0.481615 23.7723 160.148 15.7976 10.358 61.4193 94.3738 96.8674 115.32 55.0198 8.54343 63.7409 96.6326 87.1341 60.4971 63.31 
497.364 650.452 206.602 245.229 212.894 403.636 109.582 648.781 0 316.142 1304.36 396.58 141.878 120.775 220.103 40.0838 357.645 160.313 13.2051 2.09308 31.7755 19.6376 83.8088 0.0836669 245.532 77.5328 0.657931 41.5314 
74.15 216.097 5.87341 103.901 53.9651 499.657 0.899292 57.087 208.26 0 141.483 0.0196184 327.14 24.3413 18.9433 49.56 70.7866 142.924 0.0551031 22.5132 4.65481 44.5509 2.42441 24.8986 29.3524 47.953 21.0232 0.804569 
8.88367 0.699608 216.465 6.41694 260.945 192.499 220.489 59.2778 740.189 69.7801 0 160.856 117.317 166.071 129.459 61.626 77.075 91.5602 117.877 45.768 133.357 17.0667 1.59887 103.061 95.7332 69.0054 11.7294 55.8851 
127.634 32.2511 3.70101 46.4193 6.39902 158.509 42.3941 480.905 297.005 167.926 58.8842 0 28.7992 0.0844254 202.367 445.38 3.97755 3.33405 0.00133015 4.63795 7.82254 71.6716 126.951 147.225 76.8325 393.742 85.9934 174.004 
61.0277 57.4787 70.0812 71.9535 136.591 147.361 64.9202 114.967 1.04733 300.318 244.043 2.24503 0 14.6054 116.623 13.3152 0.00558485 16.7841 42.0116 10.8608 11.0011 57.5855 5.4909 19.688 43.7262 30.1284 19.7722 0.0265549 
42.5804 21.9136 16.6541 20.659 54.9279 21.7203 1.52669 11.5449 75.9313 43.5182 192.191 7.432 137.992 0 20.9904 2.5403 22.0826 40.0445 18.6651 1.98893 17.8409 6.92251 5.65315 6.65805 4.02696 9.09561 9.37055 0.185933 
65.6591 95.9195 22.3166 2.85848 48.0511 27.4037 134.896 83.8608 31.8192 120.73 63.2407 237.641 52.4743 61.9067 0 2.92512 1.86657 30.0024 1.96256 11.5013 57.1408 17.2995 22.3448 24.9271 11.1367 29.8177 7.12346 21.5394 
6.87055 28.2657 24.6095 32.3292 14.9074 27.2224 93.1521 30.4449 96.1964 91.6471 23.8959 409.344 77.4736 8.91541 87.4698 0 11.3534 0.425908 30.4928 2.2296 13.2337 11.2421 0.788835 29.2998 34.99 13.812 0.491958 16.4658 
349.711 293.165 52.1894 246.484 78.845 290.206 19.268 95.9158 244.444 77.8613 14.4715 6.2274 54.8492 5.49807 28.6393 16.6957 0 268.703 132.566 2.54785 29.9329 18.0809 4.83535 0.431705 248.586 5.26133 14.3741 16.9662 
30.0432 365.489 0.917599 145.542 131.246 71.5255 199.445 24.729 48.4813 26.1747 124.875 1.26731 43.2244 50.2076 45.0098 46.8441 266.294 0 81.6522 32.1225 2.39549 40.8412 37.5295 20.6435 53.0343 10.6532 39.9918 44.9282 
28.5993 32.082 29.3262 60.5507 185.011 85.9968 141.921 26.7169 74.9602 8.66269 106.237 98.2055 10.5913 2.59529 38.3215 12.3504 36.303 10.2209 0 8.54042 61.2438 17.9197 5.47425 1.75697 29.208 30.2271 1.07385 14.3034 
8.74361 12.8623 26.8226 30.7397 94.968 0.179788 8.85033 54.5914 106.402 14.8585 67.7481 80.9134 12.2554 1.45908e-05 11.7569 9.65915 21.9162 60.684 3.05991 0 24.3447 5.04555 4.09562 4.56357 13.209 0.105 10.5309 10.1235 
128.998 31.1459 17.2163 210.368 23.0615 48.3102 141.649 0.779198 186.814 0.299655 122.22 159.3 9.7894 5.8346 12.5169 49.4148 67.6228 121.717 72.1223 47.6222 0 32.1163 33.811 18.9752 2.15134 32.3573 11.9739 7.78419 
6.09061 25.7448 0.216663 7.82854 56.7247 15.7593 56.6009 61.5233 68.8574 1.13523 74.9454 73.69 66.8444 10.6237 1.37135 1.07189 1.15753 16.9343 15.4789 0.328511 19.2248 0 2.18114 11.3502 24.3135 8.30947 12.2895 8.90355 
21.6122 54.6589 12.5646 0.100495 27.1505 15.2537 71.0735 40.5023 101.998 3.62139 46.5655 105.043 10.8687 7.7851 23.7684 11.8245 0.132353 44.6496 2.0764 0.879361 11.8841 11.2583 0 9.4779 2.54996 5.03878 7.83654 0.093495 
54.2121 28.339 8.66594 0.1567 32.6432 0.344241 47.664 35.2799 82.0518 59.2141 127.604 137.876 0.931882 2.1452 13.4017 19.9891 20.7612 7.85962 18.9868 5.2133 45.4492 10.5835 20.8634 0 16.4834 7.07607 0.15202 12.6225 
314.204 312.353 2.67095 248.073 56.1438 267.696 5.93876 12.8195 368.356 7.23229 66.0233 828.255 8.47218 14.4544 27.8318 48.8791 247.005 9.51074 30.7247 2.87952 50.9318 12.853 4.25982 22.7632 0 51.8928 144.413 128.975 
79.5147 77.817 5.55593 44.3504 66.1354 20.0013 67.204 12.2022 77.4307 71.0331 39.5129 69.7564 29.4307 1.11948 28.3875 6.78055 3.44679 19.1659 16.2363 2.26367 37.7301 0.342624 3.37719 0.713782 7.87729 0 37.8193 13.8264 
11.8996 5.61416 17.1903 19.3857 29.1796 14.2563 31.7803 41.1734 15.0425 0.331506 30.1007 7.64889 0.0510853 8.75415 3.53766 4.49242 20.465 10.5353 14.5494 2.2287 0.15207 10.2816 9.80786 19.1364 54.3135 2.25217 0 13.9395 
41.1339 31.0161 9.83545 17.7212 21.5732 14.3386 0.142731 72.8764 25.2512 1.81448 108.995 100.053 43.3053 2.15006 11.4663 18.9651 17.8459 34.0966 11.1933 0.862539 49.5625 0.636869 9.63855 3.55348 13.6493 57.6764 38.0816 0 
