0 750.606 152.158 514.792 1.7135 326.6 238.801 188.573 315.923 148.363 147.232 6.0752 11.631 26.6098 17.2901 48.1685 258.984 8.70726 26.9721 42.0688 106.041 0.496462 41.5689 4.71485 273.27 79.2757 20.0989 12.4847 
489.087 0 35.9413 412.27 9.52959 441.251 525.426 215.464 216.036 81.485 224.215 0.774798 6.27741 4.56584 96.0746 82.8822 341.843 400.282 127.215 77.3514 39.0343 0.0421286 55.5907 14.2581 270.439 30.6955 38.9202 62.9823 
167.139 472.78 0 206.907 12.1805 21.5125 49.9178 0.488914 256.578 112.614 171.746 61.0536 11.0762 4.56109 2.11352 0.828356 0.733275 91.858 8.34329 26.4191 0.481476 7.06804 12.5761 1.97139 13.2343 1.10574 1.28914 0.0149442 
278.929 415.105 47.4064 0 152.733 270.134 7.87066 918.307 460.985 32.1974 186.709 254.423 26.0615 19.8505 38.9003 38.985 250.099 47.7217 56.5383 44.3546 734.247 15.5777 0.372959 11.0649 208.442 26.2925 0.0992706 10.7077 
0.451122 150.038 113.621 57.0886 0 94.6832 212.636 0.457651 240.206 25.6827 109.401 83.5386 23.0104 0.314961 53.499 54.9933 0.0989375 42.5725 286.316 95.0644 85.9242 2.13326 56.1952 56.3329 43.0122 22.2229 40.1299 1.74322 
296.314 343.619 66.1274 272.804 579.494 0 787.624 56.3455 353.062 342.411 143.91 11.7893 127.826 0.0209362 31.4703 0.89518 221.316 122.011 1.13791 2.02833 13.2421 0.490658 8.00711 6.74922 218.366 4.237 1.59367 20.3067 
261.429 0.0315905 83.3226 75.9015 55.7285 465.201 0 164.876 1284.92 253.699 378.948 158.188 218.469 43.9093 43.9627 102.868 82.3376 219.313 59.1491 52.4864 35.6605 0.560968 58.3124 2.64438 1.77752 52.9817 14.5507 73.34 
295.53 39.97 14.2581 480.877 82.0619 25.149 231.314 0 654.383 171.595 158.199 1021.18 0.55924 23.1849 161.153 17.2905 10.1529 62.2504 94.0106 97.337 114.116 55.1753 8.81975 62.8545 95.0542 89.4579 60.0877 64.0857 
459.298 612.221 197.297 206.006 209.592 356.202 85.7281 651.65 0 319.56 692.82 395.549 143.041 120.117 219.996 39.1619 318.748 161.446 13.6641 2.23749 32.5147 19.4427 84.189 0.112627 206.555 78.4177 0.706339 41.1178 
75.0388 214.849 5.51002 104.113 56.764 504.869 0.311819 58.3994 203.803 0 150.831 0.0654511 328.092 23.8493 19.7832 50.1615 71.0284 142.693 0.0893803 22.735 4.80718 44.7806 2.31407 24.6315 29.0298 48.3353 21.1643 0.755297 
9.3319 0.518557 214.964 6.99324 260.84 195.258 214.211 56.8399 756.119 76.9041 0 154.916 119.24 167.846 122.801 59.5355 77.3205 90.7831 118.194 46.1044 132.971 17.2943 1.78852 102.439 96.5855 70.198 11.941 55.3707 
129.085 33.1905 4.12574 44.4259 6.7218 158.601 43.9409 455.533 300.427 166.227 63.0416 0 28.2172 0.0356873 205.194 451.889 4.08698 3.15657 5.99166e-06 4.45947 8.15981 71.799 126.903 148.548 84.3053 395.29 85.4452 174.296 
61.4572 58.2114 70.2225 71.8806 135.67 149.308 66.4164 115.514 0.875379 302.813 244.781 2.0696 0 13.5286 116.898 13.689 0.00982408 17.0646 42.3549 10.9761 11.1548 57.0386 5.80161 20.0179 43.5599 30.3338 19.8687 0.0332905 
42.7354 21.6394 16.6637 20.723 55.1662 21.7436 1.39282 11.9838 74.9587 42.974 193.458 6.89938 136.763 0 22.3831 2.38374 22.0855 39.8982 18.7434 2.00223 17.971 6.86618 5.48967 6.74954 3.95444 9.03052 9.34419 0.197452 
65.4923 96.0071 22.5246 2.97137 48.5249 27.1322 134.411 82.3861 33.2435 120.016 58.1152 235.42 53.4191 61.9751 0 3.7758 1.90657 29.7551 1.90355 11.4897 57.1915 17.2812 22.5031 24.7641 10.957 29.735 7.05652 21.5967 
7.0962 27.8908 24.5797 32.0694 14.6593 27.2395 93.5112 32.4392 97.209 91.68 25.3644 400.751 77.7481 8.68149 88.109 0 11.4216 0.391615 30.4807 2.19992 13.4341 11.2646 0.839677 29.2869 35.1058 14.131 0.467664 16.3512 
310.939 255.16 52.0597 207.543 79.777 251.146 18.9083 96.0454 205.577 77.6853 14.6948 6.36228 54.9896 5.54506 28.6747 16.7616 0 270.272 142.54 2.60881 29.7358 18.05 4.79967 0.418591 209.782 5.2066 14.334 16.9183 
31.2308 370.308 1.13034 145.632 129.601 70.7873 200.606 24.1303 47.4223 25.6177 125.565 1.3814 43.6011 50.1255 45.2473 47.0246 264.569 0 80.766 32.531 2.53046 40.8767 37.6184 20.7756 52.9199 10.8068 39.9289 44.8394 
29.0979 32.9972 29.6515 60.4447 188.471 86.2762 141.332 26.3302 75.7757 9.0309 106.668 98.1016 10.8184 2.6446 38.3006 12.258 37.2465 10.673 0 8.42827 61.0797 17.8629 5.42342 1.78866 29.2451 30.2476 1.09421 14.3661 
9.797 13.5074 26.7622 31.0939 94.9988 0.16089 9.14064 53.972 106.357 15.0582 68.0249 80.6004 12.3751 5.4358e-06 11.7604 9.65553 21.8058 61.074 3.13388 0 20.9306 5.03479 4.09707 4.58013 13.1906 0.0973241 10.5413 10.144 
130.989 31.9177 17.8394 213.318 23.4812 48.6173 141.477 0.63827 186.876 0.261677 121.738 158.939 9.64398 5.74557 12.6787 49.2125 67.6657 121.836 72.0807 52.4707 0 32.0972 33.7338 18.8322 2.22815 32.591 12.0694 7.89068 
6.02054 25.8897 0.207949 7.78581 56.7003 15.6951 56.7295 61.6361 68.9102 1.20633 75.0636 73.5892 66.3444 10.6419 1.33052 1.04466 1.17733 16.8392 15.418 0.322713 19.1609 0 2.26503 11.4127 24.3463 8.33527 12.2763 8.88565 
21.4666 54.735 12.5604 0.111301 27.3374 15.288 70.9891 40.0179 102.045 3.75751 47.375 105.62 10.4546 7.65234 23.8847 11.778 0.125625 44.6719 2.04228 0.887916 11.9811 11.1534 0 9.89186 2.6364 4.99216 7.78644 0.0871339 
54.1084 28.1214 8.60152 0.138274 32.8221 0.363655 47.941 36.0577 82.4079 59.1352 127.766 139.3 0.849922 2.22307 13.6555 19.6021 20.751 7.76148 18.9376 5.19912 45.5141 10.6518 20.8762 0 16.9387 7.17169 0.136615 12.5837 
275.195 273.716 2.75077 209.09 55.9692 228.937 6.15126 13.6154 329.26 7.03562 66.9183 1178.59 8.32878 14.511 27.7115 51.1605 208.193 9.6437 30.7126 2.91561 51.0818 15.3191 4.21164 22.2274 0 44.8182 139.828 119.628 
79.5177 78.0023 5.43621 44.3963 66.2656 20.1186 67.6951 11.1588 78.3152 70.829 38.4886 64.5438 29.6367 1.08016 28.2663 7.04348 3.49309 19.3538 16.149 2.29661 37.9591 0.331931 3.33357 0.675174 7.84971 0 37.7809 14.5175 
12.0213 5.52441 17.2278 19.3012 29.0615 14.2043 31.5982 41.5847 15.2487 0.355536 29.8079 7.35739 0.0582742 8.7249 3.48437 4.55828 20.4412 10.4504 14.5009 2.24934 0.164899 10.3076 9.76253 19.1214 54.0609 2.37949 0 14.9584 
41.3307 31.2302 9.75077 17.8628 21.7347 14.4154 0.119426 73.6509 24.8867 1.74076 109.101 98.7462 43.3544 2.11495 11.5733 18.8692 17.7997 33.9697 11.2553 0.845938 49.6134 0.648656 9.65322 3.50367 13.822 58.1515 36.7025 0 
