0 589.042 160.868 360.169 3.47711 190.119 232.928 178.124 169.734 146.697 150.829 8.09808 10.5849 27.3729 18.322 46.5898 118.568 11.5652 28.9448 54.1905 113.983 0.413683 41.1886 4.25948 135.478 79.4121 20.6619 11.813 
308.24 0 15.7177 256.32 20.5214 300.542 520.647 223.475 72.6493 89.1005 229.688 1.52476 7.54145 4.00016 95.7111 82.39 205.444 791.188 123.043 72.9142 42.4314 0.0155499 55.8222 13.5296 130.966 29.2741 38.3809 62.6944 
174.934 471.422 0 241.331 15.9557 19.1107 40.2125 2.16254 293.668 113.336 162.736 55.5518 12.0795 4.26316 1.71034 1.04962 0.510678 97.1843 7.47196 26.6907 0.139623 6.93345 12.5837 2.1464 13.7762 0.882487 1.41001 0.0378637 
161.068 259.251 82.908 0 150.116 132.393 5.19253 917.458 336.237 29.8361 182.953 251.032 27.2293 19.5556 38.6805 39.6546 112.388 51.4455 55.8333 43.5184 390.532 15.4861 0.457799 10.5769 70.4302 25.1627 0.148369 11.2426 
1.51067 181.261 120.603 52.4139 0 63.5417 190.062 0.103839 252.612 34.2712 116.593 80.1099 25.9891 0.179292 55.3747 56.0859 0.000192798 47.7836 291.859 95.0637 83.8138 1.87425 56.2711 56.3772 43.9019 21.2423 40.4991 1.52145 
161.253 215.796 66.4997 134.07 831.689 0 1314.62 63.0563 181.863 615.699 131.766 14.0259 597.822 0.00208276 30.4707 1.11537 81.8844 121.198 0.628612 1.78475 14.2139 0.402163 8.27272 7.02113 80.3373 3.86755 1.71852 20.1012 
258.365 1.59518 95.4295 83.3516 41.5016 634.258 0 182.581 1306.39 288.79 399.17 166.726 219.031 46.1028 40.0793 103.255 83.9675 215.931 62.9543 54.4499 37.9479 0.411173 57.3224 3.1044 1.33585 50.8818 13.932 73.4356 
290.954 33.873 20.471 492.229 87.1984 20.5351 213.46 0 661.162 166.427 144.981 992.886 0.927454 20.8933 164.994 23.8761 9.35072 65.6003 92.536 99.1721 109.287 55.7894 9.9646 59.3202 88.7521 98.8571 58.443 67.1919 
323.665 475.236 160.837 67.1034 196.276 184.776 18.7015 659.856 0 332.538 790.669 390.699 147.628 117.432 233.216 35.5448 180.024 165.906 15.5696 2.86196 35.5362 18.6694 85.6782 0.2714 67.6182 81.9428 0.916971 39.4691 
78.5978 209.603 4.16772 104.884 68.5062 517.199 1.00316 63.7414 185.943 0 190.062 0.516388 330.782 21.9115 23.2889 52.5587 71.9777 141.702 0.308822 23.6254 5.44022 45.6891 1.89753 23.5684 27.7449 49.8529 21.7298 0.573589 
11.2289 0.0645963 208.576 9.53548 260.172 205.997 189.343 47.5199 805.012 108.246 0 131.84 126.948 174.69 97.2703 51.4176 78.2895 87.6712 119.422 47.4476 131.384 18.2159 2.6517 99.8978 99.9573 74.9933 12.8033 53.3128 
134.864 37.0574 6.0472 36.8082 8.08863 158.835 50.3509 356.139 313.736 159.335 80.8591 0 25.9367 0.0474722 216.108 473.69 4.53871 2.49427 0.0180619 3.77926 9.57646 72.2929 126.62 153.67 107.668 399.085 83.2272 175.269 
63.1711 61.1577 70.7581 71.5643 131.921 154.628 72.4938 117.668 0.341432 311.832 247.46 1.43853 0 9.60167 117.852 15.2249 0.0386486 18.205 43.7281 11.441 11.7786 54.8329 7.12266 21.353 42.887 31.154 20.2545 0.0678169 
43.3475 20.5521 16.6939 20.9718 56.1059 21.8249 0.917927 13.8112 71.0654 40.7968 198.171 4.9601 131.512 0 28.1142 1.80139 22.0945 39.3078 19.0546 2.05555 18.4931 6.63936 4.83003 7.11001 3.66897 8.76723 9.23732 0.246927 
64.8044 96.308 23.347 3.44285 50.4191 26.0347 132.333 76.5163 39.2278 116.994 39.4985 225.991 57.2106 61.5615 0 8.18531 2.07053 28.7678 1.67595 11.441 57.3815 17.2015 23.0971 24.0781 10.2445 29.3761 6.79022 21.8174 
8.03152 26.4043 24.444 31.0103 13.6829 27.2923 94.8925 40.9436 101.216 91.7324 31.6134 363.488 78.7944 7.75307 89.5665 0 11.6945 0.2688 30.4267 2.08263 14.2468 11.3515 1.05765 29.1188 35.5314 15.414 0.376515 15.8864 
172.708 120.074 51.5187 68.6965 83.5022 111.789 17.4962 96.5427 67.038 76.9595 15.6017 6.91493 55.5427 5.73434 28.8122 17.0244 0 275.893 488.408 2.85925 28.9492 17.9248 4.6578 0.368142 71.4675 4.98994 14.1728 16.7258 
36.1724 383.548 2.20067 145.862 122.999 67.8224 205.084 21.7995 43.2734 23.4377 128.29 1.8864 45.1122 49.7882 46.1916 47.7387 257.063 0 77.2148 34.1751 3.10636 41.0145 37.9698 21.3044 52.4538 11.4299 39.6737 44.479 
31.1199 36.753 30.9544 59.9958 202.081 87.3071 138.881 24.8048 79.038 10.5732 108.358 97.6635 11.7474 2.84591 38.2078 11.8896 42.0418 12.5709 0 7.985 60.4141 17.6341 5.22169 1.91805 29.3895 30.3248 1.1775 14.6168 
14.7744 16.227 26.5 32.4927 95.0695 0.0957463 10.3429 51.5016 106.13 15.8655 69.1174 79.3244 12.8573 0.000727109 11.7719 9.63848 21.3617 62.6167 3.43768 0 9.7425 4.99143 4.10231 4.64587 13.1143 0.0695292 10.582 10.2249 
138.924 35.0774 20.423 223.165 25.1888 49.8385 140.733 0.214806 187.025 0.135457 119.779 157.429 9.0716 5.39534 13.3335 48.3925 67.8263 122.272 71.9008 73.6721 0 32.0185 33.4209 18.2619 2.54821 33.5252 12.4539 8.32241 
5.74368 26.469 0.174869 7.61505 56.5919 15.4353 57.232 62.0774 69.1084 1.51176 75.5191 73.1697 64.3121 10.7089 1.17297 0.938921 1.25808 16.4601 15.1742 0.300013 18.9048 0 2.61337 11.6572 24.4671 8.43747 12.2219 8.81329 
20.8852 55.0273 12.5399 0.160004 28.0855 15.4202 70.6262 38.092 102.181 4.32529 50.6445 107.866 8.86931 7.08993 24.305 11.577 0.100463 44.7549 1.90835 0.922422 12.3713 10.7255 0 11.55 3.00292 4.80601 7.58541 0.0639146 
53.6796 27.253 8.34334 0.0760511 33.5355 0.446516 49.0407 39.2231 83.8044 58.7962 128.327 144.852 0.559534 2.54441 14.6708 18.0176 20.7081 7.37401 18.7389 5.14172 45.7654 10.9203 20.7626 0 18.7996 7.55564 0.0831815 12.425 
136.037 136.045 3.08047 70.0771 55.2602 90.792 7.0363 17.0182 189.705 6.27307 70.5053 1181.04 7.76537 14.7309 27.2132 59.4975 69.8439 10.1827 30.6598 3.06164 51.672 29.5012 4.04997 20.7098 0 20.4452 86.8138 71.5042 
79.495 78.7151 4.96714 44.5437 66.7686 20.5827 69.6389 7.43371 81.8409 69.9778 34.4885 45.3946 30.459 0.929292 27.7566 8.13015 3.68088 20.11 15.7996 2.43019 38.8716 0.290825 3.16075 0.531133 7.76835 0 37.5904 17.3954 
12.5121 5.17184 17.3749 18.9609 28.588 13.9953 30.8692 43.236 16.0841 0.459964 28.6436 6.2445 0.0917415 8.60681 3.27443 4.82506 20.345 10.113 14.3067 2.33261 0.221378 10.4104 9.57958 19.0533 53.0027 2.92145 0 19.3125 
42.1128 32.087 9.41295 18.428 22.3828 14.7209 0.0469409 76.7396 23.4469 1.46069 109.476 93.5014 43.5439 1.97675 12.0016 18.4763 17.614 33.4592 11.5038 0.781013 49.8091 0.696824 9.70985 3.30683 14.5391 59.8693 31.289 0 
