0 515.339 178.553 311.349 9.64865 189.451 218.099 154.275 148.318 142.438 158.542 13.657 8.39426 29.0876 20.7133 43.0052 109.733 19.3725 33.5471 71.4005 131.926 0.254825 40.2934 3.31364 132.407 79.5154 21.9373 10.3546 
213.619 0 0.502148 211.289 59.3109 287.512 495.267 240.357 62.6445 106.691 240.837 4.12006 10.781 2.85736 94.6091 81.0768 205.108 691.929 113.28 62.9294 50.4168 0.00320154 56.2709 11.9419 124.153 26.1361 37.1487 61.969 
190.118 437.453 0 286.367 26.0817 14.0467 21.6785 10.1881 370.479 114.256 141.542 43.767 14.4613 3.61795 0.953116 1.63771 0.155979 108.885 5.66645 27.1802 0.120786 6.62964 12.5784 2.56261 14.9962 0.47001 1.69999 0.127563 
207.92 214.29 281.807 0 143.33 129.123 1.17264 355.794 358.426 24.7359 173.335 240.555 29.8918 18.8561 38.054 40.9522 109.557 60.0355 54.1266 41.375 299.036 15.2692 0.679474 9.49389 67.1212 22.5984 0.294495 12.4679 
6.13565 255.685 135.686 42.3151 0 8.64369 140.732 0.225892 278.854 57.4139 132.9 72.4554 33.2229 0.0127889 59.5446 58.4673 0.438739 60.2921 299.642 94.757 78.9962 1.35102 56.3694 56.4087 45.875 19.084 41.3074 1.07634 
164.112 234.211 66.5931 128.546 504.88 0 1599.62 78.8936 115.475 602.089 104.732 19.6842 140.222 0.0314115 28.1225 1.69431 75.3214 118.871 0.0304821 1.2899 16.4954 0.234729 8.86976 7.6395 76.8648 3.0891 2.01489 19.6148 
249.413 20.0511 123.577 100.427 16.6537 914.983 0 222.838 1174.74 364.334 438.255 185.559 218.874 51.0487 31.7686 103.727 87.505 207.208 71.643 58.8178 43.2551 0.158698 55.0068 4.26707 0.570295 46.1552 12.5751 73.5293 
278.313 21.8099 38.0743 453.71 98.9384 11.7301 173.268 0 656.855 154.255 116.143 863.85 2.091 16.0984 172.526 42.0241 7.65553 73.2669 89.0949 103.031 98.3974 57.1242 12.7639 51.4788 74.7357 120.356 54.7123 74.1751 
323.971 468.474 87.1232 68.0273 166.042 117.627 48.1023 658.801 0 357.25 802.791 375.693 157.538 111.128 300.766 27.8756 174.79 175.476 20.2531 4.53721 42.6989 16.9671 88.8349 0.878414 62.5323 89.7638 1.48963 35.8054 
86.592 196.435 1.81544 106.172 97.6868 490.761 20.0918 76.2451 146.22 0 285.552 3.08664 330.216 17.7568 31.9602 57.8748 74.0038 139.077 1.2816 25.6448 6.99795 47.6679 1.10772 21.2101 24.8962 53.1902 23.0061 0.255444 
16.0897 0.631119 192.16 16.5952 257.208 228.041 135.912 29.2599 844.837 192.407 0 84.8621 144.247 188.405 48.2988 34.8113 80.3939 80.665 121.937 50.4534 127.586 20.3486 5.19441 93.894 107.293 85.8583 14.8326 48.6964 
147.645 46.3615 11.6442 21.9607 11.5993 158.591 65.9698 160.659 341.103 143.414 127.111 0 21.0957 1.28093 237.926 495.511 5.63632 1.28571 0.195217 2.4478 13.1481 73.3117 125.446 164.106 107.09 393.448 78.109 176.32 
66.9933 67.8578 71.7868 70.7116 123.132 153.027 86.6162 122.31 0.0428603 326.158 251.851 0.435134 0 3.13495 119.131 18.9049 0.172878 20.8757 46.8122 12.5089 13.2323 49.7899 10.5373 24.4409 41.3288 32.9867 21.1214 0.189835 
44.6759 18.1694 16.712 21.488 58.1356 21.9365 0.208632 18.329 62.3366 35.9194 206.554 1.74418 117.971 0 41.0677 0.769657 22.099 37.9512 19.743 2.1761 19.6757 6.12167 3.36503 7.88033 3.05578 8.16012 8.98899 0.377906 
63.1405 96.6955 25.1328 4.61608 54.6596 23.515 126.871 63.5874 54.2253 109.284 10.0417 201.997 65.7542 56.7555 0 23.112 2.4622 26.5655 1.21493 11.3181 57.7333 16.9848 24.1883 22.3496 8.68995 28.4085 6.20049 22.264 
10.3206 23.1452 24.0432 28.5243 11.5838 27.3197 97.6627 62.8327 109.937 91.3858 47.678 268.065 80.8312 5.74319 86.3176 0 12.3107 0.0765222 30.2717 1.82746 16.135 11.5264 1.62899 28.0744 36.2649 18.3118 0.207004 14.8091 
168.527 123.396 50.1767 63.4941 91.8137 105.25 14.4853 97.5359 62.6125 75.2006 17.7208 8.23456 56.7369 6.1676 29.0973 17.6091 0 284.536 431.774 3.46043 27.1904 17.6362 4.34396 0.266293 67.3625 4.51571 13.8078 16.2879 
48.336 387.142 5.86852 145.603 108.116 61.1126 214.134 16.9363 34.4812 18.8278 134.209 3.30459 48.5351 48.9765 48.2793 49.2983 236.893 0 69.2201 37.9229 4.61081 41.3001 38.7348 22.4992 51.3568 12.8803 39.0795 43.638 
35.8209 45.7172 33.8812 58.8441 230.833 89.1071 132.837 21.4971 86.3611 14.4386 111.96 96.5495 13.9528 3.32248 37.9446 11.0687 59.1917 17.3463 0 7.01992 58.8634 17.1127 4.77793 2.2241 29.6914 30.4699 1.37543 15.1789 
30.1535 23.1135 25.7923 35.5173 94.9231 0.0105668 13.2811 45.9962 105.335 17.7273 71.4821 76.318 13.9611 0.00678444 11.7837 9.5852 20.3515 65.9817 4.16671 0 0.044195 4.8921 4.11105 4.79086 12.9279 0.0239833 10.6672 10.3988 
156.461 42.585 26.7325 225.734 29.1943 52.5394 138.726 0.0852382 186.758 0.00201928 115.189 153.655 7.84 4.64253 14.8481 46.4888 68.1213 123.038 71.4169 129.396 0 31.8271 32.6953 16.9917 3.34287 35.6194 13.3322 9.32722 
5.1408 27.7711 0.110785 7.23222 56.2855 14.8345 58.2923 63.0105 69.477 2.32076 76.4399 72.1319 59.5702 10.824 0.852552 0.72015 1.44888 15.6131 14.6221 0.251833 18.3264 0 3.4662 12.1728 24.6763 8.66161 12.0908 8.64598 
19.5835 55.615 12.4714 0.301418 29.768 15.6901 69.6642 33.8344 102.208 5.73558 58.1405 112.536 5.73834 5.68765 24.9793 11.0412 0.0540775 44.9051 1.62224 1.00174 13.2615 9.72115 0 15.1154 3.9437 4.38932 7.13059 0.024757 
52.637 25.3112 7.76082 0.00351636 35.1271 0.66302 51.4619 46.6224 86.7742 57.8997 129.056 156.409 0.126527 3.31709 16.9354 14.3271 20.5999 6.53238 18.282 5.00874 46.2831 11.4954 19.5689 0 23.149 8.4245 0.0111076 12.0488 
129.893 133.264 3.8809 64.522 53.6066 87.0148 9.22377 25.8902 182.4 4.70421 78.5856 780.484 6.55925 15.1858 25.997 68.6738 65.6631 11.4373 30.5158 3.39934 52.9416 68.6627 3.86772 20.7924 0 16.6194 10.1094 28.3968 
79.2402 80.1474 3.97397 44.6621 67.796 21.5911 73.8772 1.76848 89.6644 67.8653 26.1091 13.7693 32.2988 0.628777 26.4691 10.7516 4.11845 21.838 15.0126 2.74085 40.9 0.208032 2.78177 0.268723 7.75564 0 36.9494 24.3945 
13.6404 4.41699 17.6888 18.1819 27.5172 13.5179 29.2283 46.9771 18.0231 0.743415 26.0682 4.05988 0.194594 8.33463 2.82155 5.4429 20.1209 9.36836 13.8677 2.52393 0.378605 10.6356 9.1588 18.8529 50.3777 4.32261 0 30.4553 
43.8392 34.0146 8.65913 19.6906 23.8528 15.399 0.00541264 83.6095 20.319 0.918458 110.044 81.6578 43.9283 1.67984 12.9628 17.5415 17.1906 32.2986 12.0651 0.643795 50.2019 0.811019 9.82511 2.87901 16.2991 62.5937 20.0353 0 
