0 772.499 196.074 613.725 21.555 561.024 196.702 124.307 496.375 136.128 167.409 22.5429 5.97127 31.2337 23.8439 38.4635 472.482 31.7271 39.618 69.1242 154.167 0.109022 39.0919 2.28278 502.092 79.2443 23.5563 8.62894 
490.695 0 42.5085 529.475 131.429 638.497 437.485 258.948 434.936 129.243 252.359 9.13444 15.6047 1.68243 92.6742 79.0304 577.405 863.591 100.431 50.6073 61.0383 0.0811051 56.6918 10.0522 489.228 22.3283 35.5639 60.9065 
203.767 343.748 0 260.507 41.6476 8.53708 6.00654 28.1702 442.071 114.012 113.954 30.4022 17.6834 2.86187 0.307194 2.54717 7.4654e-05 122.729 3.71827 27.5496 1.57091 6.24606 12.5276 3.12792 16.5226 0.132243 2.09961 0.315 
643.903 532.277 310.201 0 133.185 497.918 0.187457 840.746 750.14 18.8104 159.187 222.225 33.2954 17.9099 37.0134 42.1498 479.657 71.1067 51.7552 38.2147 318.879 14.9758 1.01792 8.16931 437.008 19.3684 0.547998 14.0445 
16.217 349.817 152.891 30.6625 0 18.2214 84.8952 2.18235 307.652 92.8042 153.351 63.0073 43.2699 0.0772153 64.6539 61.2972 2.28262 77.3228 299.833 93.7738 72.8288 0.811405 56.3504 56.3142 48.2931 16.4731 42.279 0.623554 
540.702 627.865 65.2493 494.524 728.487 0 1046.48 99.785 437.621 921.223 72.632 27.9421 549.269 0.209078 25.016 2.5808 441.027 114.995 0.365675 0.775852 19.5394 0.08718 9.61635 8.42732 446.308 2.21992 2.41755 18.9576 
234.37 70.4183 158.934 121.919 1.0652 880.986 0 272.374 741.932 443.639 472.252 208.091 215.89 57.2317 22.3354 103.53 91.6771 194.216 82.6972 64.1695 50.2079 0.00847161 51.9354 5.97395 0.0619459 40.2544 10.9409 73.4077 
258.185 10.175 66.3414 314.082 113.909 4.00866 124.587 0 613.934 138.078 82.5559 609.089 4.20607 10.8405 179.636 70.3467 5.74445 83.1019 84.5422 107.316 84.7859 58.708 16.7012 41.956 57.7962 147.184 49.9815 82.8615 
694.908 822.862 22.1623 455.048 128.562 438.463 401.05 619.716 0 378.227 998.88 349.362 169.053 102.754 284.433 19.2896 541.638 186.484 26.8752 7.16286 52.3518 14.9039 92.3977 2.12875 430.802 99.2707 2.40265 31.3091 
96.526 177.544 0.216593 106.895 138.294 360.06 75.718 92.7059 99.291 0 407.031 9.31988 316.636 13.0002 44.1265 64.3207 76.3252 135.023 3.43498 28.2053 9.21383 50.016 0.410332 18.3258 21.4166 57.204 24.6162 0.0351133 
23.3162 4.45041 168.185 27.9312 250.668 250.542 77.253 12.1873 867.572 313.541 0 38.3491 165.537 201.802 9.25529 17.8825 82.885 71.8945 124.595 54.1862 122.379 23.1407 9.53413 85.8616 115.922 99.4521 17.5526 42.9514 
163.092 59.1273 21.0463 8.37412 16.8431 156.771 87.616 16.1861 369.461 122.897 194.43 0 15.6162 5.17086 258.797 466.484 7.17423 0.325936 0.686141 1.17365 18.3684 74.4076 122.932 174.789 73.0313 359.639 71.465 175.382 
71.7147 76.365 72.7261 69.3666 111.503 137.487 104.955 127.718 1.44578 331.545 254.068 0.000465724 0 0.004996 119.003 23.9241 0.477966 24.4305 50.6643 13.8927 15.157 43.3634 15.6354 28.4598 39.2882 35.2586 22.2089 0.430315 
46.2459 15.3111 16.6364 22.0479 60.5106 21.936 0.0310046 24.7484 51.5715 29.9035 212.413 0.0290155 98.3621 0 54.5836 0.0771396 22.074 36.1928 20.5838 2.32869 21.1755 5.46155 1.73265 8.74373 2.34727 7.37394 8.66181 0.580716 
60.8284 96.6101 27.2243 6.30017 59.9136 20.2912 118.576 48.1934 75.5499 98.0468 0.737119 167.737 76.3134 44.3992 0 47.6255 2.99887 23.8412 0.736962 11.1379 58.0255 16.6402 25.0377 19.8684 6.85064 26.8958 5.4794 22.7239 
13.5426 19.2397 23.3564 25.242 9.14818 27.1736 100.449 94.527 120.163 90.0431 71.1176 145.237 82.7426 3.48909 70.6663 0 13.0889 0.000796474 30.0113 1.52476 18.6192 11.7056 2.49107 25.5482 36.7263 21.8661 0.0646989 13.4046 
536.585 501.63 48.2534 430.988 102.018 470.697 11.0438 98.535 431.244 72.7497 20.5346 10.0415 58.137 6.72663 29.4075 18.3307 0 287.139 421.898 4.2887 25.0034 17.2593 3.95993 0.16122 436.034 3.94594 13.344 15.728 
65.4226 393.278 12.8542 143.762 89.622 52.6871 223.332 11.6095 24.6014 13.649 141.194 5.63567 52.8708 47.8541 50.8241 51.1618 206.146 0 59.2599 42.7021 6.90639 41.6108 39.6454 24.0092 49.8845 14.7954 38.2931 42.522 
41.9905 57.8455 37.5241 57.1251 261.728 90.3149 124.28 17.5986 95.462 20.0279 116.076 94.8997 16.9423 3.9672 37.5074 10.0536 92.7153 24.283 0 5.87357 56.8127 16.4441 4.24017 2.63814 30.0248 30.5958 1.6451 15.8824 
56.4667 33.1165 24.6817 39.0106 94.1397 0.024845 17.4062 39.2332 103.782 20.148 74.2609 72.2901 15.3838 0.0231217 11.771 9.48905 19.0623 69.9779 5.17018 0 19.2003 4.76371 4.116 4.96715 12.6647 0.000310771 10.7614 10.6016 
177.438 52.7209 35.521 187.107 34.5302 55.8299 135.566 1.54213 185.247 0.13101 109.086 148.196 6.40392 3.76663 16.8295 43.988 68.361 123.571 70.6543 205.551 0 31.5584 31.741 15.4227 4.48633 38.2292 14.462 10.6547 
4.42271 29.4035 0.0506794 6.75377 55.7778 14.0494 59.4835 64.0644 69.7879 3.57305 77.3904 70.6454 53.3449 10.898 0.518771 0.483717 1.7068 14.5601 13.9219 0.196936 17.5946 0 4.65411 12.7476 24.8151 8.93158 11.909 8.42684 
17.9623 56.2141 12.342 0.541311 31.878 15.9737 68.1739 28.6635 101.686 7.75982 67.7286 117.589 2.71692 3.82497 25.2699 10.2177 0.0159104 45.0217 1.29276 1.10472 14.4042 8.40032 0 18.7133 5.33577 3.87244 6.55561 0.00136317 
51.1768 22.8989 7.02825 0.0455413 37.0979 0.993458 54.3895 56.3583 90.1488 56.515 128.913 168.764 0.0194182 4.36052 19.6725 9.73877 20.4408 5.53454 17.6883 4.83426 46.8392 12.1547 16.4535 0 28.7048 9.51627 0.015702 11.5395 
495.732 503.346 4.99675 431.62 51.4174 455.991 12.3449 39.2034 546.274 3.03106 88.6515 1143.6 5.16806 15.6754 24.2966 54.312 434.244 13.0948 30.2852 3.84109 54.4192 74.4819 3.99066 26.0683 0 83.2868 147.867 138.051 
78.5211 81.6023 2.85803 44.3906 68.8785 22.7815 78.8996 0.19669 99.1764 64.8407 16.9599 0.0489731 34.584 0.330535 24.5986 14.2932 4.69782 24.0583 14.0232 3.15034 43.3935 0.123164 2.32724 0.0632627 8.07611 0 35.7383 33.7384 
15.1041 3.5444 18.0495 17.1787 26.1609 12.9043 27.1669 51.7113 20.5734 1.1947 22.9264 1.95932 0.3781 7.98027 2.29199 6.25121 19.8246 8.46102 13.3117 2.77225 0.635574 10.9066 8.61346 18.5093 46.7155 6.41562 0 46.0557 
45.9395 36.4327 7.72689 21.2528 25.7217 16.2308 0.192602 92.0117 16.6236 0.411885 110.207 66.9371 44.3288 1.33523 14.1601 16.2766 16.6471 30.8163 12.7754 0.488876 50.6017 0.96602 9.94582 2.37277 18.7687 63.6095 8.72409 0 
