0 763.517 199.298 616.791 24.9859 580.76 191.302 117.38 511.066 134.5 169.345 24.9213 5.45755 31.7351 24.5969 37.3962 490.394 35.0092 41.0837 66.8746 159.268 0.0835636 38.7977 2.06691 521.577 79.1157 23.9387 8.24198 
493.677 0 61.3547 537.59 151.292 652.693 420.375 262.831 456.857 134.538 254.631 10.5888 16.8542 1.4498 92.1327 78.4875 597.362 296.387 97.3473 47.7864 63.6125 0.114552 56.7673 9.62655 507.649 21.4597 35.1862 60.6329 
205.99 315.957 0 241.829 45.6968 7.4084 3.69754 33.5628 453.328 113.727 107.46 27.5394 18.4742 2.69408 0.206524 2.787 0.0107303 125.793 3.31542 27.5957 2.14769 6.15579 12.5085 3.26711 16.8783 0.082748 2.19902 0.371045 
678.505 540.3 291.596 0 130.567 517.089 0.623371 422.984 773.014 17.5076 155.572 217.171 34.1016 17.6776 36.7293 42.3577 499.257 73.7279 51.1637 37.4054 533.332 14.9035 1.10693 7.8655 456.62 18.615 0.618769 14.4194 
19.2441 370.831 156.568 28.1271 0 34.1474 73.262 2.93182 313.607 101.921 158.099 60.8262 45.7669 0.136762 65.8267 61.9331 2.92286 81.4955 298.309 93.447 71.3669 0.704051 56.3228 56.2703 48.8498 15.878 42.4998 0.534673 
561.7 652.317 64.7017 513.044 33.9061 0 867.921 104.774 452.098 596.186 65.596 30.052 169.799 0.27346 24.268 2.81368 459.647 113.937 0.620413 0.673152 20.2806 0.0628273 9.79054 8.61356 465.778 2.03437 2.5169 18.7961 
230.272 86.0892 166.953 126.878 0.0954627 808.638 0 283.542 621.049 458.493 477.476 213.135 214.743 58.6695 20.3103 103.355 92.609 190.865 85.2953 65.3976 51.8803 0.000397693 51.1904 6.41344 0.0167951 38.8827 10.5691 73.3403 
252.841 8.05091 73.7942 286.18 117.435 2.76918 113.741 0 598.235 134.172 75.233 541.683 4.80702 9.73969 180.9 77.7044 5.33208 85.4338 83.4392 108.225 81.623 59.0643 17.6899 39.7922 53.983 153.314 48.867 84.8736 
714.193 837.095 12.7843 480.464 120.006 452.599 516.513 604.827 0 381.367 1751.81 342.08 171.584 100.725 260.24 17.4646 560.439 188.885 28.5416 7.86117 54.7123 14.4326 93.1648 2.50045 450.136 101.434 2.6481 30.274 
98.8254 172.788 0.0661465 106.917 148.216 318.85 93.1541 96.6577 89.0695 0 433.807 11.256 311.456 11.9681 47.1426 65.783 76.8323 133.953 4.08864 28.8085 9.77499 50.543 0.295251 17.6641 20.6191 58.1124 24.9948 0.0126516 
25.1851 5.84376 162.131 30.9598 248.689 254.838 65.3576 9.20301 877.185 342.527 0 29.8333 170.404 204.255 4.407 14.6397 83.4441 69.8487 125.136 55.0529 121.09 23.8133 10.731 83.9094 117.838 102.6 18.2176 41.617 
166.588 62.2788 23.6112 6.07974 18.2042 156.101 92.9677 3.67061 375.006 118.051 211.224 0 14.4333 6.4537 262.482 451.019 7.56067 0.192027 0.8448 0.940315 19.7082 74.6345 122.177 176.862 78.6486 347.811 69.878 174.796 
72.8068 78.3671 72.8883 69.0074 108.698 134.574 109.309 128.914 2.06186 330.699 254.045 0.0331187 0 0.109371 118.691 25.1583 0.571651 25.2956 51.5624 14.2239 15.6244 41.852 16.9517 29.421 38.7967 35.7858 22.4637 0.500857 
46.5976 14.6641 16.6028 22.1644 61.0381 21.913 0.105592 26.3659 49.1001 28.5212 212.996 0.0101765 93.4739 0 56.9166 0.0183554 22.0632 35.7717 20.777 2.36466 21.5297 5.30581 1.40769 8.92584 2.19183 7.18663 8.58262 0.634429 
60.2512 96.4972 27.6864 6.72736 61.1294 19.5319 116.417 44.7657 80.8662 95.1996 3.26591 159.26 78.7315 40.7912 0 53.5637 3.13196 23.21 0.641449 11.0915 58.0696 16.5478 25.1479 19.2453 6.44036 26.4959 5.31368 22.815 
14.3518 18.3572 23.1664 24.453 8.61091 27.1102 100.986 102.436 122.421 89.583 77.0285 119.041 83.0827 3.0207 65.5533 0 13.2721 0.00999732 29.9396 1.45676 19.219 11.7409 2.71411 24.7812 36.7578 22.6697 0.042873 13.0686 
555.652 523.19 47.7653 450.038 104.358 489.21 10.294 98.7287 450.587 72.1366 21.2189 10.4893 58.449 6.86019 29.4725 18.4979 0 286.385 144.316 4.49465 24.4943 17.1685 3.87147 0.140275 455.329 3.8165 13.2343 15.595 
69.682 401.685 14.8583 143.086 85.3571 50.724 225.116 10.4917 22.4872 12.5386 142.754 6.2706 53.8924 47.5743 51.4075 51.583 198.238 0 56.9509 43.8307 7.50981 41.676 39.8507 24.3649 49.5241 15.2594 38.1021 42.2506 
43.4754 60.8075 38.3691 56.6788 267.912 90.4239 122.13 16.7277 97.5715 21.4508 116.972 94.4724 17.6777 4.12582 37.3876 9.81836 102.126 26.0529 0 5.61577 56.3153 16.285 4.11725 2.74006 30.0956 30.6162 1.71181 16.047 
63.5431 35.6555 24.387 39.7709 93.8593 0.0479007 18.4403 37.6787 103.329 20.728 74.8803 71.307 15.7231 0.0283708 11.7636 9.46178 18.7569 70.8744 5.41947 0 28.49 4.73299 4.11618 5.00754 12.5983 0.000215094 10.7815 10.6466 
182.123 55.2003 37.7035 174.743 35.8283 56.5832 134.723 2.14534 184.703 0.209427 107.603 146.803 6.08519 3.57258 17.3065 43.3846 68.396 123.627 70.4504 222.85 0 31.4908 31.5101 15.0592 4.77788 38.8371 14.7312 10.9766 
4.26062 29.7858 0.0398936 6.64196 55.6389 13.8606 59.7397 64.2923 69.8361 3.90445 77.5795 70.2673 51.8516 10.9038 0.451855 0.434616 1.77029 14.3148 13.7565 0.184968 17.422 0 4.9485 12.8699 24.8274 8.99301 11.8636 8.37398 
17.5846 56.3319 12.3046 0.607607 32.3719 16.0311 67.7793 27.4839 101.474 8.27409 69.9889 118.634 2.16321 3.39844 25.2458 10.0026 0.0102169 45.0373 1.22034 1.12942 14.6761 8.08449 0 19.3403 5.69328 3.75264 6.42034 7.34807e-05 
50.8102 22.3384 6.85665 0.0770068 37.5551 1.08034 55.0562 58.6968 90.8801 56.1492 128.708 171.267 0.0654441 4.61304 20.2866 8.7149 20.3998 5.31019 17.5458 4.79214 46.9542 12.2983 15.5167 0 29.9874 9.77094 0.032244 11.4143 
514.318 522.93 5.27549 450.586 50.8863 475.339 13.1351 42.6389 564.321 2.68824 90.983 484.848 4.86229 15.7764 23.8722 47.5781 453.517 13.4967 30.2231 3.94748 54.7465 65.7199 4.07517 27.7376 0 92.0242 126.486 138.261 
78.2881 81.8866 2.61895 44.259 69.0982 23.0474 80.0232 0.740857 101.341 64.074 15.0594 1.32495 35.1151 0.273817 24.1227 15.1485 4.83855 24.5866 13.7909 3.24941 43.9687 0.106371 2.22445 0.0355422 8.20558 0 35.3908 35.9432 
15.4549 3.35207 18.1285 16.9396 25.8409 12.7582 26.6835 52.8249 21.1895 1.31597 22.2054 1.57326 0.429978 7.89517 2.1743 6.44565 19.7526 8.25264 13.1805 2.83182 0.705512 10.9683 8.48303 18.414 45.8149 6.95633 0 49.8027 
46.4204 36.9988 7.51102 21.6144 26.1634 16.4225 0.275343 93.9342 15.7969 0.321603 110.156 63.5467 44.4093 1.25917 14.4384 15.9668 16.5177 30.4647 12.9428 0.455377 50.6802 1.00426 9.97019 2.25934 19.3846 63.4452 6.6621 0 
