0 420.863 207.591 317.611 38.7187 337.886 171.557 93.8419 252.179 128.406 175.631 34.0463 3.8335 33.4756 27.2743 33.6808 241.925 47.5024 46.3015 66.1758 176.496 0.0210383 37.7358 1.39328 278.417 78.4731 25.2796 6.94742 
212.237 0 147.444 258.393 226.294 388.784 352.671 274.791 227.495 152.797 261.19 16.4693 21.5496 0.770019 89.9878 76.4109 355.417 264.558 86.4665 38.2653 72.7914 0.2768 56.9598 8.19716 260.835 18.5114 33.8518 59.6064 
210.595 211.631 0 153.505 60.7856 4.03302 0.00384688 55.4536 472.968 112.059 85.1539 18.4825 21.3282 2.14009 0.0108702 3.69865 0.189931 135.807 2.07944 27.6332 4.8551 5.8402 12.4207 3.77135 18.1079 0.000455372 2.56257 0.602473 
483.74 260.662 332.177 0 120.811 272.518 4.12981 895.307 535.921 13.2555 142.208 197.589 36.9295 16.8387 35.6226 42.8574 256.553 82.8702 49.0016 34.4075 173.237 14.6414 1.44569 6.8298 214.139 16.0177 0.899324 15.7391 
31.6645 437.531 168.108 19.9684 0 108.277 38.3484 6.40538 331.631 135.445 174.378 53.351 54.8481 0.477734 69.8243 64.0624 5.76688 96.462 288.397 92.0228 66.234 0.387721 56.1568 56.0519 50.7573 13.8581 43.2484 0.277025 
323.443 424.056 62.1247 266.256 55.4546 0 238.431 122.212 211.179 688.405 43.0875 37.8781 689.459 0.565402 21.6217 3.69708 213.686 109.818 2.03142 0.369974 22.9423 0.00889995 10.394 9.26622 222.696 1.44465 2.87797 18.2116 
214.443 149.914 193.278 143.658 4.9241 455.052 0 320.296 233.154 496.129 486.84 229.826 209.436 63.6187 13.8783 102.364 95.71 178.36 94.3136 69.5784 57.8215 0.0540281 48.5243 8.06079 0.0828994 34.1563 9.30879 72.9889 
232.566 2.54513 101.632 240.994 129.706 0.225402 78.4525 0 529.011 120.308 51.7424 309.792 7.21272 6.32017 184.044 104.878 4.0042 93.6128 79.493 111.091 70.7422 60.2596 21.3215 32.5079 41.3191 173.805 44.9757 91.7775 
468.847 570.969 0.197943 262.962 91.3656 210.47 930.51 538.035 0 386.69 1109.25 313.782 179.845 93.4892 198.937 11.7164 314.844 196.67 34.6686 10.5366 63.2007 12.8279 95.6248 4.02843 206.999 108.727 3.59708 26.7327 
106.713 155.421 0.222605 106.554 183.22 169.67 163.906 110.611 56.6491 0 516.402 19.3747 287.936 8.64586 58.0057 70.696 78.4849 129.875 6.8034 30.9158 11.8537 52.3051 0.0410058 15.4069 17.9024 61.1675 26.3171 0.0224121 
32.1958 12.1594 140.103 42.5214 240.505 266.534 30.7669 2.01896 884.377 439.331 0 8.19562 186.828 210.574 1.49781 5.74168 85.3159 62.7682 126.765 58.0448 116.401 26.208 15.4166 76.9351 124.149 113.357 20.6142 37.018 
178.322 73.6783 33.5434 0.912389 23.3301 153.049 112.275 29.8683 390.68 101.2 271.167 0 10.6292 11.9948 271.36 375.799 8.98466 0.000701357 1.5283 0.326019 24.712 75.3342 119.062 182.694 151.401 297.099 64.2775 171.673 
76.5627 85.3412 73.2773 67.6255 98.7372 134.26 124.505 132.854 5.06193 321.475 252.33 0.551822 0 2.99306 116.765 29.6086 0.964769 28.4026 54.6715 15.3983 17.3012 36.6021 21.8664 32.8154 37.0464 37.6038 23.3516 0.78932 
47.7726 12.4836 16.438 22.5254 62.7846 21.7643 0.714481 32.3098 40.71 23.8209 212.609 1.10028 76.0052 0 61.6799 0.131463 22.0104 34.2792 21.4382 2.49056 22.7701 4.76261 0.510395 9.48997 1.68427 6.52764 8.29939 0.839881 
58.1383 95.8248 29.2016 8.30728 65.3031 16.8954 108.321 33.4934 100.056 84.7724 25.8276 129.111 86.8961 27.3401 0 72.4548 3.61777 21.0351 0.358664 10.9173 58.15 16.1915 25.2573 16.9796 5.08175 24.9772 4.74683 23.0813 
17.3239 15.3909 22.4206 21.6668 6.84396 26.8021 102.498 130.762 129.815 87.553 98.4918 44.0601 83.936 1.61273 45.3987 0 13.9127 0.123189 29.6576 1.22901 21.3584 11.8438 3.54558 21.6764 36.6335 25.3335 0.00171024 11.8827 
310.924 287.432 45.9571 205.609 112.306 242.736 7.85911 99.281 207.253 69.8881 23.6748 12.1224 59.4868 7.33311 29.6756 19.0744 0 279.699 169.418 5.24717 22.7315 16.8447 3.56783 0.0783956 211.648 3.37791 12.8489 15.1263 
85.1539 449.308 22.8668 140.017 70.8264 43.958 230.164 7.00367 15.7663 8.99469 147.942 8.74581 57.4627 46.5496 53.3984 53.0016 169.197 0 49.0285 47.7758 9.8055 41.8798 40.5421 25.6087 48.2226 16.92 37.4163 41.2755 
48.7463 71.4104 41.2753 54.9981 285.726 90.2757 114.247 13.8275 104.819 26.7235 119.88 92.8626 20.3399 4.70081 36.9188 9.00694 137.409 32.6198 0 4.75158 54.5328 15.7238 3.69832 3.1099 30.32 30.6597 1.95486 16.6196 
90.1034 44.9967 23.2631 42.2181 92.5943 0.187369 22.2304 32.3788 101.487 22.7831 76.9392 67.772 16.9227 0.0509317 11.7241 9.35262 17.6844 73.8668 6.32936 0 72.933 4.62404 4.11386 5.14538 12.353 0.0163068 10.8453 10.7958 
197.56 64.1087 45.6133 139.298 40.4854 59.1495 131.484 5.02478 182.241 0.62745 102.289 141.622 5.02895 2.93079 19.0054 41.2344 68.4539 123.609 69.6643 276.847 0 31.2409 30.6846 13.8062 5.86336 40.9405 15.6834 12.1298 
3.71456 31.1162 0.0122855 6.25323 55.0949 13.1891 60.5624 65.0281 69.9293 5.17058 78.1363 68.8622 46.5768 10.889 0.253327 0.282827 2.00074 13.4646 13.1764 0.145956 16.8172 0 6.01186 13.2563 24.8093 9.20135 11.6967 8.18519 
16.2759 56.6737 12.1533 0.868568 34.0891 16.2033 66.2715 23.4847 100.467 10.1808 77.8555 121.837 0.715318 2.02182 24.8857 9.1951 0.000179223 45.0566 0.982511 1.21717 15.636 6.97632 0 20.7113 7.02213 3.34023 5.94842 0.00821351 
49.4621 20.4015 6.26041 0.251473 39.133 1.4109 57.3158 66.9614 93.2402 54.7531 127.48 178.692 0.439547 5.50387 22.3131 5.43254 20.2451 4.55744 17.0392 4.64174 47.3087 12.7633 11.8632 0 34.2915 10.65 0.136299 10.9616 
268.046 280.128 6.2955 205.89 48.9832 231.789 16.058 55.4252 315.942 1.64559 98.9748 1106.05 3.85942 16.0859 22.3238 22.085 209.767 14.9359 29.9823 4.32646 55.8279 23.7199 4.53084 33.3608 0 67.475 6.91081 42.8636 
77.2846 82.704 1.85733 43.5986 69.7599 23.9317 83.7608 5.35489 108.639 61.2392 9.23055 19.1149 36.9486 0.116768 22.3652 18.1539 5.34373 26.45 12.9815 3.6035 45.942 0.0572228 1.8784 0.00103713 8.81777 0 33.9975 43.4328 
16.7002 2.71865 18.3874 16.0954 24.7197 12.2423 25.0002 56.709 23.3905 1.78501 19.7437 0.552902 0.637397 7.59273 1.78421 7.13674 19.494 7.53951 12.7205 3.04349 0.978484 11.1774 8.02137 18.0387 42.6016 8.97594 0 62.5872 
48.0605 38.9679 6.76782 22.8579 27.7135 17.0795 0.680248 100.458 13.0416 0.0932371 109.708 52.0215 44.6494 1.00867 15.3986 14.8521 16.0603 29.2271 13.5293 0.347171 50.908 1.14328 10.0432 1.88056 21.6226 61.6754 1.558 0 
