0 157.489 210.884 109.772 61.7825 194.743 142.604 63.7867 91.4262 118.997 183.025 48.6293 2.03574 35.8508 31.0862 28.6078 93.1107 67.1379 53.7309 107.06 198.296 0.0030978 36.1779 0.671999 136.43 77.087 27.1479 5.30782 
72.3589 0 292.214 79.5345 334.996 213.52 247.029 286.868 117.362 176.894 266.561 26.5941 28.8622 0.176837 86.383 73.0856 213.954 1032.76 71.3427 26.2077 85.8644 0.619167 57.042 6.37166 113.978 14.6746 31.9659 58.0044 
208.551 78.9349 0 33.0388 83.4584 0.975582 6.37926 92.1558 446.907 108.048 56.3571 8.64298 25.4945 1.46166 0.147348 5.13898 0.804571 147.56 0.825832 27.3649 10.3324 5.40274 12.2443 4.51329 19.7657 0.122218 3.1075 1.01436 
390.129 80.9223 284.261 0 105.977 127.785 13.9507 538.718 386.994 8.20662 122.195 166.485 40.8604 15.6116 33.8081 42.9516 115.331 95.3124 45.7753 29.8947 431.717 14.253 1.98567 5.47072 73.6875 12.5578 1.37355 17.584 
53.2016 504.478 180.214 10.6902 0 186.31 7.57444 13.3784 348.661 184.077 195.768 43.4375 68.2034 1.29273 75.0632 66.7587 11.2346 117.86 263.582 89.3334 59.0887 0.10268 55.7472 55.5811 53.2962 11.2231 44.2259 0.0577655 
187.131 295.391 56.9633 118.661 753.036 0 543.701 145.75 121.351 552.848 18.5974 49.7544 658.054 1.14004 17.9263 5.09148 68.4116 103.087 5.29884 0.0966272 26.7999 0.0152553 11.2133 10.1723 81.1496 0.784342 3.41393 17.3512 
189.15 253.567 223.332 164.781 32.2376 68.2599 0 363.243 0.333148 506.561 476.286 250.096 198.861 70.2167 6.80031 100.016 99.5833 159.258 106.503 75.042 66.2573 0.340478 44.6848 10.6233 0.754091 27.8355 7.66456 72.2026 
201.068 0.0217351 142.969 211.184 146.394 1.40489 38.3254 0 405.34 100.831 25.4915 67.5324 11.3211 2.74297 185.017 144.436 2.46071 104.951 73.8095 114.228 56.2674 61.7858 26.779 23.2628 25.874 198.762 39.6136 100.918 
320.029 386.58 35.8709 166.985 56.1334 119.137 1289.57 416.397 0 379.209 739.05 268.495 189.646 83.1574 260.817 5.50789 169.379 205.776 43.8773 14.8302 75.4876 10.7177 98.4384 6.72779 66.4596 118.022 5.1468 22.0428 
117.148 129.975 2.19872 104.909 230.386 25.4108 276.235 130.037 22.3184 0 589.753 33.9156 243.476 4.8396 73.4775 76.9005 80.4564 123.389 11.6411 33.8229 15.0317 54.5296 0.0743991 12.4396 14.341 65.0591 28.1452 0.26474 
43.0666 24.5037 108.438 60.7281 226.062 273.508 3.55442 0.704925 701.662 546.379 0 0.66289 207.641 213.225 33.3839 0.136947 87.6926 53.1911 128.341 62.0781 109.454 29.6354 23.1278 66.9844 131.799 127.375 24.1158 30.8486 
193.111 90.3041 49.5184 1.34522 31.3454 147.036 140.079 230.415 402.166 78.4968 352.883 0 6.24589 22.2466 272.787 237.753 11.1467 0.453646 2.80821 0.000201789 32.4389 76.0595 113.561 186.925 241.228 210.774 56.4312 164.641 
81.5899 94.8791 73.3521 65.3911 84.6887 162.529 145.129 137.67 11.3614 293.442 245.775 2.31462 0 13.2419 111.996 36.0597 1.67927 32.9135 58.8875 17.067 19.736 29.5016 29.3789 37.5722 34.5424 40.0527 24.575 1.29741 
49.2569 9.6838 16.0891 22.9027 64.9432 21.3828 2.45152 41.2113 29.8925 17.7312 205.851 5.56451 52.0488 0 58.5876 1.09655 21.8985 32.1587 22.3172 2.66543 24.4958 4.01866 0.00086201 10.0626 1.07848 5.61102 7.89054 1.16968 
54.9738 94.1811 31.0151 10.7022 70.8523 13.3406 95.8796 20.0382 127.387 69.4858 88.2788 88.0663 97.2292 10.3079 0 88.205 4.34401 18.1105 0.100178 10.6451 58.0693 15.6139 24.6938 13.7005 3.41432 22.5937 3.99505 23.3132 
21.7876 11.6098 21.1859 17.7918 4.69262 26.1551 103.629 169.851 138.609 83.6863 129.193 0.0606848 84.2371 0.350642 18.0936 0 14.8013 0.489918 29.1862 0.939922 24.4249 11.9322 4.80536 16.5977 35.855 28.5289 0.0359083 10.2248 
166.503 155.971 43.2022 62.5134 122.606 96.3967 4.98111 99.7216 65.8602 66.5081 27.2416 14.5594 60.7869 8.00462 29.8946 19.853 0 260.452 73.2355 6.37302 20.3335 16.3787 3.16109 0.021937 69.3265 2.80588 12.3088 14.4659 
107.709 494.121 36.2993 133.991 51.9835 34.931 233.975 3.28419 8.27758 4.98994 154.41 12.8266 62.3988 45.0104 56.0259 54.8255 127.151 0 38.5438 53.21 13.4608 42.1004 41.4311 27.3345 46.3126 19.3189 36.4179 39.8554 
56.2148 86.5352 45.1477 52.3674 299.449 88.7064 102.502 10.1944 114.461 34.7312 123.311 90.3348 24.2543 5.55021 36.1402 7.91184 184.916 42.6114 0 3.65238 51.951 14.9317 3.14569 3.65772 30.5712 30.6479 2.31771 17.4068 
129.119 58.8858 21.4819 45.0001 90.1175 0.532148 27.8995 25.4347 98.2812 25.6937 79.508 62.6398 18.6181 0.0931119 11.6346 9.16586 16.187 77.6224 7.68725 0 155.327 4.46878 4.10299 5.32769 11.9789 0.0811565 10.9174 10.9813 
216.06 76.9669 57.1254 136.913 47.2232 62.5184 126.264 10.9707 177.408 1.57862 94.614 133.674 3.71545 2.1364 21.4368 38.1563 68.3671 123.039 68.3862 324.348 0 30.8593 29.492 12.1168 7.53791 43.7926 17.0311 13.8006 
3.01066 32.9446 0.000171733 5.72017 54.1907 12.2314 61.5114 65.8899 69.8635 7.19742 78.6364 66.7012 39.2131 10.7781 0.0711663 0.12469 2.34256 12.3042 12.3671 0.0991649 15.9742 0 7.54463 13.6811 24.627 9.47355 11.4447 7.91307 
14.4946 56.9656 11.8911 1.30502 36.442 16.3674 63.8568 18.2979 98.3917 13.0909 88.5313 125.059 0.000918845 0.603722 23.6927 7.95807 0.0118316 44.9916 0.692576 1.34246 16.9904 5.46062 0 20.2839 9.0369 2.78809 5.29811 0.0522817 
47.4243 17.7815 5.4463 0.658946 41.264 1.9374 60.2526 78.5047 95.9866 52.5245 124.472 185.304 1.50606 6.72403 24.7349 1.96164 20.0021 3.59595 16.3152 4.4252 47.6761 13.3062 6.56618 0 39.5172 11.8275 0.399521 10.2967 
121.835 138.677 7.81902 62.504 46.2304 89.4993 20.5017 74.7592 166.277 0.611659 109.514 832.121 2.64367 16.3984 20.0332 5.93749 67.3543 17.0193 29.5872 4.86949 57.1622 12.1338 5.55303 36.9313 0 1.45625 155.067 87.9359 
75.4115 83.3741 1.0026 42.1767 70.3993 25.033 88.4085 18.4934 117.945 56.938 3.39418 74.7785 39.4244 0.00764947 19.7251 22.222 6.07838 29.0717 11.8656 4.11351 48.5729 0.0138877 1.43563 0.115163 10.067 0 31.6359 52.6313 
18.4748 1.942 18.7004 14.9054 23.1578 11.5142 22.6843 62.049 26.558 2.55163 16.4896 0.000885629 0.992687 7.16101 1.29969 8.12076 19.1172 6.58977 12.0786 3.34596 1.43086 11.4508 7.36835 17.4118 38.1094 12.0662 0 78.0635 
50.2223 41.6668 5.7706 24.5205 29.8756 17.9552 1.53989 108.904 9.58644 0.00357322 108.396 37.1833 44.8749 0.702477 16.6893 13.2393 15.4135 27.4894 14.3457 0.220286 51.1024 1.34996 10.1128 1.40336 24.883 56.3128 0.414492 0 
