0 435.24 206.708 418.49 82.0045 534.93 119.974 43.6798 422.152 111.145 187.55 61.1037 1.03143 37.6277 34.0587 24.8341 430.657 83.5953 59.5045 165.477 212.77 0.0441118 34.9229 0.292721 478.729 75.6435 28.58 4.18351 
459.688 0 392.092 406.848 411.628 528.387 166.651 292.248 492.695 193.75 267.607 35.7779 35.0277 0.00463274 83.1566 70.213 555.718 1082.75 59.9982 18.1667 95.9902 0.973677 56.9575 5.10722 452.734 11.9653 30.4989 56.6422 
200.392 15.3149 0 0.209955 101.423 0.0364575 20.0123 123.422 388.539 103.707 37.1284 3.50607 28.8159 1.02025 0.574082 6.36324 1.56115 154.557 0.245525 26.9087 15.7919 5.06911 12.0669 5.11056 20.983 0.401715 3.55523 1.39984 
748.927 407.419 89.594 0 93.904 467.4 25.0844 419.841 712.15 5.08629 106.171 140.731 43.8519 14.6305 32.2166 42.546 458.317 104.437 43.1498 26.2576 167.641 13.9367 2.45206 4.50269 417.611 10.0752 1.80243 18.9954 
72.5306 529.083 185.966 5.40616 0 214.479 0.00221976 20.3393 354.788 220.663 210.811 36.293 78.8499 2.18374 78.7829 68.6015 16.5568 134.355 237.101 86.7341 53.6436 0.00766654 55.2925 55.0889 55.1446 9.35148 44.924 0.000404513 
532.76 641.338 51.9365 456.317 795.345 0 802.031 162.582 535.08 731.141 6.33473 59.4744 186.001 1.709 15.1414 6.27855 408.692 97.2158 8.77856 0.00659974 29.8614 0.0846416 11.8215 10.8616 424.047 0.409602 3.85074 16.6566 
167.814 335.303 239.395 178.541 67.7876 98.8078 0 387.808 165.378 480.216 450.17 262.887 188.43 74.9778 2.99559 97.4741 102.182 143.584 115.407 78.9028 72.8081 0.727292 41.6581 12.7902 1.72353 23.248 6.49356 71.3669 
175.151 2.21399 174.674 107.087 158.686 6.0171 16.4178 0 300.503 86.0489 11.2296 0.138441 15.0511 0.978584 183.044 174.139 1.52261 113.53 69.3225 115.93 45.859 62.8449 31.2446 17.01 16.1221 214.128 35.5701 107.457 
654.201 689.88 100.038 549.862 33.918 532.068 1236.49 311.86 0 362.045 1485.01 230.627 195.694 75.1108 247.492 2.26752 508.955 211.285 51.3984 18.544 85.1782 9.20135 100.092 9.23443 410.972 124.352 6.51305 18.659 
124.61 110.065 5.071 102.767 263.125 15.6091 360.869 144.64 6.21398 0 604.211 47.3602 202.905 2.62253 85.1791 81.0647 81.6996 117.821 16.1379 36.0192 17.6846 56.0432 0.40672 10.3199 11.8063 67.7249 29.5346 0.631053 
52.182 36.572 84.5374 75.9629 212.807 271.173 0.946765 6.61668 478.677 593.621 0 13.1996 221.561 210.292 82.5702 1.42796 89.3288 46.1252 128.992 65.0514 103.825 32.3282 29.8792 59.2777 136.673 137.112 26.9222 26.3411 
203.025 103.462 63.1223 7.70144 38.1346 141.11 161.583 468.301 402.401 62.1082 409.53 0 3.63701 31.8968 265.153 131.322 12.9438 1.36911 4.04677 0.171561 38.9166 76.417 108.485 186.976 218.188 141.891 50.4342 157.258 
85.265 101.983 73.0391 63.4417 73.9401 190.96 160.128 140.804 17.7968 261.683 237.579 4.47926 0 25.4947 106.791 41.1324 2.35862 36.5064 62.014 18.3708 21.6802 24.3143 35.5432 41.2054 32.5762 41.8574 25.5027 1.7708 
50.2709 7.73646 15.7295 23.0908 66.3729 20.9554 4.47035 48.4304 22.4484 13.5062 195.991 11.2255 35.2335 0 49.1763 2.42394 21.7823 30.5025 22.9567 2.79903 25.8157 3.46453 0.250356 10.316 0.698683 4.91719 7.56613 1.45609 
52.385 92.3727 32.1464 12.671 74.859 10.762 85.6523 11.794 147.948 57.587 153.502 59.4279 104.106 2.08439 0 88.3026 4.9399 15.958 0.0097611 10.4133 57.855 15.1093 23.7147 11.1822 2.33274 20.5929 3.45019 23.3798 
25.4358 9.01078 20.0969 14.8868 3.29725 25.4919 103.711 197.577 144.022 79.9532 152.197 22.2141 83.7617 0.0035836 4.09034 0 15.4795 0.935975 28.7629 0.741297 26.8347 11.9563 5.82225 12.4774 34.7905 30.4623 0.13449 8.9646 
506.75 506.388 40.9197 404.489 129.772 435.589 3.19446 99.7984 409.276 63.7316 30.0862 16.5542 61.6672 8.52978 30.0118 20.4307 0 238.717 87.0851 7.29555 18.542 16.0091 2.86175 0.00216985 411.682 2.39804 11.8915 13.9531 
125.377 459.984 48.0864 128.072 38.9485 28.4264 234.287 1.35848 4.09771 2.68503 158.734 16.4419 66.1424 43.7434 57.9185 56.1001 95.5865 0 31.0549 57.2937 16.6139 42.2195 42.0542 28.6514 44.7732 21.2226 35.6176 38.7177 
61.9905 98.1878 47.9461 50.1359 300.498 86.4512 93.0327 7.74343 121.418 41.3155 125.435 88.1751 27.4047 6.23902 35.4454 7.10139 212.792 50.8327 0 2.89508 49.896 14.3162 2.74643 4.10369 30.7152 30.5816 2.61552 18.0026 
157.957 69.9408 19.9683 46.582 87.672 0.913733 32.5102 20.5142 95.3354 27.9527 81.2321 58.564 19.9356 0.13395 11.5388 8.99563 15.0389 80.1519 8.79674 0 222.009 4.34684 4.08861 5.45966 11.667 0.164356 10.9593 11.1058 
227.44 87.0577 66.151 155.922 52.5609 64.9251 121.729 17.0002 172.628 2.5978 88.5451 127.049 2.83407 1.60683 23.3481 35.7404 68.168 122.17 67.2627 331.577 0 30.5398 28.544 10.8675 8.94737 45.9102 18.0819 15.1315 
2.51564 34.3259 0.0117575 5.31804 53.3822 11.4817 62.0813 66.4207 69.6582 8.9512 78.8005 64.887 33.6469 10.6224 0.00708395 0.0462132 2.62145 11.4328 11.7454 0.0692224 15.3263 0 8.72918 13.9128 24.3651 9.6678 11.2359 7.69707 
13.1639 57.0429 11.65 1.6962 38.211 16.4327 61.7669 14.6581 96.2812 15.5063 96.3564 126.512 0.496225 0.0640663 22.2723 6.94964 0.0410844 44.8689 0.503028 1.44099 18.0424 4.35177 0 18.1726 10.6758 2.38525 4.80698 0.111914 
45.7404 15.8403 4.8383 1.09928 42.8421 2.3917 62.3262 87.2278 97.6482 50.6022 121.173 187.249 2.74749 7.60706 26.2053 0.424347 19.7936 2.92806 15.7454 4.25375 47.8574 13.6344 3.11425 0 42.6633 12.6812 0.693523 9.76222 
460.999 481.413 9.05907 404.324 44.0442 431.756 24.1781 90.3489 502.426 0.15597 117.001 284.259 1.85781 16.5419 18.1965 19.1393 409.644 18.6769 29.2371 5.29706 58.0466 53.5348 6.61244 34.0939 0 43.5925 25.3744 121.335 
73.61 83.5137 0.517934 40.7074 70.6641 25.7676 91.492 33.3902 124.283 53.3941 0.829361 135.616 41.254 0.0117681 17.5922 25.1087 6.66627 31.0984 11.0199 4.51679 50.49 0.000594196 1.12951 0.329946 11.3203 0 29.5301 58.1375 
19.8662 1.43039 18.9025 13.9838 21.9601 10.9488 20.9338 66.066 29.0622 3.22849 14.1406 0.269976 1.31777 6.82221 0.975875 8.88836 18.8146 5.89543 11.5849 3.58408 1.835 11.6463 6.86168 16.8521 34.7693 14.605 0 86.7848 
51.7786 43.697 5.03912 25.7328 31.5339 18.5934 2.4307 114.789 7.25526 0.116001 106.851 27.0469 44.9614 0.502487 17.635 11.9702 14.909 26.1466 14.9715 0.141922 51.1541 1.51883 10.1405 1.07912 27.4271 50.2415 4.35206 0 
