0 458.983 205.456 445.993 85.5398 565.765 116.223 40.632 451.775 109.792 188.201 63.273 0.896583 37.9188 34.5559 24.2191 461.199 86.4232 60.4671 175.354 214.956 0.0555751 34.7093 0.244528 510.018 75.372 28.8179 4.00814 
501.772 0 405.845 436.889 423.173 555.062 153.971 292.801 530.091 196.381 267.517 37.4166 36.0961 8.71295e-05 82.5832 69.7095 586.838 515.207 58.1491 16.9474 97.6735 1.04041 56.9309 4.90881 483.452 11.5361 30.2533 56.4046 
198.504 9.33393 0 1.92918 104.41 0.00333653 22.9633 128.757 376.197 102.884 34.2362 2.86692 29.3769 0.953856 0.67192 6.57577 1.71074 155.534 0.181869 26.8121 16.7986 5.01383 12.0338 5.21202 21.1801 0.463805 3.63213 1.46971 
780.995 437.318 82.3326 0 91.8577 498.197 27.2135 920.425 739.657 4.63458 103.479 136.366 44.3461 14.4644 31.9363 42.4384 489.728 105.907 42.7019 25.6441 554.592 13.8826 2.5339 4.34859 449.206 9.67991 1.87918 19.2292 
75.9421 530.656 186.604 4.69287 0 219.878 0.164016 21.627 355.198 226.54 213.175 35.1485 80.6435 2.35417 79.3736 68.888 17.5321 137.081 232.173 86.258 52.7434 0.00237435 55.2051 54.996 55.4432 9.05348 45.0356 0.000275341 
564.51 672.652 51.024 486.812 342.31 0 291.609 165.238 580.148 331.621 4.90188 61.1314 277.2 1.81408 14.6862 6.48502 439.689 96.1853 9.4347 0.00184373 30.378 0.101633 11.9207 10.9755 455.458 0.358703 3.92552 16.5383 
164.148 348.448 241.384 180.583 74.7662 132.571 0 391.085 218.905 473.093 444.413 264.757 186.514 75.7397 2.50751 96.9907 102.581 140.914 116.84 79.5141 73.9005 0.805692 41.1492 13.1668 1.92282 22.5109 6.30667 71.2084 
170.748 2.92649 179.812 87.1977 160.675 7.08997 13.6159 0 283.045 83.6235 9.3943 0.903628 15.7187 0.77031 182.488 178.896 1.3877 114.941 68.5673 116.152 44.1969 63.0113 32.008 16.049 14.6986 216.31 34.9052 108.498 
683.905 714.271 113.132 588.14 30.6961 577.043 1198.54 294.34 0 358.281 663.3 224.171 196.568 73.768 232.869 1.86275 539.787 212.07 52.6821 19.1952 86.8053 8.95809 100.323 9.68681 442.72 125.33 6.75496 18.1159 
125.799 106.76 5.65967 102.338 268.144 23.1518 374 147.024 4.4811 0 602.81 49.77 195.818 2.31634 87.0829 81.7014 81.883 116.849 16.9482 36.3807 18.1433 56.2779 0.487863 9.9819 11.4028 68.1392 29.7643 0.707173 
53.7567 38.7817 80.6713 78.5759 210.436 270.134 2.09993 8.17667 447.198 597.937 0 16.7993 223.678 209.389 92.4211 2.11708 89.5847 44.9776 129.053 65.5345 102.866 32.7807 31.0654 57.9979 137.393 138.63 27.3983 25.6132 
204.541 105.671 65.4745 9.25428 39.3137 140.02 165.138 510.686 401.705 59.4971 418.158 0 3.26865 33.6359 263.167 115.304 13.2542 1.56925 4.27429 0.235768 40.037 76.4594 107.574 186.711 213.475 130.874 49.4428 155.873 
85.8595 103.142 72.9558 63.0983 72.1665 194.58 162.528 141.276 18.9965 255.688 235.959 4.90704 0 27.8542 105.803 41.9812 2.48264 37.1141 62.5236 18.5894 22.0097 23.4797 36.5935 41.8054 32.246 42.1507 25.6559 1.8566 
50.4286 7.43056 15.6621 23.1134 66.5909 20.8731 4.86279 49.6568 21.2933 12.8467 193.982 12.3475 32.6474 0 47.1513 2.68906 21.7604 30.2248 23.06 2.82119 26.0347 3.37424 0.345329 10.3416 0.643003 4.80316 7.51132 1.50645 
51.942 92.0267 32.311 13.008 75.5012 10.3492 83.9101 10.6159 151.276 55.6224 165.215 55.0351 105.147 1.29684 0 87.2388 5.04219 15.6083 0.00390421 10.3728 57.8065 15.0204 23.5081 10.7693 2.17079 20.2485 3.36243 23.3813 
26.0591 8.6056 19.9048 14.4137 3.08745 25.3679 103.658 201.874 144.802 79.2719 155.899 30.5077 83.6231 0.000850658 2.6711 0 15.592 1.02404 28.6874 0.710291 27.2396 11.9566 5.99357 11.7986 34.5753 30.7338 0.156996 8.75712 
537.683 539.022 40.5271 435.769 130.894 466.382 2.93391 99.7889 440.806 63.2555 30.568 16.8963 61.8035 8.61792 30.027 20.525 0 234.591 277.705 7.45381 18.2484 15.9466 2.81306 0.000879837 443.006 2.33289 11.8219 13.8673 
128.317 449.576 50.1488 126.985 36.9211 27.3872 234.116 1.11815 3.53969 2.36847 159.396 17.083 66.7605 43.5256 58.2221 56.3011 90.5209 0 29.8641 57.9631 17.1667 42.2351 42.1527 28.8697 44.511 21.5441 35.4817 38.5245 
62.9514 100.114 48.3947 49.7478 299.854 85.99 91.4292 7.3652 122.533 42.4416 125.744 87.7977 27.94 6.35661 35.3218 6.96927 216.359 52.239 0 2.77665 49.5483 14.2132 2.68217 4.18001 30.735 30.5657 2.6667 18.1009 
162.488 71.793 19.7057 46.7952 87.2209 0.986924 33.2959 19.7341 94.8059 28.3298 81.4974 57.8762 20.156 0.141456 11.5206 8.96509 14.8484 80.541 8.98669 0 232.516 4.32632 4.0857 5.48093 11.6131 0.181005 10.9651 11.125 
229.07 88.746 67.6555 157.866 53.4606 65.3093 120.932 18.1221 171.745 2.79157 87.5229 125.906 2.69829 1.52561 23.6694 35.3349 68.1237 121.989 67.0638 330.107 0 30.4844 28.3836 10.6639 9.19205 46.2557 18.2581 15.3569 
2.43721 34.5537 0.0154538 5.25176 53.2382 11.356 62.1625 66.4978 69.6109 9.259 78.8091 64.5724 32.7346 10.5907 0.00288524 0.0368291 2.66926 11.2895 11.642 0.064748 15.2185 0 8.92477 13.9431 24.3114 9.69883 11.1998 7.66054 
12.9458 57.0433 11.6066 1.7659 38.5017 16.4384 61.4001 14.0839 95.8875 15.9222 97.6178 126.666 0.666742 0.0271189 21.9972 6.77897 0.0476694 44.8424 0.474315 1.45756 18.2184 4.17398 0 17.6914 10.9538 2.32023 4.72612 0.124009 
45.4507 15.5238 4.73885 1.18311 43.0994 2.47134 62.655 88.6568 97.8858 50.2655 120.543 187.301 2.98905 7.74709 26.4131 0.27547 19.7571 2.82297 15.6494 4.22481 47.8789 13.6811 2.63781 0 43.0993 12.8181 0.750077 9.67147 
491.777 512.776 9.27061 435.583 43.6751 463.054 24.8103 92.975 532.675 0.109093 118.187 1012.5 1.73981 16.5574 17.8861 22.8774 440.959 18.9572 29.1749 5.36901 58.1816 60.5475 6.80964 33.1399 0 54.9591 15.402 105.129 
73.2804 83.505 0.452283 40.4326 70.689 25.88 91.9615 36.2319 125.262 52.7865 0.569738 146.723 41.5517 0.0199158 17.2314 25.5601 6.76605 31.4364 10.8802 4.58476 50.7996 7.74898e-05 1.0816 0.376276 11.5521 0 29.1579 58.8903 
20.1 1.35248 18.9328 13.8301 21.7609 10.8542 20.6452 66.7257 29.4845 3.34849 13.7631 0.373397 1.37625 6.76528 0.926165 9.01679 18.7631 5.78288 11.5027 3.62419 1.90703 11.6776 6.77711 16.7526 34.2293 15.038 0 87.899 
52.0283 44.0308 4.92057 25.9285 31.8095 18.6966 2.59818 115.711 6.89567 0.150044 106.549 25.4841 44.9684 0.472263 17.788 11.7576 14.8245 25.9225 15.0755 0.130505 51.1544 1.54778 10.143 1.02886 27.849 49.096 5.39543 0 
