0 413.737 200.058 410.114 97.8351 536.786 103.596 30.9905 419.471 105.111 190.19 70.8162 0.508344 38.8971 36.2476 22.1617 431.533 96.1775 63.7344 205.283 221.861 0.104424 33.9743 0.112989 482.79 74.3843 29.6246 3.43817 
517.297 0 444.05 408.178 458.953 512.229 113.296 293.94 524.709 204.887 266.649 43.2024 39.808 0.0362884 80.5611 67.9485 558.868 391.289 51.974 13.0815 103.371 1.28333 56.814 4.26133 454.324 10.1264 29.4169 55.5752 
191.031 0.0118484 0 23.0245 114.467 0.155983 34.3183 146.955 329.987 99.8869 25.1593 1.17036 31.2972 0.743947 1.06068 7.31461 2.26855 158.433 0.0366751 26.4405 20.4148 4.82665 11.9143 5.56061 21.8365 0.707451 3.8983 1.71901 
752.103 408.116 108.033 0 84.8601 469.21 34.9853 162.379 697.76 3.25049 94.329 121.504 46.0146 13.8953 30.9534 41.9885 462.932 110.775 41.1591 23.5531 555.502 13.6957 2.82057 3.84105 423.094 8.37992 2.15114 20.0195 
87.8789 530.456 188.071 2.63659 0 245.835 3.76217 26.2658 355.267 245.834 220.873 31.3625 86.7629 2.97942 81.3154 69.8167 21.0279 146.261 214.516 84.5526 49.7029 0.00693793 54.8831 54.6573 56.4366 8.07161 45.4051 0.020003 
538.641 644.258 47.7869 456.855 167.926 0 580.087 173.889 602.343 470.171 1.39056 66.8226 144.118 2.19242 13.1644 7.20382 411.566 92.5806 11.8188 0.00761832 32.1452 0.170952 12.2528 11.3603 428.688 0.210629 4.18376 16.1312 
151.518 391.189 246.579 186.938 100.428 290.668 0 400.357 439.58 443.595 422.102 270.525 179.656 78.2556 1.16895 95.2238 103.865 131.745 121.587 81.5181 77.6106 1.10188 39.412 14.4783 2.67979 20.069 5.68944 70.6293 
155.703 6.07938 196.773 33.046 167.288 11.3657 6.00816 0 225.003 75.49 4.35894 29.4095 18.0826 0.247763 180.121 194.46 0.975284 119.691 65.9868 116.772 38.7184 63.5554 34.6401 12.9664 10.318 222.853 32.6678 111.926 
650.819 662.962 161.351 584.828 20.8524 599.017 1018.58 235.851 0 343.692 1010.76 202.085 199.245 69.2077 175.432 0.782003 511.002 214.448 57.1023 21.4731 92.3491 8.15216 101.012 11.2968 417.246 128.476 7.6073 16.317 
129.71 95.6233 7.88748 100.73 284.086 65.5906 415.437 154.993 0.694951 0 589.971 58.2853 171.382 1.41438 93.4106 83.7351 82.4551 113.455 19.8259 37.5985 19.7365 57.0368 0.818255 8.86658 10.0745 69.48 30.5409 0.997908 
59.214 46.6887 67.8944 87.5714 202.062 265.248 9.37271 14.6731 361.836 604.541 0 32.1156 230.405 205.454 128.585 5.45442 90.418 41.1476 129.156 67.1487 99.5661 34.3258 35.2147 53.6683 139.639 143.54 29.0333 23.1927 
209.382 113.195 73.6096 15.5443 43.4181 136.108 177.1 653.318 397.788 50.9148 445.353 0 2.16104 39.7978 254.965 66.8876 14.3318 2.35031 5.09197 0.529872 43.9257 76.5671 104.343 185.234 212.622 95.3664 46.0963 150.856 
87.8392 107.018 72.6063 61.8932 66.1919 202.362 170.434 142.772 23.3343 234.101 229.94 6.50168 0 36.4585 102.207 44.8659 2.92698 39.197 64.2294 19.3348 23.1413 20.7151 40.1984 43.83 31.1187 43.1306 26.1741 2.16261 
50.9404 6.43144 15.4177 23.1713 67.2874 20.5707 6.31219 53.8639 17.5632 10.7076 186.427 16.5223 24.4273 0 39.6001 3.67315 21.6806 29.2782 23.4041 2.89623 26.7766 3.07231 0.775108 10.3923 0.47041 4.41988 7.32353 1.68314 
50.4126 90.7574 32.8178 14.1698 77.6267 8.98814 77.9342 7.05216 162.291 49.0268 205.791 41.0924 108.441 0.00838837 0 81.47 5.3963 14.4406 0.00371469 10.2316 57.6143 14.7084 22.7181 9.39027 1.66099 19.0587 3.07086 23.3663 
28.2066 7.29075 19.2309 12.8349 2.42373 24.9187 103.335 215.618 147.178 76.8368 168.091 67.463 83.0261 0.109886 0.0885852 0 15.9728 1.35245 28.4201 0.609451 28.6208 11.9496 6.57671 9.54693 33.7659 31.5406 0.246359 8.059 
509.216 516.336 39.169 408.607 134.542 437.521 2.12903 99.7094 414.517 61.6091 32.2206 18.0791 62.2445 8.91882 30.0693 20.8414 0 219.634 30.469 8.0007 17.2616 15.7322 2.65008 0.000777763 415.958 2.11745 11.5849 13.5751 
138.255 411.457 57.3301 123.09 30.3646 23.9604 233.06 0.475333 1.94406 1.43866 161.521 19.3413 68.8458 42.7715 59.2289 56.9598 73.9075 0 25.9487 60.2107 19.1025 42.2788 42.4763 29.6088 43.6089 22.6455 35.014 37.8604 
66.2064 106.605 49.8783 48.3965 295.933 84.2467 85.9414 6.14597 126.216 46.3214 126.696 86.4788 29.7792 6.76208 34.8851 6.52663 225.932 57.0846 0 2.3911 48.3557 13.8623 2.46862 4.44359 30.7933 30.5014 2.84393 18.4331 
177.058 78.0791 18.7943 47.4085 85.5968 1.25582 35.9977 17.1743 92.9272 29.6111 82.3505 55.5241 20.9061 0.168461 11.4539 8.85668 14.2025 81.7925 9.64255 0 265.663 4.25616 4.07475 5.55159 11.4258 0.243534 10.9826 11.1869 
234.009 94.4855 72.7474 157.781 56.5364 66.5773 118.139 22.1756 168.568 3.50085 84.0303 121.945 2.26086 1.26472 24.7669 33.9516 67.9493 121.298 66.3638 319.512 0 30.2915 27.8335 9.98216 10.0439 47.4134 18.8587 16.13 
2.17915 35.3223 0.0317876 5.02815 52.7289 10.9275 62.409 66.7356 69.4226 10.3369 78.7983 63.4779 29.6761 10.4705 0.00248524 0.012868 2.83452 10.8067 11.2909 0.0506431 14.8523 0 9.5824 14.0283 24.1078 9.80148 11.0748 7.53527 
12.2131 57.0179 11.4524 2.01229 39.4806 16.4466 60.1155 12.2047 94.4618 17.3618 101.8 126.996 1.43222 0.0186682 20.9871 6.19632 0.0737145 44.739 0.38287 1.51425 18.8176 3.58762 0 15.8306 11.9047 2.10402 4.45363 0.169705 
44.4471 14.4641 4.40525 1.48994 43.9613 2.75034 63.7353 93.4459 98.6081 49.0874 118.238 186.894 3.88225 8.20457 27.0349 0.0086305 19.6292 2.47922 15.3213 4.12569 47.9338 13.8228 1.28513 0 44.3757 13.2709 0.958154 9.3597 
462.84 485.806 9.99879 408.365 42.4098 435.892 26.9965 101.913 501.887 0.0121951 122.075 143.03 1.36674 16.5924 16.8252 36.5083 413.876 19.9188 28.9554 5.61493 58.6139 76.4078 7.51975 29.048 0 84.8978 66.3087 37.2048 
72.0993 83.4073 0.261891 39.4374 70.7319 26.2399 93.459 46.5767 128.415 50.6892 0.0502431 185.607 42.5475 0.063503 15.9988 27.0193 7.10899 32.5846 10.4084 4.81733 51.83 0.00195268 0.925665 0.555922 12.3864 0 27.8521 61.0582 
20.8983 1.10365 19.0287 13.3073 21.0854 10.5323 19.6714 68.9438 30.9292 3.77153 12.5109 0.849541 1.58427 6.57085 0.766459 9.4539 18.586 5.40721 11.2235 3.76138 2.16179 11.7811 6.48958 16.4019 32.4384 16.5246 0 90.8854 
52.856 45.1548 4.5252 26.5793 32.7439 19.0399 3.20767 118.714 5.73697 0.29839 105.431 20.4667 44.9765 0.376247 18.2972 11.0341 14.536 25.1606 15.4283 0.0952435 51.1377 1.6479 10.1465 0.866361 29.2705 44.9689 9.70573 0 
