0 55.0983 185.419 53.8186 121.815 174.259 80.6719 16.0992 54.0917 96.0157 192.968 85.6024 0.0738899 40.6855 39.4266 18.4506 69.0045 114.912 69.831 235.214 232.491 0.237658 32.5564 0.00142364 124.408 72.2632 31.1313 2.47788 
259.022 0 473.285 58.5396 508.641 125.577 50.4905 292.947 210.998 218.869 262.677 54.915 47.0923 0.320598 76.4714 64.4407 198.394 464.208 40.9263 7.06164 113.923 1.80765 56.4832 3.15886 92.5598 7.69242 27.8374 53.9264 
172.951 29.1522 0 112.526 132.667 1.54438 60.5155 180.554 232.247 93.4692 11.5668 0.00546731 34.9487 0.417119 2.02095 8.76359 3.52015 162.043 0.0630316 25.5668 27.9613 4.47819 11.6597 6.22969 23.0092 1.29991 4.41802 2.2361 
372.962 57.5701 99.2178 0 71.6707 107.188 51.5819 1000.11 305.137 1.29685 77.3311 93.9796 49.0951 12.8096 28.9894 40.7984 105.429 119.319 38.1861 19.6406 326.363 13.332 3.39411 2.95859 67.1063 6.13695 2.70814 21.4833 
111.434 507.147 187.85 0.354384 0 331.63 22.9751 36.024 349.883 278.379 233.809 24.712 98.2907 4.34496 84.6726 71.3684 28.3093 163.005 178.428 80.9929 44.0839 0.110012 54.1752 53.925 58.2124 6.35893 46.0568 0.141571 
181.921 278.519 41.2447 93.2691 206.805 0 1122.7 188.354 340.836 524.702 0.605415 77.6933 621.782 2.98894 10.4319 8.61912 51.9109 85.4229 16.9019 0.110335 35.5068 0.349427 12.8547 12.0715 71.3575 0.0378967 4.68603 15.346 
127.4 459.678 249.534 196.234 155.141 652.359 0 409.631 912.884 369.539 370.115 278.791 165.43 82.649 0.0171992 91.4041 105.96 114.286 129.932 84.9602 84.5465 1.78187 36.1251 17.0697 4.43096 15.7675 4.60579 69.3733 
127.455 14.9955 225.73 30.818 179.028 21.9164 0.00953717 0 126.528 60.7872 0.05563 181.824 22.9106 0.0477644 173.731 220.445 0.394561 128.384 61.0919 117.373 29.1943 64.4859 39.7228 7.98408 4.09777 231.259 28.5659 117.859 
279.566 257.696 260.336 270.634 7.29014 337.534 556.612 135.601 0 309.486 344.791 160.71 203.009 60.6958 140.879 0.00054945 149.683 217.674 65.6065 26.0112 102.78 6.72566 101.898 14.6135 62.943 133.615 9.33288 13.141 
136.48 75.3332 12.9832 97.1011 308.675 193.324 475.619 169.288 2.51931 0 534.052 75.4956 125.482 0.312605 104.535 86.9841 83.3125 106.727 25.7202 39.8362 22.8685 58.2979 1.66582 6.91928 7.76529 71.7081 31.9813 1.67737 
69.8646 63.069 45.8543 104.76 185.141 250.629 36.5392 31.6905 255.483 582.943 0 72.8759 240.958 194.601 203.575 15.7496 91.8296 34.2668 128.918 70.0581 93.2081 37.2536 43.4507 45.6693 142.979 151.65 32.171 18.8842 
217.12 127.312 89.3155 31.3653 51.5048 127.941 198.852 884.215 384.067 36.176 486.132 0 0.691087 52.2952 233.913 9.22098 16.4507 4.23765 6.81286 1.39909 51.5481 76.6156 97.7566 180.078 287.681 40.5597 39.9302 140.225 
91.3811 114.013 71.6745 59.4742 55.2631 194.876 184.097 145.115 32.5222 189.798 216.585 10.0777 0 54.6203 94.5208 50.2501 3.85704 43.178 67.3175 20.7446 25.3143 15.8584 47.0598 47.5527 28.9843 44.898 27.1355 2.79829 
51.7985 4.73003 14.8954 23.2008 68.4077 19.9091 9.50789 61.883 11.4331 7.14721 169.468 25.7942 11.771 0 24.1924 5.8168 21.5081 27.4889 24.0199 3.03605 28.1594 2.52862 1.97952 10.3351 0.217147 3.72105 6.96473 2.03746 
47.449 87.9915 33.542 16.4109 81.3615 6.62488 66.5902 2.27243 181.414 37.1577 280.689 19.6949 113.546 3.49349 0 63.1945 6.08778 12.3355 0.0859639 9.95038 57.1395 14.0823 20.8957 6.93809 0.878869 16.7629 2.55195 23.2527 
32.3476 5.08835 17.8839 10.0172 1.38669 23.9621 102.135 237.188 150.463 71.7976 188.908 166.015 81.3846 0.801399 4.89869 0 16.6823 2.09073 27.8738 0.439408 31.2339 11.9029 7.66228 5.70491 31.9346 32.5461 0.4679 6.78348 
148.395 166.315 36.5255 50.7524 140.66 76.29 0.958947 99.3611 58.3885 58.407 35.387 20.3842 62.9785 9.48949 30.1095 21.418 0 188.316 1.7612 9.06548 15.4545 15.3215 2.35451 0.0185498 58.1553 1.73812 11.1385 13.0228 
156.518 359.622 71.3735 114.984 19.5558 18.0022 229.105 2.16341e-05 0.224436 0.311307 164.966 23.9106 72.6967 41.298 61.0096 58.0923 45.936 0 19.192 64.3026 22.9703 42.3224 43.0362 30.9851 41.8675 24.7484 34.1121 36.5813 
72.2597 118.466 52.4816 45.7293 281.555 80.2649 75.5373 4.13662 132.671 53.7912 128.073 83.8512 33.3111 7.54761 33.9967 5.72287 233.43 66.408 0 1.73897 46.0727 13.1996 2.08806 4.95633 30.8651 30.3374 3.19086 19.0487 
200.016 89.7212 17.013 48.0837 82.1807 1.8438 41.1834 12.7669 89.0773 32.0131 83.7486 51.0534 22.3195 0.225405 11.3088 8.63418 12.9989 83.8367 10.9158 0 312.503 4.12255 4.04965 5.67762 11.0573 0.38566 11.005 11.2889 
240.668 105.214 82.1448 125.478 62.3786 68.797 112.556 30.756 161.881 5.04367 77.4045 114.206 1.53974 0.838459 26.8486 31.3371 67.5223 119.683 64.9473 278.219 0 29.9095 26.7793 8.74496 11.7277 49.5146 19.9958 17.612 
1.73064 36.7426 0.0782789 4.61507 51.6904 10.1182 62.7475 67.0801 68.9526 12.4906 78.6101 61.3176 24.1434 10.1946 0.0598549 0.00118339 3.15685 9.91697 10.6332 0.0287613 14.1652 0 10.7748 14.1122 23.6392 9.98215 10.8291 7.29523 
10.8726 56.8584 11.135 2.51399 41.279 16.4153 57.5487 8.99047 91.4259 20.168 109.165 126.814 3.63569 0.487266 18.8115 5.10448 0.137986 44.4903 0.23694 1.62213 19.9482 2.57271 0 11.6741 13.7014 1.71921 3.95244 0.274691 
42.4863 12.5419 3.79821 2.15633 45.5262 3.30791 65.605 102.096 99.6034 46.7402 113.24 183.702 5.85659 8.97353 27.8333 0.517852 19.3728 1.88984 14.6965 3.93641 47.9593 14.0153 0.0311499 0 45.856 14.0643 1.41431 8.76148 
101.365 127.925 11.401 50.4551 39.9945 77.7784 31.2506 118.559 136.741 0.0921172 128.732 939.02 0.784256 16.5828 14.8179 54.7252 56.013 21.7597 28.509 6.08223 59.3133 58.9053 9.0037 19.2065 0 62.6446 144.997 56.0611 
69.632 82.9384 0.0432529 37.3248 70.6388 26.8214 95.849 68.5 133.565 46.6306 0.600682 259.066 44.3477 0.211585 13.6755 29.3972 7.76907 34.7385 9.53472 5.25996 53.6706 0.0206985 0.662395 0.984328 14.1342 0 25.2496 63.3793 
22.4133 0.702657 19.1786 12.3257 19.8217 9.92546 17.8724 73.0028 33.6805 4.62948 10.2913 2.26266 2.01363 6.20203 0.505496 10.2758 18.2436 4.72992 10.6994 4.02285 2.68216 11.9639 5.94999 15.6917 29.2846 19.3578 0 92.9333 
54.3206 47.2204 3.81532 27.7385 34.4895 19.6543 4.51934 123.774 3.83063 0.71337 102.947 12.3636 44.9255 0.224366 19.2065 9.67852 13.9895 23.7283 16.0885 0.0438197 51.0319 1.84319 10.1335 0.596372 31.8575 36.4983 20.6185 0 
