0 38.9579 174.899 30.1286 135.539 136.16 68.4918 9.74852 16.3687 90.777 193.965 94.1724 0.000546971 41.6576 41.2039 16.4685 31.6284 125.519 73.2083 235.641 237.01 0.336197 31.7411 0.0169457 89.0994 70.9262 31.9705 2.00398 
286.601 0 462.936 34.511 524.718 75.5211 25.214 290.599 202.117 225.436 259.128 61.9172 51.3341 0.603901 74.0232 62.3677 161.519 839.588 35.1141 4.44834 119.712 2.1404 56.2339 2.6075 55.4666 6.45589 26.9478 52.9511 
160.828 69.9812 0 175.205 142.251 2.93857 77.4342 198.444 176.464 89.4618 6.12028 0.524637 37.0128 0.273629 2.68671 9.60517 4.33586 162.981 0.249744 24.9802 32.577 4.28473 11.5 6.61185 23.6289 1.70752 4.72042 2.55332 
316.744 33.0657 41.5494 0 64.3468 69.6725 61.8434 382.664 247.55 0.582065 68.0472 79.1476 50.7861 12.1936 27.8275 39.9399 70.6503 123.715 36.4825 17.4855 435.157 13.121 3.73498 2.50669 33.3033 5.00518 3.04644 22.2893 
125.071 481.696 186.016 0.000214808 0 387.849 40.4676 42.055 343.755 293.941 240.107 21.2652 104.72 5.21812 86.3789 72.1249 32.7703 172.001 157.198 78.8038 40.9967 0.22209 53.7195 53.4598 59.1542 5.47667 46.3979 0.25827 
147.02 236.245 37.3955 55.0377 541.218 0 1554.17 195.292 357.226 313.272 3.51936 83.8364 679.495 3.48228 8.98862 9.44534 16.1266 81.2191 20.0651 0.220511 37.4096 0.477022 13.1784 12.4626 36.7455 0.00209358 4.97726 14.8947 
113.875 488.992 247.216 199.819 188.307 809.089 0 409.999 1133.57 320.33 336.355 281.887 156.787 84.9043 0.163242 88.9898 106.949 104.469 134.242 86.6939 88.4004 2.23358 34.275 18.5914 5.59805 13.5341 4.04254 68.574 
111.903 21.6453 239.769 68.8026 185.168 29.1751 1.50998 0 80.7927 52.9571 0.652654 311.245 25.8303 0.385989 169.083 232.659 0.181127 133.104 58.3275 117.384 24.3342 64.9545 42.6388 5.68098 1.81943 233.622 26.3315 120.872 
236.058 195.893 315.296 258.686 2.679 354.18 303.042 88.3925 0 287.012 974.406 138.089 204.375 55.9821 175.164 0.285391 112.725 218.755 70.4633 28.6926 108.605 5.97738 102.158 16.6337 30.3586 136.028 10.3705 11.4833 
139.92 64.5001 16.3294 94.7327 318.957 274.154 496.755 176.834 8.6475 0 486.924 85.7243 100.817 0.0413385 110.218 88.4593 83.667 102.772 29.282 41.0585 24.7008 58.9078 2.26948 5.91679 6.58293 72.7832 32.7775 2.13414 
76.0285 73.0245 34.9257 114.424 175.07 239.546 58.9178 43.8195 185.908 552.262 0 101.769 245.6 186.671 246.479 23.6896 92.5314 30.6045 128.538 71.6147 89.5638 38.907 48.2815 41.296 144.333 155.5 33.965 16.6157 
220.64 135.157 98.2382 42.3242 56.2353 122.934 210.476 973.001 372.885 28.8093 502.214 0 0.221827 59.7332 219.262 0.00237777 17.6918 5.53428 7.88237 2.06681 55.9855 76.5543 93.7955 175.869 338.053 18.9511 36.5597 133.647 
93.2596 117.75 70.9958 58.033 49.3538 180.231 190.978 146.156 38.2293 163.834 208.019 12.4075 0 65.5967 89.7405 53.2252 4.43278 45.4444 68.9771 21.5396 26.5588 13.3524 50.9146 49.5821 27.7802 45.8445 27.6674 3.18932 
52.2193 3.87998 14.5677 23.1717 68.9258 19.4865 11.5593 66.4113 8.53554 5.43268 158.598 31.7406 6.5241 0 16.0266 7.14562 21.3984 26.4804 24.3472 3.11373 28.9276 2.23914 2.83475 10.2159 0.116735 3.34384 6.7603 2.24852 
45.74 86.2295 33.8133 17.6934 83.2966 5.42521 60.2423 0.733128 191.005 30.9265 318.729 10.8588 115.743 8.57344 0 50.2543 6.49041 11.2086 0.179504 9.78386 56.8081 13.7096 19.7029 5.66905 0.54477 15.4553 2.27812 23.1403 
34.7192 4.01279 17.0876 8.53968 0.927713 23.3641 101.125 246.436 151.609 68.7319 199.084 231.189 80.1726 1.45517 12.7286 0 17.0766 2.57375 27.5426 0.355412 32.7057 11.8577 8.25564 3.87784 30.7422 32.8037 0.62261 6.09373 
111.66 135.559 34.9972 15.9701 143.642 39.5165 0.501751 99.0519 24.622 56.5538 37.1955 21.7231 63.3353 9.81247 30.1094 21.731 0 169.442 331.056 9.68298 14.4693 15.0864 2.19487 0.0388437 23.3098 1.5401 10.8874 12.7114 
166.395 351.087 79.4401 110.033 14.431 14.9636 225.78 0.155847 0.00203326 0.0385378 166.578 26.653 74.8134 40.4401 61.9425 58.6658 32.5962 0 15.7763 66.5115 25.2663 42.3246 43.3225 31.7494 40.8654 25.9452 33.5929 35.8466 
75.6009 124.857 53.8269 44.1662 269.732 77.6526 69.6984 3.17476 136.002 58.0535 128.604 82.2941 35.33 8.00123 33.4604 5.28865 232.421 71.7231 0 1.41553 44.7693 12.8261 1.88666 5.25382 30.8837 30.2208 3.39344 19.3889 
209.765 96.0612 15.9834 48.1828 80.0659 2.2197 44.1384 10.5411 86.744 33.353 84.4126 48.5261 23.1135 0.260885 11.2161 8.49883 12.3307 84.8011 11.652 0 327.227 4.04658 4.03298 5.74433 10.8414 0.4794 11.0116 11.338 
242.837 111.159 87.2575 95.7011 65.6802 69.9441 109.244 36.0875 157.739 6.02793 73.6645 109.714 1.1937 0.636387 28.0252 29.8657 67.2258 118.598 64.0957 245.136 0 29.6841 26.1767 8.07714 12.7181 50.6479 20.6381 18.4594 
1.50003 37.5249 0.113415 4.38757 51.0618 9.66311 62.8653 67.2142 68.6226 13.7683 78.4082 60.0485 21.1914 10.012 0.125336 0.0138187 3.34444 9.42821 10.2656 0.0191441 13.7804 0 11.4094 14.1152 23.3286 10.0764 10.6852 7.15794 
10.1425 56.7048 10.9415 2.81697 42.2622 16.3709 56.0261 7.37811 89.526 21.7929 112.975 126.25 5.29742 1.00969 17.4601 4.50364 0.18286 44.3194 0.170031 1.68339 20.5845 2.06144 0 9.18939 14.7025 1.51651 3.67823 0.344474 
41.3458 11.5058 3.47027 2.58016 46.3711 3.63895 66.5583 106.702 99.9513 45.3521 110.076 180.548 7.12782 9.3441 28.0597 1.37041 19.2198 1.59208 14.3414 3.82862 47.9289 14.0801 0.135543 0 46.1314 14.473 1.70657 8.41976 
64.3959 92.905 12.2034 15.6706 38.6204 42.7028 33.7102 127.665 97.6181 0.287391 132.062 72.1688 0.52637 16.5341 13.693 54.8553 21.1359 22.8106 28.2393 6.34693 59.64 31.2474 9.90846 13.698 0 22.6728 49.2703 121.5 
68.1116 82.5123 0.00134806 36.0111 70.4868 27.0915 96.938 81.9178 135.985 44.2994 1.78339 297.432 45.3141 0.332165 12.3832 30.4914 8.14813 35.9424 9.05246 5.51096 54.6458 0.0399555 0.532395 1.27508 15.2075 0 23.7205 63.6199 
23.2709 0.516257 19.2452 11.7764 19.1163 9.58426 16.8827 75.2093 35.2423 5.14643 9.12527 3.34926 2.27647 5.99344 0.381932 10.7357 18.0461 4.36659 10.4057 4.17158 2.99787 12.0596 5.64853 15.2658 27.6518 20.952 0 91.9702 
55.0883 48.3504 3.43721 28.3498 35.4616 19.9805 5.3489 126.256 2.9208 1.02394 101.339 8.63787 44.8588 0.155802 19.687 8.92551 13.6803 22.9248 16.457 0.0235311 50.9299 1.95682 10.115 0.465722 33.2372 31.5314 28.0159 0 
