0 516.77 148.424 473.383 164.311 526.138 45.1356 1.48428 411.813 79.5567 194.709 112.591 0.250877 43.6207 44.9068 12.5714 424.766 147.617 80.1523 221.005 242.873 0.599495 29.9835 0.234586 485.942 67.7861 33.7173 1.16444 
815.653 0 382.913 468.364 527.647 445.462 0.247689 281.523 655.431 235.894 248.67 77.4857 60.5477 1.48978 68.5537 57.7906 554.179 703.556 23.9975 0.879504 131.446 2.93041 55.5608 1.61117 448.843 4.17769 25.0721 50.7875 
131.926 195.706 0 276.447 160.274 7.22674 116.229 231.98 73.4859 80.2267 0.241075 4.36915 41.3589 0.0689163 4.36759 11.4224 6.30755 162.331 1.04611 23.535 43.0189 3.88346 11.1259 7.42738 24.832 2.73436 5.38027 3.28176 
652.601 466.073 224.406 0 49.4316 461.586 84.9969 745.095 593.075 0.00110568 49.5534 50.5338 54.2342 10.8895 25.2662 37.7131 468.687 131.874 32.8408 13.1405 803.023 12.6615 4.49412 1.66541 433.665 2.95861 3.81677 23.938 
154.011 403.815 178.242 1.46373 0 449.924 90.8897 55.9033 323.929 318.803 250.853 14.7455 117.984 7.29823 89.5173 73.4363 42.9248 189.651 112.462 73.7876 34.6941 0.585747 52.6257 52.3553 60.9993 3.81562 47.0559 0.618088 
543.465 612.434 29.1504 445.856 721.461 0 696.063 206.704 842.137 124.181 17.3112 96.6732 622.029 4.62023 6.21434 11.2427 412.541 72.0411 27.3351 0.575132 41.4306 0.809359 13.8226 13.2627 435.298 0.0721433 5.61088 13.9236 
86.1701 523.699 233.223 203.267 259.677 857.167 0 399.307 1300.46 209.871 258.781 284.619 137.388 89.0987 2.34053 83.3266 108.575 84.1224 142.31 89.8395 96.3622 3.3468 30.3912 21.9364 8.4723 9.30699 2.9668 66.6761 
80.7506 39.2314 262.652 97.186 196.867 47.2016 16.0397 0 15.7978 37.7372 9.00032 627.28 32.4312 2.15576 157.013 251.484 5.94863e-06 142.583 52.4989 116.631 15.3767 65.8109 48.8763 2.07155 0.0073428 232.839 21.8168 126.39 
613.669 538.921 413.209 698.383 0.38553 840.143 5.01042 19.4585 0 234.234 939.177 93.5089 205.445 46.3185 172.951 2.58751 506.106 219.277 80.7852 34.6101 120.679 4.53096 102.137 21.2301 433.907 139.92 12.7103 8.3105 
146.224 43.5641 24.3896 89.0275 331.293 415.259 506.678 191.339 32.9918 0 362.257 108.182 54.692 0.300575 120.509 90.6928 84.1089 94.095 37.2926 43.5375 28.7184 59.9518 3.8336 4.03539 4.38142 74.6096 34.4196 3.26993 
89.3078 95.409 16.1829 134.351 152.884 210.448 120.011 74.7075 23.0495 451.524 0 173.399 252.137 166.245 328.603 44.8691 93.7893 23.4244 127.156 74.693 81.7577 42.3964 58.798 32.4835 145.908 161.794 37.8031 12.2316 
225.992 151.279 116.855 69.4602 66.5666 111.549 233.053 1023.79 341.913 15.7465 518.095 0 0.0844672 76.0428 183.283 38.384 20.4195 8.8111 10.3709 3.88946 65.6316 76.2158 84.9386 164.136 335.612 0.000916832 29.7402 118.63 
96.9338 125.1 69.2098 54.8193 37.6081 146.152 203.308 147.683 51.3852 109.957 187.824 18.0378 0 89.3458 78.8029 59.2955 5.76845 50.2711 72.2772 23.2168 29.2313 8.67202 58.8941 53.6713 25.2423 47.7194 28.7669 4.09137 
52.9571 2.34976 13.8026 23.0027 69.7475 18.4842 16.4389 75.8884 3.82102 2.54906 133.358 45.7377 0.442775 0 3.36003 10.0909 21.1375 24.3546 24.9911 3.27495 30.5218 1.67291 4.86796 9.76642 0.00612971 2.59355 6.32414 2.71948 
42.0566 82.0572 34.0561 20.4226 86.9536 3.24122 47.1926 0.273753 207.84 19.2041 380.426 0.698254 118.68 24.4776 0 22.8016 7.37024 8.97628 0.487834 9.41386 55.9598 12.8796 16.8794 3.32973 0.098787 12.7063 1.74535 22.7899 
39.7806 2.14642 15.336 5.72945 0.258838 21.9731 98.2294 258.179 152.325 61.816 216.107 366.888 76.9657 3.3858 37.5468 0 17.8954 3.74922 26.7891 0.206504 35.8002 11.7175 9.43651 1.08477 27.894 32.6013 1.01837 4.72011 
505.382 541.534 31.6997 414.46 148.763 433.616 0.0182481 98.1335 425.352 52.54 41.063 24.6405 63.9535 10.4975 30.056 22.363 0 128.475 45.5535 11.0252 12.4694 14.5816 1.87408 0.105964 421.452 1.15938 10.358 12.0531 
185.882 340.542 96.4429 98.8243 6.06102 9.37217 216.282 1.48232 1.29843 0.321908 169.179 32.8146 79.1432 38.5671 63.7399 59.7213 11.3833 0 9.56526 70.9156 30.3707 42.2769 43.8574 33.3344 38.7036 28.4948 32.4712 34.2631 
82.4404 137.461 56.3569 40.7427 237.235 71.362 57.5752 1.55374 142.255 67.0836 129.145 78.8343 39.6432 8.98347 32.2468 4.4176 222.534 82.9687 0 0.838656 41.9821 12.0377 1.49234 5.90181 30.8711 29.9174 3.83801 20.0914 
221.498 108.654 13.7761 47.7248 75.1899 3.11381 50.4047 6.48935 81.4637 36.1387 85.5174 43.1972 24.7817 0.34373 10.9949 8.1904 10.9467 86.3814 13.2458 0 326.422 3.88456 3.99182 5.87488 10.3668 0.708991 11.0116 11.4215 
243.582 123.35 97.4409 49.596 72.6437 72.1113 101.901 48.3962 148.183 8.37132 65.7885 99.9804 0.606064 0.300281 30.5127 26.775 66.4691 115.899 62.1747 162.579 0 29.1839 24.885 6.73818 14.9028 52.9129 21.9977 20.275 
1.06563 39.1318 0.208651 3.91986 49.6343 8.70719 62.9415 67.3554 67.7733 16.6041 77.7569 57.2529 15.4259 9.5657 0.34112 0.0857386 3.75471 8.42594 9.49691 0.00523749 12.9732 0 12.6338 14.0172 22.5692 10.2573 10.3685 6.86341 
8.66347 56.2307 10.5002 3.50237 44.2632 16.2147 52.6466 4.46661 85.0956 25.306 120.115 123.986 9.73957 2.60492 14.4077 3.29785 0.298017 43.8865 0.0649902 1.81379 21.9252 1.14666 0 4.34235 16.7526 1.12427 3.12049 0.516534 
38.8613 9.43494 2.8141 3.58355 48.0649 4.37525 68.3259 115.669 100.179 42.2827 102.652 170.862 10.1648 9.95615 27.9979 4.37443 18.8769 1.045 13.5851 3.59865 47.7595 14.1126 2.22447 0 45.3673 15.2367 2.40295 7.69029 
457.943 490.37 13.915 414.219 35.6954 440.228 39.0189 145.816 486.476 1.05176 138.016 232.411 0.149441 16.33 11.3593 31.2788 419.218 25.0582 27.6274 6.90802 60.169 4.06329 11.9373 6.21116 0 17.7201 145.999 42.3867 
64.614 81.2356 0.105458 32.9831 69.9323 27.5229 98.6096 111.731 139.893 39.3111 6.29443 362.604 47.2345 0.672105 9.7382 32.1458 8.96485 38.4561 8.05928 6.04335 56.5514 0.10109 0.302704 1.99909 17.6463 0 20.3965 61.5872 
25.089 0.216355 19.3433 10.6288 17.6433 8.86635 14.852 79.6566 38.5604 6.31539 6.87069 6.31177 2.88054 5.5519 0.177124 11.695 17.6181 3.64256 9.78942 4.48884 3.71727 12.2444 5.02018 14.3109 24.5687 24.2587 0 85.1265 
56.5696 50.6509 2.69331 29.5357 37.4845 20.6203 7.3081 130.572 1.39645 1.85861 97.4764 2.89911 44.6288 0.0517132 20.6205 7.3766 13.0248 21.2387 17.2268 0.00123893 50.6147 2.20514 10.0492 0.241668 35.8983 21.2164 45.3031 0 
