0 586.327 139.936 529.112 172.441 561.637 39.0899 0.440178 450.06 76.2941 194.579 117.952 0.425722 44.1647 45.9617 11.523 461.574 153.852 82.1033 219.144 243.61 0.689619 29.4669 0.344227 523.649 66.8016 34.2156 0.96286 
888.368 0 348.107 519.602 520.553 476.711 0.678003 277.891 709.193 238.008 244.929 82.1536 63.2641 1.81807 66.9041 56.422 590.465 1140.18 21.1078 0.355864 134.693 3.18086 55.3292 1.36614 485.628 3.60554 24.5307 50.1363 
123.002 237.119 0 288.334 164.814 8.78033 127.804 240.295 50.3158 77.392 0.00739567 6.16208 42.6074 0.0349094 4.91909 11.9543 6.93845 161.479 1.37697 23.0684 46.1813 3.76931 11.0086 7.66468 25.1517 3.07169 5.57631 3.50678 
669.686 517.118 295.964 0 45.3128 497.821 91.9339 522.058 615.444 0.0696706 44.5618 43.1404 55.1972 10.5129 24.5027 36.971 506.758 133.926 31.7807 11.9526 231.428 12.5251 4.72313 1.45173 472.471 2.45892 4.05338 24.3998 
162.28 376.506 175.05 2.44202 0 445.19 108.313 60.1609 316.567 323.747 253.281 13.0603 121.711 7.95781 90.3028 73.7421 46.0249 194.359 99.9747 72.2449 32.9318 0.722971 52.2765 52.0055 61.4956 3.38749 47.2303 0.750772 
580.742 642.849 26.7896 481.884 1049.49 0 1101.47 209.127 897.677 376.421 23.1231 100.319 126.747 4.97181 5.48956 11.7728 450.272 69.3315 29.5626 0.708149 42.5907 0.921202 13.9985 13.487 473.56 0.129213 5.79872 13.6387 
78.504 526.227 227.02 203.198 279.828 791.895 0 393.39 1257.14 178.55 235.644 284.433 131.557 90.1597 3.43606 81.5569 108.927 78.3985 144.362 90.6134 98.6117 3.70865 29.2776 22.9342 9.40396 8.21539 2.68479 66.0752 
72.3236 45.1459 267.343 87.8956 199.905 53.0092 23.0074 0 6.17029 33.7115 13.1668 716.083 34.4437 2.93124 153.002 254.983 0.0159929 145.188 50.8199 116.218 13.1351 66.0246 50.6921 1.35469 0.251484 231.153 20.5666 127.761 
645.398 562.04 434.205 746.36 1.62376 896.086 5.60601 8.54977 0 218.099 843.679 81.7037 205.292 43.6166 137.672 3.67738 542.821 218.98 83.7706 36.3782 124.094 4.14698 101.986 22.6376 473.785 140.732 13.4237 7.47879 
147.792 38.0944 26.945 87.2118 332.373 442.201 500.507 195.13 42.7051 0 322.622 114.816 43.4063 0.585751 122.998 91.1092 84.1587 91.515 39.7166 44.2266 29.9155 60.191 4.35725 3.55293 3.82204 75.0224 34.8842 3.64105 
93.1917 102.154 11.9909 139.91 146.301 200.83 140.489 84.8123 2.62296 415.513 0 196.052 253.176 159.543 348.42 51.961 94.0959 21.4959 126.612 75.5282 79.479 43.4034 61.8928 30.0612 146.034 163.128 38.9236 11.0718 
226.999 155.795 122.106 78.1361 69.6283 108.079 239.001 1001.32 331.284 12.6461 517.93 0 0.261148 80.8473 171.94 62.9173 21.2347 9.89246 11.1476 4.51922 68.4793 76.0652 82.2722 160.079 314.51 1.7123 27.8531 114.055 
97.9195 127.078 68.6059 53.8496 34.4234 140.006 206.273 147.953 55.4395 95.2484 181.526 19.839 0 96.1243 75.4709 60.9838 6.18465 51.6746 73.1771 23.7009 30.0149 7.48477 61.1358 54.7979 24.5108 48.2291 29.0788 4.37133 
53.1319 1.97566 13.5638 22.9267 69.9155 18.1681 17.9794 78.5865 2.82712 1.90945 125.652 50.0944 0.0129607 0 1.35846 10.9485 21.0547 23.7417 25.1651 3.32082 30.9753 1.52151 5.47264 9.58885 3.95784e-06 2.3896 6.19701 2.86176 
40.9755 80.7423 34.0421 21.2125 87.8973 2.70464 43.5554 0.850284 211.741 16.2396 392.191 0.0138376 119.086 29.7841 0 16.036 7.63205 8.3693 0.604899 9.30236 55.6772 12.6295 16.004 2.75218 0.0365563 11.9231 1.60308 22.6604 
41.2507 1.71151 14.8155 5.00383 0.142048 21.5407 97.2042 259.488 152.098 59.7228 219.775 400.873 75.8814 4.06447 45.7547 0 18.1286 4.12801 26.5577 0.170734 36.6896 11.6658 9.75447 0.585928 26.9971 32.3548 1.14998 4.34635 
542.163 581.741 30.7324 452.778 149.935 470.622 0.000962841 97.8012 464.341 51.3567 42.1922 25.5061 64.0978 10.6963 30.027 22.5384 0 116.7 267.108 11.4224 11.912 14.4334 1.78543 0.131516 459.617 1.0588 10.205 11.8625 
191.102 326.588 101.276 95.4248 4.28834 7.97668 212.938 2.11681 2.11819 0.62116 169.726 34.685 80.3576 38.0106 64.215 59.9867 7.19767 0 8.03604 72.1176 31.908 42.2498 43.9944 33.7853 38.0674 29.2367 32.1404 33.7974 
84.3544 140.844 57.0057 39.7258 226.235 69.3678 54.1504 1.19005 143.855 69.6848 129.153 77.792 40.8998 9.27337 31.8759 4.17759 218.711 86.2027 0 0.69905 41.1681 11.8099 1.38621 6.09416 30.8543 29.8153 3.97087 20.2904 
222.489 112.045 13.1349 47.425 73.6836 3.39671 52.2133 5.48825 79.8539 36.931 85.7608 41.6636 25.2614 0.369678 10.9246 8.09567 10.554 86.7209 13.7156 0 318.077 3.83729 3.97842 5.90998 10.225 0.783291 11.008 11.4405 
242.821 126.761 100.198 46.8599 74.6488 72.6715 99.6965 52.1971 145.23 9.11473 63.5231 97.1151 0.472498 0.22613 31.2316 25.8877 66.2173 115.018 61.5887 137.859 0 29.0331 24.5067 6.36958 15.5572 53.5341 22.3915 20.8062 
0.953364 39.5849 0.241505 3.78788 49.1966 8.43263 62.9197 67.3603 67.4893 17.4566 77.5119 56.4166 13.8915 9.422 0.422937 0.117936 3.87696 8.14369 9.27658 0.00283652 12.741 0 12.9538 13.9626 22.3247 10.305 10.2738 6.77706 
8.25208 56.056 10.3646 3.71167 44.8216 16.1538 51.6308 3.75333 83.7142 26.3383 121.932 123.064 11.2466 3.1592 13.4946 2.97053 0.336492 43.7431 0.0438092 1.85175 22.312 0.927509 0 3.17588 17.3223 1.02031 2.96496 0.57248 
38.125 8.86683 2.63411 3.90001 48.5311 4.59705 68.7735 118.046 100.116 41.3634 100.332 167.342 11.1274 10.0865 27.8434 5.50776 18.7726 0.907604 13.3648 3.5316 47.6838 14.0956 3.24756 0 44.8109 15.4308 2.62359 7.4779 
494.754 528.261 14.4123 452.569 34.8451 478.181 40.5771 150.713 521.905 1.36111 139.451 52.5404 0.083107 16.2456 10.7 21.7726 457.366 25.7146 27.4399 7.07062 60.2809 12.4024 12.5454 5.73095 0 41.2238 173.476 12.1193 
63.5342 80.7723 0.184173 32.0507 69.7131 27.6119 98.9313 120.518 140.709 37.8599 8.09409 376.042 47.7583 0.791444 9.00299 32.4472 9.20507 39.1748 7.77857 6.19761 57.0626 0.123939 0.247878 2.2349 18.3877 0 19.4214 60.3777 
25.6162 0.153418 19.3609 10.3005 17.2215 8.65952 14.2805 80.8853 39.5235 6.67272 6.27244 7.33358 3.0676 5.42409 0.132219 11.9687 17.4914 3.4441 9.61215 4.58139 3.93863 12.2935 4.84096 14.0218 23.7705 25.1896 0 82.0324 
56.9618 51.2936 2.49253 29.8508 38.0614 20.7926 7.92596 131.578 1.05758 2.14476 96.2453 1.79955 44.5398 0.0319865 20.8688 6.94197 12.8346 20.7538 17.4473 1.02901e-06 50.4983 2.27908 10.0236 0.190185 36.5917 18.3974 50.4534 0 
