0 356.641 109.878 245.576 198.531 199.837 21.5556 1.45074 101.202 65.3769 193.002 135.859 1.34836 45.9072 49.4351 8.28494 105.371 173.938 88.4214 234.25 242.873 1.03798 27.7078 0.865141 169.886 63.2628 35.8641 0.423956 
629.718 0 212.755 217.797 472.32 106.514 27.2688 262.591 406.539 241.959 230.184 98.2127 72.4895 3.15313 61.1806 51.705 231.281 406.179 12.608 0.306209 145.012 4.09276 54.4319 0.687941 129.039 1.98035 22.719 47.8713 
92.4177 369.005 0 255.807 177.432 14.8829 165.975 262.523 3.5673 67.4783 4.0854 14.3187 46.747 0.00463048 6.96461 13.7443 9.2436 156.485 2.81111 21.3587 57.1143 3.39284 10.5863 8.46275 26.1251 4.32781 6.2504 4.30671 
243.212 214.88 286.213 0 32.3549 139.049 115.414 645.504 211.105 1.07773 29.286 21.9791 58.3046 9.25717 21.8853 34.1907 154.268 139.709 28.2181 8.2589 532.465 12.056 5.52049 0.836176 122.631 1.10476 4.89139 25.8932 
189.123 275.947 161.515 7.50372 0 380.324 173.236 75.1462 287.127 332.304 259.08 8.09801 133.732 10.3547 92.5198 74.5215 56.8654 208.633 61.2898 66.8024 27.2405 1.28843 50.9986 50.7328 63.0341 2.12715 47.7634 1.28992 
224.515 261.245 19.1643 122.793 443.218 0 145.484 214.18 571.966 674.987 47.9373 112.191 285.175 6.21755 3.34389 13.5724 97.0691 60.1423 37.342 1.25272 46.4598 1.34728 14.552 14.2136 121.842 0.441101 6.44351 12.671 
54.4474 509.308 200.069 199.454 342.466 405.628 0 364.911 859.762 84.8753 159.533 280.606 111.564 93.1891 8.59145 75.2351 109.71 59.9809 150.246 92.7454 105.945 5.05141 25.5878 26.371 12.8451 5.00934 1.83575 63.8932 
46.5684 67.3814 276.105 108.844 208.863 74.0303 54.6977 0 6.56729 21.6083 32.6041 951.359 41.5082 6.37798 138.064 259.826 0.295028 153.431 45.2265 114.199 6.8312 66.6288 56.7906 0.0546799 3.58938 220.856 16.5704 131.581 
270.516 164.256 472.177 418.397 11.9441 571.92 294.251 4.50318 0 163.201 883.356 46.7518 203.259 34.9443 61.3573 8.68533 185.765 216.517 93.7187 42.4682 135.222 2.9737 101.009 27.5953 128.013 142.392 15.9341 4.98259 
152.167 22.0193 36.1332 80.6341 327.656 476.461 451.801 206.364 82.8462 0 190.719 137.205 14.2399 2.22513 129.552 91.7327 84.068 82.678 48.1355 46.4394 34.0383 60.7835 6.34101 2.1451 2.20936 76.0184 36.4068 5.02362 
106.269 125.371 2.39804 157.563 123.959 165.757 215.073 121.799 97.0325 283.741 0 274.984 253.794 135.101 395.762 78.2039 94.9338 15.5449 124.315 78.1404 71.7942 46.7674 72.3428 22.4238 145.371 165.929 42.7091 7.55671 
228.556 170.318 138.979 109.114 80.0874 95.9854 256.717 816.805 291.061 4.63473 501.701 0 1.56456 96.9729 132.358 177.246 24.0538 13.9496 13.9365 6.96202 78.1755 75.3869 73.0644 144.57 297.717 30.6764 21.8411 98.1779 
100.962 133.184 66.3025 50.4749 24.5416 140.045 214.084 148.289 69.73 51.281 159.217 26.4202 0 117.605 63.9354 66.3719 7.67829 56.3968 76.0073 25.3199 32.6766 4.09192 68.3363 58.3666 22.0712 49.8275 30.105 5.37277 
53.5899 0.950766 12.7102 22.5837 70.2476 17.0285 23.5321 87.416 0.752311 0.428297 99.2153 65.4734 3.01714 0 1.24159 13.7201 20.7524 21.6931 25.7078 3.47214 32.4703 1.0581 7.37955 8.85048 0.0648829 1.7533 5.76771 3.35779 
37.3101 76.0017 33.7173 23.8445 90.6686 1.24024 31.9925 5.09023 221.301 7.92469 407.945 5.24935 118.96 46.9845 0 1.45013 8.53403 6.46509 1.08889 8.91394 54.6078 11.7608 12.9565 1.18601 0.0498416 9.37023 1.16568 22.1348 
46.1748 0.60551 13.0375 2.88922 0.00450363 20.001 93.1747 256.815 149.917 52.473 227.557 480.428 71.7608 6.6394 71.5613 0 18.8987 5.52434 25.7382 0.0750946 39.6457 11.4562 10.7231 0.0302351 23.7955 30.9306 1.64663 3.17998 
185.231 235.828 27.4599 101.498 152.811 114.82 0.347392 96.4682 115.381 47.3261 46.0105 28.4797 64.4678 11.3656 29.8851 23.1021 0 78.909 414.959 12.7822 10.1125 13.9289 1.50154 0.237515 107.652 0.752885 9.6921 11.2224 
206.967 229.259 116.901 83.6356 0.557552 4.06971 199.895 5.06174 6.31124 2.3359 170.874 41.234 84.2972 36.0965 65.6574 60.7434 0.109873 0 3.83409 75.8916 37.2516 42.115 44.3954 35.2722 35.8997 31.7367 31.0089 32.2095 
90.5268 151.184 58.8941 36.2409 185.561 62.1951 43.0439 0.320394 148.502 78.3018 128.692 74.1632 45.1324 10.2641 30.5687 3.41254 206.056 96.893 0 0.321504 38.4146 11.046 1.05644 6.75559 30.755 29.4257 4.43088 20.9449 
217.704 122.395 10.9968 45.8831 68.3462 4.4214 58.2302 2.71628 74.2091 39.5368 86.3239 36.5644 26.8599 0.463212 10.668 7.7603 9.26356 87.4655 15.318 0 266.757 3.67727 3.9285 6.01891 9.73509 1.0581 10.9841 11.4876 
237.1 137.729 108.702 66.9419 81.3238 74.3251 92.0711 65.6326 134.764 11.8201 55.9916 87.3822 0.14472 0.053567 33.6375 22.9404 65.2647 111.739 59.5248 62.4054 0 28.5065 23.2229 5.1952 17.823 55.5016 23.7152 22.6077 
0.620671 41.0652 0.369178 3.35603 47.6476 7.52024 62.7026 67.2578 66.4113 20.4119 76.5047 53.5236 9.23528 8.89508 0.760318 0.263218 4.29914 7.22173 8.54401 0.000122077 11.9661 0 13.8968 13.6941 21.4283 10.4495 9.94538 6.48352 
6.9277 55.3463 9.8846 4.44861 46.6266 15.8982 48.1093 1.79782 78.7746 29.8383 127.149 119.12 16.967 5.1635 10.4181 1.96383 0.482675 43.2023 0.00310507 1.97986 23.6058 0.354491 0 0.500332 19.1296 0.704434 2.46361 0.78023 
35.6023 7.06635 2.06474 5.04297 50.0151 5.36832 70.0599 125.224 99.4818 38.1886 92.0525 153.411 14.6145 10.3592 26.8868 9.96007 18.4061 0.515465 12.6208 3.30507 47.3426 13.9514 7.65934 0 41.9074 15.9883 3.42376 6.76301 
138.181 175.119 16.079 101.44 31.983 125.395 45.8536 165.675 160.66 2.68521 143.271 84.8059 0.001814 15.8806 8.56083 0.719777 105.352 27.9358 26.7757 7.61634 60.5208 64.2064 14.6206 10.9458 0 90.7341 33.3997 104.161 
59.7038 78.9141 0.606655 28.7698 68.7857 27.7908 99.4698 149.65 142.384 32.9938 15.6775 399.179 49.4064 1.2582 6.66801 32.846 10.024 41.5546 6.85952 6.71519 58.6407 0.217583 0.103056 3.10627 20.961 0 16.1482 54.4725 
27.3881 0.0208378 19.3841 9.21265 15.8213 7.96895 12.4167 84.8024 42.7613 7.93374 4.44736 11.2852 3.73593 4.99542 0.0291376 12.871 17.057 2.81441 9.02019 4.89452 4.72507 12.4434 4.24956 13.0142 21.3902 28.1866 0 68.6769 
58.1557 53.3713 1.86815 30.8123 39.9684 21.3275 10.1623 134.122 0.261134 3.25007 91.7586 0.0145574 44.1668 0.000235029 21.6265 5.53932 12.1937 19.1373 18.1798 0.0130283 50.0251 2.53406 9.91551 0.061894 38.6216 9.95778 67.0599 0 
