0 854.021 62.2405 658.734 233.913 482.408 3.91854 17.1914 415.287 48.5805 186.94 163.125 3.8658 48.382 54.663 4.13553 400.194 201.81 97.5348 264.367 231.631 1.7352 24.8565 2.17117 466.668 56.9932 38.388 0.0150117 
973.855 0 32.0363 604.639 335.587 396.283 138.454 229.6 768.745 237.997 200.751 124.276 87.2017 5.98744 51.6768 43.9506 517.655 464.608 3.38008 5.62639 159.162 5.75971 52.637 0.0813777 422.254 0.378559 19.8758 44.0521 
46.9509 473.158 0 71.8566 187.854 26.6599 217.244 276.55 42.4268 51.1162 25.2983 33.412 53.0483 0.224215 10.7266 16.5269 13.4378 142.233 6.06844 18.2718 74.818 2.81957 9.83246 9.71847 27.327 6.67166 7.36431 5.70515 
440.146 601.797 348.669 0 15.4136 428.089 150.833 423.181 440.521 5.10243 10.8546 2.40999 62.7736 7.31879 17.6501 29.0218 453.22 145.08 22.639 3.58235 489.085 11.2792 6.86437 0.198382 426.272 0.0459954 6.3505 28.0512 
226.539 118.819 132.627 20.8119 0 309.679 283.25 100.513 228.689 319.524 260.501 2.56422 150.742 14.6936 94.6385 74.9566 74.976 225.612 16.3545 57.4976 19.0365 2.51439 48.649 48.4147 65.0496 0.710909 48.4382 2.43967 
514.363 507.892 8.86983 412.536 613.99 0 222.132 212.053 807.16 941.253 100.258 129.298 350.072 8.36199 0.966843 16.4324 396.272 45.6553 50.1604 2.41521 52.4455 2.17853 15.3028 15.2709 422.423 1.31098 7.5069 11.1127 
23.5953 409.89 143.396 182.871 413.897 52.507 0 296.812 87.8155 3.30132 58.6484 264.657 79.8234 96.1916 21.1059 64.2374 109.672 34.3366 156.141 94.5789 116.721 7.57442 19.9627 32.0369 19.2178 1.48366 0.808052 59.9398 
15.945 108.583 266.851 338.317 218.776 110.309 126.446 0 106.67 7.509 78.7409 986.316 53.5415 14.3818 110.85 245.241 1.45289 164.693 36.5859 109.048 0.953535 67.2205 66.3104 1.56233 16.5708 191.258 10.9467 135.009 
531.88 412.929 418.984 724.446 46.5911 809.453 1115.5 98.4326 0 82.4444 760.346 9.85215 195.3 22.8804 115.444 20.625 477.495 208.051 108.953 52.456 151.458 1.49321 97.9814 36.0803 439.467 141.572 20.2571 2.01311 
156.124 5.01606 52.0636 68.9467 294.864 365.033 306.943 218.872 163.685 0 34.5273 171.663 0.786523 6.90844 133.663 90.2368 83.104 68.3497 62.0584 49.5902 40.8542 61.0412 10.1564 0.617228 0.532776 76.3273 38.6914 7.63233 
126.692 162.632 2.37604 181.08 89.0005 106.501 336.738 186.604 369.331 91.5204 0 394.788 245.668 93.1572 396.082 124.148 95.6448 7.90622 119.225 81.6308 59.6353 52.008 88.6232 12.1948 140.894 164.906 48.7394 3.27056 
225.174 190.756 162.123 160.35 96.9883 75.9662 276.524 340.076 217.459 0.0136255 430.283 0 5.85895 121.379 71.4038 386.457 28.7638 21.6732 18.9059 11.8321 93.7501 73.7683 58.031 115.377 354.363 136.401 13.5002 72.3853 
104.889 140.997 61.8255 44.8054 11.8513 161.715 219.195 146.998 93.9379 7.08561 121.654 38.3936 0 144.059 45.3846 73.8062 10.3412 63.857 79.8382 27.8534 36.9786 0.744057 78.3119 63.242 18.2842 51.9795 31.6605 7.14945 
53.8996 0.0804907 11.215 21.7669 70.0292 15.0074 33.3463 100.333 1.56809 0.262312 58.6672 91.138 21.0937 0 20.0739 17.303 20.1972 18.4947 26.4316 3.7025 34.7415 0.480346 9.38736 7.30523 0.437569 0.919178 5.08283 4.19542 
31.4495 67.5802 32.3381 27.8672 93.7254 0.0636908 16.4498 18.7723 224.363 0.662097 355.799 36.1279 114.071 61.823 0 11.4496 10.0323 3.89619 2.14034 8.25687 52.5397 10.3083 8.13239 0.024114 0.775604 5.70994 0.605727 21.0248 
53.8128 0.00515553 10.1917 0.670676 0.599492 17.3289 85.0689 231.017 142.081 40.6343 224.735 461.389 63.8722 11.2001 89.5895 0 20.0747 8.12012 24.309 0.00261071 44.1932 11.0123 11.8708 2.72015 18.333 26.961 2.59996 1.65238 
476.865 543.041 22.2706 403.553 153.89 409.428 2.17765 93.6765 421.301 40.8118 52.1134 33.3867 64.6862 12.4293 29.519 23.913 0 30.0536 455.915 15.0079 7.50249 13.1075 1.09602 0.46982 408.102 0.370624 8.88138 10.2081 
225.868 101.474 138.544 64.3644 1.88314 0.503293 174.203 12.2477 17.3746 7.26682 170.478 52.3611 90.0559 32.9339 67.4401 61.5077 11.6454 0 0.292094 80.9485 46.2229 41.7617 44.8408 37.5345 32.3779 35.7052 29.1524 29.6233 
99.3438 163.821 60.9092 30.5718 116.082 49.7438 27.1564 0.0746311 153.421 91.2763 126.417 68.0385 51.8176 11.8824 28.3134 2.33604 189.226 112.897 0 0.0184451 34.006 9.84178 0.619773 7.85121 30.4602 28.6612 5.204 21.9358 
186.135 134.815 7.75011 41.8515 59.1556 6.26056 67.4128 0.278055 64.636 43.452 86.3986 28.7381 29.3425 0.631418 10.1984 7.17784 7.32126 87.371 17.917 0 140.968 3.41969 3.83394 6.16237 8.91867 1.5715 10.9088 11.508 
218.475 153.201 119.308 65.4677 91.6046 76.1942 79.4304 88.5699 116.728 16.7423 44.4229 71.8274 0.012071 0.0250435 37.4015 18.4151 63.419 105.566 55.9616 0.732992 0 27.6081 21.15 3.54528 21.6102 58.2171 25.8121 25.5077 
0.235929 43.273 0.62634 2.70931 44.9521 6.11543 61.9011 66.7173 64.3141 25.3402 74.3315 48.6978 3.63131 7.93491 1.48812 0.609619 5.00511 5.84488 7.40843 0.0128965 10.7529 0 14.911 13.0075 19.796 10.6283 9.39374 6.00753 
5.02017 53.8371 9.05237 5.71554 49.2448 15.3346 42.2386 0.144839 70.1096 35.4133 132.377 110.335 27.8028 8.09818 5.85736 0.737993 0.768331 42.1582 0.0358096 2.18458 25.6355 9.08709e-07 0 1.13763 21.5515 0.315675 1.74202 1.17101 
31.4744 4.57409 1.28293 7.08511 52.0949 6.66419 71.3889 133.72 97.1436 32.941 77.6969 125.88 20.8497 10.2465 24.0821 17.9775 17.7733 0.117015 11.4304 2.94297 46.5257 13.4519 15.5579 0 34.5122 16.552 4.86292 5.63534 
431.193 472.894 18.6717 403.843 27.4546 424.199 54.2406 183.582 446.364 5.66366 146 38.3372 0.32466 15.0529 5.49019 31.4539 405.741 31.4946 25.6169 8.47606 60.4642 33.9426 17.8746 36.4602 0 5.4632 102.317 4.65883 
53.0682 75.043 1.76535 23.242 66.7179 27.6892 98.5853 191.128 141.589 25.4424 32.1184 361.51 51.645 2.19314 3.52035 31.5107 11.3581 45.1987 5.48246 7.52858 60.6827 0.419445 0.0013843 4.70847 25.1614 0 11.1438 40.5784 
30.1926 0.0626272 19.3069 7.5455 13.6563 6.89044 9.65257 90.2811 47.8755 10.1193 2.16068 19.1012 4.92118 4.32074 0.0188936 14.2338 16.3391 1.93453 8.09321 5.39757 6.10682 12.6335 3.35299 11.3217 18.4872 32.3659 0 41.9764 
59.6435 56.3893 1.04581 32.0107 42.8827 22.0305 14.193 135.423 0.100012 5.4482 83.6271 3.32676 43.3425 0.0601818 22.5694 3.54396 11.1726 16.6185 19.3141 0.0884342 49.015 2.95912 9.67575 0.00259738 40.7392 1.42068 86.8762 0 
