0 907.63 2.19522 655.306 64.3697 332.204 99.1991 181.623 340.862 122.487 151.571 200.221 48.9988 51.9833 19.7686 79.7741 334.747 136.067 0.00481506 122.422 156.084 38.6225 40.1793 3.02027 331.612 71.3076 32.156 32.4382 
793.734 0 26.5698 589.625 531.025 567.058 103.739 76.9251 681.801 209.072 7.75988 62.131 51.1655 68.1333 44.8167 67.4164 376.905 391.217 153.877 133.291 95.3167 2.64698 1.29639 15.5203 408.979 21.9849 11.2502 6.56643 
7.14629 473.272 0 268.808 30.8025 58.973 184.126 23.9688 463.285 24.0668 33.2629 179.495 34.7196 16.1874 13.0228 0.272338 0.0699342 126.983 52.2577 6.59886 120.284 0.5511 11.9013 5.02306 13.9118 15.1494 2.1623 0.00962802 
334.493 591.879 236.496 0 105.977 391.637 45.0861 138.547 340.71 106.287 153.611 1.10151 10.5345 0.000455706 9.34971 8.13325 332.478 39.6273 23.1034 42.92 649.396 0.651235 2.16708 1.72607 363.312 1.31815 27.2706 19.7469 
55.654 427.03 141.504 10.6901 0 405.293 162.216 75.9051 345.982 232.333 0.814856 76.4118 62.8565 47.9798 5.08453 0.0288201 109.421 69.6968 24.5691 1.15081 106.84 33.3812 0.352293 10.4003 41.1132 7.19268 15.376 4.95558 
335.833 465.311 38.2836 397.836 635.987 0 1250.15 15.6365 598.036 536.42 74.8186 134.176 465.049 21.8904 40.0943 27.1595 333.108 67.915 85.8875 0.598316 16.7151 1.77578 0.238766 4.35072 337.115 0.293031 4.51107 0.0054782 
147.016 442.256 0.54212 193.174 333.017 371.157 0 95.6023 542.144 224.437 117.847 242.243 131.023 69.8888 0.880586 102.94 28.3102 147.421 76.9904 26.2069 136.038 58.8952 26.3359 24.5583 7.42798 45.0991 39.8911 70.4841 
292.553 171.255 3.4439 252.506 1.22504 71.2494 326.468 0 95.1021 155.641 341.686 499.232 135.447 105.801 2.84069 72.1243 84.2053 44.9694 115.817 23.1168 154.647 32.5546 1.67691 8.60762 101.645 228.583 87.9314 73.9171 
486.685 418.143 16.2082 635.156 62.8268 601.392 926.266 103.226 0 285.294 598.457 393.974 12.4101 150.368 279.469 124.044 444.34 105.519 135.398 1.9995 132.622 64.6433 67.7432 29.5515 433.691 59.9211 72.9188 86.9472 
113.487 2.53641 80.5877 11.9791 273.018 486.218 3.44698 74.8271 244.867 0 486.362 180.964 87.7679 4.7932 35.9461 84.1835 45.2295 120.582 0.310525 0.820523 69.9091 5.40062 1.17915 6.17264 0.000371036 8.13933 7.34606 5.34901 
172.636 257.127 5.39223 70.2747 145.591 133.582 261.295 374.354 284.046 402.562 0 115.349 190.759 53.3103 386.237 3.30639 0.636227 0.0238058 29.0563 30.1406 76.6073 78.7339 126.187 122.501 16.0699 130.457 78.6629 13.6669 
205.012 10.519 59.9669 198.885 9.70468 69.5045 128.6 0.352656 187.72 0.596443 95.3914 0 15.3165 65.3013 0.0336395 2.60759 0.911011 79.2693 97.9038 85.8458 39.3635 11.1486 53.2309 135.616 298.833 239.618 119.894 123.516 
20.3849 3.67114 71.7431 27.743 138.751 61.9581 206.529 83.6564 190.822 149.389 251.507 0.00381134 0 129.328 25.699 21.1081 13.9346 89.8382 4.02918 0.420895 22.3408 21.2313 54.2018 35.6053 3.64663 46.1519 26.3736 0.200491 
41.1027 70.3675 6.49804 10.2596 2.3315 0.326669 2.33767 19.1656 103.822 0.00328823 25.5786 96.7991 8.24117 0 48.3794 8.52792 0.957596 48.4222 4.15804 3.06635 8.09022 1.6881 0.814883 6.2451 16.5755 0.117012 10.6896 0.246931 
37.1206 28.9331 31.1325 34.8509 3.0767 37.7224 53.9828 174.876 80.2196 89.1866 407.444 167.103 5.30124 1.74777 0 2.30234 12.6682 0.000450261 22.0067 4.97279 2.09177 0.00891402 1.09244 10.24 30.6819 11.8713 3.31889 19.1834 
6.48769 6.92274 24.041 39.6704 74.6464 2.63548 93.7477 50.1139 16.1715 76.2382 160.998 268.22 9.90908 2.28307 69.0982 0 26.1207 56.526 21.2856 0.152628 5.44006 5.81752 12.4448 9.54688 14.07 0.000697041 12.9431 5.28364 
371.748 331.29 49.582 387.138 4.60954 337.592 90.3198 7.46478 331.153 83.8664 48.8734 0.193395 25.4653 19.6355 28.5304 25.306 0 230.337 207.374 32.7216 34.9551 21.2389 17.4725 16.8667 353.816 9.98423 10.4415 24.1968 
175.884 166.227 151.138 144.347 217.574 121.226 16.5822 38.3895 101.553 107.6 159.521 43.838 104.644 37.0679 68.4031 27.1034 85.5318 0 141.606 23.9803 0.697709 1.14664 40.3726 39.1562 58.1569 37.0442 26.601 6.63117 
0.0897987 10.5011 33.4406 31.0539 6.28569 9.57885 31.583 68.0501 69.5543 4.71968 44.7056 0.00369685 3.31364 1.77211 6.1487 28.9508 99.078 8.14223 0 1.07727 67.9814 4.1912 4.13441 23.4963 24.3694 30.6434 0.459743 7.51301 
64.5713 4.40166 0.390657 33.4083 0.808265 3.16447 73.4994 59.5084 106.429 0.0324202 53.3622 8.17527 0.167915 0.238911 2.74592 5.89325 9.64559 52.3299 24.8912 0 251.799 6.38974 0.932993 4.20018 5.88522 9.21592 0.00642797 11.4596 
131.534 86.3827 76.8698 196.427 48.2202 0.0025522 49.2436 13.8591 2.26307 43.397 92.4347 126.593 2.56576 14.8354 48.3143 57.316 66.1636 109.87 51.1914 48.9264 0 32.7972 6.01099 42.9864 60.2556 55.7025 35.4705 6.71942 
31.2487 38.5892 2.96963 1.95846 38.5167 6.74919 13.5032 42.1295 29.9026 52.5899 30.8394 0.299379 13.3859 1.70018 14.5696 6.8192 0.6167 37.8532 6.26374 2.62437 24.7731 0 0.0018833 14.0567 19.3858 9.23026 0.725445 3.48091 
46.6724 2.11162 12.2516 1.45585 21.411 6.0345 7.6492 57.255 96.9154 18.6627 123.191 7.56534 90.475 2.53594 2.35689 0.0652459 10.3705 28.3756 8.25528 4.10374 38.0262 14.8584 0 20.7547 24.1122 0.717345 4.39013 10.1418 
29.4205 4.90663 14.8657 3.4992 2.74469 0.000104138 1.37079 138.434 99.073 9.33482 62.1506 125.54 69.4746 9.8664 6.58138 0.0086305 9.00382 0.00298689 0.0828261 5.49879 23.5901 14.1178 8.4212 0 17.7732 5.54753 3.51531 13.9289 
360.265 362.861 3.16543 340.648 2.17157 331.066 37.1883 178.272 335.23 9.32353 39.1533 330.083 9.58035 0.567185 25.7327 45.3665 355.498 0.492048 15.4482 4.38899 15.3982 35.25 20.1068 40.0688 0 108.96 4.08913 112.898 
68.5431 29.8259 8.19439 14.2828 70.7137 26.0324 33.0966 130.081 60.0228 23.7977 93.0495 281.222 45.6284 6.52893 14.9312 1.83359 27.0467 27.0542 13.3855 12.0556 58.7979 0.0514278 1.80202 1.48489 43.5633 0 15.7975 61.5873 
23.4619 2.38168 6.71659 9.52587 13.1148 10.1341 54.231 11.7721 50.1893 2.67867 5.7283 75.0253 38.5246 10.9943 6.84699 1.69068 17.6866 44.8658 21.682 6.42417 44.2513 8.00215 6.42197 12.9024 50.702 15.5106 0 78.0635 
36.7405 23.2954 9.86368 12.5235 15.1693 15.9291 3.35996 83.3578 96.0315 3.51739 98.8675 4.39028 41.4187 1.97676 23.2571 8.02066 23.9727 0.618579 10.449 0.233122 48.9896 8.50539 0.229967 11.2014 7.47317 21.2162 0.41452 0 
