0 938.118 47.7026 722.116 243.572 508.084 1.1247 26.2194 454.311 43.1826 183.935 171.751 5.00224 49.1291 56.3275 3.036 430.781 209.736 100.304 249.109 225.172 2.01015 23.8832 2.74251 497.37 54.7244 39.2098 0.00324018 
987.271 0 5.03403 663.676 280.175 430.29 189.36 216.475 815.374 233.838 189.461 133.027 92.102 7.13397 48.4063 41.2962 544.429 477.157 1.56023 8.86768 163.209 6.38116 51.9315 0.0100716 452.021 0.119334 18.9296 42.7093 
33.927 463.697 0 26.242 188.445 30.967 230.022 274.834 84.6298 45.6155 36.122 41.3152 55.0687 0.372214 12.1061 17.4283 14.9824 135.862 7.42298 17.1529 80.6886 2.63373 9.55708 10.1345 27.6302 7.5455 7.75038 6.20878 
448.764 661.072 202.695 0 10.9362 456.364 161.553 1125.93 454.783 7.10845 6.53427 0.220235 64.1351 6.68848 16.2264 27.1214 484.687 145.766 20.8039 2.40014 182.792 11.009 7.33568 0.0814304 459.427 0.00497957 6.87565 28.7111 
237.088 75.5912 121.39 26.615 0 291.294 318.091 109.317 206.856 308.126 258.777 1.38235 155.761 16.2918 94.9487 74.8768 81.1938 229.555 7.29463 54.2271 16.5316 3.01778 47.7714 47.5537 65.6051 0.401131 48.6172 2.90812 
541.969 521.576 6.13132 441.379 430.277 0 947.194 208.512 791.964 997.17 120.098 134.423 343.304 9.1193 0.478779 17.3803 428.212 40.9123 54.4676 2.88562 54.3997 2.50005 15.5177 15.5973 454.548 1.70552 7.87528 10.5845 
15.7507 361.264 122.41 174.606 427.293 188.47 0 269.215 1.20655 0.610613 34.1417 256.703 69.5089 96.6759 26.3893 60.3367 109.3 26.9752 157.112 94.7511 120.065 8.52952 18.1517 33.9875 21.5935 0.754693 0.552867 58.48 
9.01997 123.578 257.46 358.571 220.833 122.746 154.766 0 163.023 4.33042 97.7698 893.847 57.7813 17.7307 101.075 234.475 2.04142 167.924 33.7656 106.796 0.174319 67.3162 69.4287 3.0609 22.9193 178.235 9.27175 135.401 
550.554 434.902 373.133 749.015 62.7304 794.817 1273.15 153.313 0 59.4607 370.685 3.43134 191.352 19.4215 56.6656 25.6486 506.556 203.979 113.844 55.8666 156.438 1.10355 96.561 39.0764 475.59 140.332 21.8009 1.30107 
156.592 1.93666 57.6263 64.7495 277.596 292.769 248.667 221.47 193.346 0 8.80071 182.566 6.09547 9.02969 133.203 89.0477 82.5519 63.5078 66.8101 50.5412 43.2118 60.9356 11.6126 0.306733 0.222617 76.0727 39.4212 8.62119 
133.356 174.895 6.66234 187.414 77.7253 87.1598 374.04 209 445.961 45.9338 0 429.41 240.468 79.0885 374.708 139.739 95.7096 5.87029 117.123 82.6133 55.5889 53.7353 93.8838 9.35662 138.459 163.034 50.7642 2.20761 
222.418 196.756 168.582 177.031 102.69 69.1661 280.611 192.639 191.441 0.788384 395.776 0 7.91147 128.936 53.3192 440.819 30.4108 24.6126 20.7229 13.7341 98.9818 73.074 52.9626 104.734 302.769 181.803 11.069 63.8403 
105.947 143.062 60.1059 42.8256 8.51501 154.8 218.805 146.056 102.331 1.16964 108.862 42.8033 0 149.945 39.3236 75.9399 11.3168 66.3442 80.9322 28.6933 38.4451 0.216603 81.1572 64.6361 17.0405 52.5913 32.1631 7.79844 
53.8862 0.00237162 10.6795 21.4183 69.7471 14.2783 36.8687 104.28 2.99 0.822078 46.3248 99.7906 30.3641 0 29.5714 18.1599 19.9893 17.4367 26.6359 3.77712 35.4753 0.333383 9.63804 6.7082 0.636929 0.692532 4.85208 4.48955 
29.4817 64.5347 31.6426 29.1544 94.3634 0.00171538 12.192 25.148 221.923 0.0159897 319.814 51.9487 111.171 61.2873 0 23.1121 10.5543 3.16357 2.57192 8.02518 51.7428 9.80351 6.61617 0.0268405 1.2127 4.62596 0.455904 20.5778 
56.2986 0.129709 9.24639 0.266291 1.02628 16.3801 81.913 217.026 138.29 36.6609 219.566 414.892 60.8963 12.7194 86.3176 0 20.457 9.09612 23.7936 0.000604848 45.6724 10.8328 12.1306 4.52084 16.455 25.2263 2.96454 1.23842 
505.821 576.62 20.547 436.387 153.266 439.706 3.14715 92.5514 455.481 38.6028 54.1713 35.0861 64.656 12.7875 29.3566 24.162 0 18.1404 322.405 15.7724 6.69505 12.8251 0.972144 0.565947 440.26 0.271072 8.60918 9.86711 
230.239 100.97 144.623 57.901 4.35414 0.0691129 164.412 15.3407 22.2621 9.52379 169.724 56.2823 91.8447 31.8381 67.8945 61.6411 21.6476 0 0.00328457 82.3672 49.3584 41.6038 44.937 38.2672 31.1734 37.0355 28.5107 28.7357 
101.996 166.894 61.3008 28.6464 93.4702 45.3889 22.4213 0.310859 154.36 95.3599 125.225 65.8842 54.0412 12.4383 27.5077 2.01351 182.382 117.901 0 0.0001133 32.5162 9.43901 0.497329 8.23241 30.3227 28.3634 5.4764 22.2558 
170.021 137.706 6.72506 40.0987 55.9081 6.93209 70.3525 0.0211587 61.2816 44.6978 86.1938 26.2046 30.1602 0.693444 10.0235 6.96885 6.70017 86.9813 18.8023 0 97.7666 3.33196 3.79784 6.20228 8.63402 1.76508 10.8729 11.4996 
209.785 157.767 121.953 39.8912 94.9471 76.606 75.0713 96.5898 110.352 18.5661 40.6709 66.6237 0.0762151 0.0842763 38.6475 16.9456 62.7057 103.232 54.6857 2.62686 0 27.2879 20.4435 3.05167 22.9324 59.0114 26.5162 26.4928 
0.146718 43.9747 0.728049 2.50273 43.9814 5.6577 61.5044 66.4299 63.5022 27.0506 73.4425 47.0153 2.29208 7.58223 1.78464 0.75779 5.25291 5.40583 7.03413 0.0219869 10.3491 0 15.1034 12.7075 19.1966 10.6741 9.19974 5.84455 
4.43481 53.2239 8.75449 6.16648 50.0531 15.1021 40.2019 0.00290091 66.999 37.2732 133.235 106.732 31.8313 8.82042 4.51146 0.448064 0.879523 41.7552 0.0740877 2.25379 26.3108 0.0415053 0 2.70417 22.2141 0.217805 1.52151 1.31911 
30.0587 3.84213 1.05623 7.82847 52.715 7.11738 71.6326 135.695 95.9919 31.1348 72.6259 115.531 23.113 10.0567 22.825 20.587 17.546 0.0459572 11.0276 2.82068 46.1744 13.2108 17.7625 0 31.4477 16.6478 5.38927 5.26069 
460.831 503.929 19.5187 436.816 25.9415 455.708 57.0341 187.709 473.63 6.9011 145.961 857.888 0.559464 14.7085 4.56997 47.9343 437.883 32.6983 25.1981 8.76251 60.3227 7.55896 18.9197 46.4878 0 33.0415 43.3792 54.968 
50.7051 73.4946 2.28583 21.3374 65.8592 27.5471 97.804 202.789 140.357 22.9873 38.7095 330.113 52.2878 2.55704 2.65054 30.5339 11.8163 46.3829 5.04289 7.79868 61.2359 0.502167 0.00350243 5.2987 26.5641 0 9.56411 35.1495 
31.1324 0.147386 19.249 7.00346 12.9443 6.53313 8.77935 91.9022 49.5827 10.9045 1.56635 22.129 5.35465 4.09601 0.0584879 14.6694 16.0893 1.67196 7.78461 5.56852 6.609 12.6839 3.06494 10.7324 17.7179 33.5673 0 32.8008 
60.0276 57.3223 0.81823 32.3183 43.8295 22.225 15.676 135.084 0.355772 6.30801 80.6384 6.13189 43.0006 0.11118 22.8104 2.94942 10.8278 15.7851 19.6878 0.129112 48.6032 3.10782 9.57625 0.0232863 41.1113 0.251839 90.6578 0 
