0 891.117 42.2677 668.596 247.05 441.191 0.478627 30.3126 393.089 41.0777 182.604 175.087 5.49578 49.4142 56.9758 2.64191 365.942 212.656 101.361 238.597 222.24 2.12545 23.4937 2.98883 432.497 53.8001 39.5332 0.0165627 
910.937 0 0.733066 609.398 257.688 367.539 210.754 211.005 755.839 231.792 184.799 136.492 94.0412 7.61751 47.0971 40.2351 477.94 745.378 1.02525 10.3557 164.713 6.63741 51.6361 0.000695678 386.815 0.0563668 18.5541 42.1663 
29.1953 453.333 0 15.7335 188.254 32.7052 234.315 273.227 104.678 43.4431 40.8944 44.6455 55.8572 0.441625 12.6685 17.7806 15.6152 133.125 7.99768 16.6983 82.997 2.56071 9.4444 10.299 27.7362 7.90437 7.90574 6.41387 
377.325 606.918 146.222 0 9.34481 390.563 165.588 978.635 384.474 7.99698 5.10196 0.0012388 64.6563 6.44107 15.6617 26.3468 420.125 145.876 20.0807 1.99002 698.224 10.9001 7.52601 0.0489553 395.549 0.034065 7.08962 28.9641 
240.946 60.5798 116.762 29.0972 0 278.901 331.243 112.845 197.973 302.65 257.778 1.01031 157.648 16.9473 95.0142 74.8126 83.6753 230.86 4.65898 52.9091 15.572 3.23129 47.4096 47.1994 65.8087 0.301741 48.6816 3.1064 
475.766 450.066 5.16334 375.849 899.394 0 750.731 206.71 706.242 520.75 128.16 136.361 174.113 9.42501 0.330616 17.7545 363.893 39.0512 56.1684 3.08393 55.1684 2.63401 15.5977 15.723 390.262 1.87688 8.02352 10.3737 
13.0287 340.488 114 170.972 430.91 276.175 0 257.761 5.06995 3.31137 26.0517 253.19 65.4885 96.7925 28.6306 58.7613 109.1 24.2469 157.35 94.7557 121.354 8.92498 17.4431 34.7697 22.5707 0.530967 0.464196 57.8807 
6.78269 129.656 252.888 358.741 221.465 127.673 166.428 0 187.832 3.29785 105.759 844.701 59.4939 19.1519 97.1311 229.432 2.30415 169.127 32.656 105.827 0.0375311 67.3395 70.6552 3.79685 25.7073 172.694 8.63678 135.447 
480.918 367.715 351.915 680.422 69.7122 709.264 1300.53 177.653 0 51.1271 1210.29 1.78322 189.605 18.1422 33.3359 27.7806 441.039 202.188 115.752 57.2285 158.345 0.96387 95.9392 40.2872 412.939 139.701 22.4283 1.05903 
156.654 1.10485 59.8532 63.048 269.958 261.178 225.268 222.266 205.249 0 3.19903 186.773 9.59186 9.94821 132.755 88.4783 82.2997 61.5821 68.7039 50.9038 44.1593 60.8661 12.2158 0.212491 0.135759 75.9201 39.7063 9.03064 
135.971 179.702 8.9639 189.684 73.3372 79.7044 387.93 217.889 485.424 31.7219 0 441.998 238.061 73.5865 363.44 145.856 95.7104 5.13766 116.232 82.9766 53.9859 54.4177 95.9358 8.31844 137.361 162.074 51.5696 1.83962 
221.094 199.008 170.937 183.481 104.958 66.4644 281.853 142.614 181.058 1.43012 380.863 0 8.81399 131.822 46.6447 457.986 31.0757 25.8307 21.4671 14.5279 101.059 72.7763 50.9526 100.428 278.754 200.372 10.1573 60.4848 
106.331 143.801 59.392 42.0278 7.32709 148.973 218.347 145.609 105.693 0.19929 103.789 44.6097 0 151.79 36.9593 76.7326 11.7167 67.3306 81.3396 29.026 39.0321 0.0937926 82.2084 65.1544 16.5499 52.8187 32.3605 8.0643 
53.8641 0.00205498 10.4622 21.2692 69.6051 13.9818 38.2976 105.787 3.71764 1.13223 41.6812 103.205 34.4307 0 33.4626 18.4416 19.9035 17.0181 26.7117 3.80642 35.7633 0.281866 9.66897 6.46257 0.726661 0.610355 4.76014 4.60835 
28.6997 63.2949 31.334 29.6557 94.5608 0.0252519 10.6507 27.9178 220.463 0.0221123 303.508 58.8914 109.847 60.2299 0 28.5329 10.7648 2.89083 2.75484 7.93137 51.411 9.60053 6.03765 0.0848915 1.41361 4.21874 0.401787 20.3897 
57.2736 0.22601 8.87345 0.155638 1.22842 15.9964 80.6001 210.809 136.625 35.0893 216.93 391.852 59.6706 13.3069 83.6851 0 20.6074 9.49934 23.5833 0.00301096 46.2536 10.7571 12.2147 5.34523 15.7083 24.4884 3.1158 1.08859 
440.253 512.798 19.8654 372.415 152.877 374.709 3.58324 92.077 392.05 37.7214 54.9913 35.77 64.6292 12.9302 29.2862 24.2578 0 14.1588 498.096 16.0791 6.38359 12.7117 0.924559 0.606841 375.999 0.235562 8.50073 9.73121 
231.679 102.873 146.844 55.3462 5.62262 0.00707458 160.376 16.6663 24.3671 10.5062 169.335 57.8673 92.5353 31.3973 68.0546 61.6765 26.4377 0 0.018502 82.8902 50.6225 41.5353 44.9676 38.5551 30.6908 37.5645 28.2524 28.3795 
103.004 167.939 61.4152 27.8788 84.7938 43.644 20.6333 0.450493 154.631 96.9388 124.691 65.0133 54.922 12.6613 27.1802 1.89075 179.078 119.83 0 0.00478912 31.9219 9.27885 0.452037 8.3861 30.2625 28.239 5.58674 22.3814 
163.003 138.66 6.32887 39.3498 54.5969 7.20653 71.498 5.59846e-05 59.9301 45.183 86.0793 25.2116 30.4833 0.718933 9.95137 6.88383 6.45754 86.7752 19.1563 0 81.7275 3.29683 3.78285 6.21698 8.51922 1.84513 10.8571 11.4941 
206.011 159.487 122.866 29.035 96.2595 76.7387 73.3238 99.8125 107.777 19.3159 39.1991 64.5607 0.117327 0.117716 39.1404 16.3684 62.4084 102.267 54.1666 6.78936 0 27.1577 20.1606 2.86393 23.4657 59.3104 26.7967 26.8866 
0.116917 44.2484 0.770737 2.42198 43.5857 5.47765 61.3284 66.3004 63.1637 27.7381 73.0661 46.3371 1.84005 7.43804 1.90993 0.821266 5.35314 5.23432 6.88609 0.0262956 10.1887 0 15.1579 12.5785 18.9516 10.6903 9.12123 5.7792 
4.2098 52.9648 8.63343 6.34946 50.3645 15.0035 39.3832 0.00590532 65.7353 38.0098 133.446 105.211 33.479 9.05331 4.01153 0.351534 0.926016 41.5873 0.0932368 2.28142 26.5788 0.0810791 0 3.48964 22.454 0.183628 1.43695 1.38043 
29.4913 3.56607 0.97128 8.13192 52.9504 7.30014 71.7004 136.349 95.4821 30.4112 70.5815 111.303 24.0354 9.96025 22.2857 21.5773 17.4534 0.0266571 10.8667 2.77191 46.0236 13.1047 18.5086 0 30.1702 16.6723 5.60444 5.11236 
395.565 439.189 19.8516 372.899 25.3407 391.175 58.14 189.062 407.436 7.42659 145.808 424.733 0.670988 14.5624 4.22152 52.9143 373.616 33.1784 25.0271 8.87617 60.2488 2.17705 19.3254 50.2302 0 51.5055 68.8175 87.5575 
49.7473 72.8439 2.5111 20.5769 65.4941 27.4752 97.4244 207.018 139.73 22.0249 41.4662 315.479 52.5279 2.7085 2.33398 30.0745 12.0002 46.8484 4.87125 7.90569 61.4369 0.537237 0.00954973 5.54008 27.117 0 8.95452 32.9401 
31.5062 0.191274 19.2213 6.79036 12.663 6.39158 8.43962 92.5151 50.2606 11.2244 1.35482 23.3885 5.5324 4.00684 0.0804034 14.8393 15.9885 1.57207 7.66203 5.63689 6.81443 12.7021 2.95228 10.4954 17.4366 34.0129 0 29.2653 
60.1639 57.6821 0.734724 32.427 44.2019 22.2965 16.2843 134.838 0.501861 6.66741 79.4147 7.48349 42.8551 0.135885 22.8952 2.72462 10.6901 15.4551 19.8356 0.147508 48.4289 3.16791 9.53394 0.0373359 41.2091 0.0503962 91.675 0 
