0 745.317 33.3714 514.128 252.577 266.092 0.00209945 38.1005 228.33 37.4787 180.102 180.754 6.41199 49.8937 58.0852 2.01612 194.542 217.403 103.138 215.637 216.652 2.33458 22.812 3.44378 260.932 52.1618 40.0917 0.0646435 
713.519 0 2.4868 455.096 218.575 200.76 248.989 201.17 592.122 227.699 176.466 142.494 97.399 8.49705 44.8091 38.3817 303.491 866.231 0.357475 13.2127 167.178 7.09615 51.1014 0.0106308 214.721 0.00233213 17.9015 41.209 
21.6523 426.813 0 9.82758 187.334 35.7485 240.619 269.171 143.181 39.6933 49.7972 50.6819 57.2078 0.576887 13.6649 18.3845 16.7413 128.097 9.04679 15.8952 86.9673 2.43479 9.24395 10.584 27.9002 8.54425 8.17876 6.77752 
197.647 452.867 95.2864 0 6.84566 217.437 172.257 1239.9 205.08 9.66678 3.01307 0.524746 65.5349 6.01508 14.6821 24.9757 249.104 145.843 18.8317 1.36141 365.52 10.7084 7.86112 0.0118818 225.74 0.147405 7.46916 29.391 
247.167 37.9005 108.529 33.6449 0 247.922 352.909 119.016 182.319 291.888 255.61 0.498753 160.777 18.1153 95.0479 74.6562 87.9999 232.759 1.45035 50.593 13.9531 3.62136 46.7619 46.5658 66.139 0.161707 48.7845 3.46811 
301.753 267.227 3.65496 203.259 981.271 0 1072.63 203.043 495.687 976.137 142.327 139.59 174.132 9.96284 0.136778 18.4009 193.372 35.8522 59.1041 3.44435 56.4941 2.87554 15.7296 15.936 219.745 2.19493 8.28407 10.0058 
8.86023 302.913 99.4255 164.201 434.768 457.443 0 237.314 64.8306 13.15 14.4139 246.61 58.6241 96.89 32.7132 55.9896 108.682 19.7864 157.562 94.6752 123.539 9.63483 16.227 36.1396 24.3152 0.233515 0.327536 56.8115 
3.6217 140.361 243.841 359.625 222.305 136.183 187.127 0 233.63 1.8252 120.174 745.471 62.5101 21.7465 90.2151 219.678 2.80123 171.108 30.7423 104.042 0.0392044 67.3597 72.7697 5.26896 30.9066 162.608 7.57505 135.375 
301.113 193.758 311.82 500.682 82.5827 498.936 1294.88 222.807 0 37.8607 955.954 0.183696 186.325 16.0569 10.2265 31.6665 268.363 198.84 119.018 59.6051 161.561 0.741975 94.7789 42.4202 245.327 138.418 23.5392 0.69485 
156.588 0.206218 63.7385 60.0477 255.704 204.479 185.032 223.321 225.945 0 0.079274 193.896 17.5304 11.6465 131.613 87.3562 81.8155 58.2326 72.0007 51.5132 45.822 60.707 13.2988 0.0889623 0.0351269 75.5839 40.1955 9.76554 
140.466 187.953 13.7714 193.276 65.8501 67.1531 410.54 233.261 570.333 12.9455 0 462.054 233.411 64.1974 340.392 156.319 95.6773 3.96992 114.605 83.5712 51.2067 55.5991 99.4452 6.63939 135.273 160.11 52.9714 1.27517 
218.479 202.737 174.728 194.383 108.901 61.7752 283.478 71.0958 163.034 3.00564 353.519 0 10.5032 136.665 35.8436 480.663 32.247 28.0177 22.7921 15.9609 104.669 72.2279 47.4676 92.8624 244.573 232.762 8.64809 54.7219 
106.946 144.973 58.109 40.6256 5.45499 135.16 217.133 144.73 111.565 0.443435 95.0092 47.8249 0 154.284 32.9236 78.0329 12.4296 69.0442 82.0097 29.6033 40.059 0.000759454 83.922 66.0048 15.7014 53.1924 32.7005 8.53777 
53.8023 0.0440535 10.0784 20.9952 69.3165 13.4574 40.8192 108.32 5.20543 1.79209 34.0152 109.094 41.9708 0 40.1422 18.8453 19.7496 16.292 26.836 3.85694 36.2593 0.201872 9.6264 6.0257 0.897242 0.47848 4.59985 4.81758 
27.3401 61.0996 30.7535 30.5122 94.8262 0.132821 8.18651 33.0448 217.259 0.396782 272.945 71.7736 107.312 57.2839 0 38.6578 11.1354 2.44207 3.08877 7.76582 50.813 9.24428 5.07051 0.264316 1.80034 3.54467 0.315161 20.048 
58.9509 0.458211 8.22911 0.0329709 1.62506 15.3206 78.2382 199.179 133.516 32.3729 211.571 346.794 57.4824 14.297 77.445 0 20.867 10.222 23.2101 0.0116289 47.2552 10.6194 12.3339 6.91164 14.4125 23.1453 3.38771 0.848599 
267.476 342.93 18.6854 202.485 152.006 202.989 4.41198 91.2137 223.074 36.1841 56.4213 36.9715 64.5619 13.1793 29.1558 24.4202 0 8.33092 140.523 16.6163 5.85459 12.5127 0.844032 0.681722 205.541 0.17937 8.31164 9.49417 
233.764 103.968 150.423 50.9324 8.22034 0.0523334 153.172 19.1035 28.2491 12.3312 168.536 60.6609 93.7086 30.6227 68.3046 61.7138 35.833 0 0.224906 83.7427 52.8461 41.4081 45.0104 39.0512 29.846 38.4852 27.7985 27.7549 
104.694 169.511 61.5567 26.5407 70.259 40.5984 17.658 0.756711 154.958 99.6207 123.676 63.4775 56.4498 13.0522 26.6005 1.68458 172.253 123.098 0 0.0294766 30.8849 9.00005 0.377887 8.65662 30.1498 28.0142 5.78168 22.5978 
150.092 140.046 5.65623 37.9786 52.2896 7.69401 73.457 0.0755092 57.5548 46.0135 85.8346 23.5042 31.0429 0.764448 9.82238 6.73319 6.04128 86.3459 19.7747 0 56.1684 3.23533 3.75585 6.24096 8.31727 1.98867 10.8275 11.4814 
199.024 162.341 124.257 12.5767 98.5201 76.9266 70.2643 105.461 103.245 20.6549 36.6657 60.9807 0.210473 0.18959 39.9954 15.3745 61.8719 100.535 53.2465 18.5671 0 26.927 19.6657 2.54878 24.4043 59.8072 27.2856 27.5749 
0.0728765 44.7174 0.848172 2.28338 42.8833 5.16711 60.9965 66.0537 62.5529 28.9446 72.3792 45.1441 1.16649 7.18186 2.13811 0.937993 5.53006 4.93993 6.62941 0.0347583 9.90975 0 15.2218 12.3411 18.5161 10.7157 8.98267 5.66466 
3.82876 52.4924 8.41918 6.6729 50.8928 14.8234 37.9467 0.093371 63.5009 39.2872 133.631 102.447 36.4024 9.3754 3.19541 0.210134 1.01007 41.2842 0.13202 2.32967 27.0447 0.181631 0 5.04621 22.8376 0.130714 1.29415 1.49056 
28.4982 3.10626 0.830656 8.67055 53.345 7.62172 71.778 137.306 94.523 29.1447 66.9904 103.817 25.6694 9.76397 21.2966 23.2125 17.2889 0.00545025 10.5857 2.68679 45.7456 12.9061 19.5917 0 27.8831 16.6961 5.98688 4.85514 
223.355 267.853 20.425 203.07 24.2963 220.224 60.0566 191.008 233.637 8.38691 145.351 810.119 0.890182 14.2954 3.64012 58.1497 203.15 34.0167 24.7233 9.07369 60.0958 2.67864 20.0158 56.1254 0 82.1532 148.81 122.927 
48.0565 71.6635 2.92801 19.2513 64.8264 27.3288 96.6693 213.769 138.452 20.371 46.4387 287.538 52.924 2.98119 1.82492 29.1813 12.3228 47.6512 4.57661 8.09137 61.7604 0.601288 0.0272742 5.9688 28.07 0 7.92199 29.0676 
32.157 0.281741 19.1669 6.4228 12.1755 6.14593 7.85886 93.5373 51.439 11.7917 1.02107 25.6556 5.8492 3.85187 0.127099 15.1305 15.811 1.40443 7.44883 5.75649 7.18012 12.7312 2.75884 10.0794 16.9779 34.7419 0 23.3616 
60.3781 58.2925 0.599055 32.597 44.8443 22.4126 17.3684 134.255 0.817495 7.31703 77.2374 10.1552 42.5889 0.184993 23.0275 2.34996 10.4498 14.8824 20.0918 0.182602 48.1108 3.27381 9.45651 0.0698382 41.3095 0.0683309 92.7445 0 
