0 989.702 2.92538 776.451 268.829 490.178 11.1945 90.3699 514.027 20.5858 163.496 206.327 12.3166 52.0015 63.3536 0.104776 439.768 234.046 110.866 111.262 178.86 3.5897 19.2325 6.33344 503.011 43.1847 42.8698 0.839309 
733.901 0 179.797 751.742 47.844 488.382 436.891 145.692 842.257 196.348 130.197 172.224 114.124 13.7968 32.968 28.7961 529.562 842.842 2.54131 33.0031 176.476 9.72598 47.9204 0.618035 455.2 0.902048 14.562 36.0301 
0.260003 178.145 0 192.496 170.615 50.9117 246.065 224.068 365.263 21.6182 105.258 85.6811 63.6366 1.57089 19.0459 21.2418 23.0049 97.6985 15.4061 11.5969 105.851 1.81131 8.12601 12.0125 28.3052 12.1096 9.6371 8.78043 
471.904 751.37 30.5174 0 0.060981 453.068 197.486 1086.05 444.617 20.6906 1.10371 21.8348 69.4252 3.93939 9.78126 17.6241 494.116 140.932 12.6679 0.0194889 716.328 9.67614 9.66086 0.234187 477.293 2.03865 9.56865 31.2895 
267.544 7.75773 64.7016 61.0921 0 30.916 428.242 150.798 101.861 215.268 235.722 0.767538 173.305 24.6636 93.5241 72.908 109.953 234.479 14.6742 38.3596 6.75918 6.01737 43.0581 42.957 67.3266 0.142039 49.1178 5.68159 
528.918 461.933 0.00172888 442.857 837.422 0 1175.59 173.901 529.49 626.356 212.685 152.797 565.942 12.8155 0.512182 21.5842 442.558 20.5438 73.2697 5.60582 63.0171 4.29108 16.2457 16.9043 467.785 4.23516 9.67787 8.09506 
0.178174 109.552 32.793 121.82 402.839 885.707 0 128.807 1018.98 156.567 10.4316 204.06 27.1645 95.1585 56.8979 41.3323 105.041 3.4821 154.324 92.3979 133.462 13.7359 10.3664 43.3275 34.1363 0.66484 2.70636e-05 50.7823 
3.34129 196.177 178.519 527.224 221.082 176.729 294.523 0 486.149 1.24995 201.687 161.661 78.6599 37.3909 54.782 153.463 6.19533 178.781 21.3088 92.888 5.10471 67.0311 83.1088 16.7061 63.9166 104.73 3.06466 131.803 
503.28 458.497 92.0354 670.482 160.329 532.157 439.127 475.988 0 0.429416 1112.15 18.7908 164.728 8.73806 77.4593 54.86 504.977 177.012 134.444 71.8457 175.692 0.0495061 87.2213 53.8376 509.342 127.999 29.6422 0.0413546 
152.62 7.24666 83.3473 44.0671 168.025 19.9254 24.3935 221.662 323.62 0 117.619 225.277 92.0525 22.3027 118.432 78.9508 78.381 41.2366 88.7066 54.1732 54.6388 59.0881 19.5137 0.315964 0.591186 72.3823 42.5631 14.0046 
162.11 226.77 53.6709 203.619 31.4931 16.0332 483.289 306.679 911.671 52.2842 0 517.866 200.643 22.6331 175.796 202.982 94.776 0.28229 104.687 85.8126 37.2033 61.5282 115.821 0.853957 121.021 144.136 60.1629 0.00600158 
198.762 217.557 187.089 240.436 128.934 38.4431 280.302 117.324 76.3506 20.4952 197.177 0 21.6127 156.913 1.66993 427.622 38.5654 40.6318 30.2243 24.3652 122.924 68.7761 30.1474 54.1199 251.547 370.71 2.61035 27.5859 
108.996 148.512 50.7072 33.1606 0.121982 58.9452 202.329 138.129 141.672 41.0401 52.2725 65.7108 0 151.316 14.5365 82.9253 16.4477 77.7559 84.6206 32.5345 45.4576 2.07407 90.0686 69.2468 11.4673 54.6399 34.3802 11.2029 
52.992 1.15938 8.0063 19.2915 66.9672 10.6163 54.3344 119.205 17.3302 7.63998 5.5418 137.182 86.9431 0 61.8007 18.9659 18.8625 12.618 27.3142 4.10656 38.6986 0.00020995 7.53295 3.69302 2.06778 0.0451676 3.77016 5.94191 
20.4144 49.1406 26.9198 34.523 94.5226 2.0726 0.474021 64.9133 187.847 9.83237 101.553 148.969 89.9345 26.375 0 84.748 13.1311 0.687499 5.13302 6.86675 47.3086 7.3623 1.20355 2.77911 4.53322 0.899255 0.0310697 18.0045 
67.0642 3.00784 5.07514 0.887081 4.60154 11.7199 64.6598 127.552 113.477 19.0936 169.702 88.925 45.2764 18.2787 26.4775 0 22.1578 14.3739 21.1364 0.149709 52.1737 9.78849 12.3561 16.6882 8.05029 15.3943 4.96136 0.0713199 
503.352 590.871 12.8034 454.416 143.521 445.594 10.1201 85.9884 480.099 28.2398 63.8181 43.3889 63.7803 14.474 28.3153 25.1627 0 3.31763 560.403 19.4501 3.41299 11.4508 0.477324 1.14642 454.235 0.00920307 7.32806 8.26133 
235.334 8.7344 162.139 29.4467 29.4255 3.51081 113.3 34.2762 52.4809 24.0599 161.87 75.6924 99.1154 26.4897 68.98 61.3876 102.395 0 5.06215 86.8671 64.727 40.5833 45.0077 41.5029 25.3963 43.2135 25.3656 24.4413 
111.905 172.189 61.0618 19.6736 13.3418 25.1732 5.533 3.66188 153.589 111.79 116.72 55.1749 64.158 15.1201 23.4212 0.785385 109.121 137.732 0 0.506828 25.4996 7.56191 0.0954251 10.1137 29.4056 26.6805 6.84846 23.6667 
76.8406 141.159 2.62517 29.7325 40.036 10.3884 82.6783 2.82773 44.971 49.9614 83.6166 15.2272 33.8612 1.02291 9.0855 5.90474 4.03246 82.669 22.9984 0 2.09792 2.91056 3.59781 6.3301 7.23313 2.81474 10.6296 11.3522 
155.709 173.896 127.082 44.9583 109.572 76.9762 54.2755 134.848 79.1625 28.24 24.3219 42.9637 1.14797 0.849468 44.3142 10.5042 58.709 90.5854 48.1696 151.708 0 25.6502 17.0607 1.17748 29.4406 61.8575 29.8198 31.1769 
0.0122793 46.9753 1.31311 1.60991 38.987 3.63507 58.7555 64.3366 58.9519 35.318 68.1835 38.7525 0.15272 5.77162 3.51721 1.66791 6.49446 3.51016 5.3286 0.0988554 8.47413 0 14.8927 10.8636 16.1164 10.7873 8.22824 5.05737 
2.09648 49.6169 7.24667 8.43567 53.3124 13.7221 30.3625 2.27766 51.3792 45.6959 130.734 86.0104 52.2118 9.0953 0.356754 0.0671077 1.51076 39.4964 0.447309 2.58154 29.4294 1.34575 0 14.8664 24.0432 3.22291e-05 0.6547 2.12774 
23.2846 1.18737 0.264807 11.6389 55.0478 9.34143 71.3211 138.273 88.1231 22.5348 48.1474 64.3171 34.5842 8.21288 15.3967 28.8441 16.3733 0.159067 9.11696 2.24432 43.9888 11.6056 19.6998 0 15.7063 16.4185 8.10431 3.55914 
463.003 511.093 23.2216 455.508 18.9633 465.972 69.6592 192.106 465.808 14.2513 139.048 973.424 2.54584 12.6738 1.2329 20.7346 451.815 38.3762 23.0266 10.0814 58.7947 72.3585 23.149 65.8003 0 14.4652 143.056 74.5322 
38.9348 64.6247 5.56736 12.5372 60.7165 26.1335 90.8386 233.718 128.062 12.4083 74.9549 120.846 54.4946 4.55556 0.15719 22.8969 14.036 51.6164 3.15072 9.03208 62.8602 0.994887 0.269961 8.31989 32.6434 0 3.34685 10.5873 
35.5126 1.04644 18.7516 4.6078 9.71206 4.89672 5.09345 97.8247 57.4583 14.9349 0.0382463 38.7704 7.63997 3.06053 0.547629 16.5222 14.851 0.672087 6.35186 6.38534 9.23582 12.8256 1.8233 7.88513 15.1573 37.4153 0 2.13063 
60.9936 61.0953 0.109478 33.0625 48.0279 22.8343 23.4627 128.075 3.72899 11.1559 65.1312 30.1859 40.9406 0.566026 23.3788 0.801847 9.19299 11.97 21.3903 0.428501 46.1633 3.84822 8.97857 0.406589 40.3665 7.67852 83.3835 0 
