0 789.071 0.0296586 606.785 268.986 337.518 20.746 112.852 385.724 15.4848 156.179 213.5 14.886 52.5835 64.998 0.00613973 295.134 236.299 112.928 108.217 162.416 4.10805 17.9472 7.5785 356.294 39.8381 43.8039 1.33687 
495.015 0 281.123 606.495 13.8109 364.99 485.138 125.056 684.435 181.52 113.122 181.906 119.664 15.9738 28.8493 25.4534 376.893 541.821 5.69307 41.8021 178.216 10.7649 46.6225 1.06952 308.404 1.72061 13.3973 34.1088 
1.06348 87.574 0 269.823 160.053 55.6053 236.21 199.679 426.655 16.0541 127.21 99.0567 65.6407 2.04225 20.9873 22.1137 25.3755 85.6633 18.011 10.0606 111.564 1.60289 7.69899 12.4935 28.2567 13.4539 10.1713 9.53579 
365.223 606.902 170.044 0 0.389476 304.935 201.818 613.748 313.451 25.5036 4.25533 36.6502 70.5084 3.26846 8.15494 15.01 348.473 137.233 10.6437 0.381289 198.592 9.29372 10.3213 0.488729 334.043 3.24436 10.3664 31.8215 
269.3 36.1713 49.8325 72.0366 0 29.7363 435.497 161.697 75.7143 182.167 225.247 2.107 176.055 27.1749 92.2683 71.8942 117.333 231.606 31.4611 34.0064 4.74379 7.0244 41.6023 41.5431 67.5217 0.436447 49.1507 6.60947 
376.219 305.156 0.577207 296.572 413.89 0 937.606 159.892 330.448 613.526 233.765 155.832 80.8785 13.8354 1.22837 22.6193 299.053 15.8001 77.6406 6.48693 65.1599 4.85963 16.3557 17.1872 323.384 5.11555 10.1899 7.41945 
2.77362 56.037 16.1307 104.779 371.171 574.22 0 93.0878 1266.78 233.193 33.0537 186.056 18.2475 93.6052 66.3862 36.1342 103.136 0.82075 151.362 90.8123 136.336 15.3634 8.49914 45.8903 37.9032 1.65614 0.0467262 48.4512 
10.0965 215.152 150.171 493.898 218.283 188.709 328.865 0 562.657 4.05952 231.576 34.7537 84.5393 43.7313 43.0353 126.078 7.74246 180.356 18.1988 88.1967 9.01253 66.73 86.4546 22.2593 77.5799 83.6076 1.90438 129.202 
344.261 334.055 35.586 489.295 190.566 332.247 118.125 554.365 0 1.92559 859.57 36.3068 155.323 7.82839 11.4957 64.0841 356.458 167.556 139.171 76.0886 179.529 0.000122968 83.9238 57.9864 370.881 122.807 31.9446 0.338436 
149.697 14.5849 89.7869 38.3711 134.406 63.715 2.15382 218.058 350.313 0 203.7 233.576 128.761 26.7523 110.974 74.9643 76.7784 35.4643 94.3256 54.8954 57.8312 58.1812 21.9437 0.765422 1.24549 70.6454 43.329 15.6813 
168.921 238.315 72.979 203.58 21.6563 5.68077 486.616 328.339 863.731 119.625 0 514.684 185.858 12.1491 114.086 214.843 94.1461 2.03904e-05 100.576 86.2425 32.4588 63.5366 120.68 0.0987422 114.645 136.236 62.6666 0.268665 
189.358 220.756 188.153 250.95 135.76 30.8411 274.291 297.008 50.8437 30.4047 142.806 0 26.4994 161.677 0.220488 346.166 40.9067 45.6106 33.0882 27.7289 129.114 67.2978 24.4853 41.4154 173.471 394.284 1.26556 19.547 
109.229 148.664 47.7985 30.4552 0.144248 58.9511 193.684 134.941 151.913 69.9831 38.9835 72.4824 0 143.656 9.42226 83.8266 18.0071 80.7541 85.1704 33.5448 47.4014 3.87662 90.9994 69.8775 10.0443 54.9408 34.9406 12.236 
52.4971 1.93398 7.24889 18.5735 65.7777 9.57558 59.2066 122.009 23.3585 10.683 1.07579 145.617 103.442 0 60.4545 18.1682 18.5096 11.3574 27.4125 4.18971 39.5056 0.0209131 6.19005 2.89381 2.59777 0.00131711 3.47731 6.35465 
18.0346 44.7254 25.2509 35.7328 93.7009 3.32489 0.012996 77.8897 172.762 16.1476 51.5677 177.536 82.2777 14.1731 0 89.6451 13.87 0.31311 5.98776 6.53152 45.8985 6.68734 0.429953 4.28552 5.78746 0.358414 0.00124326 17.1729 
69.647 4.47345 4.06326 1.81321 6.0394 10.4267 59.3899 100.299 104.961 14.8795 150.194 26.9722 40.6951 19.0282 10.4801 0 22.5918 16.0124 20.3437 0.238231 53.7876 9.44644 12.11 20.2681 6.05079 12.5285 5.58431 0.000699555 
354.501 444.955 10.8481 311.744 138.9 299.632 12.7248 83.8234 339.29 25.4559 66.4248 45.7405 63.3191 14.9349 27.9474 25.3836 0 12.4132 576.84 20.4714 2.67697 11.0607 0.368748 1.34415 310.219 0.000563985 6.97694 7.82162 
231.934 8.83401 163.158 22.6826 39.9562 6.07882 98.6149 40.6581 62.6155 29.1192 158.458 81.2106 100.734 24.9783 68.9535 61.0508 131.048 0 8.3396 87.4061 69.0584 40.22 44.9109 42.3201 23.7923 44.8648 24.4675 23.2344 
113.762 170.776 60.3659 17.3001 3.34043 20.0795 2.75991 5.24597 151.807 115.265 113.557 52.0985 66.778 15.8693 22.2252 0.539643 77.9381 141.808 0 0.82416 23.5908 7.05486 0.0387858 10.6537 29.0734 26.1366 7.25155 24.0234 
52.3217 138.952 1.77647 26.4587 35.6469 11.4024 85.4899 4.79175 40.4587 51.1974 82.431 12.5689 34.8227 1.12409 8.79595 5.59246 3.3868 80.7654 24.1423 0 22.4857 2.79262 3.53404 6.34665 6.83412 3.1412 10.5404 11.2792 
138.148 176.519 126.177 68.9564 113.17 76.5992 48.6224 145.063 70.5298 31.189 20.323 36.8939 1.67401 1.20559 45.7909 8.91095 57.4265 86.6693 46.2429 212.104 0 25.1618 16.1206 0.804326 31.2915 62.3557 30.719 32.4667 
0.0623531 47.7009 1.50502 1.39037 37.4999 3.12841 57.7421 63.5418 57.4934 37.6058 66.4324 36.4078 0.859309 5.24627 4.08449 1.97779 6.8573 3.04375 4.87983 0.130265 7.96841 0 14.5006 10.2459 15.2198 10.787 7.94529 4.83607 
1.58762 48.4194 6.80774 9.09321 54.0309 13.2635 27.6419 3.77862 46.9158 47.8465 128.095 79.4377 57.8818 8.20185 0.0225898 0.270111 1.71627 38.7701 0.607854 2.67161 30.2618 2.01234 0 17.8972 24.1199 0.0154824 0.472527 2.38103 
21.4195 0.708717 0.135618 12.7525 55.5034 9.96918 70.7939 136.904 85.2741 20.2001 41.5418 50.8623 37.877 7.4739 13.1145 29.3019 16.0211 0.325987 8.59093 2.08716 43.2327 11.0392 17.4261 0 11.7223 16.1516 8.90275 3.11943 
315.821 364.769 24.1238 312.988 17.1155 320.749 72.8757 188.649 316.377 16.6823 135.197 785.925 3.35127 12.0072 0.659953 10.9228 307.797 39.9243 22.3734 10.4306 58.1185 40.8504 24.0334 60.627 0 44.3895 160.45 113.96 
35.5915 61.7655 6.68802 10.2957 58.9925 25.5293 87.993 233.792 122.878 9.89616 85.8197 68.0013 54.8419 5.17109 0.00190993 20.1422 14.6612 52.9332 2.68908 9.3547 63.0015 1.16053 0.419325 9.18857 34.0444 0 2.11648 5.65327 
36.693 1.44361 18.548 4.00531 8.86525 4.46471 4.21974 98.8989 59.5468 16.1332 0.0105004 43.9266 8.33867 2.78578 0.772149 16.9611 14.4926 0.470389 5.96557 6.61234 10.0335 12.8352 1.52252 7.10126 14.7102 37.8571 0 0.0233125 
60.9995 61.9308 0.0283078 33.0484 49.0923 22.9063 25.8116 124.586 5.2952 12.7096 60.5481 39.6107 40.2428 0.754117 23.3591 0.432895 8.742 10.9618 21.8386 0.542921 45.3464 4.06292 8.7771 0.596775 39.4413 13.1676 74.4293 0 
