0 537.542 10.7804 448.924 257.882 263.771 51.5301 166.435 367.639 6.44865 137.682 224.748 21.4125 53.5127 68.0975 0.969972 239.181 233.539 115.974 83.3786 122.622 5.39071 15.1133 10.7267 293.882 32.3123 45.7396 2.8704 
274.66 0 454.012 510.714 13.6169 361.887 525.638 80.6579 572.616 143.694 76.2177 200.663 130.736 21.2812 20.1942 18.3821 301.4 538.059 17.1229 63.5221 178.752 13.2493 43.4548 2.52902 246.803 4.49815 10.8925 29.7558 
19.7482 0.873131 0 253.776 129.622 63.4829 194.048 136.552 469.728 6.22582 174.881 128.491 69.3901 3.2929 25.1388 23.6762 30.771 58.5544 24.2844 6.79878 121.461 1.17316 6.71197 13.4814 27.7632 16.4821 11.3702 11.2642 
423.459 512.703 276.837 0 6.63135 241.581 201.044 494.389 313.718 37.5149 18.5189 80.5229 72.2484 1.95453 4.91587 9.53967 288.453 125.506 6.61579 2.83202 416.288 8.42418 11.7986 1.39258 279.294 6.86919 12.2099 32.6835 
261.729 162.849 21.6681 97.1189 0 90.5467 408.653 184.032 28.541 107.117 196.422 7.5082 178.429 32.9878 88.1252 68.9044 132.116 218.532 87.6543 24.672 1.47538 9.53813 38.1455 38.1922 67.4876 1.6861 49.0498 8.92384 
300.095 238.094 5.53196 237.927 410.058 0 797.034 124.079 244.241 384.12 266.142 158.865 25.9718 16.0306 3.9117 24.6377 244.976 7.15483 85.3976 8.61434 69.4467 6.22823 16.4456 17.6775 266.383 7.32638 11.3438 5.95483 
19.6061 0.0887639 1.48815e-05 66.7023 272.251 17.6066 0 30.1285 970.526 402.171 123.26 142.93 4.34092 88.3961 87.8769 25.0953 97.7798 1.61391 141.425 85.8442 141.217 19.2538 4.89591 51.4602 46.5807 5.47508 0.478608 43.0041 
37.7462 252.515 86.1575 389.805 207.547 208.047 387.165 0 658.983 16.0724 293.674 100.81 97.5228 58.7659 20.6201 66.7136 11.8036 181.411 11.942 76.6842 21.5919 65.6991 92.9851 36.9875 109.5 41.101 0.287714 120.97 
260.309 344.082 7.53115 346.961 256.177 243.489 199.75 657.078 0 34.978 760.587 93.2648 131.904 9.69006 117.174 85.3857 290.4 144.012 147.762 85.0009 185.346 0.290101 75.5939 67.1131 327.102 108.808 37.2363 2.05265 
140.41 39.4234 102.106 26.2702 65.3366 349.84 40.6371 204.373 384.439 0 420.555 245.03 215.928 37.4712 90.2836 64.5515 72.5283 23.6088 105.633 56.0098 64.8974 55.5477 27.6262 2.48205 3.58087 65.7104 44.85 19.6708 
181.684 257.835 121.341 195.956 5.89323 1.79633 446.51 362.972 752.312 328.064 0 461.736 148.879 0.273394 15.8281 228.384 92.1458 1.47262 90.5085 86.4342 22.6567 67.71 128.99 1.13257 98.4955 115.285 68.0112 2.2795 
164.665 223.353 183.584 259.692 149.854 16.2159 251.936 792.32 11.0176 58.4888 45.106 0 38.9189 166.545 19.3556 128.067 46.2173 57.4074 39.7797 35.7622 141.845 63.567 13.4812 17.8039 112.677 376.947 9.00029e-05 6.13142 
108.736 146.751 40.9687 24.4904 4.07785 78.0847 168.877 126.353 172.66 151.93 15.3307 87.8995 0 115.867 1.7919 84.04 21.6798 87.0795 85.5974 35.6883 51.705 9.84576 90.3996 70.1728 7.11319 55.1627 36.0951 14.6691 
51.0012 4.3766 5.58102 16.7952 62.4829 7.28537 69.7245 125.803 39.4878 19.0505 3.81261 159.844 135.269 0 40.0669 14.9667 17.6597 8.69659 27.4822 4.3604 41.1484 0.252272 2.90084 1.35102 3.96507 0.130728 2.84172 7.27759 
13.0459 34.9184 21.1114 37.8793 90.4905 7.09176 3.68455 107.902 133.303 34.9155 0.00845264 233.447 63.5271 0.0235414 0 69.1138 15.5471 0.00262755 8.10828 5.76808 42.4924 5.21599 0.126107 8.56473 9.02124 0.0391472 0.0802091 15.1662 
74.585 8.76326 2.13359 5.01322 9.92237 7.63379 47.2754 45.3793 84.302 7.03947 102.662 23.7729 30.4906 19.0612 2.29655 0 23.4925 19.9118 18.4998 0.510575 57.0192 8.61012 11.0908 26.7134 2.45273 6.6326 7.06315 0.266705 
287.635 381.736 6.91288 259.186 125.855 240.015 19.5224 78.4821 290.897 19.4959 72.0678 51.0233 61.9404 15.9469 27.0022 25.7806 0 51.9461 578.857 22.726 1.33382 10.1779 0.174301 1.84395 254.376 0.0864414 6.20192 6.85297 
216.849 128.162 158.852 10.2543 68.0321 14.2374 66.8748 56.3914 87.2423 41.7878 148.989 93.53 103.64 21.5923 68.3565 59.8704 195.844 0 18.4579 87.4088 78.6799 39.2807 44.5051 43.9994 20.2422 48.4074 22.4288 20.5314 
116.323 163.014 57.823 12.3184 5.47214 10.2602 0.0071568 9.79887 145.366 120.934 105.326 45.1408 72.2173 17.5349 19.4871 0.152236 18.2883 148.183 0 1.81322 19.432 5.95112 0.00317188 11.8822 28.2088 24.8052 8.18553 24.7593 
12.1125 129.118 0.447635 18.9945 26.179 13.7016 90.5685 10.9918 30.6675 53.5392 79.0537 7.39657 36.8415 1.36426 8.10801 4.87711 2.11775 75.4624 26.6269 0 130.732 2.52845 3.37892 6.35225 5.93571 3.91864 10.3067 11.0648 
97.7814 179.101 120.415 38.9602 120.291 74.9839 36.486 166.317 51.8927 38.1181 12.4509 24.4954 3.21475 2.22999 48.8915 5.73121 54.3015 77.4009 41.7873 314.989 0 24.0187 14.0324 0.220163 35.4486 62.9724 32.6877 35.3067 
0.316947 49.1334 1.97913 0.949276 34.0453 2.10334 55.0952 61.4318 53.9468 42.6023 62.093 31.1503 4.51494 4.07392 5.46692 2.75187 7.69508 2.10467 3.92325 0.216705 6.86611 0 13.1333 8.74161 13.2079 10.7342 7.29523 4.33953 
0.692325 45.4538 5.8101 10.5847 55.3117 12.1336 21.7052 8.47395 37.0024 52.2219 119.263 64.0214 69.8264 5.19562 0.736924 1.20099 2.22331 36.9959 1.05763 2.87015 32.0542 3.90058 0 20.8709 23.5659 0.174113 0.167857 2.98761 
17.3393 0.0779898 0.00130367 15.2707 56.1948 11.3654 68.9134 130.548 77.9711 15.1896 27.7096 24.7468 45.1832 5.6094 8.14194 26.9296 15.1942 0.918422 7.43004 1.74367 41.3143 9.62027 9.65461 0 4.8521 15.2429 10.7167 2.20819 
253.206 303.161 25.8798 260.637 13.186 261.954 79.4099 173.752 249.857 22.6264 123.781 843.821 5.54292 10.395 0.0173679 49.1235 251.966 43.3043 20.8414 11.1746 56.2124 14.5294 25.4458 45.6979 0 82.5869 191.005 62.2718 
28.1838 54.8662 9.45205 5.86145 54.7127 23.8649 80.3362 219.642 108.896 5.15665 109.914 1.97521 55.17 6.59965 0.565096 13.631 16.0638 55.6187 1.77039 10.0335 62.8038 1.57495 0.86948 11.1031 36.5066 0 0.34745 0.0881772 
39.2514 2.56672 17.99 2.77786 7.06654 3.54366 2.53127 100.315 63.9986 18.917 0.600588 56.0001 9.99617 2.19889 1.41282 17.7993 13.6699 0.146125 5.12403 7.11743 11.9182 12.8075 0.933067 5.40349 14.1227 37.7491 0 7.69039 
60.5816 63.4281 0.03984 32.6547 51.2839 22.9054 31.2862 114.541 9.76077 16.4709 50.1017 63.8415 38.4902 1.26915 23.0238 0.0134878 7.74284 8.80775 22.7952 0.848002 43.3076 4.55526 8.27396 1.15184 36.3957 28.7851 47.8776 0 
