0 607.768 13.8888 531.679 255.294 360.411 56.3762 173.491 471.452 5.53864 135.089 225.683 22.3361 53.5941 68.4371 1.21712 338.065 232.377 116.203 73.3276 117.302 5.56987 14.7507 11.1713 391.745 31.3394 45.9746 3.11249 
360.666 0 464.171 600.89 21.6183 467.744 523.138 75.2389 661.891 138.452 71.6713 202.76 132.021 22.0114 19.1404 17.5143 397.622 156.887 19.0326 66.4755 178.472 13.5878 43.0175 2.76447 344.873 4.9545 10.5782 29.1868 
23.7819 5.38945 0 231.569 125.132 64.1851 186.886 127.992 464.163 5.25384 180.618 132.152 69.7963 3.47396 25.6481 23.8357 31.4747 55.1266 25.1359 6.40097 122.416 1.12123 6.58121 13.5997 27.6596 16.8726 11.5259 11.4915 
538.023 603.047 290.702 0 7.99463 339.572 199.855 823.208 422.046 39.1791 21.0698 87.0639 72.4018 1.80468 4.54212 8.8844 386.624 123.655 6.14932 3.31273 261.318 8.30993 11.9894 1.54371 378.135 7.42795 12.4545 32.7605 
259.578 183.931 18.7016 100.352 0 92.2113 400.928 186.674 23.8578 97.8649 192.199 8.45316 178.34 33.7581 87.454 68.4437 133.825 216.18 96.4113 23.5157 1.1827 9.89087 37.6773 37.7389 67.4342 1.90897 49.0186 9.24856 
396.195 337.301 6.52947 336.572 253.061 0 159.365 119.128 349.638 37.966 268.549 158.861 419.97 16.3033 4.3655 24.8657 344.033 6.25493 86.1702 8.90447 69.9471 6.41518 16.4409 17.726 364.968 7.63596 11.4943 5.77024 
22.8692 0.439412 0.287921 61.9693 257.512 37.5666 0 24.1956 859.77 420.616 138.175 137.181 3.21063 87.5484 90.6238 23.7439 96.9754 2.41756 139.811 85.0586 141.685 19.7831 4.49081 52.162 47.7236 6.13176 0.568575 42.2762 
42.5185 256.699 78.3253 392.1 205.708 209.69 392.362 0 662.025 18.1976 300.932 144.663 99.1783 60.7763 18.1989 59.7197 12.3915 181.29 11.2071 75.1006 23.6007 65.5284 93.7258 39.105 113.658 36.3541 0.180892 119.665 
356.082 453.219 15.0862 435.033 264.123 348.552 294.244 661.079 0 42.1068 1367.4 102.189 128.666 10.3538 121.297 88.1622 387.831 140.752 148.658 86.087 185.804 0.369265 74.4234 68.2722 427.377 106.774 37.9358 2.38291 
138.934 43.4257 103.45 24.7909 57.5617 389.737 54.2503 202.046 385.904 0 446.753 245.739 226.834 38.9163 87.2788 63.0702 71.9106 22.1948 106.949 56.1016 65.803 55.1453 28.3833 2.77713 3.97231 64.9676 45.0271 20.2112 
183.063 259.654 127.854 194.209 4.54151 3.34024 436.734 365.854 718.335 356.898 0 450.566 143.797 0.016896 9.25515 228.693 91.8254 1.88111 89.12 86.3789 21.4765 68.2167 129.783 1.54832 96.2365 112.288 68.6756 2.68634 
161.136 223.211 182.283 259.227 151.545 14.5999 248.181 846.967 7.87797 62.6607 35.8834 0 40.6715 166.556 24.0183 103.02 46.9129 58.9984 40.6751 36.8506 143.367 63.0404 12.2481 15.3476 122.787 367.604 0.0187602 4.91003 
108.567 146.271 40.0561 23.7298 4.98482 76.4718 165.167 125.095 175.084 163.491 12.9746 89.911 0 111.395 1.22774 83.8796 22.1747 87.8575 85.569 35.9539 52.2581 10.8089 90.0439 70.0946 6.76042 55.1445 36.2346 14.997 
50.7674 4.76548 5.36953 16.5482 61.9919 6.99543 71.0319 126.03 41.8142 20.2792 5.4817 161.153 138.58 0 36.281 14.432 17.5432 8.3686 27.4756 4.38093 41.3444 0.301214 2.50516 1.18427 4.1596 0.171007 2.76144 7.39676 
12.4372 33.6659 20.5414 38.0963 89.9353 7.67125 4.63939 111.786 127.804 37.7455 0.737156 239.377 60.995 0.116384 0 63.8751 15.7671 0.0172723 8.40414 5.66781 42.0255 5.03037 0.237654 9.19403 9.47913 0.0914353 0.105562 14.8925 
75.1324 9.42054 1.92146 5.5371 10.4926 7.28595 45.6912 39.3592 81.5098 6.20663 96.3997 38.019 29.1914 18.8928 4.56388 0 23.602 20.4406 18.2537 0.553502 57.3972 8.49473 10.9138 27.3044 2.08966 5.95588 7.26282 0.344906 
384.958 479.231 6.45226 358.404 123.906 338.355 20.4998 77.7391 390.654 18.7541 72.7785 51.71 61.7258 16.0762 26.867 25.822 0 58.774 312.571 23.0145 1.19126 10.0623 0.154089 1.91479 353.143 0.108511 6.10233 6.72874 
214.16 138.579 157.624 8.95491 72.0669 15.5311 62.9607 58.5658 90.5963 43.5566 147.578 95.1173 103.942 21.1533 68.2234 59.6733 203.814 0 20.0421 87.284 79.9155 39.1457 44.4329 44.2017 19.7864 48.8502 22.161 20.1805 
116.486 161.547 57.394 11.7112 8.29948 9.17996 0.0150791 10.4916 144.284 121.441 104.145 44.2329 72.8758 17.7495 19.1264 0.118932 13.4284 148.713 0 1.97008 18.9051 5.81113 0.00801546 12.0436 28.0841 24.6207 8.31018 24.8483 
8.91064 127.367 0.337488 18.0367 25 14.0008 91.0944 11.9753 29.4397 53.7976 78.5422 6.81033 37.0893 1.39683 8.01475 4.7829 1.97177 74.6717 26.9403 0 148.572 2.49411 3.3575 6.34971 5.81876 4.02409 10.2728 11.0316 
92.5903 179.089 119.295 33.9345 121.114 74.6953 34.976 168.87 49.5708 39.0485 11.5468 23.0227 3.45229 2.38639 49.2716 5.36043 53.8699 76.1509 41.195 322.139 0 23.865 13.7632 0.170541 35.9882 63.0003 32.9387 35.67 
0.364793 49.2992 2.04525 0.897284 33.5846 1.98212 54.7132 61.124 53.458 43.234 61.488 30.4688 5.19734 3.92386 5.65688 2.86023 7.80656 1.99364 3.80407 0.22961 6.72596 0 12.9097 8.53615 12.9487 10.722 7.20913 4.27495 
0.601632 45.0402 5.67963 10.7795 55.4435 11.9769 20.9552 9.21699 35.7349 52.7398 117.832 61.9772 71.2652 4.75483 0.978181 1.3678 2.29405 36.7502 1.12538 2.89559 32.2794 4.18027 0 20.7749 23.4201 0.207449 0.139177 3.07025 
16.8215 0.0421522 5.64985e-05 15.5977 56.2503 11.5449 68.5979 129.395 76.9342 14.5661 26.0399 21.8909 46.1148 5.35486 7.5349 26.2939 15.0827 1.01799 7.28112 1.69999 41.0422 9.4227 8.55723 0 4.22941 15.0942 10.9531 2.09809 
351.13 401.119 26.0784 359.864 12.6988 360.313 80.1821 171.13 347.401 23.4446 122.032 872.613 5.86683 10.1753 0.00177842 56.306 350.736 43.7336 20.6354 11.2671 55.9249 25.6107 25.5685 44.4846 0 65.1871 186.398 93.8004 
27.2377 53.9248 9.83319 5.35648 54.1158 23.6181 79.2194 216.4 106.863 4.63967 112.945 0.226862 55.1658 6.78822 0.731475 12.7877 16.2461 55.9392 1.66318 10.1168 62.7249 1.63323 0.939535 11.3451 36.7484 0 0.225342 0.0003736 
39.5744 2.73664 17.9071 2.63153 6.84312 3.42899 2.34025 100.396 64.5518 19.2884 0.744661 57.6077 10.2211 2.12576 1.51005 17.8925 13.5609 0.117219 5.01711 7.18269 12.1731 12.7988 0.865571 5.19071 14.0948 37.6212 0 9.88019 
60.4827 63.5832 0.0614071 32.5663 51.5483 22.8885 32.0165 113.023 10.4365 16.9867 48.7367 67.2357 38.2433 1.34549 22.9504 0.00200833 7.61412 8.53896 22.9145 0.892659 43.0214 4.6204 8.20339 1.23699 35.9139 30.9954 44.1297 0 
