0 532.488 30.3829 502.725 242.061 389.913 77.9216 202.009 529.746 2.50008 124.081 228.156 26.294 53.8293 69.6665 2.52515 376.465 225.692 116.718 26.212 95.5595 6.33476 13.2812 13.0759 425.535 27.3888 46.895 4.20793 
373.414 0 465.995 596.902 72.2573 533.798 493.954 54.3126 656.403 116.585 53.9358 210.418 136.868 25.0907 15.0282 14.1054 424.915 6.88773 27.8087 78.6826 176.463 15.013 41.1659 3.84023 379.757 7.05148 9.31951 26.8518 
43.641 62.1192 0 120.514 105.889 66.1765 154.738 93.4547 415.344 2.0916 202.254 146.467 71.2507 4.25699 27.6346 24.3748 34.3477 41.6042 28.6883 4.85431 125.449 0.918381 6.0411 14.0575 27.14 18.4519 12.1626 12.4263 
636.698 599.603 388.419 0 14.8619 374.535 192.389 95.4224 502.525 46.1821 33.0636 115.147 72.8478 1.24542 3.14037 6.37466 421.66 115.355 4.38916 5.65287 141.402 7.83914 12.7661 2.24301 415.86 9.90863 13.4675 32.9879 
248.049 275.361 8.61269 113.316 0 103.33 360.241 196.75 8.79667 62.681 173.951 12.9049 176.987 36.9385 84.3922 66.3845 140.23 205.056 134.417 18.9552 0.315661 11.3979 35.7164 35.8408 67.0953 2.96934 48.8459 10.6363 
422.94 381.375 11.3828 374.276 17.2048 0 726.697 98.5546 438.429 362.204 273.533 157.851 1.81635 17.3812 6.46133 25.7076 382.969 3.15882 88.7016 10.1204 71.8491 7.20126 16.3816 17.8862 401.752 8.95273 12.1112 5.02994 
38.6388 21.1209 7.40845 43.6226 195.489 333.733 0 6.3941 372.963 480.247 204.203 113.658 0.339524 83.6829 101.581 18.463 93.4263 7.40626 132.473 81.5158 143.178 22.0051 2.99536 54.9716 52.4191 9.20034 1.02044 39.2532 
64.5891 271.862 48.7627 355.892 197.149 214.098 406.933 0 649.44 28.1959 327.934 383.417 105.85 69.0716 9.68984 34.0748 14.9433 180.157 8.39988 68.4462 32.6834 64.7393 96.474 48.1864 130.387 19.4574 0.00109909 113.781 
383.239 536.303 71.1585 432.368 294.363 436.12 772.301 652.446 0 77.2431 1345.48 141.533 115.053 14.1362 63.9029 99.4005 419.961 127.019 151.757 90.3326 186.933 0.79576 69.4391 72.928 470.953 97.9924 40.8251 3.99657 
132.276 61.4278 108.227 19.0254 29.9487 507.801 126.873 191.272 384.211 0 538.216 246.658 268.118 44.8993 74.4729 56.7552 69.2253 16.7552 111.908 56.3446 69.4723 53.354 31.5135 4.15883 5.7853 61.6939 45.7006 22.4731 
187.973 265.212 154.287 185.299 0.81256 14.5654 387.23 373.343 488.058 467.654 0 396.181 122.639 2.21573 0.753197 226.288 90.3658 4.08422 83.2597 85.9542 16.8934 70.1986 132.284 3.93304 86.683 99.515 71.3157 4.70503 
146.049 221.441 175.289 253.372 158.084 8.76366 230.936 1002.72 0.457292 80.7923 8.61783 0 48.155 165.049 47.773 25.0117 49.7723 65.6367 44.3984 41.3994 149.241 60.7837 7.73612 7.03418 111.633 314.801 0.54891 1.28595 
107.615 143.742 36.2756 20.6632 9.64526 54.1359 149.006 119.613 184.239 210.682 5.26632 98.1253 0 91.7101 0.0233156 82.7617 24.2428 90.9281 85.2455 37.0075 54.5064 15.1774 87.9172 69.4874 5.38872 54.9536 36.7798 16.3679 
49.714 6.52931 4.52161 15.5013 59.8325 5.83538 76.1925 126.289 51.7933 25.6053 15.3959 165.082 149.473 0 20.4565 12.0412 17.0509 7.071 27.41 4.46086 42.1028 0.546973 1.11122 0.602503 4.99292 0.392887 2.43877 7.88163 
10.0515 28.623 18.1544 38.824 87.3322 10.2377 9.67669 127.359 104.953 50.0431 22.4327 259.288 50.5745 5.50181 0 39.7909 16.6723 0.213335 9.66382 5.25529 40.0569 4.28713 1.05873 11.8926 11.4298 0.535772 0.246565 13.7454 
77.1263 12.3459 1.15672 7.92275 12.982 5.90916 39.2338 18.5307 69.9574 3.2972 71.3523 125.565 23.989 17.7995 20.8571 0 24.0316 22.6567 17.2306 0.747562 58.8367 8.00731 10.0918 28.9555 0.888021 3.48677 8.09644 0.770886 
416.65 510.893 4.7018 397.906 115.373 374.368 24.7189 74.5817 432.352 15.8069 75.6297 54.5201 60.7599 16.6002 26.2827 25.9662 0 89.9069 212.891 24.1832 0.687391 9.58596 0.0838012 2.21962 390.745 0.225878 5.69696 6.22405 
201.512 152.886 151.025 4.48537 89.3245 21.3592 47.671 67.7474 104.591 51.0606 141.382 101.563 104.986 19.3606 67.5423 58.7595 234.078 0 27.1366 86.4655 84.9231 38.5605 44.0886 44.9897 17.935 50.6171 21.0576 18.7454 
116.731 154.481 55.4056 9.33581 25.7939 5.30696 0.955371 13.5705 139.277 122.925 99.0515 40.5114 75.4427 18.623 17.6408 0.0248811 3.59668 150.12 0 2.68124 16.7825 5.24632 0.051297 12.7093 27.5431 23.8376 8.82895 25.1966 
1.65647 119.14 0.0466568 14.2103 20.3337 15.2208 92.9012 16.4164 24.5481 54.738 76.2735 4.63251 38.0667 1.53349 7.62391 4.3949 1.42193 71.1995 28.1977 0 222.009 2.35342 3.26669 6.33123 5.34022 4.46604 10.1252 10.8831 
71.8739 178.183 113.846 39.2012 124.213 73.3221 28.9871 178.714 40.3737 42.9239 8.15359 17.3655 4.51672 3.08384 50.769 3.95215 52.0413 70.9361 38.7403 331.577 0 23.2224 12.6666 0.0326459 38.1923 62.9852 33.9544 37.1425 
0.597256 49.9277 2.3271 0.697466 31.6709 1.51668 53.0579 59.7812 51.3897 45.7675 58.9131 27.6873 8.47773 3.31926 6.45721 3.32161 8.26987 1.56604 3.3287 0.286619 6.15938 0 11.8949 7.67668 11.8986 10.6585 6.85262 4.01024 
0.294271 43.2799 5.14485 11.5778 55.8967 11.3129 17.9485 12.5721 30.6247 54.7239 111.329 53.5854 76.7931 2.98379 2.30854 2.15158 2.59584 35.7076 1.42575 2.99888 33.1821 5.39147 0 19.1854 22.6483 0.374918 0.0491081 3.41755 
14.737 0.00997016 0.0351342 16.9295 56.3919 12.2729 67.1336 123.91 72.4907 12.0932 19.5832 11.7919 49.8603 4.30773 5.20573 23.0211 14.6165 1.48135 6.676 1.5237 39.8731 8.58739 4.38483 0 2.45353 14.4145 11.9182 1.66927 
385.387 435.275 26.814 399.349 10.7659 396.188 83.1384 158.888 380.44 26.8917 114.28 247.677 7.28715 9.25618 0.107177 74.2149 388.356 45.4643 19.7751 11.6347 54.6511 69.8623 25.921 43.1132 0 25.0598 46.988 76.765 
23.4242 49.9755 11.4368 3.48861 51.5764 22.5373 74.3748 200.019 98.0877 2.782 124.928 11.191 55.0323 7.56182 1.63505 9.43961 16.9931 57.1792 1.25464 10.4454 62.2703 1.8826 1.25385 12.3108 37.5292 0 0 1.25967 
40.8731 3.49185 17.5422 2.06594 5.95381 2.97218 1.62873 100.465 66.7515 20.8313 1.50037 64.2479 11.1653 1.83439 1.94211 18.2342 13.1088 0.0315889 4.58503 7.44908 13.2419 12.7506 0.612437 4.34315 14.1266 36.8211 0 21.2477 
59.9683 64.1198 0.199184 32.1132 52.5789 22.7776 35.0457 106.326 13.4313 19.1604 43.1586 81.5265 37.1851 1.68049 22.5769 0.0621592 7.08957 7.46603 23.391 1.08782 41.798 4.89009 7.90209 1.61668 33.7722 40.0383 29.0941 0 
