0 477.422 32.75 452.424 240.191 346.531 80.6811 205.368 489.744 2.21133 122.717 228.303 26.7889 53.8468 69.7964 2.71479 334.117 224.681 116.733 21.1669 92.9688 6.43024 13.1062 13.3141 382.585 26.918 47.0011 4.35106 
331.091 0 461.799 548.836 80.1372 494.621 488.458 51.9509 608.345 113.93 51.9109 211.234 137.404 25.4707 14.557 13.712 381.211 463.168 28.9648 80.1539 176.128 15.1886 40.9366 3.98186 336.966 7.32858 9.17119 26.5705 
46.3596 72.6893 0 107.113 103.506 66.3159 150.634 89.423 406.879 1.8035 204.622 148.103 71.4024 4.35559 27.8618 24.4269 34.6916 40.0466 29.1219 4.6781 125.715 0.895057 5.97566 14.1095 27.0671 18.6392 12.2391 12.5391 
600.89 551.585 381.935 0 15.8246 331.799 191.214 862.044 465.511 47.042 34.667 118.628 72.8813 1.18422 2.98638 6.09348 378.858 114.281 4.19436 5.97349 573.593 7.78216 12.8589 2.33585 373.375 10.2271 13.5905 33.0055 
246.373 286.59 7.63828 114.835 0 107.536 354.448 197.877 7.45687 58.8105 171.661 13.5036 176.716 37.3236 83.9902 66.118 140.932 203.561 139.149 18.4271 0.248001 11.5861 35.4756 35.6079 67.0412 3.113 48.8202 10.8096 
379.167 340.175 12.0448 331.875 361.995 0 1289.46 96.0674 404.484 94.656 273.586 157.621 164.948 17.5063 6.73843 25.7985 340.665 2.85271 88.9349 10.2695 72.0613 7.298 16.37 17.9013 359.166 9.11623 12.1855 4.94267 
40.786 25.6585 8.90427 41.5518 187.996 383.672 0 4.99869 319.521 485.404 212.532 110.847 0.189837 83.1758 102.86 17.8578 92.9719 8.1904 131.513 81.0548 143.31 22.2782 2.83369 55.3022 52.9846 9.61035 1.08398 38.8854 
67.4995 273.457 45.54 343.022 196.009 214.368 407.922 0 645.208 29.5359 330.854 416.517 106.639 70.0731 8.82828 31.3701 15.2661 179.951 8.08481 67.6286 33.8668 64.6344 96.7726 49.3195 132.352 17.7298 0.00787932 113.016 
339.71 499.552 80.3551 385.527 297.711 402.049 831.274 648.679 0 82.0607 1080.9 146.523 113.383 14.7086 56.7849 100.731 376.823 125.33 152.065 90.82 186.986 0.858359 68.8197 73.4774 429.168 96.8907 41.1752 4.21925 
131.409 63.7549 108.719 18.3664 27.1431 515.158 137.156 189.844 383.163 0 547.035 246.549 272.611 45.6228 72.8915 55.9713 68.8855 16.1407 112.455 56.3592 69.9091 53.123 31.8926 4.34378 6.02624 61.2754 45.7759 22.7503 
188.481 265.669 157.404 184.04 0.565296 16.4369 380.35 373.76 455.108 479.642 0 388.804 120.07 2.83541 1.80221 225.598 90.1739 4.40729 82.5363 85.8813 16.3701 70.4266 132.502 4.29422 85.5045 97.9317 71.6242 4.98627 
144.171 221.099 174.269 252.24 158.827 8.15068 228.668 1012.52 0.173854 83.0751 6.55625 0 49.0872 164.698 51.0972 18.9221 50.1175 66.4481 44.8525 41.956 149.907 60.5014 7.25451 6.23472 102.791 307.078 0.66258 1.00443 
107.472 143.377 35.8168 20.2999 10.3081 50.1346 146.967 118.918 185.251 216.226 4.55888 99.109 0 89.2317 0.0013441 82.5769 24.4961 91.2844 85.1838 37.1305 54.775 15.7475 87.5889 69.3829 5.23184 54.9178 36.8426 16.5359 
49.5769 6.76011 4.4218 15.3717 59.5566 5.69914 76.7902 126.246 53.038 26.2757 16.914 165.394 150.467 0 18.6471 11.7364 16.99 6.91999 27.3979 4.47003 42.1891 0.581468 0.974483 0.544324 5.09695 0.425775 2.40064 7.93954 
9.77664 28.0272 17.8626 38.8936 86.9835 10.5663 10.4033 129.184 102.196 51.587 27.0091 261.161 49.3239 6.65907 0 36.8274 16.7816 0.251897 9.82056 5.20548 39.8138 4.19972 1.19656 12.2276 11.672 0.614332 0.267614 13.6047 
77.3384 12.723 1.07648 8.23477 13.2982 5.74924 38.4629 16.4875 68.5613 3.004 68.4425 138.675 23.3784 17.6257 23.4404 0 24.0813 22.9287 17.1059 0.772906 58.9978 7.94707 9.98296 29.0645 0.775873 3.22638 8.19838 0.833614 
373.461 467.62 4.50663 355.661 114.289 331.716 25.2495 74.1892 390.369 15.4628 75.9658 54.8579 60.6342 16.6627 26.2091 25.9807 0 93.9451 236.744 24.3223 0.635571 9.52834 0.0767185 2.25792 348.265 0.242969 5.64842 6.16373 
199.819 153.25 150.065 4.04412 91.4713 22.1162 45.9227 68.8797 106.299 51.9906 140.592 102.332 105.091 19.1455 67.4454 58.6378 237.401 0 28.0545 86.3333 85.5192 38.4865 44.0418 45.0801 17.714 50.8245 20.9241 18.5728 
116.714 153.518 55.1413 9.06269 28.516 4.90424 1.16813 13.9672 138.612 123.038 98.4113 40.0634 75.737 18.7275 17.4611 0.0182348 3.54835 150.205 0 2.77432 16.5312 5.1793 0.0590852 12.7898 27.4746 23.7403 8.89232 25.2367 
1.45019 118.04 0.0294698 13.7635 19.7915 15.3667 93.0797 16.995 23.976 54.8381 75.9818 4.39547 38.1801 1.55028 7.57594 4.34801 1.36109 70.7567 28.346 0 230.436 2.33647 3.25543 6.32812 5.28271 4.52028 10.1065 10.8638 
69.4605 177.979 113.1 43.0782 124.556 73.136 28.2892 179.827 39.3046 43.397 7.7798 16.7274 4.65479 3.174 50.9425 3.79501 51.8145 70.2985 38.4417 330.462 0 23.1436 12.5352 0.0232605 38.4567 62.9691 34.0753 37.3179 
0.629241 49.9977 2.36222 0.674875 31.4377 1.46415 52.8489 59.6106 51.1335 46.0661 58.5929 27.354 8.92429 3.24781 6.55581 3.37903 8.32638 1.51757 3.27291 0.293939 6.092 0 11.7628 7.57162 11.7738 10.6494 6.80929 3.97838 
0.264337 43.0609 5.08052 11.6738 55.9416 11.2307 17.5945 13.0093 30.0201 54.9471 110.479 52.5771 77.4147 2.78206 2.50454 2.25629 2.63352 35.578 1.46442 3.01121 33.2885 5.54348 0 18.8712 22.5367 0.398438 0.041296 3.46031 
14.4903 0.0187243 0.0437784 17.0886 56.3995 12.3596 66.9386 123.169 71.9351 11.805 18.851 10.7629 50.302 4.18243 4.94541 22.5628 14.5593 1.54321 6.60375 1.50277 39.7263 8.48433 3.94264 0 2.32839 14.3252 12.0337 1.62018 
342.517 392.367 26.8937 357.095 10.5403 353.494 83.4708 157.26 337.461 27.3164 113.286 991.14 7.46824 9.14372 0.138466 74.5739 345.879 45.6695 19.6697 11.6778 54.4873 72.3123 25.947 43.3637 0 27.7731 51.171 60.207 
22.9728 49.4906 11.6339 3.28686 51.2608 22.3999 73.7637 197.731 96.9866 2.58765 126.314 14.4622 55.0034 7.65479 1.7677 9.05292 17.083 57.3203 1.20884 10.4835 62.2012 1.91378 1.29461 12.4237 37.5994 0 0.00331474 1.58678 
41.0266 3.58929 17.4955 2.00164 5.8496 2.91865 1.55096 100.445 67.0088 21.0193 1.60949 65.0514 11.2815 1.80023 1.9978 18.2708 13.0537 0.0248912 4.53366 7.48104 13.3733 12.7434 0.584576 4.244 14.148 36.6949 0 22.8425 
59.8944 64.1734 0.221197 32.0488 52.6971 22.7597 35.414 105.47 13.8161 19.4284 42.4896 83.2784 37.0528 1.72324 22.5241 0.0811837 7.02673 7.34002 23.447 1.11265 41.6451 4.92285 7.8645 1.66574 33.4982 41.1029 27.3698 0 
