0 91.8939 66.8048 103.08 213.204 69.7191 116.233 243.797 251.64 0.108348 105.667 227.41 33.087 53.866 71.0438 5.56405 68.9936 209.001 116.099 6.21798 62.7143 7.64506 11.0239 16.3464 109.391 21.3352 48.2021 6.2804 
120.02 0 344.754 208.284 198.76 263.405 392.688 26.6756 269.163 82.0755 29.7147 219.141 143.017 30.2116 9.31252 9.27661 99.5275 734.974 44.5249 97.6612 170.445 17.3854 38.0521 5.90611 66.1599 11.1008 7.43402 23.168 
83.5365 240.903 0 10.7739 74.2801 66.189 99.4099 44.9648 272.874 0.00496184 228.165 165.983 72.8127 5.61634 30.3656 24.8251 38.7985 22.8187 34.4335 2.74499 127.142 0.632194 5.17923 14.6836 26.0069 20.8388 13.1604 13.9051 
394.353 211.282 106.941 0 29.6676 62.4967 172.526 924.066 266.082 57.6478 56.5198 161.167 72.9286 0.555638 1.39823 3.10763 107.423 100.163 2.14982 10.4713 336.379 7.08743 13.9671 3.60628 105.641 14.3845 15.0958 33.0457 
221.468 415.147 0.411423 132.178 0 241.88 272.443 209.832 0.0301729 20.2711 142.712 21.8156 171.57 42.0049 78.5645 62.5794 148.13 182.962 196.616 12.4489 0.0809121 13.9802 32.4875 32.7165 66.1544 5.13144 48.4219 13.0167 
96.6799 96.4242 21.1861 66.6223 815.064 0 1432.24 66.5087 268.78 747.012 264.612 152.956 460.629 18.9256 10.4832 26.7058 75.7315 0.360139 90.4524 12.1125 74.327 8.50389 16.152 18.0078 90.4153 11.1724 13.085 3.92074 
70.5795 111.887 37.2585 19.6082 101.754 871.982 0 1.8814 3.36166 506.561 314.527 77.8071 1.86042 76.3558 117.35 11.1348 87.0137 20.7796 118.667 74.9051 144.08 25.6799 1.2083 59.1523 59.7964 15.253 2.01379 34.3715 
106.391 288.339 14.1336 137.821 180.421 212.976 405.974 0 550.857 47.9464 359.446 812.31 115.908 82.1214 1.47415 6.81612 19.4408 176.236 4.68858 57.5213 49.6443 63.1923 99.7959 63.5733 154.783 2.90362 0.591413 102.843 
63.55 303.333 219.62 76.7004 331.924 265.429 1298.31 559.259 0 148.143 740.459 209.606 92.827 23.6663 138.751 116.228 101.57 104.463 154.644 96.2694 186.154 1.81309 61.0218 79.8902 169.754 82.915 45.4481 7.40508 
119.869 94.1485 113.106 11.0945 3.66478 465.183 276.236 170.492 356.191 0 604.334 241.39 315.614 54.3365 53.505 46.1938 64.4948 9.46237 118.146 56.276 75.0959 50.0678 36.5 6.90277 9.3272 55.8175 46.5849 26.1857 
193.114 267.371 192.725 165.839 1.16959 47.3268 285.485 370.155 176.976 585.809 0 289.467 89.1595 16.3315 49.2468 210.486 87.5716 9.31865 73.5087 84.618 10.5669 72.9955 133.624 9.92652 70.891 78.2706 75.1858 9.04751 
120.634 214.7 159.044 231.496 166.978 2.39888 198.328 954.266 7.56969 112.034 4.24678 0 60.8622 157.546 97.6703 14.1585 54.3069 76.4456 50.4385 48.8211 157.188 56.9017 2.57094 0.330015 4.50723 199.156 2.90828 0.379964 
105.249 137.905 30.2301 16.0247 20.0458 5.49324 121.036 109.929 195.778 277.207 0.0275328 110.858 0 58.7311 1.90714 79.4776 27.6356 95.3532 84.0371 38.5505 57.9881 23.352 82.3979 67.5731 3.48322 54.2601 37.5504 18.6198 
47.7366 9.86912 3.26318 13.7465 55.949 4.12381 83.5457 124.43 68.6612 34.8079 40.4004 166.239 156.379 0 2.34405 7.92588 16.2243 5.18592 27.1758 4.57264 43.1463 1.08221 0.0184135 0.0675216 6.41402 0.929971 1.95211 8.63066 
6.68056 21.0639 14.2937 39.4117 82.1654 14.8343 21.1673 149.927 69.6779 70.9338 110.934 273.626 34.553 26.875 0 7.14905 18.1123 0.981779 11.8034 4.60021 36.7728 3.18262 3.49811 16.3588 14.7031 1.99263 0.593774 11.8644 
79.3962 17.7007 0.322403 12.3936 17.3997 3.9307 29.3295 1.01235 51.8142 0.507739 36.2826 315.556 16.3406 14.8846 58.9912 0 24.6444 26.3079 15.571 1.11381 60.725 7.19312 8.51948 28.729 0.0149956 0.817468 9.45508 1.78878 
97.6092 189.409 2.43113 91.2531 100.314 62.6334 32.0491 69.2318 129.113 11.496 79.9064 58.9329 58.9464 17.4073 25.26 26.1074 0 145.937 342.486 25.9745 0.16488 8.82576 0.0152916 2.75006 80.9536 0.50223 5.06565 5.44131 
176.67 210.139 135.755 0.477398 118.28 32.1616 26.6951 82.9913 127.146 63.6315 130.288 111.471 105.978 16.5589 66.0124 56.9631 270.389 0 40.1742 84.1495 92.5938 37.5287 43.3828 46.0943 15.0758 53.2363 19.2936 16.4903 
115.68 140.038 51.5299 6.00447 70.7865 1.22955 5.47015 19.212 129.539 123.234 90.2228 34.658 79.0263 19.9782 15.2788 0.0204755 20.2523 149.728 0 4.02967 13.5662 4.3852 0.19894 13.7727 26.5881 22.5112 9.67564 25.6903 
10.8001 103.065 0.138036 8.69407 13.6198 17.1075 94.5387 24.7175 17.3844 55.8133 72.1302 1.98237 39.4772 1.75966 6.97919 3.7788 0.720837 64.9936 30.0814 0 311.419 2.1312 3.11314 6.27476 4.58901 5.19402 9.86313 10.6055 
42.254 173.871 102.596 116.034 128.158 70.526 20.2948 191.901 27.1255 49.2263 3.88807 9.80339 6.50249 4.37418 52.92 2.11706 48.9555 62.4365 34.7797 279.877 0 22.164 10.9591 0.0371284 41.6347 62.5228 35.5141 39.4072 
1.08736 50.745 2.80838 0.427405 28.5705 0.891456 50.1497 57.3909 47.9116 49.5497 54.5426 23.3511 15.1801 2.41355 7.78398 4.10427 9.02352 0.983944 2.62275 0.390656 5.29045 0 10.0169 6.28233 10.3001 10.5136 6.27768 3.59241 
0.0277952 40.2885 4.30528 12.8308 56.315 10.1979 13.4657 18.8592 22.93 57.3578 99.1315 40.5349 84.0486 0.773568 5.43288 3.67889 3.11286 33.9407 1.97661 3.15855 34.5375 7.45798 0 13.4332 20.8787 0.741162 0.000499117 3.99324 
11.589 0.347446 0.226028 18.9831 56.3248 13.3901 64.259 112.885 64.8874 8.50097 10.8788 1.88858 55.4505 2.71954 2.22725 16.2531 13.8478 2.39937 5.7393 1.25493 37.8477 7.20287 0.323485 0 2.42706 13.1224 13.4143 1.07241 
70.7052 119.616 27.6984 92.4534 7.94107 83.4937 87.0542 135.246 65.0348 32.6021 100.316 1066.5 9.83368 7.75974 0.841309 50.4605 78.6066 48.0953 18.3635 12.1753 52.324 30.1213 25.9816 52.1226 0 116.787 137.477 76.2581 
17.6778 43.4852 14.0722 1.28156 47.2742 20.6133 65.928 165.388 83.0161 0.7685 141.825 84.052 54.4297 8.76847 3.76974 4.80188 18.17 58.8817 0.715004 10.9181 61.1134 2.31148 1.83746 13.7212 38.0156 0 0.579356 8.39795 
42.8351 4.88137 16.8822 1.29161 4.63929 2.2965 0.750253 99.699 69.9834 23.3336 3.24738 74.7814 12.7325 1.40374 2.73487 18.633 12.3763 0.00754781 3.92302 7.86597 15.0103 12.6321 0.294363 3.10059 14.7835 34.6634 0 44.6501 
58.7897 64.6283 0.582604 31.0971 54.0252 22.4629 39.9266 94.3341 18.8836 22.7778 34.4872 104.688 35.3618 2.28148 21.7482 0.517321 6.27117 5.87075 24.1005 1.43672 39.6982 5.32501 7.38697 2.3165 29.9763 52.8585 9.56137 0 
