0 586.627 10.0614 356 84.8294 16.1471 77.9131 155.162 31.0558 114.868 142.45 209.132 44.716 51.2143 17.1587 78.8026 18.1474 153.289 0.364713 66.0233 136.555 39.0013 41.178 4.03654 13.78 68.9069 33.5352 34.5302 
379.993 0 0.000169263 233.002 512.181 241.949 176.241 97.9344 329.131 194.248 2.66078 50.6056 44.1566 66.7935 49.723 64.0998 66.815 352.285 146.034 127.222 105.37 3.3215 0.787465 17.4495 90.7319 25.3209 10.075 7.91581 
18.7923 445.045 0 294.808 45.183 54.3372 154.738 9.12028 419.388 17.6326 51.7902 172.22 38.1594 15.8527 15.181 0.0534678 0.00841102 115.207 54.4732 5.16887 115.64 0.421023 12.1067 4.42883 15.2668 16.6288 1.80283 0.0777976 
14.0113 235.729 241.113 0 93.9039 75.7908 61.8436 740.998 12.9159 106.89 166.833 7.10836 8.49557 0.0370346 7.58024 10.6012 13.1752 48.6464 20.3512 40.4051 332.734 0.49614 2.65038 1.16578 46.7073 2.45462 27.0429 18.3439 
75.2559 353.033 156.117 5.4062 0 352.218 218.218 63.6438 353.768 264.836 0.048379 67.9769 52.7366 45.2469 7.42495 0.0362167 100.741 55.1105 47.4214 2.49341 111.02 31.6403 0.708092 11.8415 38.8314 5.66755 14.2729 4.059 
14.2919 173.136 44.6018 79.6077 613.181 0 1482.67 26.7118 188.665 272.158 103.193 141.123 81.0445 21.9559 38.7829 27.3087 15.6423 75.2849 88.3216 0.999099 14.1748 2.22552 0.42349 4.96291 17.556 0.0863583 4.99361 0.0574128 
124.383 373.908 7.40847 199.819 376.653 752.359 0 60.6209 980.474 311.855 68.5701 256.392 114.828 74.6703 3.3279 103.658 24.2614 162.924 67.2676 21.9017 138.779 59.8836 29.3366 21.8137 9.93028 50.3478 38.1457 69.2877 
278.837 148.346 0.00531599 127.053 3.95264 54.2485 359.427 0 34.242 141.47 358.1 256.754 138.897 99.9402 7.61799 46.5873 86.5777 52.7409 114.891 18.3864 143.758 34.5685 3.16634 13.3895 117.27 218.94 90.562 81.5967 
148.638 138.416 66.7338 289.212 39.3691 191.943 482.537 39.4585 0 321.801 998.395 402.002 7.09789 144.994 200.393 115.436 125.415 118.319 129.655 3.6223 123.528 63.4387 72.3524 33.8676 120.345 51.2634 71.3843 89.606 
121.197 8.17967 87.9328 16.3795 298.857 518.506 4.15852 89.268 200.827 0 559.194 196.36 52.5603 7.62198 25.9138 87.1609 48.5264 125.914 0.0072056 1.44984 73.1227 4.02084 2.09275 7.91076 0.135989 5.86239 8.40052 6.64945 
178.907 248.501 14.9276 55.3759 163.416 103.547 322.966 370.837 152.219 496.839 0 66.6545 206.643 35.8812 406.765 11.2949 0.23119 0.194555 24.4746 33.3885 82.8253 78.4639 129.592 125.487 10.8915 120.05 80.3067 10.4608 
195.403 5.61937 46.5856 219.567 13.9557 59.4536 150.138 53.0028 226.703 3.70654 149.939 0 11.1399 52.7608 3.14082 42.443 0.457812 73.1348 98.884 88.3637 46.2676 9.37497 60.8522 149.42 278.217 304.164 120.637 111.102 
23.861 1.70377 70.5718 30.7131 147.366 56.0939 213.051 77.114 183.692 107.241 246.227 0.439297 0 141.955 33.9117 16.8578 12.3576 92.5036 5.60647 0.200464 24.357 26.2219 47.8082 31.9477 2.71918 47.6251 25.4593 0.0640169 
39.4451 70.9247 7.33005 9.2431 3.47745 0.105645 4.31785 14.0757 94.7884 0.423024 13.3342 83.7331 18.5886 0 34.8372 10.8708 0.748871 49.3702 4.77711 3.19484 9.13582 2.13133 0.14669 5.29631 16.4668 0.287887 10.839 0.394122 
40.0968 33.5213 29.7907 36.1421 4.97249 35.8751 43.8829 180.582 100.747 100.014 400.519 197.58 2.08904 0.277005 0 0.719671 13.4864 0.103521 23.3375 5.34589 1.42228 0.00780343 2.33044 12.7322 30.016 14.0221 3.85598 18.3312 
4.47612 4.90074 24.4789 41.09 74.1167 1.83598 96.9906 28.4101 23.1975 71.4644 181.475 373.337 13.4181 4.0008 84.2243 0 26.1395 57.6386 22.1411 0.253041 6.89598 6.29668 12.4595 5.92473 16.3308 0.286761 12.2159 4.24642 
48.5631 12.2485 47.827 67.8081 1.96869 17.4059 93.8168 5.78636 12.2676 84.1363 45.7679 0.0259179 27.3922 19.2837 28.1421 25.0477 0 202.447 213.465 32.2401 32.9685 21.2395 17.2326 16.49 34.7116 10.6584 10.0245 24.2855 
190.636 173.734 157.206 145.71 225.336 122.984 25.9493 31.4841 88.8627 100.99 155.315 38.3873 105.419 38.5988 67.8571 25.0158 57.5666 0 136.989 27.8411 0.161322 1.48256 39.6186 40.1812 58.6776 35.0452 27.5833 5.75538 
0.695041 16.7707 30.1861 28.1664 0.212854 5.93856 39.7425 63.4802 61.4995 7.83139 39.4067 0.0789131 2.11748 1.38238 5.1914 28.4982 135.59 4.5958 0 1.5715 69.0291 4.66321 4.60324 23.6491 23.686 30.6651 0.33502 6.95544 
40.1394 1.37917 0.0861853 36.6905 1.97823 3.96494 69.2341 65.7013 105.796 0.0146902 56.6045 10.6696 0.0433726 0.300977 3.0701 5.54589 10.7001 56.4355 26.1108 0 188.264 6.38447 0.847264 4.37282 6.32557 9.5655 0.0247715 11.4095 
111.601 96.5074 67.9277 176.886 42.9861 0.169753 43.1265 8.44445 4.90052 46.9608 98.4195 119.564 1.83866 13.5996 46.7986 55.8334 66.824 112.761 53.2101 11.8275 0 32.827 5.27364 42.0588 59.8944 57.1328 34.5974 7.74883 
32.0563 39.8296 3.26162 2.24141 40.1429 6.04611 11.7848 44.063 32.059 50.7208 28.1714 0.712213 17.6598 1.29879 15.1214 6.34245 0.47928 38.4319 6.80776 2.4952 24.2085 0 0.12063 13.9093 18.8436 9.43986 0.582446 3.7145 
46.3691 1.44868 12.3911 1.86562 19.6117 6.6811 9.64719 52.3157 98.9031 21.3386 118.195 11.5917 88.874 1.24226 4.00519 0.0012833 9.96006 27.2143 8.83342 4.08969 38.4689 14.3982 0 19.3333 24.0782 0.971351 3.92168 10.1451 
27.293 6.14984 15.1268 4.37984 2.01804 0.0238948 2.28882 138.676 97.8899 7.46031 69.8573 140.242 68.5244 9.36934 4.56482 0.447719 9.46589 0.0187795 0.16906 5.36912 25.0536 14.0728 4.61231 0 22.6656 6.47493 4.23087 14.1254 
44.7581 47.3709 4.06939 24.1191 3.06424 12.3086 41.4299 168.72 14.4747 11.6422 31.4697 546.466 11.1386 0.91527 27.1048 69.5513 36.4745 0.218822 14.6262 3.9816 13.6426 4.05864 20.7543 25.0762 0 104.648 139.451 110.24 
65.8524 26.3279 9.59459 11.6903 70.5268 26.6183 28.2462 153.469 51.3621 27.5349 104.905 213.924 47.1378 7.23481 17.1098 0.64273 27.1744 25.0519 12.5218 12.0127 59.8909 0.0178018 2.16813 0.981763 42.2926 0 18.445 57.6803 
24.8973 3.02386 7.28687 10.4122 14.1914 9.56532 53.0739 9.22 47.6316 2.06236 7.35371 69.1018 38.7711 11.0993 7.51811 1.27632 17.3403 44.7734 21.365 6.17041 44.2808 7.68469 5.91642 12.0491 50.406 12.9359 0 86.7848 
34.6692 21.26 9.02084 11.1625 16.6613 15.188 4.60828 90.7983 97.4203 4.6066 95.5532 1.23449 42.0924 1.64808 23.3641 6.82468 24.1018 0.359534 9.8396 0.330667 49.5453 8.30737 0.14003 10.7045 7.80603 13.8321 4.35208 0 
