0 84.8643 136.759 42.3938 152.8 34.7499 180.172 292.597 267.86 2.90314 75.4388 214.083 44.9441 53.0334 71.6532 12.7196 49.1368 169.226 111.378 101.54 20.9242 9.96325 7.69241 22.079 72.6256 12.6507 49.8461 10.3909 
359.892 0 51.1995 68.7761 427.672 270.562 164.093 1.95049 121.639 34.2274 4.88348 223.155 148.288 38.7225 2.76833 3.42722 52.0522 394.329 76.2376 123.565 153.982 21.401 32.7351 10.0682 35.4418 19.2186 4.77048 17.4794 
152.964 469.561 0 216.478 29.2591 58.119 24.7336 1.85078 39.314 4.64109 240.403 185.289 73.2344 7.98738 33.2867 24.4346 45.3058 3.46675 43.4013 0.531717 121.458 0.277337 3.83274 15.3846 23.4651 24.1222 14.6883 16.1832 
350.479 70.6705 58.164 0 61.0123 38.0352 125.158 1127.98 336.392 75.6119 101.188 225.073 71.3988 0.0183285 0.0419065 0.225588 73.4088 72.6615 0.182365 20.2163 430.05 5.89318 15.7464 6.35889 77.1445 22.3985 17.6894 32.3353 
163.117 531.078 9.54473 154.696 0 395.582 114.976 221.713 27.2388 1.83991 91.3206 40.2745 154.943 49.8712 67.1553 55.2946 153.945 139.297 276.394 4.52752 2.73044 18.5227 27.1428 27.5415 63.6236 9.75087 47.3572 17.2173 
48.5112 137.296 39.57 48.4924 451.866 0 605.354 23.9046 468.451 869.323 210.623 137.122 46.6589 20.8235 18.1734 27.3247 54.6103 1.7387 87.0689 15.3235 76.7239 10.6713 15.4399 17.8452 61.2022 14.9068 14.5981 2.36722 
132.905 337.949 118.316 0.442815 7.5227 310.542 0 56.6835 980.47 364.278 453.418 30.4129 19.8723 62.2354 135.736 2.92523 75.0935 54.4542 92.5417 62.3007 141.599 31.7973 0.00396225 64.8707 70.8819 27.5138 4.29956 26.5774 
181.721 291.992 3.04365 69.4161 147.229 190.437 343.387 0 269.176 87.0232 373.17 975.497 129.96 101.263 3.61556 7.84302 27.6332 164.665 0.912335 40.0495 81.6835 59.991 102.122 88.8157 183.463 7.65612 3.81196 82.2581 
40.4359 385.802 443.916 42.9807 355.447 466.525 482.541 280.398 0 273.293 335.084 314.622 58.2008 47.1765 137.372 138.11 62.3028 68.754 153.672 103.216 178.219 4.30447 46.8579 89.4177 154.165 57.5892 52.7606 14.8924 
96.4361 150.762 113.092 2.50136 15.6614 105.506 478.457 130.437 257.651 0 466.128 216.287 323.919 68.0836 23.1442 29.272 55.9384 1.90008 123.197 54.971 83.3081 43.8386 44.1711 12.5653 16.502 45.1242 47.4813 32.2728 
193.888 253.117 233.919 124.496 18.0731 126.348 112.098 326.883 33.1009 537.071 0 113.564 41.58 62.0415 234.672 159.37 81.9466 21.9195 57.3373 80.8013 3.3143 76.4276 128.716 24.6503 45.8083 45.0913 80.3583 18.6886 
79.2863 194.333 122.682 170.628 176.644 0.602276 138.072 316.333 65.5851 163.401 97.0638 0 82.4509 133.634 188.711 261.512 61.3984 93.8648 60.1951 60.7631 165.711 50.0584 0.116097 7.86158 64.3797 31.2715 10.49 11.7004 
99.3296 124.242 20.8685 9.47501 43.3864 46.6294 74.8496 92.4672 205.074 331.082 10.7456 129.499 0 14.9729 14.4271 70.6337 33.2382 101.046 80.3346 40.6223 63.2197 38.6973 68.7979 62.1749 1.23849 52.1529 38.5122 22.3498 
43.8529 16.4437 1.58196 10.8066 48.7528 1.87696 92.3778 115.707 96.0014 50.3222 96.8806 154.677 138.395 0 13.2037 2.23145 14.803 2.70032 26.4652 4.70805 44.3573 2.27195 1.8046 0.343987 8.82931 2.22564 1.2582 9.73712 
2.57898 10.7575 8.4144 38.8066 71.5832 22.914 46.7481 176.191 24.9964 103.072 308.609 247.246 13.2581 60.0711 0 15.7358 20.3821 3.38412 15.5038 3.57572 31.2324 1.68288 9.62999 22.9219 20.0434 6.06782 1.46026 8.82445 
80.4935 27.761 0.0710064 20.6832 25.443 1.48661 15.4029 19.1386 25.882 1.19118 2.89546 495.551 6.5574 8.44813 88.867 0 25.4245 32.35 12.8802 1.83668 62.6016 5.82758 5.62357 21.4333 1.46128 0.494643 11.6463 4.21548 
57.5816 139.808 0.301541 70.2313 73.9415 34.9865 44.9968 59.9991 113.228 5.79492 85.9277 65.7188 55.366 18.6127 23.4014 26.0972 0 232.188 341.139 28.5987 0.0796269 7.6139 0.0212266 3.7103 54.8135 1.17547 4.0993 4.25453 
128.627 402.336 101.94 2.67742 164.408 52.3115 4.80271 108.007 161.757 84.4881 109.964 125.923 105.757 12.2946 62.4489 53.2498 285.611 0 64.2904 77.9403 103.736 35.6295 41.8519 47.4414 10.8109 56.8339 16.4782 13.0064 
110.288 110.497 43.7775 2.06162 168.639 0.738923 20.0817 29.9312 110.103 118.329 74.6927 25.6772 83.2701 22.0163 11.592 0.396811 81.137 142.259 0 6.70529 8.93828 3.12312 0.640077 15.4643 24.8329 20.2103 11.075 26.3118 
72.3683 72.4101 1.72088 2.27546 5.2801 19.8626 93.7833 40.5609 8.03297 56.374 64.2828 0.0339784 41.3116 2.13909 5.90731 2.82106 0.0817167 53.7009 32.7122 0 297.219 1.78315 2.84662 6.11444 3.43761 6.39742 9.37598 10.0588 
9.13444 159.86 79.5083 113.279 131.667 64.5843 9.11665 205.228 10.6191 59.4232 0.267649 1.97902 10.4023 6.88081 55.6768 0.332521 43.6341 48.6914 28.4138 99.0175 0 20.3893 8.36354 0.635001 46.8519 60.6471 37.8313 42.7657 
2.18008 51.5504 3.6542 0.127315 23.554 0.220751 44.8752 52.9627 41.9561 54.7441 46.9904 16.8005 29.0141 1.18746 9.97268 5.44691 10.2624 0.322215 1.63996 0.590883 3.9975 0 6.65377 4.10791 8.03194 10.1691 5.34921 2.93997 
0.19672 35.1024 3.03003 14.7368 56.1722 8.31359 7.32674 30.9768 12.2961 60.0273 76.2004 21.8168 90.6108 0.395349 12.151 6.55214 4.02951 30.868 3.03889 3.39839 36.4626 10.768 0 2.60305 16.9088 1.56784 0.1743 4.95564 
7.125 1.89948 0.877322 21.9657 55.4483 15.0189 58.3689 90.5532 51.8031 3.86719 1.95225 4.05845 62.9843 0.757285 0.019713 5.21991 12.5591 4.32375 4.32827 0.86285 34.2296 4.96835 3.87155 0 9.4146 10.6296 15.6096 0.370871 
38.0924 83.317 28.3026 70.348 4.1826 52.4163 90.998 91.1068 34.6298 41.9781 75.2388 1157.95 14.5653 5.39029 3.42091 46.0265 52.5704 51.9065 16.0237 12.906 47.8899 61.8226 24.8981 63.4334 0 55.0271 70.3832 58.3479 
9.69964 32.9345 18.2817 0.00778814 39.8824 17.1226 51.1629 98.2352 57.6904 0.176382 160.67 274.391 52.4632 10.5321 8.69524 0.402258 19.9984 60.8366 0.15672 11.5248 58.1673 3.07168 2.95628 15.5108 36.7311 0 3.86669 29.3122 
45.6511 7.56854 15.6362 0.410046 2.82672 1.36708 0.0384609 96.2036 74.3405 27.3939 7.4111 90.7817 15.3808 0.814209 4.25123 18.8704 11.1784 0.266019 2.94038 8.50726 17.9851 12.3341 0.0220376 1.46968 18.03 29.2113 0 80.7079 
55.9961 64.5145 1.61171 28.7499 55.7903 21.606 47.6903 72.7932 29.1279 28.8349 21.7062 139.158 32.1233 3.39566 19.8566 2.14561 5.01659 3.64836 25.0945 2.08802 35.9884 6.02865 6.48611 3.65469 23.6743 63.4759 1.06354 0 
