0 71.9765 144.58 14.8809 145.209 0.0346315 187.184 296.266 237.363 3.75718 72.007 211.618 46.3672 52.8661 71.5917 13.7095 15.6638 163.843 110.543 104.338 17.3501 10.2466 7.33564 22.7703 36.9968 11.7561 49.9972 10.923 
360.181 0 30.1609 25.3666 449.029 236.926 139.151 0.902776 75.2529 29.7312 3.32829 222.783 148.504 39.7101 2.24879 2.92342 15.5918 251.311 80.1174 125.982 151.592 21.8774 32.1028 10.611 0.656969 20.2677 4.49503 16.8488 
160.221 473.257 0 244.669 25.0489 56.612 18.8074 0.514843 23.7836 5.80218 239.216 186.377 73.1117 8.26894 33.4889 24.3 45.9864 2.28921 44.3844 0.38338 120.147 0.245204 3.68289 15.4392 23.12 24.4442 14.8568 16.4341 
303.648 27.0282 124.69 0 65.0308 4.25192 118.927 922.259 309.302 77.5667 106.573 230.806 71.0903 0.00411104 0.0081396 0.104319 38.0664 69.3864 0.0932346 21.4354 71.6037 5.75732 15.9365 6.71521 42.3512 23.3508 17.9834 32.1895 
155.612 531.407 12.3451 156.497 0 389.861 98.7426 222.285 33.4997 4.1628 85.5953 42.6916 152.451 50.7408 65.7057 54.3737 154.028 133.852 282.517 3.84628 3.27721 19.0739 26.52 26.938 63.2522 10.3695 47.2038 17.7285 
12.0699 111.776 41.6923 15.3351 520.532 0 6.42776 20.1205 449.369 599.993 201.905 134.722 539.31 20.9885 19.1178 27.3135 20.8601 2.37231 86.1912 15.6865 76.8666 10.924 15.3312 17.7976 26.4154 15.3415 14.7672 2.20871 
140.456 363.916 128.84 0.0481851 3.4005 214.28 0 67.3753 1101.63 337.153 463.29 26.1163 23.1077 60.4692 137.161 2.30223 73.6127 59.1388 89.3265 60.7258 140.998 32.5121 0.00335367 65.438 72.0696 29.0945 4.61703 25.695 
190.398 290.509 5.68246 43.1796 143.024 186.334 331.997 0 235.048 91.9209 371.566 931.476 131.377 103.239 5.10926 11.7023 28.6463 162.932 0.661541 38.0987 85.6408 59.5666 102.138 91.6446 185.671 10.7501 4.36214 79.7187 
7.92113 361.094 457.158 13.4209 354.85 447.818 342.225 246.002 0 286.602 800.98 325.161 54.452 50.4356 165.928 140.085 26.477 64.8245 153.106 103.787 176.783 4.65878 45.2113 90.3574 120.686 54.6964 53.5858 15.9045 
93.5377 157.155 112.445 1.88788 21.3905 80.5211 490.83 125.486 243.431 0 434.443 212.19 318.951 69.4837 20.2136 27.4121 54.8889 1.38894 123.354 54.7256 84.1762 43.0557 45.0082 13.3071 17.4328 43.8227 47.5412 32.9753 
193.363 250.106 236.44 119.213 21.2635 136.462 94.8928 319.167 45.0887 512.515 0 96.2901 36.9359 68.6546 258.142 152.009 81.2122 23.6839 55.467 80.2318 2.72955 76.7323 127.595 26.7018 43.0527 41.5557 80.8624 19.9932 
74.679 191.29 117.92 162.235 177.355 1.09453 130.896 241.042 75.4714 169.082 114.387 0 84.979 130.081 198.539 298.23 62.1937 95.8454 61.3121 62.1157 166.326 49.2286 0.321773 10.1726 47.5576 19.9518 11.6514 13.9792 
98.4851 122.357 19.8416 8.80615 46.518 53.654 69.731 90.3379 205.348 331.665 13.4798 131.451 0 11.4879 16.5561 69.3606 33.8912 101.579 79.7711 40.826 63.7894 40.5756 66.923 61.3798 1.04928 51.8323 38.6002 22.7857 
43.3531 17.2872 1.42093 10.4645 47.859 1.66631 93.1187 114.269 99.0221 52.0931 104.042 152.326 134.202 0 17.3927 1.75614 14.6324 2.46049 26.3569 4.71996 44.4579 2.43205 2.25296 0.467031 9.11118 2.40589 1.18603 9.85499 
2.22118 9.75021 7.79203 38.6123 70.2077 23.8574 50.1101 178.191 21.3326 106.347 328.455 240.516 11.3327 61.3897 0 21.8135 20.6386 3.75265 15.9469 3.46097 30.5789 1.53562 10.4468 23.5626 20.6429 6.65561 1.5841 8.47979 
80.4088 29.0139 0.132092 21.6815 26.4317 1.27304 14.0141 24.7981 23.3043 1.68979 1.3969 493.048 5.67672 7.6764 86.8617 0 25.4973 33.0534 12.5706 1.9299 62.7206 5.66793 5.28324 20.1837 1.85191 0.79041 11.8954 4.55101 
21.7007 102.426 0.185454 36.4266 70.8373 0.556765 46.5574 58.8942 79.9818 5.24721 86.5461 66.4703 54.9024 18.7436 23.171 26.0768 0 240.457 110.407 28.8774 0.131162 7.47534 0.0313287 3.82939 20.4254 1.27129 3.99201 4.12392 
122.744 401.667 97.5569 3.62768 169.421 54.7766 3.37645 110.867 165.475 86.8866 107.465 127.444 105.585 11.8266 61.9533 52.759 283.52 0 67.2305 77.0383 104.905 35.3918 41.6442 47.561 10.3499 57.195 16.1563 12.6183 
109.38 106.734 42.7845 1.73156 180.368 1.18318 22.3018 31.2834 107.615 117.341 72.8263 24.6873 83.6285 22.238 11.1807 0.47101 87.2718 140.869 0 7.05135 8.45313 2.98815 0.707242 15.6569 24.6137 19.933 11.239 26.3692 
82.0283 68.706 2.0134 1.78209 4.54519 20.1509 93.4222 42.5401 7.15569 56.3426 63.2944 0.00172097 41.4863 2.18385 5.78195 2.71464 0.0484454 52.3216 32.9795 0 282.155 1.74387 2.81444 6.09044 3.31063 6.53732 9.31468 9.98799 
6.77731 157.719 76.575 111.986 131.834 63.7927 8.08146 206.069 9.15917 60.5901 0.120647 1.44961 10.9064 7.20278 55.9345 0.224523 42.9956 47.1228 27.686 79.0291 0 20.1791 8.07806 0.751372 47.4215 60.3414 38.0818 43.1273 
2.33025 51.6014 3.757 0.103771 22.9776 0.171595 44.2248 52.4085 41.2458 55.2605 46.0865 16.0872 30.7953 1.06894 10.2249 5.60622 10.4071 0.268438 1.53949 0.616585 3.85721 0 6.2623 3.87062 7.79986 10.1206 5.24233 2.8666 
0.264574 34.4798 2.89117 14.9448 56.0896 8.09222 6.7182 32.5051 11.24 60.201 73.3935 19.9236 90.9098 0.642065 12.9857 6.89419 4.14183 30.4969 3.17509 3.42455 36.6627 11.1245 0 1.76025 16.3839 1.68067 0.214569 5.06852 
6.66523 2.15846 0.979218 22.2763 55.2857 15.1905 57.5973 87.7099 50.2559 3.43637 1.37461 5.78195 63.7107 0.600102 0.000367104 4.20861 12.4067 4.58069 4.17406 0.821215 33.7864 4.71814 5.00154 0 10.6899 10.318 15.8403 0.312211 
3.08107 47.7141 28.3041 36.3548 3.81748 17.444 91.2514 85.867 0.147736 43.0528 72.2444 774.415 15.1562 5.12717 3.82186 54.8596 18.1971 52.3085 15.7497 12.9782 47.3276 71.4403 24.6917 61.9838 0 77.3498 35.6851 98.0552 
8.90198 31.7317 18.7503 0.0532432 39.0026 16.6966 49.4113 90.3993 54.7964 0.325715 162.041 295.397 52.1582 10.715 9.35638 0.200269 20.203 60.9962 0.1179 11.5815 57.7436 3.16449 3.09747 15.6711 36.4193 0 4.41967 32.0783 
45.9461 7.9133 15.4786 0.338954 2.64305 1.27336 0.0139269 95.6229 74.7699 27.8615 7.99574 92.5045 15.6953 0.755146 4.44379 18.8644 11.0389 0.319835 2.83398 8.57857 18.3374 12.2912 0.0104903 1.31547 18.6192 28.4521 0 83.6982 
55.6045 64.4258 1.7623 28.4259 55.9469 21.4798 48.5669 70.2072 30.4091 29.544 20.3582 142.675 31.7275 3.53442 19.5974 2.40063 4.8773 3.42133 25.1968 2.17 35.5365 6.10983 6.37735 3.82397 22.9818 63.6316 2.28945 0 
