0 156.053 153.64 79.9511 136.056 53.8451 195.373 300.048 295.702 4.92312 67.9331 208.427 48.0823 52.6462 71.4815 14.9357 70.8147 157.236 109.466 105.031 13.4737 10.59 6.91671 23.6047 89.5168 10.7188 50.1674 11.5751 
454.379 0 11.9057 70.163 471.937 290.917 111.036 0.171102 115.764 24.6996 1.85074 222.106 148.652 40.8907 1.69509 2.36993 67.24 708.735 84.789 128.684 148.607 22.4509 31.3418 11.2771 54.2254 21.5513 4.17437 16.1022 
168.478 469.727 0 271.053 20.3675 54.6732 12.6913 0.00304948 10.0952 7.35568 237.078 187.344 72.9176 8.60695 33.6915 24.1148 46.7788 1.19416 45.5418 0.23698 118.407 0.209197 3.50542 15.4971 22.6938 24.8122 15.0562 16.7307 
340.406 71.5261 218 0 69.9088 59.0887 111.363 912.486 370.668 79.8598 113.016 237.079 70.685 0.000458472 0.00222652 0.0197128 90.9202 65.4667 0.0253559 22.9075 586.806 5.59531 16.1594 7.15119 95.8364 24.4909 18.3336 31.9975 
146.519 527.883 16.1421 158.407 0 384.35 80.4552 222.743 41.7672 8.16216 78.8526 45.6553 149.323 51.7689 63.94 53.2514 153.961 127.272 288.777 3.09946 3.99732 19.7407 25.7739 26.2142 62.7862 11.1326 47.012 18.3474 
63.7743 176.474 44.1916 70.884 970.081 0 268.951 15.9702 517.12 661.273 190.979 131.708 28.1021 21.17 20.256 27.2771 75.6435 3.25943 85.0124 16.1176 76.9998 11.2266 15.1939 17.7327 79.9326 15.8613 14.968 2.02501 
149.488 393.589 141.426 0.0997449 0.579098 124.76 0 81.1628 1214.87 303.19 472.965 21.3528 27.2709 58.3271 138.654 1.65113 71.8156 64.9263 85.4443 58.8147 140.194 33.3694 0.0411785 66.0897 73.4612 31.0249 5.01166 24.6455 
200.649 288.213 9.89697 16.9033 137.913 181.06 317.447 0 195.555 97.8503 368.766 863.849 133.011 105.527 7.23011 17.2902 29.876 160.754 0.413465 35.7924 90.4252 59.0439 102.087 94.9852 187.974 15.1146 5.06872 76.6484 
64.5769 425.625 467.925 74.6916 353.204 516.048 196.409 206.023 0 301.834 846.408 337.125 50.0609 54.4594 207.484 142.276 78.7863 60.1993 152.303 104.404 174.927 5.10121 43.2437 91.4344 175.69 51.2635 54.5673 17.1542 
90.031 164.684 111.497 1.26381 29.3465 59.9253 501.521 119.513 225.985 0 393.938 206.991 311.456 71.0964 16.9163 25.2279 53.6179 0.880315 123.42 54.4061 85.1919 42.1032 45.9937 14.2174 18.5725 42.2521 47.6007 33.8149 
192.566 246.146 238.766 112.813 25.4015 148.595 75.7208 309.284 84.2059 479.065 0 77.0542 31.6684 76.814 285.29 142.943 80.31 25.8762 53.2332 79.5154 2.1015 77.0712 126.108 29.2432 39.8135 37.4419 81.4392 21.6033 
69.2458 187.474 112.12 151.974 178.092 1.87617 122.325 160.657 88.0268 175.754 136.478 0 88.0054 125.647 209.822 340.732 63.1387 98.2028 62.6448 63.7231 166.956 48.2255 0.703524 13.3122 35.4113 9.59079 13.1163 16.9562 
97.4315 120.024 18.631 8.03156 50.3676 59.4478 63.7206 87.7645 205.45 330.699 17.1442 133.725 0 7.87421 19.2707 67.7745 34.6738 102.181 79.06 41.0599 64.4611 42.8397 64.6112 60.3842 0.842576 51.4279 38.699 23.3088 
42.741 18.3181 1.23809 10.0552 46.7738 1.42882 93.9235 112.437 102.574 54.1931 112.648 149.254 128.697 0 22.8518 1.25438 14.4263 2.18669 26.2198 4.73318 44.5675 2.62923 2.83476 0.638082 9.44815 2.62924 1.10192 9.99309 
1.826 8.59986 7.06788 38.3462 68.5241 24.9814 54.2129 180.27 17.439 110.091 349.976 231.594 9.20274 61.9826 0 29.9373 20.9439 4.21848 16.481 3.32477 29.7937 1.36698 11.4392 24.2858 21.3518 7.38657 1.73877 8.0702 
80.2489 30.5347 0.230047 22.8786 27.6292 1.03763 12.4214 32.4388 20.3591 2.40015 0.30964 482.826 4.69827 6.76788 82.9166 0 25.5796 33.8958 12.2006 2.04404 62.8356 5.47666 4.87866 18.6203 2.37786 1.23354 12.192 4.96611 
73.9547 152.785 0.083128 91.1269 67.1264 54.5495 48.4392 57.5624 135.34 4.62371 87.2642 67.3604 54.334 18.8979 22.8909 26.0471 0 249.651 459.624 29.2038 0.209872 7.30986 0.0460308 3.97422 74.4316 1.391 3.86474 3.9693 
115.671 398.333 92.2346 4.9521 175.284 57.7496 1.99206 114.271 169.824 89.7444 104.441 129.219 105.338 11.2736 61.3373 52.1551 279.965 0 70.7743 75.9104 106.27 35.1022 41.387 47.6941 9.80737 57.6116 15.7718 12.158 
108.217 102.164 41.5736 1.37249 194.19 1.85127 25.0929 32.9303 104.582 116.046 70.5778 23.5171 84.0201 22.4994 10.693 0.568263 94.1056 139.067 0 7.4753 7.88654 2.82966 0.792082 15.8867 24.347 19.5982 11.4361 26.434 
93.9641 64.2701 2.39212 1.2669 3.73253 20.4865 92.9152 44.9418 6.16554 56.2783 62.0905 0.0168725 41.6848 2.23765 5.63162 2.58861 0.0199249 50.655 33.2889 0 261.278 1.69709 2.77555 6.0602 3.16042 6.70486 9.23994 9.90116 
4.4021 155.021 73.0171 115.698 131.967 62.8176 6.91712 206.874 7.54272 61.9821 0.0205206 0.922194 11.5245 7.59699 56.2256 0.122746 42.225 45.254 26.8174 57.1972 0 19.9261 7.74041 0.903714 48.0934 59.9515 38.3769 43.5527 
2.51667 51.6507 3.88148 0.0786681 22.2892 0.120714 43.4356 51.7336 40.3895 55.854 44.9971 15.2464 32.9656 0.934094 10.526 5.79774 10.5808 0.210347 1.42287 0.648072 3.6917 0 5.7975 3.59177 7.53094 10.0602 5.11454 2.77932 
0.359134 33.7288 2.72755 15.19 55.9725 7.82674 6.01933 34.3651 10.028 60.3707 70.0102 17.7452 91.136 1.0097 13.9848 7.30196 4.27807 30.0482 3.34182 3.45542 36.896 11.5397 0 0.951013 15.7424 1.82019 0.268307 5.20396 
6.13124 2.49022 1.10834 22.6376 55.0742 15.3908 56.6501 84.2539 48.3992 2.95106 0.813738 8.23636 64.5368 0.434349 0.04435 3.11761 12.2233 4.89779 3.99191 0.772409 33.2492 4.42225 6.48152 0 12.3154 9.94025 16.1093 0.248356 
56.3771 100.257 28.2868 90.8107 3.40013 70.748 91.4976 79.623 54.1523 44.3334 68.6531 726.136 15.875 4.81629 4.32797 65.6762 72.2219 52.7787 15.4208 13.0612 46.6414 75.0797 24.4253 59.2858 0 104.021 54.5134 122.934 
7.98481 30.3001 19.304 0.161283 37.9439 16.1816 47.3101 81.1638 51.3619 0.564521 163.442 318.877 51.7721 10.9273 10.1675 0.0496622 20.4461 61.1688 0.0785638 11.6457 57.214 3.2769 3.26935 15.8491 36.0029 0 5.12518 35.3934 
46.2908 8.33544 15.2864 0.262461 2.43038 1.16498 0.000588182 94.8803 75.2629 28.4207 8.72349 94.5246 16.0739 0.687011 4.6788 18.8481 10.8715 0.3909 2.70854 8.66317 18.7613 12.2375 0.00222531 1.14093 19.3895 27.5137 0 86.7848 
55.117 64.2987 1.95106 28.0244 56.1211 21.3213 49.609 67.0998 31.967 30.3943 18.7857 146.715 31.2481 3.70299 19.2767 2.72318 4.71211 3.1578 25.3158 2.26996 34.9893 6.20697 6.246 4.03032 22.1709 63.5007 4.35211 0 
