0 677.642 188.05 508.197 95.4017 403.105 228.231 308.279 657.772 12.0037 50.4027 191.15 55.8566 51.4048 70.4991 20.922 424.049 126.135 103.655 116.386 1.96983 12.1784 5.16178 27.406 430.405 6.5749 50.7787 14.6805 
942.323 0 34.2581 400.554 529.961 626.097 19.6577 3.992 417.116 7.49894 0.540897 216.004 147.817 46.1133 0.165771 0.588372 405.977 568.605 105.664 137.911 133.77 25.0486 27.9002 14.4607 400.281 27.6183 2.86859 12.8908 
197.766 357.014 0 251.825 4.96918 44.5214 2.23223e-05 12.3017 20.8172 16.363 218.307 187.056 71.4187 10.1149 34.0514 22.9722 49.987 0.649946 50.3957 0.0124328 108.477 0.0822066 2.74286 15.6534 20.6302 26.1996 15.912 17.9954 
588.638 400.405 272.091 0 92.1421 411.628 77.2667 854.141 730.743 89.3298 141.09 256.172 68.4018 0.164722 0.441324 0.463158 433.163 48.2592 0.248144 29.5058 288.718 4.88169 17.0868 9.21019 440.542 29.5085 19.8655 30.9118 
105.533 462.231 38.4858 163.458 0 399.894 18.9723 221.7 87.8254 41.4231 50.7787 59.7305 133.614 56.1564 55.7126 48.0031 151.436 97.5911 301.065 0.721077 8.0786 22.8011 22.4448 22.9813 60.4233 14.8265 46.0433 21.1959 
403.263 570.37 54.4035 426.038 582.458 0 1110.79 3.038 858.43 749.729 137.839 116.549 367.232 21.7576 25.353 26.8059 426.765 8.90073 78.1278 17.981 77.0823 12.5743 14.4884 17.3376 425.102 18.1552 15.8393 1.28976 
188.662 495.752 194.156 7.33617 16.7741 244.176 0 153.236 1146.14 148.446 485.118 5.62715 49.388 48.5007 142.336 0.0541712 63.5099 92.7228 67.9122 50.0164 135.474 37.2004 0.729556 68.6133 79.2223 40.0741 6.96537 20.0712 
243.357 271.213 41.8397 105.092 114.348 153.307 243.113 0 53.3516 124.789 344.865 440.066 139.423 114.552 20.9481 53.8632 35.5791 149.711 0.0156184 25.9773 112.168 56.5164 100.91 109.06 193.437 42.6847 8.85491 62.6931 
429.123 803.904 443.653 472.301 333.631 859.66 66.6609 59.7124 0 357.25 240.446 379.977 32.0164 73.7111 215.561 149.563 419.077 40.8619 147.079 106.236 164.861 7.31566 34.5792 95.5582 526.348 36.5486 58.8473 23.2157 
74.0578 195.772 104.992 3.50504e-05 77.8411 88.9491 490.384 92.6117 146.22 0 200.936 180.286 259.565 77.3319 5.43677 16.1902 47.775 0.021407 122.09 52.6395 89.3851 37.6674 50.1356 18.5518 23.9646 35.1376 47.7015 37.5263 
186.77 224.03 239.525 83.8436 47.8357 200.691 14.2604 257.803 432.653 294.647 0 15.1363 12.5624 115.143 380.519 100.644 75.9891 36.6768 43.3919 75.8668 0.28547 78.228 117.586 41.589 26.3388 21.0308 83.6419 29.394 
46.4555 168.314 85.4665 104.999 179.795 7.9027 85.1086 1.58233 151.776 203.204 247.516 0 101.413 103.883 251.188 478.028 67.2483 108.489 68.5142 70.6989 168.329 43.6314 4.21167 31.9535 151.424 9.96583 20.6084 33.3233 
92.1747 108.659 13.5218 4.94641 68.6867 47.441 38.9831 76.02 202.856 304.611 38.4153 142.942 0 0.0146012 33.3414 59.9523 38.1724 104.38 75.4095 41.9647 67.3184 53.0189 53.5683 55.3875 0.190945 49.349 39.0524 25.6526 
39.8379 23.1796 0.563327 8.24513 41.7515 0.576835 96.3658 102.864 117.295 63.161 150.091 132.388 98.9675 0 48.0399 0.0292584 13.4842 1.1487 25.5125 4.778 44.9073 3.57522 5.74471 1.69666 10.9328 3.71875 0.758431 10.5661 
0.520531 4.25952 4.16188 36.716 60.5741 29.8425 73.2121 185.083 7.20753 123.965 406.137 182.257 2.25853 51.6622 0 68.7825 22.2805 6.62282 18.9055 2.7337 26.2622 0.722503 15.9076 26.833 24.3579 10.9588 2.51311 6.29497 
78.7504 37.5539 0.996581 28.1595 33.1339 0.270609 6.33445 76.3575 9.32768 7.05143 5.08215 353.545 1.40671 3.13521 49.8824 0 25.8812 37.6496 10.5623 2.58569 62.9759 4.62512 3.15611 11.2601 5.46012 4.334 13.4857 6.98144 
414.158 483.37 0.124375 441.646 50.8377 402.476 56.971 51.5131 488.644 2.28707 90.1606 71.1938 51.6208 19.5541 21.5861 25.8424 0 279.402 302.941 30.559 0.790146 6.57677 0.14692 4.65061 421.933 1.99177 3.31269 3.30373 
84.322 433.276 68.0476 13.2867 199.167 71.1498 0.265066 129.08 187.642 102.218 90.5772 136.493 103.69 8.91119 58.2954 49.2466 250.822 0 86.7278 70.2677 111.856 33.7424 40.1267 48.1507 7.51603 59.2547 14.0702 10.1624 
102.044 81.215 35.9177 0.268081 249.856 6.61128 39.1785 40.6314 90.4179 108.828 60.4073 18.5093 85.2522 23.6086 8.58731 1.11558 120.932 129.255 0 9.49054 5.55632 2.1641 1.23056 16.8996 23.0985 18.0665 12.3246 26.6686 
148.57 44.8821 4.44321 0.0299829 1.04645 21.8474 89.6654 55.9907 2.58837 55.6328 56.464 0.810074 42.4264 2.48036 4.95851 2.04673 0.0458903 43.0643 34.5207 0 145.445 1.49184 2.59712 5.9052 2.51648 7.4504 8.88786 9.48618 
0.0381928 141.31 56.7974 187.453 131.66 58.1203 2.76543 207.724 2.17095 68.1031 0.600378 0.0194148 14.4744 9.47065 57.2877 0.0424019 38.7102 37.0696 22.9884 1.21829 0 18.7778 6.2913 1.75796 50.9471 57.8919 39.628 45.3447 
3.43696 51.7123 4.45454 0.00860353 19.2442 0.00212579 39.7825 48.5743 36.5032 58.1543 40.0531 11.6828 43.0323 0.433095 11.8489 6.65901 11.3619 0.0363208 0.95224 0.798216 2.98685 0 3.81904 2.43078 6.4563 9.75875 4.54684 2.39781 
0.960531 30.3107 2.03658 16.2286 55.2049 6.64109 3.3194 43.0036 5.36567 60.6073 54.8101 9.32945 90.3548 3.42034 18.2875 9.05439 4.90997 27.9902 4.13471 3.58707 37.8512 13.1977 0 0.422965 12.7546 2.49917 0.581879 5.81089 
3.97903 4.25928 1.77825 24.0959 53.9051 16.2136 52.1285 68.3505 40.11 1.21042 0.101525 24.1388 67.6027 0.0169067 1.13441 0.179298 11.392 6.43827 3.21386 0.569162 30.768 3.1645 13.7916 0 20.5325 8.20992 17.2043 0.050687 
401.205 441.132 27.953 439.978 1.81014 415.091 91.816 52.8025 403.132 49.9289 52.7483 881.633 19.2241 3.49673 6.9113 85.1206 419.816 54.7238 13.943 13.384 43.4114 12.5601 23.0113 37.0265 0 70.5326 60.2725 11.1196 
4.42592 24.0616 21.651 1.35848 33.1651 13.8354 37.9624 43.4343 36.6386 2.43069 166.342 390.391 49.7719 11.774 13.9877 0.620051 21.5037 61.6859 1.46223e-05 11.8795 54.5577 3.79556 4.07033 16.4461 33.5931 0 8.80404 49.3219 
47.7107 10.3429 14.3814 0.0387529 1.57924 0.734212 0.157943 90.9396 77.1715 30.9 12.3358 102.895 17.7931 0.41833 5.78513 18.6503 10.1197 0.797601 2.17538 9.0299 20.6828 11.9666 0.0405664 0.503258 23.7186 23.0049 0 92.9333 
52.6976 63.4516 2.90464 26.0569 56.7178 20.5164 54.1413 53.2275 39.2022 34.1909 12.3652 162.125 29.0358 4.48587 17.714 4.38007 3.9964 2.09597 25.7989 2.73998 32.4692 6.63956 5.64596 4.99645 18.862 58.7474 20.6192 0 
