0 694.878 210.022 440.24 49.837 211.182 256.965 297.693 463.548 24.8044 30.9674 163.754 65.5917 49.2807 68.1604 29.3162 232.419 86.4509 94.3248 227.251 2.21565 14.2642 3.28034 32.2222 222.413 2.7062 51.183 18.9308 
765.739 0 251.11 237.349 484.137 385.352 13.6193 24.7288 199.803 0.0227351 11.2452 201.602 143.328 52.3402 0.523541 0.045251 199.63 789.407 130.164 141.972 112.57 28.3282 23.5853 18.8404 199.699 35.7498 1.55751 9.24505 
210.98 112.237 0 38.6848 0.535702 29.9562 20.0124 58.0493 178.792 31.6021 176.852 176.114 68.1353 11.9253 33.2123 20.8797 53.0884 10.03 55.4833 0.742893 91.9127 0.00502799 1.88382 15.6043 17.7662 27.2654 16.8809 19.3981 
260.385 235.403 246.778 0 118.869 220.42 38.7033 1092.44 497.616 98.7688 171.683 256.628 64.5212 0.784947 2.04942 2.88178 226.5 28.762 1.74372 37.1738 317.022 4.02591 18.0593 11.9599 236.073 35.257 21.6669 29.0609 
58.2236 295.57 75.4961 161.269 0 264.411 3.0958 213.286 159.746 111.271 22.6793 78.6722 110.936 61.0156 45.0114 41.0741 143.275 62.2665 278.44 0.0949911 15.0576 26.7499 18.3748 19.0147 56.8746 20.0027 44.5879 24.8936 
199.098 415.592 63.4576 236.536 874.111 0 970.967 1.31908 510.868 95.4404 71.7394 94.741 145.727 21.9427 31.3573 25.5231 231.473 19.4953 66.3762 20.0885 75.9866 14.2101 13.4141 16.61 221.91 20.863 16.8517 0.589365 
230.425 519.662 239.395 31.4004 97.266 934.962 0 253.757 221.669 16.0643 427.717 0.267295 83.1368 36.1739 139.697 1.1978 52.7818 129.698 46.7057 38.8433 127.135 41.8953 2.77745 70.7796 85.125 51.9237 9.81186 14.7556 
284.559 236.115 104.741 205.665 84.6206 112.365 142.777 0 3.54254 157.477 291.944 23.5399 145.126 122.507 46.4413 117.986 43.0521 133.32 1.18959 15.3403 138.921 52.9614 97.2816 123.703 188.568 91.0132 14.9274 45.4966 
260.849 599.713 275.339 361.642 283.986 514.075 944.149 2.07547 0 386.606 1425.71 403.019 14.2728 98.9247 298.472 152.305 211.13 20.9138 136.999 106.297 148.642 10.5911 24.4165 98.9452 327.082 20.5772 63.8495 31.6993 
54.2779 225.38 92.2008 2.03771 158.203 311.96 354.412 60.5231 58.7713 0 25.102 141.254 167.041 82.4393 7.96695e-05 7.22085 40.2693 2.278 116.725 49.6962 93.709 31.8583 54.5343 24.4284 31.1933 26.36 47.4389 41.968 
174.629 188.001 218.406 49.723 83.2097 251.101 7.19977 183.281 721.55 76.434 0 6.29992 0.69238 161.222 400.469 50.7596 70.0098 52.101 31.7757 70.3708 0.386952 78.8086 103.17 58.5651 12.6849 6.48884 85.4624 40.2058 
22.9826 140.63 53.1481 51.2018 178.153 20.8871 44.5695 328.234 239.559 229.628 387.8 0 117.346 74.3639 273.626 446.684 72.0366 120.436 75.5043 78.683 166.622 37.7416 12.5611 63.612 160.128 110.651 31.8377 59.3649 
84.4848 92.7859 8.0409 2.06985 93.0299 44.3892 15.198 61.1997 192.707 230.12 74.3063 151.884 0 10.5829 53.9577 48.9555 42.4743 105.916 69.8584 42.7491 70.496 65.2072 39.0248 48.1069 0.029244 46.1756 39.2819 28.5518 
35.8908 29.6874 0.0818224 6.09297 35.2349 0.0405598 96.6028 88.2676 131.912 72.7768 188.641 105.765 56.8297 0 61.8848 1.0606 12.2717 0.30756 24.4208 4.7998 44.9748 4.86084 8.80902 3.55205 12.6701 5.23656 0.412063 11.1624 
0.00592282 0.895608 1.49667 33.7392 49.9994 35.1707 96.7656 180.299 12.2228 133.001 365.043 109.838 0.215974 20.7144 0 89.2809 23.8621 10.3167 21.9621 2.04955 21.8807 0.19436 20.8832 28.1196 27.5554 15.8383 3.65541 4.27317 
75.1194 46.563 2.67321 34.1788 40.1884 0.0129456 1.46647 143.983 1.33192 15.9497 32.1606 112.763 0.00469082 0.371847 6.55196 0 26.0977 42.2229 8.58435 3.32184 62.2748 3.59494 1.38734 3.42294 10.7001 10.2978 14.9869 9.76304 
206.529 261.768 1.33533 245.104 32.179 204.102 67.62 43.8726 295.159 0.487901 92.9831 75.5705 47.8827 20.2852 19.8542 25.4224 0 285.113 318.212 31.9779 2.03856 5.68524 0.353973 5.55473 221.934 2.88679 2.66854 2.54044 
48.5875 475.626 39.5361 28.6683 221.712 87.338 8.55668 146.031 205.115 116.558 72.9731 143.815 100.408 6.26376 53.8977 45.1929 190.134 0 105.99 62.0501 117.474 31.9094 38.3133 48.3903 5.01227 60.7591 12.0059 7.84748 
92.3328 55.4091 28.5592 0.0961299 293.747 16.2521 59.612 50.8176 71.9919 96.8923 47.7785 12.8912 85.5458 24.8345 6.18178 2.05133 164.861 113.492 0 12.2373 3.16467 1.44311 1.9099 18.1162 21.4279 16.0987 13.4419 26.8302 
204.463 23.571 7.70007 1.05808 0.017862 23.1697 83.471 69.9939 0.241785 54.0098 49.0233 3.46458 42.9973 2.78452 4.12949 1.43391 0.43618 33.566 35.6749 0 22.0412 1.24686 2.36625 5.66802 1.78986 8.35615 8.41107 8.9121 
9.43386 121.08 37.128 200.021 129.176 51.609 0.18494 202.351 0.0215609 75.3584 3.70218 2.31556 18.5451 12.0368 58.031 0.818385 34.2194 27.4772 18.4064 50.8343 0 17.3154 4.64534 3.21333 54.0971 54.6349 41.0127 47.2952 
4.77722 51.4165 5.20008 0.0206964 15.5764 0.111215 35.0114 44.3555 31.5881 60.1296 33.8223 7.76854 55.8012 0.0683452 13.4034 7.72127 12.3392 0.0217188 0.489883 1.00597 2.19629 0 1.76789 1.2405 5.43499 9.31446 3.85472 1.94661 
2.11726 25.9754 1.28726 17.3633 53.6928 5.19857 1.02396 54.1977 1.49147 59.6783 36.6513 2.39202 85.3006 7.0614 22.6345 10.8931 5.74479 25.3303 5.22407 3.73469 38.8233 14.6524 0 6.53009 9.00104 3.45167 1.13637 6.55895 
1.89442 7.09384 2.81013 25.497 51.9469 17.0478 45.9483 48.5046 30.0938 0.0977603 3.41834 53.4465 69.832 0.290978 4.40378 1.67596 10.3378 8.62464 2.33796 0.353843 27.5309 1.81069 20.2709 0 31.2516 6.04884 18.2804 0.0144944 
199.105 232.842 26.9524 241.137 0.504884 211.185 90.3806 24.6303 208.324 56.4093 34.2199 647.108 23.6419 2.0707 10.7282 37.7483 219.958 56.7491 12.1032 13.6674 39.0714 58.4682 20.8835 7.98757 0 105.119 96.5683 38.6736 
1.37838 16.8646 24.1675 4.42828 27.2151 10.8919 26.8354 10.4879 20.6495 6.53358 161.958 376.253 46.6867 12.5521 18.9023 4.0842 22.7412 61.7262 0.130697 12.0429 50.6351 4.47183 5.11806 16.6978 29.5012 0 14.3219 61.1662 
49.1764 13.0987 13.1623 0.0404986 0.761463 0.329061 0.858576 84.6949 78.8248 33.9036 17.5969 111.454 19.977 0.172016 7.27044 18.1187 9.18055 1.50872 1.58008 9.45622 23.1163 11.5599 0.263162 0.0629758 31.0362 17.0032 0 81.729 
49.1707 61.7595 4.32542 23.2625 57.0267 19.3051 59.3865 36.7048 48.6384 38.8242 6.01233 173.871 26.151 5.51033 15.5194 6.8617 3.16417 1.05804 26.2821 3.37331 29.1932 7.17019 4.87967 6.27663 15.6841 44.7164 50.9203 0 
