0 619.521 209.372 368.44 52.8357 147.845 255.424 299.25 401.087 23.7312 32.2724 165.94 64.8841 49.4573 68.3727 28.6747 169.231 89.2997 95.0785 218.798 1.62923 14.108 3.40542 31.8695 160.446 2.93571 51.1673 18.6074 
708.188 0 232.201 170.096 491.847 326.589 9.58851 22.6412 136.866 0.00394075 10.0047 202.898 143.785 51.9002 0.410319 0.0197738 137.373 993.146 128.476 141.975 114.198 28.0878 23.8999 18.5065 137.159 35.1397 1.64085 9.4963 
211.015 128.71 0 51.3168 0.263852 31.0399 17.2482 53.7482 163.724 30.3644 180.421 177.299 68.4272 11.7974 33.3222 21.0557 52.8991 8.9773 55.1541 0.651492 93.2528 0.00753297 1.94262 15.6172 17.9843 27.2144 16.8142 19.303 
205.799 168.262 286.137 0 117.014 157.167 41.231 501.509 439.239 98.1842 169.695 257.516 64.8422 0.724076 1.89274 2.63716 164.451 30.0763 1.58868 36.6529 664.784 4.08697 17.9958 11.7541 173.898 34.8657 21.5402 29.2141 
61.3968 309.492 72.5667 161.755 0 283.388 1.7122 214.165 154.177 105.402 24.4117 77.2502 112.681 60.687 45.8007 41.5909 144.054 64.7149 281.474 0.0497552 14.4791 26.4574 18.6675 19.3007 57.1557 19.6051 44.7036 24.6187 
136.634 350.501 62.9751 173.223 889.595 0 1574.71 0.876216 462.745 485.719 76.2356 96.412 161.294 21.9505 30.943 25.6423 168.59 18.5977 67.334 19.9445 76.1121 14.0931 13.4995 16.6718 159.616 20.6732 16.7808 0.631936 
227.768 522.388 237.203 29.1364 89.5207 915.729 0 246.473 281.292 21.5846 434.426 0.0924489 80.5031 37.0628 140.165 0.994423 53.5728 126.977 48.1986 39.6563 127.832 41.5571 2.58327 70.6604 84.7478 51.0484 9.5889 15.1265 
282.141 239.137 99.5711 203.159 86.7662 115.481 149.93 0 1.4407 155.18 296.548 37.8858 144.802 122.064 44.3154 112.923 42.4948 134.605 1.04017 16.0447 137.015 53.2356 97.627 122.769 189.367 87.1344 14.4354 46.7242 
195.658 539.151 290.713 292.11 288.429 465.879 874.534 0.574823 0 386.196 895.818 402.616 15.3596 97.0936 287.198 152.356 149.131 22.1844 137.863 106.378 149.952 10.3331 25.1255 98.768 264.618 21.6283 63.4986 31.0492 
55.6937 223.652 93.2908 1.75185 151.956 292.773 367.719 62.7564 64.2156 0 32.8595 144.246 174.274 82.1778 0.0327043 7.77215 40.8222 1.98682 117.253 49.9381 93.4298 32.2896 54.2459 23.9851 30.6511 26.9889 47.473 41.6527 
175.693 190.891 220.731 52.0546 80.404 248.243 4.88129 188.893 695.614 88.9265 0 4.16119 1.06775 158.109 403.378 54.078 70.4674 50.91 32.5913 70.8059 0.288459 78.7996 104.348 57.2866 13.541 7.29141 85.3658 39.382 
24.4692 142.762 55.3949 54.7252 178.417 19.7471 47.2124 289.344 233.147 228.056 378.355 0 116.225 76.5418 273.272 457.17 71.701 119.604 75.0089 78.1327 166.877 38.1759 11.8088 61.0634 161.168 100.408 30.9547 57.2995 
85.0862 93.9964 8.40264 2.24091 91.2271 40.7502 16.6098 62.2789 193.702 236.728 71.3994 151.336 0 9.06171 52.3832 49.7919 42.1635 105.851 70.2993 42.7052 70.2794 64.3546 40.0891 48.6719 0.0159508 46.4284 39.2733 28.3416 
36.1903 29.1987 0.102658 6.24461 35.7171 0.0588649 96.6944 89.4171 131.015 72.1504 186.301 107.864 59.8639 0 61.9835 0.889468 12.3616 0.351328 24.5083 4.79952 44.9835 4.76421 8.64557 3.40173 12.5492 5.12117 0.434119 11.1237 
0.000331182 1.05914 1.65 33.9899 50.7876 34.8194 95.1012 181.057 11.1782 132.693 372.136 115.153 0.102284 23.0399 0 89.6082 23.7502 10.0217 21.7387 2.09727 22.1984 0.22197 20.5626 28.1038 27.3474 15.4747 3.56561 4.41194 
75.4494 45.902 2.52502 33.7721 39.67 0.00450413 1.7108 138.908 1.67782 15.1941 29.4653 128.667 0.000577564 0.486941 8.63298 0 26.0881 41.8947 8.72582 3.26605 62.3594 3.66844 1.49706 3.87781 10.2751 9.80239 14.8824 9.55262 
144.489 200.803 1.20313 182.329 33.4526 141.407 66.8486 44.4319 232.178 0.575465 92.8082 75.2674 48.1684 20.2353 19.9845 25.4594 0 285.968 380.675 31.8852 1.9275 5.74945 0.335744 5.48643 159.398 2.81596 2.71389 2.59356 
50.9903 482.42 41.4784 27.3779 220.389 86.1976 7.56095 144.865 204.044 115.57 74.2586 143.351 100.694 6.44491 54.2404 45.504 195.221 0 104.632 62.6892 117.118 32.0484 38.4548 48.3855 5.18089 60.6706 12.1543 8.00955 
93.1111 57.2364 29.1012 0.062086 291.802 15.4233 58.0377 50.0563 73.3489 97.8632 48.6908 13.2754 85.5724 24.7513 6.34809 1.97351 160.824 114.759 0 12.0288 3.3189 1.49148 1.85531 18.0293 21.554 16.2443 13.36 26.8234 
201.289 24.9654 7.43995 0.885241 0.00234892 23.0886 84.0002 68.9765 0.329717 54.159 49.5793 3.20834 42.9693 2.76231 4.18938 1.476 0.394046 34.2533 35.6057 0 27.9944 1.26432 2.3834 5.68699 1.83978 8.29125 8.44731 8.95611 
8.19339 122.655 38.5053 204.474 129.437 52.1061 0.271445 202.985 0.000752512 74.8459 3.38579 2.01767 18.2336 11.8411 57.9993 0.728343 34.5505 28.1494 18.7324 42.9716 0 17.4233 4.75909 3.09241 53.8838 54.8979 40.9185 47.1641 
4.6721 51.4523 5.14455 0.0159937 15.8384 0.0934094 35.3665 44.6734 31.9484 60.021 34.2775 8.0327 54.8789 0.0845666 13.2946 7.64468 12.2678 0.015012 0.518813 0.990017 2.25061 0 1.8967 1.31612 5.49717 9.34945 3.90456 1.97858 
2.01743 26.2934 1.33729 17.2871 53.8241 5.30175 1.14893 53.3732 1.69638 59.7926 37.9193 2.75165 85.8185 6.81316 22.3739 10.7772 5.68208 25.5277 5.14081 3.72457 38.7609 14.5734 0 5.89757 9.26868 3.37868 1.08983 6.5049 
2.02273 6.86379 2.72778 25.4119 52.1086 16.9947 46.4171 49.924 30.8053 0.137484 3.01783 51.0218 69.7329 0.240737 4.10059 1.37043 10.4154 8.45517 2.3982 0.368055 27.772 1.89973 20.0172 0 30.5079 6.20413 18.2138 0.00902251 
136.675 170.909 27.0472 178.554 0.57371 148.932 90.555 26.4096 145.286 55.9599 35.4966 363.049 23.3117 2.16504 10.4314 40.4746 157.41 56.6171 12.2372 13.6514 39.3989 51.238 21.0481 9.34693 0 94.8184 125.627 58.2791 
1.54497 17.3629 24.0023 4.14769 27.6465 11.1053 27.6163 12.2021 21.7023 6.16928 162.58 381.394 46.9333 12.5068 18.5469 3.73612 22.6541 61.7465 0.112393 12.036 50.9434 4.42145 5.04038 16.6988 29.8348 0 13.8931 60.6041 
49.0813 12.8882 13.2545 0.0295797 0.811739 0.353513 0.788189 85.1986 78.7325 33.6883 17.1857 110.909 19.8163 0.186531 7.15844 18.1682 9.24918 1.44904 1.62086 9.42632 22.9374 11.5922 0.24028 0.0811208 30.4377 17.4451 0 83.2102 
49.4467 61.907 4.21341 23.478 57.0209 19.4011 59.0214 37.8614 47.9387 38.4917 6.40784 173.329 26.3658 5.43414 15.6876 6.66721 3.22259 1.12271 26.2514 3.32536 29.4369 7.13183 4.93608 6.18089 15.8763 45.9695 48.5835 0 
