0 928.013 99.0963 688.737 130.196 421.707 36.9804 115.66 490.995 2.66794 8.70368 152.968 83.5792 15.2488 61.135 0.0305618 447.742 234.167 115.556 168.485 68.6133 10.5612 0.744272 41.8359 417.72 7.43447 0.0699358 7.21678 
777.64 0 358.479 365.492 185.84 486.03 514.156 214.784 745.709 134.497 74.434 65.1121 76.7467 9.21707 65.9935 15.7747 496.482 426.449 25.3619 77.7205 142.279 22.5536 52.637 23.9329 349.153 56.4178 52.8634 33.1811 
81.8015 33.3799 0 286.242 18.7278 64.7552 167.957 218.936 428.508 4.00425 1.8045 114.231 40.0411 0.0206813 33.9532 18.8051 55.2816 74.4333 20.9056 6.0167 41.0293 10.2244 0.00197138 12.9159 15.9034 19.7169 18.6791 20.3893 
371.047 364.123 301.619 0 20.0223 412.035 38.4096 1032.39 667.673 31.01 202.997 12.1175 69.2934 23.1159 19.4617 38.1984 404.852 141.972 39.9471 19.5197 391.95 12.8208 12.6794 24.7733 370.738 37.0504 7.41454 17.1112 
119.747 22.4175 125.173 16.1185 0 384.265 142.499 52.4981 336.932 29.1258 115.992 94.1341 33.7867 34.3363 93.8255 73.4739 1.12843 7.86714 91.1275 94.2022 11.1576 50.3996 42.2015 20.3967 52.7234 70.6806 48.0795 52.5921 
383.524 349.431 26.602 402.032 377.502 0 1044.89 42.2023 724.331 509.163 1.39055 115.336 128.226 1.62815 10.8457 2.76021 401.936 108.363 72.4453 23.7784 70.0086 13.6855 14.7927 9.3167 372.769 27.3577 4.02314 19.234 
75.7676 21.0785 198.379 189.277 17.3844 937.247 0 313.745 1294.97 422.824 468.43 275.784 15.3537 60.2915 57.2458 21.2824 91.0847 231.376 10.9692 50.3491 6.2879 1.57457 37.0507 58.7773 85.0039 75.0407 51.4713 16.9503 
251.472 40.4977 172.328 100.674 194.261 36.9563 108.894 0 151.059 2.8335 358.555 72.6088 7.66696 0.205217 50.7895 252.514 0.0294279 146.543 10.9876 70.7709 3.40002 3.96172 101.831 122.197 166.588 227.448 3.98548 109.037 
362.945 349.197 33.9484 465.467 81.745 727.06 64.6189 141.611 0 25.419 1395.46 369.332 108.434 41.8164 311.315 15.2947 356.514 192.49 3.57157 105.892 23.8934 35.7836 41.9385 70.6376 402.754 14.5058 36.8867 4.86122 
97.3009 46.5266 113.417 104.514 61.5534 368.979 56.0735 222.612 380.886 0 553.277 244.224 308.841 72.3809 23.1442 60.8084 20.3511 40.3641 101.076 50.4102 4.99529 59.3026 59.7781 52.3871 71.5391 57.66 15.5004 37.7973 
65.8413 96.6794 4.95251 6.04405 260.243 265.248 85.0929 370.616 895.848 488.361 0 518.289 253.537 110.338 406.289 13.876 81.9467 171.006 108.82 34.9877 50.0259 12.8929 71.3246 51.3948 63.2029 26.3747 0.32589 95.6981 
16.4361 138.608 3.59424 129.145 173.891 8.50712 265.756 748.117 131.894 100.634 182.67 0 139.801 6.99512 163.52 446.686 70.517 102.463 6.30523 5.84456 132.71 76.5689 120.486 165.512 106.708 360.363 5.29215 24.4727 
66.6422 135.688 1.26217 33.4626 122.464 47.5787 190.09 74.9022 11.5302 266.074 156.099 159.221 0 6.3553 75.9203 24.3849 64.4474 0.324844 70.7353 35.6302 11.4053 90.1102 1.61926 21.2407 55.4261 0.71118 37.4151 33.9433 
32.0201 0.114988 12.4428 14.4453 61.6151 19.4669 93.1892 54.3618 5.03973 55.9185 74.6014 24.8672 66.0163 0 7.4508 1.17839 16.4782 1.94854 9.69272 0.00344415 12.8459 10.629 0.345326 5.99424 0.250452 12.6353 0.918223 10.0207 
23.4396 80.0062 3.253 13.7592 94.6936 6.97545 0.434018 178.596 62.7845 103.072 381.081 0.163841 6.11951 56.4918 0 43.1331 1.47987 61.0357 4.11536 1.57984 55.0041 17.4613 0.00186171 12.4796 2.95958 30.2158 9.64627 4.53163 
68.047 76.703 7.77648 33.1797 3.74477 19.5814 42.7374 241.495 125.156 5.04888 78.5244 112.764 82.8751 6.61896 74.2033 0 9.64838 0.81925 0.10068 7.77645 45.8545 3.66843 11.4164 17.7732 28.1714 1.18558 9.32646 10.3547 
417.438 463.732 4.52713 351.771 96.6625 398.764 11.5242 97.673 456.055 2.50971 85.9277 66.5176 7.56738 17.1685 17.6705 14.9964 0 272.742 564.865 11.5677 65.5011 12.3443 15.8627 19.2851 371.449 1.22565 21.6543 11.4174 
235.245 135.82 162.494 77.4465 185.348 41.8272 174.126 132.747 35.4594 24.7855 13.9778 132.328 5.41195 0.352848 12.3041 55.813 261.558 0 5.35942 68.667 120.057 13.9559 31.9192 1.62757 8.272 51.1838 0.648662 46.381 
116.002 135.882 15.3012 32.0107 217.872 11.1151 156.896 75.1355 53.0875 118.902 94.6901 84.6087 85.5913 25.4044 38.5081 14.6065 48.8339 92.602 0 27.7926 5.0578 4.07608 4.22473 7.06645 25.6303 9.13728 13.1452 25.5752 
179.746 13.2905 16.3307 48.0945 93.8476 21.295 7.91359 83.2062 0.0378246 54.4434 14.2094 82.8371 34.3983 2.12448 3.51948 6.94175 10.4121 41.0909 2.43717 0 327.769 3.80377 3.9256 0.00715945 1.87002 0.170044 5.2837 4.81831 
47.4043 149.23 3.17277 211.866 102.585 74.658 98.6347 129.019 185.391 22.7755 35.5976 37.9214 64.3338 44.9163 32.7949 17.5269 10.5212 1.08397 0.1827 243.141 0 19.1255 37.1035 27.74 13.4517 0.0762314 38.7846 16.7199 
2.50085 0.448153 1.94441 4.07787 0.373631 18.7864 62.6689 0.691005 7.7622 14.7182 72.3249 60.2626 87.9529 6.90646 1.87252 7.6447 12.2894 8.43382 2.3757 6.1946 32.0865 0 3.63364 0.945345 3.68311 0.49531 10.1952 0.338241 
15.3115 53.8371 0.089096 13.8232 53.7491 7.1215 58.2894 37.5188 9.25443 43.1388 11.4692 120.553 40.9236 0.0271177 0.214792 0.897014 19.1472 42.4147 1.2836 1.9868 7.43546 9.53005 0 17.9933 15.6541 9.39052 12.2308 1.6706 
45.9291 38.59 0.0539701 23.3148 52.6978 16.8924 64.5565 50.7799 1.11592 53.1991 116.917 157.998 0.581469 9.74864 4.75361 29.0772 0.0293859 31.6553 12.278 4.28833 3.10834 1.45709 17.3227 0 0.918915 15.8853 15.7732 0.00484093 
381.806 377.238 26.0297 389.13 46.8754 375.967 55.7196 120.32 452.034 61.4786 35.033 1039.04 28.2056 16.5908 19.3045 26.8119 369.623 48.3252 30.4643 13.6414 59.8456 22.7016 27.7367 77.8007 0 37.4702 127.784 31.9178 
10.0916 58.9482 25.0772 5.88615 6.73982 2.1348 44.8193 56.4967 14.4437 64.4599 165.965 138.248 0.877706 9.84757 30.8446 5.58581 8.81283 57.5624 30.2427 2.02776 0.164537 7.96803 8.17949 9.85834 20.0561 0 37.5903 12.924 
2.18757 23.2126 3.06544 6.4749 3.91707 19.6257 35.8689 96.96 63.7191 42.9333 56.9083 31.8198 12.4325 1.38384 5.68733 18.6035 21.9015 25.269 21.5232 10.9298 19.3641 12.3321 10.7772 6.33505 58.5839 0.202554 0 50.401 
47.7149 62.2958 17.812 24.1028 10.6556 15.8916 55.9257 101.063 0.233302 40.9924 10.5865 33.5631 3.92481 11.7083 0.0697117 7.41438 10.4507 36.2585 26.5664 5.80808 7.18431 9.38951 9.32628 6.08537 23.0237 57.0155 82.0664 0 
