0 995.552 210.786 731.377 35.3934 463.175 263.374 287.713 709.218 30.6862 24.5454 152.049 69.2376 48.3136 66.9568 32.6972 483.231 71.9981 90.2523 258.215 6.68856 15.0821 2.66505 34.0466 466.85 1.65939 51.2284 20.6363 
971.105 0 345.261 513.381 434.751 611.606 45.2841 36.8923 453.525 1.58637 18.7914 194.307 140.64 54.5751 1.33211 0.344934 446.011 1084.48 138.557 141.179 103.987 29.5747 21.9604 20.6031 447.185 38.9413 1.15831 7.9843 
208.181 41.5417 0 1.36428 3.46915 24.4052 37.2699 82.2049 259.7 38.2651 157.349 169.053 66.4956 12.573 32.522 19.9143 53.969 16.36 57.0694 1.311 84.704 0.000137537 1.59042 15.5132 16.6186 27.4589 17.2158 19.8702 
473.025 510.93 119.041 0 128.107 471.623 26.6052 1305.79 719.583 101.503 181.205 249.725 62.7672 1.13944 2.95756 4.31237 471.326 22.3007 2.66216 39.7375 447.223 3.71356 18.368 13.034 481.471 37.1932 22.3101 28.2237 
42.7669 222.717 90.9683 157.941 0 169.883 16.6981 208.082 188.861 142.859 14.6236 86.1033 101.736 62.6443 40.9239 38.3777 138.797 50.0574 259.571 0.563271 18.2215 28.273 16.8722 17.5449 55.365 22.1078 43.9655 26.3276 
446.671 673.828 65.4395 487.879 915.753 0 1255.29 5.05528 679.709 147.114 49.9286 85.9536 596.326 21.8472 33.4202 24.8431 480.616 24.4283 61.2097 20.8057 75.2206 14.8086 12.9554 16.2682 467.975 21.8211 17.2106 0.391414 
242.96 494.4 247.441 44.2298 140.842 875.354 0 290.39 19.7095 0.420646 387.597 2.63191 97.0537 31.6313 136.585 2.55419 48.6795 143.708 39.1765 34.6639 123.306 43.6306 3.89473 71.2949 86.9318 56.4585 11.004 12.8839 
295.354 219.472 132.259 258.519 73.6514 96.1514 107.117 0 29.1126 169.032 266.59 4.03162 146.562 124.425 57.9889 144.437 45.9614 126.469 2.12589 11.8999 148.608 51.505 95.2929 128.151 183.337 111.569 17.5936 39.2563 
522.663 832.711 194.209 645.166 259.293 683.092 1224.51 24.6236 0 384.125 1224.64 401.734 9.22747 108.265 295.863 151.392 455.814 14.8585 132.218 105.656 141.568 11.9748 20.8465 99.6777 573.729 15.4726 65.6262 35.1351 
47.0656 233.069 86.213 3.86244 190.676 406.747 280.879 49.3505 33.851 0 1.43434 125.56 129.707 83.494 0.78237 4.66012 37.4017 4.10588 113.652 48.3772 95.0578 29.6122 55.9364 26.7522 34.0267 23.1503 47.2245 43.5739 
168.696 172.52 204.581 38.2249 98.175 263.361 26.2375 154.275 864.826 25.548 0 24.3245 0.0465771 176.333 374.708 34.8111 67.5897 58.4112 27.6515 68.0363 1.13058 78.7693 96.7948 65.2414 8.65028 3.05047 85.8679 44.543 
15.9359 129.377 41.9592 34.4021 176.422 27.2387 31.8668 544.636 272.114 236.745 432.986 0 123.014 63.1717 272.035 375.798 73.7368 124.631 78.0266 81.4398 164.968 35.4855 16.7986 77.2184 199.016 167.969 36.5513 70.363 
81.276 86.415 6.27447 1.2875 102.362 71.9153 8.8132 55.6384 186.938 194.086 89.9203 154.435 0 20.1848 62.1864 44.5697 44.073 106.132 67.4891 42.9413 71.577 69.491 33.5609 45.109 0.162724 44.8158 39.3056 29.6352 
34.3154 32.245 0.0114751 5.32435 32.7301 0.000174054 95.8501 82.1395 136.072 75.7971 199.257 94.636 41.714 0 58.3627 2.17076 11.8033 0.126698 23.9481 4.79785 44.894 5.36578 9.44043 4.35546 13.2773 5.84249 0.306348 11.35 
0.146269 0.265199 0.815917 32.3627 45.8927 36.8749 105.142 175.364 19.2961 133.657 319.813 83.0592 1.47996 9.94792 0 82.7177 24.4322 11.9067 23.1169 1.80846 20.2444 0.0801242 22.398 27.9971 28.5584 17.7213 4.13596 3.57998 
73.2507 49.9795 3.50236 36.1776 42.874 0.126912 0.497065 169.851 0.174348 20.1016 47.6782 44.0594 0.301478 0.0221528 0.285886 0 26.1318 43.9052 7.8606 3.61542 61.7517 3.22004 0.87776 1.47811 12.9842 12.967 15.5132 10.8643 
451.472 501.054 2.13013 493.639 25.8638 452.371 71.5851 40.9792 544.718 0.148607 93.8073 77.0957 46.3719 20.535 19.171 25.2152 0 277.466 374.29 32.4292 2.66447 5.35516 0.456347 5.91414 469.28 3.26757 2.43818 2.27202 
36.8233 421.02 29.9827 35.7237 227.657 93.0926 14.6737 151.854 210.091 121.496 66.3428 146.025 98.8129 5.35839 52.0715 43.5462 162.78 0 112.844 58.6549 119.17 31.1769 37.5583 48.3823 4.1765 61.1613 11.2439 7.02704 
88.1398 46.1802 25.7569 0.392076 300.208 20.8223 67.9143 54.7936 64.973 91.6429 43.0979 10.9718 85.2848 25.2483 5.34627 2.47837 187.428 106.674 0 13.3349 2.41926 1.20365 2.20537 18.561 20.7648 15.3412 13.8667 26.8522 
217.851 16.8607 9.09365 2.19599 0.332093 23.5483 80.5475 75.2203 0.00388475 53.1603 46.1181 4.949 43.1064 2.89943 3.82132 1.22336 0.689182 30.0394 35.9931 0 2.32094 1.15758 2.27674 5.56575 1.53984 8.68835 8.21995 8.67913 
17.2111 112.722 30.2238 177.738 127.624 48.9869 0.00187216 198.46 0.588386 77.9619 5.56742 4.18816 20.1938 13.07 58.1366 1.36945 32.4981 24.0783 16.7425 99.393 0 16.7537 4.07331 3.87646 55.1562 53.2115 41.4827 47.9443 
5.33998 51.1941 5.49004 0.0548747 14.2369 0.228624 33.1586 42.6864 29.7212 60.5987 31.4686 6.45895 60.5115 0.0117559 13.9531 8.1141 12.7095 0.0764713 0.352607 1.09056 1.92381 0 1.16368 0.880545 5.14464 9.12692 3.59855 1.7837 
2.67297 24.328 1.04093 17.7397 52.9602 4.67119 0.489005 58.4672 0.636649 58.9685 30.288 0.923332 82.259 8.21827 23.8077 11.4371 6.07405 24.3005 5.66451 3.78541 39.1243 14.9855 0 10.03 7.64706 3.83714 1.39242 6.83693 
1.2932 8.34297 3.25336 25.892 51.0628 17.3023 43.4823 41.2919 26.4731 0.000104545 5.88801 66.5509 70.1779 0.625323 6.11452 3.70967 9.93465 9.52673 2.03586 0.28421 26.2719 1.37791 20.8768 0 34.8902 5.25637 18.5933 0.0637087 
446.031 477.08 26.4074 488.622 0.2176 457.08 89.3012 16.2645 458.57 58.666 27.8566 941.584 25.3676 1.60982 12.3004 33.3143 467.363 57.391 11.4112 13.7383 37.3512 77.1385 20.0171 3.98764 0 122.268 23.2628 22.7814 
0.663396 14.3632 24.9704 6.01561 24.9932 9.79546 22.8939 3.61326 15.5368 8.57736 157.986 340.354 45.3567 12.7553 20.7158 6.09798 23.1834 61.5612 0.247962 12.0659 48.9861 4.73509 5.52193 16.6426 27.7014 0 16.5875 63.1745 
49.6372 14.2116 12.6771 0.124814 0.525624 0.215924 1.27223 81.9709 79.2285 35.0065 19.7925 114.056 20.8124 0.105908 7.85836 17.8354 8.82491 1.8379 1.37585 9.60785 24.0452 11.3861 0.398496 0.00557219 34.266 14.7286 0 72.6744 
47.6971 60.9353 4.92535 22.1209 57.0133 18.7894 61.2262 30.8816 52.2761 40.527 4.14974 175.829 25.0284 5.90752 14.6315 7.89681 2.8678 0.752224 26.4289 3.6258 27.9212 7.36778 4.58689 6.77676 14.793 37.8629 62.7602 0 
