0 883.507 207.597 624.506 23.9659 329.823 266.826 275.846 567.459 36.5265 19.1926 140.828 72.5421 47.3494 65.7018 35.8684 348.217 59.3398 86.2841 262.702 12.8735 15.8452 2.15065 35.7124 325.944 0.915573 51.2166 22.2421 
773.04 0 416.073 406.55 377.795 452.159 88.8334 49.9237 327.3 5.18698 27.3151 186.793 137.706 56.5505 2.40155 0.869058 307.54 411.298 145.666 139.302 95.9387 30.7174 20.48 22.2646 309.178 41.9024 0.84121 6.89166 
201.797 5.59284 0 15.8483 8.38185 19.5052 56.9436 106.538 332.191 44.6872 138.327 161.284 64.8071 13.1424 31.7136 18.9546 54.6231 23.3934 58.3382 1.96909 77.7629 0.00774228 1.33865 15.3941 15.544 27.5294 17.506 20.2715 
314.397 403.767 147.716 0 135.935 337.013 17.191 1244.35 553.073 103.555 188.672 240.094 61.0269 1.52166 3.92975 5.85561 330.716 16.9466 3.67299 41.8604 462.028 3.43331 18.6201 14.0273 341.261 38.8188 22.8785 27.3934 
30.2616 158.224 105.337 153.708 0 113.381 38.3019 202.37 215.49 172.838 8.67675 92.9876 93.1184 64.0238 37.1937 35.8839 134.057 39.6739 238.07 1.33952 21.3643 29.6796 15.5183 16.2174 53.9035 24.1012 43.36 27.6565 
309.458 541.733 66.4518 353.141 236.905 0 418.501 10.5782 469.115 526.904 32.624 77.7677 576.228 21.6782 35.1702 24.1297 343.943 29.3466 56.2166 21.4177 74.3478 15.3446 12.5113 15.9235 328.456 22.659 17.5269 0.244024 
252.458 455.896 249.66 57.4267 184.572 613.343 0 321.528 31.1703 6.08584 344.082 6.95115 110.092 27.5815 132.739 4.24229 44.9232 156.298 32.6298 30.8977 119.488 45.1949 5.08251 71.6128 88.3616 60.5952 12.1511 11.2461 
302.523 202.921 157.901 361.643 63.8787 81.4054 77.2823 0 73.0871 179.021 241.462 68.3195 147.509 125.614 69.2442 168.342 48.6594 119.922 3.22423 9.07265 157.148 50.1179 93.1794 131.613 176.975 130.713 20.2052 33.744 
398.537 675.418 123.527 538.818 234.54 472.334 1305.71 66.1054 0 375.064 1388.62 395.549 5.50689 116.508 236.741 149.596 315.242 10.1291 127.401 104.742 134.686 13.3112 17.7407 100.07 434.291 11.3369 67.1916 38.3762 
40.6755 238.151 80.2706 6.03646 219.848 473.322 210.755 39.782 16.4842 0 5.52113 111.035 96.8464 84.0052 2.90557 2.77101 34.7739 6.25109 110.352 47.0729 96.146 27.5432 57.0804 28.9164 36.6523 20.2946 46.9712 45.0017 
162.654 157.7 189.512 28.6717 112.411 270.539 53.5383 128.191 945.062 2.36664 0 50.6598 1.3981 188.405 336.782 22.3484 65.3003 64.3869 24.0328 65.7806 2.15895 78.6045 90.5864 71.3989 5.57389 1.00236 86.0972 48.6085 
10.502 118.82 32.4941 21.4761 174.295 33.6812 21.8248 740.517 300.427 241.678 467.578 0 127.986 53.1684 265.526 293.093 75.2357 128.292 80.2692 83.8173 162.964 33.4116 21.1644 90.114 276.886 223.558 41.0621 80.7839 
78.2023 80.4508 4.82194 0.727133 110.85 102.364 4.40742 50.6012 180.767 159.494 104.909 156.339 0 31.2926 69.743 40.4964 45.5202 106.146 65.196 43.065 72.5055 73.1906 28.676 42.2688 0.381381 43.4962 39.2958 30.6193 
32.8363 34.6221 0.00339167 4.64775 30.4284 0.0446416 94.7483 76.301 139.127 78.2093 206.554 84.1706 29.1511 0 51.0891 3.49069 11.3697 0.0297075 23.4863 4.79099 44.7673 5.83268 9.6673 5.11651 13.8032 6.40716 0.222318 11.5022 
0.440904 0.0134263 0.366365 30.991 42.1123 38.2511 112.373 169.392 28.1368 132.845 268.407 60.3213 3.63078 3.05008 0 70.3595 24.9397 13.4535 24.1704 1.59696 18.7608 0.0187807 23.5421 27.5815 29.3612 19.4301 4.5987 2.98538 
71.3079 53.0888 4.34923 37.8338 45.3285 0.335708 0.0558874 192.283 0.0695167 24.233 63.9169 7.49111 0.982873 0.0774024 1.8469 0 26.1392 45.4174 7.21129 3.89078 61.1464 2.88572 0.504348 0.37692 15.1767 15.5214 15.9721 11.8855 
311.212 355.508 3.02004 356.349 20.5326 315.047 75.1631 38.3352 408.297 0.00924907 94.4392 78.4253 44.9429 20.7504 18.532 25.0015 0 265.857 294.744 32.7988 3.31319 5.05632 0.562064 6.25194 330.967 3.63701 2.23366 2.03622 
27.172 368.388 22.0991 42.6889 231.701 98.1057 21.6597 156.851 213.773 125.737 60.3274 147.76 97.1819 4.57883 50.3244 41.9864 136.86 0 118.821 55.4281 120.503 30.4865 36.8331 48.3259 3.46804 61.4457 10.5554 6.30382 
84.0739 38.1481 23.2074 0.841011 300.599 25.3829 75.6915 58.4787 58.586 86.53 38.8868 9.32137 84.8616 25.6016 4.62065 2.90499 209.065 100.085 0 14.3657 1.81728 1.001 2.49486 18.9604 20.1425 14.6418 14.2571 26.8529 
225.148 11.5472 10.4309 3.58925 0.967912 23.8319 77.6069 79.9227 0.111667 52.2689 43.4243 6.53891 43.153 3.00447 3.54243 1.04182 0.972614 26.8695 36.2245 0 2.09799 1.07747 2.19374 5.46597 1.32379 8.98643 8.03958 8.45817 
26.2598 104.808 24.2975 172.954 125.906 46.519 0.230554 194.015 1.79066 80.2674 7.61057 6.39028 21.7555 14.0459 58.1456 1.99998 30.9129 21.0937 15.2561 151.708 0 16.2349 3.57504 4.53859 56.0575 51.8178 41.8862 48.4937 
5.88286 50.9359 5.75929 0.100861 13.0366 0.373632 31.443 41.1239 28.0111 60.8873 29.3215 5.34817 64.6999 0.00109038 14.4343 8.46763 13.0489 0.156553 0.245635 1.17104 1.68735 0 0.710269 0.599836 4.92547 8.94573 3.36691 1.63837 
3.23954 22.8197 0.834847 18.0567 52.2112 4.19976 0.167985 62.3629 0.164706 58.1448 24.8044 0.174635 78.9632 9.02606 24.5993 11.8453 6.38226 23.3465 6.08165 3.82928 39.3666 15.1739 0 13.3132 6.46661 4.20029 1.64899 7.0883 
0.837885 9.57096 3.6834 26.1838 50.1836 17.5038 41.1719 34.9403 23.2661 0.072309 8.72632 79.1967 70.2433 1.03708 7.86703 6.16815 9.56323 10.3891 1.77394 0.226416 25.1039 1.02579 20.3456 0 37.818 4.55229 18.8307 0.139869 
307.518 335.947 25.8292 350.281 0.0579829 317.456 88.0528 9.96372 323.346 60.621 22.4365 853.138 26.9697 1.23091 13.7847 44.0917 329.108 57.9161 10.78 13.7851 35.7416 58.0135 19.2096 4.99329 0 78.9063 141.445 113.245 
0.23173 12.1975 25.6233 7.6593 22.981 8.80745 19.4546 0.425933 11.3926 10.6763 153.266 295.791 44.0627 12.8939 22.3207 8.22316 23.5752 61.3208 0.388926 12.0676 47.3997 4.97953 5.89305 16.5176 25.9594 0 18.7111 63.6104 
50.0122 15.2647 12.2219 0.243415 0.34627 0.132379 1.7242 79.3099 79.4869 35.9983 21.8984 116.101 21.5818 0.0589395 8.4079 17.5365 8.49887 2.16922 1.19917 9.7419 24.8998 11.2172 0.54737 0.00778097 37.383 12.6843 0 62.7105 
46.2822 60.091 5.50345 21.0394 56.9362 18.2898 62.8326 25.8284 55.6229 42.0557 2.72635 176.335 23.9863 6.2745 13.7953 8.88181 2.60552 0.515571 26.5454 3.86317 26.7416 7.5471 4.31805 7.24043 14.1286 31.2546 72.7182 0 
