0 797.911 205.976 542.956 21.01 242.674 267.377 271.938 477.41 38.2972 17.7415 137.499 73.4928 47.0557 65.3106 36.7994 260.487 55.7994 85.0927 260.021 15.0346 16.069 2.0105 36.194 236.499 0.739495 51.2034 22.7154 
663.82 0 432.182 327.683 359.652 357.09 103.739 54.0205 243.189 6.61869 30.0666 184.47 136.772 57.1094 2.77092 1.06626 218.919 1134.61 147.612 138.551 93.5788 31.0489 20.0523 22.7548 220.592 42.7665 0.758112 6.58628 
199.277 1.32656 0 28.6522 10.1975 18.1348 63.2429 113.879 351.831 46.5965 132.668 158.809 64.2844 13.3027 31.448 18.6636 54.7847 25.6419 58.6716 2.18424 75.7001 0.0121506 1.2688 15.3531 15.2288 27.5304 17.5872 20.3821 
222.143 324.831 149.447 0 138.073 249.403 14.7949 378.694 455.45 104.064 190.593 236.731 60.4985 1.64284 4.23645 6.34322 241.346 15.5048 3.99646 42.4307 132.309 3.35311 18.6875 14.3165 251.985 39.2612 23.0394 27.1414 
26.9685 140.536 109.495 152.273 0 104.428 46.1112 200.547 223.121 181.585 7.22324 94.9937 90.5942 64.4028 36.1172 35.1575 132.572 36.8255 231.172 1.62739 22.319 30.0896 15.13 15.8361 53.4656 24.6906 43.1779 28.0445 
221.23 454.11 66.595 265.448 904.779 0 818.363 12.5492 360.387 441.462 28.1727 75.3797 106.272 21.6144 35.6497 23.9069 255.709 30.8399 54.7296 21.5867 74.0638 15.4977 12.3783 15.8179 239.395 22.8942 17.6164 0.207496 
254.827 442.256 249.346 61.4774 197.683 515.943 0 329.982 71.5612 11.3531 330.488 8.58866 113.901 26.4311 131.448 4.81145 43.8358 159.885 30.8031 29.8196 118.326 45.6436 5.45658 71.6768 88.7344 61.7885 12.4937 10.7856 
304.087 197.916 165.291 392.645 61.1055 77.1871 69.2762 0 89.2088 181.795 233.899 100.81 147.716 125.854 72.6074 175.096 49.4473 117.978 3.58635 8.31406 159.556 49.7061 92.5147 132.501 174.857 136.252 20.9925 32.188 
314.089 580.218 104.758 458.968 227.05 363.494 1291.86 81.5784 0 371.237 1381.09 392.859 4.59664 118.824 224.957 148.902 225.914 8.91177 125.928 104.418 132.622 13.7111 16.872 100.133 345.17 10.2411 67.634 39.3319 
38.868 239.254 78.4744 6.75603 228.068 486.338 190.693 37.1423 12.5322 0 11.4138 106.822 87.7684 84.0697 3.77275 2.30926 34.0124 6.95761 109.309 46.6777 96.4344 26.9418 57.3858 29.5493 37.418 19.4839 46.8875 45.4075 
160.796 153.31 184.758 26.1011 116.613 271.846 63.0971 120.79 948.807 0.253515 0 59.9499 2.14241 191.537 323.585 19.1748 64.6234 66.1523 23.0141 65.1059 2.52012 78.5332 88.7266 73.1855 4.79866 0.613115 86.1377 49.8022 
9.11966 115.725 29.9121 18.2257 173.58 35.6551 19.2232 792.321 308.269 242.81 476.168 0 129.385 50.3339 262.746 267.385 75.6595 129.319 80.9068 84.4789 162.294 32.8091 22.5141 93.8986 296.63 239.617 42.4024 83.8498 
77.2875 78.7021 4.43174 0.593336 113.291 110.467 3.40147 49.1532 178.822 149.389 109.351 156.811 0 34.8793 71.9216 39.3095 45.9365 106.117 64.5095 43.0913 72.7635 74.2181 27.289 41.4303 0.462307 43.1003 39.2873 30.9029 
32.4012 35.3167 0.0113351 4.45682 29.7606 0.07236 94.3547 74.5728 139.87 78.8409 208.2 81.1082 25.8091 0 48.3789 3.92194 11.2431 0.0141113 23.3472 4.78808 44.7209 5.96845 9.66578 5.33954 13.9498 6.57221 0.200294 11.5427 
0.556523 0 0.268347 30.5742 41.0151 38.6144 114.376 167.408 31.1038 132.354 252.261 54.1718 4.43126 1.74761 0 65.8849 25.0842 13.918 24.4749 1.53737 18.3336 0.0089135 23.8253 27.4068 29.5719 19.9199 4.73691 2.8206 
70.7034 53.985 4.60988 38.2796 46.0382 0.415121 0.00991705 198.445 0.213704 25.4849 68.9344 2.48749 1.25447 0.161973 3.62685 0 26.137 45.8503 7.0256 3.97174 60.9481 2.79056 0.413995 0.19064 15.8265 16.2734 16.1007 12.183 
221.987 264.74 3.30713 267.926 19.0759 226.652 76.1893 37.57 320.114 0.000137971 94.5998 78.7984 44.5205 20.8104 18.3443 24.9352 0 261.701 348.626 32.8979 3.51497 4.97026 0.594909 6.35147 242.26 3.74793 2.17552 1.96966 
24.5968 357.096 19.9901 44.7909 232.611 99.5066 23.9268 158.235 214.677 126.912 58.5967 148.209 96.6782 4.36193 49.8045 41.525 129.305 0 120.493 54.4729 120.849 30.2828 36.6167 48.3006 3.27302 61.5128 10.3574 6.09924 
82.8569 35.9076 22.473 1.00339 299.697 26.7658 77.9689 59.5542 56.7462 84.9965 37.6813 8.86276 84.7055 25.6994 4.41765 3.03516 215.149 98.1182 0 14.6689 1.65748 0.94528 2.58225 19.0747 19.9594 14.438 14.3706 26.8496 
226.304 10.1695 10.8281 4.05466 1.21526 23.9024 76.7085 81.267 0.202255 51.99 42.6381 7.04148 43.1568 3.03488 3.46223 0.991293 1.06419 25.963 36.2805 0 5.34301 1.05454 2.16949 5.43594 1.26353 9.07167 7.9863 8.3927 
29.2151 102.474 22.6614 175.852 125.354 45.7922 0.369064 192.569 2.26307 80.9209 8.26335 7.11662 22.2177 14.3342 58.1322 2.20556 30.4518 20.2527 14.8322 167.51 0 16.0836 3.43522 4.74047 56.3061 51.3976 41.9983 48.6448 
6.04529 50.8511 5.83804 0.116876 12.6935 0.422477 30.9424 40.6649 27.5155 60.9452 28.7009 5.04243 65.8861 0.00551818 14.5696 8.56887 13.1475 0.185237 0.218035 1.19493 1.62114 0 0.597962 0.527631 4.87029 8.89149 3.30028 1.59693 
3.41435 22.3827 0.778716 18.1434 51.9799 4.06533 0.105839 63.4873 0.0848834 57.8747 23.2842 0.0672172 77.9195 9.20501 24.7744 11.9462 6.47288 23.0679 6.20511 3.84153 39.4307 15.2068 0 14.2306 6.13723 4.30724 1.72733 7.16057 
0.723329 9.94219 3.8123 26.2555 49.9162 17.5565 40.4934 33.1529 22.3574 0.122703 9.65132 82.9476 70.2164 1.17455 8.4042 6.97247 9.45507 10.6458 1.7007 0.210748 24.7626 0.93209 19.9984 0 38.5782 4.35281 18.8905 0.167596 
218.788 246.428 25.6475 261.538 0.0305989 228.373 87.6441 8.39968 235.612 61.1665 20.9457 139.708 27.4379 1.12919 14.2216 49.1978 240.419 58.0568 10.5975 13.7953 35.2688 47.8084 18.9742 6.07174 0 62.8768 155.617 127.889 
0.147512 11.5935 25.797 8.16842 22.4023 8.52444 18.4912 0.0825603 10.2942 11.325 151.708 281.22 43.6739 12.9253 22.7733 8.8835 23.6864 61.2348 0.435906 12.0645 46.9261 5.051 6.00068 16.4679 25.44 0 19.3324 63.4766 
50.1124 15.5761 12.0878 0.285317 0.300944 0.111816 1.86858 78.509 79.5415 36.2825 22.5259 116.63 21.8057 0.0478038 8.5692 17.4428 8.40419 2.27075 1.14982 9.7799 25.1483 11.1664 0.595048 0.0184132 38.3084 12.1017 0 59.5989 
45.8603 59.83 5.67618 20.7197 56.9021 18.1402 63.2836 24.4195 56.5946 42.4929 2.36591 176.246 23.6818 6.38137 13.549 9.17326 2.53113 0.454852 26.5759 3.93312 26.397 7.59883 4.24001 7.37573 13.9626 29.3185 75.3579 0 
