0 573.055 197.338 342.558 11.6325 30.9753 267.597 255.801 253.239 45.1102 12.8102 124.971 76.9657 45.9175 63.7611 40.2704 46.2842 43.3458 80.5475 241.398 24.3992 16.9049 1.52974 37.9632 15.95 0.249182 51.1161 24.4899 
361.097 0 469.358 147.877 288.589 115.227 165.915 70.279 46.3223 13.3964 41.2659 175.366 133.002 59.1124 4.36492 1.9719 1.87445 674.336 154.284 134.981 84.8007 32.2723 18.4831 24.5934 3.27987 45.9696 0.486868 5.5065 
187.501 11.2619 0 101.345 18.3703 13.3438 88.3361 141.605 414.863 53.7777 111.516 148.876 62.2295 13.8733 30.3498 17.5438 55.2668 34.6964 59.76 3.07071 67.9382 0.0371677 1.02416 15.1765 14.0544 27.4562 17.8744 20.7665 
1.01496 144.879 59.4958 0 145.385 35.6235 7.3872 480.446 202.462 105.597 196.644 222.226 58.4587 2.12977 5.46225 8.29017 21.0316 10.6573 5.30777 44.338 586.459 3.06156 18.9134 15.3855 31.9303 40.769 23.6172 26.169 
16.2607 81.5798 124.606 146.188 0 92.4388 80.3919 193.191 250.573 213.509 2.97043 102.416 81.2257 65.715 32.1771 32.4692 126.677 27.0309 203.571 2.9358 26.0068 31.6083 13.7158 14.4447 51.7958 26.9069 42.4806 29.4861 
5.73653 237.283 66.519 51.1766 298.647 0 550.514 21.2166 76.1062 211.781 14.2761 66.5587 405.077 21.3212 37.2963 23.0244 39.5572 36.5932 49.1246 22.1745 72.8953 16.0521 11.8718 15.4062 20.1811 23.729 17.9371 0.0975851 
261.948 383.809 244.407 77.1341 246.642 170.95 0 358.381 342.636 44.3799 277.621 16.1157 127.97 22.3 126.029 7.21953 39.8403 172.781 24.3807 25.9122 113.832 47.2783 6.95076 71.8003 89.9399 66.1509 13.7965 9.14609 
307.75 178.787 191.878 466.525 51.1589 62.0119 42.7815 0 160.002 191.482 205.191 265.524 148.208 126.315 85.3056 198.831 52.3734 110.643 5.09302 5.76858 168.124 48.15 89.8624 135.298 166.027 156.341 24.0113 26.6408 
112.372 334.818 46.1347 271.384 198.505 78.602 1101.29 150.356 0 352.602 1699.18 379.503 1.92561 127.006 243.125 145.673 5.87334 5.05158 120.209 102.991 124.762 15.2352 13.8028 100.162 125.413 6.62898 69.2188 42.9147 
32.407 241.815 71.6024 9.75382 256.921 500.52 120.809 27.9988 2.52559 0 50.8708 91.3853 56.856 83.9736 7.93655 0.956493 31.2102 9.89225 105.141 45.1538 97.3894 24.7226 58.4055 31.9009 40.2521 16.5726 46.5375 46.8702 
153.545 136.857 165.93 17.4862 132.316 273.513 104.075 94.4243 886.518 11.1128 0 100.066 6.26828 201.476 268.231 9.38619 62.0766 72.7798 19.3855 62.538 4.10017 78.1776 81.6637 79.7528 2.4151 0.000827884 86.1836 54.2531 
4.81457 104.219 21.1144 8.37435 170.565 43.3192 10.9301 947.541 335.36 245.769 501.46 0 134.359 40.2257 249.137 172.247 77.1799 132.964 83.2057 86.8031 159.479 30.5847 27.8027 107.905 323.368 296.126 47.4606 95.254 
73.8239 72.193 3.11899 0.21489 122.173 131.883 0.796652 43.8731 171.067 112.69 126.005 158.229 0 49.3019 79.8414 34.9283 47.4587 105.878 61.8946 43.1504 73.6699 77.8088 22.3242 38.2864 0.830233 41.5896 39.233 31.943 
30.7727 37.8959 0.0814479 3.77536 27.2991 0.233234 92.613 68.088 142.03 80.8887 212.318 69.7919 14.9214 0 36.7602 5.67369 10.7728 0.00643615 22.8137 4.77368 44.5119 6.46935 9.39312 6.16247 14.4657 7.18405 0.128392 11.6774 
1.10226 0.187567 0.0372755 28.9663 36.9755 39.8043 121.336 159.149 43.5185 129.543 190.309 33.6801 8.06283 0.0780316 0 47.2702 25.6062 15.6942 25.5931 1.32458 16.7708 0.00409257 24.6636 26.5532 30.2582 21.6931 5.26223 2.24468 
68.3172 57.2614 5.6275 39.7763 48.6444 0.782171 0.166939 219.381 1.43663 30.2952 88.4041 7.52882 2.54603 0.740146 14.8902 0 26.1116 47.4243 6.35091 4.2745 60.1269 2.44711 0.154921 0.0505246 18.2606 19.057 16.5569 13.2815 
2.38321 39.4192 4.47881 51.0342 14.0775 10.0195 79.9215 34.7565 104.056 0.0910458 95.1025 80.1249 42.9305 21.022 17.6427 24.6733 0 243.491 377.538 33.2312 4.31364 4.6552 0.724776 6.72502 24.3755 4.17201 1.96557 1.73134 
16.0525 336.265 12.9813 52.8227 234.903 104.442 33.1984 163.071 217.347 131.019 52.281 149.653 94.7005 3.5987 47.8365 39.7881 101.755 0 126.393 50.8817 121.96 29.5172 35.7942 48.1719 2.59559 61.6992 9.63369 5.36524 
78.2263 28.0452 19.7939 1.7291 292.4 32.0744 86.4191 63.5417 50.0313 79.1619 33.3061 7.25202 83.9976 26.0411 3.69881 3.5405 235.145 90.6734 0 15.8037 1.12714 0.75177 2.91824 19.4908 19.2733 13.6829 14.7902 26.8232 
226.646 5.77592 12.3235 6.00243 2.37537 24.1156 73.2234 86.1336 0.771571 50.8821 39.7215 9.05537 43.132 3.14684 3.16916 0.813465 1.43895 22.6794 36.4435 0 29.7682 0.971112 2.07928 5.3208 1.05086 9.38108 7.78588 8.14587 
41.3402 93.736 16.9913 200.117 123.11 43.0718 1.16579 186.637 4.49205 83.2699 10.9065 10.1371 23.9596 15.418 58.0194 3.05341 28.7459 17.2522 13.2971 224.969 0 15.5219 2.93825 5.52434 57.1719 49.7857 42.3924 49.169 
6.66442 50.4988 6.13107 0.186579 11.4484 0.629445 29.0852 38.9487 25.6888 61.0554 26.4223 3.98088 70.1286 0.0516971 15.0505 8.9367 13.5113 0.312757 0.12982 1.28528 1.3863 0 0.263325 0.298861 4.69921 8.68466 3.05669 1.4469 
4.1001 20.7736 0.58638 18.4426 51.0714 3.57935 0.000125169 67.6034 0.0179902 56.7567 17.9822 0.108959 73.7455 9.61908 25.195 12.2459 6.81214 22.0327 6.67043 3.88485 39.643 15.2411 0 17.2934 4.98216 4.70762 2.0317 7.42441 
0.370979 11.3699 4.30388 26.4679 48.8807 17.7273 37.9604 26.8111 19.1004 0.425269 13.4546 96.9848 69.9348 1.74787 10.4794 10.2221 9.0545 11.6184 1.44112 0.157337 23.4941 0.621178 18.0201 0 40.9793 3.63854 19.0744 0.292164 
0.949462 25.5748 24.9229 43.4028 0.0048685 9.11689 85.9544 3.72619 21.6037 63.0886 15.7933 118.357 29.177 0.78751 15.8515 69.9883 22.6011 58.5298 9.92619 13.8198 33.5029 11.9337 18.1055 12.5021 0 33.5973 45.8923 73.4064 
0.000500032 9.4649 26.3734 10.1664 20.2889 7.49728 15.0834 1.14314 6.67246 13.868 145.246 223.178 42.1879 13.0058 24.3812 11.4634 24.087 60.8535 0.633465 12.0392 45.128 5.31693 6.39712 16.2317 23.4796 0 21.6316 61.9601 
50.4474 16.7493 11.5861 0.469748 0.160269 0.0505822 2.45372 75.4434 79.662 37.3165 24.9053 118.328 22.6345 0.0166142 9.17111 17.0693 8.05456 2.66703 0.975135 9.91658 26.0678 10.972 0.788603 0.097281 41.7711 10.0077 0 47.5936 
44.2594 58.8036 6.33244 19.5188 56.7292 17.5692 64.8859 19.4644 60.1778 44.0795 1.2473 174.979 22.5487 6.77699 12.628 10.2675 2.26314 0.262401 26.6755 4.19546 25.1163 7.78844 3.95208 7.87749 13.4501 22.2667 83.8085 0 
