0 704.371 186.492 506.382 5.55706 198.061 265.399 239.62 407.184 51.4072 9.07523 113.775 79.9505 44.851 62.2689 43.3416 210.741 33.3709 76.3895 225.317 34.3222 17.6492 1.15751 39.4977 174.853 0.0321656 50.9885 26.0778 
441.025 0 469.254 343.265 224.121 255.268 227.052 85.8478 230.772 21.2218 52.3534 166.746 129.291 60.7821 6.05914 2.99661 164.442 851.82 159.407 130.84 77.0709 33.342 17.123 26.2398 165.095 48.783 0.296436 4.62485 
174.218 52.2607 0 180.48 27.3375 9.58019 112.034 166.054 453.327 60.1792 93.0162 139.225 60.2706 14.343 29.2397 16.5091 55.5369 43.5135 60.5207 3.96301 61.0138 0.0706155 0.827812 14.9888 13.0159 27.2891 18.1093 21.071 
172.362 340.297 27.8683 0 150.948 200.396 2.90516 278.908 330.993 106.47 200.512 207.024 56.5591 2.60744 6.65372 10.1738 180.081 7.0748 6.60686 45.7289 75.622 2.81235 19.0804 16.3201 191.098 41.9147 24.1009 25.264 
8.92377 40.8472 137.293 139.882 0 87.8521 116.574 185.961 273.251 240.281 0.748789 108.91 73.0093 66.7464 28.7862 30.1122 121.004 19.4833 177.26 4.40015 29.4443 32.9445 12.5045 13.2491 50.2653 28.8977 41.837 30.7593 
169.779 395.455 65.6572 215.282 643.368 0 193.66 30.5292 193.239 439.266 5.74025 58.8859 624.496 20.9894 38.5633 22.1762 202.199 41.9154 44.1128 22.6402 71.7156 16.5227 11.4088 15.0179 180.144 24.4132 18.2053 0.0344207 
265.961 324.54 235.251 91.5377 288.814 9.02484 0 378.968 677.904 89.3444 229.337 24.5908 140.167 18.8548 120.465 9.72105 36.3755 183.513 19.2201 22.6011 109.639 48.6786 8.40574 71.7593 90.7666 69.8964 14.9865 7.7935 
308.131 161.368 213.622 462.839 42.8886 49.4405 24.1536 0 233.631 199.165 179.409 450.047 148.281 126.16 96.6631 217.477 54.9551 104.037 6.63449 3.88689 175.163 46.7407 87.2872 137.093 157.059 173.105 26.7956 22.07 
288.123 467.76 12.7851 455.033 172.763 194.961 797.406 222.807 0 330.785 1432.1 363.502 0.511587 133.6 302.007 141.986 165.32 2.52851 114.853 101.442 117.592 16.6311 11.3072 99.9176 284.475 4.0608 70.5409 46.1151 
27.0608 242.035 65.3272 12.8117 279.586 462.17 68.7397 20.8482 0.022613 0 106.317 78.155 34.1238 83.4489 12.7968 0.246241 28.773 12.883 101.089 43.7371 98.0793 22.7853 59.1527 33.9733 42.7363 14.1419 46.1774 48.1015 
146.711 122.255 148.092 11.188 146.191 270.779 146.244 72.9551 783.522 44.3969 0 141.772 11.6605 207.863 214.115 3.53186 59.7862 78.71 16.3919 60.1927 5.80632 77.7441 75.2635 85.4285 0.97475 0.557756 86.087 58.1963 
2.12605 94.1035 14.4674 2.75029 167.434 50.4776 5.4761 1020.15 356.212 246.724 514.489 0 138.45 31.9463 233.148 97.0678 78.451 135.957 85.1438 88.6768 156.57 28.6392 32.8085 120.037 294.145 338.967 52.0171 105.249 
70.684 66.4473 2.14228 0.036745 129.729 136.383 0.00224729 39.3497 163.559 82.4392 140.759 159.038 0 63.1264 86.5319 31.1169 48.7705 105.494 59.5043 43.1517 74.4024 80.6643 18.2206 35.4833 1.24321 40.2038 39.1555 32.8432 
29.32 40.168 0.196455 3.2109 25.1545 0.450755 90.7159 62.3045 143.135 82.2938 213.275 59.9837 7.56461 0 25.6245 7.37311 10.3571 0.065658 22.3205 4.75624 44.2789 6.90531 8.8188 6.87074 14.8818 7.72054 0.0779432 11.7756 
1.73599 0.664222 0.0090088 27.4743 33.4666 40.6379 126.797 150.77 56.1236 125.805 136.384 19.1403 12.097 2.85058 0 30.3091 26.0483 17.3273 26.5629 1.14798 15.4234 0.0416195 25.1106 25.5428 30.7344 23.1848 5.74145 1.78467 
66.0319 60.078 6.58615 40.8791 50.9018 1.19954 0.734957 234.835 3.40954 34.7207 106.343 42.0591 4.05112 1.58151 29.5845 0 26.0666 48.7682 5.77525 4.54425 59.2916 2.15744 0.0292036 0.651819 20.4152 21.4585 16.9307 14.2389 
162.284 194.328 5.64883 212.979 10.2323 172.39 83.1072 32.3107 266.662 0.334976 95.4227 81.2181 41.4995 21.1941 17.0172 24.4215 0 224.174 214.212 33.4796 5.08331 4.38273 0.849883 7.06012 185.526 4.56256 1.7879 1.53241 
9.91886 332.45 7.94938 60.1599 235.484 108.424 42.4337 166.928 218.792 134.294 46.8653 150.63 92.8149 2.98064 46.0516 38.2253 78.6876 0 131.165 47.6629 122.714 28.8288 35.0432 48.0123 2.059 61.781 9.00947 4.75074 
74.0069 21.7551 17.5004 2.52913 280.965 36.9452 93.824 67.0494 44.2801 73.8523 29.5852 5.95215 83.2053 26.3147 3.11085 4.01549 247.282 83.9495 0 16.816 0.741841 0.598557 3.23 19.8468 18.6595 13.0181 15.1588 26.7815 
221.787 2.88666 13.6619 7.99237 3.71258 24.2391 69.9628 90.2478 1.57842 49.8103 37.1542 11.0241 43.0592 3.24441 2.91683 0.66957 1.81523 19.8972 36.5276 0 65.5909 0.899677 1.99945 5.21442 0.877802 9.64466 7.6055 7.92292 
53.4231 85.9701 12.5618 225.741 120.875 40.6455 2.23821 180.686 7.07533 85.239 13.5235 13.2214 25.5306 16.3924 57.8369 3.91153 27.248 14.7676 11.994 269.943 0 15.0259 2.52861 6.26078 57.8602 48.2965 42.7111 49.5834 
7.23213 50.1387 6.39062 0.261595 10.3873 0.845571 27.4489 37.4185 24.0952 61.0152 24.4462 3.14106 73.6368 0.131327 15.4461 9.25025 13.8302 0.452994 0.0706707 1.36724 1.19324 0 0.0789845 0.149478 4.59146 8.49499 2.84661 1.31938 
4.7537 19.3718 0.437949 18.676 50.2045 3.16832 0.0711521 71.1479 0.260449 55.6216 13.7824 0.72377 69.6997 9.63771 25.259 12.4088 7.11549 21.1178 7.09028 3.92024 39.7965 15.1557 0 19.3403 4.06082 5.06434 2.31768 7.65129 
0.156014 12.694 4.75395 26.5842 47.911 17.8455 35.7107 21.6368 16.3847 0.843349 17.277 109.35 69.4489 2.32849 12.39 13.3231 8.70194 12.5028 1.22837 0.116438 22.373 0.396571 15.5168 0 42.4915 3.04597 19.1862 0.430311 
162.316 184.169 24.22 204.181 0.0819105 169.092 84.2409 1.13631 186.509 64.6454 11.7757 70.2155 30.7116 0.534298 17.2925 82.3552 183.813 58.8821 9.34211 13.8236 31.9312 6.41798 17.3512 20.1272 0 65.8007 30.5248 11.5216 
0.0885957 7.74048 26.7901 12.0593 18.4722 6.62396 12.31 5.11879 4.09499 16.2818 138.706 169.886 40.8221 13.0291 25.6931 13.8676 24.4246 60.4354 0.838161 11.9985 43.4903 5.55236 6.74183 15.9565 21.722 0 23.6343 59.3332 
50.6947 17.8065 11.1378 0.670224 0.0723832 0.0163659 3.03451 72.6218 79.6601 38.2013 27.0683 119.468 23.3633 0.00244344 9.706 16.7068 7.748 3.04235 0.832139 10.0315 26.8754 10.7927 0.980952 0.218416 44.8163 8.26453 0 36.883 
42.8021 57.8229 6.93066 18.4424 56.5162 17.0458 66.2042 15.4774 63.3021 45.4303 0.551419 172.646 21.5463 7.12411 11.808 11.2447 2.03734 0.13585 26.7455 4.43051 23.9841 7.95276 3.70046 8.31881 13.1243 16.4233 89.1704 0 
