0 713.582 152.18 614.039 0.0101207 359.962 252.05 197.157 532.22 66.6139 2.85098 88.1723 86.4549 42.1983 58.4313 50.3208 365.438 14.8181 66.4539 230.605 62.1368 19.376 0.493949 42.8978 317.101 0.311207 50.5161 29.7765 
414.314 0 357.989 561.733 90.9148 357.579 369.831 124.684 444.431 45.0522 81.3607 145.268 119.524 64.2274 10.9186 6.12548 317.02 687.161 168.126 118.14 59.7125 35.7513 14.1097 30.0785 314.17 55.121 0.0362513 2.86879 
135.921 225.771 0 288.009 53.0774 3.05897 166.968 217.815 463.285 74.6555 53.6228 114.714 55.3105 15.284 26.2489 14.0142 55.5933 65.9051 61.5249 6.35698 45.3079 0.187786 0.45085 14.4485 10.6553 26.5489 18.5791 21.6393 
384.003 559.373 290.477 0 160.135 355.396 0.43017 904.017 404.269 106.722 203.832 165.644 51.8852 3.86259 9.73421 14.9677 322.451 1.54275 10.0599 47.7738 175.423 2.2711 19.3451 18.4076 333.363 43.8224 25.1103 23.0416 
0.289239 0.000158439 162.609 122.544 0 31.9874 212.558 167.061 317.153 292.323 1.24891 123.432 54.7226 68.638 21.4206 24.8106 106.574 6.55277 114.767 8.81629 37.9094 35.9809 9.87299 10.6371 46.5719 33.556 40.263 33.6721 
325.988 522.241 60.9665 367.976 199.323 0 1204.72 56.8961 310.115 651.066 0.704211 42.0896 152.754 19.9789 40.7308 20.0133 352.43 54.7521 32.7179 23.5059 68.5033 17.5281 10.2985 14.0442 324.383 25.776 18.7651 0.0114793 
266.716 180.48 199.226 125.025 372.726 395.078 0 407.181 1276.52 230.271 123.297 49.9347 166.503 11.8086 105.322 16.6987 28.7265 205.155 9.44192 15.6098 99.3156 51.7201 12.1989 71.1297 91.7922 77.9849 17.8485 5.04993 
298.829 120.863 253.64 459.807 26.0971 24.7491 1.11458 0 417.555 213.262 121.363 865.015 147.149 123.798 122.32 248.785 60.8409 88.5973 10.8981 0.938627 189.14 43.3942 80.6157 138.72 133.068 205.88 33.5553 12.9351 
468.745 540.397 16.2081 633.824 114.734 309.619 101.336 406.508 0 265.513 1341.46 313.781 0.701801 145.984 225.697 130.774 309.142 0.00425611 101.648 96.8952 100.558 20.0006 6.41722 98.4025 425.188 0.504417 73.2835 53.5261 
16.2826 235.268 50.6104 21.1551 317.95 228.226 2.55157 8.13377 17.0744 0 281.921 50.1294 3.00132 80.704 27.6584 0.380418 23.3572 21.0827 90.6303 40.2579 99.1041 18.4592 60.3003 38.6653 48.3094 9.142 45.1718 50.6938 
129.735 89.4173 105.201 1.88966 177.235 250.065 254.991 32.3424 599.301 189.031 0 251.334 29.8681 213.225 93.2082 0.778754 54.4048 92.4536 10.3412 54.5726 10.7988 76.3279 60.312 97.7664 0.105594 5.70772 85.3759 67.1891 
0.0617745 71.4867 3.73126 1.4738 158.663 67.929 0.00802429 915.136 390.68 242.953 509.008 0 146.654 15.8988 185.31 1.90456 81.102 141.957 89.2388 92.2974 148.456 24.2646 45.2692 145.886 323.031 396.19 62.6599 127.22 
63.2429 53.4436 0.577937 0.189257 145.708 118.245 3.59536 29.5707 144.33 27.2431 173.729 159.29 0 96.1245 100.269 22.7468 51.6541 104.002 53.7708 42.9728 75.835 85.9529 10.0597 29.0444 2.50025 36.8604 38.8719 34.8361 
25.9531 45.3182 0.64644 2.06234 20.3778 1.21194 85.155 49.0858 142.742 84.0073 205.851 38.9043 0.0129561 0 4.80346 11.4894 9.40408 0.437042 21.1143 4.69947 43.5727 7.86785 6.55588 8.35439 15.6831 8.91896 0.00927448 11.9253 
3.72046 2.85412 0.572288 23.8466 25.7268 41.7289 136.503 128.356 89.406 113.145 36.7047 0.933257 23.9732 21.6551 0 2.79999 26.9917 21.2832 28.7129 0.784897 12.4637 0.27624 25.0408 22.4178 31.3427 26.2519 6.8898 0.913878 
60.2181 66.195 8.96052 42.5631 55.8812 2.47572 3.54754 256.848 11.001 45.2743 147.695 201.79 8.73763 4.51977 67.8254 0 25.8827 51.6712 4.53157 5.168 56.9951 1.54661 0.117948 4.42167 25.217 26.4739 17.6777 16.3537 
307.394 328.419 8.78594 361.475 3.60917 322.554 89.9551 26.8659 416.404 1.47563 95.7113 83.4376 38.1318 21.5357 15.5644 23.772 0 171.569 63.0475 33.8825 7.07403 3.7786 1.17394 7.84686 332.515 5.51425 1.40812 1.11759 
1.29876 246.612 0.953086 77.4551 231.639 116.044 66.7961 174.192 218.786 140.458 35.1447 151.783 88.0174 1.76823 41.8123 34.5538 33.9824 0 140.354 40.1942 123.617 27.2079 33.2362 47.4835 1.05315 61.6719 7.63245 3.46487 
63.983 10.0109 12.5718 4.91388 239.168 48.4555 110.263 74.9883 31.91 61.3248 21.6381 3.42258 80.8042 26.8393 1.93662 5.20389 246.069 68.2733 0 19.1604 0.158384 0.310777 3.99759 20.6215 17.2265 11.5053 15.9966 26.6199 
193.708 0.00324543 16.7311 13.372 7.85367 24.2883 61.9344 98.8968 4.4943 47.0365 31.3365 16.1796 42.7106 3.463 2.36343 0.388348 2.83627 14.0096 36.5057 0 177.908 0.743925 1.81601 4.95434 0.535238 10.2115 7.18001 7.39522 
85.0245 68.2745 4.73389 216.913 114.889 35.0395 5.99138 164.734 15.1145 89.3539 20.4885 21.708 29.2417 18.682 57.1238 6.25774 23.8542 9.69838 9.20319 329.794 0 13.8885 1.69536 8.10279 59.159 44.6663 43.3366 50.3579 
8.60757 49.1398 6.98744 0.481496 8.10061 1.45758 23.7278 33.8679 20.5224 60.432 20.0654 1.57337 80.6665 0.450017 16.2412 9.92382 14.5525 0.873199 0.00228994 1.56293 0.801791 0 0.0656765 0.00024277 4.49058 8.03608 2.38361 1.04514 
6.41916 16.2399 0.176484 19.0986 47.9941 2.2974 0.820144 78.8625 1.88705 52.5176 6.07215 4.16882 59.3856 8.46789 24.3083 12.4069 7.82407 19.0209 8.0835 3.99105 40.0261 14.5542 0 20.7547 2.35906 5.88599 3.03111 8.14745 
0.00985342 15.9416 5.83505 26.5937 45.4989 17.9981 30.5439 11.5454 10.7958 2.33212 27.5348 136.44 67.5024 3.86216 16.8526 20.4609 7.89807 14.6176 0.800009 0.0453314 19.807 0.0680113 8.42122 0 43.5459 1.84661 19.2594 0.8455 
310.424 325.566 22.4001 349.786 0.614547 313.533 79.5617 0.876274 343.159 67.6773 4.64169 618.193 34.2091 0.134353 20.5417 62.2879 330.953 59.454 8.03645 13.7688 28.2996 73.7291 15.701 35.6123 0 101.48 39.0365 127.344 
1.06702 4.37762 27.4014 16.7654 14.509 4.76296 6.88106 24.4758 0.516733 22.344 121.163 61.1584 37.5164 12.9114 28.2385 19.5357 25.1393 59.1892 1.41463 11.8402 39.5775 6.09298 7.50581 15.0989 17.707 0 28.0086 49.3484 
51.0874 20.3025 10.0941 1.26255 0.0011411 0.009155 4.59189 65.7934 79.2688 40.1236 32.2244 120.765 25.0209 0.0178808 10.9386 15.7654 7.05279 3.99334 0.544582 10.2742 28.7096 10.3548 1.49601 0.677328 51.4034 4.75015 0 15.0551 
39.3203 55.318 8.36071 15.9383 55.8131 15.7825 68.8624 7.87275 70.2655 48.3299 0.0150286 163.135 19.2466 7.90701 9.92315 13.4886 1.5587 0.00136906 26.8413 4.98041 21.3909 8.31793 3.13541 9.31742 12.7524 5.63909 92.5626 0 
