0 698.128 151.434 600.564 0.0216379 348.076 251.692 196.305 519.56 66.9071 2.76657 87.6972 86.572 42.1458 58.3539 50.4502 353.404 14.5337 66.2631 231.089 62.7166 19.4088 0.484066 42.9597 304.838 0.326912 50.5049 29.8465 
399.384 0 354.724 550.713 88.805 344.644 372.347 125.443 433.638 45.5703 81.9455 144.845 119.324 64.2867 11.0223 6.19437 304.976 835.267 168.246 117.863 59.3938 35.7959 14.0547 30.1512 302.036 55.2379 0.0337475 2.83949 
135.126 229.552 0 288.081 53.6189 2.96862 167.958 218.689 462.369 74.9203 52.9472 114.23 55.2117 15.2997 26.1873 13.9661 55.5867 66.3464 61.5337 6.40617 45.0191 0.190534 0.444784 14.4369 10.6114 26.5303 18.587 21.6482 
373.489 548.37 289.698 0 160.256 343.36 0.490594 1022.22 390.789 106.703 203.818 164.803 51.7935 3.88821 9.7963 15.0629 310.187 1.47641 10.131 47.7961 266.337 2.26137 19.3484 18.4458 321.092 43.8481 25.1279 22.998 
0.241396 0.0119463 163.021 122.185 0 31.0672 214.445 166.678 317.846 293.137 1.3338 123.697 54.3902 68.667 21.2889 24.7127 106.287 6.37256 113.613 8.91289 38.0754 36.0375 9.82563 10.5898 46.5003 33.6444 40.232 33.7266 
314.013 509.515 60.8441 355.886 340.209 0 1315.22 57.4481 298.41 576.946 0.810525 41.7883 195.542 19.9567 40.761 19.97 340.308 54.9992 32.5085 23.5193 68.4365 17.5459 10.277 14.0248 312.151 25.7987 18.7749 0.0126925 
266.615 177.866 198.379 125.644 374.047 408.738 0 407.434 1280.89 233.194 121.471 50.4826 166.968 11.6889 105.01 16.8453 28.5875 205.515 9.28787 15.4875 99.1135 51.7748 12.2759 71.1107 91.7996 78.1289 17.904 5.00349 
298.521 120.109 254.227 461.561 25.814 24.3517 0.96455 0 420.948 213.475 120.316 871.194 147.11 123.727 122.787 249.193 60.9507 88.3053 10.9877 0.902052 189.371 43.3298 80.4808 138.717 132.579 206.399 33.6866 12.7833 
457.188 526.738 17.3673 621.941 113.687 297.871 93.3798 409.931 0 264.128 1121.3 312.698 0.751721 146.176 223.102 130.529 296.913 0.00132718 101.389 96.797 100.233 20.066 6.33723 98.3614 412.871 0.469893 73.331 53.6658 
16.1022 235.045 50.3338 21.3279 318.459 222.967 2.15374 7.94806 17.6912 0 285.553 49.6425 2.73341 80.6322 27.9813 0.406672 23.2582 21.2537 90.42 40.1898 99.1158 18.3799 60.3141 38.7522 48.4118 9.05647 45.1505 50.7393 
129.401 88.8178 104.394 1.78777 177.799 249.494 257.093 31.7152 595.155 192.409 0 253.484 30.2832 213.197 91.2004 0.873454 54.3024 92.7124 10.239 54.464 10.9069 76.2957 60.0309 97.9867 0.122325 5.85533 85.356 67.3564 
0.0788307 71.074 3.59402 1.608 158.478 68.267 0.00220541 909.739 391.128 242.802 508.429 0 146.791 15.6425 184.298 1.47355 81.1482 142.057 89.3109 92.3559 148.285 24.1839 45.514 146.334 325.57 396.599 62.8611 127.613 
63.1004 53.2031 0.557846 0.199676 145.986 118.017 3.73495 29.396 143.945 26.4535 174.326 159.273 0 96.7347 100.501 22.5963 51.7064 103.966 53.6599 42.967 75.8586 86.0342 9.92563 28.9241 2.52797 36.7956 38.8651 34.8725 
25.8895 45.4137 0.657352 2.04283 20.2904 1.22968 85.035 48.8406 142.695 84.0187 205.585 38.5345 0.00404993 0 4.54624 11.5662 9.3862 0.447192 21.0906 4.69817 43.5571 7.88529 6.5042 8.37967 15.696 8.94089 0.00862215 11.9271 
3.76475 2.90971 0.591242 23.7762 25.5864 41.738 136.645 127.901 90.0735 112.858 35.3427 0.811492 24.2276 22.1207 0 2.5453 27.0084 21.3602 28.7521 0.778654 12.41 0.282633 25.0247 22.3496 31.3475 26.3039 6.91197 0.900082 
60.1019 66.3046 9.00708 42.5829 55.9717 2.5038 3.62026 257.062 11.1831 45.4751 148.449 205.435 8.84138 4.58619 68.4651 0 25.8782 51.7231 4.50928 5.17973 56.947 1.5359 0.124691 4.52087 25.3036 26.5587 17.6902 16.392 
295.192 316.019 8.85068 349.319 3.51556 310.438 90.077 26.7662 404.268 1.5048 95.7107 83.4754 38.0674 21.5413 15.5369 23.7588 0 170.505 85.7143 33.8878 7.11438 3.76754 1.18053 7.86183 320.335 5.53287 1.40136 1.11036 
1.21311 243.569 0.885822 77.7817 231.498 116.166 67.2904 174.306 218.742 140.555 34.9351 151.79 87.9211 1.74826 41.7311 34.4838 33.2861 0 140.501 40.0537 123.623 27.1769 33.2011 47.4714 1.03732 61.6658 7.60737 3.44237 
63.7914 9.82924 12.4844 4.96594 238.204 48.6731 110.561 75.1357 31.6902 61.087 21.4974 3.38125 80.7514 26.8478 1.91698 5.22751 245.626 67.9783 0 19.2047 0.151489 0.306231 4.0127 20.6355 17.1992 11.4771 16.0122 26.616 
192.98 0.000668551 16.788 13.4824 7.94537 24.286 61.7771 99.0474 4.5631 46.9803 31.2286 16.2844 42.7017 3.46703 2.3534 0.383745 2.85754 13.9063 36.5024 0 180.162 0.741109 1.81256 4.94924 0.529556 10.2216 7.17188 7.38512 
85.6582 67.9468 4.62032 215.685 114.766 34.9341 6.0788 164.407 15.2927 89.4257 20.6319 21.8857 29.3128 18.7257 57.1065 6.3067 23.7912 9.61206 9.15363 330.174 0 13.8671 1.68114 8.13944 59.1795 44.5955 43.3469 50.3701 
8.63434 49.1187 6.99865 0.486271 8.05966 1.4706 23.6586 33.8007 20.4566 60.4145 19.9853 1.5488 80.7834 0.457794 16.2546 9.93582 14.566 0.882415 0.00191246 1.5667 0.795135 0 0.0709665 7.32096e-05 4.49055 8.02716 2.37517 1.04024 
6.45265 16.1824 0.172655 19.105 47.9497 2.28207 0.842034 79.001 1.93182 52.4528 5.95505 4.2603 59.1808 8.43124 24.2761 12.4018 7.83754 18.9816 8.10255 3.99224 40.0287 14.5376 0 20.7328 2.33314 5.9014 3.04523 8.1564 
0.0117907 16.0053 5.85592 26.5904 45.4511 17.9993 30.4472 11.3819 10.7 2.36707 27.7457 136.92 67.4548 3.893 16.9355 20.5871 7.88305 14.6585 0.792766 0.044303 19.759 0.0644093 8.28576 0 43.5321 1.82644 19.2583 0.854596 
298.273 313.285 22.3633 337.573 0.629318 301.307 79.4642 0.948375 331.173 67.7267 4.53711 806.38 34.2743 0.129334 20.6014 61.3931 318.776 59.4615 8.0124 13.7669 28.2312 74.578 15.6713 35.7976 0 99.5628 33.9066 125.213 
1.09583 4.32276 27.4082 16.8577 14.4376 4.73016 6.79245 24.9667 0.48178 22.4642 120.805 59.493 37.4522 12.9069 28.2793 19.6412 25.152 59.162 1.42688 11.8364 39.502 6.10312 7.51973 15.0798 17.633 0 28.0866 49.1164 
51.0924 20.3504 10.0744 1.27545 0.00156005 0.00997949 4.62411 65.6608 79.2562 40.1581 32.3235 120.772 25.0519 0.0188166 10.9618 15.7463 7.03984 4.01238 0.539728 10.2785 28.7438 10.3462 1.50665 0.688335 51.5181 4.69163 0 14.7113 
39.2532 55.2676 8.38825 15.891 55.797 15.758 68.9073 7.75181 70.3929 48.3815 0.0193023 162.904 19.2035 7.92148 9.88785 13.5305 1.55024 0.000945813 26.8422 4.99087 21.3423 8.32462 3.12499 9.33592 12.7495 5.4828 92.5001 0 
