0 796.231 26.9727 615.506 111.978 285.123 53.9251 122.57 309.424 104.832 130.476 217.971 39.5223 50.099 14.1202 77.08 285.267 173.417 1.59003 32.6778 111.99 39.4072 42.3156 5.47482 279.203 65.5969 35.2013 37.0829 
514.089 0 40.3716 443.275 455.476 490.025 276.536 125.442 544.128 173.288 0.0386429 37.5954 35.9441 64.8432 55.7496 59.7482 341.842 528.149 134.864 117.863 117.476 4.25052 0.332052 19.9202 354.951 29.6103 8.69582 9.72692 
39.6794 347.106 0 229.226 65.3137 47.537 116.084 0.426606 327.097 10.8711 78.4273 160.586 42.3808 15.3348 17.881 0.0164333 0.281538 99.4578 56.8394 3.5982 108.477 0.283997 12.3112 3.72839 16.9227 18.4049 1.40038 0.251318 
304.05 446.269 356.758 0 78.666 342.334 84.3701 891.778 280.624 106.546 180.865 21.3518 6.24831 0.20753 5.59998 13.9304 276.709 60.3584 17.0881 36.7839 632.261 0.333148 3.30168 0.620676 313.079 4.30147 26.6807 16.5963 
101.728 250.653 170.989 1.30549 0 322.674 286.84 49.4666 354.702 297.86 2.56799 57.8586 41.0092 41.7841 10.8575 0.401802 89.5704 38.8512 83.3675 4.82845 115.742 29.4775 1.31327 13.7112 35.9856 4.01819 12.9465 3.06813 
276.566 466.636 51.7774 343.094 970.962 0 988.993 43.7006 354.526 677.413 140.303 148.271 8.08962 21.8679 36.7122 27.2771 281.458 84.0977 90.0801 1.62637 11.2713 2.84047 0.721183 5.75111 280.591 0.000148358 5.61088 0.196629 
96.914 275.501 26.086 203.249 415.509 914.272 0 27.0862 1294.97 409.244 24.1896 270.211 94.7331 80.0968 8.42322 103.599 19.5863 180.782 55.5355 16.9794 141.398 60.9203 33.1037 18.5604 13.4457 56.8054 35.9545 67.5598 
256.87 120.108 5.99044 101.775 9.39482 35.5531 389.842 0 0.719679 123.297 370.708 48.0532 142.45 91.9985 16.4864 21.5481 89.2711 62.8058 113.263 13.1783 129.602 37.0471 5.62186 20.545 135.749 201.253 93.4207 90.8063 
388.703 455.334 164.331 509.743 17.3182 357.053 64.6187 1.66506 0 357.25 763.765 401.571 2.53375 136.391 244.01 103.81 388.685 133.925 121.785 6.25192 111.871 61.8023 77.757 39.3786 390.242 41.027 69.3034 92.4935 
129.933 19.3209 96.0734 22.5541 321.323 431.954 45.5354 107.612 146.22 0 602.734 213.135 19.982 11.8984 15.3622 89.8445 52.5352 131.767 0.76774 2.46252 76.9166 2.58308 3.56106 10.3004 0.715989 3.53424 9.77612 8.41942 
185.301 234.684 32.5877 38.6459 184.49 68.9034 391.299 358.367 106.874 577.512 0 23.2107 223.678 18.4073 397.651 27.1626 0.00799537 1.37827 19.251 37.4745 90.4107 77.8679 132.395 127.97 5.80572 106.168 82.0725 7.04496 
181.744 1.64583 31.7477 239.974 20.1518 47.5317 176.402 266.731 273.334 11.103 226.092 0 6.84849 38.3679 17.1988 146.004 0.110974 65.5982 99.7815 91.0491 55.2392 7.37269 70.2934 164.106 353.292 365.717 120.725 95.1196 
28.4116 0.299893 68.7186 34.429 156.802 26.0521 217.926 69.0185 173.235 61.0425 235.96 1.96538 0 152.403 44.9148 12.1303 10.5143 95.507 7.88 0.0396928 26.9072 32.78 39.8759 27.4883 1.75475 49.2868 24.3127 0.000156828 
37.3155 71.2731 8.36974 8.01581 5.18509 0.000392603 7.53851 8.76948 83.1154 1.8984 3.48963 67.6378 36.0029 0 17.3222 13.6488 0.525699 50.4165 5.58641 3.34981 10.4892 2.7298 0.073823 4.12505 16.2156 0.599351 10.996 0.620796 
43.7246 39.3855 27.8475 37.4626 7.89069 33.2189 32.2892 184.507 126.649 111.882 358.966 230.336 0.141568 7.59003 0 13.5227 14.5018 0.478568 24.9506 5.80896 0.770613 0.0982566 4.40644 15.8565 28.9123 16.7097 4.55947 17.2043 
2.48534 2.86418 24.7919 42.3158 73.115 1.03763 100.163 9.45055 33.2341 64.9762 202.695 466.88 18.3173 6.5651 89.3276 0 26.1131 58.8374 23.1602 0.410454 8.89606 6.88449 12.245 2.4343 19.2138 1.49043 11.2939 3.09203 
307.228 277.314 45.4134 330.773 0.229306 279.849 97.7275 3.99526 276.507 84.1092 41.9513 0.0334845 29.793 18.8225 27.6092 24.6838 0 164.1 399.574 31.5505 30.525 21.2157 16.9174 16.0094 298.191 11.5004 9.51262 24.3647 
206.576 233.495 161.836 145.573 231.974 123.934 39.9371 23.735 73.6204 92.4662 149.336 32.0059 105.998 40.4223 66.9433 22.4799 29.243 0 130.113 32.804 0.0179403 1.9537 38.6229 41.3782 59.1735 32.556 28.7804 4.75074 
2.21828 26.2452 26.1859 24.6451 4.27478 2.58611 50.6165 57.8025 51.8189 12.655 33.1413 0.492625 1.00321 0.965334 4.10667 27.8714 172.812 1.5837 0 2.30216 70.1498 5.2718 5.20705 23.7965 22.8111 30.6232 0.208022 6.28742 
17.9921 0.000672782 0.0136191 40.3242 4.10834 5.04934 63.6506 73.2242 104.351 0.242487 60.4896 14.1376 0.00164245 0.386635 3.48561 5.11251 12.04 61.3329 27.5574 0 106.103 6.37049 0.745824 4.58013 6.87181 9.97282 0.0637575 11.3241 
87.4547 108.858 56.7975 161.641 36.7548 0.734185 35.917 3.55406 9.48648 51.3735 105.568 110.468 1.10526 12.1187 44.8186 53.8027 67.4871 115.897 55.6109 1.26834 0 32.8284 4.42142 40.8224 59.261 58.7017 33.4805 9.10002 
33.0136 41.2986 3.63374 2.61232 42.0868 5.21113 9.79227 46.3957 34.7333 48.2167 24.9578 1.46061 23.5211 0.869766 15.7349 5.75157 0.333163 39.0956 7.49809 2.33755 23.4954 0 0.517038 13.6095 18.1556 9.68025 0.426802 4.00723 
45.874 0.799251 12.512 2.43243 17.4455 7.49196 12.3752 46.2127 100.733 24.7453 110.906 17.5908 85.7167 0.232273 6.49541 0.155621 9.45296 25.7643 9.55636 4.06521 38.9438 13.6059 0 15.7116 23.7008 1.33118 3.36623 10.1181 
24.6826 7.85225 15.38 5.57206 1.27092 0.127775 3.72968 137.405 95.8671 5.40251 79.2466 156.409 66.8543 8.5648 2.50913 2.525 10.0385 0.13936 0.316924 5.19911 26.8524 13.8963 1.2194 0 28.8068 7.65192 5.17665 14.3066 
312.747 315.37 5.31074 290.963 4.36433 276.382 46.7111 154.342 276.936 14.7794 22.8702 623.632 13.1789 1.45031 28.5693 85.8455 300.049 0.0320459 13.6159 3.49593 11.5838 35.1907 21.4456 11.358 0 35.8208 8.25866 30.1967 
62.2219 22.1836 11.3877 8.73674 70.0233 27.1853 22.5997 180.125 41.1201 32.2972 118.87 129.472 48.8478 8.09282 19.7473 0.0121796 27.2836 22.6179 11.4694 11.9199 61.0233 0.000329251 2.6529 0.49772 40.1516 0 21.7195 50.4867 
26.6703 3.91428 8.00243 11.5258 15.5531 8.86636 51.5334 6.46484 44.4315 1.40892 9.60792 61.683 39.0116 11.2003 8.36191 0.840645 16.9014 44.598 20.9532 5.85553 44.2454 7.28876 5.29968 10.9688 49.6737 9.92943 0 92.4408 
32.0885 18.8175 7.99874 9.53951 18.5564 14.2499 6.39745 99.5471 98.666 6.13165 90.9837 0.012266 42.8316 1.278 23.3612 5.43015 24.2315 0.135846 9.09901 0.473557 50.1203 8.05406 0.0594003 10.0613 8.42918 6.45063 14.4092 0 
