0 520.982 143.056 445.043 0.433954 211.188 247.511 186.842 374.008 70.1447 1.9212 82.5133 87.8455 41.5631 57.4914 51.8657 214.869 11.5772 64.159 236.027 69.2153 19.7683 0.381933 43.6367 163.805 0.524799 50.375 30.6174 
230.916 0 317.02 422.705 66.9812 196.481 399.143 133.822 308.971 51.4181 88.458 140.164 117.101 64.9237 12.192 6.976 166.4 381.936 169.463 114.727 55.923 36.2842 13.4541 30.9516 162.429 56.5159 0.012132 2.52642 
126.266 271.049 0 283.349 59.6675 2.06063 178.625 227.972 449.706 77.8056 45.7217 108.872 54.1117 15.4674 25.4996 13.436 55.4962 71.2301 61.6045 6.95536 41.8767 0.222002 0.380686 14.3061 10.1323 26.3146 18.6712 21.7414 
252.467 420.573 272.72 0 161.459 204.78 1.41631 843.539 236.707 106.437 203.477 155.447 50.7774 4.17437 10.4877 16.1187 169.139 0.842541 10.9238 48.0001 304.32 2.15531 19.3813 18.863 179.96 44.1049 25.3174 22.5157 
0.000417349 2.1015 167.357 118.17 0 24.497 235.186 162.412 325.093 301.591 2.44993 126.601 50.7723 68.9692 19.8574 23.644 103.095 4.55205 101.096 10.0063 39.9176 36.6573 9.31075 10.0759 45.7076 34.618 39.8899 34.3251 
176.208 363.005 59.4222 216.701 18.7164 0 892.123 63.6261 166.033 975.02 2.47014 38.5249 562.737 19.7052 41.066 19.4891 200.804 57.7247 30.2249 23.6599 67.6855 17.739 10.0404 13.8099 171.446 26.0402 18.8802 0.0300641 
265.232 149.818 188.717 132.381 387.778 558.964 0 409.507 1306.3 265.427 102.019 56.6613 171.982 10.4079 101.524 18.4915 27.0733 209.353 7.67408 14.169 96.8705 52.3695 13.1366 70.8845 91.8519 79.6894 18.5172 4.50494 
294.813 111.859 260.218 481.438 22.7913 20.1697 0.0293818 0 457.499 215.693 108.94 932.403 146.643 122.883 127.871 253.189 62.1549 85.0943 11.995 0.548054 191.824 42.62 78.9776 138.595 127.143 211.832 35.141 11.1666 
323.861 370.264 32.621 484.289 102.345 165.028 26.5784 446.894 0 248.65 1310.55 300.476 1.41288 148.172 202.5 127.759 156.261 0.0787937 98.5263 95.6866 96.647 20.7899 5.4879 97.878 271.183 0.170615 73.8428 55.1985 
14.1746 232.367 47.3038 23.2658 323.469 166.285 0.00147084 6.03954 25.1568 0 325.543 44.4075 0.610343 79.7956 31.6216 0.753625 22.1777 23.1732 88.0786 39.434 99.2254 17.5139 60.4465 39.7025 49.5307 8.13941 44.9109 51.2298 
125.701 82.2991 95.5662 0.852698 183.939 242.816 280.112 25.1832 542.203 230.55 0 277.132 35.0119 212.569 70.2031 2.27104 53.1719 95.5534 9.14658 53.2663 12.1266 75.9281 56.9452 100.373 0.387023 7.59794 85.1211 69.1884 
0.403581 66.5771 2.25371 3.46794 156.394 71.9962 0.177747 843.644 395.533 240.96 500.935 0 148.256 12.9493 172.983 0.380635 81.6461 143.132 90.0895 92.9754 146.362 23.3001 48.2265 151.143 352.425 399.341 65.0716 131.87 
61.5294 50.5772 0.360076 0.332623 148.991 116.805 5.44203 27.4998 139.671 18.483 180.811 159.034 0 103.359 102.97 20.9611 52.2773 103.549 52.438 42.8972 76.1088 86.8799 8.50245 27.6075 2.84248 36.0788 38.7875 35.2699 
25.1911 46.4591 0.783079 1.8339 19.3361 1.43261 83.6824 46.1593 142.085 84.0928 202.371 34.5526 0.238298 0 2.16191 12.402 9.18975 0.566291 20.8287 4.68344 43.3806 8.07499 5.92338 8.64945 15.832 9.17959 0.0030071 11.9442 
4.26803 3.55604 0.819479 22.9989 24.0598 41.81 138.091 122.817 97.4735 109.59 21.94 0.03346 27.0903 27.3578 0 0.535885 27.19 22.2112 29.1807 0.711541 11.8249 0.357643 24.8119 21.5799 31.3836 26.8598 7.15697 0.755137 
58.8093 67.4946 9.5224 42.7703 56.9573 2.82208 4.46693 258.893 13.2759 47.6883 156.634 246.002 10.0188 5.33796 75.0291 0 25.8257 52.2876 4.26717 5.30884 56.4065 1.42023 0.21093 5.66827 26.2454 27.4622 17.8235 16.8084 
154.849 173.514 9.57484 209.435 2.56663 171.02 91.3978 25.6761 264.591 1.84427 95.6893 83.8802 37.3587 21.6021 15.2343 23.6119 0 158.729 425.836 33.9405 7.56515 3.64668 1.2541 8.0274 180.2 5.73915 1.328 1.03232 
0.463184 208.633 0.307662 81.3706 229.781 117.441 72.7951 175.506 218.139 141.572 32.6612 151.829 86.8494 1.53589 40.8334 33.7131 26.0525 0 142.052 38.5102 123.659 26.835 32.8135 47.3329 0.870931 61.5896 7.33321 3.19974 
61.6787 7.93703 11.5382 5.55389 227.26 51.0593 113.803 76.7461 29.313 58.4717 19.9746 2.94296 80.1528 26.9371 1.70715 5.49007 239.805 64.7412 0 19.6906 0.0857719 0.258435 4.18043 20.7875 16.8994 11.1676 16.1837 26.5708 
184.568 0.0999018 17.4112 14.7139 8.98568 24.2537 60.0378 100.671 5.35283 46.3538 30.0467 17.4573 42.597 3.5111 2.24411 0.334796 3.09616 12.7912 36.459 0 204.685 0.710439 1.77469 4.89276 0.468907 10.3314 7.08201 7.27342 
92.7049 64.3608 3.46072 200.866 113.382 33.7763 7.08212 160.74 17.3177 90.1986 22.235 23.8787 30.0967 19.2071 56.9065 6.85702 23.0997 8.68533 8.61501 332.336 0 13.6325 1.52872 8.54638 59.3959 43.8108 43.4568 50.4977 
8.93117 48.8815 7.12187 0.540259 7.61556 1.61743 22.899 33.0623 19.7362 60.206 19.1123 1.29133 82.027 0.5475 16.3973 10.0658 14.7134 0.986915 2.27403e-06 1.60847 0.723653 0 0.142595 0.00470266 4.49461 7.92831 2.28314 0.986974 
6.82561 15.5532 0.133272 19.1713 47.4548 2.11633 1.10182 80.5037 2.45862 51.7266 4.73791 5.33009 56.9076 7.99863 23.8886 12.3333 7.98604 18.5497 8.31273 4.00496 40.0538 14.343 0 20.3724 2.0642 6.07038 3.20221 8.25408 
0.0445998 16.7111 6.08656 26.5457 44.9207 18.0092 29.3859 9.65565 9.67144 2.76812 30.1035 142.105 66.9065 4.235 17.8397 21.9388 7.71811 15.1098 0.715281 0.0337706 19.2317 0.0312474 6.82453 0 43.2967 1.61112 19.2401 0.957615 
158.478 172.051 21.9532 197.056 0.803329 160.675 78.3705 1.92706 193.198 68.2501 3.46409 570.795 34.9891 0.0803774 21.2524 51.2225 178.673 59.5364 7.74952 13.7442 27.4795 79.8815 15.3497 37.4684 0 75.1006 2.12147 88.8339 
1.43682 3.7409 27.4705 17.8792 13.6603 4.37498 5.85284 30.6455 0.177801 23.7977 116.801 42.4857 36.7418 12.8518 28.7099 20.7914 25.2885 58.8536 1.56498 11.792 38.6699 6.21459 7.67144 14.8641 16.8244 0 28.9316 46.4851 
51.1417 20.8774 9.85671 1.42128 0.0104765 0.021402 4.98549 64.1952 79.1056 40.5345 33.4187 120.799 25.3911 0.0306788 11.2162 15.5332 6.89779 4.22481 0.487706 10.3247 29.1187 10.2512 1.62584 0.815123 52.7485 4.06837 0 11.1509 
38.512 54.706 8.69244 15.3712 55.6133 15.4868 69.3872 6.4819 71.7842 48.9412 0.101501 160.23 18.7299 8.07987 9.50106 13.9885 1.4586 0.00145157 26.8503 5.10611 20.8089 8.39782 3.01093 9.53839 12.7264 3.89658 91.5057 0 
