0 405.468 136.782 344.937 1.06201 125.872 244.195 179.877 282.211 72.5082 1.4021 78.7871 88.7542 41.133 56.8514 52.8853 128.332 9.62806 62.6239 238.596 74.0628 20.0299 0.3152 44.1223 75.4725 0.697791 50.274 31.178 
125.015 0 287.973 343.051 52.7812 103.288 417.518 139.946 232.729 55.8315 93.2727 136.725 115.446 65.3698 13.0742 7.57088 79.9148 1084.39 170.218 112.355 53.4343 36.6365 13.0231 31.5338 75.1345 57.4357 0.00320669 2.30977 
119.721 300.632 0 273.723 64.1739 1.50123 186.098 234.318 437.635 79.867 40.7238 104.941 53.2986 15.5832 24.9876 13.0493 55.4091 74.8075 61.627 7.3641 39.6273 0.246379 0.337108 14.2072 9.78685 26.1451 18.7296 21.8039 
179.463 341.09 262.509 0 162.181 118.183 2.38809 100.834 139.328 106.177 203.014 148.551 50.0299 4.38749 11 16.8956 80.7883 0.491916 11.5152 48.1012 503.887 2.07956 19.4006 19.1624 91.535 44.2616 25.4509 22.1612 
0.154202 5.86485 170.288 115.178 0 24.8294 250.181 159.248 329.92 307.159 3.47094 128.684 48.189 69.1697 18.8396 22.8749 100.741 3.41653 92.2209 10.8367 41.2725 37.1056 8.94333 9.70837 45.1263 35.3265 39.6379 34.7587 
90.2835 270.269 58.3031 129.639 726.229 0 1350.77 68.2335 86.8251 655.733 4.2367 36.2087 156.719 19.514 41.2563 19.1336 113.555 59.7127 28.5905 23.7537 67.1228 17.876 9.86726 13.6511 83.3335 26.2069 18.9544 0.0473223 
263.909 130.343 181.341 137.192 396.799 662.037 0 410.193 1298.23 288.787 88.6656 61.322 175.513 9.51745 98.9305 19.7263 25.9894 211.993 6.59216 13.2404 95.2221 52.7938 13.7765 70.7001 91.8562 80.7962 18.9668 4.15776 
291.763 105.931 264.022 493.558 20.698 17.351 0.175068 0 483.03 217.149 100.875 968.415 146.255 122.197 131.493 255.52 63.026 82.7631 12.752 0.345488 193.508 42.1011 77.8619 138.41 123.121 215.451 36.2078 10.0535 
241.051 270.636 46.4561 397.484 94.3221 85.4937 3.31252 472.815 0 237.139 1090.63 291.27 2.02268 149.494 198.754 125.662 68.2167 0.261375 96.4241 94.8461 94.0362 21.321 4.90658 97.4918 182.307 0.0461173 74.2024 56.3102 
12.8428 230.164 45.1174 24.7129 326.437 127.597 1.00293 4.81155 31.347 0 354.412 40.7443 0.0212614 79.1337 34.3639 1.07209 21.4023 24.6112 86.3458 38.8782 99.2834 16.892 60.5203 40.3871 50.3347 7.49961 44.7304 51.5762 
122.981 77.6451 89.2297 0.386971 188.318 237.516 296.656 20.8733 494.646 259.111 0 294.247 38.631 211.747 56.3193 3.69399 52.348 97.6125 8.3879 52.3902 13.0504 75.6456 54.7147 102.067 0.672451 9.00037 84.9323 70.5104 
0.797292 63.3598 1.47248 5.25702 154.827 74.719 0.58098 788.654 398.124 239.403 494.216 0 149.269 11.1373 164.579 3.78988 81.9969 143.877 90.6403 93.3973 144.918 22.6632 50.218 154.496 367.76 399.284 66.6757 134.885 
60.383 48.6873 0.243207 0.450387 151.101 117.624 6.8791 26.1514 136.515 13.5349 185.424 158.8 0 108.056 104.674 19.7979 52.6863 103.223 51.5437 42.8397 76.2808 87.4396 7.52974 26.6566 3.08214 35.5534 38.7271 35.5554 
24.6838 47.2131 0.881051 1.6884 18.651 1.58929 82.6604 44.2293 141.533 84.0872 199.703 31.7583 0.790156 0 0.963859 12.9967 9.04727 0.661649 20.636 4.67211 43.2461 8.21042 5.48964 8.83589 15.9243 9.35056 0.000739302 11.9536 
4.65261 4.06514 1.00817 22.4302 22.9691 41.8297 139.017 119.054 102.909 107.097 14.0947 0.115246 29.2432 31.2442 0 0.00997432 27.3191 22.8358 29.4882 0.664518 11.4061 0.417608 24.6167 20.9993 31.3908 27.245 7.33633 0.657446 
57.8538 68.3413 9.90056 42.8718 57.6627 3.0641 5.13582 259.622 14.8994 49.296 162.436 275.596 10.9146 5.90667 79.1749 0 25.7845 52.6897 4.09462 5.40251 56.0006 1.33857 0.287545 6.56372 26.9145 28.0837 17.9157 17.1056 
67.0386 84.162 10.1156 121.907 1.96867 83.8548 92.3356 24.8926 177.202 2.11235 95.6567 84.1628 36.8417 21.6441 15.0142 23.5025 0 150.095 234.872 33.9722 7.90057 3.55975 1.3089 8.14819 92.5016 5.89091 1.27581 0.977252 
0.140013 182.875 0.0746314 83.9679 228.345 118.301 76.8733 176.312 217.575 142.254 31.0446 151.817 86.055 1.38984 40.1778 33.1514 21.296 0 143.102 37.3917 123.653 26.5854 32.529 47.2262 0.758959 61.523 7.13637 3.0285 
60.1393 6.68183 10.8682 6.00019 218.933 52.7852 116.116 77.9078 27.6288 56.5732 18.8963 2.6427 79.697 26.998 1.56183 5.6842 234.543 62.3992 0 20.0435 0.0496207 0.2262 4.30405 20.8962 16.6809 10.9437 16.3079 26.5355 
178.016 0.318797 17.8597 15.6283 9.77835 24.2213 58.7609 101.812 5.96449 45.8882 29.1939 18.3297 42.5142 3.54287 2.16588 0.301227 3.27511 12.0045 36.4193 0 222.009 0.68849 1.74721 4.8512 0.427037 10.4094 7.01637 7.19178 
97.898 61.7802 2.71989 189.393 112.347 32.9371 7.85713 158.009 18.8611 90.7431 23.4317 25.3736 30.6692 19.5582 56.7503 7.26977 22.6 8.03849 8.23219 331.577 0 13.4622 1.42223 8.84709 59.5419 43.2343 43.5324 50.5835 
9.1493 48.703 7.21133 0.581256 7.29929 1.72821 22.35 32.5253 19.2172 60.0362 18.4855 1.11852 82.8825 0.617514 16.4962 10.1581 14.82 1.0665 0.00118704 1.63908 0.673736 0 0.210062 0.0155415 4.5025 7.85571 2.2171 0.949035 
7.10226 15.1005 0.107792 19.215 47.0876 1.99917 1.3123 81.5734 2.88048 51.1826 3.93724 6.17966 55.235 7.65232 23.5694 12.2694 8.09428 18.2366 8.46632 4.01379 40.0674 14.1876 0 19.9773 1.88743 6.19268 3.31806 8.32392 
0.0816591 17.2305 6.25534 26.5035 44.529 18.0118 28.6175 8.48288 8.9527 3.07847 31.8599 145.755 66.4784 4.48658 18.4873 22.8736 7.5986 15.4404 0.661346 0.0270031 18.8497 0.01457 5.80826 0 43.0309 1.46215 19.2199 1.03597 
71.0506 83.5671 21.649 109.062 0.943029 72.6223 77.5511 2.85195 107.098 68.6077 2.77248 31.862 35.5059 0.0520269 21.7191 43.8784 90.9993 59.5817 7.56015 13.7252 26.9338 78.77 15.1208 38.2434 0 56.408 14.5362 56.1721 
1.71323 3.34293 27.5022 18.6284 13.1053 4.12377 5.21079 35.0835 0.0498995 24.7808 113.828 31.7192 36.2208 12.8054 29.0008 21.6141 25.3853 58.6191 1.66921 11.7574 38.0613 6.29544 7.78008 14.6998 16.2446 0 29.5299 44.4853 
51.1707 21.2625 9.6984 1.53203 0.0219227 0.0324132 5.25614 63.1211 78.9816 40.8032 34.2193 120.767 25.6366 0.0411113 11.4008 15.3747 6.79498 4.38246 0.451496 10.3575 29.39 10.1812 1.71498 0.913732 53.6044 3.63984 0 8.83158 
37.9696 54.2893 8.91491 14.9938 55.472 15.2879 69.7206 5.62614 72.7831 49.339 0.201767 158.15 18.3865 8.19403 9.22124 14.3188 1.39359 0.00777431 26.8537 5.1901 20.4222 8.45047 2.92876 9.68443 12.7182 2.90302 90.434 0 
