0 485.198 97.4414 502.474 10.518 387.117 219.85 137.456 501.988 86.7263 0.000992324 57.4419 93.8722 38.4522 52.8052 58.7926 382.032 1.64679 53.388 211.094 104.723 21.5987 0.0489407 46.9068 318.836 2.24233 49.5527 34.5301 
313.765 0 113.2 621.882 2.36101 324.332 501.102 176.573 549.658 84.6392 123.141 115.686 104.936 67.7296 18.8864 11.5852 335.337 755.699 172.42 96.7626 39.2707 38.6974 10.5457 35.0151 324.7 62.7525 0.0699061 1.2087 
80.1882 440.876 0 139.259 92.4329 0.00238267 223.985 263.9 324.193 91.4073 16.0984 81.203 48.2206 16.165 21.74 10.7295 54.5136 96.3014 61.2484 9.95437 26.9641 0.4185 0.130383 13.5508 7.78203 24.915 19.0289 22.0837 
520.744 621.141 401.522 0 163.74 370.957 13.3142 43.3445 338.701 103.465 196.495 106.751 45.4188 5.74657 14.2137 21.652 323.895 0.35993 15.303 47.8642 202.54 1.64998 19.4335 20.8764 333.997 44.6612 26.1725 19.9786 
6.83799 65.6543 183.496 96.2683 0 131.582 334.447 139.373 350.385 329.251 13.1976 140.607 33.6799 70.0255 13.1834 18.4236 86.1841 0.0161978 45.0218 16.3958 49.6356 39.7415 6.86926 7.62112 41.5658 39.5678 38.0737 37.3249 
348.966 480.92 50.2801 379.248 576.662 0 915.593 97.2955 428.097 539.212 24.2621 23.4743 683.082 18.2301 41.8273 16.9174 362.868 71.6176 19.3857 24.1644 63.4668 18.634 8.81529 12.659 327.689 27.0404 19.3572 0.232233 
250.544 37.3247 132.932 163.779 431.655 909.889 0 399.784 845.338 416.13 26.0514 91.783 194.329 4.95007 82.5962 27.7292 19.8293 224.944 1.79206 8.24949 85.0786 55.1872 17.8479 69.2504 91.285 86.8901 21.7217 2.35456 
267.604 72.2196 276.325 413.348 10.1157 4.71257 15.4655 0 607.461 223.023 57.2813 1007.02 143.093 116.851 151.51 258.942 68.1525 68.941 17.7071 0.108106 201.75 38.9471 70.8183 135.618 98.2108 230.697 42.734 4.54138 
515.597 447.334 167.323 633.492 51.314 425.21 307 601 0 166.145 640.415 231.915 7.91502 155.026 272.533 111.774 313.491 3.57207 83.5574 89.2507 78.4331 24.5813 2.08133 94.5761 421.237 0.949272 76.1335 62.8909 
6.15202 212.711 32.4978 33.9764 331.8 0.743167 50.6814 0.357535 80.4157 0 508.56 21.6279 13.2762 74.2653 52.1365 4.12279 16.9538 33.9245 75.5162 35.4499 99.2466 13.3185 60.5647 44.36 54.9591 4.1689 43.5379 53.4616 
106.292 51.6509 53.7639 1.40942 212.721 199.034 387.93 3.33232 151.575 429.51 0 391.106 63.1613 200.571 3.92441 19.0976 47.3846 109.776 4.49292 47.063 19.2188 73.6896 41.7088 111.37 4.00352 19.6683 83.4837 78.2141 
5.90749 45.1878 0.270584 23.332 144.576 91.0616 7.80978 397.017 402.514 226.405 433.49 0 154.384 3.03812 113.03 92.4417 83.8974 147.672 93.6584 95.4113 135.477 18.9573 62.3844 171.656 316.595 363.722 76.166 151.258 
53.4691 37.7877 0.0222803 1.52584 162.335 153.016 18.8107 18.6495 116.94 0.0120491 210.842 156.328 0 133.018 113.091 13.3465 55.0253 100.882 46.1092 42.3754 77.1337 89.7826 2.87173 21.1141 4.70819 32.342 38.2968 37.1995 
21.6633 51.6034 1.58039 0.934936 14.7189 2.68101 75.9042 33.1204 136.335 83.0058 178.362 17.0623 10.627 0 3.85254 16.1887 8.20037 1.38624 19.4431 4.59353 42.3319 8.97214 2.90083 9.75662 16.3568 10.3216 0.0192309 11.9578 
7.27598 7.78655 2.52765 18.9868 16.8155 41.3689 142.271 95.7085 135.637 90.4389 3.70776 11.8924 43.1688 52.3904 0 12.991 28.0371 26.6654 31.2547 0.41462 9.01798 0.871121 22.7682 17.2275 31.0973 29.1888 8.42939 0.211305 
51.884 73.0609 12.2082 42.859 61.6751 4.69057 10.0499 253.318 26.2982 58.7817 193.583 430.72 16.9363 9.56251 89.4118 0 25.4854 54.9446 3.12427 5.9589 53.3498 0.894383 0.982424 12.7043 30.5879 31.0881 18.3829 18.7726 
313.859 322.395 13.5888 369.496 0.0413414 334.04 97.5281 20.372 425.434 4.08713 95.1613 85.6424 33.7193 21.858 13.6953 22.8044 0 98.8953 438.114 34.0464 10.0427 3.05619 1.66023 8.87935 339.317 6.83059 0.98349 0.677524 
2.14071 87.9412 1.99812 99.1388 216.553 122.214 102.317 179.939 212.024 145.309 22.0504 151 81.0433 0.664145 36.2082 29.7717 2.58 0 147.95 30.7956 123.055 25.0718 30.7825 46.4828 0.247721 60.9274 6.00216 2.09494 
50.9142 1.3824 7.19882 8.98975 164.475 62.8146 129.052 84.6774 18.3934 45.3472 12.9681 1.17487 76.6162 27.2886 0.821822 6.90141 190.162 48.6936 0 22.1419 0.0392162 0.0776398 5.0742 21.5138 15.3665 9.62314 17.0423 26.2809 
133.172 4.19013 20.4361 21.357 15.1297 23.8713 50.949 107.908 10.271 42.9324 24.2171 23.8898 41.9002 3.72781 1.71997 0.136303 4.44068 7.74485 36.0388 0 305.597 0.56326 1.58369 4.59377 0.216072 10.845 6.61796 6.69618 
129.662 46.9056 0.138903 150.058 105.679 27.9724 13.2841 140.622 29.2995 93.685 31.1251 35.0885 34.1394 21.677 55.6264 9.95969 19.6643 4.65766 6.09866 287.849 0 12.448 0.861851 10.7332 60.215 39.6872 43.9107 50.9729 
10.4957 47.5261 7.74341 0.857222 5.52487 2.46107 19.1253 29.3148 16.1985 58.7038 14.8858 0.34035 87.0966 1.11811 16.9999 10.6706 15.4488 1.60663 0.0537807 1.82654 0.411133 0 0.878265 0.211781 4.63135 7.40887 1.83747 0.735675 
8.85416 12.4801 0.0115039 19.3957 44.7647 1.35853 2.94909 87.5388 6.07979 47.6556 0.67161 12.4896 44.9967 5.1956 21.0496 11.6466 8.74735 16.378 9.39927 4.05923 40.0648 13.0279 0 15.5917 1.17362 6.91218 4.04055 8.72058 
0.536533 20.4421 7.28116 26.0802 42.0827 17.9462 24.0931 2.98513 5.18191 5.26069 43.0311 165.062 63.4142 6.01056 22.1062 27.3403 6.89075 17.461 0.381259 0.00225674 16.5899 0.0465781 1.15534 0 39.837 0.710577 18.9761 1.56419 
319.871 325.938 19.7277 353.778 2.01082 317.448 72.2419 12.0457 363.91 70.3335 0.231114 113.85 38.5421 0.0110181 24.3737 22.0935 337.965 59.6895 6.45872 13.5699 23.6891 19.1899 13.8475 35.5457 0 54.9274 81.7132 107.682 
3.86267 1.4135 27.4488 23.1834 9.97049 2.75134 2.11665 66.3295 0.932622 30.8678 95.1865 0.0162648 33.0298 12.4182 30.3315 26.1757 25.9202 57.0368 2.36001 11.5087 34.3642 6.7755 8.39891 13.5926 12.9631 0 32.7828 31.5561 
51.2244 23.596 8.74992 2.27711 0.178198 0.146037 7.01274 56.5624 77.985 42.3233 39.0805 119.679 27.0869 0.135459 12.4949 14.3674 6.18772 5.38111 0.263188 10.5381 30.9905 9.74721 2.29102 1.61514 57.8959 1.53774 0 0.471745 
34.6692 51.6499 10.2655 12.7535 54.488 14.0699 71.4387 1.73627 78.5144 51.5503 1.51442 143.465 16.3496 8.85792 7.57914 16.2361 1.03313 0.150866 26.83 5.69593 18.1313 8.75572 2.45089 10.5347 12.7767 0.00259434 78.3672 0 
