0 439.144 101.583 449.987 9.08861 323.097 222.712 141.87 442.457 85.2502 0.00907599 59.5688 93.3671 38.739 53.242 58.1968 318.805 2.17313 54.3481 218.023 101.438 21.4355 0.0658982 46.6277 256.648 2.04148 49.6369 34.1826 
252.84 0 129.717 557.45 4.59804 263.863 494.894 172.805 479.868 81.4853 119.977 117.898 106.073 67.5097 18.2421 11.1329 271.821 939.811 172.379 98.4796 40.6765 38.4873 10.7945 34.6541 261.87 62.2167 0.0533488 1.30725 
84.2336 430.677 0 156.44 89.4356 0.00712019 220.699 261.568 338.557 90.2821 18.1907 83.6637 48.7638 16.1137 22.0901 10.9698 54.6364 94.0836 61.3288 9.67529 28.206 0.398523 0.147481 13.624 7.98464 25.0596 19.0019 22.0622 
448.374 556.57 396.94 0 163.801 307.876 11.7841 912.979 280.137 103.838 197.467 111.067 45.9079 5.59897 13.8693 21.1528 261.745 0.21573 14.8906 47.9562 334.426 1.6927 19.4367 20.7051 271.929 44.6631 26.1038 20.2097 
5.68815 56.688 182.491 98.2968 0 114.036 326.371 141.503 348.966 327.906 11.9041 139.416 35.1029 69.9643 13.7343 18.8728 87.7258 0.0942319 49.3405 15.7731 48.7483 39.4717 7.07444 7.82869 41.9418 39.1278 38.2407 37.0607 
285.124 422.565 51.2077 316.524 544.126 0 1518.06 94.1921 352.826 381.432 21.4618 24.6983 342.073 18.3742 41.814 17.1539 300.106 70.3863 20.2881 24.134 63.8689 18.5604 8.92565 12.7652 265.424 26.9672 19.3187 0.206498 
252.355 44.7037 138.176 161.232 429.673 921.82 0 402.012 916.275 404.55 30.9884 88.4398 192.577 5.36131 84.3441 26.8524 20.4416 223.836 2.15353 8.72049 86.1522 54.9506 17.4066 69.4285 91.392 86.302 21.4306 2.51959 
270.559 75.5475 275.916 433.726 11.0535 5.67035 12.7475 0 597.352 222.645 61.3801 1017.82 143.488 117.503 149.584 259.441 67.6273 70.3624 17.1593 0.0544485 201.045 39.2783 71.5771 136.042 100.84 229.654 42.0457 5.01907 
450.343 391.861 152.491 573.368 55.3166 350.061 245.246 590.402 0 173.533 526.043 238.334 7.12612 154.646 270.698 113.313 251.09 3.05184 84.912 89.8756 80.046 24.2362 2.32138 94.9267 359.601 0.723649 75.9509 62.2142 
6.74113 214.848 33.761 32.971 332.251 2.9309 42.2427 0.58494 74.4588 0 494.898 23.372 10.5855 74.841 50.2044 3.716 17.3997 32.9032 76.6727 35.8136 99.2812 13.677 60.592 43.9585 54.4951 4.47363 43.6707 53.281 
108.052 54.1815 57.1916 0.99826 210.349 203.498 379.325 4.4688 180.89 412.789 0 381.739 60.4047 202.217 6.61264 16.9705 47.9023 108.529 4.84482 47.622 18.5282 73.9139 43.0244 110.475 3.52919 18.386 83.6595 77.4327 
5.15869 46.9794 0.115245 20.8915 145.709 89.3704 6.67862 438.7 402.958 228.04 441.295 0 153.93 3.65124 118.367 78.4503 83.7161 147.332 93.3675 95.2436 136.519 19.3334 61.1074 170.127 329.969 370.079 75.1921 149.705 
54.1904 38.8833 0.00677574 1.38464 161.286 147.558 17.3137 19.3814 119.018 0.0826832 208.4 156.67 0 130.737 112.368 13.9723 54.7913 101.156 46.6793 42.4332 77.0593 89.6214 3.25869 21.676 4.52412 32.6805 38.3471 37.034 
21.9755 51.1581 1.49894 1.00364 15.1131 2.55566 76.6542 34.233 137.023 83.2015 180.976 18.4113 9.10273 0 2.76209 15.8944 8.28786 1.29866 19.57 4.60255 42.4356 8.89723 3.15645 9.67789 16.3216 10.2254 0.0147395 11.9615 
6.97821 7.34723 2.33941 19.3462 17.4227 41.4628 142.119 98.1763 132.269 92.288 1.77745 9.78778 41.6521 50.5656 0 10.4682 27.9669 26.2607 31.0773 0.438029 9.25629 0.816538 23.012 17.6383 31.1546 29.0174 8.31441 0.246412 
52.5219 72.6 11.9661 42.9101 61.2758 4.50798 9.46864 254.817 24.987 57.8133 190.689 417.72 16.2608 9.17131 89.6455 0 25.5207 54.7228 3.21997 5.90153 53.6424 0.936869 0.891985 12.0239 30.2363 30.8381 18.3413 18.6091 
251.286 260.658 13.2101 306.916 0.107958 271.158 97.0235 20.8277 362.803 3.85266 95.2368 85.5057 34.0457 21.8388 13.8324 22.8804 0 104.068 257.533 34.048 9.80957 3.10717 1.62185 8.80274 276.798 6.73047 1.01226 0.706258 
1.61863 90.9806 1.53376 97.6031 218.026 121.909 99.6094 179.66 212.772 145.075 22.9277 151.144 81.5839 0.727566 36.6237 30.1239 3.7006 0 147.564 31.4709 123.162 25.2306 30.9674 46.5684 0.288025 61.005 6.11648 2.18454 
51.8701 1.75165 7.55133 8.6545 170.378 61.8045 127.788 83.99 19.2816 46.4969 13.5401 1.30081 76.964 27.2643 0.888202 6.77059 195.425 50.0852 0 21.9253 0.0237786 0.0895087 4.99182 21.4523 15.5035 9.75867 16.9667 26.3108 
138.145 3.58598 20.1786 20.7465 14.527 23.9201 51.7709 107.336 9.77313 43.2525 24.7229 23.2864 41.9735 3.70903 1.76447 0.150523 4.31215 8.15009 36.0898 0 299.13 0.57578 1.60059 4.6212 0.234797 10.8024 6.65978 6.74823 
126.341 48.3976 0.256241 150.192 106.408 28.4825 12.6584 142.504 28.1226 93.4052 30.2851 34.021 33.7757 21.4556 55.7582 9.66315 19.9646 4.96902 6.30758 295.258 0 12.5529 0.913874 10.5305 60.1613 40.0629 43.8774 50.9424 
10.3525 47.6569 7.68842 0.826108 5.6995 2.37943 19.4549 29.6478 16.505 58.8673 15.2472 0.400555 86.7341 1.05975 16.9547 10.6207 15.3842 1.5454 0.0446687 1.80672 0.435533 0 0.788245 0.180937 4.61176 7.45626 1.87566 0.756736 
8.66464 12.7449 0.0169841 19.3834 45.0158 1.4201 2.74918 86.9561 5.69443 48.0427 0.886327 11.7392 46.0708 5.46974 21.3563 11.73 8.6791 16.5698 9.30128 4.0551 40.0718 13.1657 0 16.1817 1.21956 6.83863 3.96326 8.68113 
0.470651 20.1005 7.17355 26.1377 42.3447 17.9595 24.5563 3.43083 5.53005 5.00856 41.8238 163.283 63.7716 5.85284 21.7555 26.982 6.9637 17.2478 0.406926 0.00356192 16.8224 0.0326872 1.49189 0 40.2911 0.777043 19.0112 1.50466 
257.113 263.86 19.9347 291.503 1.88145 255.125 72.8245 10.8065 300.323 70.1879 0.365435 894.195 38.2317 0.00493741 24.1105 21.7495 275.43 59.6914 6.57055 13.5894 24.024 25.41 13.9716 36.3162 0 44.9061 109.9 87.7744 
3.60033 1.57714 27.4738 22.7073 10.2806 2.88295 2.3768 62.7597 0.709111 30.2213 97.176 0.502293 33.3666 12.4671 30.2273 25.738 25.8682 57.2154 2.28294 11.5378 34.752 6.72597 8.33731 13.717 13.2863 0 32.4736 32.94 
51.2284 23.3513 8.84844 2.1932 0.154926 0.130413 6.81939 57.2529 78.1088 42.1725 38.5706 119.864 26.9378 0.123106 12.3822 14.4766 6.25018 5.27286 0.280476 10.5206 30.8261 9.79349 2.22784 1.53356 57.5254 1.71735 0 0.863174 
35.0161 51.9354 10.1239 12.9842 54.6012 14.1985 71.2828 2.03963 77.9402 51.3345 1.32131 145.157 16.5597 8.79063 7.74664 16.0426 1.06829 0.12756 26.8359 5.64315 18.3673 8.7248 2.49936 10.4484 12.7648 0.0503924 80.0305 0 
