0 564.946 82.6799 601.074 16.4803 527.416 208.996 121.701 625.897 92.0121 0.237914 50.0044 95.6332 37.407 51.2063 60.8945 519.484 0.353749 49.9444 179.996 116.64 22.1852 0.00873745 47.8886 452.633 3.0407 49.2321 35.7768 
451.928 0 60.9728 760.755 0.431967 453.217 517.949 189.953 710.355 96.2045 134.568 107.718 100.774 68.469 21.275 13.2751 474.033 345.362 172.203 90.4448 34.3597 39.4446 9.66862 36.3098 460.798 64.643 0.147984 0.885297 
65.9908 466.409 0 80.1676 103.216 0.278719 234.316 270.712 269.77 95.2853 9.56791 72.4321 46.2432 16.3313 20.4632 9.87053 54.016 104.176 60.8811 10.9724 22.6696 0.494325 0.0774845 13.2782 7.0663 24.3644 19.1182 22.146 
689.949 760.528 334.856 0 163.091 507.782 19.5276 859.804 461.572 101.953 192.454 91.4649 43.6446 6.28815 15.4677 23.4465 457.533 1.18145 16.818 47.4052 296.671 1.50032 19.4093 21.4778 467.312 44.5702 26.407 19.1412 
11.8201 102.373 186.36 88.9001 0 196.103 361.602 131.621 354.065 332.168 18.3708 144.786 28.7498 70.1911 11.2802 16.8372 80.6068 0.270162 30.8808 18.7155 52.8555 40.7031 6.15217 6.89329 40.2041 41.1458 37.4653 38.2686 
488.803 600.313 46.7991 514.745 193.602 0 558.299 108.52 612.712 322.911 35.5889 19.2849 586.414 17.6931 41.7861 16.0581 498.639 76.0131 16.2653 24.2499 61.9809 18.8885 8.41733 12.2715 461.71 27.2771 19.4891 0.337221 
243.269 16.009 114 172.428 435.446 800.042 0 389.652 575.778 453.119 11.6985 104.07 200.199 3.59947 76.252 30.9565 17.686 228.44 0.763584 6.65271 81.1924 56.0135 19.4668 68.5582 90.8089 88.9107 22.7766 1.80559 
256.206 60.6769 276.082 337.506 7.07074 1.98776 27.3029 0 637.235 223.925 43.5219 941.225 141.546 114.328 158.088 255.508 70.0229 63.8744 19.7371 0.45195 203.98 37.7504 68.045 133.844 88.7519 233.35 45.2216 3.01402 
660.012 557.727 222.751 757.484 37.9718 609.499 561.241 632.672 0 139.958 720.772 208.595 11.0807 156.006 246.271 106.081 448.08 5.77639 78.669 86.9262 72.6676 25.832 1.32371 93.2269 552.877 2.01161 76.7546 65.3033 
4.24677 204.457 28.0766 37.6599 328.238 16.2472 86.4463 1.33591e-05 103.181 0 551.235 15.8636 25.3253 72.0714 59.1899 5.75238 15.385 37.6877 71.3133 34.1303 99.0628 12.0567 60.4051 45.779 56.592 3.15642 43.044 54.0799 
99.9358 42.9329 42.0805 3.46804 220.888 182.304 416.564 0.614552 81.2072 485.481 0 422.83 73.4123 193.781 0.0240323 27.6757 45.5218 114.219 3.33265 45.0456 21.7933 72.8441 37.0699 114.435 5.95052 24.587 82.8038 80.9794 
9.00874 38.9592 1.36799 33.0955 140.389 97.0994 12.5866 255.565 399.188 220.012 403.01 0 155.861 1.29196 94.1834 149.397 84.5175 148.789 94.6591 95.9327 131.624 17.6243 66.9824 176.613 276.399 336.411 79.6337 156.518 
50.8752 33.9319 0.152213 2.08958 165.859 172.89 24.6549 16.1158 109.417 2.3663 219.177 154.939 0 140.47 115.379 11.1924 55.8486 99.8383 44.0524 42.1493 77.3735 90.2008 1.67649 19.128 5.39819 31.1177 38.1057 37.784 
20.5461 53.1806 1.88942 0.707125 13.332 3.15337 73.1248 29.2164 133.588 82.1438 168.302 12.5887 16.9954 0 9.10529 17.1566 7.88708 1.72437 18.981 4.55945 41.943 9.23229 2.03821 10.0041 16.464 10.6577 0.0403238 11.9361 
8.39318 9.46371 3.2598 17.6956 14.7015 40.9437 142.451 86.8164 147.56 83.6201 16.3239 21.0543 48.717 57.7953 0 23.7706 28.2809 28.1314 31.8793 0.33551 8.18144 1.08141 21.8011 15.7276 30.8401 29.7425 8.84496 0.107093 
49.5607 74.6573 13.08 42.5801 63.0728 5.37115 12.2682 246.368 31.2309 62.2137 203.195 468.586 19.4499 10.9678 86.0281 0 25.3505 55.717 2.79035 6.16402 52.2659 0.749016 1.34042 15.179 31.7862 31.8562 18.5191 19.3394 
449.089 454.734 14.9814 504.604 0.0613511 470.298 99.2706 18.7633 560.697 4.98549 94.8436 86.1003 32.5436 21.9211 13.2029 22.5245 0 80.8495 115.409 34.0228 10.9008 2.8756 1.8017 9.15587 474.245 7.19499 0.883216 0.578858 
4.6145 87.3303 4.16674 104.551 210.808 123.111 112.12 180.754 209.009 145.986 19.0151 150.37 79.064 0.459537 34.7108 28.5056 0.210864 0 149.105 28.3939 122.584 24.4983 30.1115 46.159 0.127678 60.6182 5.59826 1.78725 
47.4905 0.413326 5.99156 10.2403 143.108 66.361 133.42 87.1128 15.3485 41.2616 11.0001 0.774158 75.3145 27.3644 0.603808 7.37951 171.002 43.7722 0 22.9169 0.126555 0.04188 5.37479 21.7296 14.8732 9.13966 17.3126 26.1667 
115.061 6.73835 21.3379 23.5663 17.3801 23.6724 47.9821 109.839 12.1535 41.7588 22.4229 26.1036 41.6191 3.79448 1.56374 0.0908821 4.91657 6.36446 35.834 0 323.354 0.519226 1.52311 4.49396 0.155042 10.9932 6.46685 6.50825 
141.555 41.6622 0.0116943 156.81 102.989 26.1536 15.6466 133.741 33.6946 94.6394 34.218 39.0315 35.4523 22.4745 55.1242 11.0569 18.5945 3.61745 5.37355 256.791 0 12.0715 0.686933 11.474 60.3767 38.3245 44.0188 51.0631 
11.016 47.0392 7.94041 0.973749 4.91631 2.76463 17.9517 28.1196 15.1128 58.0686 13.6128 0.164069 88.2485 1.3395 17.1479 10.8433 15.6794 1.83646 0.0935618 1.89842 0.329094 0 1.23956 0.342471 4.71281 7.23678 1.70276 0.662147 
9.54945 11.5434 0.000585489 19.4271 43.8441 1.1473 3.72402 89.5567 7.56438 46.2276 0.144324 15.3598 41.1373 4.20525 19.8718 11.3132 8.99347 15.6918 9.75328 4.0729 40.0269 12.5022 0 13.3003 1.06414 7.17372 4.32216 8.85885 
0.808956 21.6831 7.66932 25.8476 41.1261 17.886 22.4445 1.63354 4.01822 6.21439 47.4454 170.963 62.0573 6.57101 23.306 28.3929 6.62981 18.2331 0.295691 1.34476e-05 15.7595 0.116768 0.290178 0 37.9904 0.495037 18.8313 1.78682 
455.714 459.326 18.9709 487.782 2.51099 451.695 70.093 17.0184 502.725 70.7904 0.00120998 743.745 39.647 0.052809 25.2919 28.4316 472.951 59.6575 6.06208 13.4935 22.4903 7.55338 13.4178 32.2554 0 93.0776 1.54927 138.318 
4.87924 0.89755 27.3217 24.8926 8.88722 2.30028 1.30284 79.6389 1.98749 33.2113 87.9735 3.85128 31.8106 12.2264 30.6385 27.6616 26.1001 56.3681 2.64725 11.3977 32.9645 6.9528 8.61469 13.1289 11.8424 0 33.8324 26.5958 
51.1912 24.4792 8.39609 2.59105 0.275384 0.209549 7.72806 54.0679 77.5011 42.8508 40.9202 118.878 27.6194 0.184746 12.8975 13.967 5.96451 5.77837 0.205458 10.5987 31.5775 9.57866 2.52412 1.92459 59.0616 0.970518 0 0.0352097 
33.4163 50.6027 10.7763 11.9295 54.0602 13.6041 71.9548 0.844488 80.5344 52.2982 2.31695 137.096 15.5986 9.09627 6.9842 16.9183 0.911225 0.250854 26.8017 5.88593 17.2875 8.86527 2.2791 10.8402 12.8239 0.328745 71.7406 0 
