0 900.649 34.573 741.875 121.815 422.663 46.2718 111.382 450.651 101.173 126.116 220.474 37.7292 49.6649 13.1054 76.3415 421.862 180.078 2.22257 33.3977 103.404 39.5334 42.6895 6.02664 415.159 64.3498 35.7762 37.9695 
604.993 0 71.8755 559.094 428.156 617.901 312.081 135.352 661.008 165.368 0.0951198 33.3888 33.1938 64.0833 57.8445 58.1607 481.149 748.718 130.6 114.141 121.613 4.60167 0.217766 20.8091 490.306 31.1545 8.23076 10.3997 
48.4377 301.543 0 188.104 72.8259 44.9303 102.51 0.0338987 288.274 8.84155 88.4994 155.874 43.8489 15.1266 18.828 0.0647264 0.468477 93.7134 57.5677 3.10359 105.621 0.242092 12.3699 3.49205 17.4965 19.0107 1.27009 0.335489 
455.26 562.093 407.447 0 73.3117 478.322 92.5676 1023.17 421.177 106.141 185.106 28.0062 5.53292 0.299992 4.96344 15.1583 411.986 64.5727 15.9833 35.3971 227.329 0.283408 3.54404 0.468685 449.216 5.05948 26.5324 15.9812 
111.434 214.418 175.244 0.524458 0 314.065 309.624 44.7855 352.739 307.16 4.35128 54.4025 37.1316 40.5494 12.198 0.623143 85.5662 33.6769 97.5215 5.82051 117.278 28.7156 1.56883 14.3904 34.981 3.50185 12.4903 2.75101 
411.803 611.112 54.0644 477.996 1078.48 0 1169.46 50.4114 462.881 860.841 153.423 150.377 477.141 21.7929 35.8755 27.2095 417.536 87.0882 90.3614 1.88025 10.3165 3.07147 0.843605 6.03552 415.644 0.0143377 5.83306 0.265092 
87.5845 239.711 35.0354 203.167 424.521 857.931 0 18.2551 1302.35 437.646 13.7093 274.03 87.7574 81.8615 10.7299 103.33 18.0364 186.634 51.5284 15.3657 142.112 61.2355 34.4377 17.4575 14.7855 59.0514 35.1765 66.889 
247.993 110.371 10.7086 109.513 11.8328 29.7309 397.45 0 0.859933 116.813 373.022 12.5316 143.507 89.0504 20.3261 14.8165 90.1533 66.4437 112.566 11.5279 124.488 37.9142 6.64098 23.3588 141.905 193.705 94.3187 93.9418 
515.777 609.923 204.031 627.978 11.5884 464.998 7.05786 0.235317 0 366.686 555.276 398.702 1.47015 132.903 265.857 99.5177 523.676 139.305 118.837 7.33448 107.692 61.1895 79.5692 41.3518 527.478 37.5877 68.5253 93.3999 
132.771 24.2569 98.6468 24.8962 326.437 373.508 69.5634 114.112 127.715 0 604.211 218.353 11.9858 13.5892 12.2218 90.5155 53.9221 133.618 1.33034 2.87869 78.2002 2.14991 4.16323 11.1996 1.02684 2.84881 10.2779 9.08235 
187.176 229.066 40.1586 33.3103 191.55 57.8097 412.066 351.95 87.3146 593.621 0 13.0385 228.889 13.5132 385.573 34.1462 0.00231903 2.04703 17.5381 38.9246 93.0401 77.5902 133.002 128.519 4.38069 101.092 82.622 5.99389 
176.528 0.807866 27.069 245.583 22.5643 43.5192 185.394 368.393 288.881 14.5963 253.964 0 5.57662 33.6865 24.6329 191.581 0.0450777 62.9708 100.014 91.8771 58.4905 6.72018 73.5857 168.535 374.47 380.579 120.537 89.42 
30.0722 0.0788295 67.9644 35.7417 159.769 14.8776 218.778 66.1837 169.164 47.1664 231.427 2.75754 0 154.563 48.9381 10.6224 9.89509 96.4837 8.76117 0.0125068 27.8177 35.1631 37.118 25.9477 1.46427 49.8275 23.9055 0.00517936 
36.5477 71.3059 8.73581 7.59405 5.85929 0.00765772 8.86373 7.18012 78.9303 2.66199 1.5205 62.0919 43.0873 0 11.9659 14.5526 0.456416 50.7509 5.88198 3.40321 10.9803 2.9519 0.250364 3.72355 16.0972 0.734271 11.0439 0.711932 
44.9814 41.484 27.0974 37.8511 9.06069 32.1991 28.5102 185.04 135.659 115.561 336.924 240.09 0 12.1965 0 21.1741 14.8593 0.674886 25.5079 5.97193 0.588093 0.153959 5.2593 16.9411 28.4545 17.6492 4.81652 16.791 
1.91974 2.27335 24.8411 42.6023 72.6735 0.808805 101.05 5.12442 37.0712 62.5681 208.85 485.111 20.17 7.54439 87.1161 0 26.0908 59.2117 23.5078 0.474352 9.64928 7.08921 12.11 1.53908 20.2315 2.12543 10.965 2.72299 
440.783 413.441 44.5057 465.71 0.0234755 414.745 98.9884 3.44127 412.08 84.0052 40.618 0.0923034 30.6406 18.6536 27.4082 24.5443 0 150.094 30.6306 31.284 29.6702 21.2009 16.8017 15.8365 433.37 11.7984 9.33356 24.3846 
211.491 271.862 162.679 145.048 233.5 123.944 45.4202 21.2327 68.4263 89.396 147.04 29.8642 106.103 41.0441 66.5605 21.6022 21.2959 0 127.413 34.5884 0.103757 2.1339 38.2564 41.7801 59.3089 31.678 29.1967 4.41831 
2.95349 29.9865 24.7956 23.4261 8.69303 1.72547 54.6066 55.8059 48.5122 14.5919 31.0234 0.72168 0.708305 0.835904 3.75212 27.6338 182.699 0.894084 0 2.58966 70.4975 5.49219 5.42547 23.8374 22.496 30.5905 0.170492 6.05825 
12.7561 0.143053 0.0680205 41.4697 5.03108 5.45339 61.6199 75.8153 103.672 0.387657 61.8186 15.4521 0.0163666 0.419051 3.63527 4.95955 12.5194 62.9981 28.0486 0 79.7889 6.36362 0.711377 4.65132 7.06397 10.1092 0.0817261 11.288 
79.2543 113.121 52.9188 167.956 34.6356 1.02551 33.4875 2.3226 11.4347 52.9226 108.005 107.182 0.891038 11.611 44.0963 53.0393 67.6798 116.881 56.4287 7.44311 0 32.8197 4.1376 40.365 58.9899 59.1995 33.0782 9.59499 
33.3392 41.7977 3.76735 2.74815 42.7516 4.92738 9.12788 47.1995 35.674 47.2895 23.853 1.78542 25.7114 0.737638 15.9317 5.54418 0.288014 39.3153 7.74529 2.28266 23.2408 0 0.719546 13.4742 17.9111 9.75976 0.377655 4.11113 
45.6687 0.615972 12.5409 2.64685 16.7007 7.77899 13.3977 44.0805 101.208 25.9623 108.079 19.9471 84.3128 0.0640723 7.46537 0.270118 9.27479 25.2513 9.81246 4.05475 39.0916 13.2733 0 14.0888 23.4821 1.46907 3.17773 10.1005 
23.7726 8.49258 15.4505 6.01611 1.04834 0.183668 4.31441 136.552 95.0129 4.75051 82.4803 161.446 66.1415 8.23878 1.91788 3.61847 10.2401 0.208151 0.379671 5.13688 27.4811 13.8031 0.516428 0 30.909 8.07007 5.52346 14.3539 
449.521 452.146 5.77711 427.363 4.87178 411.812 48.5678 148.707 412.028 15.9476 20.113 775.137 13.9241 1.66458 29.0185 83.4524 435.259 0.00600037 13.2626 3.33022 10.8909 54.9472 21.6596 8.68822 0 35.4397 12.4588 73.6069 
60.8726 20.7806 12.0295 7.77567 69.7755 27.3424 20.7204 188.623 37.6785 33.9974 123.527 102.098 49.4064 8.38836 20.6473 0.0178098 27.3093 21.7748 11.1039 11.8769 61.3629 0.000500308 2.83092 0.365192 39.2605 0 22.8558 47.4588 
27.2925 4.25227 8.25635 11.9211 16.0395 8.62204 50.9638 5.60474 43.2989 1.20793 10.4624 59.0659 39.0793 11.2281 8.66154 0.708108 16.7443 44.5203 20.8033 5.74457 44.2142 7.14876 5.08568 10.5843 49.3386 8.9329 0 92.9401 
31.1781 17.98 7.64577 8.98697 19.235 13.9151 7.08894 102.479 98.9787 6.71296 89.2621 0.291968 43.0668 1.15779 23.3248 4.96587 24.2691 0.0825348 8.84211 0.529573 50.2929 7.96283 0.0391108 9.82839 8.6891 4.4446 19.0824 0 
