0 72.301 31.5751 104.874 51.2219 171.732 159.82 64.5063 204.196 112.01 5.18844 24.7485 101.64 33.1188 44.565 68.3995 153.267 4.49137 36.7654 71.2876 163.046 24.4777 0.168401 51.3835 73.4221 7.29059 47.7102 40.5861 
212.966 0 18.764 355.836 82.1594 75.3848 495.267 237.965 422.846 143.081 178.795 76.8704 83.5589 70.5673 31.5863 20.7878 115.593 821.149 165.866 64.4031 17.6677 42.2342 6.52017 41.3009 90.3983 71.4192 0.735927 0.0977711 
20.165 384.986 0 36.1442 143.28 5.68558 249.077 271.958 66.801 107.476 0.372608 40.4604 38.2102 16.6966 15.3011 6.64469 51.2347 132.367 58.2741 15.0908 8.8964 0.851375 0.00240197 12.0793 4.49312 21.7773 19.3452 22.1627 
407.939 357.552 151.755 0 154.141 137.368 53.2518 491.417 75.0673 93.5658 168.989 38.6813 36.5158 8.55624 20.5403 30.2739 77.3695 8.89867 23.1823 43.7343 651.193 0.974107 19.1206 23.5839 85.5286 42.9495 27.1308 15.792 
43.2584 289.389 185.738 59.8588 0 317.976 429.627 100.433 346.397 314.245 45.9623 159.382 12.6497 70.0098 5.09664 11.117 58.7047 9.31384 0.630622 28.8814 65.7974 44.3206 3.67433 4.34083 34.7489 47.2258 34.9624 41.8637 
134.012 160.132 31.75 138.629 897.29 0 442.885 151.516 443.449 455.605 95.4057 6.47631 198.807 15.3338 40.2789 12.6067 125.713 92.4233 6.28329 24.2176 55.5995 19.7222 6.85203 10.6825 82.5872 27.7894 19.9035 0.936202 
204.47 20.0517 45.7874 196.916 399.791 104.996 0 321.241 12.2849 506.156 11.05 154.612 215.929 0.344525 51.3253 44.5064 10.2603 234.433 0.931919 1.96547 65.7073 58.8601 26.237 65.0796 87.5788 95.2776 27.0198 0.342911 
201.912 23.446 249.806 239.166 0.331591 2.58993 101.075 0 641.662 220.459 6.79145 414.959 133.639 101.956 177.64 218.939 77.0486 44.9282 28.5439 4.06896 207.948 32.9935 56.6379 123.252 53.0416 226.737 55.0975 0.0264282 
315.065 104.569 419.327 308.943 4.20673 440.641 1305.1 645.476 0 51.1287 892.249 118.694 28.2087 154.013 174.702 82.0215 72.3456 19.3061 59.5293 76.7485 50.9413 30.8722 7.92249e-05 86.6507 162.796 9.88855 78.6328 74.3749 
0.150022 164.852 13.1167 52.8162 286.571 310.575 279.155 5.59275 205.248 0 595.028 1.6538 102.592 61.7935 87.083 14.5 9.81178 53.6365 54.4798 28.821 97.4435 7.57699 58.8534 50.8997 62.3727 0.513304 40.8633 56.0184 
75.0169 15.5562 8.69968 19.9781 246.497 111.457 483.647 11.0059 99.2405 603.905 0 506.882 117.316 155.763 69.4944 73.0047 38.2354 130.784 0.429274 37.0918 33.176 68.9496 20.6974 123.899 17.0632 47.9265 79.4261 91.0158 
27.0636 18.2774 13.6291 83.8074 122.385 119.551 41.3754 4.206 361 187.987 258.948 0 159.229 1.60478 31.5851 398.485 86.4509 151.504 97.8673 96.7127 115.072 12.7229 84.7132 187.056 304.651 185.223 92.5216 171.574 
40.7822 20.2985 1.78348 5.13006 175.656 190.839 53.8034 7.78149 79.783 48.9622 244.044 147.121 0 156.132 119.31 4.37854 58.7831 94.8876 35.9566 40.9882 77.8866 89.3537 0.0888643 11.9748 8.51455 26.2427 37.1974 39.9013 
16.2707 58.9362 3.32832 0.11483 8.4107 5.30351 61.1776 15.6979 118.975 76.4565 121.402 1.40602 52.9154 0 41.068 19.2797 6.68055 3.39926 17.0962 4.40147 40.1755 10.097 0.0502666 10.3919 16.5853 11.7994 0.198041 11.7287 
13.4394 17.4186 6.9002 12.7403 7.57429 38.0008 137.631 53.0384 188.939 55.6222 137.41 77.5468 71.0803 56.7554 0 73.6191 29.1007 34.0041 34.1152 0.103844 5.22875 2.11013 16.8793 9.79148 29.0789 30.9016 10.496 0.0386211 
40.1556 79.9083 16.4464 40.0773 67.9341 8.36091 22.7474 198.315 53.3386 74.5624 226.64 453.499 30.3935 15.9688 43.9005 0 24.7006 58.3431 1.64379 6.94471 47.5726 0.296385 3.18022 24.1327 35.324 32.7407 18.8403 21.2027 
76.1584 72.4815 20.8403 129.033 4.07148 100.106 104.941 12.9424 185.268 9.31719 92.9018 87.3765 27.9182 22.0774 11.2851 21.3318 0 23.7566 536.608 33.6575 14.5511 2.20968 2.40914 10.2539 98.5679 8.68783 0.538679 0.264179 
22.9913 50.9566 19.8358 123.57 182.15 123.519 150.476 181.007 192.538 146.116 9.05567 146.194 70.8189 0.0183249 28.8272 23.5702 16.2857 0 150.003 19.5001 119.437 22.216 27.3967 44.6513 0.0388877 58.9551 4.12586 0.806423 
34.4741 2.13432 2.24384 15.764 64.3202 78.5621 147.499 96.0367 5.85496 26.2861 4.72712 0.00521274 69.477 27.4843 0.0694109 9.3644 108.484 26.1267 0 25.8738 0.95295 0.0076521 6.61585 22.4914 12.938 7.30848 18.3477 25.6195 
48.615 22.03 24.4261 32.1457 27.3278 22.5439 36.3673 115.388 20.8438 36.8494 15.8257 35.3678 40.2489 4.04125 1.0114 0.00110379 6.98039 2.18452 34.7051 0 299.949 0.361769 1.28951 4.08597 0.0125885 11.4909 5.86462 5.76086 
185.561 23.3471 3.97767 167.914 91.5458 19.3161 26.5317 105.514 53.1557 97.5698 47.3298 55.8646 40.6562 25.6109 52.7351 15.7961 14.5716 0.778765 2.9358 103.174 0 10.6124 0.188701 14.55 60.5255 32.8444 44.2639 51.1197 
13.1406 44.8917 8.699 1.4999 2.83853 4.09994 13.5618 23.4894 11.1125 54.8848 9.05482 0.0896147 90.3632 2.36855 17.5049 11.4113 16.558 2.88374 0.356229 2.18926 0.0940043 0 3.172 1.14604 5.17972 6.53903 1.21514 0.407963 
12.4715 8.13164 0.0918637 19.3565 39.9851 0.480246 7.58609 96.1864 14.8064 40.148 1.83148 28.98 26.4878 0.929674 14.4076 9.55092 9.9663 13.0589 11.1634 4.10863 39.6813 10.0616 0 4.01027 1.48899 8.14251 5.47545 9.34304 
2.41144 26.7187 9.19509 24.5563 37.1796 17.4622 16.2941 0.257664 0.845026 10.6263 65.4925 185.623 55.7344 8.55702 26.8658 28.587 5.62894 21.334 0.0635294 0.0286219 12.602 0.69418 2.48707 0 28.1439 0.0216668 17.9878 2.78256 
84.452 78.3305 15.8553 107.821 4.99256 73.7021 60.9455 43.514 142.694 71.5492 2.9545 321.026 43.7749 0.516935 28.3872 68.3057 97.5129 59.1471 4.59462 13.0983 17.9069 82.3749 12.0009 23.5635 0 20.579 14.2965 105.594 
9.92702 0.000102046 26.2652 31.3925 5.15813 0.894334 0.0106313 135.623 9.83637 42.5563 59.6928 95.6927 26.9421 11.2426 30.7797 31.8386 26.6952 53.3562 3.92158 10.8703 27.4422 7.6324 9.36374 11.098 8.21202 0 36.8903 9.37926 
50.7786 27.9832 7.022 3.9999 0.861699 0.569356 10.8273 44.1945 75.0259 44.6888 48.1839 113.705 29.6483 0.451389 14.4279 12.2906 5.11077 7.45965 0.0471133 10.7986 33.8101 8.88681 3.52271 3.36773 60.7459 0.00108264 0 12.6279 
28.4466 46.2079 12.7877 8.81902 52.0731 11.7387 73.2836 0.435212 87.6876 54.779 7.06562 108.679 12.7265 9.9675 4.79275 19.3376 0.502992 0.889078 26.5876 6.63206 14.0662 9.26898 1.64777 11.9575 12.9416 8.79332 39.9318 0 
