0 63.3054 32.1694 96.8289 50.6242 162.223 160.559 65.2292 195.609 111.742 5.07505 25.0517 101.567 33.1808 44.6615 68.3037 143.892 4.33191 36.9444 71.7753 162.42 24.4458 0.162641 51.3387 64.2134 7.21914 47.7344 40.5199 
200.693 0 17.3151 347.464 80.1377 65.9238 496.552 237.361 412.574 142.427 178.196 77.2917 83.8071 70.5471 31.4331 20.6736 106.081 873.521 166.014 64.7721 17.8695 42.1968 6.56086 41.2323 81.0694 71.3322 0.724576 0.103392 
20.6557 387.916 0 34.0469 142.766 5.56455 249.175 272.228 68.998 107.343 0.311395 40.8686 38.3249 16.6948 15.3738 6.68762 51.2826 132.014 58.3232 15.0328 9.05069 0.845724 0.00197101 12.0974 4.52619 21.8179 19.3434 22.165 
398.028 349.157 153.566 0 154.334 128.073 52.6936 267.331 65.5501 93.709 169.394 39.3064 36.6169 8.52311 20.4684 30.1827 68.1777 8.74242 23.0893 43.8054 539.761 0.980776 19.1268 23.5575 76.3629 42.9859 27.1229 15.8392 
42.6993 286.588 185.879 60.2569 0 317.35 429.181 100.871 346.748 314.811 45.5027 159.2 12.8355 70.0216 5.16809 11.1909 59.0073 9.10003 0.743874 28.7288 65.6141 44.2718 3.70512 4.37311 34.8263 47.1424 34.9988 41.8146 
124.46 151.774 31.9676 129.417 897.144 0 577.644 150.946 431.681 515.861 94.4419 6.61193 260.152 15.3692 40.3145 12.6553 116.434 92.2064 6.39464 24.2221 55.6945 19.7125 6.87387 10.7054 73.3861 27.7869 19.8988 0.925765 
205.111 19.0103 46.6048 196.693 400.821 109.554 0 322.469 9.53299 506.56 10.4318 153.896 215.795 0.366696 51.6662 44.3094 10.3527 234.438 0.882714 2.01283 65.9253 58.8248 26.138 65.1365 87.6388 95.2068 26.9594 0.355601 
202.754 23.8634 250.436 240.8 0.36645 2.45539 99.7909 0 642.88 220.585 7.09432 423.303 133.769 102.155 177.443 219.678 76.954 45.1806 28.4119 3.9936 207.947 33.0606 56.8018 123.438 53.5112 227.016 54.9586 0.0341544 
305.471 96.1386 417.321 300.976 4.45242 428.849 1303.93 646.58 0 52.1403 880.977 119.883 27.9201 154.104 172.581 82.3709 63.0844 19.0647 59.7938 76.9014 51.2322 30.8004 5.4848e-05 86.7564 153.764 9.73845 78.6128 74.2532 
0.168921 165.471 13.2947 52.5993 287.432 305.83 276.236 5.43777 203.762 0 595.912 1.75418 101.258 61.9537 86.7037 14.3535 9.88299 53.4018 54.7165 28.8962 97.4761 7.63406 58.8853 50.8336 62.2994 0.535101 40.8965 55.9968 
75.3615 15.8552 9.00587 19.6588 246.218 112.453 483.289 10.6299 99.0234 603.647 0 506.242 116.676 156.399 67.6991 72.2695 38.3368 130.563 0.451237 37.203 33.0034 69.0104 20.9026 123.797 16.8711 47.5619 79.4811 90.8855 
26.7494 18.5208 13.3727 82.9903 122.653 119.256 40.87 3.19219 361.796 188.503 261.099 0 159.209 1.5205 32.2783 395.527 86.4295 151.485 97.8305 96.716 115.318 12.7876 84.4723 187.016 305.783 187.546 92.3509 171.431 
40.9218 20.4706 1.7483 5.07858 175.566 191.477 53.3356 7.87941 80.1926 47.9407 243.792 147.256 0 156.079 119.313 4.45419 58.7454 94.9662 36.0694 41.0075 77.8842 89.3932 0.0759733 12.0668 8.46654 26.3114 37.2118 39.8737 
16.3291 58.8609 3.30584 0.1197 8.47337 5.27049 61.3544 15.8642 119.219 76.5604 122.112 1.48714 52.3223 0 40.6061 19.2707 6.69713 3.37201 17.1234 4.40395 40.2028 10.0868 0.0585037 10.3932 16.5869 11.7856 0.195008 11.733 
13.3618 17.2932 6.8416 12.8076 7.66013 38.0554 137.758 53.486 188.444 56.0145 135.146 76.5755 70.7692 57.0229 0 73.041 29.0908 33.9208 34.0864 0.106202 5.26625 2.09355 16.9579 9.8722 29.1116 30.897 10.4727 0.0357746 
40.2892 79.8467 16.4006 40.1273 67.8734 8.31593 22.5829 199.179 53.0045 74.4052 226.487 455.541 30.2306 15.9092 44.6494 0 24.711 58.3109 1.65798 6.93409 47.6429 0.301377 3.15041 24.0273 35.2886 32.7527 18.8382 21.181 
66.855 63.2846 20.7545 119.79 3.97234 90.7791 104.876 13.0182 176.029 9.24779 92.9366 87.3645 27.9828 22.0762 11.3118 21.3495 0 24.3565 518.167 33.6656 14.497 2.21852 2.40005 10.2383 89.3201 8.66624 0.542965 0.267776 
22.6433 52.6356 19.543 123.333 182.612 123.548 149.952 181.037 192.817 146.142 9.17233 146.271 70.9393 0.0204532 28.9093 23.6387 15.7885 0 150.031 19.6175 119.495 22.2482 27.4357 44.675 0.0358706 58.9833 4.14523 0.817606 
34.6498 2.04907 2.28471 15.6804 65.2964 78.4142 147.339 95.9193 5.95915 26.481 4.79824 0.00698328 69.5664 27.4846 0.0732852 9.33547 109.127 26.3516 0 25.8335 0.935989 0.00694943 6.59785 22.4816 12.9651 7.33332 18.3334 25.6283 
49.4146 21.7624 24.3886 32.0298 27.1776 22.5635 36.528 115.334 20.7087 36.9212 15.9125 35.2328 40.271 4.03797 1.01843 0.00136928 6.9494 2.22872 34.7244 0 301.278 0.363803 1.29273 4.09186 0.0134965 11.4849 5.87317 5.77144 
184.993 23.5753 3.87347 168.995 91.715 19.4079 26.3624 105.917 52.8612 97.538 47.1365 55.6162 40.5829 25.5669 52.7731 15.7252 14.6258 0.804463 2.9653 105.273 0 10.6326 0.193578 14.5052 60.5288 32.9222 44.2625 51.1222 
13.11 44.9244 8.68854 1.49175 2.86413 4.07974 13.6207 23.5535 11.1654 54.9368 9.11348 0.083778 90.3609 2.35252 17.5025 11.4047 16.546 2.86747 0.351366 2.18509 0.0963272 0 3.13991 1.13169 5.17176 6.54904 1.22151 0.411141 
12.4285 8.17627 0.0890975 19.3597 40.0417 0.487731 7.52319 96.1087 14.6902 40.2377 1.76627 28.766 26.6829 0.962419 14.4903 9.57993 9.95261 13.095 11.1435 4.10833 39.6884 10.099 0 4.11976 1.47363 8.12968 5.45885 9.33692 
2.38312 26.6465 9.17384 24.5784 37.2369 17.4702 16.3761 0.232755 0.873499 10.5576 65.2353 185.52 55.833 8.53265 26.8306 28.6289 5.64272 21.2898 0.0656241 0.0278063 12.645 0.682825 2.3982 0 28.3027 0.0240497 18.0026 2.76734 
75.1336 69.1487 15.9002 98.6397 4.95218 64.4825 61.0805 43.0759 133.225 71.5502 2.87077 138.151 43.7197 0.507147 28.3502 68.302 88.2616 59.1585 4.61416 13.1048 17.9694 82.0124 12.0177 23.5248 0 21.7106 17.8698 101.629 
9.84515 1.24446e-05 26.286 31.3053 5.20425 0.90982 0.00731681 134.833 9.68679 42.4251 60.0796 93.7146 27.0109 11.2588 30.7896 31.8011 26.6882 53.4026 3.90215 10.8786 27.5195 7.62307 9.35441 11.1284 8.2531 0 36.8603 9.5763 
50.7875 27.9338 7.04102 3.97829 0.851223 0.563097 10.7808 44.3329 75.0669 44.6657 48.0821 113.799 29.6206 0.446847 14.4071 12.3151 5.12247 7.43474 0.0485701 10.7962 33.7797 8.89683 3.50787 3.34512 60.7572 0.000343139 0 12.3084 
28.5165 46.2723 12.7596 8.86089 52.1043 11.7651 73.2729 0.406406 87.5965 54.7495 6.98181 109.105 12.7658 9.95608 4.82162 19.307 0.507926 0.877423 26.5917 6.62162 14.1102 9.26362 1.6561 11.9428 12.942 8.60287 40.3961 0 
