0 239.634 23.7524 256.419 59.8669 341.63 149.374 54.7063 361.27 115.711 6.90244 20.6691 102.636 32.2491 43.2071 69.7077 321.324 7.01874 34.2842 67.8664 171.685 24.9241 0.259632 51.9953 239.218 8.324 47.3632 41.5067 
423.769 0 44.6962 508.683 112.523 245.389 474.662 246.158 602.656 152.155 187.069 71.0375 80.0701 70.8223 33.7533 22.4074 285.67 850.767 163.621 59.2612 14.9495 42.7518 5.96248 42.2555 257.863 72.61 0.904038 0.0355146 
13.8657 340.362 0 71.9786 150.245 7.49943 246.779 267.347 39.3157 109.211 1.8046 34.9071 36.6048 16.7127 14.2869 6.05331 50.5403 137.137 57.5511 15.9012 6.86655 0.932375 0.0129051 11.8221 4.04036 21.1987 19.3661 22.1228 
581.171 510.715 100.479 0 151.237 304.255 61.2593 871.301 246.394 91.4952 163.131 30.3798 35.1014 9.02258 21.5448 31.5306 242.919 11.2191 24.4932 42.6875 313.548 0.882855 19.0278 23.9433 250.706 42.4007 27.2346 15.1308 
51.3887 328.197 183.375 54.3496 0 328.806 434.187 94.3076 340.79 305.452 52.5868 161.862 10.1816 69.8173 4.14645 10.103 54.5071 12.5556 0.0270274 31.0418 68.3666 44.9964 3.25525 3.90096 33.6657 48.3864 34.4514 42.5446 
304.591 314.202 28.7191 304.346 927.933 0 672.88 159.334 642.546 427.552 109.112 4.7193 640.479 14.8315 39.7372 11.9271 292.45 95.4081 4.82065 24.1416 54.257 19.8531 6.54748 10.3608 248.25 27.8095 19.9649 1.08821 
195.27 37.3779 34.9556 199.653 383.978 72.3846 0 303.43 85.9677 497.007 21.503 164.599 217.52 0.106655 46.6068 47.2754 9.00756 234.108 1.7604 1.36122 62.666 59.3395 27.6286 64.2603 86.6961 96.2082 27.8671 0.189532 
189.964 17.9612 240.303 205.046 0.0263801 4.84282 119.603 0 621.024 218.472 3.23758 302.033 131.759 99.1171 180.129 208.031 78.3573 41.4442 30.4134 5.19513 207.804 32.0542 54.3347 120.542 46.6053 222.301 57.0347 0.0221857 
485.956 260.406 443.914 456.804 1.49243 640.123 1284.8 626.385 0 37.8604 654.621 102.441 32.3781 152.554 197.349 77.121 238.886 22.8257 55.8498 74.5812 46.9246 31.8799 0.0566733 85.1357 326.048 12.0974 78.8929 76.0593 
0.00308606 156.057 10.7361 55.8515 273.827 372.681 319.523 7.98295 225.945 0 578.259 0.558066 121.747 59.5163 92.3119 16.6134 8.83973 56.939 51.1848 27.7651 96.9584 6.79752 58.378 51.8065 63.3727 0.255676 40.392 56.3028 
70.2268 11.6574 4.95241 24.6823 250.144 97.6903 486.77 16.9276 105.758 602.927 0 514.027 126.305 146.644 96.4714 83.4881 36.8199 133.825 0.179091 35.5397 35.6262 68.0826 17.9161 125.227 19.8476 53.1126 78.6345 92.8028 
31.6264 15.0248 17.4436 95.4455 118.609 123.601 48.7158 32.7834 349.204 180.612 228.903 0 159.42 3.02135 22.5816 436.084 86.7336 151.715 98.356 96.6241 111.6 11.8308 88.0506 187.298 276.547 153.103 94.8727 173.364 
38.8381 17.9514 2.31128 5.87681 176.769 180.352 60.4925 6.47172 74.0888 64.1719 247.253 145.161 0 156.337 119.092 3.38395 59.2993 93.7625 34.3803 40.7101 77.9058 88.7205 0.375348 10.7174 9.19821 25.2816 36.9899 40.2811 
15.4594 59.9706 3.64877 0.0572406 7.55436 5.7739 58.6852 13.4484 115.468 74.9344 111.404 0.507461 61.3697 0 47.2186 19.3383 6.44911 3.7917 16.715 4.36605 39.7851 10.2339 0.000568333 10.3531 16.552 11.9855 0.24299 11.6652 
14.5437 19.2135 7.74053 11.8081 6.42004 37.1995 135.672 46.8985 195.554 50.1794 169.939 91.5132 75.3985 52.3773 0 80.7999 29.2349 35.1692 34.5096 0.0736062 4.71621 2.34801 15.7619 8.6791 28.5991 30.9297 10.8212 0.089831 
38.2854 80.7319 17.0819 39.3351 68.759 8.99695 25.0952 185.796 58.0632 76.7047 228.21 420.289 32.6941 16.7581 33.536 0 24.5509 58.7777 1.45121 7.09196 46.5776 0.230824 3.60763 25.5171 35.7725 32.4996 18.8624 21.4925 
243.296 238.209 22.0473 295.249 5.58417 267.528 105.82 11.902 351.426 10.3111 92.3918 87.527 27.0138 22.0906 10.9135 21.0809 0 16.092 203.545 33.5347 15.3169 2.08748 2.53786 10.4711 264.879 8.99143 0.48049 0.216358 
28.1079 27.9381 24.1298 126.77 175.552 123.007 157.741 180.499 188.5 145.662 7.49759 145.062 69.1244 0.000795138 27.6812 22.6156 23.9885 0 149.488 17.882 118.58 21.7636 26.8511 44.3121 0.0939513 58.5458 3.85925 0.657742 
32.04 3.50834 1.70938 16.9497 51.236 80.5492 149.612 97.6498 4.49083 23.6119 3.78614 0.00762139 68.2056 27.4741 0.0262004 9.77205 100.194 23.0591 0 26.4331 1.20563 0.0210461 6.86993 22.6242 12.5602 6.96358 18.5454 25.4937 
38.0481 25.9129 24.9309 33.7476 29.456 22.2598 34.1344 116.073 22.7701 35.8388 14.628 37.2727 39.9312 4.08661 0.915238 0.000390438 7.41949 1.61105 34.4239 0 278.875 0.333864 1.24464 4.00325 0.00319789 11.5719 5.74514 5.61309 
193.313 20.2571 5.57606 149.172 89.1576 18.0462 28.944 99.8657 57.3246 97.9856 50.0576 59.3772 41.6816 26.224 52.1905 16.7988 13.8198 0.462806 2.53765 75.2121 0 10.3303 0.12701 15.1818 60.4625 31.7535 44.2779 51.0745 
13.5715 44.4275 8.84438 1.61573 2.49215 4.38689 12.7477 22.5976 10.3819 54.1365 8.25057 0.191997 90.3118 2.59701 17.5317 11.5009 16.7249 3.11606 0.427741 2.24783 0.0644314 0 3.63362 1.35554 5.29462 6.3986 1.12764 0.364778 
13.0779 7.517 0.134988 19.3061 39.1868 0.381405 8.4904 97.2231 16.4738 38.8821 2.86526 32.0356 23.8009 0.526164 13.2445 9.1345 10.158 12.556 11.4428 4.11222 39.5766 9.53007 0 2.60314 1.7313 8.31923 5.7088 9.42629 
2.82407 27.7299 9.49164 24.2348 36.3742 17.3444 15.1609 0.738964 0.494925 11.6074 69.088 186.748 54.3267 8.88477 27.3096 27.8728 5.4376 21.9528 0.0377871 0.0412892 12.0054 0.862344 3.87145 0 25.8834 0.00135663 17.7725 2.99899 
251.774 243.745 15.2255 273.181 5.574 239.631 59.0406 49.8107 312.089 71.5002 4.24991 737.685 44.5388 0.663284 28.8841 65.542 263.873 58.9747 4.32488 13.0032 17.0372 80.5234 11.7757 24.8031 0 16.7239 12.8917 142.06 
11.1035 0.0397134 25.9564 32.5945 4.53201 0.691388 0.121747 146.568 12.04 44.3857 54.3396 124.725 25.9796 11.0095 30.605 32.293 26.7906 52.696 4.19816 10.7502 26.3628 7.76199 9.4903 10.6682 7.66991 0 37.2701 6.80388 
50.6445 28.6746 6.75678 4.30785 1.01509 0.660528 11.4871 42.2634 74.4346 45.0034 49.6056 112.322 30.0332 0.517243 14.7163 11.9454 4.94785 7.81158 0.029037 10.8304 34.2331 8.74587 3.73271 3.69025 60.478 0.0549543 0 17.4462 
27.4689 45.2976 13.1798 8.23934 51.627 11.3685 73.4101 0.941881 88.9285 55.1755 8.28718 102.657 12.1803 10.1247 4.39576 19.7538 0.436396 1.06028 26.5262 6.77782 13.4545 9.34297 1.53288 12.1589 12.9273 11.6326 33.5215 0 
