0 473.155 9.72105 438.459 81.3032 549.192 125.241 34.8221 540.387 123.758 11.6909 12.62 104.663 30.2407 40.0651 72.4547 525.112 14.8043 28.8141 73.7191 190.269 25.9346 0.541391 53.2905 438.252 10.9081 46.5144 43.5669 
734.674 0 137.036 670.57 193.332 458.557 411.4 262.831 827.118 172.124 205.04 58.2028 72.0619 71.204 38.8213 26.2482 494.585 695.746 157.342 47.7868 9.52794 43.8911 4.77176 44.3896 460.6 75.1305 1.35178 0.00913904 
3.73349 222.943 0 179.805 164.416 12.4272 235.243 251.229 3.04488 112.257 9.02795 23.4681 32.9407 16.6797 12.0119 4.77556 48.786 146.757 55.6574 17.7217 3.17621 1.13009 0.0681568 11.2128 3.08279 19.8068 19.3842 21.9784 
779.964 673.177 23.0818 0 143.33 504.933 80.6217 124.439 466.161 86.3128 148.541 14.8298 31.8794 10.1038 23.8188 34.2355 441.32 17.4226 27.5325 39.9471 182.26 0.690329 18.7726 24.688 448.21 40.8811 27.4225 13.6297 
71.8538 410.459 175.358 42.3149 0 378.383 432.633 80.5361 323.288 279.729 68.9122 166.983 5.50188 69.1857 2.33018 7.94241 45.2045 21.6384 5.51601 36.1204 74.219 46.489 2.38777 2.97795 31.1922 50.9769 33.2645 44.0613 
514.313 488.277 21.9757 502.361 973.214 0 785.199 175.834 895.825 51.2121 141.315 1.72703 316.957 13.6503 38.2175 10.3927 493.248 101.819 2.17779 23.8831 51.1047 20.109 5.86104 9.6194 446.796 27.7549 20.0795 1.47603 
172.902 94.3972 15.1107 203.06 339.092 214.934 0 259.204 453.961 453.079 57.2587 186.926 219.19 0.0724076 36.3069 53.641 6.42753 231.499 4.61547 0.392677 55.7866 60.3286 30.857 62.2344 84.391 97.9081 29.8096 0.00838192 
161.907 8.05097 214.281 79.5106 0.612336 12.5097 164.962 0 550.856 212.386 0.0029232 94.9022 127.098 92.2222 183.967 179.795 81.2399 33.8688 34.8251 8.25386 206.326 29.913 49.0527 113.676 33.0421 208.642 61.4195 0.740095 
694.318 443.625 472.443 612.186 0.463018 894.549 1005.92 559.258 0 14.5247 722.159 68.5355 42.7507 148.002 149.84 65.9389 439.682 31.8212 47.65 69.4742 38.1768 34.1917 0.579244 81.4317 518.843 17.8838 79.348 79.7521 
0.493536 135.267 6.12169 62.7439 240.456 469.054 403.824 14.9543 271.451 0 511.717 0.237421 167.519 54.085 103.544 21.8453 6.78895 64.6077 43.7833 25.3568 95.65 5.15779 57.0907 53.7343 65.4656 0.000521417 39.2673 56.8283 
59.5614 4.79552 0.307233 36.9758 256.57 68.0269 480.567 34.884 201.702 569.168 0 517.375 146.79 124.602 167.757 108.37 33.6249 140.442 0.0115861 32.0333 41.4434 65.9874 12.2175 127.549 26.8542 65.4468 76.6787 96.6136 
43.1341 8.72291 27.6919 123.024 109.773 132.236 67.1867 189.411 317.88 162.798 162.406 0 159.266 7.87207 7.38682 489.1 87.255 151.793 99.2897 96.1225 103.475 9.89335 95.37 185.559 174.51 85.6411 99.957 175.889 
34.4804 13.0664 3.76316 7.75453 178.254 154.803 76.62 3.9153 61.4572 104.223 252.305 140.202 0 153.122 117.367 1.57805 60.3977 91.0201 30.8247 40.0156 77.848 86.7156 1.7648 8.065 10.8387 23.0971 36.4817 41.0995 
13.6532 62.1938 4.41944 0.000126547 5.75186 6.89462 52.8923 8.89795 106.819 71.0146 88.5358 0.138401 81.314 0 57.9317 19.0077 5.92931 4.76205 15.8351 4.28004 38.8437 10.5015 0.345339 10.1231 16.4055 12.3576 0.362484 11.4929 
17.1859 23.5548 9.78194 9.75867 4.11954 35.1263 130.036 33.8752 208.185 38.2313 246.296 125.228 84.9046 38.9258 0 89.4099 29.5065 37.8274 35.3491 0.0239246 3.63637 2.93104 13.1233 6.29219 27.3531 30.7425 11.5603 0.286245 
34.0326 82.3346 18.4797 37.3611 70.4655 10.492 30.7404 154.911 69.1112 81.1528 227.803 318.968 38.0532 18.2063 13.0039 0 24.1829 59.6633 1.05422 7.41849 44.2304 0.111303 4.63895 27.9422 36.4654 31.4472 18.8612 22.0501 
445.501 437.757 24.8455 494.869 9.88975 470.059 107.514 9.6679 550.802 12.7424 91.0734 87.7442 24.9639 22.0992 10.0745 20.4896 0 4.00721 201.068 33.1924 17.1187 1.81989 2.84261 10.9675 464.856 9.69495 0.359747 0.124838 
41.4075 5.81522 35.1835 133.268 159.58 121.117 173.647 178.653 178.41 144.039 4.46945 142.107 65.1859 0.0469642 25.0933 20.4668 46.4271 0 147.463 14.3868 116.341 20.7289 25.5944 43.4871 0.309246 57.5137 3.28041 0.374211 
26.6958 7.88095 0.755369 19.7561 26.1114 84.4734 153.543 101.132 2.03837 17.9284 2.01857 0.204007 65.1688 27.4089 0.0049667 10.7204 85.1267 16.6573 0 27.6752 1.89222 0.0765309 7.46075 22.9054 11.7035 6.19802 18.9886 25.1847 
18.937 35.6556 25.9366 37.2108 34.475 21.5395 29.1571 117.11 27.3969 33.491 12.035 41.6902 39.1488 4.1859 0.712198 0.019831 8.4584 0.623966 33.7122 0 216.887 0.274077 1.14383 3.81201 0.00499418 11.7348 5.47169 5.27581 
209.405 13.9319 10.1746 96.9181 83.5728 15.2603 34.7426 87.0279 67.1623 98.7303 56.4263 67.5749 44.0171 27.6142 50.8605 19.1615 12.1585 0.0472682 1.73337 25.0617 0 9.69331 0.0316306 16.6519 60.205 29.2611 44.2672 50.9015 
14.5687 43.3195 9.17058 1.8948 1.78177 5.06849 10.9594 20.5927 8.79026 52.2891 6.53817 0.570009 89.6128 3.14514 17.5384 11.6762 17.0981 3.67789 0.615216 2.38299 0.0177341 0 4.76395 1.89192 5.57906 6.07511 0.938831 0.274853 
14.4961 6.19045 0.264118 19.1462 37.3238 0.197512 10.7195 99.2343 20.5464 35.9309 6.06335 39.3781 18.0336 0.0271163 10.5826 8.12231 10.5951 11.43 12.0815 4.11611 39.2927 8.28201 0 0.458853 2.47122 8.70217 6.24648 9.60062 
3.88192 30.0528 10.1595 23.4235 34.5064 17.0343 12.6868 2.75853 0.0438235 13.9697 77.2365 187.031 50.9441 9.52845 27.9669 25.4071 5.00846 23.3723 0.00390591 0.0788417 10.6789 1.30947 7.79305 0 20.5834 0.0464003 17.2238 3.51548 
454.22 441.874 13.7799 470.879 7.01079 438.835 54.5997 65.1618 519.032 71.1424 8.05381 103.224 46.2137 1.06244 29.8623 42.9659 463.964 58.4934 3.73438 12.7655 15.1006 40.2866 11.329 32.4958 0 72.6955 148.5 58.2315 
13.9948 0.398343 25.1338 35.198 3.24441 0.323842 0.827698 170.422 17.8156 48.5062 42.6398 197.216 23.789 10.4345 29.9612 32.8276 26.9807 51.111 4.85964 10.4574 23.9206 8.05178 9.75105 9.66247 6.67479 0 37.8428 2.36213 
50.2737 30.251 6.15991 5.04596 1.41165 0.8933 13.0501 37.899 72.9609 45.6608 52.8255 108.741 30.8924 0.68366 15.3556 11.1435 4.58266 8.63965 0.00405882 10.8939 35.1763 8.41894 4.22621 4.46823 59.0932 0.481308 0 30.4558 
25.2477 43.1723 14.0652 6.96576 50.5436 10.5231 73.5295 2.8153 91.534 55.9618 11.4089 88.6758 10.961 10.4637 3.53945 20.6176 0.301687 1.50669 26.3625 7.10831 12.0902 9.50475 1.28336 12.5929 12.8214 19.1715 20.0351 0 
