0 433.154 7.12939 382.897 86.9647 496.195 119.222 30.459 480.528 125.67 13.0717 10.898 105.115 29.7353 39.2735 73.0858 471.278 17.1704 27.4958 75.0922 194.61 26.1851 0.627627 53.5911 383.324 11.6001 46.2903 44.0713 
708.182 0 165.23 605.025 215.208 408.073 392.687 266.512 776.992 176.893 209.291 55.1204 70.0601 71.2555 40.1082 27.2353 442.134 225.533 155.534 45.0069 8.35166 44.166 4.49285 44.9118 406.571 75.7147 1.47737 0.0277643 
2.18583 192.921 0 206.821 167.525 13.8105 231.065 246.072 0.352271 112.812 11.6638 20.9102 32.029 16.6563 11.4563 4.47397 48.3128 148.857 55.1336 18.167 2.4675 1.18219 0.0887277 11.0562 2.86109 19.4453 19.3823 21.9309 
721.225 607.74 59.8618 0 141.094 450.228 85.6249 769.632 418.045 84.9273 144.668 11.7514 31.0786 10.3766 24.3799 34.87 386.219 19.1582 28.2995 39.1929 818.03 0.64574 18.6995 24.8568 392.875 40.446 27.4586 13.2578 
77.32 428.792 172.812 39.4557 0 394.955 429.646 77.1619 317.956 272.206 73.22 168.14 4.54803 68.9866 1.95528 7.43786 42.9558 24.2551 8.35321 37.4146 75.6736 46.8501 2.19093 2.76556 30.5754 51.6095 32.9639 44.4313 
461.983 427.646 20.3558 446.998 373.738 0 984.662 179.611 848.886 477.811 149.396 1.20671 633.852 13.3491 37.7791 10.015 438.675 103.324 1.67507 23.8003 50.3007 20.1635 5.69195 9.43316 391.705 27.7194 20.1026 1.58157 
167.083 111.884 11.3468 203.28 326.269 289.799 0 247.594 572.093 437.602 68.5406 192.348 219.176 0.174656 33.8605 55.232 5.84611 230.446 5.53397 0.241329 54.0877 60.5522 31.6722 61.696 83.7541 98.2382 30.2959 3.06789e-05 
154.816 6.16928 206.981 52.8322 1.03717 14.9511 176.74 0 529.013 210.54 0.268465 59.3696 125.857 90.4201 184.513 172.174 81.9356 32.0662 35.9553 9.12043 205.709 29.3798 47.7333 111.824 29.9364 204.518 62.5031 1.07687 
641.197 386.333 473.079 546.06 1.33536 847.939 898.472 538.037 0 10.3376 157.322 60.8915 45.5117 146.614 121.954 63.1686 385.205 34.2645 45.6549 68.169 36.0933 34.7706 0.794907 80.4565 462.27 19.4818 79.4313 80.6386 
0.795186 129.976 5.15779 64.447 231.36 480.854 422.15 17.0123 282.193 0 489.791 0.633054 179.083 52.6872 106.159 23.2311 6.31476 66.5442 41.9712 24.7574 95.28 4.77983 56.7264 54.1833 65.9451 0.00958815 38.9762 56.9323 
56.9693 3.54007 0.018155 40.3537 257.749 61.1505 476.152 40.277 250.804 554.286 0 515.364 151.852 118.921 186.79 114.685 32.8362 142.018 0.0577649 31.1681 42.9407 65.44 10.9452 127.971 28.7348 68.6087 76.1589 97.5035 
46.2269 7.40269 30.5615 130.019 107.528 134.245 72.1303 244.722 309.219 158.175 146.667 0 159.099 9.42379 4.84559 494.084 87.3582 151.724 99.4828 95.9324 101.411 9.43199 97.1222 184.63 156.53 70.8963 101.16 176.175 
33.412 11.9542 4.17817 8.25978 178.393 150.297 80.798 3.37335 58.4016 115.114 253.06 138.863 0 151.536 116.673 1.2309 60.6542 90.2987 29.9487 39.8295 77.8115 86.0963 2.26937 7.45293 11.2649 22.5549 36.3474 41.2931 
13.2132 62.7175 4.61964 0.00209597 5.3361 7.18355 51.4308 7.89533 104.535 69.9455 82.9086 0.41343 86.3194 0 59.6394 18.8259 5.80152 5.02027 15.6136 4.25747 38.598 10.5583 0.527469 10.0356 16.3538 12.4385 0.395952 11.444 
17.8702 24.6876 10.3151 9.26641 3.62034 34.5593 128.388 30.8723 210.756 35.3896 264.872 133.858 87.1776 35.1087 0 89.6362 29.5668 38.4895 35.5451 0.0157469 3.38689 3.08491 12.4556 5.73709 27.0109 30.6414 11.7438 0.352442 
32.9786 82.6731 18.8152 36.811 70.8521 10.873 32.2049 146.867 71.9066 82.1592 226.833 290.12 39.407 18.4822 9.07983 0 24.0854 59.8609 0.964515 7.49775 43.6293 0.0880951 4.90572 28.3679 36.5649 31.0791 18.8497 22.166 
391.385 383.102 25.551 440.005 11.1442 415.954 107.868 9.14174 495.853 13.3833 90.7112 87.771 24.456 22.0966 9.86731 20.3381 0 2.23106 439.202 33.0935 17.5796 1.7556 2.92102 11.0915 410.112 9.87275 0.332245 0.105845 
45.0517 11.4616 38.1862 134.703 155.426 120.49 177.442 178.046 175.715 143.508 3.8308 141.29 64.189 0.0772385 24.4545 19.9378 52.9746 0 146.775 13.5604 115.721 20.4703 25.2785 43.2704 0.382417 57.235 3.14249 0.315636 
25.4128 9.23414 0.576178 20.4764 21.012 85.3119 154.325 101.957 1.57262 16.6083 1.66154 0.294523 64.3831 27.3835 0.0165254 10.9607 81.8698 15.1984 0 27.9771 2.08732 0.0957979 7.61053 22.9707 11.4911 6.01179 19.0974 25.1028 
15.4 38.2562 26.1542 38.0253 35.758 21.3446 27.9458 117.253 28.5978 32.8973 11.4198 42.8051 38.9412 4.20973 0.665154 0.0292612 8.7253 0.448496 33.5197 0 199.404 0.26001 1.11904 3.7638 0.0104976 11.7707 5.4033 5.1917 
213.029 12.5191 11.5202 86.2224 82.1533 14.5912 36.2497 83.852 69.6778 98.8714 58.0431 69.6537 44.5985 27.9588 50.51 19.766 11.7562 0.0103226 1.55563 16.3674 0 9.53589 0.017741 17.0247 60.1159 28.6396 44.2553 50.8432 
14.8204 43.0325 9.25072 1.96762 1.62215 5.24413 10.5289 20.0996 8.41005 51.7987 6.13833 0.695639 89.3127 3.28718 17.5282 11.7136 17.1895 3.82493 0.667262 2.41704 0.0106068 0 5.06015 2.03784 5.65425 5.99379 0.894114 0.254299 
14.857 5.87641 0.302974 19.0966 36.8505 0.160792 11.3104 99.6574 21.6176 35.1832 7.03948 41.2812 16.6846 0.000525103 9.92678 7.85889 10.7041 11.154 12.241 4.11615 39.2121 7.96582 0 0.190956 2.69514 8.79305 6.38157 9.64065 
4.17081 30.6349 10.3238 23.2047 34.0345 16.948 12.0952 3.46007 0.00734821 14.5844 79.2465 186.603 50.0662 9.66426 28.0514 24.6289 4.90304 23.7278 0.000870599 0.0900877 10.3559 1.43433 8.87658 0 19.2574 0.0774944 17.0748 3.649 
400.125 386.713 13.4186 415.544 7.39277 383.919 53.4739 69.1673 466.002 70.9999 9.18236 881.395 46.616 1.17587 30.0711 35.4825 409.248 58.3542 3.59259 12.7017 14.6286 28.7193 11.2322 35.3654 0 87.6225 130.914 33.6603 
14.7589 0.545986 24.9037 35.8133 2.95442 0.253219 1.10167 176.031 19.4112 49.5186 39.8564 215.793 23.2447 10.2822 29.7483 32.8494 27.0221 50.699 5.03117 10.3803 23.317 8.12274 9.80983 9.4073 6.48134 0 37.9206 1.59654 
50.1671 30.6438 6.01292 5.23759 1.52069 0.95672 13.4523 36.8217 72.5666 45.8115 53.6225 107.759 31.1024 0.728648 15.5109 10.9408 4.49298 8.85168 0.0013711 10.9077 35.4068 8.33625 4.35225 4.67094 58.58 0.652996 0 34.0235 
24.6963 42.632 14.2836 6.65951 50.2592 10.3124 73.5224 3.43677 92.1335 56.1319 12.2582 85.1637 10.6629 10.5439 3.33721 20.8134 0.27183 1.63017 26.3165 7.19024 11.757 9.54356 1.22393 12.6954 12.7772 21.2329 17.0405 0 
