0 908.406 41.586 769.334 130.196 462.553 40.1623 102.101 493.799 98.0323 122.375 222.338 36.2275 49.2808 12.2699 75.6642 460.84 185.514 2.83857 37.6846 96.2099 39.6336 42.9949 6.51177 453.58 63.2628 36.258 38.7145 
607.126 0 104.136 580.542 402.622 648.766 341.476 143.78 682.933 158.488 0.540929 29.9912 30.928 63.4112 59.6028 56.7969 522.385 463.916 126.872 110.836 125.053 4.90857 0.13976 21.5687 528.146 32.4735 7.84549 10.9832 
56.3179 260.726 0 150.501 79.299 42.6588 91.228 0.796245 254.181 7.27529 97.2184 151.659 45.0819 14.9403 19.6252 0.130388 0.663249 88.8031 58.1402 2.71021 103.079 0.2092 12.4141 3.29642 17.9775 19.5143 1.16449 0.416028 
508.879 583.509 401.907 0 68.809 516.621 99.5531 881.504 464.968 105.683 188.388 34.2486 4.95889 0.391299 4.45068 16.2155 449.827 68.1615 15.0677 34.1845 195.496 0.244411 3.7543 0.356463 487.727 5.74243 26.3986 15.4612 
119.747 184.489 178.412 0.136569 0 302.013 328.004 40.9619 350.159 313.978 6.21811 51.5254 33.9625 39.4992 13.3839 0.847838 82.1592 29.5414 109.94 6.72727 118.526 28.0707 1.80229 14.9734 34.1301 3.09133 12.1085 2.49554 
449.776 656.083 55.8838 515.376 632.433 0 1173.72 56.3455 481.938 468.16 164.409 151.987 152.658 21.7117 35.1268 27.1294 456.053 89.5654 90.461 2.10818 9.53669 3.27272 0.954261 6.2788 453.278 0.0444054 6.02305 0.330889 
79.8828 209.74 43.4549 202.574 430.102 771.932 0 12.0862 1262.75 458.493 7.10042 276.818 81.9249 83.2918 12.8804 103.003 16.7653 191.387 48.1987 14.0513 142.631 61.4819 35.5683 16.5424 15.9591 60.9369 34.5156 66.2963 
240.07 102.262 15.7132 109.076 14.1019 25.1492 402.545 0 5.88884 111.314 374.098 0.405196 144.322 86.5012 23.8476 10.0522 90.8728 69.5555 111.926 10.2086 120.119 38.6459 7.56469 25.8512 146.94 186.845 95.0339 96.5446 
546.738 664.125 238.424 650.869 7.61107 483.662 3.79947 3.94392 0 373.317 777.304 395.188 0.793688 129.783 266.895 95.8199 561.199 143.799 116.275 8.31273 104.133 60.6562 81.0633 43.0326 566.858 34.754 67.8485 94.1214 
135.069 28.8193 100.695 26.9403 329.566 317.214 93.1556 119.607 112.564 0 599.695 222.466 6.76126 15.0901 9.81909 90.97 55.085 135.096 1.92482 3.25478 79.2645 1.81335 4.70663 11.983 1.3328 2.32445 10.7095 9.65913 
188.605 224.029 47.0515 29.0474 197.352 48.9889 427.988 345.738 67.6906 601.701 0 6.66342 232.955 9.92677 372.028 40.5622 0.0270867 2.71448 16.1417 40.1557 95.2463 77.3278 133.359 128.849 3.327 96.7409 83.0574 5.16718 
171.964 0.32873 23.355 249.638 24.6963 40.2111 192.859 459.849 301.56 17.8992 277.609 0 4.59899 29.9051 31.8494 231.873 0.0121139 60.7598 100.177 92.5294 61.2752 6.18946 76.3504 171.954 377.507 389.94 120.291 84.5923 
31.4999 0.00300872 67.2859 36.8533 162.128 7.32569 219.143 63.794 165.573 36.61 227.238 3.5303 0 155.743 52.383 9.41389 9.38321 97.277 9.53887 0.00143409 28.5934 37.203 34.8087 24.6586 1.23849 50.2667 23.5595 0.0205807 
35.8909 71.2972 9.04503 7.24179 6.45892 0.0317845 10.06 5.9524 75.3725 3.40499 0.481556 57.4753 49.383 0 8.04302 15.2756 0.401539 51.02 6.13639 3.44794 11.4017 3.14406 0.478515 3.39103 15.985 0.858446 11.0814 0.793602 
46.0356 43.2703 26.4381 38.1481 10.1069 31.3053 25.4518 185.145 143.171 118.449 315.826 247.499 0.102269 16.7132 0 28.5329 15.162 0.866985 25.975 6.10978 0.452714 0.210719 6.02371 17.8453 28.0401 18.438 5.03775 16.4349 
1.49683 1.82533 24.8578 42.7846 72.2641 0.636811 101.705 2.4752 40.4277 60.4877 213.465 493.567 21.785 8.39184 83.6851 0 26.0666 59.5088 23.7974 0.531831 10.3061 7.26139 11.9722 0.934072 21.0885 2.74379 10.6852 2.42664 
477.165 452.127 43.7154 503.208 0.0149878 452.265 100.007 3.00372 450.192 83.8789 39.4943 0.164848 31.3587 18.5079 27.2327 24.4215 0 138.19 276.557 31.0488 28.9492 21.1859 16.7018 15.6887 471.095 12.0514 9.18244 24.3982 
215.346 307.134 163.067 144.412 234.456 123.82 50.2669 19.2105 64.1134 86.7743 145.022 28.0958 106.15 41.5621 66.2119 20.8659 15.4847 0 125.02 36.1111 0.231613 2.29224 37.9399 42.1125 59.4075 30.9346 29.5469 4.14556 
3.65532 33.3041 23.629 22.4044 13.5994 1.1306 58.0377 54.1188 45.761 16.3236 29.2689 0.949276 0.498476 0.733443 3.4633 27.4258 189.649 0.462824 0 2.84508 70.7726 5.68122 5.61272 23.8676 22.2265 30.5555 0.14163 5.86671 
9.46109 0.518182 0.146381 42.3793 5.88041 5.80384 59.8785 77.9799 103.029 0.536759 62.9268 16.6011 0.0407578 0.447398 3.76326 4.83001 12.9282 64.381 28.4566 0 59.5967 6.35702 0.682733 4.71083 7.22648 10.2216 0.0986532 11.255 
72.4817 116.684 49.6678 178.176 32.8743 1.30936 31.4785 1.48255 13.2153 54.2309 110.033 104.371 0.727589 11.187 43.475 52.3743 67.8263 117.664 57.1095 16.5453 0 32.8085 3.90397 39.969 58.7411 59.5984 32.7341 10.0216 
33.6101 42.2126 3.88148 2.86524 43.3063 4.69156 8.58089 47.8727 36.4696 46.4871 22.9294 2.08507 27.6099 0.633749 16.0902 5.36911 0.252347 39.4955 7.95621 2.23645 23.0238 0 0.915543 13.3478 17.7038 9.82496 0.338349 4.19942 
45.4825 0.479334 12.5597 2.83422 16.0779 8.02232 14.2873 42.2858 101.541 26.9978 105.588 22.0343 83.0115 0.00340683 8.31619 0.390857 9.1241 24.816 10.0299 4.04515 39.2089 12.9718 0 12.6292 23.263 1.59015 3.02118 10.0823 
23.0066 9.0508 15.5025 6.40119 0.876434 0.238768 4.84019 135.667 94.2336 4.2289 85.1795 165.411 65.4888 7.94776 1.4755 4.67313 10.4108 0.277044 0.437102 5.08326 28.0112 13.7119 0.150574 0 32.6398 8.42449 5.8221 14.3872 
488.599 491.225 6.18305 466.136 5.32116 449.768 50.1355 143.735 449.793 16.9606 17.8971 533.223 14.5653 1.85609 29.3705 78.0512 473.011 7.11577e-05 12.9645 3.19215 10.3177 68.3947 21.829 7.44278 0 49.7183 67.8044 118.038 
59.7037 19.6175 12.5756 6.99733 69.5373 27.4579 19.1775 195.377 34.8424 35.4427 127.343 80.6539 49.8611 8.63521 21.3938 0.115316 27.3259 21.0671 10.7966 11.8364 61.6262 0.00320924 2.98436 0.268727 38.4542 0 23.8063 44.739 
27.8181 4.54821 8.47198 12.2569 16.4542 8.41594 50.4708 4.92225 42.3382 1.04964 11.2098 56.8533 39.1297 11.2486 8.91598 0.604516 16.6103 44.4482 20.6744 5.6506 44.1802 7.03002 4.90597 10.2578 49.0286 8.11854 0 92.7395 
30.4073 17.2805 7.35008 8.52757 19.8139 13.6301 7.6987 104.892 99.1921 7.22259 87.7616 0.816165 43.2555 1.06024 23.2797 4.58483 24.2978 0.0477368 8.62619 0.579294 50.4268 7.88476 0.0252326 9.62885 8.92106 3.01965 23.4073 0 
