0 392.659 0.832534 205.284 134.013 285.949 73.8288 5.8757 221.266 139.078 26.3298 1.67725 107.869 25.7345 33.0113 77.2154 256.208 41.0678 17.9361 37.4245 223.364 28.118 1.52404 55.6179 161.036 17.6269 44.3684 47.8702 
677.037 0 389.22 290.352 387.346 230.914 225.107 287.787 568.749 210.008 238.506 33.0732 54.5219 71.0433 50.3774 35.2901 239.104 514.626 138.342 25.0676 1.74463 46.1834 2.5723 48.8367 190.937 79.628 2.65351 0.525529 
4.45161 16.6818 0 290.832 184.825 26.2342 183.196 192.873 68.4827 114.19 42.7447 5.62831 24.9979 16.2633 7.36079 2.39105 44.1481 160.545 50.3699 21.4613 0.0114821 1.62835 0.343705 9.77434 1.38351 16.4567 19.2769 21.3997 
423.296 293.315 253.543 0 120.447 227.074 125.412 470.724 267.102 72.9816 112.08 0.0012388 24.8964 12.5365 28.6218 39.1576 162.381 35.054 34.3651 32.4804 414.918 0.345185 17.9993 25.9298 167.132 36.3282 27.5909 10.4041 
123.548 523.733 146.28 19.6992 0 427.34 372.644 52.0556 264.745 201.951 109.401 175.414 0.193944 66.858 0.145997 4.00027 26.6688 49.1217 49.166 47.802 86.9056 49.5131 0.929616 1.35843 25.7728 56.3436 30.5513 47.2034 
258.596 171.079 9.16761 218.941 769.205 0 1546.58 203.32 603.064 861.829 209.283 0.367561 401.934 10.9307 33.6003 7.16896 217.964 113.564 0.0214448 22.9013 43.8021 20.456 4.40769 7.96681 167.601 27.1383 20.205 2.52727 
119.869 275.606 0.64455 196.197 212.438 898.135 0 154.344 1288.61 274.143 181.568 231.516 213.076 2.50927 16.9624 67.5318 2.20098 216.806 15.4646 0.332011 41.1609 61.9721 38.1384 57.0492 77.9544 99.4778 34.1149 0.450241 
100.111 0.106546 142.686 83.9334 8.19356 40.658 269.628 0 321.563 191.834 17.1393 77.0126 115.137 75.4133 182.938 108.845 87.0324 19.3221 45.1619 17.2622 197.487 25.2295 37.4921 95.6915 10.3178 164.076 70.7852 5.87208 
425.491 168.578 390.446 239.493 23.5021 604.763 78.379 332.952 0 2.36745 641.708 15.2468 69.1457 132.657 117.428 42.2625 166.623 55.8584 30.9419 57.6187 21.375 39.3184 3.6565 72.1779 226.056 33.9124 79.6581 87.0401 
5.62294 88.5278 0.419194 77.3146 154.258 412.309 506.83 37.213 352.034 0 275.372 10.2661 263.5 41.3723 123.213 34.9778 3.14856 81.8464 28.4909 20.1128 91.7911 2.2791 53.2986 57.2209 69.0691 1.09511 36.5565 57.3622 
37.9188 0.315285 9.91136 70.2808 260.84 17.9879 405.24 93.4129 681.889 370.456 0 461.737 189.644 74.2692 328.602 162.844 26.8011 153.192 1.64568 24.5645 55.2203 60.8286 3.2656 129.024 45.0401 93.8872 71.6632 103.552 
73.0451 0.755558 56.6565 183.481 89.5677 147.628 114.386 755.654 232.972 120.474 45.1057 0 156.01 25.9378 3.61784 414.382 87.7859 149.958 100.431 93.5488 84.8752 6.14218 109.567 170.772 172.304 1.86026 109.556 173.552 
25.3681 4.83766 8.13401 12.7018 176.237 162.135 114.751 0.505065 36.2463 205.082 251.758 127.058 0 129.241 107.746 0.00282755 62.4103 84.1585 23.2861 38.1972 77.2165 79.679 8.31741 3.41474 14.8219 18.3724 35.1917 42.6556 
9.93069 66.3521 6.279 0.244021 2.57842 9.54492 39.9314 2.03216 85.2982 60.4724 42.2516 7.60469 122.963 0 56.6022 16.1436 4.82828 7.26033 13.8567 4.06556 36.5292 10.8565 3.03755 8.96215 15.7411 12.8979 0.708435 10.9811 
23.5418 34.1458 14.739 5.73296 0.797086 29.5289 112.469 11.5536 221.915 15.9805 380.425 199.509 103.034 7.57832 0 65.8848 29.9317 43.6315 36.8842 0.0109303 1.71919 4.39729 7.36275 2.13364 23.9419 29.1121 13.1617 1.10612 
24.916 84.4394 21.2158 31.8076 73.3088 13.9278 44.2725 83.7422 93.8194 88.4357 207.643 75.1581 50.0547 19.3025 3.62689 0 23.2435 61.074 0.394805 8.08449 38.7335 3.70589e-05 7.0549 28.9042 36.3129 26.8783 18.6036 22.7359 
175.711 164.966 31.122 217.077 23.3064 199.38 109.664 5.47463 271.94 18.8508 87.4196 87.5948 20.5382 22.0101 8.27799 19.0972 0 6.34052 579.57 32.1353 21.3399 1.28666 3.56823 12.0637 188.553 11.2947 0.153509 0.0109572 
77.3181 140.752 64.2843 143.089 121.345 113.512 203.99 171.272 152.473 137.629 0.509494 133.831 56.2259 0.575879 19.573 15.9134 113.929 0 138.943 7.79521 110.048 18.4405 22.7768 41.4233 1.22632 54.7663 2.15357 0.0282461 
16.1788 23.2408 0.0123591 26.3427 0.105256 89.7495 157.543 107.74 0.0142418 7.8037 0.0607749 1.58087 57.8807 27.0579 0.3424 12.889 54.7465 5.89857 0 30.2192 3.94304 0.322361 8.81364 23.4149 9.84996 4.62394 19.9254 24.3956 
7.26545 60.3486 27.3599 43.5262 46.0997 19.6219 19.0061 116.754 38.5568 28.1686 7.07499 51.6408 37.149 4.38277 0.348591 0.166788 10.9146 0.077982 31.8093 0 64.886 0.161777 0.930089 3.38013 0.1242 11.9828 4.86624 4.53504 
235.033 3.93445 24.5571 85.7127 70.7517 9.75015 48.7785 59.7572 89.9783 99.3446 70.9973 86.2391 49.1214 30.6181 47.5165 24.683 8.78333 0.655748 0.488052 13.7217 0 8.32438 0.0477613 20.0155 59.076 23.804 44.0322 50.1758 
16.8312 40.6444 9.85924 2.58137 0.622658 6.6897 7.39145 16.3461 5.67805 47.5772 3.40455 2.11342 85.2558 4.45772 17.2832 11.9152 17.881 5.07158 1.14813 2.6881 0.0181402 0 7.50502 3.33231 6.28657 5.35011 0.577934 0.119944 
17.7746 3.66467 0.69802 18.5751 33.0407 0.00333495 16.3873 101.834 30.684 29.2255 17.0143 56.9104 7.63766 1.14851 5.16809 5.71649 11.556 9.06361 13.49 4.10335 38.4453 5.49861 0 2.08794 4.94809 9.43285 7.44596 9.90439 
6.76893 35.2061 11.5695 21.2795 30.2697 16.1532 7.85297 11.5974 0.786927 19.7098 94.3957 176.456 42.8051 10.3376 27.5831 16.9361 4.10149 26.5248 0.0529708 0.204198 7.94489 2.58314 17.0419 0 9.52922 0.594049 15.7502 4.75267 
184.079 162.518 10.6083 189.113 10.6996 161.32 44.504 101.913 257.356 69.1495 20.3596 518.995 49.5351 2.24659 31.1877 7.41405 187.92 57.0007 2.56161 12.1421 11.1024 50.6218 10.6724 63.302 0 17.8439 150.803 134.809 
21.2808 2.50545 22.7815 40.0563 1.13366 0.000301688 4.58501 212.857 33.8249 57.1289 20.5233 344.915 19.035 8.98339 27.3948 31.4678 27.262 47.2529 6.46188 9.72277 18.6938 8.6583 10.1781 7.38217 5.77419 0 37.6085 0.838702 
49.1378 33.7056 4.893 6.83679 2.5148 1.527 16.7622 28.6109 69.1177 46.8017 59.7421 98.904 32.6854 1.12847 16.6605 9.32687 3.81073 10.5864 0.0299426 10.987 37.1409 7.67405 5.37436 6.36306 52.3426 2.87438 0 63.026 
20.4378 38.2798 15.9502 4.44102 47.8418 8.67249 72.9511 10.3756 96.0832 57.0915 19.8297 58.1219 8.42062 11.106 1.92783 22.0492 0.0907628 2.76438 25.8849 7.82329 9.25326 9.82559 0.799984 13.4117 12.1587 38.423 1.43988 0 
