0 490.548 1.5729 290.554 138.593 363.699 69.8133 4.50876 294.912 140.186 27.7984 1.21486 108.055 25.3536 32.4164 77.527 333.68 43.7814 17.1106 30.8457 225.526 28.2981 1.62922 55.7783 237.955 18.2492 44.1713 48.2143 
766.699 0 405.846 358.389 402.098 312.845 208.831 289.05 644.743 212.666 240.838 31.2089 53.0774 70.966 51.3581 36.0765 317.808 456.469 136.46 23.3954 1.36909 46.3613 2.41575 49.1914 268.446 79.9342 2.7825 0.605202 
5.99426 9.33342 0 282.624 185.748 27.5145 177.54 186.911 82.2397 114.041 46.5406 4.6591 24.3475 16.2069 7.00308 2.22237 43.7145 161.179 49.8621 21.7504 0.0715075 1.67404 0.376447 9.64857 1.2689 16.1623 19.2586 21.3349 
489.655 361.319 253.829 0 118.243 303.67 129.106 1005.9 352.014 71.7647 108.86 0.0843465 24.3231 12.7416 29.0047 39.4924 239.137 36.7473 34.9404 31.7845 792.22 0.32132 17.9215 26.0073 243.702 35.8783 27.5893 10.1412 
128.119 527.294 143.243 18.1157 0 414.307 364.475 49.8338 258.818 194.577 112.99 175.93 0.077535 66.6047 0.0811878 3.72457 25.2715 51.8384 54.548 48.7985 87.9475 49.749 0.836735 1.24951 25.3225 56.7691 30.3178 47.4535 
337.136 245.892 8.28732 295.106 941.379 0 965.969 204.951 670.055 549.92 214.361 0.590586 119.055 10.6986 33.1424 6.91285 294.92 114.376 0.0806485 22.7936 43.1719 20.4711 4.29054 7.82798 244.299 27.0555 20.2074 2.62752 
115.37 292.088 1.4444 194.729 201.131 915.158 0 145.713 1303.54 256.566 193.858 234.835 211.954 2.87037 15.6073 68.6667 1.94271 215.037 16.6459 0.459281 39.9813 62.0751 38.7543 56.5719 77.3341 99.4686 34.4763 0.540624 
95.1589 0.353773 136.26 90.9848 9.21839 43.633 278.071 0 300.506 189.698 20.0642 105.915 114.036 73.9289 182.248 102.837 87.4802 18.2539 46.0616 18.1511 196.404 24.8403 36.5394 94.0363 8.94626 159.646 71.545 6.52112 
502.315 248.055 375.682 309.274 26.9557 671.977 40.9139 311.863 0 3.96394 1294.84 12.4077 71.5384 131.085 126.602 40.3932 243.906 58.1051 29.6483 56.5975 20.1445 39.7488 4.03423 71.3408 301.575 35.4366 79.6399 87.5919 
6.30401 84.7057 0.241494 78.4718 146.777 394.517 508.409 39.473 356.968 0 253.718 11.7675 270.381 40.2843 124.457 36.1542 2.90147 83.2949 27.2969 19.6803 91.4072 2.08662 52.9233 57.4617 69.3038 1.29128 36.3151 57.367 
36.2517 0.631151 11.9424 73.3676 260.556 15.0952 395.588 99.3001 702.964 349.025 0 453.441 192.971 70.1949 339.692 167.092 26.2451 154.133 1.90908 23.959 56.4271 60.3636 2.76223 128.913 46.7079 96.2791 71.2001 104.034 
75.786 0.478489 59.405 188.217 87.8468 148.656 118.627 799.439 225.234 116.84 38.099 0 155.554 27.8699 5.24716 397.272 87.7909 149.677 100.468 93.2414 83.2888 5.86213 110.609 168.885 166.341 0.445319 110.248 172.857 
24.6408 4.31857 8.57114 13.1649 175.734 165.802 118.01 0.363573 34.3444 213.461 250.966 125.828 0 126.331 106.596 0.0269421 62.5525 83.5341 22.6774 38.0269 77.1316 78.9349 9.07445 3.10677 15.1775 17.9843 35.0728 42.77 
9.63666 66.6507 6.44313 0.287831 2.36532 9.77533 38.8512 1.66966 83.3839 59.4879 38.8733 8.73819 125.996 0 54.846 15.7872 4.73891 7.49201 13.6888 4.04602 36.3203 10.8708 3.34863 8.82774 15.6644 12.9246 0.742601 10.93 
24.1043 35.0873 15.1742 5.43219 0.63347 29.0062 110.714 10.161 222.099 14.4652 387.223 205.201 104.316 5.77124 0 61.8177 29.9563 44.1121 36.9922 0.0159881 1.58861 4.53065 6.91181 1.87258 23.6192 28.9014 13.2935 1.19881 
24.1778 84.5229 21.4191 31.2779 73.4868 14.2205 45.4563 78.0799 95.8582 88.8704 204.823 59.9205 51.053 19.2507 5.60193 0 23.1566 61.1573 0.353417 8.13661 38.255 0.000468581 7.25858 28.6903 36.1942 26.3728 18.5659 22.7578 
253.276 242.46 31.6492 293.829 24.6595 276.767 109.742 5.17114 348.57 19.4072 87.0667 87.5424 20.1741 21.9957 8.13096 18.975 0 8.38836 511.172 32.0278 21.7089 1.24554 3.6325 12.1557 265.474 11.4318 0.140012 0.00699547 
80.6543 149.536 66.9301 143.604 118.035 112.668 206.161 170.449 150.102 136.917 0.353844 133.031 55.4607 0.647277 19.1243 15.5449 120.31 0 137.984 7.31999 109.437 18.2482 22.5379 41.2349 1.33118 54.5067 2.06857 0.0170353 
15.3885 24.8608 0.0376908 26.9148 0.00746574 89.9629 157.573 108.222 0.0626576 7.12336 0.0216094 1.7559 57.236 27.0153 0.395019 13.0753 51.7029 5.22761 0 30.4191 4.14861 0.350806 8.93018 23.4506 9.69696 4.49948 20.0014 24.3226 
8.37417 62.5512 27.4259 43.9533 47.0961 19.4418 18.2194 116.556 39.5429 27.7161 6.70993 52.4814 36.9643 4.39785 0.323559 0.185673 11.1302 0.136638 31.6293 0 54.4847 0.153597 0.912725 3.34335 0.141492 11.9964 4.81534 4.47322 
236.468 3.36236 25.9995 89.8672 69.6526 9.33182 50.0235 57.5782 91.9368 99.3304 72.2433 87.8249 49.5457 30.8655 47.2111 25.1629 8.51921 0.803541 0.417532 19.6189 0 8.21179 0.0635192 20.3045 58.946 23.3514 43.9991 50.0931 
17.0248 40.4058 9.91497 2.64342 0.551651 6.83242 7.11743 16.002 5.44314 47.1447 3.18389 2.28751 84.7187 4.57275 17.2448 11.9257 17.9441 5.19828 1.20039 2.71415 0.0247508 0 7.7427 3.46752 6.34938 5.28867 0.551227 0.109715 
18.0584 3.47922 0.743665 18.5136 32.6718 0.000624936 16.9065 101.933 31.598 28.6567 18.1613 58.4369 6.93874 1.37102 4.77 5.51163 11.6364 8.87283 13.6079 4.10093 38.3603 5.27141 0 2.61193 5.20354 9.48628 7.54682 9.92463 
7.045 35.6383 11.6828 21.079 29.908 16.0672 7.49026 12.6016 0.959361 20.2204 95.7555 174.89 42.0889 10.3629 27.4349 16.1161 4.02794 26.7902 0.0649528 0.217395 7.72843 2.70652 17.6633 0 8.71693 0.667755 15.6111 4.86197 
261.559 239.25 10.3464 265.555 11.0406 238.172 43.6469 105.062 335.438 68.9074 21.6202 709.285 49.7886 2.36394 31.2436 9.72273 264.864 56.8485 2.47164 12.0837 10.7857 59.9954 10.6377 65.7296 0 10.1675 154.485 116.09 
21.9434 2.76438 22.553 40.3982 1.00406 0.00449217 5.03587 215.539 35.3475 57.8126 18.96 354.135 18.6434 8.85189 27.1124 31.1974 27.2768 46.9074 6.60509 9.6558 18.268 8.70701 10.2042 7.19042 5.78424 0 37.4937 1.25969 
49.0225 33.9935 4.79019 6.99677 2.62177 1.58769 17.0895 27.8595 68.7589 46.8775 60.3075 97.9656 32.8292 1.17062 16.7627 9.1726 3.74807 10.7573 0.0372622 10.9918 37.2982 7.61013 5.47388 6.5317 51.5614 3.16225 0 65.622 
20.0418 37.8582 16.103 4.24913 47.5958 8.51885 72.8493 11.2174 96.3854 57.1472 20.6265 55.6597 8.21744 11.1528 1.81167 22.1371 0.0785493 2.88711 25.8375 7.88227 9.02683 9.8502 0.763867 13.471 12.0749 40.0384 0.828095 0 
