0 800.198 8.0468 547.503 159.826 577.904 52.1201 0.509843 491.519 144.925 35.0773 0.0401612 108.747 23.581 29.6555 78.784 547.038 57.2833 13.4771 8.14127 234.118 29.1282 2.16431 56.4496 449.061 21.2501 43.2211 49.7744 
1019.25 0 460.789 529.96 462.773 548.249 136.728 293.086 846.377 223.711 250.542 23.1255 46.4622 70.4758 55.9115 39.7717 537.057 698.824 127.216 16.2336 0.216057 47.1571 1.74767 50.7976 482.193 81.2024 3.42246 1.05053 
16.054 3.24754 0 212.968 188.274 33.5754 149.602 157.911 157.781 112.709 65.7582 1.33146 21.3743 15.9018 5.42529 1.51059 41.617 162.981 47.3832 23.0295 1.02848 1.89422 0.548168 9.05574 0.797232 14.7754 19.154 21.0008 
647.136 532.606 362.385 0 107.552 512.728 145.747 1096.19 601.72 65.9543 93.7922 3.26259 21.6946 13.6934 30.7302 40.8663 449.442 44.9765 37.6058 28.4515 405.375 0.221077 17.5337 26.3103 453.143 33.6663 27.5493 8.94096 
149.467 529.869 128.197 11.5206 0 331.253 321.5 39.9423 229.762 159.649 129.875 177.922 0.22808 65.3112 0.0284856 2.56293 19.1659 65.169 82.3057 53.4352 92.7232 50.8063 0.467277 0.800467 23.2438 58.689 29.2214 48.5856 
555.296 450.189 4.70765 502.271 1100.53 0 993.272 210.968 820.547 602.294 235.884 2.32149 626.571 9.6189 30.8909 5.76052 505.928 117.759 0.855071 22.2427 40.2175 20.512 3.75787 7.18444 454.26 26.6081 20.2016 3.11738 
94.742 366.453 9.29885 186.183 149.442 825.47 0 107.194 1208.95 175.756 252.433 249.152 205.53 4.86242 9.95999 73.8354 0.948218 205.791 22.6511 1.32296 34.6233 62.4804 41.6159 54.2735 74.2984 99.1326 36.1542 1.07047 
73.0781 3.40106 106.548 84.5827 14.753 58.482 315.377 0 205.247 179.021 36.5 288.106 108.739 66.9326 177.823 75.8028 89.4778 13.6329 50.2971 22.5321 190.694 23.041 32.1721 86.1146 3.80048 138.152 75.0106 9.97055 
711.306 475.707 296.8 490.502 45.838 823.327 27.9115 215.852 0 16.6826 730.145 2.96939 82.9287 123.302 101.874 32.0514 456.729 68.9418 23.9011 51.8242 14.8366 41.747 6.02916 67.3423 506.016 42.8275 79.4633 90.0222 
9.96713 67.4586 0.0564375 83.6653 112.64 298.717 499.749 50.6785 375.231 0 157.793 20.0316 298.417 35.2334 129.273 41.7211 1.87827 89.9922 21.9792 17.6932 89.5023 1.29774 51.0684 58.4685 70.2485 2.41479 35.1656 57.3057 
28.8691 3.52793 23.719 88.1047 257.908 4.84693 345.581 128.15 771.864 247.648 0 408.722 207.641 52.0734 381.712 185.606 23.6995 158.22 3.39118 21.1974 62.1197 58.1412 0.963975 127.91 54.6863 107.265 68.9641 106.057 
88.8815 0.0189071 72.6421 208.94 79.8339 152.834 138.643 960.816 188.842 100.009 12.8892 0 153.066 37.5808 16.678 303.975 87.7321 148.115 100.516 91.6283 75.8986 4.63526 115.104 158.925 94.571 6.66394 113.21 168.625 
21.3493 2.27804 10.7391 15.4088 172.716 177.721 133.079 0.00996606 26.0317 250.475 245.775 119.87 0 111.394 100.623 0.464371 63.1574 80.539 19.9082 37.1996 76.671 75.188 12.9819 1.85499 16.8708 16.2031 34.4986 43.2672 
8.31099 67.9283 7.21831 0.539244 1.48925 10.8561 33.8849 0.445823 74.3593 54.7487 24.6539 14.9862 138.58 0 44.1516 13.9476 4.32989 8.61263 12.9059 3.95216 35.3207 10.9048 4.86799 8.13873 15.2661 13.0093 0.911883 10.6766 
26.7703 39.5465 17.2168 4.12109 0.117647 26.4941 102.087 4.8005 220.896 8.30447 406.454 229.543 109.684 0.502643 0 41.2824 30.0471 46.3264 37.4497 0.0522404 1.04587 5.16944 4.93749 0.869359 22.0555 27.7797 13.8996 1.67743 
20.8216 84.7151 22.3004 28.7128 74.185 15.5808 51.0155 53.3699 105.148 90.5009 189.697 10.4465 55.6328 18.7136 19.6045 0 22.7369 61.4705 0.1903 8.37037 36.0025 0.0227955 8.19059 27.1156 35.432 23.8246 18.3579 22.7843 
467.409 456.639 34.088 503.915 31.3665 489.87 109.888 3.86387 558.015 22.0759 85.3338 87.2157 18.4993 21.9149 7.45619 18.3961 0 21.5166 542.25 31.4901 23.4525 1.06196 3.93816 12.5833 476.433 12.0743 0.0852069 0.00021108 
96.6177 168.074 79.44 145.322 102.63 108.346 215.348 166.22 138.77 133.269 0.00154457 129.099 51.8865 1.03469 17.0746 13.8646 150.515 0 133.05 5.28497 106.437 17.3544 21.4235 40.329 1.87567 53.2425 1.69365 0.00200011 
11.928 32.9968 0.337483 29.6008 3.99798 90.4615 157.075 110.304 0.741287 4.34064 0.100795 2.69137 54.1817 26.7907 0.689566 13.9485 36.7721 2.61934 0 31.317 5.1725 0.499234 9.47739 23.6015 8.99195 3.93748 20.3493 23.9695 
17.7422 72.9039 27.6181 45.694 51.742 18.569 14.7221 115.292 44.2064 25.6082 5.12537 56.383 36.0723 4.46484 0.218781 0.286844 12.1502 0.625402 30.7527 0 16.7552 0.118174 0.833272 3.17146 0.236894 12.0445 4.57862 4.18685 
241.519 1.28028 33.1143 98.1796 64.5158 7.48652 55.9226 47.7606 101.068 99.128 78.0602 95.1975 51.5069 32.0041 45.7428 27.4206 7.33326 1.6894 0.160929 59.2287 0 7.69314 0.166584 21.6599 58.2698 21.2647 43.8173 49.6644 
17.9322 39.2684 10.1694 2.94075 0.276755 7.50794 5.89921 14.4302 4.40758 45.0651 2.24842 3.18742 81.8876 5.11415 17.0316 11.9545 18.2323 5.80708 1.4588 2.83611 0.0691125 0 8.84662 4.12123 6.64543 5.00239 0.434617 0.0679705 
19.393 2.67357 0.974387 18.2002 30.9408 0.0163375 19.4014 102.139 35.9547 26.013 23.915 65.5862 4.09457 2.60494 3.0853 4.56968 12.0095 8.00317 14.1554 4.08685 37.9365 4.24484 0 5.64996 6.47454 9.71719 8.01485 10.0076 
8.39497 37.641 12.1973 20.1088 28.2179 15.6438 5.89942 17.7713 1.98591 22.643 101.852 166.33 38.7112 10.3884 26.5167 12.2706 3.69152 28.0237 0.136954 0.284209 6.75071 3.31017 19.9039 0 5.31567 1.06544 14.9356 5.37955 
475.188 449.471 9.14404 474.26 12.6883 448.877 39.6635 119.583 551.616 67.6313 27.9018 1058.31 50.9112 2.94357 31.3859 28.7966 475.928 56.0857 2.07133 11.8 9.35694 86.2084 10.5175 74.4758 0 27.0076 28.9763 27.7322 
25.1138 4.13347 21.4333 41.8336 0.50228 0.089158 7.40016 225.807 42.7335 60.8866 12.4014 386.595 16.8441 8.22472 25.6758 29.6418 27.3272 45.2598 7.28818 9.33416 16.3209 8.92844 10.3043 6.30539 6.01075 0 36.7678 4.30095 
48.4456 35.3258 4.32042 7.7589 3.14868 1.88514 18.6416 24.438 67.0189 47.1878 62.8981 93.3943 33.4832 1.37623 17.2217 8.45419 3.46118 11.567 0.0819702 11.0081 38.0133 7.31027 5.94181 7.33191 47.5512 4.66656 0 76.6632 
18.2215 35.8781 16.7999 3.40261 46.4143 7.80981 72.2666 15.5307 97.6191 57.3243 24.4985 44.5868 7.29554 11.3551 1.314 22.4751 0.0331948 3.49266 25.6017 8.15399 7.99962 9.95974 0.605555 13.7266 11.6315 47.2112 0.202206 0 
