0 510.281 32.7502 202.709 197.858 132.419 24.5196 3.83782 20.6218 151.809 50.5529 2.26807 109.245 20.2722 24.5454 80.2466 102.095 85.8563 7.67052 43.7075 243.118 30.6477 3.37201 57.3626 1.35809 27.2973 41.2926 52.5042 
559.438 0 441.92 23.7451 527.541 147.381 34.0845 292.186 358.965 237.833 263.157 10.8804 34.6652 68.9724 64.3124 46.7971 103.644 45.2073 108.05 5.97693 0.760366 48.5025 0.772639 53.5972 38.9456 82.8576 4.80034 2.21891 
46.3598 111.428 0 45.8898 184.905 44.8618 94.281 101.643 320.588 107.398 106.876 0.578268 16.0853 15.1431 2.91362 0.524615 37.3615 161.096 42.2707 25.0861 5.82091 2.34084 0.955787 7.91657 0.199129 12.1335 18.8718 20.2307 
94.7839 25.3583 202.828 0 86.0978 58.8584 173.167 432.953 226.563 54.5783 66.0231 21.3518 16.9755 15.4504 33.6685 42.5572 0.0823868 61.6509 42.5083 21.956 616.152 0.0821038 16.6952 26.6132 2.18225 29.0648 27.3272 6.8084 
188.424 473.196 97.1867 2.95764 0 214.447 225.846 23.7111 171.108 95.5891 161.636 179.76 3.6194 62.3824 1.0522 0.944704 9.68768 92.6762 142.708 62.0208 101.297 52.6025 0.0597392 0.221155 19.4348 62.0023 27.1215 50.5631 
118.316 3.81247 0.613157 45.4373 309.399 0 238.692 214.794 218.49 591.701 264.407 8.61818 114.328 7.61978 26.2193 3.80427 56.8542 122.208 4.50935 20.9948 34.613 20.4554 2.82136 5.99518 3.92511 25.4964 20.1145 4.13816 
58.7638 478.492 41.0861 163.193 64.8473 185.763 0 46.5576 516.048 51.182 359.125 270.211 188.43 9.94834 2.60165 82.8791 0.0305784 184.309 35.9982 4.1461 25.2497 62.9032 46.9239 49.6413 67.9828 97.1888 39.2751 2.55206 
37.4522 17.4464 55.4624 127.048 28.4094 89.783 372.382 0 61.2563 156.101 78.7413 723.87 98.0941 53.6334 164.358 32.7106 92.8207 6.62815 58.4147 31.752 177.151 19.7304 24.3572 70.5583 0.00229571 96.0325 81.145 18.2728 
252.247 77.8236 134.7 6.09523 92.2359 221.869 621.524 68.0125 0 62.3739 1359.93 2.92029 105.075 107.07 22.7076 18.3675 12.3366 90.669 14.4783 42.8512 6.88133 45.4612 10.8031 59.4461 45.3189 57.7862 78.7191 93.9288 
18.9636 38.5791 2.59745 92.3792 55.6783 112.809 416.773 74.3555 386.365 0 28.0857 40.8627 328.932 26.0032 133.583 52.3595 0.541228 102.228 13.2257 14.1016 85.4113 0.30995 47.1338 59.8276 71.3406 5.44616 32.8971 56.8149 
16.8906 15.2357 55.0326 116.559 247.098 1.07136 237.29 186.604 927.182 81.3329 0 304.365 230.777 23.5246 406.87 212.898 19.1313 164.497 7.30529 16.3007 73.075 53.7239 0.0980683 123.877 70.3612 126.691 64.4263 108.817 
114.503 2.90327 98.7331 239.974 64.939 157.8 176.402 998.467 122.054 69.612 1.96372 0 146.791 58.4772 53.6474 115.305 87.2506 144.041 100.052 87.8018 62.1306 2.68821 121.783 135.657 40.2092 71.8221 117.54 156.433 
15.6309 0.180182 15.3722 19.9914 164.121 148.773 160.129 0.726422 13.1262 305.212 229.562 107.766 0 79.23 86.9633 2.73364 64.0311 74.5401 15.0302 35.4956 75.5134 67.0135 21.8662 0.354838 20.2058 12.9902 33.3274 44.0398 
6.02866 69.8047 8.70769 1.22119 0.377734 12.8965 24.9745 0.268767 57.2803 45.3298 6.0075 30.716 153.691 0 19.0952 9.95176 3.59505 10.9012 11.4334 3.76302 33.3245 10.8201 7.6097 6.61648 14.3423 12.987 1.2748 10.1323 
31.953 48.1707 21.0517 2.09416 0.265854 21.5262 84.259 0.0759923 209.572 1.18352 383.421 262.486 116.743 6.36052 0 7.98138 30.1114 50.362 38.101 0.177429 0.325072 6.44041 1.96733 0.00836711 18.8942 25.0915 14.9982 2.78032 
14.9506 84.1876 23.6397 23.5607 74.8987 18.0921 61.5131 17.4954 121.3 91.7329 153.922 30.5068 63.7855 16.4709 57.5626 0 21.8796 61.7205 0.0184428 8.76722 31.6834 0.156069 9.81092 21.9169 33.1111 18.3987 17.8232 22.4946 
25.4611 16.3935 38.5528 53.2182 45.5816 45.0666 109.188 1.89591 105.817 27.4121 81.6824 86.2325 15.4546 21.6995 6.2349 17.2663 0 60.5305 538.015 30.3162 26.8352 0.752776 4.54112 13.3823 27.7579 13.2994 0.0184784 0.0401226 
127.729 211.2 103.016 145.438 74.3936 98.6146 228.055 156.569 116.487 124.972 1.02355 120.848 45.1487 2.00844 13.4198 10.8795 205.775 0 121.84 2.30159 100.123 15.6828 19.3236 38.4992 3.15019 50.624 1.08339 0.14158 
6.4838 50.6113 1.71207 34.7044 30.6381 89.1559 153.285 113.464 4.04012 0.92122 1.42717 4.98554 48.24 26.2503 1.46399 15.6114 13.6165 0.117147 0 32.8494 7.39055 0.849703 10.5255 23.8161 7.70248 2.96339 20.9754 23.2465 
52.149 92.2097 27.4552 47.7592 60.3899 16.7896 8.97642 111.405 53.2023 21.6676 2.6836 63.6018 34.2557 4.57593 0.0758159 0.535716 14.1308 2.50579 28.9399 0 5.92627 0.0636505 0.690498 2.84657 0.482645 12.0659 4.1357 3.65675 
243.418 0.0418855 47.9374 41.1214 54.8423 4.50424 67.3721 31.0809 118.086 98.1343 88.9855 108.875 55.1193 34.0771 42.7872 31.7438 5.30704 4.23599 0.00401223 169.769 0 6.7445 0.494114 24.2424 56.6847 17.457 43.3518 48.6623 
19.6609 37.018 10.6239 3.53683 0.0132067 8.81975 3.88041 11.6231 2.73092 40.89 0.914218 5.27497 75.1855 6.14375 16.4796 11.9173 18.747 7.03545 2.01179 3.06826 0.21387 0 10.8468 5.44028 7.20761 4.46416 0.250817 0.0161066 
21.9536 1.42866 1.48722 17.4929 27.641 0.173401 24.4014 101.385 44.5122 21.1158 36.3807 78.9734 0.715359 5.43785 0.826634 2.91226 12.7045 6.45609 15.1741 4.04783 37.0157 2.51364 0 12.7774 9.16748 10.0665 8.88177 10.1121 
11.2098 41.3454 13.0977 18.1378 25.0234 14.7489 3.37316 29.5112 4.90536 27.3606 112.068 145.155 32.2511 10.0219 23.8417 5.64834 3.08707 30.3284 0.345194 0.433692 5.05559 4.55908 20.5059 0 1.03305 2.04631 13.5525 6.38521 
31.8126 0.0631648 6.98536 21.301 16.0387 0.0348086 32.2779 145.361 111.778 64.5853 41.3453 306.278 52.751 4.16947 31.1174 55.6656 27.4548 54.4139 1.40476 11.2158 6.88697 29.211 10.475 74.9885 0 83.5227 152.549 144.642 
31.4007 7.42151 19.1075 43.7763 0.0229245 0.540143 12.98 234.227 57.685 66.1026 3.62573 393.077 13.5887 6.9949 22.495 25.5395 27.3383 41.9986 8.64197 8.68825 12.8421 9.31982 10.3957 4.7036 7.23765 0 34.5768 14.2861 
47.1834 37.7886 3.48045 9.26346 4.2672 2.50959 21.6763 18.4035 63.4489 47.5771 67.5524 83.9895 34.6406 1.80361 18.003 7.11334 2.94416 13.1504 0.213952 11.0104 39.2764 6.73776 6.83654 8.88884 38.665 8.1601 0 90.451 
14.921 32.0999 18.0362 2.03501 44.0355 6.51177 70.6878 25.2862 99.1386 57.2836 32.4385 26.1043 5.67506 11.6619 0.582018 22.7815 1.31015e-05 4.78283 25.0922 8.65043 6.19766 10.1425 0.353791 14.1098 10.6044 57.995 8.86237 0 
