0 971.035 61.4627 675.283 224.124 528.218 9.44751 16.3857 404.539 155.179 64.0761 8.09786 108.881 17.7217 20.6642 80.5302 500.367 110.201 4.16064 113.559 243.117 31.7977 4.50193 57.7455 398.88 32.3397 39.6539 54.4379 
867.475 0 324.096 397.967 522.103 578.482 0.735898 283.605 708.042 242.09 267.386 4.30569 26.1958 67.2647 70.6195 52.2871 511.086 242.494 91.9181 1.3332 3.70869 49.4118 0.276332 55.5684 439.447 83.455 6.03996 3.43837 
77.8915 263.545 0 19.9099 174.914 52.8983 54.1949 60.9406 424.771 100.8 140.963 5.14727 12.288 14.387 1.43456 0.101468 33.791 154.79 37.9272 26.3214 12.215 2.72029 1.35122 7.01137 0.00807795 10.0779 18.5717 19.5004 
427.639 398.453 168.134 0 68.809 449.589 189.479 1298.05 672.866 45.5006 45.9045 45.5784 13.5291 16.7776 35.6329 42.9982 396.18 75.3656 46.1887 16.8958 378.144 0.0197596 15.9417 26.5974 397.08 25.1628 27.0169 5.27492 
216.031 381.597 72.1999 0.136559 0 170.127 147.836 13.5502 124.827 52.2725 185.571 179.396 9.10176 59.6498 2.88854 0.220544 4.34211 115.653 192.068 68.4865 107.557 53.8234 0.0108731 0.0176369 16.5636 64.2977 25.4431 51.9648 
521.505 415.277 0.111892 434.514 510.416 0 228.584 210.632 495.668 341.371 273.36 16.229 219.121 6.11518 22.286 2.50119 452.204 123.809 9.30187 19.8341 30.2253 20.2868 2.15632 5.0919 398.96 24.3862 19.975 5.02559 
34.8498 522.407 78.3962 140.06 19.6692 31.022 0 14.7393 47.916 3.30111 427.69 280.482 170.95 15.0861 0.136146 89.1546 0.210849 164.314 48.061 7.43317 18.668 62.9148 50.9638 45.7622 62.5439 94.4723 41.6775 4.15623 
16.7406 35.6514 24.4083 303.291 41.852 115.921 400.384 0 4.89238 136.129 120.174 976.205 89.2304 43.3668 149.563 10.0523 95.0365 2.8057 64.8537 39.7417 164.195 17.2158 18.7097 58.1476 2.66379 64.331 85.5391 26.3098 
634.355 527.811 37.2577 396.781 136.025 498.436 1175.04 7.03489 0 114.365 1374.93 19.3434 122.598 93.4698 99.6876 9.91821 412.508 108.506 8.54015 35.9414 2.66725 48.3173 15.4353 53.0003 432.441 70.1389 77.7542 96.3334 
27.8075 20.5154 7.19643 98.0291 22.5377 37.4355 306.942 94.6789 372.584 0 0.762598 61.403 328.845 19.2602 132.321 60.5695 0.0528705 111.306 7.70614 11.453 81.7551 0.00860518 43.6819 60.3784 71.5441 8.63215 31.027 56.0826 
9.49375 29.8737 85.9884 138.406 233.519 12.8011 151.259 233.261 844.851 9.07008 0 214.48 243.91 8.19263 372.029 225.379 15.7763 168.029 11.3849 12.7781 81.7919 50.0646 1.7885 118.799 82.9086 140.114 60.5862 109.972 
134.864 8.60053 119.252 254.848 53.622 158.865 204.728 774.127 75.3332 48.0037 28.3105 0 140.462 76.4793 93.5495 17.5271 86.5283 139.823 99.1714 84.1017 51.6351 1.50906 125.213 114.324 89.718 158.826 119.712 143.361 
11.6361 0.191845 19.4653 23.8801 154.851 98.2176 179.176 2.57088 5.85541 328.156 211.434 97.5933 0 53.3172 74.5529 5.81169 64.4661 69.5341 11.5553 34.0279 74.3367 59.7529 29.9829 0.000240765 22.9399 10.6225 32.3258 44.4909 
4.45053 70.7661 9.8823 1.94362 0.0174575 14.4695 18.5652 2.11686 44.285 37.7198 0.159552 46.1292 156.164 0 4.05187 6.71182 3.05228 12.8548 10.2848 3.60351 31.6578 10.6166 9.12241 5.29631 13.4688 12.8003 1.59951 9.64639 
36.1255 55.0232 23.9528 0.951239 1.42439 17.5501 69.4262 1.55746 192.954 0.126041 315.828 273.361 119.161 23.0575 0 0.205891 30.062 53.3791 38.4122 0.328299 0.0440997 7.48842 0.520564 0.333633 16.2802 22.529 15.8141 3.82127 
10.845 82.9501 24.3646 19.374 74.8916 19.9741 69.5706 2.47536 132.246 90.9542 121.588 142.015 69.5643 13.7891 82.3021 0 21.146 61.5979 0.0105256 9.03572 28.2542 0.344719 10.8866 16.4609 30.5674 13.8986 17.2746 21.9559 
427.485 421.151 41.8807 447.416 57.8998 444.024 107.734 0.822235 498.567 31.848 78.471 85.1203 13.1777 21.4718 5.32529 16.345 0 101.12 224.72 29.2502 29.5725 0.544252 5.03968 14.0032 423.877 14.2728 0.000149758 0.120637 
152.026 334.663 120.504 142.618 53.8255 89.7049 233.362 147.546 98.5758 117.248 3.38646 113.652 39.8957 2.99684 10.7653 8.71953 243.012 0 111.487 0.79107 94.5959 14.3832 17.6786 36.9522 4.37858 48.359 0.694246 0.407662 
3.28754 66.0689 3.52378 38.6916 66.7953 86.0842 147.741 115.206 8.46071 0.00380326 3.55291 7.27145 43.4481 25.7183 2.27255 16.9275 13.7766 0.452079 0 33.8946 9.3938 1.1906 11.3626 23.9193 6.7287 2.28013 21.4397 22.6256 
90.3606 106.431 26.8423 48.1743 66.9451 15.288 5.34174 107.012 60.3457 18.6339 1.29193 69.0746 32.7093 4.64878 0.0149416 0.783934 15.7311 4.85239 27.3771 0 55.1437 0.0322402 0.585064 2.59139 0.736183 12.0178 3.79117 3.2505 
237.743 1.59451 60.4291 6.07927 47.3383 2.64957 76.5457 20.0156 131.004 96.7886 97.4326 119.245 57.8692 35.6315 40.3043 35.1704 3.91633 7.03495 0.186108 259.018 0 6.02596 0.875127 26.2882 55.1576 14.608 42.8721 47.6969 
21.0343 35.156 10.9566 4.03745 0.0446066 9.87782 2.56334 9.572 1.67656 37.4112 0.27343 7.2694 68.8094 6.94393 15.9115 11.8032 19.1249 8.07507 2.50707 3.25277 0.384671 0 12.266 6.5331 7.64177 4.04406 0.140272 0.000429191 
23.9977 0.71172 1.95891 16.8336 25.029 0.41433 28.5591 99.7378 51.4442 17.4082 47.3751 89.1146 0.00956088 7.58087 0.0469479 1.79206 13.2427 5.32954 15.9602 4.00561 36.1803 1.40986 0 17.7997 11.4696 10.257 9.54281 10.1452 
13.6552 44.1694 13.7325 16.4804 22.519 13.9622 1.85052 40.2962 8.08235 31.1563 118.687 124.862 27.1902 9.36935 21.0043 1.89333 2.64017 32.1144 0.576146 0.572661 3.86756 5.62064 17.5283 0 0.00729744 3.01266 12.38 7.19521 
432.295 396.226 5.41745 414.096 18.8817 396.315 26.679 163.041 513.757 61.6303 53.0915 1040.18 53.9277 5.23847 30.4127 33.2069 423.735 52.8877 0.964449 10.7133 5.16704 25.7197 10.6092 61.6214 0 3.63131 54.6265 29.8225 
36.5536 10.6295 17.12 44.5437 0.0845751 1.16051 18.3199 230.132 70.0364 69.5816 0.358593 346.806 11.1798 6.00556 19.6551 21.4884 27.2689 39.3063 9.76365 8.14732 10.3102 9.60195 10.3756 3.53912 8.91272 0 32.1572 24.9339 
46.0321 39.6727 2.86599 10.5018 5.26169 3.05809 24.1517 14.103 60.39 47.6993 70.9685 76 35.4781 2.17499 18.5344 6.08383 2.55987 14.447 0.362165 10.9858 40.1885 6.28202 7.54523 10.1389 30.9548 11.41 0 92.7395 
12.4671 29.1058 18.9263 1.18656 42.0322 5.53475 69.0102 34.273 99.5668 56.9026 39.1789 14.4564 4.51607 11.8314 0.207398 22.7083 0.0227522 5.93295 24.6317 9.02462 4.91215 10.2638 0.200701 14.3157 9.70431 62.7296 23.4073 0 
