0 894.318 86.7233 640.704 240.816 449.338 2.60022 31.3772 321.878 156.447 74.9168 14.8354 108.155 15.838 17.8427 80.2217 424.561 129.045 2.18137 142.938 238.856 32.6382 5.45983 57.8321 323.367 36.2716 38.3467 55.7626 
690.394 0 205.24 321.116 484.139 523.986 8.86475 272.646 588.381 241.038 267.055 1.28281 20.3802 65.6724 75.1302 56.3595 442.094 127.396 79.459 0.0260819 7.40382 50.0077 0.0653594 56.9104 365.851 83.4792 7.06732 4.53476 
104.118 375.209 0 90.3098 163.399 58.07 29.3087 35.1772 467.105 94.5344 165.984 11.5616 9.67371 13.7291 0.644796 6.14896e-05 30.9956 147.338 34.5082 27.0014 18.4639 3.02311 1.69232 6.32845 0.0331233 8.56656 18.2991 18.8784 
324.223 320.68 56.9839 0 55.9887 367.948 197.902 435.726 624.892 38.7252 32.3725 68.6581 11.1091 17.7363 36.8817 42.7867 319.527 85.7827 48.8298 13.2502 598.536 0.00085403 15.3205 26.4335 319.575 22.1222 26.7025 4.21453 
234.056 295.573 54.1214 0.439224 0 97.0373 94.0438 7.60765 91.8792 26.6729 202.459 178.04 14.8365 57.3473 4.87338 0.00735191 1.6628 133.262 226.915 73.1175 111.952 54.6272 0.136768 0.0155069 14.4816 65.8331 24.1612 52.9285 
448.448 357.076 1.39918 352.08 220.197 0 658.205 203.326 352.996 714.977 271.395 23.4216 264.435 5.03858 19.2482 1.67526 374.412 123.853 13.9518 18.861 26.9537 20.086 1.70122 4.43415 321.335 23.4173 19.8275 5.74273 
20.2832 522.849 110.972 120.571 2.47624 355.329 0 2.25471 41.079 5.46444 464.189 284.163 155.801 19.5723 0.339055 93.2948 0.885941 147.827 57.8911 10.5146 14.2292 62.7316 53.9041 42.7174 58.2045 91.7429 43.4544 5.622 
6.27205 53.1562 8.63931 342.442 53.4029 135.581 409.638 0 4.64213 120.308 154.733 1028.6 82.3141 35.9009 136.332 1.36233 96.454 0.968942 69.7096 46.1175 153.232 15.3763 14.8018 48.913 7.98554 42.9404 88.5691 33.1607 
543.69 496.716 2.47165 329.974 171.515 354.756 1303.49 2.93564 0 159.8 1430.02 40.9017 135.583 83.0604 33.2219 5.12224 339.009 122.144 5.01294 30.88 0.761531 50.4268 19.4115 48.0506 349.095 79.5946 76.8016 97.7319 
35.4147 10.2809 12.1128 101.475 6.73874 67.4909 213.649 110.611 349.462 0 30.9159 78.8672 314.136 14.6128 128.615 66.505 0.024318 117.736 4.44233 9.57493 78.7483 0.0681372 40.8937 60.4792 71.3032 11.4806 29.568 55.326 
5.22162 43.8305 111.574 153.904 220.53 29.8177 93.2289 267.011 642.678 2.94063 0 149.039 250.411 1.70877 317.672 228.693 13.3964 169.824 15.033 10.3353 88.3739 47.2062 4.45659 113.906 92.2916 148.792 57.5412 110.224 
149.969 14.8665 134.112 259.55 45.4257 157.943 224.495 514.839 45.772 33.6424 67.3203 0 134.91 90.4641 127.375 1.24567 85.7789 136.058 98.2009 80.9227 44.0088 0.83406 126.651 97.1883 35.2248 232.763 120.59 131.753 
8.94449 1.19667 22.7869 26.9603 146.505 77.8687 191.704 4.71627 2.22197 331.223 195.025 89.6203 0 35.3064 64.5674 8.85942 64.6424 65.6045 9.16998 32.8473 73.2913 53.9065 36.5933 0.231643 25.0585 8.942 31.5222 44.7368 
3.39562 71.1772 10.758 2.59476 0.0556379 15.6185 14.1788 4.67411 35.0218 32.0037 1.37178 59.1242 152.138 0 0.00323084 4.4519 2.66398 14.4161 9.42618 3.47692 30.3453 10.3834 9.63804 4.28142 12.7314 12.5604 1.86734 9.24755 
39.3051 60.1614 26.0175 0.374375 2.91111 14.5952 58.1433 5.75671 176.523 2.1079 245.231 271.674 119.025 38.4717 0 8.62174 29.9651 55.5494 38.5255 0.473133 0.0041923 8.30061 0.037079 1.17023 14.2735 20.3867 16.398 4.7021 
8.09619 81.5344 24.7034 16.2299 74.5457 21.3149 75.4125 0.200025 139.205 89.3327 96.4003 257.12 73.4486 11.4103 89.6074 0 20.5575 61.3149 0.0807333 9.21106 25.6652 0.536204 11.5429 12.0695 28.2977 10.5795 16.7874 21.3703 
355.316 351.79 44.251 368.834 67.6721 369.073 106.107 0.299341 418.737 35.3144 75.853 84.0802 11.5345 21.2652 4.67036 15.6308 0 135.117 136.427 28.3638 31.6799 0.407502 5.43064 14.4674 346.931 15.0127 0.00673041 0.210828 
169.604 405.201 132.48 138.803 39.7721 82.3741 234.428 139.966 85.1033 110.782 6.0845 107.839 35.9805 3.87351 8.90492 7.20939 264.93 0 102.917 0.166722 90.1183 13.4114 16.4428 35.7221 5.43828 46.5333 0.454883 0.701731 
1.55867 78.362 5.30721 41.6509 100.717 82.6136 142.115 116.067 12.8389 0.388311 5.78989 9.2769 39.7885 25.254 2.99911 17.9227 30.583 2.08139 0 34.583 11.0558 1.48676 12.0013 23.9578 6.01899 1.81515 21.7736 22.1259 
122.301 116.163 26.0999 47.7484 71.6663 14.1067 3.17184 102.949 65.7095 16.4015 0.565761 73.042 31.4751 4.69497 2.91485e-05 1.0016 16.9589 7.12074 26.1223 0 117.617 0.0153853 0.509665 2.39949 0.962902 11.943 3.53347 2.95083 
229.33 4.25967 70.057 26.9716 41.7864 1.55557 83.4938 13.0649 140.321 95.4409 103.665 126.747 59.886 36.7561 38.3441 37.754 2.99063 9.60899 0.505935 308.466 0 5.49974 1.2361 27.8364 53.8423 12.558 42.4423 46.8638 
22.0783 33.6983 11.1926 4.43391 0.211086 10.6873 1.73584 8.12178 1.04159 34.6929 0.0368267 8.97886 63.4506 7.53207 15.4068 11.667 19.3942 8.90357 2.91676 3.39324 0.547725 0 13.2027 7.3758 7.95926 3.72959 0.0772762 0.00362644 
25.5535 0.329991 2.35336 16.2775 23.056 0.665032 31.8029 97.879 56.7283 14.7297 56.1825 96.3666 0.666704 8.82043 0.0988784 1.09443 13.644 4.53453 16.5438 3.96687 35.4841 0.764451 0 20.1933 13.2589 10.3489 10.026 10.1407 
15.6284 46.2361 14.1636 15.18 20.6407 13.323 0.988802 49.161 10.98 34.0417 122.724 108.106 23.4419 8.68461 18.5354 0.331243 2.3199 33.4442 0.790496 0.690117 3.06047 6.45453 13.7468 0 0.720463 3.84431 11.4545 7.81317 
358.729 319.684 4.3268 334.713 21.1418 319.666 22.6284 174.245 440.505 59.0899 62.456 288.39 54.6491 6.09618 29.5962 7.86143 346.913 51.6128 0.682843 10.3096 4.00816 72.6509 10.8093 48.3439 0 32.6036 167.204 133.655 
40.5213 13.3984 15.5511 44.6516 0.39345 1.78233 22.8556 220.78 79.4928 71.793 0.160466 287.537 9.46376 5.25843 17.376 18.1292 27.1696 37.2061 10.6425 7.72141 8.53319 9.79908 10.3056 2.73509 10.5665 0 29.9691 33.7386 
45.0699 41.0607 2.43129 11.4652 6.08041 3.5056 26.068 11.1522 57.9403 47.6811 73.3865 69.6991 36.0664 2.4755 18.8837 5.3282 2.28288 15.456 0.500669 10.9514 40.8278 5.93513 8.07968 11.0867 25.0465 14.0887 0 88.9617 
10.7089 26.8419 19.5443 0.68828 40.4446 4.82723 67.491 41.7114 99.4277 56.4079 44.5028 7.71528 3.71258 11.9153 0.0483139 22.4656 0.0691308 6.88079 24.2484 9.29681 4.02301 10.3419 0.11254 14.4128 9.03771 63.6095 37.3942 0 
