0 547.078 124.682 391.429 258.587 170.414 0.257913 60.0378 45.7131 156.261 90.9926 27.7213 106.444 13.2438 14.0411 78.9914 151.735 155.535 0.437074 147.624 226.564 33.7872 6.97443 57.6445 52.2679 41.9746 36.3888 57.4263 
255.752 0 55.9944 72.8884 387.892 273.284 69.1821 250.872 247.897 233.096 261.214 0.0524206 13.1338 62.97 81.0524 61.9573 178.547 186.303 61.8618 1.60343 14.7915 50.7129 0.0176888 58.5807 96.9477 82.8608 8.66214 6.35235 
141.544 468.103 0 240.028 141.985 63.5752 6.00663 9.50689 456.04 83.9846 197.969 24.8249 6.39487 12.676 0.052644 0.192352 26.9274 133.125 29.5224 27.5562 29.2189 3.47701 2.23786 5.36859 0.326958 6.52162 17.8431 17.8939 
53.1013 71.2193 155.369 0 38.8209 86.9027 203.219 534.499 374.154 29.4478 16.4838 106.496 7.98397 19.016 38.2644 41.664 46.7313 100.24 52.3234 8.53916 647.418 0.0171187 14.3649 25.9714 45.6673 17.7726 26.136 2.87335 
254.119 168.602 31.2154 4.56857 0 1.86515 34.1795 1.99699 50.9393 4.29386 223.883 174.488 25.2299 53.7428 8.56443 0.21732 0.0193762 157.865 268.015 79.2009 117.624 55.5835 0.563517 0.244146 11.673 67.6955 22.3213 54.1472 
177.897 118.552 5.65271 70.6493 83.3686 0 977.506 187.12 45.9787 168.268 255.528 35.5754 58.7724 3.62638 14.9591 0.764494 99.1351 122.132 21.9063 17.3486 22.414 19.6905 1.13253 3.54466 46.9119 21.8591 19.5542 6.82721 
5.90711 473.569 158.935 91.437 6.64758 903.174 0 3.55749 557.094 66.1862 486.84 282.974 132.089 26.7436 3.77034 98.1395 2.65844 123.032 72.6159 15.7348 8.81193 62.1791 57.8686 38.2555 51.7648 86.8958 45.9115 8.07743 
0.0358247 82.7534 7.41766e-05 396.745 71.5861 161.973 403.584 0 68.7399 97.3537 206.159 863.852 72.2603 25.9731 115.187 3.01598 98.0649 0.000156847 76.5395 55.542 136.19 12.8644 9.87361 36.3511 20.2711 18.5845 92.3908 43.8865 
246.427 290.863 25.1304 90.7955 222.603 45.8293 912.438 61.9507 0 227.933 608.26 83.5716 153.209 68.5303 52.7239 0.939327 70.7744 141.355 1.54943 24.0296 0.0505131 53.3382 25.7113 40.9828 67.0858 92.8891 75.1132 99.0607 
47.4226 1.59779 21.0578 105.001 0.307761 246.573 92.2273 133.483 300.19 0 141.485 105.78 273.351 8.86762 119.428 74.2971 0.504073 126.083 1.28511 7.1174 74.1302 0.590557 36.7073 60.1392 70.3623 16.1369 27.4317 53.9477 
1.27211 67.4339 148.776 173.481 198.482 64.4235 30.7663 310.099 439.471 69.7786 0 69.5599 254.079 0.902622 214.115 223.736 10.2674 171.009 21.0254 7.22581 97.6308 43.0252 10.2745 105.493 105.159 158.463 53.0223 109.63 
170.45 26.5684 153.383 255.806 34.4759 154.032 249.038 160.661 15.1578 16.9524 146.054 0 125.947 110.113 176.495 73.1146 84.4068 129.869 96.3635 75.8679 33.7752 0.209956 126.885 72.4945 44.352 328.635 120.652 113.215 
5.6512 4.12393 27.7963 31.5128 132.868 87.6892 206.016 8.87911 0.0209526 313.34 168.442 78.0018 0 14.6055 50.0399 14.1937 64.6594 59.8318 6.17602 31.0669 71.5711 45.2557 46.4154 1.3176 28.1308 6.73689 30.3108 44.9403 
2.11565 71.2743 11.9654 3.67062 0.583497 17.1634 8.76738 9.99952 23.0947 24.1485 11.5645 78.9012 137.992 0 7.45097 1.84712 2.14639 16.7558 8.22491 3.28827 28.4052 9.93656 9.27211 2.89384 11.5816 12.0747 2.2807 8.63669 
43.8216 67.2904 28.6795 0.00740605 5.92652 10.5963 42.5774 16.1733 148.689 9.01809 136.383 254.41 115.845 56.4918 0 37.1775 29.7366 58.4461 38.4993 0.725118 0.211091 9.47346 0.324964 3.19615 11.438 17.1249 17.1729 6.08278 
4.78725 78.8141 24.8556 11.9307 73.5388 23.0632 83.1678 11.0979 146.789 85.5151 62.0274 412.25 78.1062 7.8298 78.4545 0 19.6707 60.6239 0.296486 9.41652 22.0187 0.88073 12.1947 6.26027 24.6801 6.29068 15.99 20.2817 
88.8255 90.2639 47.3543 92.5697 81.9514 97.9636 103.011 0.000841731 140.474 40.3748 71.8579 82.3026 9.32654 20.9193 3.79178 14.5906 0 184.344 460.148 26.9875 34.7243 0.245008 6.00768 15.1189 73.2481 16.0688 0.0472974 0.383741 
192.488 407.418 146.844 130.965 22.7074 71.2795 231.401 128.175 66.456 100.764 11.2668 99.0796 30.5362 5.31242 6.50031 5.26152 283.913 0 89.8623 0.0811442 83.3461 12.0475 14.7013 33.8851 7.13938 43.7771 0.198543 1.26084 
0.185856 96.2545 8.43194 45.7226 154.422 76.0942 132.122 116.584 20.5423 2.56909 9.89781 12.5363 34.5733 24.5015 4.20206 19.3325 77.0206 6.44764 0 35.4001 13.6349 1.96593 12.9166 23.9523 5.0526 1.23476 22.2219 21.37 
166.589 127.888 24.6455 46.0379 77.911 12.3778 1.01895 96.1384 73.1782 13.3476 0.0389557 78.3636 29.6281 4.74686 0.0264166 1.35489 18.7228 11.0563 24.2381 0 219.877 0.00194732 0.409232 2.12901 1.33731 11.7782 3.17175 2.53724 
211.61 10.2511 83.5805 64.8125 34.1523 0.484653 93.2761 5.54948 152.664 93.0325 112.208 136.758 62.6501 38.2723 35.4446 41.3878 1.87044 13.9389 1.23707 331.779 0 4.77746 1.85968 30.0317 51.7369 9.8223 41.7296 45.5255 
23.5696 31.5552 11.5036 5.02413 0.664819 11.8451 0.822639 6.22063 0.389967 30.7313 0.0807985 11.7042 55.1992 8.32814 14.5817 11.3987 19.752 10.1454 3.55219 3.59445 0.831452 0 14.2738 8.57623 8.38867 3.28857 0.0192832 0.0311468 
27.7725 0.0347044 2.96739 15.4044 20.2675 1.12306 36.5229 94.3356 64.2049 11.1594 69.1415 105.811 3.3878 9.65594 1.14552 0.374595 14.2056 3.49313 17.3555 3.90147 34.3978 0.171643 0 20.5629 15.7899 10.3984 10.6829 10.0893 
18.6053 49.0529 14.6963 13.2816 18.005 12.3534 0.21639 62.522 15.8065 38.1218 126.863 83.3059 18.318 7.47393 14.7214 0.351948 1.89171 35.2987 1.15538 0.875501 2.05643 7.6653 7.48093 0 3.91109 5.15661 10.0952 8.69289 
89.9323 47.1372 2.94138 57.7477 24.5065 46.6663 17.22 186.185 170.859 55.0536 76.1941 674.373 55.4116 7.37233 28.0284 6.77704 73.4076 49.622 0.361634 9.70199 2.58525 72.7679 11.2436 34.0086 0 84.0438 75.2424 44.0759 
46.2013 17.8163 13.2592 44.0805 1.22992 2.88829 29.958 198.883 92.7911 74.2477 3.35423 183.735 7.20182 4.21646 14.0372 13.2082 26.9575 34.1355 11.9354 7.0934 6.2335 10.0538 10.1234 1.73192 13.436 0 26.4088 45.9634 
43.5654 42.974 1.86113 12.8696 7.34488 4.19014 28.8509 7.45469 54.2654 47.4865 76.5517 60.4752 36.8327 2.93124 19.2972 4.29807 1.90962 16.934 0.737956 10.8785 41.6586 5.4392 8.83206 12.4219 17.0324 18.1155 0 76.0459 
8.37122 23.6387 20.3324 0.205633 38.0831 3.87446 64.9637 53.0563 98.5254 55.3939 52.3271 1.62746 2.68489 11.9665 0.0143175 21.8414 0.17963 8.34532 23.6504 9.66647 2.88909 10.4321 0.0299287 14.4603 8.22554 60.607 58.7483 0 
