0 666.755 169.746 658.422 269.051 466.659 10.598 106.907 359.794 152.482 112.158 49.4298 103.069 10.1069 9.62509 76.0396 458.484 186.962 0.166495 203.005 200.858 35.1715 9.1731 56.8514 363.54 49.3269 33.7174 59.1425 
396.916 0 7.77224 449.415 224.12 589.935 210.755 213.755 469.368 212.202 244.573 4.00173 5.90904 58.7805 87.5703 68.6309 496.01 309.122 40.5952 9.59842 27.7584 51.3567 0.40862 60.2719 410.047 80.9168 10.9348 9.12238 
182.68 409.895 0 274.356 108.266 66.6483 2.35556 0.583069 327.098 68.2991 228.165 48.0639 3.06682 11.1508 0.271631 1.03023 21.6634 109.8 23.0899 27.5039 45.6028 4.09737 3.03531 4.17834 1.15624 4.16482 17.1411 16.4706 
431.348 446.655 255.345 0 20.0223 383.88 197.61 594.604 673.547 18.6453 3.41543 158.614 4.60874 20.4756 39.2815 38.8352 355.724 117.266 56.2398 3.71251 130.863 0.115117 13.0269 24.9824 353.447 12.3869 25.2032 1.48239 
268.002 40.8468 9.64253 16.1183 0 97.5049 0.249392 0.127561 13.8881 4.16261 245.355 167.137 42.0392 48.6056 14.7295 1.39921 1.85368 187.001 298.029 85.8875 123.742 56.4655 1.5484 0.949115 8.3826 69.4777 19.942 55.4274 
484.476 479.283 14.8337 368.48 76.795 0 354.344 157.698 428.827 218.259 214.832 53.9155 38.923 2.07911 9.78109 0.101196 403.475 116.831 33.9325 15.2217 16.8899 18.9933 0.555076 2.50255 353.419 19.5834 19.0923 8.31822 
0.10878 340.487 212.869 55.0597 61.0866 605.667 0 38.5799 1271.81 218.623 459.554 270.125 99.6012 37.0463 13.4976 102.28 6.34151 90.4649 92.0736 23.7387 3.60647 60.956 62.4755 32.3909 43.2063 79.1339 48.913 11.8474 
8.00443 126.613 14.7357 519.992 97.1867 190.32 362.965 0 240.374 68.4865 270.496 390.103 59.2265 14.9421 85.7726 29.4345 99.3854 1.72158 85.0304 67.9214 112.508 9.85381 4.82704 21.9483 43.2897 1.52856 96.3387 58.9292 
517.74 678.61 164.33 469.491 282.985 426.365 109.587 229.477 0 309.112 172.718 154.076 173.434 51.2162 77.5205 0.536821 385.677 164.802 0.00398919 16.0664 2.73196 56.8816 34.7508 32.0612 365.148 108.979 72.3725 99.5557 
64.4322 1.67706 35.3585 106.901 21.3901 505.023 4.47586 161.82 217.148 0 350.825 142.011 195.817 3.36053 101.703 82.684 2.04046 135.096 0.0222347 4.39577 67.6673 2.03108 31.0611 58.8483 68.1121 23.0258 24.6032 51.6624 
0.153741 102.772 192.726 192.548 165.274 121.309 0.0132372 351.929 108.324 255.513 0 8.19627 248.588 14.8384 79.4886 201.044 6.74938 170.055 30.0023 3.94768 109.116 37.5166 21.0283 92.5119 120.164 165.431 46.9579 107.183 
193.814 46.0028 173.156 233.11 22.0181 144.6 272.267 8.07864 0.000781121 3.41049 271.166 0 112.809 133.234 231.898 276.278 82.1121 120.57 93.2143 68.5528 22.0355 0.0187729 123.949 42.7698 138.885 396.6 118.613 87.2251 
2.44667 10.4556 34.5901 37.5607 112.898 84.3876 217.072 16.1012 2.59481 255.688 130.65 62.9398 0 0.761662 32.0773 22.5583 64.2627 52.1888 3.10838 28.6208 68.9618 34.0169 59.0995 4.02266 32.1295 4.27666 28.641 44.9374 
0.887265 70.5252 13.406 5.29103 2.09582 18.929 3.53021 19.5873 10.7519 15.0035 38.1759 104.9 107.868 0 33.4629 0.0981334 1.54753 19.9436 6.73229 3.03252 25.8043 9.17461 7.05884 1.37252 9.96536 11.2127 2.8646 7.7862 
49.5064 75.8769 31.4578 0.360137 11.3053 6.07932 24.641 36.5184 108.56 24.3799 27.6659 209.465 106.735 60.2298 0 77.9418 29.283 61.7765 38.1313 1.12771 0.94531 10.9813 2.37895 7.05039 7.96944 12.7779 18.0561 8.04517 
1.72114 74.14 24.4563 7.0045 71.3486 24.9567 91.7884 47.8427 151.915 78.1482 25.5241 495.214 82.3095 3.6103 37.9351 0 18.4505 59.2312 0.778293 9.5982 17.4728 1.44482 12.4713 1.13748 19.6629 2.11571 14.7975 18.4744 
405.613 414.763 50.7653 395.897 100.246 407.76 97.7168 0.418198 440.859 47.0018 66.2965 79.5058 6.74776 20.3843 2.76619 13.22 0 240.457 392.6 25.0334 38.6855 0.0944091 6.78318 15.9362 380.283 17.4235 0.155121 0.684848 
216.347 454.15 159.202 117.099 7.1533 56.3922 219.633 111.606 44.2973 86.7742 20.1794 87.1413 23.8587 7.48551 3.88554 3.14766 283.52 0 72.178 1.40675 74.0646 10.3372 12.5093 31.387 9.65086 39.9905 0.0214078 2.22623 
0.407102 118.827 13.3753 50.5897 222.637 65.3767 116.266 115.973 32.7783 8.18271 16.7229 17.4007 27.9693 23.3794 6.0307 21.1156 149.499 15.4983 0 36.1456 17.3006 2.68149 14.0967 23.8372 3.89706 0.640248 22.7482 20.3232 
210.112 138.198 22.1478 42.0168 84.857 10.1214 3.38882e-05 85.8085 82.2495 9.70829 0.277745 84.4872 27.1143 4.78832 0.145108 1.88048 20.9932 17.2529 21.673 0 317.516 0.0036183 0.293232 1.789 1.90603 11.4651 2.71806 2.03259 
180.274 21.6074 99.7044 23.7783 24.9948 0.000696681 105.387 0.472151 166.433 89.102 122.405 148.14 65.9852 40.0538 31.5647 45.9083 0.795491 20.6073 2.66127 269.621 0 3.89992 2.85206 32.8125 48.6452 6.68045 40.6378 43.5465 
25.4853 28.6993 11.8559 5.82444 1.63001 13.3221 0.135413 4.0898 0.0112068 25.5692 0.817018 15.6886 43.9276 9.24716 13.3521 10.9265 20.1646 11.8459 4.45802 3.85436 1.28722 0 15.0957 10.0697 8.89262 2.73796 0.00183881 0.107431 
30.6061 0.102775 3.8384 14.153 16.7576 1.88262 42.6589 88.2926 73.4972 7.10887 85.8389 115.917 9.87264 8.80738 4.06632 0.00103682 14.9077 2.32464 18.3586 3.79958 32.8401 0.0374824 0 15.7116 18.8299 10.3155 11.46 9.9435 
22.6792 52.4045 15.2246 10.8125 14.7197 11.0196 0.0517644 80.2657 23.1239 43.2083 129.116 52.3111 12.2975 5.64116 9.71632 4.27663 1.39324 37.5964 1.72862 1.14439 1.0364 9.21235 1.21944 0 11.2549 7.01241 8.31239 9.80516 
403.268 356.613 1.50135 361.034 29.0441 355.033 11.0637 193.332 480.751 49.2296 93.87 853.071 55.9067 9.06623 25.3676 53.5086 380.673 46.7711 0.0939145 8.86981 1.18233 18.8575 12.0671 33.3081 0 5.77694 42.5814 147.134 
53.3934 24.2298 10.3004 42.0886 2.99855 4.67127 39.9701 158.749 108.891 76.0781 13.4032 59.4926 4.65841 2.95707 9.80584 7.28935 26.5598 30.086 13.6592 6.25722 3.72918 10.3325 9.74684 0.740081 17.8456 0 21.2798 58.2921 
41.4052 45.3042 1.2219 14.7138 9.13865 5.14846 32.4954 3.68431 49.256 46.9369 80.074 48.4743 37.6855 3.56161 19.6727 3.07799 1.4687 18.8996 1.11373 10.7423 42.5794 4.80169 9.77032 14.0748 8.42138 23.4003 0 50.4013 
5.69678 19.6006 21.1668 0.00159162 34.8909 2.76155 61.1099 68.4783 96.1293 53.5549 62.5933 0.497642 1.58199 11.909 0.315036 20.5687 0.400659 10.4221 22.7918 10.1064 1.67875 10.5098 0.00156275 14.3581 7.67209 50.0151 82.0661 0 
