0 444.063 178.553 465.591 269.284 290.416 15.1011 118.867 189.908 151.04 117.033 55.1618 102.103 9.42116 8.69502 75.1419 285.028 193.512 0.432061 226.45 193.534 35.4746 9.71928 56.5785 191.499 51.0035 33.0782 59.4657 
201.281 0 26.8332 296.322 185.842 415.445 248.99 204.012 278.065 205.813 239.34 5.81102 4.61571 57.7055 88.8681 70.0629 324.769 423.292 36.0605 12.3642 31.265 51.4611 0.573086 60.5837 238.259 80.2832 11.4938 9.82924 
190.119 369.791 0 242.352 99.917 66.6417 6.05154 2.76547 285.212 64.4519 232.827 54.2394 2.45655 10.7762 0.483796 1.31746 20.4605 103.815 21.6282 27.3649 49.6848 4.24604 3.23353 3.9138 1.4197 3.67639 16.9609 16.119 
282.994 293.425 316.292 0 16.3917 208.391 194.308 210.564 492.537 16.3989 1.75094 170.413 3.94469 20.7776 39.3855 37.9725 183.146 120.819 57.0362 2.84654 440.175 0.150408 12.7027 24.6918 180.626 11.2112 24.9556 1.22034 
269.064 22.4184 6.2823 19.7241 0 130.878 0.587639 0.593491 8.45146 8.95549 249.144 165.004 46.3987 47.3493 16.3654 1.82011 2.92275 193.094 300.462 87.2152 124.945 56.6104 1.84644 1.17887 7.68159 69.7841 19.3925 55.6741 
310.469 318.857 17.4408 193.406 212.856 0 155.222 149.815 289.49 658.156 202.794 58.4849 239.904 1.77289 8.67832 0.035178 229.594 115.123 36.9129 14.7074 15.6802 18.8025 0.448611 2.28107 180.208 19.0204 18.9678 8.67588 
0.951475 302.912 222.682 47.333 80.5459 425.922 0 51.6291 1306.52 259.562 444.413 265.385 92.0413 39.555 16.5459 102.868 7.41429 83.0748 96.5399 25.768 2.71249 60.5909 63.4453 31.0303 41.212 77.1205 49.5759 12.8115 
12.4233 137.296 22.1857 491.246 103.33 195.602 348.812 0 288.548 62.1257 284.257 279.102 56.2379 12.7427 78.8986 39.0654 99.5638 2.6049 86.9233 70.7708 106.868 9.19882 3.89355 19.0034 49.5757 0.256729 97.08 62.535 
335.732 521.53 207.138 315.674 295.209 286.649 22.4738 277.281 0 325.106 380.939 171.96 177.584 47.544 51.5852 1.27464 214.459 169.886 0.135998 14.3954 3.93651 57.6619 36.9616 30.0574 190.242 112.432 71.6498 99.4676 
68.5367 3.57051 39.0102 106.891 30.7834 527.298 0.0890998 167.993 196.363 0 400.176 150.347 175.719 2.43666 96.8389 84.2937 2.54393 136.859 0.201374 3.84652 66.1007 2.48723 29.7328 58.4125 67.4272 24.7382 23.9402 51.0544 
0.557651 111.489 201.528 195.749 157.043 135.449 2.10008 358.801 43.3774 306.263 0 2.39164 245.668 20.3483 54.6734 193.44 6.02607 169.427 32.2602 3.31736 111.669 36.2327 23.9895 89.2249 123.286 166.074 45.527 106.348 
198.57 51.1149 176.698 225.227 19.4531 141.75 276.039 42.3166 0.773466 1.71434 301.099 0 109.553 137.996 242.185 326.83 81.4975 118.223 92.3624 66.7493 19.5991 0.0761305 122.749 36.5863 122.193 399.522 117.798 81.087 
1.88471 12.319 36.1948 38.9736 107.994 72.0083 218.307 18.0573 4.07207 238.033 121.655 59.4931 0 0.0292443 28.2237 24.6934 64.1024 50.4024 2.53694 28.0333 68.2965 31.4701 61.9409 4.85326 33.0533 3.7758 28.2383 44.8929 
0.674958 70.2094 13.7145 5.69972 2.57923 19.2926 2.63224 22.2042 8.48627 13.1087 46.1682 110.752 99.5717 0 40.1424 0.00413169 1.42078 20.7049 6.39827 2.97158 25.1895 8.97089 6.34806 1.08496 9.57569 10.9781 3.0073 7.58091 
50.7841 77.73 31.9748 0.576818 12.776 5.17234 20.9988 42.1759 99.1289 28.8217 13.231 196.223 103.883 57.2837 0 84.0442 29.1524 62.4737 37.9917 1.23307 1.19114 11.3251 3.10442 8.10108 7.21697 11.7817 18.2397 8.52314 
1.22171 72.8813 24.2674 6.00359 70.7002 25.3269 93.5113 59.3747 152.292 76.0873 18.9882 487.094 82.9602 2.79682 27.8545 0 18.1568 58.8286 0.922704 9.62614 16.4572 1.59378 12.4385 0.511287 18.4923 1.43784 14.4973 17.9979 
234.759 245.846 51.4452 221.825 104.358 235.138 96.2913 0.646473 266.052 48.5365 64.9505 78.779 6.19878 20.2464 2.54768 12.8995 0 251.101 42.3351 24.555 39.6031 0.0693658 6.96731 16.121 207.122 17.7345 0.189173 0.767221 
220.726 474.713 160.907 113.363 4.74195 52.9332 215.693 107.605 39.5969 83.412 22.5824 84.302 22.3833 8.03763 3.3658 2.72785 279.264 0 68.0394 1.94619 71.8476 9.95076 12.0131 30.7904 10.2811 39.082 0.00584092 2.48896 
0.786806 123.809 14.6492 51.6368 236.772 62.5986 112.198 115.622 35.9393 9.91714 18.5349 18.6271 26.4772 23.0963 6.49628 21.5199 163.799 18.1107 0 36.2658 18.1997 2.86254 14.3686 23.7928 3.6458 0.528772 22.8611 20.0699 
216.614 139.687 21.482 40.8209 86.2523 9.60215 0.0591377 83.2061 84.2244 8.92432 0.484087 85.7649 26.5144 4.79367 0.186365 2.01262 21.514 18.8504 21.0622 0 327.769 0.00713643 0.268723 1.71217 2.05098 11.3766 2.61555 1.92111 
171.934 24.7805 103.093 16.0691 23.0132 0.0380898 108.069 0.0874073 169.207 88.0638 124.603 150.483 66.7152 40.4352 30.6502 46.9167 0.609027 22.3141 3.06822 243.14 0 3.70622 3.11177 33.444 47.8728 6.02357 40.3575 43.0491 
25.9257 28.0264 11.9291 6.01533 1.91474 13.6583 0.0585096 3.65245 0.000233431 24.3798 1.09817 16.6814 41.2824 9.43804 13.0436 10.7975 20.2517 12.2544 4.68111 3.91443 1.40727 0 15.1853 10.3991 9.00062 2.61417 0.00727452 0.131753 
31.2531 0.192488 4.05103 13.8454 15.9655 2.08443 44.0703 86.6721 75.5566 6.27648 89.5976 117.856 11.8176 8.31862 4.96064 0.010779 15.066 2.08424 18.5825 3.77319 32.4553 0.11243 0 13.9589 19.4715 10.2723 11.6265 9.89689 
23.6525 53.1275 15.3192 10.2457 13.9831 10.7002 0.151396 84.3457 24.9744 44.341 129.115 45.6602 11.0262 5.19559 8.60624 5.72481 1.28708 38.1102 1.87766 1.21119 0.847063 9.5606 0.474344 0 13.3472 7.45946 7.9007 10.0562 
231.549 184.172 1.23041 187.104 30.1189 182.251 9.79477 193.541 307.851 47.7979 97.8517 438.251 55.9397 9.45946 24.6607 58.5208 207.565 46.0684 0.0563999 8.67048 0.931377 32.7777 12.3006 35.5195 0 29.3309 73.3188 106.916 
55.0121 25.8134 9.62867 41.432 3.51801 5.13684 42.3858 148.118 112.348 76.2734 16.6319 38.284 4.13684 2.68522 8.87118 6.07861 26.4476 29.1405 14.0654 6.06087 3.23096 10.3885 9.63742 0.565587 18.9501 0 20.0422 60.2406 
40.8715 45.8183 1.0907 15.1429 9.57907 5.38158 33.343 2.98647 48.0604 46.7612 80.7901 45.7252 37.8598 3.71363 19.7328 2.81661 1.37356 19.3629 1.21198 10.704 42.7669 4.6551 9.98015 14.4405 6.83195 24.5989 0 43.8451 
5.13879 18.6879 21.328 0.0240557 34.132 2.52509 60.1281 72.1014 95.3777 53.0455 64.9642 1.36204 1.36487 11.8755 0.440615 20.2029 0.464621 10.9316 22.5794 10.2017 1.44171 10.5214 0.00794348 14.3077 7.65872 46.7085 85.9172 0 
