0 396.229 180.329 423.701 269.224 252.464 16.1626 121.462 153.42 150.704 118.071 56.4172 101.888 9.27675 8.50106 74.9397 247.687 194.869 0.505069 231.427 191.909 35.5386 9.83783 56.5158 154.478 51.36 32.9405 59.5312 
160.202 0 32.3235 263.464 177.838 377.718 257.252 201.883 237.048 204.377 238.157 6.24143 4.3586 57.4709 89.1344 70.3628 287.887 350.851 35.1139 12.998 32.0384 51.4812 0.611909 60.6464 201.284 80.1389 11.6149 9.98347 
191.582 360.256 0 233.974 98.1206 66.6042 7.06084 3.44146 275.969 63.6226 233.697 55.5923 2.33438 10.6951 0.537036 1.38331 20.2046 102.515 21.3178 27.3289 50.568 4.27807 3.27654 3.85787 1.47949 3.57511 16.9214 16.0428 
251.308 260.546 332.965 0 15.6555 170.63 193.508 324.812 453.31 15.9329 1.4653 172.898 3.8087 20.8402 39.4011 37.7785 146.01 121.556 57.2007 2.67492 123.725 0.158577 12.6327 24.6267 143.441 10.9643 24.9011 1.16737 
269.182 19.1505 5.6521 20.5377 0 137.144 1.0767 0.737678 7.45712 10.2119 249.892 164.527 47.3513 47.0777 16.7248 1.91738 3.1828 194.359 300.746 87.4874 125.191 56.6385 1.91359 1.23127 7.53482 69.8442 19.275 55.7243 
272.985 284.295 18.0175 155.743 6.20241 0 380.146 148.087 260.048 529.538 200.118 59.4746 37.1188 1.7102 8.44835 0.0254653 192.168 114.736 37.5569 14.5965 15.4253 18.7602 0.42723 2.23475 142.935 18.8984 18.9404 8.75291 
1.24003 294.721 224.612 45.7301 84.9886 388.395 0 54.6378 1305.07 268.355 440.777 264.288 90.4313 40.0958 17.2346 102.975 7.65422 81.5091 97.4902 26.2099 2.53713 60.5088 63.6475 30.7397 40.7858 76.6803 49.7161 13.022 
13.4907 139.594 23.9626 483.218 104.65 196.659 345.579 0 299.027 60.7873 287.12 256.757 55.6013 12.2915 77.4335 41.2762 99.5956 2.81759 87.3239 71.378 105.658 9.06091 3.70605 18.3957 50.96 0.122612 97.2297 63.3102 
296.553 487.531 216.494 282.617 297.712 257.141 12.1898 287.713 0 328.338 951.322 175.829 178.441 46.7779 48.812 1.47318 177.613 170.952 0.188578 14.0475 4.22255 57.8266 37.4393 29.6327 152.62 113.154 71.4908 99.4387 
69.4208 4.06698 39.8042 106.867 32.9956 529.253 0.00840049 169.288 191.897 0 410.435 152.118 171.381 2.25735 95.768 84.6201 2.65884 137.218 0.263102 3.7332 65.7623 2.59073 29.4481 58.3128 67.2728 25.1095 23.7981 50.9207 
0.676846 113.37 203.323 196.369 155.263 138.486 3.00843 360.118 33.6611 317.169 0 1.59661 244.964 21.6307 49.8593 191.712 5.87601 169.273 32.7511 3.18918 112.209 35.958 24.644 88.5102 123.934 166.162 45.2201 106.156 
199.551 52.2349 177.4 223.425 18.922 141.11 276.761 53.0029 1.15273 1.42561 307.453 0 108.848 138.979 244.227 337.288 81.362 117.713 92.1742 66.3588 19.093 0.0934327 122.467 35.3083 118.671 399.461 117.607 79.775 
1.77371 12.7365 36.5389 39.2761 106.934 68.9077 218.504 18.489 4.43103 234.1 119.729 58.7597 0 0.000419441 27.42 25.1584 64.0647 50.0198 2.42183 27.9067 68.1513 30.9302 62.541 5.04057 33.2505 3.67221 28.1514 44.8813 
0.633202 70.1349 13.7791 5.78857 2.68912 19.3679 2.45649 22.7816 8.03337 12.7165 47.9537 111.988 97.7547 0 41.5269 0.000118147 1.39426 20.8687 6.32746 2.95846 25.0575 8.92611 6.1901 1.02719 9.49183 10.9263 3.03816 7.53665 
51.0549 78.1187 32.0785 0.629767 13.101 4.98618 20.2497 43.4265 97.1223 29.8086 10.7983 193.285 103.239 56.4817 0 85.083 29.1232 62.619 37.9591 1.25619 1.24742 11.3982 3.27071 8.33194 7.05917 11.5701 18.2779 8.62634 
1.12563 72.6039 24.2223 5.79748 70.5548 25.4024 93.865 61.9619 152.331 75.6303 17.7016 483.973 83.0827 2.63363 25.797 0 18.0934 58.7386 0.955202 9.63141 16.242 1.62649 12.4267 0.408629 18.243 1.30882 14.432 17.8934 
197.987 209.494 51.5848 184.362 105.228 197.981 95.9771 0.701781 228.428 48.8644 64.6601 78.6198 6.08385 20.2162 2.50194 12.8308 0 253.23 115.211 24.4516 39.7991 0.0645009 7.00691 16.1603 169.855 17.8009 0.196903 0.785461 
221.6 478.261 161.211 112.541 4.28827 52.1954 214.794 106.742 38.6168 82.6889 23.1123 83.6916 22.0715 8.15805 3.25907 2.64163 278.154 0 67.1549 2.07291 71.3707 9.86858 11.9076 30.6621 10.4181 38.8863 0.00377524 2.54708 
0.884217 124.858 14.9275 51.8564 239.67 61.9926 111.311 115.536 36.6301 10.3086 18.9333 18.8939 26.1603 23.0346 6.59781 21.6059 166.624 18.6934 0 36.2889 18.3945 2.90203 14.4266 23.7825 3.59294 0.506247 22.8848 20.0152 
217.796 139.959 21.3357 40.5533 86.5393 9.49148 0.0864545 82.6406 84.6396 8.75976 0.535647 86.0306 26.3853 4.7946 0.195864 2.04136 21.6251 19.1994 20.9308 0 329.215 0.00804411 0.263601 1.69585 2.08259 11.3568 2.59375 1.89756 
170.108 25.4843 103.797 15.3875 22.5969 0.0535111 108.635 0.0448254 169.777 87.8357 125.064 150.969 66.8692 40.5151 30.4541 47.1302 0.572297 22.6869 3.15903 237.069 0 3.6653 3.16876 33.5783 47.705 5.8868 40.2963 42.9409 
26.0198 27.882 11.9443 6.05642 1.97863 13.7298 0.0461567 3.5618 0.0017028 24.1261 1.16374 16.8969 40.7171 9.47768 12.9766 10.769 20.27 12.3425 4.72946 3.92727 1.43367 0 15.1993 10.4685 9.02329 2.58791 0.00890676 0.137282 
31.391 0.215336 4.09699 13.7788 15.7971 2.12881 44.3712 86.3151 75.9916 6.10408 90.3933 118.249 12.2538 8.20188 5.16109 0.0176751 15.0997 2.03435 18.63 3.76741 32.3718 0.133683 0 13.5655 19.6049 10.2619 11.6615 9.88629 
23.862 53.2794 15.3381 10.125 13.8269 10.6315 0.179515 85.2133 25.3772 44.5806 129.089 44.2735 10.761 5.09998 8.37319 6.0561 1.26485 38.2191 1.91031 1.2257 0.808937 9.63437 0.35855 0 13.8087 7.55563 7.81286 10.1095 
194.59 147.067 1.17569 149.678 30.3498 145.069 9.5316 193.513 270.62 47.4882 98.6947 299.204 55.9427 9.54339 24.5055 58.9402 170.31 45.916 0.0495982 8.62758 0.881451 36.8945 12.3527 36.048 0 36.018 89.4323 94.5537 
55.3551 26.1563 9.48598 41.2824 3.63441 5.23883 42.906 145.801 113.071 76.3037 17.3641 34.2775 4.02875 2.62821 8.6744 5.8302 26.4226 28.9381 14.1526 6.01879 3.12862 10.4 9.61296 0.531125 19.1894 0 19.7762 60.6042 
40.7558 45.927 1.0635 15.2347 9.67446 5.43195 33.5245 2.84614 47.8033 46.7212 80.9381 45.1401 37.8959 3.74641 19.7444 2.76186 1.35355 19.4624 1.23353 10.6955 42.8057 4.62381 10.0246 14.5178 6.51509 24.8528 0 42.4426 
5.02259 18.4941 21.3608 0.0323203 33.9688 2.47563 59.9139 72.8766 95.2074 52.9325 65.4701 1.60233 1.32034 11.8673 0.470206 20.1213 0.47893 11.0418 22.5333 10.2217 1.39319 10.5235 0.00995105 14.2956 7.66251 45.9694 86.6427 0 
