0 998.489 92.4879 755.444 136.303 495.307 32.9113 108.832 567.309 3.31669 9.91074 149.276 84.5514 15.7091 61.693 0.00310107 518.265 235.032 115.845 183.444 63.8803 10.792 0.844612 41.3257 488.43 8.02256 0.0444843 6.85862 
823.256 0 383.362 442.625 164.7 564.294 519.892 220.171 820.208 129.202 79.0317 68.3544 78.7481 9.75639 64.7679 16.6097 566.929 956.512 23.1936 74.765 140.072 22.1708 52.3605 23.3672 420.517 55.489 52.7223 32.6098 
75.3845 19.5836 0 287.81 21.6958 64.13 175.757 211.825 442.072 4.8635 3.10068 110.339 39.1263 0.0395549 33.8789 19.1346 55.3901 70.8582 20.087 6.40614 38.7926 10.1532 0.00661216 13.0461 15.544 19.3542 18.6186 20.2629 
450.898 441.054 311.614 0 17.9087 482.566 42.4715 261.336 734.441 29.4478 203.466 9.33834 69.6399 23.079 20.037 38.6899 476.004 142.776 40.6862 18.5572 234.773 12.723 12.4923 24.9386 441.225 37.6148 7.63371 17.4895 
125.832 14.258 129.663 18.1398 0 387.508 128.523 55.5215 340.718 35.0367 120.81 96.4252 36.0766 35.1075 93.5242 73.2334 1.59229 9.53021 82.5169 94.4373 10.3545 50.6965 41.7666 19.9336 53.233 70.712 47.9838 52.3516 
456.891 422.053 28.3147 472.045 1052.21 0 973.68 46.2407 774.976 8.34611 0.476622 112.879 256.052 1.46971 10.1862 2.52937 472.75 107.019 71.0316 23.6866 70.492 13.4941 14.6846 9.13024 444.091 27.4418 3.90264 19.077 
70.3854 13.2922 191.41 191.746 11.9591 892.148 0 303.43 1306.52 439.668 474.341 273.68 13.2056 58.8647 60.0402 20.0105 92.0288 230.304 12.3313 51.6654 5.59292 1.75821 36.2281 59.3752 84.3909 73.8243 51.8156 17.5755 
245.868 36.361 163.962 102.801 196.583 33.2634 119.603 0 175.286 2.00934 361.969 111.131 6.90997 0.0750594 54.3545 249.575 0.0684717 144.681 11.7163 72.3864 4.26713 3.7128 101.669 123.703 169.435 229.43 3.56186 107.376 
431.716 419.175 22.1619 547.552 74.3211 777.896 22.4721 165.334 0 31.6371 1600.88 374.886 111.787 40.0713 314.054 13.6514 428.273 190.21 4.25312 105.656 25.6638 36.3623 40.6394 69.5023 472.057 15.9689 37.5859 4.39006 
94.99 50.7855 112.973 105.001 69.522 405.419 71.5905 223.197 383.435 0 568.307 243.158 314.349 73.3679 20.7872 59.2774 19.5981 38.6365 102.522 50.0338 4.58641 59.5262 59.5902 51.8879 71.5056 58.5609 15.1465 37.2576 
63.1769 91.823 3.27362 4.66841 259.596 262.24 72.6948 368.616 859.824 510.4 0 517.701 252.957 104.6 402.85 11.0149 81.3603 170.916 109.907 34.1074 48.4625 13.4414 69.0658 49.3883 65.5819 24.0633 0.434267 96.6137 
14.4785 142.031 2.58889 136.14 173.045 9.77847 268.515 806.475 141.755 105.416 166.41 0 141.113 5.65872 154.994 427.623 69.9595 103.989 6.75556 5.3205 130.967 76.5259 119.551 168.209 116.091 370.711 4.65253 22.0957 
65.5138 136.797 1.51182 32.6577 119.769 51.5137 187.071 76.6531 10.0319 275.045 151.072 159.352 0 8.48413 78.3437 25.6259 64.3798 0.221778 70.0353 35.3601 10.9935 90.2457 1.19672 22.1429 55.3185 0.592355 37.5237 33.6418 
32.5188 0.187522 12.2447 14.7108 61.1016 19.6597 93.7309 56.3597 4.25132 57.2803 69.1764 22.4246 61.0865 0 10.1628 0.896759 16.3517 2.11984 9.47936 0.00178666 12.5269 10.5779 0.527475 5.74146 0.198291 12.6974 0.969659 9.92958 
22.6957 79.0044 2.91749 13.2134 94.5226 6.41808 0.177376 177.057 67.96 105.702 370.762 0.858855 7.28579 58.4983 0 49.1189 1.38615 60.6055 3.89529 1.51213 54.7629 17.4308 0.00804631 13.1539 2.67265 30.3801 9.4601 4.75948 
68.8112 77.3137 7.41939 32.5012 4.11529 19.9308 41.1739 237.101 127.27 4.33986 84.5747 88.9237 83.1993 6.03143 69.428 0 9.82552 0.953284 0.0739565 7.70098 45.2691 3.55108 11.2584 18.8405 28.8062 0.885799 9.53221 10.6943 
489.762 536.873 4.92209 423.234 99.0575 470.304 10.7598 97.405 526.684 2.81951 86.4238 65.9176 7.2346 17.2884 17.8869 15.1774 0 276.313 465.502 11.8596 65.7126 12.4585 15.945 19.3527 442.693 1.15006 21.6129 11.5558 
234.433 120.718 161.956 74.8282 181.688 39.9554 177.91 134.805 38.01 26.2621 15.1365 133.41 5.87014 0.28404 12.8181 56.1405 256.395 0 4.5152 67.7295 119.611 13.7132 32.2078 1.75822 8.60846 51.5885 0.714087 46.1684 
116.226 138.397 16.0579 32.7817 209.24 12.2859 157.194 76.3083 55.1611 119.59 96.0162 83.936 85.5574 25.2845 38.526 14.8576 40.7292 94.8991 0 27.4884 5.36635 3.955 4.10198 7.21414 25.7941 9.3513 13.0139 25.5029 
185.936 15.0669 16.788 48.1587 94.1295 21.093 8.6593 81.6919 0.00388157 54.2173 13.5497 82.0395 34.1124 2.08877 3.42803 7.02624 10.1301 39.9655 2.26345 0 331.02 3.83824 3.91375 0.00424207 1.78987 0.144607 5.21538 4.90174 
43.2653 147.188 2.46449 206.765 103.798 74.3497 100.252 132.14 185.843 21.978 34.1903 39.7033 63.8857 44.9435 33.3138 18.1163 10.9062 0.857049 0.127713 226.694 0 19.2959 36.9534 28.125 13.9104 0.0390425 38.9721 16.3512 
2.62846 0.522595 1.87965 3.98039 0.301738 18.8972 62.7394 0.586976 7.40223 15.3136 72.7233 59.6895 88.4169 7.05593 1.74833 7.76705 12.175 8.64143 2.27995 6.1823 32.1372 0 3.90708 0.842691 3.90184 0.530155 10.1247 0.31547 
15.6777 53.5978 0.112399 13.6449 53.9556 6.94626 57.6318 38.797 8.50886 42.4469 10.2342 121.424 39.2178 0.000524814 0.354698 1.04398 19.1431 42.5624 1.21143 2.01456 7.65657 9.22164 0 18.7133 15.2225 9.31576 12.3086 1.73811 
46.3847 38.0245 0.0356244 23.093 52.4546 16.8006 64.078 48.5047 1.3907 53.6636 115.686 161.072 0.41788 9.61994 4.25713 29.2286 0.0208387 31.3161 12.1165 4.33423 2.91892 1.33133 16.4535 0 0.618273 15.7708 15.5877 0.0121517 
452.095 447.551 25.8292 459.999 46.3024 447.051 54.5995 116.218 524.565 60.862 37.0992 285.272 27.6704 16.5768 18.814 29.886 440.887 47.9437 30.5138 13.6674 59.9595 17.7644 27.4652 77.4931 0 47.8998 85.9754 60.3324 
10.7618 59.8435 24.8448 6.41117 7.1616 1.95264 46.2156 62.0535 15.9041 63.6833 166.209 120.848 0.745282 9.68413 30.8947 4.95481 8.98662 57.8314 30.2953 2.11236 0.234317 7.89575 8.07678 10.1111 19.1946 0 37.7239 14.7507 
2.03516 22.8221 2.95079 6.26751 3.74522 19.6754 36.346 97.3588 64.2761 42.7035 56.1292 33.2486 12.6724 1.44536 5.51969 18.6499 21.9349 25.5344 21.6073 10.9413 19.6486 12.3652 10.885 6.55992 58.0021 0.319063 0 46.6561 
48.1749 62.5082 17.9917 24.4375 10.3119 16.086 55.2925 99.2443 0.137572 40.4775 11.4088 36.363 4.12392 11.7427 0.0420446 7.73518 10.5879 35.9312 26.5308 5.72363 7.46036 9.4302 9.27638 6.23832 23.5296 58.3058 84.3589 0 
