0 476.88 193.433 416.05 204.936 471.187 121.486 263.382 504.28 117.208 170.29 138.248 84.8395 2.62502 0.863805 58.134 504.701 236.63 13.9466 201.461 81.4976 38.5823 17.4598 50.4678 439.356 69.344 24.7048 60.8961 
761.575 0 469.921 723.644 47.4951 535.918 519.453 73.2396 418.543 97.4663 142.9 53.7752 2.16768 41.8295 96.7285 82.7845 560.447 1103.27 0.966208 67.5848 85.8646 51.2637 4.93126 61.6901 483.683 67.0767 19.3101 20.3713 
182.6 49.9131 0 206.67 11.7367 45.3372 153.856 138.391 37.2051 18.8563 202.686 138.828 0.628188 5.86379 7.8076 7.40304 7.26658 29.0558 6.17841 21.8881 100.436 6.20517 5.99597 1.19228 6.71113 0.077373 14.2241 11.2774 
757.094 723.244 114.209 0 2.52284 416.023 105.652 928.668 510.056 0.201514 27.3294 259.548 0.0079659 23.0983 36.3538 22.5944 424.484 145.766 62.6131 2.02684 93.6542 0.988841 8.42319 19.3911 420.204 0.961658 20.9796 0.11902 
213.652 236.062 25.8986 84.4028 0 443.043 225.765 34.0973 54.8007 181.585 251.375 126.875 108.259 30.5571 41.5237 11.4674 34.8295 235.358 190.007 95.0449 132.011 56.4146 7.66784 6.08311 1.33885 69.9476 12.7704 57.0133 
509.269 648.868 53.7218 411.801 1051.55 0 1138.43 44.7227 884.639 755.003 38.0531 117.087 496.263 0.0123709 0.209602 2.09029 448.64 81.4552 73.2695 8.11954 3.83222 15.6012 0.0858823 0.324978 412.363 11.4322 16.9006 13.321 
75.2868 2.25839 209.749 0.514205 381.721 871.182 0 293.097 278.256 478.851 114.26 163.694 15.0769 71.0314 71.7062 97.5686 26.915 11.6487 143.259 54.1236 2.45303 53.5919 71.5684 15.0828 17.9979 47.7293 56.4825 27.107 
131.399 258.219 188.901 122.798 176.903 205.509 104.503 0 657.497 5.65603 374.256 643.782 22.7135 0.109218 10.3606 204.772 97.5477 28.1891 106.703 102.068 40.3012 2.71408 0.819256 4.96113e-05 139.091 68.3529 100.126 105.975 
459.441 799.813 424.83 737.996 349.156 885.071 1153.27 659.323 0 359.054 1062.47 370.762 205.403 17.0533 258.235 34.8505 471.549 214.448 17.2417 0.920319 36.0501 65.6842 65.8532 9.10731 411.908 140.864 60.1748 91.9073 
118.938 78.8794 86.5114 92.5905 228.068 44.0258 363.525 220.407 4.80539 0 492.631 232.748 0.610412 3.68402 29.7879 90.827 13.2144 146.395 17.1123 0.0427127 45.3037 11.7295 13.8712 48.9997 54.3059 47.6976 15.7226 41.337 
26.1425 217.222 233.392 189.681 55.14 268.605 265.489 336.16 691.557 556.276 0 198.138 165.717 132.818 156.012 63.7393 0.369213 149.127 64.105 0.0927534 137.907 20.7413 70.3686 44.6884 145.776 142.466 27.7338 88.1422 
228.549 125.996 179.423 83.1709 0.499739 90.6077 264.006 1020.93 134.342 29.2196 517.808 0 65.5667 166.33 241.225 289.444 71.4084 84.5693 78.2552 42.3726 0.827768 4.05747 93.3453 0.531537 305.84 107.499 97.6335 15.8578 
1.13289 46.0412 55.55 55.8223 46.1605 55.5741 189.719 49.7506 47.7895 18.4833 24.6095 21.5126 0 64.36 0.171128 54.0418 59.9518 28.7457 0.345933 20.3149 58.2978 5.99528 88.1158 20.6822 43.9049 0.106459 22.832 42.9338 
0.502176 61.9462 16.3925 11.4874 12.5122 21.9137 2.74743 63.1413 3.39244 0.0482533 165.781 162.73 7.03507 0 32.8984 8.06305 0.273454 30.5559 2.77411 2.18142 17.3971 5.83109 0.0404029 0.46702 4.6987 7.25697 4.95883 4.8993 
64.394 94.2889 33.4842 7.2769 36.6155 0.0763891 0.313411 125.982 13.507 95.791 234.485 25.6378 53.4024 0.597248 0 10.2407 26.7405 68.3164 34.5704 2.88608 6.57436 15.127 16.5478 22.3177 0.665427 1.87757 19.7365 14.764 
2.31244 52.8371 19.1497 0.0337795 58.6008 27.276 103.719 224.417 130.905 43.2403 22.4661 6.61352 79.8001 1.9888 53.9311 0 14.2399 51.4467 3.72052 9.49792 5.74223 3.92681 9.17339 12.1593 6.82308 4.26152 10.225 10.904 
493.258 528.705 55.6656 439.991 144.854 468.504 73.3691 7.63448 473.668 66.5125 47.0098 67.4805 1.18795 18.1126 0.532697 8.91924 0 261.7 68.3195 18.0266 50.6433 0.0853857 9.36039 18.2254 437.468 21.4126 0.903403 2.18506 
229.152 289.625 141.834 57.9008 17.0307 15.1261 137.258 56.8227 1.94416 41.4654 61.0833 48.7326 7.23832 16.23 0.00581022 0.00587147 129.304 0 21.6273 15.5336 43.6673 5.56293 6.39175 23.007 19.4174 27.2257 0.648654 6.94382 
15.6006 168.063 33.0158 61.0716 286.995 25.173 56.0129 104.741 81.7556 42.6673 46.9205 36.4409 10.2376 18.9451 13.3804 26.0843 216.874 62.8872 0 35.9843 30.6027 5.56065 17.6123 22.6784 1.14363 0.040958 23.9475 16.6364 
154.94 126.684 11.6275 20.8118 95.0745 3.76715 10.138 47.4143 102.682 1.65999 7.78716 96.0091 18.7472 4.71934 1.1269 3.91067 27.5453 42.2265 13.3006 0 72.1981 0.152551 0.0487957 0.851257 4.21106 9.80814 1.45248 0.7522 
58.924 76.9671 127.034 89.1873 4.45028 5.29808 134.911 20.9455 187.033 71.645 144.867 167.85 74.1281 43.9958 19.2579 57.5009 0.402857 47.5869 10.4527 10.3523 0 1.64996 7.225 40.6024 36.8633 0.571723 36.0631 35.7976 
31.1665 19.5466 12.5366 8.50909 7.31502 17.4317 1.81457 0.231047 2.36592 10.7739 8.02258 30.7532 11.9067 10.8665 8.71676 8.65647 21.0424 17.7071 7.8218 4.64353 3.34934 0 12.9665 13.5127 10.107 1.24585 0.382466 0.644812 
38.6994 3.66167 6.8976 9.64829 7.19853 5.27776 60.1271 61.1668 95.9983 0.154573 126.272 126.167 45.5755 0.304564 18.8766 3.0402 16.8576 0.163915 21.0184 3.3627 27.0218 4.10975 0 0.956565 24.0301 9.00425 13.1553 8.92455 
36.1038 59.9704 15.5289 3.92297 5.97966 6.61272 5.76062 126.765 51.1709 55.9242 112.558 0.00525827 0.697279 0.600114 0.0806044 27.0559 0.298034 43.7057 4.21523 2.16247 0.104892 13.0852 15.1922 0 39.4479 12.8994 3.22266 12.7789 
478.147 428 0.149183 412.188 43.6621 419.345 0.300521 151.342 528.428 28.7128 137.177 791.801 53.6834 13.9167 14.1295 62.8719 438.557 36.2634 0.402019 6.07565 0.349611 76.6415 16.484 15.5739 0 86.8921 192.771 118.336 
72.0114 47.2359 2.58973 28.3122 13.1908 12.1469 72.4868 22.5592 140.842 71.1672 77.3637 171.741 0.176731 0.294476 0.681126 0.591137 24.4349 17.6222 19.1818 3.6453 0.00567007 10.7817 7.66375 0.405499 32.8211 0 5.74659 46.9743 
33.3518 51.1912 0.0668852 20.3181 15.7397 8.55366 43.6302 0.521985 32.6579 43.0744 86.0323 15.6094 39.2148 5.73087 19.5764 0.452158 0.436524 25.269 2.77924 10.0149 44.1997 2.91363 12.2101 18.082 4.25729 36.1507 0 1.69461 
0.505404 8.54968 22.1844 2.53094 24.3687 0.409926 45.677 113.468 80.3026 44.332 91.8875 44.8542 0.000557612 10.8267 3.67932 13.9077 1.66232 18.0247 19.5535 11.1345 0.000163124 10.4519 0.504567 12.856 12.7274 4.16639 62.0978 0 
