0 544.271 186.492 445.007 195.606 499.758 132.044 271.78 545.99 113.549 173.476 144.874 83.1368 2.25509 0.586253 56.4383 536.104 236.343 15.7427 203.872 72.8393 38.7665 18.121 49.793 473.681 70.4761 24.0346 60.7953 
841.996 0 455.263 757.746 72.2582 556.08 507.981 64.1533 457.739 88.4207 134.009 59.1618 3.08817 40.4567 96.6275 83.3003 592.079 1116.31 0.322907 72.7698 90.5922 51.1284 5.44494 61.5501 517.385 65.6808 19.9743 21.3056 
174.218 86.8385 0 245.88 8.01103 42.4497 167.956 153.359 64.1279 16.054 193.978 144.808 0.958484 5.49026 8.68394 8.03058 6.45162 24.4002 5.29558 21.2114 103.788 6.36318 6.2251 1.03698 7.25674 0.0210324 13.9774 10.8795 
785.666 757.75 207.274 0 4.14361 447.831 96.7489 944.196 525.354 0.0241656 32.6675 259.725 0.0649476 23.1529 35.7912 21.1971 458.341 145.897 62.6716 2.77439 19.5932 1.08495 8.08447 18.8697 454.009 0.612838 20.6086 0.211536 
204.755 275.361 31.9451 90.1719 0 426.482 252.05 38.6593 66.6022 198.926 247.914 123.177 113.16 29.2225 43.7234 12.5341 38.5376 235.468 173.744 94.9061 131.899 56.2391 8.27594 6.61752 1.05368 69.6666 12.2816 56.9759 
538.248 681.58 56.0438 444.749 1040.92 0 1106.9 37.8395 908.038 262.382 28.7908 121.225 396.264 0.0514035 0.0637319 2.46776 480.374 78.119 75.6003 7.62475 3.21387 15.2957 0.136326 0.243798 445.437 10.8335 16.7018 13.6854 
84.9675 10.0828 198.378 1.79568 397.868 786.155 0 311.498 468.426 456.691 90.2954 153.701 11.4506 73.2687 76.6697 96.1828 28.8433 8.54917 145.769 56.4013 3.30737 52.8685 71.8496 13.982 16.4363 45.2821 56.8976 28.3579 
143.741 264.946 202.533 126.592 181.801 201.619 86.8367 0 645.208 3.66885 373.04 754.434 20.5504 0.414274 7.41265 215.96 97.0557 31.2157 107.868 103.968 35.9313 2.35651 1.28307 0.119328 145.583 78.7298 99.8541 108.911 
485.531 822.771 395.157 774.322 344.34 909.062 993.083 648.678 0 347.366 747.354 379.978 205.413 16.0148 249.553 39.0542 506.491 216.063 19.7066 0.531117 39.7225 66.1554 68.056 7.90045 445.087 141.654 59.111 90.8305 
122.43 87.7149 89.787 90.46 243.971 69.2299 399.035 221.984 1.29062 0 450.557 236.41 0.109549 4.79312 25.2882 90.1852 14.3608 146.087 19.4777 0.00437075 43.6426 12.6972 12.7711 47.99 52.9787 49.4751 15.1024 40.4385 
29.6107 223.989 228.865 185.608 48.39 271.681 294.602 326.134 775.551 525.202 0 227.753 157.057 142.425 189.184 54.0785 0.2113 146.641 66.7442 0.224205 139.4 19.6182 74.3125 41.2963 146.014 138.377 26.402 86.1892 
228.252 132.118 176.272 71.9688 0.166164 85.8585 258.49 985.76 151.776 34.9204 514.234 0 62.0943 165.642 230.816 237.75 70.4477 81.719 76.9132 40.4263 0.390619 4.61936 90.1407 1.64052 344.663 79.9849 95.3744 12.52 
1.57852 49.3138 56.909 57.0077 41.8082 52.5262 184.329 52.6649 52.8483 10.3092 19.5485 19.1495 0 73.0746 6.04492e-05 56.3019 59.4643 27.1711 0.578902 19.698 57.3997 4.74448 89.1128 22.2564 44.6656 0.0386814 22.3869 42.6722 
0.687646 60.9879 16.4919 11.968 13.5614 21.9479 3.66291 66.6627 4.90635 0.00328823 173.866 164.352 3.84983 0 26.1047 9.15189 0.220297 31.3308 2.54258 2.11879 16.7949 5.55887 0.200523 0.669025 4.34623 6.92819 5.12062 4.68944 
65.215 94.957 33.1916 8.07387 38.7796 0.232048 0.951183 132.335 11.2051 100.702 267.159 17.52 49.0123 2.65008 0 4.57195 26.4937 68.5258 34.1786 3.03834 7.16602 15.3679 17.6408 23.2463 0.435936 1.42108 19.7854 15.2432 
2.97809 51.027 18.5694 0.157408 57.3833 27.2012 103.533 233.62 127.38 40.434 29.4649 0.0607144 78.6762 2.70254 63.8585 0 13.9203 50.7013 4.01263 9.4501 5.10027 4.13829 8.74127 14.0765 6.315 5.32249 9.86569 10.3096 
528.02 565.089 55.6312 471.77 146.806 501.175 71.267 8.49327 504.54 67.7572 45.5609 66.4429 0.954777 17.916 0.435902 8.61648 0 252.416 379.441 17.4894 51.4508 0.112948 9.55229 18.3711 470.21 21.678 0.981772 2.32552 
225.998 259.822 137.415 53.445 21.2456 12.9208 129.679 53.0636 0.984104 38.4316 64.5871 46.079 6.36324 16.9553 0.00410375 0.00239494 114.334 0 18.7982 17.0707 41.5252 5.26059 6.00771 22.3859 20.2132 26.2879 0.765192 7.37877 
17.4806 169.611 34.5288 61.4707 279.148 22.4841 51.6913 103.41 85.5502 45.8615 49.4734 37.9851 9.22095 18.5805 13.9845 26.392 218.498 66.9969 0 35.8204 31.6385 5.80271 17.8485 22.5481 1.00313 0.0761776 24.0054 16.3508 
141.343 123.322 10.8257 19.1147 95.0189 3.39253 11.6099 44.5855 103.529 1.32175 8.71078 96.3074 18.1353 4.70237 1.23223 4.07298 27.9627 44.2015 12.7071 0 47.9597 0.171894 0.0388365 0.793555 4.40275 9.65291 1.37246 0.680808 
51.1435 81.6635 127.153 96.8101 3.56972 6.07226 136.348 24.467 186.967 70.1349 145.794 168.165 74.5571 44.1706 18.3999 58.1299 0.557102 49.7894 11.1978 24.0947 0 1.52023 7.6094 41.088 35.9231 0.383394 35.6697 35.1618 
31.548 18.8932 12.5585 8.70895 7.87274 17.6805 2.16459 0.134175 2.74592 9.86738 8.81725 31.9489 10.1726 10.8921 8.35965 8.45467 21.0796 18.1545 8.09121 4.69809 3.5348 0 12.5572 13.6533 10.1819 1.15571 0.435827 0.701003 
39.2138 4.11177 7.12528 9.30575 6.62614 5.56915 61.1887 58.8908 97.0616 0.0495741 127.974 125.472 48.5809 0.0936977 19.8647 3.46178 16.9808 0.10365 21.1761 3.32475 26.5558 4.61084 0 1.92481 24.0532 8.8527 13.2255 8.81983 
37.0614 60.3103 15.4666 3.52116 5.46912 6.29966 6.52674 128.992 53.3354 56.5702 110.076 0.23104 0.399333 0.409199 0.00367774 27.9721 0.248838 44.0674 4.43253 2.24431 0.178388 13.269 16.8252 0 40.6796 13.2709 2.91747 12.9484 
511.956 462.108 0.254805 444.912 44.693 452.751 0.115345 145.109 559.438 27.2177 139.073 931.954 53.3001 14.2017 13.258 71.2616 471.346 35.4357 0.493645 5.87062 0.51007 89.4736 16.8953 10.4397 0 58.358 154.246 61.7229 
72.9964 48.9444 2.19613 27.0175 14.1702 12.7544 74.6393 16.4002 141.637 70.1958 82.9998 204.191 0.0845907 0.204377 0.414515 1.05713 24.2317 16.774 19.5753 3.46624 0.00386519 10.7872 7.47008 0.555929 33.7446 0 4.88521 43.4619 
32.7095 51.5179 0.0383273 20.6943 16.2653 8.81659 44.3884 0.839781 31.4555 42.6745 86.1302 13.7679 39.253 5.89355 19.4919 0.348595 0.3842 25.7332 2.92745 9.94511 44.2369 2.78731 12.3458 18.2743 5.40042 36.6483 0 3.89038 
0.343097 7.884 22.1558 2.89439 23.6022 0.317576 44.4197 116.075 78.7311 43.4907 93.6409 50.308 0.00454132 10.6979 4.05045 13.3233 1.7866 18.6261 19.2911 11.1852 0.0119309 10.4294 0.575481 12.6821 13.5664 2.45845 55.7826 0 
