0 535.212 183.771 421.919 192.178 475.438 135.82 274.596 526.389 112.218 174.566 147.215 82.5191 2.12952 0.500023 55.8241 512.767 236.102 16.4063 204.267 69.8124 38.83 18.3583 49.5461 451.408 70.8663 23.7955 60.7516 
835.496 0 447.329 734.7 82.1599 528.757 502.595 61.0129 437.682 85.2344 130.833 61.1257 3.45546 39.9647 96.5652 83.4654 568.786 606.529 0.176389 74.6207 92.2801 51.0759 5.63391 61.4921 494.875 65.1723 20.2126 21.6418 
171.018 101.946 0 257.266 6.84473 41.3987 172.857 158.671 75.2341 15.0989 190.706 146.878 1.0931 5.35838 9.00429 8.25791 6.17076 22.8186 4.99523 20.9634 104.944 6.41959 6.30696 0.983958 7.45496 0.00949881 13.8884 10.7375 
760.247 734.848 229.946 0 4.81684 424.694 93.5751 110.341 496.565 0.00256186 34.6672 259.509 0.0985753 23.1676 35.58 20.6981 435.902 145.874 62.6783 3.06802 301.362 1.12027 7.96396 18.6809 431.555 0.506971 20.4744 0.250941 
201.468 289.39 34.2269 92.2238 0 418.198 261.335 40.3433 71.0328 205.042 246.557 121.841 114.892 28.7479 44.5115 12.9243 39.8921 235.384 167.856 94.829 131.834 56.1709 8.49773 6.81313 0.959978 69.556 12.1085 56.9575 
514.032 658.395 56.8281 422.023 688.771 0 431.52 35.4908 880.07 593.571 25.759 122.666 547.36 0.0718006 0.0320573 2.60942 457.169 76.9146 76.3996 7.45006 3.00563 15.1851 0.157126 0.217594 422.719 10.6211 16.6296 13.815 
88.5016 14.2048 194.061 2.43962 403.005 742.837 0 317.811 542.146 447.467 82.2621 150.115 10.2701 74.0511 78.4375 95.6564 29.5424 7.5542 146.611 57.21 3.64254 52.6049 71.9364 13.5965 15.8921 44.4106 57.0408 28.8072 
148.168 267.198 207.226 128.466 183.498 200.078 80.8162 0 639.124 3.06133 372.287 791.16 19.8002 0.570582 6.4744 219.711 96.8686 32.3262 108.268 104.619 34.4189 2.2347 1.47353 0.222143 147.837 82.5259 99.739 109.931 
460.419 795.996 383.179 752.189 342.303 881.299 926.264 643.164 0 342.752 1119.21 382.919 205.335 15.6939 240.532 40.5936 484.434 216.563 20.6211 0.417802 41.0659 66.3173 68.8345 7.48843 422.44 141.879 58.7266 90.4303 
123.648 90.9205 90.9209 89.67 249.45 81.1454 410.853 222.443 0.574498 0 434.442 237.589 0.53025 5.22241 23.7491 89.9155 14.7793 145.939 20.3526 0.000252062 43.0509 13.0497 12.3862 47.6217 52.497 50.1039 14.8825 40.114 
30.8922 226.311 227.012 184.041 46.0614 272.431 304.84 322.312 797.945 512.514 0 238.453 153.925 145.782 201.176 50.7601 0.16549 145.726 67.6862 0.284939 139.909 19.2223 75.7155 40.1021 146.041 136.854 25.9307 85.4773 
228.047 134.291 175.037 68.0871 0.0904237 84.1557 256.378 967.004 158.109 37.0597 512.12 0 60.8624 165.289 226.814 219.277 70.0996 80.699 76.4272 39.7343 0.273724 4.82829 88.9753 2.18263 355.763 70.8936 94.5489 11.4161 
1.75531 50.4965 57.3853 57.4237 40.29 50.4476 182.315 53.7149 54.6948 7.94662 17.87 18.3344 0 76.2083 0.0188708 57.0984 59.2849 26.6156 0.676508 19.4781 57.0758 4.33128 89.4231 22.8261 44.9328 0.0226094 22.2277 42.5751 
0.760822 60.6364 16.523 12.1395 13.9438 21.9536 4.02041 67.9182 5.51221 0.0244186 176.612 164.825 2.93764 0 23.7182 9.54307 0.202687 31.6066 2.46208 2.09648 16.5809 5.46153 0.286591 0.749325 4.22248 6.81047 5.17851 4.61489 
65.4975 95.1703 33.0729 8.36599 39.557 0.307944 1.26195 134.552 10.5824 102.401 278.461 14.9692 47.4573 3.72146 0 3.06632 26.4038 68.5912 34.0348 3.09335 7.38265 15.4513 18.0213 23.5626 0.365534 1.27271 19.8003 15.4128 
3.23552 50.3764 18.3576 0.223442 56.9412 27.1663 103.431 236.609 126.069 39.4364 32.1602 0.343699 78.2465 2.9796 67.1795 0 13.806 50.4302 4.11923 9.43172 4.87943 4.21446 8.58319 14.7656 6.15269 5.72444 9.73715 10.0979 
505.887 543.515 55.6056 448.584 147.449 478.295 70.5096 8.81003 481.03 68.1933 45.0441 66.0681 0.877584 17.8449 0.403653 8.50903 0 248.8 211.657 17.2973 51.7362 0.123719 9.62083 18.4223 447.366 21.7717 1.01051 2.3766 
224.743 246.54 135.754 51.8718 22.8521 12.1703 126.958 51.7391 0.719381 37.3663 65.8478 45.1412 6.06353 17.2164 0.0130329 0.00879433 109.057 0 17.8292 17.6329 40.7665 5.15437 5.87304 22.1643 20.4993 25.954 0.809099 7.53675 
18.1735 170.083 35.0673 61.5997 275.96 21.5479 50.169 102.919 86.9014 47.0137 50.3918 38.5395 8.86911 18.4493 14.2016 26.4997 219.048 68.4711 0 35.757 32.0094 5.89003 17.932 22.5001 0.955118 0.0913784 24.025 16.2484 
136.365 122.053 10.5417 18.5143 94.9715 3.26271 12.1564 43.5831 103.807 1.21006 9.05168 96.3947 17.9173 4.69592 1.27085 4.13116 28.1092 44.907 12.4968 0 40.2983 0.179075 0.0355521 0.773359 4.47176 9.59654 1.34434 0.656111 
48.4612 83.3472 127.128 101.554 3.27809 6.36046 136.833 25.7819 186.889 69.5899 146.099 168.239 74.7044 44.229 18.0961 58.3461 0.618177 50.58 11.4689 30.2782 0 1.47513 7.74852 41.258 35.5859 0.32517 35.5276 34.9329 
31.6828 18.6609 12.5654 8.78031 8.07613 17.7673 2.29683 0.105916 2.88816 9.55139 9.10903 32.3777 9.58199 10.898 8.23227 8.38174 21.0919 18.3146 8.18804 4.71744 3.60208 0 12.4045 13.6991 10.2086 1.12425 0.455701 0.721612 
39.3944 4.27836 7.20634 9.18351 6.42667 5.67413 61.5583 58.0736 97.4186 0.0261531 128.53 125.177 49.6518 0.0474183 20.203 3.61644 17.024 0.0854551 21.231 3.31103 26.3883 4.7938 0 2.34356 24.0485 8.797 13.2487 8.78154 
37.4011 60.424 15.4415 3.38211 5.29169 6.18871 6.81079 129.736 54.1069 56.7898 109.156 0.459736 0.312792 0.3495 0.000367104 28.2441 0.232331 44.1934 4.51117 2.27369 0.209334 13.3306 17.3581 0 41.0677 13.4001 2.8115 13.0071 
489.484 439.761 0.299265 422.078 45.0585 430.149 0.0702654 142.812 535.945 26.6875 139.697 80.8059 53.1564 14.3003 12.9484 73.1447 448.52 35.1389 0.528601 5.79761 0.574617 91.2586 17.0442 8.78451 0 47.3675 125.492 43.704 
73.3327 49.5516 2.06271 26.5507 14.5263 12.972 75.3936 14.4203 141.864 69.8306 85.014 215.793 0.059811 0.176114 0.335055 1.25502 24.1577 16.4743 19.7152 3.40297 0.0123769 10.7882 7.39992 0.615178 34.063 0 4.59201 42.1632 
32.479 51.6308 0.0300374 20.827 16.4542 8.91073 44.6565 0.971337 31.0278 42.5281 86.1536 13.1347 39.2641 5.95161 19.4592 0.314806 0.366306 25.8987 2.98118 9.91967 44.2475 2.74269 12.3925 18.3391 5.84784 36.8078 0 4.8828 
0.292678 7.65196 22.1421 3.02954 23.3294 0.287412 43.9684 116.973 78.159 43.1857 94.2492 52.3018 0.00997804 10.6504 4.18639 13.1132 1.83198 18.8418 19.1967 11.2024 0.0206405 10.4208 0.601865 12.6181 13.8802 1.95272 53.4749 0 
