0 254.341 158.037 30.5364 163.324 53.7895 165.73 293.369 142.614 101.173 182.343 165.317 77.4115 1.2505 0.0565147 50.7703 98.3676 231.558 22.1113 182.747 47.1875 39.2936 20.2741 47.4616 45.8601 73.7076 21.8901 60.2595 
534.795 0 341.376 310.09 177.26 83.9471 437.483 38.1682 58.357 60.9112 105.625 77.486 7.10779 36.0049 95.5726 84.4204 154.046 1052.23 0.587768 89.2342 105.702 50.5771 7.24675 60.8767 87.1645 60.9289 22.1388 24.3756 
142.213 244.685 0 280.008 0.78129 32.7784 208.291 199.406 184.894 8.40037 161.972 162.005 2.47969 4.337 11.688 10.1266 4.12702 11.8658 2.88831 18.8741 113.299 6.87026 6.96055 0.60739 9.09824 0.0801421 13.1616 9.60511 
310.466 311.354 235.197 0 11.924 12.9375 68.7257 713.887 45.6926 0.62013 52.2327 252.543 0.617912 23.194 33.707 16.7438 29.0864 144.371 62.4659 5.8926 595.068 1.42155 7.01155 17.1275 24.6468 0.0205146 19.3728 0.685421 
173.465 396.025 54.4632 108.293 0 349.665 331.243 54.7602 109.901 251.274 233.531 110.881 128.316 25.0017 50.8266 16.2093 51.227 232.404 120.564 93.6955 130.862 55.5201 10.3569 8.46425 0.366119 68.4799 10.7549 56.7132 
92.4481 239.351 62.1378 13.598 1043.06 0 695.678 19.0423 398.691 429.452 7.28042 133.429 562.54 0.356065 0.166749 3.86562 44.0699 67.1033 82.1057 6.09697 1.58401 14.2749 0.375786 0.0612713 13.6571 8.95514 16.0325 14.8392 
117.836 70.4196 155.774 11.0155 430.911 276.133 0 362.287 1101.63 353.584 29.9694 121.443 3.08109 79.9577 92.3251 90.8834 35.3127 1.77781 152.282 63.5508 6.88352 50.4006 72.3701 10.6676 11.8105 37.5194 58.0881 32.4408 
183.467 282.151 240.493 81.758 196.01 185.05 39.1991 0 561.197 0.174296 360.369 999.475 14.2355 2.70823 1.22229 244.309 95.1585 41.7303 111.149 109.305 23.3061 1.37368 3.45882 2.17589 164.366 113.965 98.4776 117.509 
34.2702 346.854 269.139 336.826 320.318 401.314 342.219 569.265 0 298.502 1664.91 399.433 203.171 14.0657 193.429 53.518 80.518 219.095 28.5415 0.000196937 52.3517 67.4907 74.8783 4.56601 14.588 142.574 55.5733 86.9473 
132.771 117.179 99.2175 82.8418 288.419 211.736 483.773 224.127 5.13151 0 293.533 244.491 15.0309 9.25584 12.9179 87.0067 18.2917 144.037 27.8773 0.148723 38.359 15.989 9.47359 44.5427 48.5117 54.9898 13.1571 37.4604 
41.8977 242.906 208.017 169.542 29.1676 271.707 381.068 287.676 855.516 388.048 0 323.777 128.422 170.749 294.006 27.2534 0.000270981 137.926 75.1811 1.03061 143.519 16.1572 86.7432 30.9348 145.153 123.616 22.2538 79.5319 
224.56 151.279 163.215 39.9116 0.307938 70.5216 236.983 721.163 209.839 55.9312 479.984 0 51.2027 160.449 190.324 85.5795 67.2244 72.5214 72.4238 34.2755 0.0851743 6.65225 79.3217 9.21445 343.393 16.0975 87.623 4.34878 
3.49849 60.1728 61.003 60.6003 28.9152 25.9481 164.698 62.2557 70.1283 0.121232 7.04007 12.3861 0 100.97 1.67603 63.2255 57.7524 22.3176 1.72623 17.7285 54.4292 1.68407 91.0199 27.5038 46.9801 0.0484545 20.9478 41.7314 
1.47657 57.655 16.6877 13.5045 17.1411 21.8768 7.44075 77.8533 11.5462 0.89503 195.492 166.568 0.0826764 0 7.39979 12.6265 0.0880798 33.7918 1.86094 1.91905 14.8909 4.68546 1.47397 1.53509 3.27797 5.86849 5.64294 4.02749 
67.5477 96.3907 31.8627 10.8303 45.8394 1.29357 5.29005 151.084 9.44702 114.737 356.524 1.66868 35.4185 17.5844 0 1.95472 25.6508 68.9349 32.813 3.54423 9.21222 16.0665 20.8198 25.7601 0.0248333 0.374128 19.8706 16.7351 
5.65498 45.1134 16.5895 1.16047 53.2762 26.7332 101.931 254.284 114.693 31.6056 56.9558 50.686 74.2964 5.54924 86.451 0 12.8904 48.1725 5.01336 9.26048 3.27712 4.83402 7.26503 20.1405 5.22782 9.31423 8.70916 8.42704 
101.15 142.824 55.148 35.712 151.542 67.6184 64.3476 11.5288 65.5302 71.5141 40.9252 62.9941 0.376191 17.2601 0.18986 7.66253 0 214.987 124.571 15.7622 53.9578 0.227392 10.1688 18.8164 37.1818 22.4997 1.25457 2.80306 
212.403 125.484 121.104 39.7321 37.5025 6.91317 105.119 41.5375 0.0927323 29.2221 76.0731 37.855 3.91412 19.3407 0.264875 0.204545 69.2254 0 10.9081 22.3626 34.8371 4.33879 4.84305 20.3995 22.8201 23.3074 1.20337 8.84955 
24.0935 172.304 39.3127 62.3718 243.9 14.6003 38.4846 98.7249 97.5711 56.3928 57.8292 43.0245 6.27831 17.3833 15.9608 27.318 220.53 80.3118 0 35.1583 34.9901 6.60449 18.5823 22.0898 0.612318 0.262402 24.1628 15.4242 
95.7033 110.724 8.33284 13.8747 94.0729 2.30399 16.898 35.7596 105.561 0.491789 11.9819 96.7274 16.1901 4.63715 1.5983 4.59977 29.2285 50.5238 10.8465 0 2.3208 0.241619 0.0144748 0.620076 5.03322 9.12888 1.12867 0.474194 
29.1395 96.8438 125.646 162.074 1.38569 8.87962 140.168 37.318 185.247 65.1328 148.035 168.078 75.7671 44.6203 15.7186 59.9095 1.21955 56.9617 13.7305 99.3938 0 1.13773 8.89501 42.553 32.8677 0.031669 34.3596 33.0729 
32.7337 16.8277 12.6025 9.34973 9.77901 18.419 3.4886 2.0075e-06 4.14872 7.18005 11.5881 35.8302 5.44075 10.8824 7.21944 7.78395 21.1731 19.6008 8.97287 4.86959 4.16013 0 11.0764 13.9816 10.4228 0.886578 0.629901 0.896232 
40.7759 5.7184 7.84819 8.21033 4.92874 6.52914 64.3256 51.4899 99.8306 0.106076 131.965 121.925 58.0886 0.239361 22.5832 4.9152 17.3563 0.00304012 21.6443 3.1981 25.0323 6.31558 0 6.78802 23.7668 8.32361 13.397 8.45915 
40.0687 61.1859 15.1899 2.35886 3.9686 5.31959 9.27303 134.668 60.2307 58.3287 101.184 5.05712 0.000521309 0.0396433 0.430059 29.3017 0.120521 45.1397 5.15884 2.51167 0.545057 13.7428 20.3604 0 43.1193 14.3624 2.02452 13.4382 
82.0823 33.7085 0.781099 12.2526 47.9255 21.9597 0.109793 123.368 120.037 22.5321 143.665 333.913 51.8783 15.0239 10.5218 65.0302 38.4686 32.7482 0.850349 5.21884 1.22739 54.3524 18.2646 0.925196 0 29.7103 125.396 102.574 
75.7236 54.3379 1.13767 22.766 17.4882 14.7165 81.1228 3.0463 142.576 66.5789 100.992 303.454 0.0158583 0.0253667 0.00322163 3.40172 23.5387 14.1414 20.8188 2.91013 0.253666 10.7792 6.82234 1.19084 36.3658 0 2.54183 31.2793 
30.6144 52.4616 4.15942e-05 21.8563 17.983 9.66679 46.7471 2.36239 27.6499 41.2919 86.1216 8.55506 39.3061 6.41445 19.1513 0.105959 0.238329 27.2146 3.42596 9.70674 44.2799 2.39543 12.7343 18.7811 10.0835 37.7282 0 16.3616 
0.0333164 5.90576 21.968 4.20785 21.1661 0.0999035 40.3226 123.481 73.3892 40.6711 98.7641 68.9455 0.129418 10.2438 5.3343 11.4171 2.21364 20.5855 18.4292 11.3237 0.175529 10.3406 0.832587 12.0727 16.6358 0.000263606 34.8776 0 
