0 425.759 140.719 146.609 145.969 137.38 182.291 300.885 247.708 94.5681 186.012 175.088 74.3558 0.848209 0.00106192 47.7749 185.534 226.897 25.6843 146.252 35.7191 39.524 21.3867 46.1808 138.361 75.1046 20.8032 59.8625 
664.073 0 258.086 381.94 240.243 155.638 385.427 27.1177 172.096 48.1629 91.5326 87.3085 9.76529 33.7231 94.6091 84.6712 240.473 310.78 2.09307 97.3176 113.272 50.2276 8.25212 60.4028 178.216 58.3638 23.2592 25.977 
123.82 329.171 0 236.067 0.014524 27.8008 224.622 220.423 256.577 5.37111 143.945 169.378 3.52053 3.78167 13.3075 11.2293 3.12378 7.06831 1.92542 17.6037 117.313 7.12823 7.33359 0.430324 10.0822 0.251359 12.7329 8.96037 
364.621 383.773 333.727 0 17.319 102.47 55.2717 466.163 118.82 1.60625 63.3894 244.473 1.11628 23.1356 32.4927 14.5358 120.903 142.46 62.1299 7.86842 24.4421 1.60948 6.47571 16.2062 116.435 0.034069 18.7186 1.02971 
156.365 448.015 67.351 117.089 0 330.63 365.806 63.7168 134.368 274.63 224.41 104.413 135.595 22.9001 54.4385 18.2193 58.0682 228.859 94.4196 92.6339 129.938 55.0628 11.4901 9.48004 0.151316 67.7099 10.0028 56.4954 
175.452 319.367 64.3258 105.042 418.682 0 101.882 11.6919 428.459 546.644 1.69339 138.916 388.151 0.615449 0.554837 4.68011 132.179 61.386 84.7789 5.35995 0.967447 13.7332 0.542883 0.0147141 104.187 8.03089 15.6738 15.4156 
135.171 118.724 131.881 18.5542 435.565 67.4464 0 382.065 1280.89 288.722 11.0624 105.267 0.833941 83.0361 99.9666 87.7156 38.7535 0.263781 154.643 67.0627 9.18471 49.0612 72.4085 9.11719 9.69897 33.6582 58.6095 34.5521 
203.178 288.124 255.381 20.6609 202.266 174.457 21.4189 0 496.686 0.123004 348.959 1029.47 11.4089 4.63622 0.0736858 253.507 94.0072 47.5162 112.541 111.55 17.7796 0.971296 4.96324 4.19373 172.474 132.299 97.4826 121.349 
116.806 409.082 197.298 415.129 303.473 431.593 93.3824 506.458 0 268.266 1712.84 403.019 200.706 13.8801 252.864 61.3248 173.882 219.354 33.5426 0.155253 59.2185 68.0649 78.1796 3.19754 106.319 142.084 53.7034 84.7289 
137.463 132.444 103.285 78.5536 306.026 297.534 504.591 223.481 15.8718 0 211.279 246.359 31.8124 12.0252 8.03439 84.7545 20.433 142.375 32.5799 0.379597 35.7055 17.7661 7.9438 42.6766 46.1299 57.66 12.1948 35.894 
48.7717 250.703 194.113 159.795 20.9936 265.93 418.039 265.014 862.507 305.557 0 370.221 113.665 183.118 339.693 16.6315 0.0675 133.084 79.4319 1.66625 145.211 14.4847 92.8458 26.0349 143.762 115.285 20.2228 75.9361 
221.094 160.624 154.992 26.5366 1.09436 62.7753 224.029 531.82 239.559 68.0089 450.244 0 45.847 156.109 166.692 31.8999 65.5034 67.8312 70.037 31.2181 0.577889 7.81991 73.5695 15.3227 296.117 1.86061 83.4135 1.77287 
4.76046 65.8649 62.9147 62.2954 23.0698 18.2318 153.538 67.2497 79.4245 4.71166 3.00995 9.45173 0 114.309 3.81921 66.5106 56.7955 19.9727 2.54347 16.7333 52.8666 0.710254 91.2116 30.266 48.0797 0.187462 20.2091 41.1935 
1.9913 55.8148 16.714 14.2786 19.0803 21.7345 9.8377 83.4132 15.9189 1.95263 203.522 165.91 2.06889 0 1.81885 14.2798 0.0434313 35.0271 1.5507 1.81819 13.9398 4.24529 2.49009 2.08971 2.77602 5.33172 5.91022 3.6986 
68.5511 96.6955 30.9666 12.3364 49.4723 2.15588 8.80292 159.429 11.8944 120.647 387.223 0.0436261 28.9566 28.3266 0 9.99207 25.192 68.9875 32.0561 3.81138 10.3382 16.376 22.1827 26.7247 0.0100157 0.0973107 19.8715 17.4626 
7.32519 42.0624 15.5241 2.01915 51.078 26.3628 100.532 259.012 107.537 27.2865 73.3194 112.894 71.6398 7.24008 89.6548 0 12.3641 46.8077 5.55929 9.14298 2.49246 5.19664 6.48044 22.9284 5.0058 11.6149 8.12115 7.49396 
193.863 237.481 54.6839 124.004 153.021 156.964 60.7428 13.2352 152.297 73.2786 38.5784 61.1708 0.182226 16.9116 0.102833 7.18755 0 192.411 112.084 14.8834 55.1827 0.301011 10.4831 19.0299 126.971 22.9001 1.4061 3.06211 
203.582 82.2525 111.764 33.2119 47.2359 4.52476 92.7041 36.03 0.934979 24.8824 82.0253 33.8599 2.88313 20.5867 0.554224 0.432995 49.1547 0 7.64099 25.2485 31.5559 3.89808 4.29053 19.3934 24.1764 21.8106 1.46438 9.64193 
27.7749 172.311 41.683 62.6036 221.042 11.1048 32.2438 96.1066 103.542 61.857 62.1541 45.6327 4.9758 16.759 16.9865 27.7522 216.547 87.0812 0 34.7419 36.7094 7.0273 18.9412 21.833 0.448964 0.400277 24.2262 14.9465 
73.0178 103.395 7.12941 11.3877 93.1434 1.82067 19.8984 31.458 106.183 0.221843 13.8215 96.6233 15.2125 4.59765 1.8008 4.87055 29.8276 53.7092 9.92826 0 1.75505 0.281642 0.00656183 0.538807 5.36254 8.84759 1.01223 0.382402 
19.97 104.549 123.781 191.375 0.657984 10.4922 141.635 44.6969 183.491 62.5026 148.736 167.385 76.2839 44.7833 14.3994 60.6708 1.65511 60.6598 15.1013 149.458 0 0.962882 9.57979 43.2424 31.2937 0.00229132 33.6645 31.9825 
33.3143 15.7957 12.6091 9.67538 10.8163 18.7582 4.2792 0.0360327 4.9697 5.95004 13.1246 37.8265 3.55743 10.8233 6.64565 7.43043 21.2056 20.3434 9.43161 4.95481 4.49655 0 10.2414 14.0744 10.549 0.761586 0.742115 1.00437 
41.5173 6.62987 8.21004 7.65703 4.14916 7.03031 65.7547 47.6943 100.85 0.366645 133.101 119.366 62.7583 0.786068 23.6479 5.69507 17.5359 0.00660931 21.8602 3.13078 24.2409 7.22043 0 9.89181 23.4112 8.03076 13.4521 8.26145 
41.5556 61.5034 15.0044 1.84625 3.2877 4.83715 10.834 136.648 63.6875 59.0328 96.1659 9.85811 0.127968 0.000787333 1.03665 28.9794 0.0726206 45.633 5.54549 2.65041 0.808545 13.9128 20.8762 0 43.4088 14.8522 1.62394 13.6543 
173.31 125.988 1.15753 102.481 49.5219 112.944 0.45406 111.559 206.137 20.2285 145.092 75.6911 51.0435 15.3843 9.18255 47.8942 128.332 31.364 1.06876 4.8914 1.71101 23.6962 18.9822 1.8944 0 80.4547 182.361 137.114 
76.8468 57.0145 0.724897 20.5768 19.2745 15.7155 84.1423 0.300641 142.096 64.46 109.914 344.915 0.114837 8.23191e-05 0.0595112 5.04988 23.1621 12.857 21.4394 2.63869 0.531148 10.7599 6.4792 1.59996 37.4717 0 1.61866 24.9647 
29.5289 52.8798 0.0120612 22.4196 18.8752 10.1029 47.9019 3.43006 25.7485 40.5308 85.9269 6.334 39.292 6.67845 18.9374 0.0359426 0.177025 27.9639 3.69339 9.57693 44.2566 2.20399 12.9038 18.9723 12.9582 37.9632 0 25.3059 
0.000567304 4.99423 21.8161 4.95957 19.9416 0.0358062 38.2076 126.643 70.5075 39.1706 101.058 78.9033 0.259031 9.98957 6.03838 10.4393 2.44775 21.5999 17.9789 11.3799 0.332926 10.2856 0.980581 11.7335 18.3925 0.609677 24.8424 0 
