0 616.042 131.191 312.429 136.82 282.614 190.627 303.795 403.965 91.0699 187.682 179.958 72.7319 0.668767 0.0301504 46.1934 332.436 223.895 27.6243 122.786 30.264 39.6336 21.9692 45.4905 288.106 75.7615 20.2395 59.6227 
824.671 0 212.756 518.45 273.944 295.296 355.258 22.0281 334.444 41.9601 84.3696 92.5192 11.3067 32.535 93.9948 84.7149 386.837 607.788 3.24035 101.392 117.155 50.0274 8.79816 60.1213 327.148 56.9943 23.8466 26.8193 
113.948 369.004 0 200.846 0.415495 25.2464 231.689 230.393 293.667 4.04629 134.288 172.792 4.13221 3.50261 14.1678 11.8091 2.65258 5.03572 1.498 16.9261 119.157 7.2623 7.52679 0.349707 10.6047 0.378123 12.5066 8.62679 
491.65 520.546 394.711 0 20.4831 250.85 48.6161 459.851 260.713 2.30049 69.4461 239.158 1.43337 23.0839 31.823 13.4136 270.306 141.167 61.8934 8.99002 521.868 1.71165 6.20036 15.7193 265.828 0.126359 18.3721 1.23613 
147.279 471.052 74.3227 121.497 0 324.518 381.589 68.5513 147.528 285.568 219.221 101.007 139.237 21.8224 56.3079 19.2995 61.7066 226.494 81.4594 91.964 129.353 54.8005 12.0987 10.0282 0.0762444 67.2655 9.61848 56.3595 
320.202 461.356 65.1934 254.407 808.449 0 164.591 8.52795 542.062 16.0979 0.322651 141.551 417.315 0.777931 0.845863 5.12956 279.627 58.4018 85.9827 4.98897 0.705108 13.446 0.641803 0.00306831 252.921 7.56049 15.4825 15.7121 
144.226 147.431 119.252 23.1809 434.568 23.3743 0 390.449 1306.52 253.635 4.79962 97.012 0.223194 84.5398 103.81 85.95 40.578 0.00725233 155.605 68.8461 10.5076 48.3431 72.3672 8.34965 8.67026 31.6839 58.8575 35.6572 
213.145 290.439 261.701 3.71382 205.235 168.442 14.156 0 458.867 0.564434 341.771 1015.93 10.0484 5.83816 0.0270266 256.727 93.3594 50.6308 113.189 112.584 15.1661 0.788577 5.84999 5.49805 176.242 141.746 96.887 123.191 
261.946 541.851 160.839 555.159 293.611 545.352 22.4708 469.304 0 251.499 1707.78 403.131 199.073 13.9984 288.472 65.4698 324.055 219.14 36.2673 0.350516 62.892 68.3348 79.8436 2.57706 255.824 141.572 52.7135 83.5129 
139.736 140.353 105.181 76.2272 313.58 340.443 508.554 222.677 23.7079 0 170.736 246.711 42.7558 13.5891 5.91783 83.4206 21.5821 141.347 35.1266 0.541889 34.3377 18.7151 7.19122 41.6791 44.8661 59.0055 11.7023 35.0672 
52.4957 254.223 186.131 154.362 17.2171 261.419 434.682 252.575 872.339 262.017 0 392.95 106.025 188.863 359.793 12.0515 0.149567 130.463 81.6244 2.05696 145.979 13.6402 95.9357 23.6046 142.785 110.773 19.1899 74.0164 
218.875 165.343 150.338 20.5224 1.695 58.7934 216.822 430.316 254.773 74.5998 431.892 0 43.1224 153.419 153.923 13.6524 64.5874 65.3955 68.7699 29.6525 1.00835 8.46227 70.531 19.0657 285.771 0.000916832 81.1619 0.876591 
5.4922 68.857 63.859 63.1388 20.2442 19.4261 147.479 69.8692 84.3617 9.69702 1.5706 8.06841 0 120.81 5.2701 68.1431 56.2751 18.7889 3.03041 16.2182 52.0408 0.365478 91.0992 31.7205 48.6294 0.295824 19.8233 40.898 
2.28912 54.8214 16.7078 14.6777 20.1179 21.6321 11.2052 86.2496 18.4425 2.66198 206.803 165.086 4.13952 0 0.375423 15.0826 0.0263287 35.6641 1.39941 1.76599 13.4504 4.01869 3.08884 2.40434 2.52743 5.05472 6.04947 3.53008 
69.022 96.7384 30.4446 13.1434 51.3647 2.68773 10.9642 163.392 14.0528 123.337 398.05 0.983826 25.7613 34.1594 0 16.31 24.9454 68.9727 31.6463 3.9528 10.9458 16.524 22.8081 27.1329 0.0549673 0.0240816 19.8606 17.8311 
8.27335 40.4702 14.9579 2.5561 49.9087 26.1353 99.6506 259.819 103.659 25.1051 82.2942 152.174 70.1517 8.15951 88.721 0 12.0898 46.078 5.85282 9.0763 2.12401 5.38709 6.06873 24.2373 4.98117 12.862 7.81631 7.01816 
343.644 388.154 54.3844 271.562 153.533 305.01 58.8507 14.1647 299.057 74.1543 37.3626 60.205 0.10857 16.7265 0.0679066 6.94346 0 180.008 370.076 14.427 55.8053 0.343452 10.6468 19.1374 275.294 23.1035 1.48835 3.20112 
198.529 74.0348 106.689 29.9741 52.6461 3.47192 86.3293 33.2741 1.72098 22.7288 85.1397 31.8392 2.40601 21.2427 0.746734 0.585532 39.7709 0 6.15507 26.7954 29.8865 3.67661 4.01414 18.8717 24.8892 21.0386 1.61035 10.0658 
29.7667 171.945 42.8921 62.6625 208.145 9.44499 29.151 94.6845 106.592 64.7108 64.4165 46.9989 4.35271 16.4305 17.5244 27.9678 212.335 90.5779 0 34.5042 37.6064 7.25107 19.1238 21.6931 0.37364 0.483554 24.2546 14.6964 
61.813 99.3783 6.5259 10.1575 92.5411 1.58931 21.5349 29.2829 106.394 0.122973 14.8236 96.4835 14.7079 4.57541 1.91039 5.01184 30.1267 55.3506 9.45923 0 7.85384 0.303684 0.00365844 0.498461 5.53589 8.6976 0.953755 0.338304 
15.8148 108.528 122.523 198.486 0.384245 11.3784 142.267 48.7378 182.344 61.1144 148.982 166.851 76.5258 44.8502 13.7266 61.0269 1.90803 62.5916 15.8355 176.543 0 0.877287 9.9439 43.5855 30.4712 0.0274451 33.2955 31.4085 
33.6101 15.2645 12.6084 9.84455 11.3733 18.9244 4.72129 0.0829038 5.42512 5.34935 13.9565 38.869 2.72699 10.7781 6.34994 7.24374 21.2185 20.7312 9.67281 4.99858 4.67638 0 9.79009 14.1024 10.6166 0.699858 0.804077 1.06298 
41.888 7.12861 8.39618 7.37099 3.76693 7.29374 66.4507 45.7196 101.273 0.56432 133.446 117.839 65.1185 1.18442 24.1038 6.10615 17.6262 0.0232481 21.9664 3.09501 23.8251 7.69567 0 11.5499 23.1713 7.87255 13.4719 8.15498 
42.3157 61.6336 14.8962 1.6019 2.95634 4.59119 11.688 137.423 65.4651 59.3463 93.4406 12.9556 0.28328 0.0214944 1.45296 28.5439 0.0524007 45.8753 5.75105 2.72322 0.96621 13.9816 20.7626 0 43.2959 15.0877 1.43089 13.7574 
322.334 275.64 1.38189 251.099 50.3376 261.902 0.726304 105.294 352.43 19.0565 145.583 52.2013 50.5802 15.5552 8.50501 39.0721 276.693 30.6403 1.19226 4.72246 1.99418 17.5077 19.3584 4.08592 0 102.811 126.087 101.889 
77.3573 58.3837 0.545441 19.44 20.2281 16.2334 85.6293 0.00610161 141.589 63.2878 114.445 362.603 0.202399 0.00480208 0.160471 6.01462 22.9599 12.2048 21.7586 2.50089 0.71577 10.7458 6.29764 1.83478 37.9789 0 1.21602 21.7632 
28.9596 53.0804 0.0268086 22.7045 19.3438 10.3305 48.4896 4.06293 24.7705 40.1198 85.7744 5.30046 39.2737 6.81534 18.8153 0.0140615 0.148628 28.3524 3.83621 9.50713 44.2322 2.10662 12.9841 19.0533 14.5555 37.9991 0 30.4553 
0.0172846 4.54651 21.722 5.37191 19.3093 0.015125 37.1017 128.113 68.9688 38.3739 102.163 84.1553 0.344208 9.85138 6.41701 9.9314 2.57405 22.1318 17.7416 11.4052 0.43475 10.2543 1.06207 11.5497 19.3496 1.42586 20.0356 0 
