0 804.773 120.613 478.933 126.898 424.51 199.363 306.143 557.593 87.2504 189.298 185.041 70.9519 0.49814 0.106523 44.47 475.97 220.217 29.7804 96.8888 24.7975 39.744 22.6013 44.7264 434.763 76.4163 19.632 59.338 
976.206 0 164.688 649.099 310.288 431.737 320.949 17.068 495.779 35.6279 76.7921 98.2129 13.0925 31.2521 93.2445 84.6946 529.677 880.508 4.75882 105.671 121.297 49.7969 9.40569 59.7901 472.88 55.4889 24.4849 27.7363 
103.17 406.635 0 157.451 1.46733 22.5356 238.111 240.296 332.192 2.81601 123.726 176.136 4.8463 3.20925 15.1083 12.4386 2.18359 3.21222 1.09413 16.183 120.952 7.40705 7.73474 0.271614 11.1765 0.544053 12.2593 8.26802 
612.217 651.445 410.363 0 24.1648 396.172 41.744 656.933 400.717 3.18932 76.1553 232.597 1.82064 23.0116 31.0714 12.2266 416.604 139.543 61.59 10.2689 601.779 1.82548 5.9057 15.188 412.117 0.291979 17.993 1.4801 
137.372 492.271 82.0033 126.11 0 315.705 396.687 73.8979 161.978 296.315 213.291 97.2964 143.049 20.6711 58.3178 20.4925 65.6877 223.545 68.1213 91.1499 128.639 54.4982 12.7707 10.6356 0.0236617 66.7515 9.20858 56.1952 
461.437 598.73 65.9129 400.781 1040.39 0 563.386 5.6435 648.145 357.318 0.0517585 144.22 63.1486 0.974527 1.22833 5.63402 423.795 55.1791 87.1327 4.59832 0.467294 13.1318 0.757881 0.000256587 398.498 7.06106 15.2721 16.0295 
153.98 180.579 105.64 28.6918 430.845 38.6841 0 397.935 1277.62 215.655 0.91074 88.2581 3.26641e-05 86.0848 107.842 83.9562 42.5739 0.14367 156.434 70.736 12.0328 47.5509 72.275 7.55149 7.61457 29.5816 59.1076 36.8553 
223.622 292.312 267.343 7.56148 208.212 161.592 7.93374 0 415.59 1.40327 333.082 979.232 8.66536 7.28818 0.40488 258.947 92.6215 54.0726 113.829 113.595 12.5522 0.611887 6.88737 7.10084 179.942 151.791 96.1834 125.053 
404.093 669.378 123.526 689.635 282.181 651.525 0.480175 426.554 0 232.779 1758.21 401.888 197.043 14.2919 309.331 69.9968 471.157 218.638 39.3015 0.650182 66.9316 68.6039 81.5974 1.97863 402.343 140.82 51.631 82.1523 
142.055 148.825 107.05 73.6461 320.403 383.359 507.366 221.449 33.8278 0 129.931 246.609 56.1289 15.3697 3.97507 81.8584 22.8499 140.112 37.9495 0.749863 32.8702 19.7587 6.41269 40.5819 43.4834 60.4228 11.1765 34.1651 
56.6265 257.595 177.001 148.238 13.5214 255.425 450.388 238.72 880.972 215.818 0 416.074 97.8361 194.482 378.061 7.88286 0.274772 127.558 83.9758 2.52531 146.721 12.7482 99.1979 21.0769 141.536 105.781 18.093 71.9072 
216.162 170.318 145.042 14.8143 2.49128 54.5425 208.706 324.199 270.894 81.9315 410.085 0 40.231 150.19 139.92 2.39143 63.5819 62.7691 67.3815 27.9821 1.60803 9.18304 67.2213 23.5235 291.817 2.37343 78.6855 0.257251 
6.34074 72.1079 64.8386 64.0192 17.3661 25.3643 140.763 72.713 89.7597 17.0262 0.533082 6.68729 0 127.404 7.09106 69.843 55.6955 17.5389 3.60418 15.6638 51.1387 0.119754 90.8136 33.3027 49.2058 0.440786 19.4053 40.5667 
2.63409 53.7211 16.6856 15.1057 21.2603 21.4997 12.7735 89.2625 21.3531 3.54948 209.621 163.828 7.15605 0 0.036293 15.8944 0.0126035 36.348 1.24385 1.70979 12.926 3.77613 3.77393 2.76217 2.269 4.75768 6.20009 3.3501 
69.4905 96.695 29.839 14.0319 53.4078 3.32483 13.5483 167.356 17.0555 125.925 405.418 3.37681 22.4551 40.3456 0 24.4343 24.673 68.9242 31.1914 4.1074 11.619 16.6738 23.4135 27.498 0.144311 0.000219384 19.8398 18.221 
9.35793 38.7482 14.3383 3.20397 48.6263 25.863 98.5817 259.396 99.3629 22.8074 92.2632 198.152 68.4658 9.17126 85.7274 0 11.7932 45.2745 6.17728 8.99999 1.75701 5.5941 5.62364 25.517 5.02505 14.2374 7.48798 6.51254 
490.282 535.657 54.0163 415.859 153.886 449.786 56.7958 15.2015 442.488 75.0669 36.0537 59.1483 0.0501499 16.5235 0.0382056 6.68206 0 166.242 271.92 13.9347 56.4668 0.392529 10.8236 19.2508 420.404 23.3194 1.57991 3.3547 
192.731 74.2434 101.068 26.608 58.7394 2.48458 79.5336 30.3851 2.83839 20.4861 88.5138 29.7017 1.93676 21.9572 0.987221 0.776419 30.5649 0 4.7196 28.5 28.113 3.44325 3.72415 18.3096 25.6645 20.2099 1.776 10.5326 
31.9751 171.264 44.1778 62.6781 193.594 7.78241 25.9385 93.1031 109.839 67.7944 66.8672 48.4818 3.72244 16.0729 18.1088 28.1927 205.874 94.3267 0 34.2314 38.5772 7.49592 19.318 21.5371 0.299744 0.582499 24.2818 14.4251 
50.3648 94.9022 5.89325 8.88411 91.7992 1.35525 23.3589 26.9861 106.534 0.0484916 15.9399 96.266 14.166 4.55009 2.03202 5.16473 30.4398 57.1094 8.9596 0 19.2011 0.32845 0.00146298 0.456385 5.72472 8.53276 0.892178 0.293485 
11.8263 112.795 120.945 198.956 0.170099 12.3717 142.845 53.2505 180.925 59.5997 149.154 166.14 76.7662 44.9086 13.0103 61.3803 2.20171 64.6837 16.6451 205.552 0 0.788922 10.3436 43.9439 29.58 0.0859958 32.8909 30.7831 
33.9248 14.695 12.6043 10.0272 11.9886 19.0959 5.22268 0.155389 5.93901 4.73139 14.8802 39.9977 1.94855 10.718 6.03295 7.04001 21.2292 21.1516 9.93545 5.04544 4.87454 0 9.29179 14.1168 10.6913 0.635741 0.873818 1.12813 
42.2769 7.68633 8.59553 7.06354 3.37237 7.58019 67.1649 43.5899 101.646 0.825869 133.625 116.043 67.6044 1.69271 24.5165 6.55211 17.7213 0.0526892 22.0765 3.05578 23.3729 8.21008 0 13.3133 22.8704 7.69731 13.4866 8.03715 
43.126 61.7472 14.7703 1.3556 2.6162 4.32955 12.6423 138.061 67.3667 59.6435 90.4134 16.7475 0.519866 0.0755164 1.97808 27.8728 0.0342078 46.1257 5.97666 2.80238 1.15248 14.0404 20.3456 0 42.9706 15.3265 1.2345 13.8615 
468.165 422.211 1.64612 396.581 51.2074 407.709 1.09237 98.4672 495.268 17.8123 145.916 171.952 50.0571 15.7266 7.78955 31.6808 421.844 29.8557 1.33333 4.54106 2.32449 21.357 19.7658 7.65272 0 111.351 56.585 48.7877 
77.8507 59.8435 0.379259 18.2172 21.2764 16.7906 87.1677 0.572239 140.843 61.9692 119.233 378.18 0.324926 0.0237704 0.324847 7.1319 22.7364 11.5128 22.1007 2.3547 0.946404 10.7274 6.0994 2.10487 38.4718 0 0.84289 18.4198 
28.341 53.2841 0.0493394 23.006 19.8539 10.577 49.1144 4.80631 23.7228 39.6641 85.5699 4.28038 39.2453 6.96281 18.6752 0.0017333 0.120644 28.771 3.99339 9.42994 44.1965 2.00314 13.0647 19.1265 16.3454 37.9706 0 36.2965 
0.0615415 4.0834 21.6089 5.83344 18.63 0.00262051 35.9035 129.562 67.2774 37.5011 103.285 89.8603 0.450019 9.69755 6.83514 9.38454 2.71403 22.7099 17.4828 11.4296 0.560202 10.2185 1.15358 11.3457 20.4127 2.68351 15.2649 0 
