0 725.402 125.522 409.23 131.475 366.433 195.371 305.164 494.132 89.0167 188.578 182.721 71.7762 0.573803 0.0654822 45.2666 417.159 221.968 28.7786 108.732 27.2617 39.6941 22.3095 45.0812 374.506 76.1215 19.912 59.4727 
914.6 0 186.613 596.432 293.574 376.097 336.957 19.2843 428.624 38.4984 80.2644 95.5794 12.2536 31.8436 93.6017 84.7127 471.201 593.426 4.02275 103.714 119.394 49.9051 9.12327 59.9463 413.055 56.1863 24.1901 27.3125 
108.149 390.084 0 177.905 0.902498 23.7783 235.312 235.848 314.694 3.35699 128.61 174.639 4.51014 3.34345 14.6733 12.148 2.39462 4.00442 1.27281 16.527 120.151 7.34031 7.63896 0.306454 10.9119 0.463787 12.3737 8.43322 
564.158 598.668 411.733 0 22.4338 336.512 44.8693 848.196 343.286 2.76159 73.0418 235.726 1.63628 23.0471 31.4215 12.7705 356.511 140.321 61.736 9.67076 26.8865 1.77255 6.04121 15.4337 352.028 0.207077 18.1684 1.36489 
141.949 482.985 78.4447 124.003 0 320.352 389.989 71.4175 155.29 291.503 216.067 99.0109 141.307 21.2003 57.3927 19.939 63.8453 224.956 74.1772 91.537 128.979 54.6401 12.4589 10.3535 0.0442174 66.9929 9.39697 56.2732 
403.683 542.866 65.6096 340.638 564.983 0 753.88 6.90349 606.735 499.788 0.0195195 143.013 475.768 0.88114 1.04321 5.39896 364.687 56.6648 86.6222 4.77714 0.571035 13.2772 0.703164 0.000286648 338.738 7.29022 15.3696 15.8835 
149.488 165.052 111.904 26.086 432.903 23.243 0 394.691 1298.23 233.129 2.32748 92.2717 0.0463047 85.3829 105.999 84.8868 41.6502 0.0271718 156.079 69.8695 11.3172 47.9183 72.3236 7.91548 8.09416 30.5468 58.9946 36.3022 
218.832 291.531 264.899 2.70873 206.869 164.794 10.5893 0 435.813 0.969688 337.205 998.936 9.29182 6.60015 0.175198 258.088 92.9667 52.4758 113.542 113.143 13.73 0.690703 6.39878 6.33691 178.285 147.184 96.5156 124.211 
345.854 618.035 140.397 635.205 287.548 610.083 3.31298 446.558 0 241.477 860.422 402.638 198.014 14.1352 302.802 67.904 410.696 218.904 37.8908 0.500529 65.0598 68.4827 80.7944 2.24527 342.134 141.193 52.1318 82.7858 
141.004 144.93 106.212 74.8447 317.434 364.115 508.624 222.062 28.9524 0 148.299 246.719 49.7697 14.5371 4.82566 82.5942 22.2619 140.698 36.6385 0.649721 33.5456 19.2751 6.76712 41.0904 44.1232 59.7741 11.4182 34.5821 
54.7082 256.096 181.274 151.093 15.175 258.332 443.453 245.159 877.906 236.947 0 405.612 101.601 191.97 370.111 9.70221 0.21229 128.908 82.8936 2.30335 146.39 13.1569 97.704 22.2292 142.137 108.097 18.5963 72.8844 
217.454 168.041 147.518 17.3422 2.10498 56.4955 212.49 372.374 263.509 78.5253 420.385 0 41.5575 151.72 146.395 6.45725 64.0476 63.9796 68.0242 28.7496 1.31409 8.84722 68.7507 21.4152 286.881 0.712403 79.8331 0.497463 
5.94185 70.6067 64.3922 63.6171 18.6702 22.0279 143.881 71.3999 87.2628 13.3995 0.944128 7.30943 0 124.422 6.21912 69.0676 55.965 18.1115 3.33341 15.9192 51.5559 0.216592 90.9666 32.5717 48.9423 0.370326 19.5981 40.7211 
2.47202 54.2319 16.6978 14.9088 20.7307 21.5636 12.0388 87.8799 19.9875 3.1246 208.417 164.456 5.66557 0 0.0325763 15.5278 0.0183165 36.0333 1.31456 1.73568 13.1673 3.88766 3.4539 2.59495 2.38685 4.89435 6.13062 3.43282 
69.2797 96.7267 30.1235 13.6202 52.4658 3.02305 12.325 165.57 15.5849 124.774 402.594 2.09608 23.9596 37.5233 0 20.5414 24.7994 68.9508 31.4028 4.03587 11.3064 16.606 23.1437 27.3396 0.0978403 0.00404939 19.8506 18.0423 
8.85016 39.5423 14.6249 2.8965 49.2201 25.992 99.0897 259.759 101.356 23.8588 87.6351 176.592 69.253 8.70296 87.3585 0 11.93 45.6469 6.02668 9.03573 1.92222 5.49848 5.82879 24.9455 4.9957 13.6 7.63924 6.74453 
430.041 475.03 54.1918 356.689 153.749 390.402 57.7449 14.7192 383.718 74.6504 36.6567 59.6372 0.0743496 16.6175 0.0508588 6.80229 0 172.63 462.524 14.1616 56.1632 0.369479 10.7421 19.1989 360.861 23.2203 1.53734 3.28344 
195.447 73.1992 103.676 28.1428 55.8985 2.92031 82.6541 31.7057 2.28844 21.5093 86.9565 30.6814 2.14717 21.627 0.872123 0.685014 34.6848 0 5.35932 27.7098 28.9269 3.5501 3.85677 18.5687 25.3062 20.5914 1.69859 10.3161 
30.9497 171.615 43.5878 62.6771 200.375 8.53186 27.4028 93.8382 108.348 66.3724 65.7359 47.7972 4.0075 16.2382 17.839 28.0901 209.11 92.6021 0 34.3593 38.1294 7.38262 19.2288 21.6096 0.33284 0.535714 24.2697 14.5504 
55.5494 96.983 6.18244 9.46381 92.1531 1.46111 22.5108 28.0382 106.481 0.0786399 15.4208 96.3749 14.4155 4.56193 1.97551 5.0942 30.2966 56.3003 9.18905 0 13.3694 0.316905 0.00235346 0.475595 5.63746 8.60915 0.920371 0.313783 
13.5997 110.832 121.7 199.64 0.258263 11.909 142.592 51.1511 181.603 60.3 149.087 166.486 76.658 44.8835 13.3392 61.2214 2.06363 63.7183 16.2698 192.262 0 0.829111 10.1584 43.7802 29.9912 0.0549296 33.0782 31.0722 
33.7803 14.9571 12.6066 9.94297 11.7032 19.0179 4.9884 0.119129 5.69925 5.01228 14.4511 39.4769 2.29204 10.7472 6.17877 7.13422 21.2247 20.9576 9.81407 5.02389 4.78267 0 9.52286 14.1122 10.6566 0.664978 0.841298 1.09785 
42.0991 7.42668 8.50384 7.20511 3.55194 7.44787 66.8405 44.5714 101.485 0.699071 133.567 116.89 66.4667 1.44882 24.3367 6.34634 17.6777 0.0376228 22.0263 3.07395 23.5819 7.97285 0 12.5068 23.0145 7.77869 13.4807 8.09184 
42.7537 61.6984 14.8295 1.46688 2.77077 4.44966 12.1982 137.793 66.4924 59.5118 91.8194 14.942 0.401858 0.0465161 1.72633 28.2078 0.0421257 46.0117 5.8722 2.76581 1.0645 14.0153 20.5755 0 43.1468 15.2184 1.32348 13.8144 
408.295 361.991 1.52147 336.86 50.8078 347.843 0.914226 101.622 436.784 18.3831 145.788 710.573 50.3012 15.6493 8.11724 34.7189 362.282 30.2178 1.26728 4.62454 2.16898 18.2177 19.5778 5.86184 0 109.808 84.6101 72.7259 
77.6308 59.173 0.452274 18.7803 20.7906 16.5339 86.4673 0.196669 141.213 62.5838 117.04 371.478 0.264806 0.0132274 0.241925 6.60739 22.8401 11.8302 21.9433 2.42176 0.836038 10.7363 6.1911 1.97822 38.2518 0 1.00687 19.9443 
28.6267 53.1919 0.0380963 22.8678 19.6183 10.4632 48.8276 4.45578 24.2048 39.8757 85.6693 4.73824 39.2595 6.89487 18.7409 0.00595181 0.133198 28.5781 3.9205 9.46576 44.2142 2.05063 13.0283 19.0946 15.5124 37.9925 0 33.5727 
0.0377384 4.29429 21.6625 5.61856 18.9428 0.00711106 36.4565 128.912 68.0612 37.9052 102.776 87.2268 0.399445 9.76907 6.64116 9.63643 2.64902 22.4429 17.6025 11.4188 0.500338 10.2353 1.11094 11.4405 19.9189 2.05573 17.4047 0 
