0 726.956 86.7468 366.146 96.1322 224.168 224.403 307.945 392.32 75.1077 193.034 199.576 65.223 0.123648 0.651515 38.9978 279.553 205.901 36.9059 39.8953 10.8701 40.0352 24.5973 42.2153 248.428 78.0814 17.7408 58.273 
757.814 0 42.1829 403.613 416.297 218.982 208.83 5.43141 361.112 18.644 54.4467 116.332 19.4773 27.251 90.3176 84.1713 330.348 738.183 11.3589 118.032 133.815 48.978 11.4253 58.5709 283.355 50.6192 26.5065 30.6494 
69.8669 471.761 0 32.8265 8.88329 14.5827 249.188 264.344 430.323 0.380671 90.6421 184.094 7.43687 2.35142 18.0999 14.4164 0.995386 0.125927 0.232037 13.8035 125.16 7.85925 8.37871 0.0892719 13.0089 1.25784 11.4689 7.15898 
339.931 406.502 187.389 0 37.3193 206.626 22.8646 1249.81 206.645 6.89382 97.9574 207.024 3.33345 22.6735 28.542 8.72312 229.221 132.964 60.3192 14.6734 203.107 2.20521 5.00461 13.4967 224.716 1.25446 16.7758 2.38431 
106.279 529.801 106.528 139.323 0 232.131 428.72 91.343 207.785 321.632 192.731 85.5435 154.052 17.1679 64.5065 24.3918 78.3967 211.734 32.338 88.0026 125.856 53.4243 14.971 12.6381 0.0538476 64.9153 7.96193 55.5616 
258.118 378.078 66.6338 214.395 719.057 0 1430.82 0.40868 336.397 377.526 7.42271 151.275 70.9102 1.72978 2.87683 7.33318 229.647 45.1758 89.664 3.44994 0.0360964 12.1229 1.18313 0.0581466 208.88 5.56444 14.5892 17.0026 
183.795 292.089 64.9679 49.0426 401.836 456.204 0 410.017 859.771 105.435 8.68206 62.3457 2.2812 90.3449 119.476 77.1695 48.9685 3.38101 157.574 76.3647 17.442 44.9641 71.6631 5.27166 4.70317 23.2481 59.7666 40.6275 
253.862 293.82 276.382 129.098 215.893 138.158 0.0389068 0 272.634 6.46693 300.157 737.849 4.94403 12.8224 4.48165 257.145 90.0569 65.3196 115.416 116.021 5.86021 0.200529 10.6611 13.3895 188.82 181.331 93.5783 129.98 
206.952 419.494 32.3487 455.239 241.92 339.431 294.242 283.876 0 172.054 949.566 388.829 188.926 16.3308 237.543 84.3418 286.104 215.24 49.361 2.18894 79.9918 69.2926 86.761 0.603219 216.408 137.136 48.158 77.5872 
148.332 174.422 111.604 65.1732 332.023 475.516 467.361 215.192 75.6365 0 32.8588 243.011 106.628 21.5065 0.352091 76.1903 26.9884 135.413 47.2091 1.62163 28.3557 23.1386 4.22265 37.0268 39.0528 64.586 9.57524 31.2875 
70.2042 265.091 145.706 127.635 4.70112 229.654 482.107 193.38 776.724 88.9254 0 475.907 73.0003 207.635 407.633 0.466702 0.915517 117.988 91.1928 4.3038 148.439 10.0992 108.801 13.8985 136.343 89.5435 14.7946 65.0914 
205.602 184.93 126.9 2.75022 5.98084 41.7045 181.408 66.8513 318.026 106.016 331.121 0 31.5753 138.043 96.2422 27.3545 60.3279 54.6064 62.9108 22.9153 4.3952 11.6191 56.7592 40.0394 347.394 38.5088 70.6725 0.71821 
9.38413 82.3608 67.6171 66.557 9.62376 68.0234 118.868 81.6761 106.953 52.0818 0.850542 3.15638 0 144.395 14.4272 74.6851 53.764 13.8295 5.72021 13.9448 48.2482 0.220872 88.8119 38.3021 50.8866 1.08404 18.0885 39.4476 
3.87019 50.1029 16.5114 16.4187 24.9719 20.9391 18.2652 98.2692 31.6198 7.12662 213.286 157.437 21.5241 0 7.13744 17.9657 0.00207007 38.4562 0.811005 1.53541 11.3147 3.03737 6.01382 3.98075 1.5337 3.84951 6.67199 2.80247 
70.6785 95.9471 27.6773 16.9083 59.7611 5.72468 23.2263 177.42 30.79 131.715 397.711 19.917 13.258 56.2122 0 54.297 23.7788 68.5495 29.6867 4.60344 13.8372 17.0711 24.7848 28.1038 0.699568 0.302624 19.7144 19.3805 
13.1451 33.3704 12.3595 5.67166 44.4953 24.8351 94.4635 249.355 85.3465 16.0851 124.484 346.933 62.6978 12.3455 64.8864 0 10.8629 42.6607 7.24195 8.73248 0.823207 6.24881 4.25087 28.4157 5.63744 18.6316 6.47045 4.99901 
303.488 350.873 52.5652 222.185 153.609 257.288 50.3119 18.6623 246.085 77.6882 31.9913 55.7523 0.011908 15.8673 0.000101405 5.88011 0 122.036 243.834 12.4016 58.4589 0.568274 11.3785 19.5872 229.183 23.9692 1.88506 3.85851 
172.523 84.8473 82.8228 17.0756 79.2783 0.441989 59.1222 21.9901 8.13653 14.0765 99.0998 23.3433 0.786329 24.2318 1.96031 1.55111 8.98568 0 1.4191 34.0375 22.7825 2.75359 2.87523 16.5601 28.1262 17.6561 2.34899 12.0549 
39.2387 167.211 48.0362 62.3992 145.483 3.52934 16.8452 87.8571 119.607 77.3831 74.558 53.1625 2.04697 14.9355 19.9562 28.8413 172.201 105.775 0 33.2685 41.6257 8.28295 19.9045 21.0153 0.119669 0.953239 24.3433 13.567 
20.6434 80.164 4.06272 5.33153 88.8699 0.734112 29.4153 20.2008 106.373 0.0366683 19.6593 95.1347 12.4931 4.46191 2.43456 5.6441 31.3504 62.4893 7.4465 0 82.493 0.412519 0.00101781 0.33504 6.32557 7.9987 0.710415 0.172587 
2.95035 125.837 114.575 171.219 0.0587314 15.7168 143.946 68.2716 175.288 54.7663 149.058 163.009 77.3752 44.9964 10.8442 62.2702 3.25965 71.2487 19.2877 285.013 0 0.540337 11.6362 44.9818 26.7766 0.483015 31.5848 28.7913 
34.8767 12.9437 12.569 10.5975 14.0042 19.5763 6.95188 0.531093 7.69572 3.01475 17.9373 43.5436 0.341399 10.4552 5.0608 6.39028 21.2411 22.4766 10.7714 5.18929 5.52137 0 7.6812 14.0532 10.9422 0.452664 1.11115 1.34461 
43.4129 9.55831 9.20595 6.11408 2.26363 8.48713 69.1368 36.9772 102.234 1.96797 132.868 109.462 74.8634 3.6861 25.2337 7.93738 18.0026 0.223163 22.3885 2.929 21.9361 9.80396 0 18.0881 21.6567 7.12118 13.486 7.64973 
45.5831 61.9168 14.3156 0.708486 1.67449 3.54045 15.8376 138.676 73.1681 60.2878 80.4524 31.4293 1.72554 0.45602 4.10061 24.5275 0.00213478 46.8333 6.70651 3.05333 1.84387 14.1178 17.2181 0 40.614 15.962 0.705381 14.137 
278.945 235.722 2.61834 206.875 53.8457 218.734 2.7239 77.0411 296.434 14.0832 145.61 910.117 48.2703 16.1704 5.68228 34.437 230.747 27.384 1.82708 3.98158 3.52341 76.2694 21.0348 24.6813 0 43.9545 178.132 91.6515 
78.9932 64.2623 0.0515226 14.4608 24.6755 18.5122 91.492 8.29449 137.176 57.5101 133.312 399.519 0.898324 0.177308 1.20968 11.0552 22.0034 9.43552 23.1514 1.91626 1.87953 10.6481 5.46668 3.05627 39.6188 0 0.109576 9.18385 
26.3809 53.8314 0.164784 23.9051 21.4753 11.3517 50.9986 7.53224 20.5087 38.1594 84.6604 1.7611 39.0977 7.42134 18.1809 0.0404209 0.0514311 30.0752 4.50538 9.17621 44.0201 1.69099 13.2747 19.2565 22.2502 37.4247 0 55.3746 
0.378644 2.77719 21.1763 7.38297 16.5312 0.030697 32.1364 133.116 61.8005 34.6935 106.3 107.696 0.87504 9.1864 8.20086 7.69697 3.17641 24.5413 16.6562 11.4853 1.05817 10.0922 1.46329 10.6706 23.8909 8.98524 4.05872 0 
