0 569.28 70.7163 212.949 81.7781 26.7426 234.944 305.721 210.628 69.1947 194.091 205.746 62.3793 0.0318742 1.08337 36.3308 83.2964 197.552 40.5326 34.8128 6.05092 40.1456 25.569 40.9398 57.188 78.6674 16.8343 57.6636 
526.49 0 9.65115 180.641 458.952 18.5321 156.482 2.07697 196.969 12.1896 44.5866 125.156 22.9796 25.3358 88.5931 83.665 132.305 723.17 15.526 123.315 139.556 48.5291 12.4638 57.8824 90.4158 48.192 27.4948 32.0769 
54.7528 468.299 0 5.10546 14.6455 11.1556 249.265 271.6 459.133 0.00931027 75.1805 186.472 8.8778 1.97355 19.5529 15.3658 0.580478 0.121842 0.0421613 12.6385 126.379 8.07697 8.68466 0.0360685 13.9118 1.70749 11.0784 6.63298 
108.803 183.634 178.095 0 44.4635 14.3721 15.4628 772.247 19.0078 9.17486 108.724 192.29 4.22777 22.4491 27.2331 7.17459 37.5192 129.002 59.5306 16.984 24.3179 2.40144 4.58268 12.6689 33.0029 1.95987 16.1724 2.89692 
91.5647 530.457 118.29 144.912 0 161.066 434.907 100.074 229.59 328.741 181.841 79.8243 158.791 15.5388 67.4181 26.3587 84.6045 204.685 19.1512 86.1616 124.215 52.8355 16.0849 13.6595 0.176523 63.9054 7.38043 55.1899 
58.7715 167.987 66.1227 23.5656 893.425 0 1143.4 0.0451393 92.6643 463.308 15.392 153.921 79.7754 2.16929 3.91174 8.2136 34.6404 40.445 90.2741 2.93987 0.00260968 11.6232 1.422 0.123017 16.1145 4.88294 14.2462 17.4598 
197.47 345.839 47.4282 60.3118 378.999 728.703 0 409.34 560.761 62.2472 23.2652 50.8823 5.0166 92.0634 124.451 73.621 52.1237 6.47979 157.311 78.9029 20.3924 43.6583 71.1896 4.29664 3.52368 20.3509 60.0159 42.4553 
266.702 292.119 275.78 174.454 218.655 126.011 2.78917 0 205.246 10.2312 281.493 575.519 3.49349 16.0188 8.01552 251.468 88.6797 70.9791 115.95 116.772 3.4872 0.0808642 12.7639 17.0943 191.517 194.059 92.1022 131.835 
12.3932 196.635 8.19462 236.447 220.553 95.2208 576.26 215.851 0 142.825 1591.2 377.631 184.071 17.9306 221.391 91.2652 95.4203 212.6 54.4925 3.26056 86.4796 69.5391 89.0575 0.219097 25.8102 134.64 46.4376 75.2222 
150.791 186.008 113.048 60.9075 332.009 485.426 429.922 210.873 100.559 0 7.95079 239.484 134.425 24.7454 0.00888713 73.0577 29.074 132.698 51.8719 2.16354 26.2258 24.8261 3.30807 35.2523 36.8684 66.4299 8.82781 29.8721 
77.0653 266.957 129.591 117.086 2.02822 213.827 486.926 170.957 635.071 44.0275 0 496.394 61.6642 211.32 405.208 0.130172 1.36248 113.128 94.5815 5.33291 148.928 8.90272 113.045 10.8756 133.15 81.4911 13.2814 61.7007 
199.415 191.379 117.44 0.331463 8.20786 35.8425 167.41 8.82802 338.257 118.081 288.996 0 27.64 131.16 76.1971 70.504 58.6998 50.7129 60.6877 20.5702 6.23809 12.8924 51.7049 49.2459 324.778 70.0497 66.6846 2.26796 
11.0634 87.3189 68.7909 67.6564 6.62804 91.6089 107.991 86.0164 115.326 74.7648 2.97813 1.90123 0 150.192 18.8065 76.7326 52.7676 12.1565 6.91578 13.125 46.8169 0.751929 87.2456 40.7238 51.6276 1.49882 17.4483 38.8624 
4.55226 48.2666 16.3697 17.0346 26.8321 20.5895 21.2161 102.338 37.1495 9.27539 212.143 153.052 30.8619 0 14.4191 18.6579 0.0149924 39.4543 0.632375 1.45212 10.5546 2.69476 7.04357 4.60792 1.22208 3.42656 6.89978 2.54765 
71.0951 95.249 26.4989 18.3382 62.7852 7.0918 28.7002 180.883 39.6308 133.158 377.391 32.5509 9.54381 60.5437 0 68.1458 23.3245 68.2455 28.917 4.84918 14.9677 17.2224 25.136 28.0909 1.11779 0.655562 19.6203 19.9036 
15.1792 30.7953 11.3919 7.08924 42.4435 24.2453 92.0654 239.898 78.3605 13.1425 140.068 409.461 59.6705 13.8086 50.6262 0 10.4129 41.3468 7.78254 8.58778 0.493231 6.56749 3.61365 29.1114 6.18933 20.7373 5.98674 4.31291 
111.803 159.752 51.703 27.4436 152.711 62.9309 47.1668 20.4494 50.0182 78.8187 30.0531 54.0659 0.0737539 15.5392 0.0121794 5.50213 0 100.958 231.211 11.6672 59.376 0.665431 11.6469 19.7393 35.567 24.2684 2.04277 4.11465 
161.79 68.937 73.8419 13.0938 89.8604 0.0476158 49.8906 18.3205 11.6687 11.3408 104.198 20.4699 0.409066 25.3491 2.55116 2.02264 3.00415 0 0.503261 36.8066 20.3399 2.44324 2.49828 15.7218 29.3323 16.4477 2.65588 12.8232 
42.9174 164.214 49.7929 62.0834 121.89 2.03641 13.0383 85.169 124.07 81.9339 78.2646 55.4392 1.40621 14.3772 20.8561 29.1231 149.528 111.088 0 32.7446 43.1005 8.67427 20.1755 20.745 0.0612252 1.16593 24.3597 13.148 
10.5444 72.7803 3.2724 3.88781 87.1291 0.497781 32.5103 17.1742 105.962 0.153801 21.5733 94.341 11.6995 4.41446 2.64065 5.87533 31.7507 65.0011 6.74628 0 124.14 0.456757 0.00437116 0.282279 6.62061 7.73138 0.628749 0.125035 
0.754915 131.903 110.754 162.625 0.315385 17.4562 144.081 75.9514 171.923 52.3876 148.658 161.003 77.5894 44.986 9.84287 62.5784 3.84686 74.4169 20.622 311.849 0 0.435829 12.2832 45.4355 25.4187 0.792798 30.9322 27.8117 
35.3179 12.1162 12.5396 10.8721 15.0257 19.7763 7.87357 0.794911 8.62465 2.31046 19.5014 45.2587 0.0347625 10.2877 4.60494 6.07105 21.2349 23.1213 11.1825 5.25719 5.84862 0 6.89 13.9626 11.0749 0.374149 1.23625 1.45608 
43.9156 10.5304 9.4921 5.66422 1.79955 8.92902 69.9383 33.8342 102.194 2.69584 131.776 105.787 78.0248 4.77778 25.2508 8.58608 18.1294 0.348894 22.521 2.86561 21.2312 10.55 0 19.6818 20.9294 6.82911 13.4599 7.45277 
46.722 61.8953 14.0634 0.466536 1.28889 3.17733 17.4897 138.203 75.8695 60.4385 75.4237 39.9096 2.56135 0.751987 5.36448 22.3296 0.000462149 47.1321 7.0719 3.17611 2.23736 14.0956 14.9015 0 38.7861 16.2038 0.498822 14.2414 
86.1488 44.4719 3.16543 14.1824 55.07 26.2358 3.77675 66.8793 98.8961 12.3844 144.714 204.331 47.3267 16.3317 4.74849 49.4448 37.1892 26.1832 2.09426 3.7166 4.19259 90.9554 21.6351 34.2127 0 26.7043 129.695 137.02 
79.3185 66.3018 0.00134724 12.7087 26.3766 19.3261 93.2909 15.1946 134.687 55.1887 139.496 393.65 1.27969 0.303081 1.83581 13.1273 21.631 8.48385 23.6471 1.71573 2.4459 10.5978 5.15597 3.56995 39.9431 0 0.00186744 5.65318 
25.4225 54.0455 0.245388 24.3135 22.2718 11.7271 51.8676 9.06461 18.9963 37.3903 84.0727 0.926825 38.9939 7.64066 17.9118 0.101921 0.0281959 30.7014 4.76383 9.04698 43.899 1.54689 13.3523 19.2638 25.1842 36.9117 0 64.3323 
0.630511 2.22729 20.9247 8.18593 15.5341 0.081536 30.3142 134.271 59.0667 33.2997 107.471 116.147 1.13208 8.92393 8.88824 6.9028 3.41314 25.4373 16.248 11.5007 1.35678 10.0234 1.62543 10.3258 25.6213 13.1674 1.1132 0 
