0 904.265 40.9471 601.021 54.6667 332.589 252.409 294.955 545.125 57.273 194.657 216.271 56.4904 0.0311738 2.30189 30.9303 389.874 178.079 48.1923 53.5601 0.523708 40.3063 27.5482 38.2383 374.158 79.3932 15.016 56.2364 
723.071 0 15.9228 432.484 517.821 325.086 66.0207 0.15339 570.165 3.12174 26.9776 142.92 30.8687 21.5162 84.4922 82.1227 434.571 689.713 25.8315 132.309 150.401 47.5108 14.6908 56.2868 403.637 43.1554 29.5187 35.0022 
28.0588 390.805 0 49.1864 30.3601 5.36604 238.489 276.383 468.581 0.940708 46.3615 188.123 12.1647 1.29139 22.4619 17.2503 0.0763478 3.19131 0.130783 10.2856 127.108 8.51584 9.29072 0.00113044 15.7618 2.82462 10.2713 5.59283 
358.931 435.346 88.0907 0 60.2148 330.369 4.60745 1284.8 357.648 14.7434 130.428 158.868 6.36713 21.8712 24.4329 4.39939 353.651 119.507 57.5841 21.9254 628.233 2.82515 3.75963 10.9833 349.089 3.86244 14.9219 4.08541 
63.3293 495.461 140.985 154.314 0 43.251 427.261 118.135 271.352 331.719 158.247 68.2552 167.055 12.3886 73.0985 30.4907 97.1312 187.926 2.60441 81.809 120.293 51.5009 18.44 15.8345 0.647926 61.6141 6.24603 54.3025 
359.812 444.113 63.3521 342.165 640.971 0 1466.32 3.81534 337.232 562.129 39.7741 157.608 111.014 3.20433 6.46137 10.1003 344.048 31.2122 90.2145 2.00749 0.297039 10.5898 1.97253 0.330172 330.137 3.59977 13.5253 18.3562 
222.799 442.335 18.8149 85.2319 317.986 952.51 0 394.557 73.2587 7.41136 72.99 30.413 13.8071 94.7972 132.949 65.9702 58.6095 15.8047 155.104 83.6157 27.0225 40.9059 69.8681 2.59441 1.62346 14.8823 60.3764 46.1525 
288.204 283.735 264.348 190.645 222.206 100.506 21.6524 0 87.8254 20.4424 239.312 242.208 1.29439 23.4825 18.2144 230.73 85.6132 82.8107 116.542 117.408 0.525739 0.00259771 17.565 25.8513 193.53 215.451 88.6791 134.457 
326.66 450.836 9.18145 492.492 175.005 338.324 1136.4 95.6916 0 87.3749 631.841 345.77 172.458 22.4256 309.773 104.998 413.386 205.262 65.3378 6.09257 99.8522 69.859 93.2588 0.0274252 344.976 128.178 42.8744 70.1313 
154.519 207.176 114.343 52.0415 320.33 412.892 326.837 199.605 157.815 0 10.4436 228.801 193.439 31.7608 2.25055 66.0103 33.4552 126.326 61.5826 3.5053 22.0341 28.337 1.76756 31.5654 32.3867 69.78 7.37093 26.9656 
91.4251 267.024 96.363 95.0641 0.0118671 176.532 474.209 126.066 359.89 0.424566 0 517.585 40.6332 212.926 366.394 6.20048 2.54972 102.866 101.196 7.75904 149.211 6.66005 120.68 5.76066 125.368 65.1168 10.3937 54.6848 
184.852 202.993 97.3554 2.71079 13.8026 24.8771 138.072 60.756 372.289 142.845 201.365 0 20.2454 115.489 40.3287 202.468 55.2921 42.9722 56.0681 16.0643 10.9681 15.6632 41.6181 69.8263 208.135 154.288 58.4418 8.0791 
14.8803 97.2739 70.8006 69.6079 2.19177 116.084 85.8604 94.7682 132.168 129.066 11.269 0.313071 0 156.179 29.1639 80.2145 50.6226 9.02674 9.68329 11.4902 43.8504 2.80843 82.8993 45.5912 52.9755 2.55077 16.1441 37.5868 
6.10472 44.3867 15.9662 18.2355 30.7175 19.7256 27.7324 109.874 49.3153 14.4236 203.898 141.718 53.5097 0 33.4629 19.3283 0.0784329 41.4295 0.334433 1.28569 9.05548 2.03822 8.74517 5.9109 0.687377 2.61242 7.35978 2.05403 
71.6084 93.1516 23.8754 21.2842 68.7592 10.2377 41.1768 184.808 61.3794 133.175 307.674 66.1465 3.73465 60.2298 0 87.1098 22.3595 67.3776 27.2751 5.3584 17.3719 17.4428 25.1721 27.4332 2.26295 1.78374 19.3613 20.878 
19.6843 25.6694 9.4341 10.3692 38.1975 22.8711 86.4263 212.393 64.0452 7.92045 170.17 488.066 53.1309 16.4304 21.1901 0 9.50124 38.5879 8.92929 8.26383 0.0787994 7.21453 2.41445 28.9355 7.80244 24.7849 5.02879 3.03398 
427.414 475.618 49.6372 337.454 149.338 373.34 40.8115 24.2961 357.337 80.8156 26.1876 50.5616 0.365012 14.8519 0.0997191 4.7568 0 61.2763 386.431 10.1975 61.1369 0.887631 12.1918 20.0258 347.717 24.8431 2.38372 4.65983 
138.563 13.7315 55.8423 6.47049 112.214 0.486746 32.8789 11.7527 20.7392 6.59844 114.413 15.0913 0.0173981 27.6455 3.99314 3.17602 0.776928 0 0.0789776 42.5611 15.6914 1.86194 1.8043 14.0403 31.8056 14.0595 3.33964 14.4462 
50.651 156.113 53.0906 61.074 76.3778 0.24208 6.66173 79.4334 132.479 90.8574 85.7035 60.068 0.464269 13.2303 22.688 29.6277 97.6222 121.248 0 31.5658 46.0856 9.48948 20.6986 20.1602 0.00205182 1.6656 24.3656 12.2904 
0.601297 57.6709 1.89255 1.60088 82.9667 0.154823 39.0637 11.6303 104.448 0.644117 25.6737 92.2325 10.1259 4.3084 3.08113 6.34113 32.4766 69.8648 5.39708 0 215.579 0.553881 0.0185443 0.187724 7.22647 7.17261 0.476112 0.0512996 
0.768152 143.551 101.638 190.809 1.47483 21.2152 143.527 92.1703 163.851 47.4981 147.123 155.954 77.8568 44.8557 7.91421 62.9476 5.19188 80.7956 23.438 332.092 0 0.256331 13.6388 46.2537 22.6689 1.66174 29.5665 25.7946 
36.1721 10.4812 12.4542 11.4258 17.1892 20.1135 9.91314 1.4985 10.6683 1.15132 22.8395 48.7262 0.396088 9.86839 3.7161 5.41682 21.1975 24.4368 12.0301 5.39146 6.54199 0 5.30202 13.6574 11.3742 0.235905 1.51108 1.69605 
44.8359 12.6336 10.0508 4.77544 1.01055 9.82718 71.2386 27.6304 101.445 4.52274 128.095 97.4266 83.5793 6.96293 24.6021 9.81887 18.3672 0.693048 22.7517 2.73287 19.7824 11.9722 0 20.8579 19.1973 6.21331 13.3536 7.03472 
48.9199 61.6376 13.4882 0.12663 0.653477 2.48277 21.042 135.667 81.0889 60.4095 64.9341 59.4006 4.76116 1.56143 8.32675 17.072 0.0256825 47.6474 7.83783 3.42766 3.15579 13.9279 9.37895 0 33.8812 16.552 0.185274 14.3926 
399.652 361.558 4.42449 328.583 57.4376 340.706 6.44011 47.277 402.694 9.18201 141.382 951.2 45.2565 16.5452 3.05921 82.1612 349.453 23.7428 2.6942 3.19214 5.73005 50.522 22.7967 50.3805 0 100.199 101.465 15.965 
79.5026 70.2069 0.124773 9.34905 29.9298 20.9245 96.2948 35.0837 128.24 50.1894 150.464 349.912 2.26493 0.661707 3.48891 17.5113 20.8395 6.66894 24.625 1.33426 3.82764 10.4715 4.52071 4.70843 40.1067 0 0.298558 0.977492 
23.4599 54.3745 0.45971 25.0845 23.9112 12.4892 53.5386 12.5961 16.0249 35.7484 82.5799 0.0453255 38.7165 8.07943 17.3061 0.314401 0.00222497 31.9616 5.31029 8.77153 43.5799 1.26905 13.4592 19.1639 31.0704 35.3779 0 80.0669 
1.34325 1.28447 20.3293 9.91447 13.5532 0.26131 26.6341 135.418 53.3796 30.4108 109.234 132.515 1.7589 8.36264 10.3272 5.35779 3.92041 27.2736 15.403 11.5081 2.08076 9.8681 1.97879 9.59236 29.1333 23.346 0.873287 0 
