0 856.585 43.6036 545.757 57.144 284.482 250.97 296.361 494.46 58.4186 194.697 215.377 57.0667 0.0201378 2.16357 31.4511 341.798 180.102 47.4346 51.4625 0.798945 40.2946 27.3562 38.5065 325.064 79.3508 15.1908 56.3859 
687.419 0 10.9203 389.552 514.019 276.491 73.4931 0.0452405 515.653 3.74974 28.5274 141.216 30.0601 21.8816 84.9242 82.3025 386.95 165.171 24.7287 131.549 149.403 47.6158 14.4681 56.4531 354.924 43.6488 29.3216 34.7174 
30.3505 401.964 0 39.3843 28.6166 5.84894 240.165 276.527 470.712 0.750206 48.9571 188.155 11.8254 1.3522 22.1841 17.071 0.104831 2.71253 0.0938586 10.5116 127.142 8.47351 9.23298 0.000139612 15.582 2.70455 10.3503 5.6918 
315.167 392.447 112.057 0 58.6261 281.307 5.39515 889.856 305.652 14.1503 128.353 162.268 6.14097 21.9344 24.7117 4.64432 304.633 120.508 57.7928 21.4354 204.09 2.78261 3.83728 11.1466 300.077 3.65098 15.0445 3.96166 
65.938 500.918 138.887 153.527 0 49.8092 429.201 116.373 267.509 332.125 160.606 69.3708 166.339 12.6839 72.5635 30.0826 95.9279 189.686 3.55846 82.2661 120.707 51.6385 18.2064 15.6177 0.589021 61.8503 6.35314 54.3963 
312.222 399.06 63.7209 292.87 169.661 0 1095.42 3.18352 292.689 850.532 36.9623 157.354 208.48 3.09588 6.18904 9.91217 295.681 32.0802 90.298 2.09143 0.246874 10.6909 1.91535 0.305614 281.32 3.71778 13.5966 18.2714 
220.516 434.107 21.0983 82.7262 324.628 960.406 0 396.77 103.588 10.4849 67.0836 32.2121 12.768 94.5786 132.228 66.7349 57.9775 14.7255 155.417 83.187 26.3431 41.1784 70.0174 2.74248 1.77754 15.3856 60.3502 45.7954 
286.417 284.836 266.048 187.685 221.986 103.001 19.0593 0 97.5807 19.3051 243.606 271.59 1.46238 22.7044 17.0539 233.252 85.9263 81.647 116.514 117.4 0.700287 0.000333245 17.0694 24.9335 193.545 213.678 89.0357 134.273 
277.587 407.639 6.04182 449.463 179.49 293.944 1093.6 105.789 0 92.4044 1382.63 349.361 173.683 21.916 303.213 103.695 364.204 206.088 64.2651 5.77968 98.5489 69.8389 92.8804 0.010767 295.618 128.885 43.2235 70.641 
154.235 205.286 114.317 52.9085 322.14 425.477 338.005 200.84 151.978 0 6.99109 230.039 187.717 31.0585 1.85976 66.7302 33.0226 126.993 60.6311 3.36109 22.4318 27.9924 1.8975 31.9269 32.8228 69.48 7.50839 27.2489 
90.013 267.24 99.5644 97.2154 0.00166529 180.389 476.765 130.326 379.143 1.54453 0 516.809 42.5358 213.126 372.029 5.21599 2.41807 103.882 100.572 7.50422 149.226 6.86601 120.003 6.19259 126.196 66.6934 10.6622 55.3708 
186.375 201.961 99.3358 2.04585 13.1978 25.8776 140.947 45.7499 369.461 140.447 209.779 0 20.9244 117.095 43.4402 187.979 55.6282 43.7112 56.5217 16.4847 10.4519 15.3838 42.5803 67.7405 216.395 145.288 59.2468 7.36085 
14.4869 96.319 70.6287 69.436 2.52104 115.563 87.9907 93.9256 130.553 123.446 10.234 0.40911 0 155.96 28.0813 79.9192 50.8376 9.31366 9.39537 11.6467 44.1414 2.5516 83.3875 45.1241 52.8544 2.4364 16.2707 37.7155 
5.94438 44.771 16.0121 18.1223 30.3352 19.8182 27.0719 109.191 48.0876 13.8807 205.041 142.952 51.1415 0 31.5182 19.3091 0.070065 41.2412 0.35942 1.30166 9.19801 2.09928 8.61141 5.78443 0.733148 2.68836 7.31538 2.10039 
71.5787 93.3949 24.142 20.9973 68.1919 9.91267 39.8959 184.618 59.0727 133.348 315.827 62.4817 4.18869 60.8174 0 86.021 22.4555 67.4766 27.4388 5.30846 17.1326 17.4267 25.2093 27.534 2.13479 1.65052 19.3905 20.7891 
19.2266 26.1587 9.62257 10.0296 38.6131 23.0143 87.0165 215.503 65.4312 8.37838 167.392 484.019 53.7848 16.2031 23.7866 0 9.58948 38.8605 8.81528 8.29698 0.103613 7.15194 2.5238 29.0479 7.61822 24.412 5.12002 3.15056 
378.48 426.713 49.8557 289.025 149.756 324.895 41.4243 23.9106 309.169 80.6402 26.5579 50.9058 0.32689 14.9197 0.0874679 4.82772 0 64.8604 238.518 10.3386 60.9724 0.864606 12.139 19.9994 299.09 24.7894 2.34943 4.60548 
140.881 17.3694 57.5547 7.02062 110.011 0.370176 34.412 12.3348 19.7501 7.00821 113.434 15.5846 0.0329264 27.4215 3.83908 3.05265 0.39219 0 0.0339884 41.997 16.1225 1.91535 1.86729 14.2019 31.5647 14.2868 3.26976 14.2852 
49.8881 157.013 52.7882 61.1935 80.5511 0.34058 7.19552 80.0047 131.706 90.0157 84.9892 59.6197 0.533913 13.3422 22.5104 29.5829 102.681 120.306 0 31.6867 45.7971 9.40926 20.6495 20.219 0.00422884 1.61316 24.3667 12.374 
0.900739 59.1293 2.01211 1.78207 83.4062 0.179782 38.4147 12.1295 104.635 0.581579 25.2644 92.4661 10.276 4.31925 3.03714 6.29626 32.4115 69.4088 5.52333 0 206.88 0.544031 0.0167311 0.196129 7.1674 7.22765 0.490111 0.0570799 
0.498825 142.467 102.597 185.824 1.32453 20.8379 143.63 90.5687 164.705 47.9749 147.315 156.5 77.8409 44.8748 8.09473 62.9272 5.05248 80.1817 23.1589 332.349 0 0.271767 13.505 46.1806 22.9347 1.56329 29.7013 25.9917 
36.0918 10.6369 12.464 11.3723 16.9744 20.085 9.7056 1.42032 10.461 1.24723 22.5068 48.3914 0.302362 9.9136 3.79985 5.48047 21.2026 24.3089 11.9472 5.37866 6.47303 0 5.45347 13.6941 11.3432 0.248031 1.4832 1.67197 
44.7528 12.4222 9.99812 4.86 1.07781 9.74023 71.1324 28.2191 101.557 4.32521 128.538 98.2866 83.0967 6.76276 24.7051 9.70566 18.3454 0.654398 22.7317 2.74597 19.9238 11.8412 0 20.8765 19.3792 6.2742 13.3671 7.07628 
48.714 61.6754 13.5476 0.150433 0.706205 2.54743 20.6865 136.006 80.6002 60.4323 65.9621 57.3963 4.51864 1.47145 8.01939 17.6139 0.02153 47.6029 7.76219 3.40316 3.05973 13.9514 9.93081 0 34.4185 16.5269 0.209256 14.3816 
350.913 312.445 4.29397 279.716 57.2154 291.851 6.15132 49.0968 354.897 9.47685 141.794 319.556 45.4662 16.5314 3.20976 79.9638 300.815 23.9793 2.63263 3.24212 5.57054 56.8396 22.6884 49.1663 0 91.889 78.5604 22.5087 
79.5133 69.8435 0.099376 9.66089 29.58 20.7732 96.0435 32.8333 128.945 50.6894 149.504 355.88 2.15696 0.620908 3.30695 17.082 20.9183 6.83765 24.5319 1.36965 3.68005 10.4852 4.58238 4.5929 40.1208 0 0.239129 1.2685 
23.651 54.3489 0.435917 25.0134 23.751 12.4154 53.3823 12.2294 16.3066 35.9122 82.7424 0.0818811 38.7473 8.03732 17.3683 0.28861 0.00347519 31.8401 5.25605 8.799 43.6152 1.29509 13.4519 19.1805 30.511 35.555 0 78.7443 
1.26221 1.36537 20.3919 9.74145 13.7425 0.239327 26.9889 135.379 53.9378 30.6939 109.101 130.989 1.69194 8.41867 10.1855 5.50286 3.86968 27.0947 15.4858 11.5088 2.00359 9.8841 1.94313 9.66529 28.7963 22.2835 0.548724 0 
