0 868.923 42.9335 559.945 56.5211 296.86 251.335 296.017 507.482 58.1314 194.689 215.604 56.9227 0.0226728 2.19776 31.3207 354.17 179.599 47.6239 52.0019 0.724624 40.2976 27.4042 38.4395 337.691 79.362 15.147 56.3487 
696.711 0 12.0843 400.633 515.011 288.982 71.594 0.0662744 529.637 3.58748 28.1367 141.643 30.2617 21.7901 84.8168 82.2581 399.21 273.368 25.0023 131.741 149.654 47.5896 14.5237 56.4118 367.456 43.5255 29.3709 34.7886 
29.7704 399.238 0 41.7424 29.0493 5.72649 239.759 276.504 470.241 0.79581 48.303 188.151 11.9097 1.33687 22.2536 17.1159 0.0972841 2.82865 0.102509 10.455 127.136 8.4841 9.24745 0.000297901 15.627 2.73439 10.3306 5.667 
326.434 403.517 106.14 0 59.0224 293.924 5.19237 1111.53 318.989 14.2977 128.873 161.42 6.19705 21.9188 24.6421 4.58259 317.24 120.259 57.7411 21.5579 316.649 2.79321 3.81779 11.1057 312.683 3.70334 15.0139 3.99243 
65.2826 499.594 139.414 153.726 0 48.0436 428.74 116.813 268.475 332.038 160.018 69.0911 166.52 12.6099 72.6975 30.1847 96.229 189.248 3.3061 82.1525 120.604 51.6042 18.2647 15.6719 0.603487 61.7915 6.3263 54.373 
324.471 410.676 63.6306 305.546 238.219 0 1235.35 3.33621 304.123 795.056 37.6572 157.419 148.48 3.1228 6.25661 9.9591 308.125 31.8622 90.2787 2.07031 0.258986 10.6656 1.92958 0.311668 293.877 3.68812 13.5787 18.2926 
221.091 436.192 20.516 83.3521 322.979 959.072 0 396.232 95.5491 9.66736 68.541 31.7581 13.0242 94.6342 132.41 66.5441 58.1357 14.9922 155.341 83.2949 26.5124 41.1104 69.9805 2.70506 1.73836 15.2592 60.3569 45.8849 
286.87 284.566 265.634 188.299 222.044 102.377 19.6927 0 95.1035 19.5867 242.535 264.139 1.41954 22.8982 17.3405 232.631 85.8484 81.938 116.521 117.403 0.654328 0.000698611 17.1927 25.1617 193.545 214.128 88.9472 134.32 
290.204 418.785 6.7665 460.573 178.368 305.337 1104.68 103.228 0 91.1391 1275.92 348.473 173.378 22.0418 305.047 104.022 376.853 205.884 64.5331 5.85708 98.8748 69.8441 92.9757 0.0142127 308.31 128.709 43.1363 70.514 
154.308 205.762 114.325 52.6919 321.701 422.434 335.228 200.534 153.434 0 7.7906 229.734 189.15 31.2339 1.95408 66.5505 33.1307 126.827 60.8688 3.39693 22.3322 28.0785 1.86462 31.8366 32.7137 69.5556 7.47392 27.178 
90.366 267.191 98.7623 96.6772 7.78173e-06 179.428 476.152 129.257 374.15 1.19933 0 517.03 42.057 213.083 370.655 5.45433 2.45067 103.628 100.729 7.56759 149.223 6.81422 120.173 6.08337 125.99 66.2986 10.5948 55.1992 
185.996 202.221 98.8412 2.20345 13.3477 25.6259 140.228 49.3133 370.179 141.048 207.669 0 20.7538 116.695 42.6533 191.581 55.5443 43.5261 56.4085 16.3791 10.5799 15.4535 42.3391 68.2607 214.176 147.526 59.0457 7.53728 
14.5848 96.5584 70.6721 69.4793 2.43659 115.73 87.4573 94.1365 130.957 124.847 10.4882 0.383909 0 156.022 28.3509 79.9939 50.784 9.24149 9.46694 11.6075 44.0686 2.61473 83.2666 45.2412 52.8849 2.46476 16.239 37.6834 
5.9843 44.675 16.0008 18.1507 30.4307 19.7953 27.2366 109.362 48.3938 14.0157 204.762 142.645 51.7311 0 32.0046 19.3148 0.0721126 41.2884 0.353087 1.29765 9.16232 2.08395 8.64559 5.8161 0.721586 2.66928 7.32648 2.08876 
71.5865 93.3349 24.0756 21.069 68.3342 9.99353 40.215 184.669 59.6462 133.309 313.811 63.3913 4.0727 60.6815 0 86.3106 22.4315 67.4522 27.3979 5.32094 17.1923 17.4308 25.2008 27.5096 2.16649 1.68334 19.3833 20.8114 
19.3407 26.0361 9.57539 10.114 38.5091 22.9787 86.8696 214.734 65.0843 8.26261 168.091 485.11 53.6216 16.2606 23.1282 0 9.56738 38.7923 8.84374 8.28873 0.0970864 7.16761 2.49633 29.0217 7.66368 24.5057 5.09711 3.12127 
391.067 439.294 49.8014 301.485 149.653 337.359 41.2708 24.0067 321.563 80.6845 26.4651 50.8198 0.336228 14.9028 0.0904607 4.80993 0 63.9571 269.986 10.3033 61.0137 0.870339 12.1523 20.006 311.599 24.8029 2.35798 4.61905 
140.302 16.3793 57.1256 6.8812 110.561 0.397843 34.0262 12.1878 19.9956 6.90455 113.679 15.4607 0.0285855 27.4775 3.87736 3.08327 0.476232 0 0.0434881 42.1381 16.0142 1.90191 1.85143 14.1614 31.6249 14.2298 3.28715 14.3255 
50.0789 156.791 52.8642 61.1641 79.5008 0.314387 7.06024 79.8622 131.9 90.2267 85.1682 59.7317 0.516041 13.3142 22.5549 29.5942 101.412 120.542 0 31.6566 45.8693 9.42931 20.6618 20.2043 0.00361117 1.62619 24.3664 12.353 
0.812006 58.7642 1.98187 1.73587 83.297 0.173373 38.577 12.0038 104.589 0.596934 25.3665 92.4082 10.2384 4.31655 3.04812 6.30748 32.4279 69.5234 5.49165 0 209.066 0.546486 0.0171755 0.194014 7.18216 7.21391 0.486599 0.055606 
0.560825 142.739 102.358 187.045 1.36136 20.9321 143.605 90.9684 164.493 47.8558 147.268 156.365 77.8451 44.8702 8.04948 62.9326 5.08715 80.3355 23.2287 332.33 0 0.267878 13.5384 46.199 22.8681 1.58768 29.6676 25.9424 
36.1119 10.5978 12.4616 11.3857 17.028 20.0922 9.75734 1.43966 10.5126 1.2229 22.5898 48.4752 0.324615 9.90238 3.77886 5.46454 21.2014 24.3409 11.9679 5.38187 6.49023 0 5.41553 13.6851 11.3509 0.244969 1.49015 1.67797 
44.7737 12.4749 10.0113 4.83879 1.0608 9.76199 71.1594 28.0719 101.53 4.37427 128.429 98.0723 83.2185 6.81318 24.6802 9.73412 18.3509 0.663954 22.7367 2.7427 19.8884 11.8741 0 20.8746 19.334 6.25902 13.3638 7.06591 
48.7657 61.6662 13.5328 0.144291 0.692821 2.5312 20.7753 135.923 80.7225 60.427 65.7055 57.8949 4.57865 1.49375 8.09593 17.4789 0.0225338 47.6141 7.7811 3.40929 3.0836 13.9456 9.79261 0 34.2852 16.5334 0.203123 14.3844 
363.451 325.076 4.32644 292.285 57.2712 304.417 6.22299 48.6394 367.199 9.40277 141.692 547.203 45.4139 16.535 3.17184 80.5462 313.327 23.9202 2.64797 3.22959 5.6102 55.2604 22.7156 49.4793 0 94.0518 84.1175 20.4763 
79.5112 69.9347 0.105449 9.58258 29.6673 20.8112 96.1072 33.39 128.77 50.5645 149.746 354.42 2.18371 0.630995 3.352 17.1894 20.8986 6.7953 24.5553 1.36077 3.71672 10.4818 4.56698 4.62171 40.1178 0 0.253376 1.1923 
23.6032 54.3555 0.441813 25.0312 23.791 12.4338 53.4216 12.3206 16.236 35.8713 82.702 0.0717467 38.7397 8.04786 17.3528 0.29496 0.00313689 31.8706 5.26959 8.79215 43.6064 1.28856 13.4538 19.1765 30.6512 35.5112 0 79.08 
1.28225 1.3449 20.3763 9.78461 13.6951 0.244736 26.9002 135.391 53.7981 30.6232 109.135 131.372 1.70856 8.40469 10.2209 5.46648 3.88235 27.1395 15.4651 11.5086 2.02272 9.88011 1.95202 9.64708 28.8807 22.5483 0.622994 0 
