0 955.158 37.717 662.053 51.6282 385.017 254.122 293.092 600.672 55.8482 194.579 217.348 55.7693 0.0483302 2.48056 30.2813 442.231 175.517 49.1419 55.8946 0.261033 40.3199 27.7879 37.9019 427.787 79.4375 14.7982 56.0465 
759.54 0 23.4424 478.517 521.939 378.253 57.1686 0.378558 630.52 2.41675 25.0948 145.04 31.8907 21.0621 83.9428 81.8891 486.35 573.779 27.2374 133.221 151.629 47.3777 14.9708 56.0758 456.787 42.5382 29.765 35.3581 
25.3025 375.975 0 62.7369 32.5972 4.78929 236.211 276.015 465 1.2089 43.1946 188.025 12.5941 1.21719 22.8069 17.4726 0.0470785 3.84364 0.185515 10.0045 127.033 8.56859 9.36243 0.00370789 15.9862 2.97797 10.1725 5.46991 
406.326 481.331 58.5939 0 62.2131 383.98 3.70822 438.568 415.127 15.4989 133.004 154.589 6.65521 21.7903 24.0829 4.10139 407.189 118.234 57.3174 22.5387 468.418 2.87873 3.66343 10.7798 402.618 4.13436 14.7686 4.24242 
60.1204 488.063 143.565 155.256 0 36.9647 424.484 120.335 276.07 331.001 155.284 66.8653 167.92 12.0234 73.7605 31.0018 98.6277 185.692 1.61949 81.228 119.765 51.3268 18.7331 16.1066 0.725516 61.3153 6.11319 54.1829 
411.581 492.695 62.8626 396.058 726.621 0 890.438 4.68362 386.016 398.315 43.408 157.894 457.611 3.34214 6.80842 10.3364 396.774 30.1385 90.0865 1.90476 0.36622 10.4633 2.04502 0.362172 383.426 3.45458 13.4359 18.4615 
225.589 452.175 16.1309 88.3788 309.518 933.206 0 391.566 42.3824 4.31018 80.659 28.2285 15.1589 95.0555 133.815 65.0092 59.3988 17.2027 154.684 84.1418 27.8807 40.5641 69.6753 2.41487 1.4405 14.2629 60.4065 46.5974 
290.337 282.275 262.055 196.492 222.441 97.3941 25.1122 0 76.2488 21.9049 233.899 207.161 1.09879 24.4693 19.7123 227.439 85.2179 84.2672 116.567 117.402 0.342589 0.00843954 18.1926 27.0163 193.448 217.564 88.2268 134.666 
380.338 497.193 14.004 538.541 169.402 386.901 1184.02 83.6669 0 81.2288 944.347 341.144 170.9 23.0836 314.754 106.612 467.124 204.196 66.6823 6.49446 101.48 69.8809 93.7218 0.0589947 398.952 127.274 42.4377 69.4907 
154.85 209.48 114.346 50.9582 317.871 395.662 312.67 198.022 165.157 0 15.7108 227.196 200.546 32.6431 2.79076 65.1013 33.9974 125.479 62.7718 3.6896 21.5404 28.7679 1.61138 31.1132 31.8425 70.1465 7.20053 26.6117 
93.1916 266.685 92.3878 92.3799 0.0876845 171.663 470.626 120.789 338.392 0.00783732 0 518.154 38.3057 212.569 358.845 7.54701 2.7191 101.593 101.969 8.08306 149.179 6.40673 121.504 5.24148 124.313 63.1556 10.0622 53.8274 
182.919 204.25 94.8755 3.6715 14.5759 23.6492 134.482 82.284 375.665 145.831 190.933 0 19.4103 113.46 36.5755 220.798 54.8709 42.0537 55.5006 15.5448 11.6297 16.0149 40.4232 72.4506 200.253 165.673 57.436 9.0217 
15.3787 98.4618 71.0079 69.8172 1.81221 116.197 83.2107 95.8173 134.174 136.156 12.6289 0.21104 0 156.34 30.5362 80.5698 50.3521 8.67379 10.0489 11.2954 43.4862 3.1461 82.2708 46.1723 53.1237 2.69718 15.986 37.4244 
6.30765 43.9047 15.9069 18.3756 31.1961 19.6074 28.5644 110.712 50.8601 15.1142 202.371 140.139 56.5056 0 35.8791 19.3382 0.0895591 41.6632 0.304449 1.26582 8.87844 1.96287 8.90093 6.0684 0.63214 2.51866 7.41509 1.99669 
71.6394 92.836 23.5393 21.6424 69.4631 10.6489 42.7946 184.987 64.3121 132.906 297.158 70.8255 3.20267 59.3333 0 88.205 22.2388 67.2496 27.0695 5.42083 17.6724 17.4613 25.1132 27.2962 2.42798 1.95705 19.3238 20.9873 
20.2614 25.0614 9.19963 10.7994 37.6777 22.6893 85.6771 208.394 62.3191 7.36429 173.582 491.913 52.309 16.7047 18.0937 0 9.39125 38.2463 9.07236 8.22192 0.0525423 7.29258 2.28033 28.7666 8.04051 25.243 4.91546 2.89085 
480.838 528.988 49.3591 390.259 148.789 426.157 40.0482 24.7807 409.817 81.0287 25.7273 50.1307 0.415586 14.7668 0.116148 4.66879 0 56.9014 548.461 10.022 61.3403 0.916824 12.2577 20.0584 400.766 24.9096 2.42689 4.72811 
135.653 10.5012 53.719 5.81268 114.971 0.654737 31.0033 11.044 22.0051 6.10314 115.632 14.4848 0.0048945 27.9254 4.18974 3.33348 1.44005 0 0.161446 43.2663 15.1594 1.79619 1.72706 13.839 32.1065 13.7771 3.42796 14.6483 
51.6068 154.954 53.4622 60.9182 71.2664 0.142465 6.02232 78.7154 133.431 91.9005 86.5919 60.6274 0.383991 13.0906 22.9096 29.6824 91.3825 122.41 0 31.4128 46.4452 9.59 20.7593 20.0862 0.000426198 1.73228 24.3637 12.186 
0.434977 55.8563 1.74796 1.38772 82.4073 0.126227 39.8774 11.0192 104.202 0.726716 26.1886 91.9321 9.93921 4.29468 3.13636 6.397 32.5562 70.4283 5.24096 0 226.245 0.566306 0.0209418 0.177463 7.30031 7.10365 0.458875 0.0445058 
1.18582 144.888 100.422 197.322 1.67395 21.6897 143.384 94.1774 162.765 46.9023 146.871 155.255 77.8736 44.8298 7.69102 62.9683 5.36856 81.5602 23.7881 331.08 0 0.237656 13.8066 46.343 22.3376 1.7889 29.3976 25.5483 
36.2716 10.2877 12.4416 11.4924 17.4589 20.1478 10.1751 1.59912 10.9297 1.03676 23.2576 49.1435 0.53092 9.81058 3.61234 5.33734 21.1907 24.5964 12.1337 5.40737 6.62855 0 5.11415 13.6095 11.4134 0.221163 1.54624 1.72633 
44.9378 12.8996 10.1162 4.67046 0.929515 9.93561 71.365 26.9 101.293 4.77528 127.518 96.3391 84.1638 7.20693 24.4617 9.95797 18.3942 0.742909 22.776 2.71645 19.6056 12.1334 0 20.7933 18.9663 6.13699 13.3359 6.98255 
49.1746 61.5867 13.4129 0.0997441 0.590422 2.40295 21.4888 135.217 81.6929 60.3748 63.6483 61.9309 5.07248 1.67698 8.71571 16.39 0.0313898 47.7011 7.93267 3.45826 3.27785 13.8963 8.69345 0 33.1943 16.5805 0.157335 14.4051 
452.835 415.215 4.5899 381.938 57.7125 394.039 6.80992 45.0357 454.703 8.81916 140.841 108.849 44.9923 16.5603 2.87558 84.3845 402.515 23.4476 2.77203 3.13006 5.93231 42.7771 22.9301 51.7581 0 109.012 130.182 14.097 
79.4806 70.6558 0.16055 8.96456 30.3677 21.1119 96.5958 37.9823 127.337 49.5611 151.628 341.996 2.4034 0.714433 3.72227 18.0471 20.7405 6.46066 24.7405 1.29058 4.0159 10.4539 4.44375 4.85413 40.08 0 0.382015 0.666224 
23.2212 54.4044 0.4903 25.1722 24.1115 12.5812 53.7318 13.061 15.6752 35.5425 82.3718 0.0147209 38.6768 8.1318 17.2275 0.348169 0.00105232 32.113 5.37844 8.73701 43.5345 1.23684 13.4674 19.1412 31.7636 35.1485 0 81.6429 
1.448 1.18672 20.2495 10.132 13.3179 0.290124 26.1919 135.445 52.6815 30.0567 109.389 134.399 1.84442 8.29229 10.5046 5.17836 3.98423 27.4973 15.2993 11.5068 2.17914 9.84787 2.0237 9.50078 29.552 24.6878 1.38344 0 
