0 766.408 16.0295 575.94 29.9142 246.776 264.291 274.195 484.072 44.7818 192.798 224.233 50.0043 0.32008 4.13831 25.2051 302.131 153.879 56.808 54.7294 1.41968 40.3806 29.6866 35.1657 297.844 79.4435 13.0923 54.408 
485.606 0 126.858 293.908 528.558 250.934 8.36584 5.74751 551.425 0.0227206 12.3192 161.454 40.4754 17.5374 79.1954 79.6766 341.281 581.431 39.5076 138.949 160.625 46.2473 17.2683 54.2655 322.85 37.6064 31.7256 38.1872 
8.02906 234.287 0 196.9 52.5391 1.31366 211.269 265.748 402.465 4.53193 21.3159 184.902 16.2334 0.698164 25.4583 19.1754 0.066515 11.1371 0.963617 7.82722 125.159 8.98377 9.91648 0.0777453 17.7594 4.32776 9.38111 4.52136 
245.503 296.119 96.7918 0 78.5401 254.607 0.0216115 911.649 323.802 22.0782 152.68 119.759 9.1606 21.0636 21.2408 2.06797 276.596 107.286 54.9686 27.4493 76.1763 3.32126 2.92966 9.17784 271.918 6.59656 13.5391 5.58639 
36.8095 408.59 162.196 161.071 0 49.0784 388.879 137.74 309.925 316.991 131.236 55.9901 173.661 9.26375 78.783 35.1277 110.235 166.585 2.14282 76.227 115.18 49.8482 21.1163 18.3307 1.50115 58.7822 5.09541 53.1401 
267.563 323.236 57.8657 268.653 488.016 0 922.702 14.6775 252.196 484.227 76.6301 158.866 469.521 4.52601 9.83141 12.2572 259.786 22.0453 88.1337 1.17396 1.17735 9.45197 2.66406 0.669821 250.907 2.38828 12.7108 19.2689 
245.109 510.307 1.94264 113.757 236.95 502.121 0 359.14 101.596 9.68446 151.642 13.4778 27.9938 96.5152 139.311 57.1793 65.666 30.2788 150.172 87.936 35.0962 37.7915 67.8935 1.2051 0.367758 9.71914 60.5373 50.0948 
303.223 267.379 237.362 336.336 222.755 73.0185 60.9314 0 11.7912 35.1544 189.506 18.732 0.109123 32.8824 33.4686 196.182 81.8971 95.9482 116.409 116.696 0.284824 0.175474 23.508 36.9876 190.234 230.087 84.353 135.449 
253.687 313.897 85.1197 349.462 125.338 251.359 1276.37 14.9908 0 38.7503 1088.17 299.338 157.473 29.1885 235.412 118.876 337.941 194.419 77.5232 10.133 114.37 69.9211 97.0144 0.740016 272.346 119.202 38.9363 64.2359 
156.499 225.38 113.15 42.3645 290.806 216.396 196.39 183.891 224.476 0 92.8269 212.19 253.913 39.8218 9.10182 57.5355 38.3774 118.207 72.2352 5.31877 17.743 32.2223 0.618162 27.4981 27.5318 72.7269 5.89793 23.7968 
107.325 261.307 62.1116 71.3007 3.20377 131.56 427.42 81.1193 209.853 35.3755 0 506.731 21.8445 205.455 281.734 22.7357 4.26257 91.3012 107.849 10.8836 148.403 4.54382 127.191 1.95072 115.136 47.9848 7.58281 46.9964 
166.408 212.961 75.1692 16.3847 21.436 14.7977 106.128 344.16 395.886 169.082 113.172 0 13.2923 96.6035 12.6118 364.233 51.466 34.9417 50.9415 11.6477 17.5522 18.9284 31.2411 93.8988 217.222 257.639 49.4429 18.2725 
19.6038 107.691 72.3613 71.2584 0.0719672 103.816 62.7339 104.022 149.684 193.747 26.0613 0.117187 0 153.122 42.1694 82.8391 48.1247 6.08548 13.1771 9.77811 40.5614 6.49734 76.541 50.6857 54.178 4.00595 14.7311 36.0772 
8.03228 39.9991 15.3568 19.4406 35.0443 18.5685 35.4509 116.707 63.5338 21.0605 186.427 126.193 81.3142 0 52.9341 18.8507 0.204923 43.4729 0.114972 1.11062 7.51131 1.40215 9.63804 7.28647 0.271555 1.81817 7.85058 1.56209 
71.6389 89.8611 20.7557 24.4751 74.8588 14.1112 56.2882 184.049 89.3475 128.678 204.704 111.319 0.405831 46.5501 0 85.8792 21.2532 66.0553 25.3889 5.92179 20.1247 17.5428 24.161 25.7819 3.93317 3.60363 18.9771 21.7815 
25.0636 20.363 7.37505 14.4274 33.5282 21.137 79.2601 172.605 48.8477 3.60347 198.015 473.344 45.615 18.4497 1.54604 0 8.52205 35.4829 10.2395 7.86924 0.0334499 7.90736 1.32324 26.3372 10.2313 28.5289 4.04105 1.85654 
348.93 395.991 46.9446 253.931 143.364 289.652 34.0661 28.7687 270.924 82.4892 22.1425 46.6655 0.936968 14.0779 0.292381 3.9883 0 26.8228 340.51 8.65213 62.8744 1.16646 12.7794 20.3 266.249 25.4118 2.78434 5.28758 
112.137 48.502 37.6256 1.79443 136.951 2.88062 17.7674 6.13083 33.2866 2.81714 125.105 10.0435 0.181163 30.158 5.9185 4.72052 13.8737 0 1.86515 48.8984 11.1958 1.31119 1.16795 12.2614 34.5039 11.5947 4.1721 16.2935 
59.2961 144.477 56.1733 59.4228 35.4456 0.29099 2.04416 72.8566 140.4 99.8077 93.5163 65.0488 0.0157209 11.976 24.6619 30.0649 48.0953 131.008 0 30.1217 49.2817 10.4007 21.2199 19.4735 0.0311962 2.30944 24.329 11.3546 
7.35832 41.8114 0.789334 0.224872 77.5658 0.00241894 46.4463 6.67971 101.775 1.56295 30.402 89.2043 8.49185 4.17906 3.58903 6.83502 33.1211 74.6777 4.06286 0 297.764 0.670128 0.0453207 0.105561 7.8885 6.54759 0.332055 0.00750286 
7.72081 154.842 89.9996 237.994 3.71074 25.5917 141.649 110.299 153.343 42.1575 144.352 149.046 77.8835 44.5449 6.00552 62.943 6.87803 87.5455 26.6337 296.669 0 0.113546 15.1649 46.9733 19.7273 2.96824 28.0302 23.5797 
37.0284 8.79052 12.3225 12.0167 19.6556 20.3675 12.3664 2.5179 13.112 0.334397 26.6764 52.4275 2.30792 9.29986 2.82363 4.70679 21.1185 25.8655 12.9637 5.53077 7.33605 0 3.68257 13.1452 11.7528 0.120128 1.83982 1.97617 
45.6692 15.0951 10.6147 3.86089 0.401818 10.7901 72.119 21.299 99.6049 7.01497 121.944 87.2007 88.0447 8.82044 22.8892 10.9609 18.5934 1.20261 22.9403 2.58349 18.1941 13.3046 0 18.7051 16.9926 5.52029 13.1568 6.55724 
51.0987 61.0273 12.7741 2.38129e-05 0.200519 1.80526 25.1525 130.548 86.243 59.8559 53.4208 82.9478 7.88176 2.71057 11.9706 10.9234 0.0975861 48.0597 8.70117 3.70188 4.33032 13.5591 3.72832 0 27.2166 16.698 0.0158105 14.4595 
319.151 285.587 5.99732 250.099 59.7957 261.805 10.1006 28.6129 311.771 6.14983 135.509 423.104 42.7939 16.5944 1.59679 78.6162 268.101 21.1131 3.4302 2.64956 7.66033 19.5092 23.9141 56.7328 0 86.5378 60.6602 130.536 
78.9568 74.0105 0.606666 6.12112 33.894 22.5442 98.4744 64.1802 119.278 44.4296 159.443 263.913 3.65036 1.20304 5.8115 22.222 19.931 4.90172 25.6331 0.964783 5.67106 10.2975 3.83555 6.06161 39.5026 0 1.41034 0.325205 
21.321 54.5638 0.769308 25.822 25.7137 13.3092 55.1908 17.0297 12.9869 33.8559 80.5104 0.373386 38.3134 8.54104 16.5634 0.678479 0.00729134 33.3038 5.93431 8.45405 43.1212 0.992649 13.4949 18.8783 36.9993 33.0078 0 90.7451 
2.42282 0.542577 19.559 11.9156 11.4889 0.573806 22.7193 134.766 47.0857 27.2208 110.156 148.338 2.59741 7.71678 11.9302 3.826 4.50939 29.2792 14.4664 11.4787 3.04375 9.67608 2.39612 8.75509 32.762 35.6926 9.42114 0 
