0 362.728 99.9006 356.184 186.825 190.998 8.89813 45.5512 247.333 75.7008 95.7701 228.557 26.3423 46.2311 7.13716 69.7511 180.561 216.754 9.03835 52.3244 50.3793 40.1555 44.8219 10.289 169.114 55.0687 39.4527 43.6934 
165.027 0 374.29 195.19 196.634 298.725 497.454 200.819 284.159 108.632 13.373 11.0719 17.0598 58.0934 71.1985 46.9946 256.349 620.178 98.8907 85.0464 146.849 7.26311 0.0719011 26.9603 237.92 41.7789 5.4023 15.3389 
117.368 24.3524 0 19.3055 124.289 26.3057 26.0064 32.1765 46.5127 0.557904 158.339 118.087 53.2534 13.4211 24.8806 1.19024 2.90124 55.127 60.935 0.685448 82.9909 0.0470779 12.5813 2.06785 21.1409 22.7021 0.555005 1.19979 
362.529 197.085 180.789 0 39.5258 227.546 146.32 1201.34 249.046 99.7552 202.612 89.5502 1.81767 1.34005 1.61878 23.7446 161.263 92.804 9.30397 25.1525 489.411 0.0533443 5.32292 0.000127796 202.263 11.3686 25.272 11.9253 
177.017 27.1548 188.44 4.3005 0 75.6245 419.914 18.552 310.791 331.719 27.5804 33.1234 15.3631 32.1864 22.7322 3.31631 58.7049 7.88276 198.873 14.5569 125.749 23.6392 3.83338 19.1844 28.2739 0.938547 9.5867 1.06131 
166.179 396.785 64.8554 220.221 516.293 0 729.414 101.654 184.626 729.293 231.599 158.533 36.1647 20.7197 29.0943 26.0188 172.054 104.965 87.7011 3.9877 4.90719 4.79524 1.88704 8.0093 162.822 0.699174 7.37882 0.978527 
33.8394 41.6784 116.214 185.828 415.377 80.3079 0 4.43626 306.586 501.718 20.6467 284.433 44.7847 91.4054 32.1181 98.3018 9.09455 218.285 27.2713 6.40189 144.049 62.6654 43.3375 10.7374 24.9485 73.3556 29.91 61.6142 
177.783 51.635 71.9069 26.2529 34.5465 3.51751 402.402 0 151.059 74.0751 359.504 334.887 147.891 67.9372 53.9049 2.595 95.1321 91.5674 106.309 3.18039 89.564 43.6164 15.3796 45.3814 175.94 131.042 98.8057 112.898 
213.784 480.639 437.584 256.956 3.0573 183.176 845.805 141.612 0 382.461 297.032 345.769 1.78129 104.898 152.318 69.4211 268.513 172.712 97.2141 16.5214 79.4003 56.6232 90.2534 54.7629 285.808 17.5564 62.7477 97.9157 
148.064 68.4909 111.161 42.2744 320.33 13.0178 302.37 156.375 28.9729 0 440.95 242.439 11.627 26.9216 0.312496 91.2122 62.7711 142.966 8.88822 6.42318 86.0156 0.262766 9.25182 17.8877 4.48828 0.148237 13.8516 14.0045 
194.407 183.315 103.476 6.99101 231.944 6.57913 486.665 285.776 287.875 517.684 0 20.8161 251.537 0.310968 218.906 94.2595 0.935789 9.79565 7.9293 48.6755 109.851 74.8444 131.884 127.756 0.00274639 66.2982 85.3049 1.09827 
137.535 2.80374 4.76045 258.955 41.4688 20.1219 239.001 984.065 372.29 48.5083 426.509 0 0.398413 9.25148 99.7457 465.453 0.355386 45.9505 100.447 95.7733 81.0797 3.08493 94.4817 186.363 270.136 367.603 116.418 52.3003 
41.8309 2.2571 61.6578 44.4691 174.267 37.4324 212.793 47.7159 137.703 0.0165366 190.627 11.3444 0 147.463 76.225 2.93267 6.16934 101.885 15.6593 0.223546 34.0561 51.5238 19.968 16.2686 0.190943 52.8187 21.1403 0.405226 
31.2128 70.3282 11.133 4.9537 11.2833 0.642922 20.0159 0.573169 51.1055 10.8041 9.10421 28.7229 96.2094 0 3.17752 18.7947 0.117545 52.5218 7.99132 3.74377 14.4445 4.55238 3.6132 1.39418 14.9257 1.94902 11.2639 1.4661 
53.0083 55.6708 21.3945 39.3698 18.6193 24.5484 8.51998 177.258 189.351 131.81 140.93 273.708 6.26009 51.3103 0 79.886 17.2454 2.8322 29.0644 7.05492 0.000447132 0.838175 12.022 23.4371 24.5731 23.5598 6.64701 13.8507 
0.00909439 0.0675269 24.3527 42.5192 68.5756 0.00838937 103.759 10.2886 65.6308 45.4526 228.718 379.539 33.8562 14.1588 34.992 0 25.7684 61.0596 25.6724 1.01079 15.2859 8.41286 10.4828 0.917841 26.6537 8.7384 8.7348 0.816664 
178.625 172.375 37.7775 210.898 4.07155 161.553 105.76 0.782013 163.961 82.0611 31.8937 1.23241 36.3146 17.4384 25.8896 23.461 0 61.2756 26.5098 29.1967 24.0507 21.017 15.9651 14.6324 180.924 13.8094 8.15025 24.411 
233.5 411.047 157.624 135.386 232.557 119.714 87.83 7.81288 37.0039 68.3602 129.399 17.1056 105.467 44.9128 63.208 15.9751 0.776902 0 106.19 46.7913 2.48506 3.52929 35.6004 44.2016 59.6877 25.8206 31.9098 2.48334 
10.4128 59.3225 15.9556 15.6869 72.8125 0.457997 82.5239 42.6334 28.2558 30.3318 18.2348 3.35359 0.0544312 0.206189 1.76322 25.8267 210.262 1.33246 0 4.89848 72.1863 7.04585 6.96135 23.9643 20.2989 30.1333 0.0151845 4.60706 
16.5671 9.29598 1.47601 46.9551 13.3522 8.40487 47.4869 91.9734 96.9565 2.21163 70.0968 25.3586 0.506374 0.665229 4.67558 3.94025 15.8077 73.1406 31.0634 0 2.09805 6.29176 0.498286 5.10169 8.33968 10.9202 0.258371 10.9665 
31.777 139.705 28.6989 235.36 21.6374 4.18118 18.9457 0.822629 28.591 63.1344 123.041 84.4745 0.0495424 8.41308 38.9623 47.3445 68.4199 121.796 61.5052 151.708 0 32.6376 2.46027 37.0251 56.5494 61.7722 30.2705 13.1496 
35.3612 44.8818 4.69327 3.72475 46.9162 3.18317 5.20983 52.3198 41.9232 40.5642 16.8757 4.75938 41.5215 0.126259 16.973 4.18196 0.0699577 40.5971 9.45167 1.92371 21.4892 0 2.82569 12.1989 16.2857 10.2213 0.124915 4.8166 
43.8906 0.00261125 12.5492 4.2649 11.9901 9.69673 20.969 30.3097 102.081 34.1932 86.4005 38.4362 71.4964 1.56887 14.5642 1.77701 8.08812 21.794 11.5426 3.96031 39.8199 10.4702 0 2.97964 20.9597 2.52579 2.0232 9.87548 
17.8617 13.2865 15.6675 9.25739 0.107138 0.810625 9.20742 125.692 87.5121 1.42145 102.479 184.18 59.8262 5.6729 0.000162598 14.1482 11.5882 1.01797 0.941012 4.69057 31.6042 12.7853 3.45075 0 42.4432 10.8353 7.9868 14.4472 
207.735 210.359 9.2282 183.418 8.90293 161.616 60.7351 105.818 162.673 24.4774 5.86666 913.612 19.2242 3.41058 31.0492 25.0364 183.005 0.361892 10.9371 2.29847 6.71379 8.12851 22.7046 19.9661 0 77.7533 71.486 62.0522 
51.0624 12.2849 16.3539 2.6248 67.1955 27.8092 9.88678 228.282 17.6241 45.4249 149.747 0.22691 52.5279 10.2286 26.0163 3.0188 27.3106 16.3549 8.73504 11.4544 62.8274 0.0859214 4.1007 0.00632283 31.7818 0 29.8964 24.1561 
31.4128 6.83286 9.97284 14.5909 19.383 7.0166 46.8089 1.38808 35.6913 0.256701 16.9407 41.8547 39.3051 11.3117 10.6835 0.109841 15.6578 43.7896 19.7339 5.00169 43.7552 6.20607 3.70982 8.00241 46.3793 3.38282 0 76.7629 
25.1096 12.7122 5.40066 5.59389 23.9075 11.6329 12.4887 119.557 99.3696 11.1558 76.4491 11.417 44.2972 0.496368 22.6155 2.29843 24.4153 0.066103 7.17643 0.979204 51.0447 7.32569 0.012183 8.20303 10.6417 0.782165 57.8413 0 
