0 453.994 6.25735 346.138 18.2335 1.80225 267.438 257.786 250.104 37.7317 190.455 227.084 46.138 0.637746 5.47966 21.9233 54.5834 138.422 62.0061 36.9487 5.44686 40.3738 30.9452 33.2832 57.0844 79.0979 11.9799 53.1871 
152.274 0 224.64 24.8656 506.559 18.0693 0.117782 12.8645 340.503 1.69539 6.1451 171.851 46.6266 15.2825 75.6665 77.8496 90.1044 108.348 48.6773 141.158 165.795 45.4196 18.8712 52.9262 79.2543 34.306 33.0365 40.0726 
1.71056 135.497 0 271.093 67.606 0.185328 188.704 251.844 332.862 7.91181 10.5448 180.504 18.8738 0.425949 27.1123 20.2347 0.334045 18.0159 1.825 6.45025 122.639 9.25636 10.2686 0.181044 18.9248 5.35302 8.8478 3.91951 
4.63322 26.48 234.777 0 89.6794 14.9169 1.11655 1256.66 115.235 26.9967 164.733 96.5081 11.0433 20.4975 19.3005 1.06994 35.4858 99.2486 53.179 30.6973 610.288 3.63337 2.47282 8.13116 30.69 8.5218 12.7097 6.57573 
23.8455 339.637 172.356 163.191 0 76.1759 352.972 149.142 328.155 299.725 114.94 48.9512 176.297 7.57508 81.8661 37.9321 117.598 152.678 10.8541 72.5284 111.737 48.7678 22.7575 19.8741 2.17824 56.938 4.45498 52.3516 
18.2599 57.8243 53.5282 29.9602 47.5914 0 371.572 24.289 43.1388 945.196 102.213 158.198 565.941 5.39892 12.0849 13.5723 14.4906 17.1517 85.9093 0.775857 1.98034 8.77318 3.11876 0.928221 8.57671 1.77013 12.2129 19.7769 
255.149 525.71 0.162737 130.557 186.127 167.371 0 329.707 411.205 42.7385 206.281 6.45568 38.509 96.8805 141.506 51.8121 69.8211 40.8437 146.017 90.0567 40.2802 35.8891 66.4583 0.620768 0.0416796 7.09551 60.5154 52.3819 
307.501 254.321 215.174 439.283 221.392 57.5357 92.2034 0 0.0597675 45.5087 159.311 7.83717 0.024029 39.0094 44.3156 171.209 79.5066 103.796 115.937 115.567 1.65796 0.408699 27.3622 44.2715 185.56 233.846 81.4979 135.083 
17.9872 43.3721 158.382 72.495 97.3061 41.2375 1043.28 0.0391866 0 18.1114 493.747 267.266 147.559 34.1295 200.581 126.363 97.5896 186.644 84.8542 12.9925 122.857 69.8129 98.8054 1.62625 34.3808 112.992 36.5752 60.5814 
156.6 233.321 111.139 36.7151 265.997 92.879 123.314 173.031 263.198 0 173.383 200.087 284.281 44.7182 15.231 52.211 41.36 112.842 78.4955 6.56759 15.3443 34.5444 0.209947 25.0766 24.6877 74.0991 5.0822 21.9221 
116.764 255.065 43.9516 57.7881 7.78594 104.53 385.526 57.6482 97.3122 94.6588 0 483.532 13.1254 196.579 218.909 37.0071 5.48966 84.2969 111.49 12.9732 147.361 3.45686 130.062 0.622111 108.285 38.4563 6.08929 42.4501 
154.376 217.415 62.2887 29.6759 26.7045 9.88662 87.7533 570.022 402.295 183.835 69.2372 0 9.76233 84.8472 3.28449 440.821 49.1393 30.4051 47.8586 9.29415 22.1502 20.9866 25.501 108.439 212.113 313.888 44.1486 26.1055 
22.6798 113.588 72.9609 71.9911 0.212312 98.309 49.9075 109.331 159.469 231.137 37.4992 0.779504 0 146.57 50.5 83.7766 46.562 4.58287 15.4828 8.79797 38.581 9.37887 72.0403 53.5675 54.7547 5.02281 13.8956 35.121 
9.29264 37.3295 14.9129 20.0983 37.6454 17.7807 40.2767 119.995 72.2647 25.4386 172.33 115.671 98.036 0 59.9967 17.9746 0.309121 44.6291 0.0380893 1.0099 6.64055 1.06965 9.58151 8.04229 0.112059 1.40011 8.13634 1.29458 
71.389 87.4202 18.8097 26.3337 78.2337 16.5822 65.7649 181.057 107.275 123.831 140.933 140.341 0.0212532 34.1416 0 73.9192 20.5689 65.0824 24.2233 6.26004 21.8223 17.5308 23.0594 24.3705 5.1217 4.95577 18.6981 22.2333 
28.462 17.3825 6.2102 17.022 30.7516 20.001 74.5546 145.856 40.2496 1.79345 211.017 414.89 41.0346 19.1189 0.788113 0 7.94767 33.5944 11.0471 7.61476 0.212389 8.3103 0.808856 23.7422 11.9612 30.2921 3.4864 1.27731 
106.539 152.199 45.1373 9.10825 138.715 44.4323 30.1799 31.56 24.4122 83.2234 19.8299 44.3152 1.40507 13.6054 0.455987 3.55395 0 12.3441 435.332 7.76523 63.8134 1.3509 13.1258 20.4438 22.4944 25.7204 3.03747 5.67793 
96.3446 115.972 27.9217 0.371757 151.455 5.24796 10.7614 3.60311 41.9655 1.29822 131.178 7.475 0.577086 31.6526 7.23698 5.78073 28.994 0 4.04786 52.6579 8.82823 1.0256 0.850726 11.2324 36.1058 10.2042 4.7113 17.4303 
64.4858 136.308 57.7217 58.1717 17.525 1.3364 0.536375 68.8064 144.413 104.645 97.973 67.9665 0.0435016 11.2299 25.8189 30.267 29.1368 136.04 0 29.1867 51.148 10.9538 21.5048 19.0406 0.0958862 2.7418 24.2855 10.7977 
19.9198 33.0122 0.350431 1.72315e-05 73.9603 0.0248436 50.8985 4.33012 99.6844 2.3003 33.3271 87.049 7.56395 4.09531 3.90422 7.1203 33.4285 77.2608 3.34237 0 325.423 0.744548 0.0669623 0.0673778 8.28178 6.16947 0.257694 6.86007e-06 
15.2232 160.734 82.4057 231.116 5.52268 28.3171 139.897 121.119 146.313 38.9913 142.161 144.27 77.7652 44.2752 4.97276 62.7341 7.99007 91.4318 28.5928 251.033 0 0.0553295 16.0958 47.3129 18.0129 3.92289 27.0929 22.2569 
37.4996 7.83324 12.2247 12.3613 21.1732 20.4604 13.9358 3.25035 14.6706 0.0785038 29.0485 54.5802 4.19071 8.91014 2.33614 4.28894 21.0521 26.7126 13.5235 5.6101 7.82798 0 2.80864 12.7545 12.009 0.0690685 2.04991 2.1521 
46.0773 16.639 10.925 3.34751 0.168316 11.3506 72.3665 17.7937 98.0047 8.73545 117.28 80.6714 89.8216 9.4628 21.4165 11.5117 18.7112 1.57333 23.0204 2.49235 17.2461 13.9595 0 15.9486 15.559 5.10091 12.9994 6.2633 
52.2779 60.4991 12.3085 0.0490251 0.0533041 1.44506 27.7005 126.376 89.0065 59.2654 46.6604 97.5248 10.079 3.49659 14.2478 7.48306 0.162819 48.2291 9.22849 3.86464 5.1147 13.2492 1.35249 0 22.8937 16.665 0.00330255 14.4494 
75.7128 45.143 7.02393 8.36811 61.0797 19.5884 12.6387 19.3004 62.3039 4.59624 130.952 974.185 41.2322 16.5305 0.935527 57.3226 24.4126 19.5686 3.90889 2.34266 8.93243 52.9305 24.4779 54.4628 0 36.8833 70.1413 69.3993 
78.2573 76.0229 1.06496 4.46339 36.2848 23.4354 99.1981 84.2113 113.075 40.8927 163.117 202.314 4.62747 1.59639 7.41923 24.8332 19.3681 3.96123 26.2022 0.76948 6.9323 10.1758 3.43552 6.9093 38.7536 0 2.45375 2.24694 
20.0512 54.5906 0.991384 26.2068 26.7928 13.7905 56.0853 19.9426 11.2884 32.6811 79.0613 1.21902 38.0228 8.80642 16.0818 0.960533 0.0271924 34.0861 6.31997 8.25656 42.7925 0.841787 13.4752 18.6207 40.1445 31.2818 0 92.9151 
3.21536 0.24762 19.0423 13.1552 10.3119 0.817862 20.4532 133.42 43.3236 25.3129 110.192 156.433 3.17356 7.3177 12.8918 3.0068 4.87803 30.4724 13.9017 11.4424 3.70321 9.55041 2.65967 8.24133 34.7369 42.9384 18.3311 0 
