0 565.234 0.943018 540.691 9.2762 199.094 267.495 238.881 455.27 31.1058 187.215 228.44 42.3149 1.06217 6.99159 18.7888 248.236 122.602 67.1755 24.9476 11.9962 40.3283 32.1806 31.3815 257.422 78.4731 10.9023 51.8789 
275.168 0 324.624 205.967 465.057 230.763 12.7587 22.6408 565.624 5.98423 2.0673 181.561 53.0076 13.1427 71.9099 75.7686 279.978 70.2863 58.4054 141.975 170.175 44.5422 20.5094 51.4983 276.661 31.0531 34.3338 41.9305 
0.0540659 55.2656 0 295.657 83.4589 0.0832305 162.841 232.987 251.054 12.1424 3.42461 174.359 21.6412 0.219382 28.6312 21.2076 0.804563 26.3005 2.94863 5.16885 119.154 9.52207 10.6012 0.326691 20.0548 6.45884 8.31698 3.35195 
221.547 206.875 219.641 0 100.675 216.812 5.07489 885.876 350.603 32.2323 175.511 74.3592 13.0681 19.8746 17.3642 0.39272 235.546 90.8247 51.2383 33.8199 353.772 3.9555 2.04951 7.12101 230.587 10.6301 11.8842 7.62458 
13.4735 264.704 180.214 163.806 0 83.5138 309.694 160.115 342.032 276.955 98.8878 42.2151 177.896 6.03761 84.6727 40.7337 124.479 138.211 25.8859 68.6074 108.037 47.6249 24.418 21.4452 2.97614 54.9951 3.85353 51.4974 
210.956 236.269 48.5658 232.563 154.167 0 73.1608 35.9446 298.58 672.631 129.172 156.471 133.272 6.32245 14.4712 14.8884 210.501 12.784 82.9961 0.4578 2.9842 8.10093 3.60044 1.22607 207.488 1.23904 11.7095 20.2526 
262.384 520.264 4.81946 146.533 137.029 32.5836 0 295.474 812.595 96.1363 262.938 1.95606 50.3002 96.7411 142.43 46.4454 73.886 52.6184 141.028 91.8004 45.6776 33.9702 64.8452 0.227489 0.0393938 4.85721 60.4045 54.5975 
308.086 239.137 189.634 456.933 218.775 43.2786 127.827 0 15.3489 56.828 129.842 95.8215 0.40982 45.4152 56.1634 144.391 77.0063 111.544 115.173 113.923 4.15341 0.738283 31.3969 51.8897 178.977 233.656 78.4678 134 
225.535 220.231 241.559 241.744 71.6045 295.84 662.293 12.1098 0 5.02016 21.251 233.202 137.098 39.7006 252.098 133.078 298.25 178.019 92.1195 16.1526 131.084 69.5959 100.232 2.84945 237.908 106.259 34.2257 56.8648 
155.884 238.802 108.196 31.2663 237.075 14.1867 62.8373 161.287 298.912 0 267.433 186.637 308.102 49.5785 22.6889 46.7976 44.3462 107.16 84.5737 7.92914 13.0898 36.8431 0.0167391 22.6891 21.9194 75.1594 4.32043 20.0774 
126.017 246.832 28.3338 45.1724 14.2872 78.7844 335.934 37.5632 8.2191 175.672 0 449.11 6.5288 184.745 154.597 53.9591 6.86129 77.3005 114.839 15.2116 145.908 2.51242 132.109 0.0318672 101.003 29.6916 4.74848 37.9931 
141.812 220.659 50.0511 46.2708 32.441 5.91092 70.3915 785.133 402.62 197.524 34.8003 0 6.74619 73.0602 0.00279037 486.336 46.7978 26.1092 44.7847 7.18069 27.1941 23.1097 20.209 122.621 135.832 358.97 38.9861 35.0589 
25.918 119.162 73.3024 72.5256 1.41225 108.906 38.1538 114.417 168.561 264.917 50.6045 2.02164 0 136.821 59.0186 84.2215 44.9569 3.28477 17.9305 7.85694 36.6015 12.718 67.1127 56.2873 55.2198 6.14202 13.0713 34.1303 
10.6246 34.6503 14.4147 20.7018 40.2327 16.9313 45.1884 122.626 80.987 30.0419 156.072 104.499 113.83 0 61.9198 16.7032 0.434292 45.7285 0.00261301 0.912731 5.81463 0.777833 9.0786 8.72036 0.0218067 1.03081 8.41447 1.04942 
70.9395 84.6536 16.8397 28.1283 81.3613 19.1184 75.3398 176.229 125.418 117.515 83.479 169.206 0.860935 21.1749 0 56.1369 19.8712 63.9796 23.038 6.59707 23.5468 17.4647 21.6269 22.6875 6.43342 6.47712 18.3839 22.6135 
31.9549 14.5805 5.11416 19.6868 28.0129 18.8061 69.6058 118.395 32.205 0.601273 220.67 329.542 36.4671 19.3382 8.84423 0 7.38475 31.6955 11.8677 7.34833 0.545025 8.7011 0.413989 20.5641 13.8501 31.6234 2.96397 0.800923 
305.007 348.745 43.2022 205.607 133.333 240.316 26.4436 34.4191 219.263 83.7504 17.6129 41.9638 1.96522 13.1278 0.655133 3.14089 0 3.28136 517.272 6.91268 64.6718 1.54789 13.4668 20.5718 219.929 26.0038 3.29983 6.07791 
80.9502 167.709 19.404 0.0149748 165.419 8.28137 5.44203 1.73378 51.3919 0.357738 136.945 5.26849 1.19442 33.1317 8.67102 6.93618 48.8421 0 7.03529 56.3506 6.72253 0.774329 0.582881 10.2353 37.689 8.8858 5.27922 18.5854 
69.6265 127.393 59.0268 56.7355 5.62416 3.12498 0.0010707 64.7031 147.828 109.018 102.222 70.8176 0.294025 10.4913 26.9498 30.4232 20.0904 140.384 0 28.205 52.9687 11.5103 21.7681 18.5931 0.195823 3.20732 24.2259 10.2455 
38.0084 24.9657 0.086177 0.232729 70.1197 0.132601 55.3196 2.47295 97.2479 3.17263 36.301 84.6557 6.6788 4.00725 4.22597 7.39573 33.6751 79.5911 2.68574 0 331.85 0.822347 0.0927329 0.0376602 8.67049 5.7908 0.192551 0.00662512 
25.0362 165.889 74.5041 199.839 7.67533 31.0987 137.69 131.751 138.814 35.87 139.588 139.062 77.5466 43.9439 4.02915 62.3719 9.1738 95.1719 30.5758 194.086 0 0.0177977 17.0359 47.5821 16.3444 5.00054 26.1462 20.943 
37.9377 6.92177 12.113 12.6978 22.7135 20.5079 15.5712 4.07103 16.2925 0.000334818 31.4616 56.6719 6.59728 8.48833 1.88833 3.87989 20.9716 27.5502 14.0818 5.6861 8.33082 0 2.02936 12.306 12.2891 0.0319898 2.26911 2.33356 
46.415 18.2262 11.2125 2.86359 0.0346912 11.8947 72.4014 14.5423 96.0464 10.6102 111.958 73.94 90.8844 9.66997 19.6651 11.9462 18.8154 1.99175 23.0757 2.40031 16.3044 14.4898 0 12.4937 14.072 4.68216 12.8134 5.96506 
53.3545 59.852 11.8182 0.191463 0.00018997 1.12179 30.2928 121.445 91.4995 58.4856 40.1073 112.009 12.4964 4.3291 16.5201 4.50278 0.244499 48.3393 9.7615 4.02553 5.95601 12.8764 0.128072 0 18.556 16.5418 0.0578715 14.4018 
273.266 245.877 8.10358 207.982 62.2595 218.55 15.412 11.6533 254.066 3.2553 125.684 906.982 39.6151 16.3969 0.446215 37.8547 221.909 18.0547 4.41409 2.05097 10.2844 86.3145 24.9438 49.4534 0 54.8304 160.556 12.4246 
77.2846 77.817 1.64499 3.04242 38.6714 24.2582 99.4749 105.356 106.349 37.3323 165.426 140.463 5.70871 2.03668 9.1565 27.1827 18.7933 3.11469 26.7427 0.594898 8.30306 10.0416 3.04697 7.77255 37.727 0 3.76001 5.79349 
18.7957 54.5521 1.23994 26.5467 27.8677 14.2625 56.904 23.0251 9.69039 31.481 77.4641 2.54364 37.6964 9.06211 15.5756 1.28846 0.0597139 34.8495 6.71343 8.05424 42.4245 0.70255 13.4246 18.3004 42.9113 29.3607 0 91.6626 
4.11288 0.0666698 18.4876 14.415 9.18511 1.10321 18.2619 131.375 39.5992 23.4201 109.839 163.297 3.80265 6.91228 13.8452 2.27286 5.25737 31.6549 13.3361 11.3921 4.42192 9.41718 2.93194 7.72232 36.5064 49.573 29.315 0 
