0 610.624 2.03001 696.023 1.22837 392.992 261.461 205.599 654.878 21.8034 180.472 227.543 36.4995 1.93037 9.66217 14.2642 434.399 97.9449 75.0628 56.6864 26.8454 40.181 34.0472 28.4049 453.682 76.9572 9.30154 49.6825 
399.342 0 442.203 392.765 370.091 453.603 71.0547 42.6624 788.057 17.6163 0.0368085 195.036 63.2637 10.0711 65.6881 72.0626 460.122 532.921 74.3047 140.454 175.315 43.0838 23.1134 49.1151 468.212 26.1361 36.3171 44.7507 
6.84896 0.0798923 0 220.48 108.572 1.96124 119.237 195.811 124.088 20.2378 0.121278 161.629 26.1518 0.0323815 30.6776 22.5242 1.93126 41.5389 5.19306 3.40424 111.953 9.92023 11.0756 0.635449 21.7223 8.31417 7.50023 2.5436 
471.938 392.473 396.653 0 117.015 416.317 16.6324 377.109 602.312 40.858 189.233 43.7939 16.4736 18.8024 14.4045 0.000140961 431.521 77.2453 47.9523 38.2892 551.878 4.47493 1.46211 5.63894 426.202 14.2068 10.615 9.3594 
3.04276 150.568 187.34 161.755 0 101.097 233.384 176.039 354.065 232.869 74.9921 32.4588 178.282 3.96611 88.4364 45.0503 134.035 115.146 60.1465 62.1489 101.819 45.731 27.0255 23.9321 4.45006 51.7981 2.99812 50.0435 
397.349 405.909 39.9711 432.564 640.272 0 767.015 57.4476 610.294 332.146 171.309 151.737 186.374 7.83941 18.3618 16.9084 400.505 7.15497 77.2158 0.127237 4.93182 7.07533 4.39728 1.76431 401.835 0.594782 10.9188 20.9242 
267.688 471.902 24.186 168.688 70.313 313.678 0 235.839 1266.78 207.048 347.861 0.151478 70.6759 95.5259 141.312 38.2346 79.9731 72.8939 131.754 93.7278 54.4113 30.9691 62.0048 6.20573e-05 0.678682 2.18771 60.0562 57.8782 
301.65 212.011 145.897 438.157 212.29 24.3521 188.615 0 89.21 75.9633 87.2553 383.414 1.939 55.7595 75.9988 101.842 72.9206 123.265 113.414 110.379 10.1978 1.44018 37.9591 64.1646 165.288 225.57 73.4467 130.918 
436.909 394.306 365.795 403.34 37.9732 606.92 118.131 81.5795 0 0.872455 872.428 178.701 120.042 49.533 226.598 141.747 494.846 163.142 103.139 21.6103 143.192 69.0438 101.704 5.40122 439.822 94.9456 30.6131 51.0104 
153.165 242.176 101.891 23.342 186.759 42.0004 6.9323 141.666 344.928 0 417.2 163.598 329.188 56.912 36.4701 38.379 48.9633 97.7968 93.5138 10.2543 9.89186 40.3407 0.146203 19.0786 17.8076 76.1677 3.24778 17.2873 
139.83 230.395 10.2824 27.9273 27.9664 43.6751 249.917 14.2574 108.488 324.439 0 377.475 0.761068 161.401 66.6159 84.2486 9.27098 66.544 119.422 18.9634 142.85 1.33522 133.595 0.594624 89.0283 17.924 2.97864 31.3116 
121.607 223.218 32.8692 77.3344 42.1966 1.7073 46.1484 1002.72 391.067 216.149 3.98628 0 3.12671 55.218 7.17208 480.138 43.141 19.9582 40.0485 4.4008 35.8402 26.5226 13.0126 143.162 59.4607 396.982 31.3148 50.8256 
31.2388 127.078 73.3152 72.956 5.34767 153.715 22.4895 121.809 181.073 305.991 73.7218 5.08342 0 116.417 72.2316 83.9237 42.3875 1.68466 21.9905 6.47738 33.5363 18.7192 58.7889 60.1396 55.7168 8.07415 11.8152 32.5269 
12.8262 30.4996 13.5417 21.5238 44.1967 15.506 52.8767 125.344 94.2331 37.5023 127.766 86.3574 134.838 0 54.2129 14.0875 0.670129 47.3173 0.0299333 0.76924 4.62444 0.411026 7.53292 9.57786 0.0206773 0.561494 8.82989 0.715124 
69.8497 79.7578 13.7901 30.7519 85.6767 23.103 90.0236 165.32 152.816 105.168 19.8244 210.741 4.55191 5.21807 0 25.4583 18.7631 62.0175 21.166 7.1163 26.2673 17.2558 18.8512 19.6362 8.68237 9.12162 17.8286 23.0567 
37.5104 10.6241 3.57436 23.8732 23.8631 16.8565 61.5498 77.1477 21.0798 0.0112826 228.282 176.445 29.5153 18.7678 34.609 0 6.53491 28.738 13.1643 6.91284 1.36384 9.28012 0.0570168 14.9498 17.0083 32.743 2.22194 0.275333 
497.911 537.669 39.9721 396.395 123.659 429.724 20.982 38.9769 407.585 84.1526 14.372 38.3194 3.01541 12.3773 1.0344 2.54291 0 0.751183 228.77 5.66224 65.841 1.87864 13.9856 20.7391 411.89 26.393 3.72558 6.71769 
58.4434 188.413 8.94538 1.58592 185.549 14.2373 0.70836 0.166209 67.2929 0.0604776 145.217 2.58259 2.58835 35.3905 11.1171 8.9125 87.1372 0 13.2002 61.8965 3.99156 0.452517 0.265707 8.75342 40.1037 6.98919 6.21751 20.4126 
77.4311 112.36 60.546 54.1572 0.247294 7.30859 1.11293 58.2632 151.88 114.786 108.358 75.095 1.12298 9.36275 28.6465 30.5738 22.8185 145.659 0 26.5951 55.6974 12.3802 22.1334 17.8701 0.420743 3.99445 24.1014 9.39808 
74.4713 14.3146 0.0296321 1.49095 63.7593 0.467855 62.043 0.600897 92.8131 4.78698 40.9896 80.4955 5.39336 3.86215 4.73698 7.80187 33.9357 82.6728 1.79774 0 298.597 0.949823 0.1409 0.00844872 9.26302 5.20422 0.109805 0.0449276 
44.3769 172.32 61.9057 164.536 11.6719 35.5017 133.389 147.643 126.376 31.1347 134.862 130.192 77.0085 43.3084 2.74643 61.5078 11.1497 100.656 33.694 101.091 0 0.00062721 18.5108 47.8591 13.8548 6.91 24.659 18.9254 
38.5513 5.60041 11.9124 13.203 25.143 20.4916 18.2318 5.51703 18.9294 0.232747 35.2745 59.7861 11.3075 7.77767 1.27698 3.26606 20.8186 28.8309 14.9446 5.79746 9.13304 0 1.04064 11.5042 12.7747 0.00230862 2.6271 2.62603 
46.7979 20.7676 11.6111 2.17457 0.0263889 12.7015 72.033 10.0463 92.325 13.8006 102.538 63.2547 91.0818 9.09528 16.52 12.3695 18.9499 2.73516 23.1117 2.2558 14.8572 15.0435 0 6.77549 11.7131 4.03842 12.4691 5.49516 
54.8148 58.6153 11.0126 0.596161 0.104899 0.695999 34.3806 112.422 94.7995 56.9086 30.502 133.529 16.6442 5.66277 19.9044 1.21759 0.403935 48.3926 10.5994 4.27105 7.37185 12.1806 0.823688 0 12.2218 16.1744 0.275047 14.2536 
465.021 442.913 9.86938 403.6 63.8769 412.85 20.1457 3.44269 437.418 1.61291 116.234 265.94 37.0057 16.0536 0.039593 38.8773 413.958 15.7713 5.2498 1.62979 12.5339 59.8005 25.4426 41.8891 0 125.285 29.2814 128.02 
75.2452 80.1474 2.77584 1.34591 42.3498 25.3885 99.0125 138.771 95.0426 31.8201 166.217 57.848 7.58576 2.80481 12.0501 30.1476 17.8783 1.99144 27.5233 0.366134 10.6387 9.80878 2.47127 9.12443 35.617 0 6.26437 14.0555 
16.8784 54.3629 1.67729 26.9832 29.5263 14.9748 58.021 28.1168 7.41767 29.5718 74.7006 5.52988 37.1189 9.43873 14.7441 1.88554 0.1353 35.9969 7.33975 7.73076 41.7753 0.509748 13.2853 17.6832 46.3853 26.057 0 83.2101 
5.70937 0.0131318 17.5557 16.397 7.53923 1.6265 15.0252 126.856 33.9292 20.5254 108.525 171.241 4.88229 6.27354 15.2969 1.31792 5.86763 33.4667 12.457 11.2865 5.65283 9.19543 3.37043 6.9109 38.7615 57.8368 48.5837 0 
