0 484.154 110.682 494.149 195.826 358.519 5.71757 37.6794 419.432 71.8512 91.1747 228.427 24.7548 45.6445 6.38129 68.5406 346.243 220.796 10.4217 44.0388 43.5637 40.2147 45.0828 11.0038 334.03 53.5676 39.9729 44.5089 
325.082 0 411.05 348.005 162.105 451.016 511.548 209.972 430.94 100.078 17.2003 8.70802 15.04 57.0762 73.0515 45.276 424.159 336.873 93.8605 80.297 150.153 7.70476 0.142803 27.9001 401.556 43.3835 5.02468 16.1355 
128.005 7.34558 0 39.3889 131.569 23.57 18.2547 41.6299 25.172 0.167186 168.238 111.802 54.5701 13.125 25.711 1.4735 3.4344 49.6701 61.2012 0.469526 79.2272 0.0308786 12.5854 1.88161 21.6458 23.1857 0.472418 1.37232 
551.947 349.594 141.73 0 35.0255 391.027 153.592 1102.44 429.832 98.2819 203.466 100.501 1.43077 1.55585 1.2683 25.0306 325.471 96.8662 8.43044 23.553 100.868 0.0345135 5.609 0.013363 366.723 12.4638 25.0453 11.3377 
186.316 13.3636 187.978 6.18296 0 46.5214 427.749 15.5087 300.688 329.365 32.5985 30.2814 12.8355 30.9396 24.507 3.89401 54.805 5.50812 213.223 16.1457 126.726 22.89 4.25142 19.9318 27.284 0.693353 9.17736 0.875262 
331.918 562.064 65.6636 382.749 215.124 0 580.122 109.769 368.819 797.425 240.634 158.82 513.095 20.4777 27.9438 25.7349 337.014 107.236 86.6421 4.3579 4.2569 5.07642 2.07433 8.31104 326.631 0.887749 7.61705 1.12221 
27.5893 24.4393 129.892 180.919 403.827 77.5807 0 9.34473 157.845 490.047 33.0539 283.649 39.217 92.4544 36.0536 97.0887 7.99306 221.698 24.1459 5.36742 143.909 62.7754 44.6432 9.84595 26.6181 75.3344 29.1201 60.718 
166.333 44.2698 84.4403 64.5128 38.7963 1.75572 396.2 0 191.01 68.0263 353.288 441.639 148.133 64.67 59.8304 5.88662 95.7307 95.3644 105.148 2.36535 84.3894 44.447 16.9463 49.0356 179.672 120.687 99.2389 115.35 
371.224 660.026 456.005 404.752 6.33331 366.88 1022.44 180.779 0 377.476 243.091 333.442 2.93641 100.234 179.362 64.8984 431.687 177.172 93.7754 18.1577 75.2213 55.8768 91.6027 56.7616 450.73 15.1065 61.8071 98.3488 
149.735 76.3987 112.244 45.0452 313.489 10.114 339.137 162.268 19.6217 0 397.401 244.255 19.5237 29.1453 0.0125679 90.7456 64.0115 143.879 10.5528 7.05914 87.0551 0.136227 10.1563 18.9704 5.20275 0.0356772 14.4138 14.8041 
194.666 175.55 114.012 4.66839 236.712 3.1551 486.616 273.087 383.57 482.006 0 33.1607 252.931 1.42817 187.725 104.432 1.21921 11.4224 6.79359 50.1208 112.209 74.3057 130.949 126.983 0.140249 61.2061 85.553 0.699698 
131.298 4.22933 2.94691 257.172 44.6517 17.2639 245.643 1018.45 380.688 54.9189 446.843 0 0.137493 6.82065 113.437 484.226 0.51368 43.5262 100.343 96.1004 84.5164 2.65632 97.339 187.094 287.536 349.362 115.387 47.1659 
43.6614 3.12217 60.5446 45.7457 175.566 50.9758 210.194 45.0769 132.52 0.817273 183.262 13.0941 0 143.311 80.1394 2.17769 5.67941 102.514 16.8258 0.313553 35.0036 53.9492 17.708 14.9495 0.102938 53.1668 20.7231 0.519332 
30.3947 70.0054 11.4756 4.59289 12.2185 0.823291 21.9786 0.217566 47.1354 12.4311 13.2427 24.5561 104.034 0 6.52745 19.08 0.0858128 52.7145 8.32366 3.7918 14.9851 4.80284 4.31757 1.12423 14.6978 2.17264 11.2816 1.59896 
54.1328 57.7662 20.4699 39.4295 20.2761 23.3263 6.46485 174.46 195.78 132.823 112.102 273.409 8.2227 55.6338 0 85.0831 17.5986 3.27708 29.5645 7.21422 0.00819049 0.98532 13.1069 24.2275 23.8885 24.3498 6.93418 13.3931 
0.00965123 0.0052439 24.1597 42.2084 67.8014 0.000886006 103.67 16.0682 70.1586 42.8385 228.234 336.502 36.0308 15.0337 25.7967 0 25.6947 61.2349 25.9691 1.10631 16.2065 8.60107 10.1455 1.64294 27.5015 9.99971 8.40189 0.623506 
341.167 338.575 36.6937 374.232 5.46854 325.411 106.507 0.5451 328.646 81.5879 30.6312 1.51304 37.1562 17.2451 25.6381 23.2778 0 50.1608 310.955 28.8424 23.2319 20.9769 15.8312 14.4461 344.717 14.1107 7.97617 24.399 
235.009 406.176 155.314 133.078 230.755 118.459 94.7609 6.34384 32.9414 65.2092 126.469 15.4606 105.173 45.4424 62.5945 15.1794 2.92082 0 102.642 48.618 3.10635 3.7652 35.1754 44.521 59.6651 24.956 32.3027 2.23918 
11.8839 64.1797 14.7348 14.6137 86.4278 0.948168 86.7428 40.7191 25.5791 33.0327 16.5615 3.90724 0.155242 0.148164 1.52646 25.5264 211.403 2.15117 0 5.29716 72.3413 7.2886 7.20063 23.9611 19.9594 30.0298 0.00638054 4.40353 
22.851 11.8186 1.83532 47.4085 14.8875 8.87484 45.3424 94.1547 95.6479 2.60788 71.2259 26.9811 0.63751 0.706141 4.83549 3.79031 16.3061 74.4768 31.4683 0 9.28515 6.27718 0.46922 5.16461 8.52713 11.025 0.293074 10.9068 
26.1869 143.281 25.4927 224.515 19.9003 4.82626 17.0671 1.61215 31.711 64.6206 125.064 81.0379 0.0131204 7.96852 38.1576 46.4168 68.4476 122.272 62.1985 181.049 0 32.5921 2.2443 36.4884 56.0946 62.0388 29.8357 13.7132 
35.6384 45.3015 4.83553 3.88 47.4909 2.94866 4.70903 53.0404 42.8425 39.4968 15.9059 5.319 43.9781 0.0778726 17.0849 3.98497 0.0500523 40.7596 9.71315 1.87151 21.2212 0 3.23656 11.9581 16.0497 10.2792 0.0987333 4.92305 
43.5666 0.00344936 12.5228 4.53114 11.3336 9.97889 22.1919 28.3672 101.864 35.4133 82.8586 41.521 69.1502 2.13127 15.6283 2.09999 7.91234 21.2768 11.8021 3.94263 39.889 9.98632 0 1.83792 20.4413 2.70104 1.86871 9.82615 
17.0152 14.0714 15.6614 9.77318 0.0496594 0.940915 10.0747 123.356 86.1448 1.08696 105.133 185.724 58.6732 5.2593 0.0378871 15.938 11.7886 1.19043 1.04558 4.61989 32.2029 12.5784 4.88394 0 43.5982 11.2319 8.36956 14.4276 
373.097 375.72 9.78325 348.502 9.59428 325.827 62.4814 98.9933 327.469 25.8358 4.43384 865.566 20.0544 3.71236 31.1977 25.8779 346.824 0.493879 10.5975 2.15718 6.16442 1.49604 22.8032 23.9195 0 50.6868 137.75 115.078 
49.5068 11.1699 16.9884 2.07289 66.6768 27.7904 8.56635 231.114 15.1699 47.1015 152.752 1.07098 52.8967 10.4762 26.6874 3.87373 27.2852 15.5856 8.39504 11.3717 62.9229 0.111191 4.29895 0.0331146 30.4879 0 30.821 20.7189 
32.0179 7.2637 10.2299 14.9897 19.8933 6.78273 46.1416 0.997131 34.5608 0.174478 18.0119 39.3821 39.3047 11.3087 10.985 0.0648361 15.4906 43.6493 19.5647 4.89115 43.6496 6.0651 3.51509 7.62221 45.8559 2.75485 0 71.8951 
24.2155 11.9827 5.08683 5.14024 24.6203 11.2891 13.4013 121.659 99.1728 11.8946 74.3765 14.3843 44.4286 0.420121 22.4418 1.97601 24.4212 0.114518 6.93669 1.05713 51.096 7.22696 0.0244621 7.95347 10.9272 1.77209 63.6349 0 
