0 92.5971 13.8887 238.057 0.637179 4.88659 248.695 170.211 264.488 14.0972 172.025 223.17 31.0368 3.01473 12.6125 10.3332 36.4442 74.7239 82.4547 132.985 46.1434 39.9481 35.7926 25.5042 65.1001 74.8615 7.83603 47.3662 
11.0189 0 471.074 19.5448 257.69 96.9766 163.362 67.0325 408.335 34.2563 3.1721 205.971 73.4912 7.4093 59.2768 67.9484 56.3302 661.394 90.243 135.761 178.262 41.5578 25.7017 46.6179 74.9095 21.5675 38.203 47.4015 
23.7817 45.3605 0 84.8379 132.118 6.05533 77.3001 153.662 32.6704 29.6293 6.19183 146.017 30.7306 0.0105023 32.2491 23.5494 3.47716 58.4831 7.92487 1.99602 103.079 10.2892 11.4838 1.02981 23.2191 10.2475 6.71842 1.84977 
157.615 18.1249 259.35 0 131.458 31.6433 33.5561 1000.4 262.659 49.6321 198.501 20.5403 20.0595 17.6483 11.6348 0.403376 42.8382 63.8392 44.4766 42.0257 189.929 5.00134 0.977695 4.31804 37.0217 17.9501 9.40283 11.153 
0.0256188 60.581 187.915 156.309 0 217.289 156.839 189.871 353.943 183.414 53.682 23.9269 176.187 2.34262 91.343 49.1655 141.787 92.7184 103.123 55.5399 95.2789 43.7581 29.5808 26.3933 6.15065 48.5017 2.26062 48.4859 
1.75305 2.05614 31.0989 47.6458 611.268 0 1604.17 81.3094 340.245 113.76 209.283 144.849 245.299 9.3867 22.2504 18.8104 6.45454 3.15878 70.3102 0.00184373 7.26419 6.10703 5.22232 2.37229 11.7665 0.188539 10.142 21.4943 
265.66 386.25 55.1727 185.884 23.7732 765.583 0 174.831 1192.43 326.039 417.721 4.53844 92.2011 93.1955 137.27 30.5587 85.5626 94.3298 121.165 94.6547 63.2137 28.0436 58.8783 0.231474 2.04752 0.583237 59.5119 60.8553 
287.093 182.523 102.394 505.576 203.278 10.621 249.479 0 207.13 95.8684 51.7418 723.872 4.50175 66.0593 96.1693 63.1837 68.7328 134.134 111.047 105.827 18.4978 2.3432 44.5993 76.3116 148.49 209.138 68.2413 126.34 
67.0121 2.27756 449.663 0.255198 14.537 337.182 37.3424 196.646 0 16.0826 477.315 127.082 102.897 60.3445 136.583 147.858 106.397 147.24 113.363 27.4898 153.985 68.2567 102.24 8.61726 57.4367 83.2067 27.162 45.2782 
148.687 239.293 93.9347 16.4459 135.637 222.75 7.21329 121.507 374.72 0 535.922 139.453 328.845 63.6031 51.7489 30.403 53.3902 88.1964 101.441 12.7427 7.15994 43.6219 0.775032 15.7233 14.079 76.3826 2.33878 14.6817 
152.364 210.65 1.1624 14.5892 45.0598 17.9883 165.053 2.01902 325.834 464.598 0 293.738 0.608403 134.409 12.3293 116.263 11.9307 56.3398 123.102 22.9047 138.966 0.538022 133.017 2.86609 76.8788 9.02952 1.63659 25.1798 
101.652 222.74 18.9732 111.709 52.5458 0.0393986 26.6336 998.466 366.418 230.539 3.50584 0 0.904941 39.1072 27.8116 388.259 39.5763 14.6436 35.5144 2.31721 45.0918 29.9575 7.37353 160.428 106.533 389.565 24.3741 67.7922 
36.7107 133.79 72.7197 72.9011 11.5179 189.224 10.838 128.32 191.064 328.156 98.6114 9.3513 0 92.3279 84.5334 82.4805 39.8094 0.628094 26.2075 5.2382 30.5766 25.3671 50.1644 63.3877 55.9322 10.1669 10.6247 30.8974 
15.1091 26.5152 12.5894 22.1786 47.9509 14.019 60.2757 126.321 106.386 44.9306 98.4998 68.498 149.213 0 37.2378 11.0433 0.947663 48.7157 0.153271 0.638902 3.58049 0.162039 5.43497 10.1368 0.182872 0.235736 9.21266 0.447282 
68.3403 74.3674 10.9136 33.0644 89.1733 26.9173 103.572 151.154 176.955 90.8104 0.147015 243.558 10.791 0.0473211 0 4.248 17.6603 59.8294 19.3208 7.61379 28.9477 16.9298 15.681 16.3142 11.0686 11.942 17.2127 23.3093 
42.9862 7.29069 2.2992 27.8742 19.9898 14.8838 53.4421 42.3253 12.1946 0.933354 226.536 52.8608 23.075 17.2046 64.534 0 5.73935 25.8695 14.4455 6.46685 2.50855 9.80534 0.0253842 9.41807 20.2094 32.654 1.5886 0.0256553 
105.567 140.371 36.6096 3.11914 112.921 34.6296 16.129 43.521 12.0366 84.051 11.4747 34.7991 4.24424 11.6385 1.48431 2.01406 0 11.9764 558.002 4.5398 66.7812 2.22913 14.4766 20.8644 19.4075 26.7109 4.16093 7.36115 
38.9855 240.417 2.47015 5.56225 202.68 21.3593 0.386742 0.231885 83.9103 1.14223 152.357 0.865221 4.44592 37.5318 13.7366 11.0364 129.969 0 20.8546 66.9924 1.99197 0.220617 0.0743621 7.39541 42.3895 5.33217 7.19485 22.2234 
84.6985 96.7739 61.4022 51.2729 10.7928 12.8898 4.44873 51.9766 154.283 119.079 113.714 79.0526 2.4388 8.29189 30.2157 30.6116 36.0228 148.95 0 24.9405 58.2222 13.231 22.4362 17.1359 0.720825 4.83259 23.9428 8.58752 
115.3 6.53003 0.391247 3.71959 57.213 0.986917 68.3054 5.24856e-05 87.7952 6.64772 45.5927 75.9731 4.25383 3.71176 5.24477 8.16858 34.0438 84.9968 1.09522 0 225.417 1.08149 0.197199 6.30714e-05 9.82319 4.63919 0.0511408 0.115004 
67.1778 176.599 49.6675 186.395 16.2877 39.8397 128.229 162.042 113.553 26.6936 129.454 120.759 76.2536 42.5508 1.72124 60.3204 13.2256 105.562 36.7571 30.0427 0 0.0322959 19.9588 47.9613 11.5673 9.03012 23.1959 16.9978 
39.0684 4.43056 11.6861 13.6728 27.539 20.3697 20.9455 7.11902 21.6204 0.872113 39.0351 62.6385 16.9154 7.03349 0.787929 2.69971 20.6369 30.0508 15.7767 5.8978 9.93763 0 0.376438 10.6163 13.3091 0.00635545 2.99503 2.92246 
47.002 23.3147 11.939 1.58325 0.252518 13.4339 71.1821 6.38518 87.958 17.1906 92.2538 52.8289 89.5632 7.60732 13.1612 12.4684 19.0486 3.56607 23.0883 2.11376 13.4719 15.2444 0 2.24858 9.43858 3.4276 12.0718 5.03284 
55.9753 57.148 10.1851 1.20022 0.42626 0.374973 38.3905 102.275 97.2966 54.9633 22.04 152.292 21.0732 6.93582 22.8515 0.00454885 0.597071 48.3058 11.4241 4.50379 8.87109 11.3801 4.31075 0 7.08015 15.6176 0.639101 14.0236 
71.8901 55.2709 11.6676 14.9422 65.1877 22.5884 25.1919 0.0966216 36.9632 0.55269 105.773 1120.7 34.3705 15.5655 0.0677306 69.582 21.5543 13.6399 6.12028 1.2597 14.8848 14.2878 25.6263 41.3962 0 57.2682 126.706 6.89073 
72.6668 81.8523 4.12558 0.337454 45.8664 26.2998 97.5229 169.709 83.308 26.5677 163.685 9.13903 9.62986 3.63732 15.0038 32.0494 16.9644 1.13011 28.2104 0.194873 13.1361 9.55443 1.95067 10.4247 33.0242 0 9.1813 24.3942 
15.0587 54.0273 2.16109 27.2978 31.1231 15.6412 58.9212 33.3769 5.46533 27.6696 71.6988 9.48108 36.4756 9.7792 13.8875 2.56379 0.238258 37.0658 7.96621 7.40586 41.0543 0.35027 13.0794 16.9498 48.767 22.5699 0 68.6769 
7.49049 0.228761 16.5739 18.3339 6.06738 2.2264 12.0975 120.975 28.607 17.7842 106.362 175.507 6.04877 5.64673 16.6571 0.624319 6.48503 35.1947 11.6029 11.1517 6.98015 8.96276 3.81284 6.12257 40.2843 62.5938 67.0596 0 
