0 109.146 19.2268 260.589 1.83695 51.8309 243.764 159.596 309.298 12.1268 169.23 221.253 29.4875 3.37496 13.5347 9.28456 80.1067 68.2291 84.5407 153.348 52.5532 39.8634 36.2873 24.6604 111.395 74.1376 7.42651 46.6591 
70.951 0 460.606 74.6187 224.12 153.259 194.666 74.9107 453.916 39.9978 5.03397 208.711 76.4963 6.69826 57.355 66.6613 98.3251 241.077 94.9063 133.816 178.726 41.0935 26.4647 45.8585 119.809 20.2836 38.7441 48.155 
30.4332 75.4381 0 52.2326 138.593 7.63746 65.8803 140.838 16.2423 32.603 9.65678 140.955 32.0924 0.0342674 32.6219 23.7969 4.00934 63.7041 8.81743 1.64904 100.184 10.3932 11.5923 1.1619 23.6289 10.83 6.49331 1.66566 
227.193 72.9018 200.408 0 135.311 79.1819 39.4103 977.279 321.349 52.2311 200.374 15.2383 21.1511 17.2929 10.8557 0.666991 89.1371 59.9536 43.4172 42.9775 350.105 5.15864 0.853318 3.95816 83.1456 19.0762 9.05458 11.6931 
0.515763 40.8465 186.874 154.102 0 263.475 135.462 193.545 351.67 168.415 47.9364 21.6372 175.119 1.94511 92.042 50.3436 143.729 86.2929 116.849 53.5686 93.2887 43.1595 30.3274 27.1171 6.69515 47.5091 2.06347 48.0055 
46.5144 46.0956 28.504 94.9772 201.068 0 1371.74 88.6354 417.394 565.717 219.286 142.439 442.65 9.84734 23.3858 19.3479 51.2802 2.28637 68.091 0.00239938 8.02323 5.83118 5.47118 2.5647 57.7011 0.112338 9.91437 21.6445 
263.725 356.129 65.9959 189.915 14.5496 846.609 0 157.244 1070.39 359.015 434.399 6.95093 98.6777 92.3069 135.557 28.404 87.1213 100.797 117.822 94.7443 65.8221 27.192 57.903 0.383673 2.58443 0.306254 59.3149 61.6797 
281.393 173.522 90.1514 506.441 200.172 7.61047 266.786 0 247.157 101.827 42.8046 812.308 5.44673 69.0717 102.084 53.0025 67.4752 137.181 110.236 104.304 21.3463 2.64741 46.5693 79.8431 143.049 202.904 66.6704 124.722 
119.392 51.0207 463.258 46.1961 9.68013 414.586 120.821 236.193 0 23.9634 577.007 112.805 97.8561 63.7031 151.403 149.173 152.697 142.386 116.225 29.2996 156.92 67.9807 102.227 9.68688 105.649 79.6901 26.1702 43.6087 
147.05 237.308 91.3139 14.6129 121.01 286.428 17.8692 115.516 380.137 0 561.095 132.219 324.769 65.4428 56.4318 28.152 54.6634 85.3263 103.581 13.5074 6.43726 44.5507 1.05168 14.7804 13.0497 76.3007 2.09945 13.9451 
155.814 204.285 0.201962 11.4347 50.6753 12.4418 141.612 0.52709 371.71 499.61 0 268.031 1.59472 126.015 4.40721 125.72 12.7636 53.4315 124.022 24.1039 137.668 0.371657 132.47 3.8452 73.2872 6.96493 1.31778 23.4729 
95.8569 222.044 15.5424 122.151 55.7039 0.0160085 21.8252 954.267 356.933 233.954 8.99766 0 0.5059 34.747 36.1228 349.553 38.5373 13.2267 34.2098 1.8297 47.9294 30.9778 6.00555 164.814 102.265 379.045 22.4642 72.9507 
38.3548 135.546 72.4329 72.7961 13.7357 191.678 8.1827 130.079 193.531 330.814 106.176 10.8294 0 84.8685 87.9365 81.8477 39.0443 0.414941 27.4816 4.89693 29.719 27.4324 47.5936 64.2326 55.9445 10.8148 10.2837 30.4099 
15.7992 25.3692 12.2945 22.3412 49.0211 13.5703 62.3954 126.289 109.736 47.0982 89.9515 63.3644 152.028 0 31.4392 10.1082 1.03755 49.095 0.207331 0.602691 3.29797 0.11038 4.77487 10.2428 0.260495 0.166252 9.32002 0.38027 
67.8179 72.6903 10.1036 33.687 90.0531 28.0002 107.306 146.444 183.289 86.2993 3.26572 251.193 13.0699 0.916202 0 1.2671 17.3345 59.1411 18.7799 7.75707 29.7335 16.8122 14.7002 15.3067 11.7934 12.7971 17.0195 23.349 
44.584 6.42223 1.97353 29.0079 18.8966 14.2996 51.0529 33.6958 10.011 1.48009 224.312 28.6785 21.2807 16.5813 72.1592 0 5.51346 25.0372 14.822 6.33306 2.90638 9.95064 0.076006 7.90988 21.1453 32.4058 1.42145 0.00283014 
150.678 183.851 35.5946 48.1712 109.579 79.066 14.808 44.8629 56.4519 83.9289 10.6797 33.7791 4.6408 11.4217 1.63052 1.86995 0 17.6995 215.976 4.23107 67.0178 2.33672 14.6172 20.8939 64.6235 26.792 4.29187 7.55265 
33.8819 273.134 1.32637 7.1651 207.129 23.6608 1.10203 0.549906 88.9171 1.71292 154.256 0.534981 5.07994 38.1442 14.5429 11.6918 142.938 0 23.3726 68.4113 1.53482 0.168252 0.040624 7.01566 43.043 4.88549 7.49184 22.757 
86.7404 92.1193 61.5327 50.3665 16.7131 14.7726 5.83324 50.1475 154.689 120.069 115.152 80.1652 2.91645 7.98532 30.6565 30.6021 40.2874 149.552 0 24.443 58.9326 13.4797 22.5146 16.9162 0.823468 5.09018 23.8895 8.35389 
127.413 4.79499 0.57373 4.54572 55.2535 1.17353 70.0635 0.0559706 86.2102 7.24235 46.9375 74.5725 3.94306 3.66624 5.39448 8.26981 34.0479 85.5428 0.921357 0 199.403 1.12132 0.215375 0.00138208 9.98309 4.476 0.0381408 0.141564 
74.4211 177.462 46.1648 195.642 17.7635 41.1087 126.551 165.994 109.709 25.4341 127.732 117.876 75.9904 42.3041 1.46489 59.9104 13.8588 106.907 37.654 16.367 0 0.0506083 20.383 47.9597 10.9275 9.69522 22.7666 16.4432 
39.2041 4.11161 11.6143 13.8056 28.2423 20.3144 21.7581 7.62189 22.4271 1.13522 40.1379 63.4347 18.722 6.80855 0.665989 2.5411 20.5778 30.4015 16.0179 5.92556 10.1768 0 0.243078 10.3396 13.4768 0.0137138 3.10591 3.01109 
47.0298 24.0696 12.0229 1.42631 0.362258 13.6367 70.8428 5.45959 86.5536 18.2262 89.0851 49.8198 88.8056 7.04098 12.1597 12.4375 19.0713 3.82831 23.0705 2.07211 13.0726 15.238 0 1.3268 8.7913 3.25343 11.9447 4.89745 
56.2637 56.672 9.93669 1.41473 0.560942 0.299257 39.5605 99.0986 97.8858 54.3222 19.7679 157.208 22.4275 7.29118 23.6206 0.0566279 0.660501 48.2544 11.6661 4.57041 9.33019 11.1258 5.72671 0 5.84921 15.4196 0.773286 13.9407 
116.835 101.875 12.2033 61.3147 65.5195 68.4391 26.7364 0.0204018 79.9534 0.34652 102.523 1113.5 33.5864 15.3953 0.155593 77.3763 66.7914 13.0366 6.38461 1.15946 15.5988 17.9764 25.6184 43.0537 0 39.4213 57.4413 16.6533 
71.808 82.2409 4.56236 0.168383 46.8764 26.5283 96.8968 178.091 79.7925 25.0699 162.337 2.68102 10.2646 3.89382 15.8766 32.3985 16.6937 0.923005 28.3969 0.15472 13.9039 9.47514 1.80717 10.7969 32.1791 0 10.1081 27.6598 
14.5373 53.9011 2.31281 27.3686 31.5852 15.8301 59.1483 34.9608 4.94611 27.1075 70.7674 10.821 36.2729 9.87343 13.6296 2.77893 0.273806 37.3686 8.15208 7.30925 40.8273 0.309079 13.0064 16.7124 49.2788 21.5187 0 63.5859 
8.05112 0.341751 16.2747 18.8973 5.66321 2.41786 11.2885 118.999 27.0993 17.0018 105.57 176.074 6.41014 5.46367 17.0414 0.468442 6.66951 35.6915 11.3542 11.1064 7.39095 8.89177 3.94448 5.89394 40.5919 63.2673 71.9395 0 
