0 355.996 32.7504 501.574 6.30136 346.379 231.904 137.456 597.311 8.46542 162.975 216.366 26.3422 4.18585 15.5344 7.25939 367.285 55.2994 88.7511 181.659 66.8289 39.663 37.2923 22.9152 403.875 72.4761 6.60298 45.147 
409.721 0 413.205 390.788 156.951 466.843 262.765 92.1927 740.071 53.0575 10.2471 213.711 82.7404 5.32173 53.3074 63.8716 382.127 272.552 104.523 128.982 179.106 40.1017 28.0584 44.2389 409.372 17.6974 39.8536 49.6885 
46.36 155.559 0 14.4658 151.206 11.4271 44.1566 114.179 0.201864 39.0556 19.1832 129.83 34.9488 0.127442 33.2648 24.2319 5.22871 74.8065 10.8014 1.02733 93.7846 10.6038 11.8017 1.46034 24.4373 12.0601 6.03064 1.31088 
567.199 388.532 197.449 0 142.696 374.348 52.6931 916.538 635.859 57.6475 202.997 6.63034 23.4784 16.53 9.28862 1.42274 381.672 51.9926 41.1593 44.7286 513.994 5.49067 0.620329 3.2508 375.271 21.4462 8.34014 12.8359 
3.52514 11.6594 182.979 148.665 0 346.458 94.0433 200.596 343.756 137.253 36.8065 17.1923 172.247 1.23299 93.2695 52.751 147.267 73.2481 146.269 49.4317 89.0478 41.884 31.8775 28.6268 7.89472 45.4071 1.68053 46.971 
336.577 337.205 23.2112 389.521 467.076 0 745.866 104.15 763.239 302.543 237.952 136.887 149.347 10.8125 25.7237 20.4332 340.901 0.91551 63.2313 0.0577901 9.70997 5.26929 5.99853 2.98526 349.54 0.0165125 9.44064 21.9321 
257.798 289.24 90.3412 196.692 2.47616 880.993 0 121.928 726.905 420.615 462.376 13.5615 112.269 90.1681 131.258 24.0791 90.2428 114.412 110.559 94.6651 71.2781 25.4285 55.7916 0.822585 3.89611 0.0131335 58.8506 63.3243 
267.604 154.481 66.1001 445.812 193.068 2.91172 301.184 0 334.148 114.314 26.6337 955.804 7.69088 75.2962 114.252 34.075 64.8143 143.3 108.381 100.873 27.8487 3.33796 50.6922 87.1009 131.109 188.123 63.3424 120.97 
425.28 353.488 472.972 343.609 2.67884 761.173 415.088 322.759 0 44.9286 577.358 84.8648 87.4061 70.9374 197.382 151.196 445.134 132.058 121.961 33.1803 162.67 67.3405 101.952 12.0916 402.245 72.3074 24.1352 40.1548 
143.188 231.566 85.4904 11.0947 91.8572 406.448 54.2491 103.025 386.265 0 595.744 117.078 310.757 69.069 66.3311 23.6271 57.274 79.2905 107.749 15.1483 5.04756 46.433 1.76012 12.8814 11.0051 75.9201 1.64067 12.4531 
162.637 190.315 0.742263 6.04426 63.1468 4.07867 96.5633 0.523765 465.448 558.611 0 214.479 5.12773 108.187 0.753064 145.096 14.5741 47.5141 125.704 26.6606 134.739 0.123347 130.788 6.32728 65.8114 3.49793 0.76319 20.0613 
83.9566 219.795 9.41697 143.988 62.4393 0.644966 13.2467 809.885 334.248 239.819 28.3099 0 0.0443056 26.3016 56.2434 259.985 36.3832 10.4869 31.5313 0.996265 54.0014 33.1201 3.58933 172.832 51.3442 346.24 18.6839 83.8501 
41.831 138.879 71.6745 72.4489 18.9207 184.435 3.81686 133.517 197.959 330.537 122.149 14.2274 0 69.2111 94.6419 80.2327 37.4383 0.112039 30.1853 4.21851 27.948 31.8727 42.2269 65.8288 55.896 12.2123 9.5851 29.3809 
17.2652 23.0202 11.6601 22.6362 51.201 12.6217 66.7143 125.759 116.345 51.5635 72.5555 52.9448 155.672 0 19.5463 8.15736 1.23722 49.8397 0.345855 0.530174 2.744 0.0343499 3.41758 10.3755 0.465174 0.0600895 9.53648 0.257653 
66.6164 69.071 8.47742 34.897 91.6671 30.1848 114.658 135.947 195.156 76.6092 22.432 263.739 18.4134 6.06805 0 0.719655 16.6524 57.6415 17.6548 8.0516 31.368 16.5359 12.6225 13.1932 13.3305 14.6023 16.5991 23.3813 
47.8875 4.77752 1.36931 31.2909 16.687 13.08 46.0868 18.5309 6.11662 3.01204 217.277 1.5493 17.7042 15.0808 84.2243 0 5.05373 23.3177 15.6071 6.05037 3.82377 10.2401 0.267288 5.0648 23.0656 31.5747 1.10089 0.0287863 
440.577 470.12 33.4453 338.261 102.38 367.757 12.212 47.6696 345.26 83.541 9.10491 31.6731 5.51888 10.9695 1.95577 1.58569 0 32.8625 346.034 3.61822 67.4539 2.56796 14.9053 20.9449 354.952 26.9436 4.56959 7.9559 
24.2385 350.936 0.0746508 11.112 215.473 28.7351 3.75645 1.6443 99.4804 3.26569 157.916 0.100371 6.52866 39.3967 16.2755 13.1027 169.855 0 28.9837 71.2468 0.771914 0.081855 0.00284004 6.25152 44.379 4.01289 8.12586 23.8727 
90.8474 82.3827 61.6279 48.3965 32.8268 19.0151 9.28906 46.3643 155.095 121.728 117.946 82.4108 4.04274 7.35787 31.5458 30.5527 48.5551 150.271 0 23.3904 60.368 13.9968 22.6627 16.4522 1.05857 5.64381 23.7687 7.87296 
151.88 2.02096 1.06232 6.49867 51.1313 1.61103 73.5946 0.50931 82.7549 8.54981 49.7255 71.554 3.32995 3.56939 5.70735 8.47124 34.0164 86.4793 0.606412 0 143.204 1.20609 0.255652 0.00961507 10.3096 4.14003 0.0171576 0.205628 
90.1289 178.68 39.0599 201.886 21.0088 43.7421 122.825 173.786 101.62 22.8758 123.958 111.721 75.3813 41.7547 0.99586 58.9683 15.2128 109.564 39.5196 0.960336 0 0.101878 21.2661 47.9105 9.64082 11.1422 21.8715 15.3038 
39.4637 3.48248 11.4569 14.075 29.7075 20.1709 23.4734 8.7172 24.1319 1.79189 42.4325 65.0331 22.6953 6.33243 0.443805 2.2222 20.4461 31.1219 16.5161 5.98099 10.68 0 0.0578593 9.74282 13.8423 0.0379967 3.34124 3.19824 
47.0411 25.6517 12.1798 1.12384 0.653726 14.0407 70.007 3.75328 83.4584 20.4367 82.3091 43.6617 86.7873 5.74187 10.0901 12.2865 19.1096 4.4015 23.0175 1.98534 12.2509 15.1298 0 0.165494 7.48516 2.89889 11.6649 4.61583 
56.7881 55.615 9.41222 1.91446 0.900076 0.168584 41.9841 92.2407 98.9017 52.8879 15.3689 166.442 25.3172 7.99307 25.0584 0.758121 0.802569 48.11 12.1707 4.70673 10.3144 10.5704 9.01362 0 3.7602 14.9588 1.09178 13.7459 
406.482 395.043 13.3278 354.094 66.1336 360.064 30.0378 1.18149 365.834 0.0705651 95.531 1169.06 31.9387 15.0032 0.453279 83.5752 357.161 11.8118 6.94834 0.96291 17.1207 48.9724 25.5074 48.8305 0 51.9555 30.1827 107.619 
69.8763 82.8862 5.52729 0.00294568 48.9462 26.9466 95.3235 194.181 72.4105 22.0251 158.676 1.60568 11.6362 4.44344 17.6871 32.8078 16.126 0.558073 28.7634 0.0857889 15.5526 9.30324 1.52245 11.5546 30.312 0 12.1251 34.5666 
13.4694 53.5979 2.64305 27.485 32.5392 16.2144 59.5672 38.3126 3.94267 25.9309 68.7556 13.8643 35.83 10.0614 13.083 3.24976 0.355688 37.9839 8.54272 7.10602 40.3321 0.231367 12.8361 16.1867 50.0891 19.3073 0 52.2657 
9.27347 0.649134 15.6359 20.0614 4.86134 2.8388 9.67826 114.541 24.0432 15.4057 103.695 176.246 7.19081 5.08405 17.8184 0.214514 7.05896 36.7122 10.8384 11.0038 8.27771 8.73984 4.22121 5.42232 41.0243 63.5659 80.8324 0 
