0 453.102 44.2577 579.234 11.1176 462.925 222.146 121.701 707.45 6.21485 158.133 212.125 24.1535 4.81884 17.0353 5.94112 478.113 46.5833 91.6562 189.06 77.7574 39.499 37.9933 21.6724 518.354 71.1559 6.03572 44.0281 
570.408 0 361.22 526.169 113.024 596.386 312.082 105.231 846.027 63.2678 15.0832 216.694 87.2013 4.42118 50.3695 61.7803 490.628 102.785 111.309 124.886 178.886 39.3683 29.2072 43.044 521.747 15.916 40.6367 50.7604 
59.2776 221.994 0 18.3472 159.413 14.5222 30.6795 95.4872 4.58941 43.8731 27.8485 121.426 37.0128 0.230736 33.6124 24.476 6.1957 82.8925 12.3269 0.667432 88.9089 10.7502 11.938 1.69404 24.979 12.955 5.70332 1.08019 
713.203 523.605 187.245 0 147.421 490.813 63.0172 20.6318 762.546 61.5241 203.796 2.58074 25.1932 15.9638 8.2133 2.13496 496.231 46.4185 39.4966 45.7828 630.763 5.73299 0.474852 2.7789 489.495 23.1604 7.83613 13.6708 
7.3266 1.51678 178.778 144.089 0 380.84 67.703 205.136 335.49 115.389 29.5629 14.2766 169.652 0.818819 93.9582 54.4396 149.373 64.2227 167.622 46.4416 85.9243 40.9436 32.9869 29.7134 8.81124 43.8688 1.42834 46.199 
449.975 453.477 19.559 505.381 209.166 0 667.612 115.382 904.494 478.862 249.287 132.475 215.334 11.5086 27.3703 21.1816 453.497 0.308559 59.5657 0.142892 11.009 4.87636 6.38461 3.30379 463.652 0.000417722 9.10039 22.1176 
252.001 239.711 108.881 200.142 0.00277795 791.09 0 98.139 457.493 456.729 476.274 19.5975 122.041 88.396 127.582 21.1218 92.3779 124.25 105.115 94.3861 75.2113 24.1705 54.2098 1.23956 4.99846 0.040619 58.4716 64.4441 
256.206 140.675 50.4067 372.121 187.455 0.888876 324.047 0 397.016 123.297 17.2027 1014.3 9.53157 79.7067 122.787 22.6856 62.8687 147.497 106.91 98.1973 32.9775 3.88191 53.6637 92.2057 122.107 176.177 60.906 117.965 
549.924 479.073 463.988 466.244 0.322822 903.099 682.082 385.815 0 63.4742 1048.51 66.59 79.9751 76.3123 189.591 152.04 559.54 124.485 125.883 36.0552 166.487 66.8258 101.548 13.9641 519.771 66.9804 22.6991 37.6963 
140.046 226.139 81.0327 8.82902 72.4411 468.301 90.897 94.0917 386.268 0 604.448 106.222 296.364 71.4874 73.4779 20.5315 59.1137 74.9166 110.487 16.3664 4.14635 47.7393 2.37874 11.5736 9.62205 75.4718 1.34417 11.4169 
167.219 179.753 3.24796 3.19352 72.6956 0.850721 68.2528 3.11686 560.511 587.051 0 176.982 8.8817 95.2949 8.97721 158.514 15.9382 43.387 126.714 28.5453 132.449 0.0272061 129.133 8.47299 60.4716 1.72217 0.456452 17.7353 
75.5949 217.517 5.91101 159.499 67.3989 1.66131 8.33644 673.546 315.744 242.96 48.4115 0 0.0225971 20.8213 72.7188 193.705 34.8435 8.69746 29.6396 0.550593 58.4907 34.6731 2.22353 177.594 11.0589 314.802 16.1397 91.7487 
44.369 140.997 70.9959 72.0922 23.1014 172.417 1.67939 135.793 200.534 325.486 133.713 16.9306 0 58.1246 99.0949 78.8297 36.2737 0.0124783 32.1676 3.75807 26.6878 35.1629 38.3877 66.8351 55.7993 13.2558 9.09242 28.6299 
18.3417 21.3661 11.1886 22.8113 52.7244 11.9304 69.7246 124.993 120.756 54.7133 60.599 45.7571 156.375 0 11.9655 6.78642 1.39116 50.3369 0.467117 0.480499 2.37474 0.00629363 2.50512 10.3959 0.647831 0.0163077 9.68603 0.18382 
65.6592 66.3718 7.36653 35.6907 92.6413 31.6853 119.54 127.901 202.456 69.486 46.0421 269.744 22.7164 12.1968 0 5.07036 16.1592 56.5094 16.8479 8.2599 32.5409 16.3115 11.1236 11.6809 14.4527 15.911 16.2822 23.3624 
50.2349 3.73553 0.998943 32.8548 15.1571 12.2041 42.5415 10.2284 3.88315 4.43538 210.303 3.06243 15.2803 13.8597 88.792 0 4.73219 22.0947 16.1721 5.84401 4.55672 10.4367 0.475157 3.33493 24.4078 30.724 0.893997 0.108853 
553.11 579.862 31.8751 451.19 97.0318 479.588 10.4792 49.6954 457.307 83.1508 8.04087 30.1752 6.19361 10.644 2.20691 1.39463 0 46.2435 454.195 3.2033 67.7198 2.74025 15.1085 20.9728 467.968 27.0381 4.77353 8.24963 
18.19 397.232 0.129856 14.4391 220.658 32.5988 6.62483 2.79039 107.152 4.68307 160.295 0.000325791 7.6763 40.2774 17.5645 14.1547 188.715 0 33.3048 73.1796 0.38266 0.0386898 0.00286018 5.72461 45.3181 3.43426 8.59473 24.6783 
93.6694 75.3958 61.5485 46.915 47.3014 22.3092 12.2382 43.6718 155.018 122.579 119.783 83.9637 4.96119 6.91628 32.1603 30.4922 53.8283 150.337 0 22.6207 61.3624 14.3679 22.7566 16.1131 1.24542 6.05608 23.6735 7.53187 
168.283 0.747541 1.50235 8.08424 48.1444 1.96558 76.0159 1.1158 80.1491 9.54594 51.7168 69.3043 2.91807 3.49805 5.93295 8.60799 33.9602 86.9828 0.419693 0 104.002 1.26859 0.286642 0.0201224 10.5388 3.90202 0.00716586 0.258992 
101.822 179.066 34.1521 189.979 23.4811 45.6238 119.961 178.994 95.7545 21.0932 121.091 107.182 74.8928 41.3301 0.713193 58.218 16.2154 111.353 40.8579 1.56239 0 0.149744 21.9005 47.8367 8.75517 12.2325 21.2271 14.498 
39.6311 3.05956 11.3372 14.2627 30.7607 20.0443 24.7249 9.54436 25.3777 2.35395 44.0789 66.1311 25.711 5.98505 0.311036 2.0029 20.3443 31.6316 16.8709 6.01886 11.0462 0 0.00337176 9.29835 14.1186 0.062951 3.5141 3.33496 
47.0102 26.7966 12.2774 0.927088 0.915765 14.3154 69.2995 2.71543 81.0978 22.0665 77.3183 39.3487 84.9791 4.75479 8.63973 12.1067 19.1297 4.83619 22.9661 1.92293 11.6687 14.9733 0 0.0189696 6.5887 2.65148 11.4514 4.41391 
57.1008 54.8009 9.0298 2.31709 1.19276 0.0973841 43.7121 87.1372 99.4534 51.7763 12.5008 172.164 27.4448 8.45874 25.9415 1.74052 0.913051 47.9748 12.5338 4.8027 11.0452 10.1513 11.498 0 2.68947 14.5888 1.3528 13.5876 
518.913 510.056 14.1411 468.9 66.5102 473.989 32.4752 3.1111 475.822 0.00107686 90.346 295.888 30.7433 14.6905 0.762116 77.8238 470.205 10.9583 7.36464 0.831885 18.2428 74.6952 25.3465 54.3423 0 90.7052 126.882 118.166 
68.3712 83.2119 6.26447 0.0409121 50.4039 27.1982 93.9712 204.406 67.0833 19.9059 155.352 11.1905 12.6625 4.84996 18.9732 32.8316 15.7144 0.351452 29.0086 0.0485824 16.7778 9.17398 1.33009 12.082 28.8904 0 13.6371 39.478 
12.7169 53.3462 2.89227 27.5424 33.2179 16.4828 59.8232 40.7625 3.28713 25.0804 67.2506 16.257 35.4944 10.1896 12.6827 3.60664 0.421149 38.4136 8.82653 6.95817 39.9571 0.182254 12.6987 15.7839 50.4698 17.7107 0 43.8457 
10.1971 0.93029 15.1644 20.8887 4.31847 3.15974 8.58421 111.065 21.9206 14.2875 102.162 175.525 7.77524 4.8129 18.356 0.0919249 7.34336 37.4341 10.4694 10.9231 8.94117 8.62718 4.42213 5.08763 41.1591 62.852 85.9169 0 
