0 400.275 52.6247 506.734 15.0464 415.603 215.128 111.381 655.09 4.9001 154.76 208.976 22.7322 5.26309 18.0623 5.13 426.804 41.089 93.5283 189.513 85.2856 39.3806 38.4495 20.8514 469.395 70.2203 5.66984 43.2692 
557.004 0 320.57 492.57 86.7199 557.237 344.102 114.135 789.608 70.3939 18.7915 218.386 90.1502 3.8642 48.4063 60.3513 437.827 356.409 115.744 121.889 178.511 38.8708 29.9725 42.2354 471.388 14.7686 41.1509 51.4589 
68.4193 267.299 0 35.508 164.416 16.7326 22.8784 83.4649 14.8629 47.1441 34.3947 115.681 38.3887 0.316249 33.7893 24.6059 6.88003 88.2813 13.3856 0.469515 85.5544 10.8452 12.022 1.85826 25.3203 13.5538 5.48807 0.938181 
683.194 489.845 132.058 0 150.274 443.189 70.1801 7.02386 719.841 64.0859 203.818 0.916337 26.3525 15.5794 7.52369 2.68533 447.344 42.7965 38.3739 46.3841 164.078 5.89594 0.388401 2.48257 440.367 24.3012 7.5054 14.2318 
10.6002 0.0533939 175.357 140.751 0 390.337 52.1301 207.901 328.844 101.307 25.1204 12.4709 167.685 0.58916 94.3251 55.5421 150.565 58.4141 181.693 44.4504 83.8137 40.3071 33.7225 30.4365 9.44591 42.8336 1.27124 45.6721 
400.605 406.982 17.2268 457.285 580.408 0 400.463 122.83 867.077 291.46 255.746 129.356 692.776 11.9717 28.4447 21.6635 403.369 0.0826156 57.0607 0.220517 11.9127 4.62025 6.64444 3.52307 414.492 0.0143385 8.87417 22.2312 
247.455 207.046 121.472 201.75 1.2938 687.492 0 83.2759 293.848 476.063 482.431 24.188 128.506 87.1111 124.878 19.2308 93.7457 130.785 101.403 94.0975 77.8289 23.3385 53.1287 1.56398 5.80498 0.169908 58.1984 65.1596 
247.992 131.494 40.8742 327.775 183.497 0.186788 338.179 0 437.742 129.249 12.0078 1029.18 10.8604 82.6008 128.327 16.2661 61.5597 150.19 105.869 96.3247 36.591 4.26592 55.6404 95.5356 115.966 167.708 59.2664 115.828 
507.934 439.228 450.779 424.749 0.0211358 866.172 860.219 426.894 0 77.2439 1077.29 55.4045 75.0872 79.9564 158.222 152.314 510.514 119.393 128.391 38.0046 168.872 66.4581 101.183 15.275 472.874 63.4412 21.7566 36.0742 
137.791 221.948 77.9567 7.45001 60.4324 493.725 119.338 88.1969 384.211 0 602.399 99.0536 284.957 73.0021 78.2047 18.5542 60.3193 71.9962 112.183 17.1938 3.59274 48.5856 2.84056 10.7316 8.74378 75.0927 1.16246 10.745 
170.108 172.52 5.88445 1.78787 79.2891 0.0354841 51.6918 6.0383 640.181 598.672 0 152.952 11.9306 86.7808 19.3428 167.093 16.8746 40.7048 127.293 29.82 130.841 0.00165825 127.828 10.064 56.9484 0.881548 0.295316 16.2491 
70.1438 215.698 4.0128 169.613 70.7478 2.59786 5.67552 574.147 302.534 244.536 64.4546 0 0.152753 17.4749 84.4431 151.401 33.8233 7.59197 28.3976 0.326025 61.5298 35.7121 1.49104 180.267 0.150572 290.949 14.5317 97.0027 
46.0742 142.273 70.483 71.8052 26.0849 163.717 0.732447 137.214 201.957 319.924 141.398 18.8474 0 50.9515 101.865 77.7866 35.4943 0.00136995 33.5033 3.46455 25.8554 37.3892 35.8553 67.4373 55.7061 13.9676 8.76904 28.125 
19.0681 20.283 10.8683 22.9104 53.7163 11.4672 71.6778 124.306 123.517 56.7718 52.9921 41.1481 155.939 0 7.7185 5.90469 1.49846 50.6498 0.557856 0.448596 2.14259 7.3775e-05 1.94901 10.3744 0.785627 0.0024354 9.78266 0.141411 
64.9794 64.5347 6.65745 36.1818 93.2011 32.6462 122.582 122.351 206.688 64.7155 65.7852 272.265 25.7746 17.147 0 9.99214 15.8296 55.7313 16.3123 8.39686 33.3197 16.1504 10.1348 10.6871 15.2047 16.7822 16.0647 23.3302 
51.7805 3.10893 0.7832 33.8541 14.168 11.6234 40.2017 6.00895 2.6685 5.5285 204.823 13.9296 13.7422 12.9947 89.6548 0 4.52245 21.2874 16.548 5.70534 5.07819 10.5622 0.645248 2.3587 25.2763 30.0459 0.767469 0.190609 
502.817 527.633 30.8205 401.282 93.4063 428.905 9.39024 51.0461 406.828 82.8395 7.36503 29.1862 6.66274 10.4271 2.38212 1.27372 0 56.1753 290.498 2.93929 67.8745 2.85775 15.242 20.9873 418.075 27.0941 4.91129 8.44689 
14.6022 417.002 0.612042 16.8713 223.71 35.2612 8.97156 3.71851 112.276 5.7644 161.757 0.0328144 8.48868 40.8539 18.4416 14.8717 200.851 0 36.3039 74.4135 0.198084 0.0187911 0.015539 5.38464 45.9328 3.0721 8.91285 25.2159 
95.4819 70.7744 61.4268 45.9004 58.1276 24.6028 14.4097 41.8949 154.795 122.983 120.922 84.9678 5.62234 6.62692 32.5573 30.4404 57.1397 150.172 0 22.1029 62.0064 14.6146 22.8131 15.8849 1.37804 6.33695 23.6062 7.30701 
178.402 0.242202 1.83533 9.21719 46.1513 2.21972 77.5679 1.64919 78.3618 10.2341 53.0344 67.7723 2.65752 3.44978 6.08335 8.69516 33.9072 87.2378 0.314065 0 79.7882 1.31092 0.30821 0.0292519 10.6886 3.7454 0.00288886 0.297892 
109.731 179.095 30.9967 174.843 25.1887 46.8691 117.971 182.264 91.837 19.9342 119.114 104.114 74.5441 41.0339 0.55061 57.6853 16.896 112.485 41.7467 7.44376 0 0.186736 22.3225 47.7697 8.18457 12.9808 20.798 13.9681 
39.7335 2.79189 11.2544 14.3848 31.4612 19.9491 25.5656 10.1132 26.2156 2.76935 45.172 66.8374 27.7843 5.75216 0.235394 1.86176 20.2731 31.9671 17.1055 6.04315 11.292 0 0.00405511 8.99631 14.3086 0.0830417 3.63085 3.42695 
46.9715 27.5616 12.3352 0.805929 1.11449 14.4906 68.7797 2.11442 79.467 23.1679 73.9557 36.5422 83.6157 4.09611 7.70291 11.9548 19.1395 5.13595 22.9257 1.88139 11.2851 14.8331 0 0.250122 6.01545 2.4906 11.3038 4.27984 
57.2788 54.2345 8.7732 2.60469 1.41019 0.0606556 44.854 83.6739 99.7365 51.0003 10.7363 175.51 28.8804 8.7475 26.4533 2.60289 0.990477 47.8701 12.7756 4.86559 11.542 9.86399 13.1294 0 2.1901 14.3252 1.54111 13.4738 
468.588 461.47 14.6834 420.21 66.7305 424.691 34.1243 4.89671 424.002 0.0149928 86.8354 313.198 29.9435 14.4687 1.01107 69.7969 420.329 10.4031 7.64679 0.74952 19.0021 84.9614 25.201 58.2694 0 113.716 147.629 80.0928 
67.3175 83.3638 6.7739 0.139235 51.3588 27.3424 92.9706 210.5 63.5434 18.5319 152.829 22.201 13.3634 5.12498 19.8172 32.7211 15.4389 0.239996 29.1632 0.029598 17.6111 9.08537 1.20804 12.4238 27.9124 0 14.6668 42.6554 
12.2233 53.163 3.06355 27.5684 33.6663 16.6577 59.9724 42.4093 2.88185 24.5124 66.2225 17.9408 35.2629 10.2716 12.413 3.85243 0.467799 38.6936 9.01689 6.85898 39.6986 0.152719 12.6003 15.5047 50.6356 16.6506 0 38.2628 
10.8323 1.14532 14.8451 21.4339 3.97303 3.38169 7.88677 108.632 20.5451 13.5579 101.057 174.654 8.17481 4.63349 18.7033 0.0385502 7.53472 37.9089 10.2247 10.8661 9.39462 8.55058 4.55667 4.86721 41.1667 61.952 88.5956 0 
