0 408.139 51.9089 516.432 14.6977 423.24 215.728 112.234 663.169 5.00402 155.045 209.248 22.8494 5.22537 17.9759 5.19547 434.778 41.5366 93.3744 189.566 84.6526 39.3907 38.4117 20.9196 477.176 70.3001 5.69998 43.3329 
561.7 0 324.098 499.035 88.807 564.211 341.476 113.387 798.064 69.7914 18.4678 218.254 89.9057 3.90928 48.57 60.4714 445.923 502.415 115.378 122.146 178.55 38.9125 29.9087 42.3031 479.286 14.8629 41.1084 51.4012 
67.6442 263.543 0 33.6652 164.014 16.5444 23.491 84.4496 13.7892 46.8702 33.8272 116.163 38.274 0.308615 33.7763 24.5961 6.82178 87.8321 13.2961 0.484717 85.8368 10.8373 12.0152 1.84431 25.2925 13.5038 5.50594 0.949663 
689.47 496.319 137.876 0 150.046 450.858 69.5761 54.0672 727.16 63.8735 203.832 1.02302 26.2554 15.6115 7.58029 2.63719 455.118 43.0953 38.468 46.3372 158.939 5.88234 0.395279 2.5067 448.162 24.2062 7.53282 14.1849 
10.3053 0.0119146 175.661 141.037 0 389.907 53.3616 207.679 329.431 102.462 25.4787 12.617 167.856 0.606865 94.2973 55.451 150.473 58.8912 180.529 44.6162 83.9902 40.3604 33.6613 30.3763 9.39233 42.9201 1.28398 45.7164 
408.41 414.52 17.4173 464.996 724.783 0 497.069 122.211 874.1 206.225 255.243 129.621 671.444 11.9331 28.3561 21.6239 411.245 0.0959778 57.2711 0.213409 11.8362 4.64139 6.62271 3.50459 422.289 0.0124248 8.89299 22.222 
247.854 209.741 120.419 201.637 1.09648 697.184 0 84.4802 306.579 474.608 482.015 23.7887 127.969 87.2213 125.111 19.3858 93.6335 130.242 101.715 94.1247 77.6108 23.4076 53.2195 1.53552 5.73561 0.155752 58.2218 65.1008 
248.694 132.257 41.6371 331.044 183.833 0.225415 337.039 0 434.403 128.755 12.4066 1028.71 10.7469 82.3613 127.871 16.7632 61.6691 149.969 105.957 96.4833 36.284 4.23325 55.4758 95.2607 116.481 168.428 59.4036 116.011 
515.128 446.199 452.091 431.848 0.00736311 873.152 845.813 423.518 0 76.0559 842.044 56.3046 75.4924 79.6509 161.409 152.3 518.301 119.819 128.185 37.841 168.678 66.4895 101.216 15.1639 480.483 63.7359 21.8346 36.209 
137.984 222.314 78.2158 7.56067 61.4019 492.129 116.86 88.6858 384.445 0 602.81 99.6482 285.959 72.879 77.8126 18.7164 60.2195 72.2399 112.046 17.1243 3.63737 48.5159 2.80062 10.8008 8.81561 75.1268 1.17713 10.8004 
169.873 173.127 5.63584 1.88962 78.7336 0.0622847 52.9968 5.75874 633.189 597.937 0 154.918 11.6602 87.4855 18.3342 166.391 16.7958 40.9259 127.247 29.7132 130.978 0.00260716 127.943 9.92661 57.2403 0.941026 0.307407 16.371 
70.5938 215.859 4.15715 168.779 70.4678 2.51195 5.87822 582.575 303.661 244.421 63.0416 0 0.137498 17.7437 83.4463 154.825 33.908 7.68147 28.5005 0.342526 61.2754 35.6255 1.54656 180.06 0.385837 293.015 14.663 96.5662 
45.9318 142.171 70.5276 71.8305 25.8305 164.419 0.796717 137.098 201.848 320.453 140.759 18.6843 0 51.5395 101.641 77.8767 35.5593 0.000607463 33.3914 3.48861 25.9246 37.2029 36.0648 67.3893 55.7148 13.9078 8.79578 28.1672 
19.0073 20.3727 10.8952 22.9027 53.6345 11.5058 71.5167 124.368 123.293 56.6016 53.6128 41.5257 156.002 0 8.04269 5.9769 1.48938 50.6243 0.549988 0.451216 2.16153 0.00020995 1.99342 10.3773 0.773677 0.0031223 9.7747 0.144736 
65.0373 64.6889 6.71556 36.1421 93.1572 32.5675 122.335 122.817 206.356 65.1125 64.0271 272.101 25.5144 16.7134 0 9.5252 15.8571 55.7969 16.3568 8.3855 33.2549 16.1642 10.2167 10.7693 15.142 16.7097 16.083 23.3335 
51.6526 3.15907 0.800185 33.7722 14.2493 11.6716 40.3958 6.31906 2.76123 5.43296 205.304 12.7309 13.8678 13.068 89.6515 0 4.53974 21.3543 16.5167 5.71692 5.03372 10.5519 0.630114 2.43429 25.2047 30.1056 0.777653 0.182929 
510.71 535.69 30.9087 409.139 93.7098 436.828 9.4789 50.9336 414.733 82.867 7.4203 29.2683 6.62304 10.4452 2.36726 1.28357 0 55.3188 331.529 2.96092 67.8623 2.84788 15.2309 20.9863 425.933 27.0897 4.89976 8.43041 
14.8871 415.743 0.558257 16.6619 223.468 35.0368 8.76274 3.63619 111.848 5.67023 161.639 0.0270633 8.41961 40.8062 18.3681 14.8115 199.855 0 36.0504 74.3124 0.211155 0.0201761 0.0140955 5.41259 45.8819 3.10155 8.88615 25.1711 
95.3332 71.1576 61.4391 45.9857 57.1921 24.4089 14.2226 42.0422 154.819 122.955 120.83 84.8852 5.56577 6.65089 32.5246 30.4451 56.8657 150.192 0 22.1462 61.9534 14.594 22.8086 15.9039 1.36675 6.31338 23.6119 7.32566 
177.588 0.273738 1.8064 9.12066 46.3174 2.198 77.4404 1.60084 78.5121 10.1761 52.9248 67.9009 2.67877 3.45383 6.07081 8.68803 33.9121 87.2191 0.32229 0 81.7282 1.30737 0.306384 0.0284274 10.6762 3.75838 0.00317246 0.294548 
109.071 179.1 31.2562 176.278 25.0448 46.7656 118.139 181.998 92.1637 20.0299 119.281 104.371 74.5739 41.059 0.563357 57.7307 16.839 112.393 41.6729 6.78912 0 0.183502 22.2873 47.7758 8.23154 12.9179 20.8337 14.012 
39.7252 2.81373 11.2614 14.3747 31.4029 19.9573 25.4954 10.0652 26.1457 2.7335 45.0811 66.7793 27.6098 5.7716 0.241298 1.87336 20.2791 31.9393 17.086 6.04116 11.2715 0 0.00286607 9.02167 14.2926 0.0812637 3.62107 3.41925 
46.9753 27.4978 12.3306 0.815714 1.09719 14.4762 68.8245 2.16172 79.6044 23.0758 74.2369 36.7737 83.734 4.15063 7.77987 11.9684 19.1388 5.11064 22.9292 1.88486 11.317 14.8459 0 0.220933 6.06242 2.50385 11.3162 4.29101 
57.2649 54.2824 8.79462 2.58015 1.39141 0.0633884 44.7591 83.9637 99.7155 51.066 10.8787 175.246 28.7602 8.72414 26.4131 2.52494 0.983913 47.8793 12.7555 4.86037 11.5004 9.88816 12.9955 0 2.22501 14.3476 1.525 13.4836 
476.482 469.22 14.6383 427.967 66.7131 432.499 33.9861 4.73297 432.017 0.0119926 87.1293 445.54 30.0102 14.4875 0.989035 70.5681 428.185 10.4489 7.62316 0.756234 18.9385 84.4206 25.2143 57.9412 0 112.183 148.518 84.1187 
67.4068 83.3532 6.73097 0.128818 51.2799 27.3311 93.057 210.016 63.8379 18.6452 153.049 21.1474 13.3045 5.10195 19.7473 32.7341 15.4619 0.248479 29.1506 0.0310012 17.5411 9.09282 1.218 12.3956 27.9948 0 14.5804 42.3948 
12.2641 53.1788 3.0491 27.5666 33.6291 16.6432 59.9606 42.2717 2.91462 24.5598 66.3088 17.7978 35.2824 10.2649 12.4356 3.8317 0.46382 38.6705 9.001 6.86727 39.7204 0.155083 12.6087 15.5282 50.6243 16.7387 0 38.7246 
10.7788 1.12655 14.8719 21.3886 4.0013 3.36294 7.9438 108.838 20.6584 13.6181 101.152 174.739 8.14123 4.64839 18.6747 0.0421268 7.51872 37.8695 10.2451 10.8709 9.35657 8.55701 4.54545 4.88549 41.1686 62.0398 88.3957 0 
