0 273.095 61.4629 354.94 19.5293 287.858 207.74 101.266 521.714 3.73699 151.277 205.579 21.343 5.72471 19.109 4.37477 294.943 35.8708 95.3454 188.309 92.9727 39.2548 38.8964 20.0375 339.814 69.2424 5.31402 42.5006 
465.885 0 276.841 379.245 63.2941 437.176 374.849 123.168 651.204 77.7397 22.8733 219.836 93.0732 3.34282 46.4429 58.8969 304.525 796.353 120.092 118.692 177.954 38.3668 30.7367 41.4177 340.411 13.6553 41.6586 52.144 
77.8918 311.479 0 62.7887 169.009 19.0446 16.1231 71.916 30.7357 50.4493 41.5077 109.849 39.762 0.414918 33.9218 24.7091 7.59486 93.6396 14.4754 0.305841 82.1285 10.9381 12.1004 2.02902 25.6453 14.1529 5.27538 0.805777 
570.456 376.392 57.9742 0 152.877 314.943 77.5204 1.61394 594.919 66.6225 203.43 0.0939704 27.5227 15.1899 6.85739 3.29403 317.85 39.2621 37.2417 46.9019 500.022 6.05994 0.310471 2.2013 310.616 25.4367 7.17922 14.7954 
14.4484 2.86611 171.464 137.198 0 391.444 38.3474 210.449 321.332 87.755 21.0044 10.7785 165.533 0.396951 94.6175 56.6245 151.585 52.7922 195.483 42.4646 81.6832 39.6633 34.4539 31.1583 10.0989 41.7915 1.12307 45.136 
270.859 280.851 14.9933 328.513 963.384 0 635.281 130.202 743.631 227.09 261.268 126.104 182.08 12.433 29.4969 22.1308 272.688 0.000373124 54.5162 0.314733 12.8453 4.36909 6.90591 3.74764 284.747 0.0479593 8.64857 22.3365 
242.39 175.263 134.097 202.793 4.92375 560.547 0 69.3411 157.846 491.159 486.021 29.2123 134.904 85.7466 121.982 17.4091 95.0671 137.278 97.6356 93.7272 80.4388 22.5126 52.028 1.92513 6.66737 0.387723 57.909 65.8491 
239.331 122.374 32.183 296.476 179.377 0.00623074 351.297 0 476.744 135.151 7.71932 1024 12.2687 85.451 133.72 10.8529 60.2418 152.794 104.78 94.3848 40.3503 4.6667 57.6103 98.7966 109.742 158.9 57.6171 113.591 
385.442 320.047 432.161 304.157 0.73736 743.238 1022.44 466.424 0 92.0066 1102.89 45.0976 70.2662 83.6384 116.835 152.356 380.851 114.281 130.809 39.9761 171.126 66.071 100.743 16.6336 345.376 59.9209 20.8265 34.4676 
135.413 217.32 74.8098 6.17998 49.2879 505.384 150.357 82.3704 380.527 0 594.1 91.9708 272.244 74.4338 82.8737 16.6529 61.5067 69.0783 113.771 18.0325 3.07733 49.411 3.34126 9.91479 7.90202 74.6503 0.993653 10.0888 
172.86 165.161 9.27473 0.784616 86.0411 0.298084 37.1942 9.89697 725.649 604.12 0 129.971 15.4037 78.3961 33.3834 175.31 17.8319 38.0819 127.794 31.1075 129.171 0.00697357 126.366 11.7798 53.4629 0.318839 0.169019 14.8174 
64.8076 213.644 2.47442 179.467 74.1248 3.73866 3.51635 472.435 288.72 245.691 82.4249 0 0.398384 14.3895 96.6366 112.188 32.8087 6.55803 27.1718 0.159823 64.6014 36.753 0.903078 182.525 7.23308 265.327 12.9969 102.225 
47.788 143.438 69.9227 71.4791 29.2164 156.105 0.172258 138.555 203.141 312.673 149.03 20.8524 0 44.0307 104.465 76.66 34.7131 0.0344862 34.8482 3.18196 25.0297 39.6353 33.3538 67.9834 55.5901 14.6917 8.44981 27.617 
19.8009 19.2171 10.5439 22.9953 54.6882 11.0032 73.5831 123.478 126.127 58.7906 45.7345 36.7054 154.782 0 4.29566 5.05847 1.60945 50.9478 0.656479 0.417673 1.92181 0.003861 1.4468 10.3249 0.936013 0.000842994 9.87678 0.104499 
64.2674 62.6709 5.97598 36.6414 93.6881 33.5724 125.44 116.677 210.384 59.9553 88.2779 273.573 28.9708 22.5882 0 16.3095 15.4997 54.9355 15.7789 8.53221 34.0954 15.9803 9.16169 9.71087 15.9579 17.6493 15.8423 23.2824 
53.308 2.53783 0.592897 34.8149 13.2044 11.0464 37.8867 2.88667 1.67778 6.73327 198.723 32.3128 12.2704 12.0982 88.7211 0 4.31646 20.4873 16.9233 5.56594 5.62523 10.6829 0.839657 1.53914 26.1194 29.2838 0.650186 0.294859 
371.873 394.701 29.7617 270.818 89.7423 297.636 8.35571 52.3963 275.812 82.4876 6.71648 28.2055 7.1469 10.2105 2.56336 1.15801 0 66.8219 235.847 2.6856 68.0111 2.97734 15.3737 20.9986 287.595 27.1446 5.05048 8.64525 
11.385 426.666 1.44828 19.466 226.427 37.9854 11.657 4.77696 117.394 6.95317 163.118 0.144597 9.33843 41.4216 19.3322 15.6008 212.519 0 39.39 75.6018 0.07367 0.00599671 0.0383453 5.0537 46.538 2.72913 9.2353 25.7537 
97.2365 66.1983 61.2504 44.8659 69.7814 26.9652 16.7394 40.1339 154.436 123.257 121.993 85.9462 6.32168 6.34184 32.9438 30.3794 60.4561 149.838 0 21.5818 62.6349 14.8604 22.8648 15.6551 1.51703 6.62256 23.536 7.08433 
187.727 0.0142046 2.19903 10.4062 44.1603 2.48767 79.0673 2.28471 76.5375 10.9408 54.3423 66.2166 2.40839 3.40099 6.23364 8.77905 33.8419 87.4281 0.2236 0 57.8725 1.35376 0.330495 0.0400749 10.8359 3.59057 0.000521577 0.339443 
117.695 178.941 27.9471 156 26.9419 48.1053 115.92 185.365 87.9231 18.8 117.088 101.018 74.1772 40.7273 0.408838 57.1273 17.586 113.568 42.6324 17.5427 0 0.227784 22.7434 47.6885 7.63028 13.7455 20.3694 13.4445 
39.8285 2.53585 11.1694 14.5045 32.1598 19.8454 26.4106 10.6954 27.059 3.21677 46.2606 67.5225 29.9016 5.51873 0.170139 1.72487 20.1993 32.2989 17.3384 6.06667 11.5391 0 0.0343587 8.69037 14.5032 0.10589 3.74875 3.51957 
46.9183 28.3273 12.3871 0.69291 1.33228 14.6593 68.222 1.5871 77.7933 24.2795 70.5746 33.7987 82.1307 3.45118 6.79707 11.778 19.1465 5.44354 22.8804 1.83993 10.9055 14.665 0 0.738548 5.46395 2.33318 11.152 4.14637 
57.4322 53.6495 8.51551 2.90723 1.64535 0.0325598 45.9863 80.1728 99.9513 50.1976 9.09474 178.464 30.3269 9.01705 26.9006 3.61847 1.07089 47.754 13.0171 4.92756 12.0463 9.57107 14.693 0 1.86792 14.0488 1.74056 13.3537 
337.641 332.276 15.225 290.937 66.9258 294.795 35.7894 7.07303 291.669 0.0770838 83.291 333.058 29.1419 14.2365 1.29389 59.5421 289.866 9.85928 7.93248 0.671226 19.7697 86.3702 25.0246 62.1298 0 124.166 103.668 31.357 
66.2251 83.4634 7.29657 0.295689 52.2994 27.4676 91.8928 215.97 60.0224 17.1918 150.071 36.6678 14.0772 5.40265 20.6473 32.51 15.1627 0.149669 29.3106 0.0152839 18.4564 8.99482 1.09111 12.7568 26.9141 0 15.71 45.7146 
11.7364 52.9676 3.23877 27.5846 34.1113 16.8293 60.1044 44.0646 2.50228 23.9441 65.1754 19.6926 35.0255 10.3508 12.1414 4.10418 0.516849 38.9686 9.20808 6.75932 39.4336 0.125765 12.4966 15.2173 50.7352 15.5979 0 32.8008 
11.4824 1.38221 14.5223 21.9733 3.64093 3.60983 7.21529 106.113 19.2026 12.8414 99.8888 173.475 8.58213 4.45535 19.0412 0.00799122 7.72749 38.3783 9.98115 10.8067 9.85678 8.47287 4.69159 4.64924 41.1091 60.7237 90.6579 0 
