0 63.5656 77.024 94.7722 28.1728 64.11 194.691 84.991 287.316 2.1419 145.248 199.39 19.1027 6.53178 20.894 3.24298 64.0759 27.837 98.2434 187.747 106.042 39.0293 39.6201 18.6984 112.584 67.5208 4.74382 41.1997 
306.906 0 201.496 180.476 31.6574 224.936 421.95 138.414 406.412 90.3843 30.4691 221.709 97.8748 2.55408 43.1793 56.4219 71.3875 219.204 127.111 112.955 176.624 37.5129 32.0066 40.0367 110.864 11.879 42.4896 53.2548 
94.1828 378.257 0 124.206 175.683 23.0854 7.36458 53.9895 68.4836 56.0032 54.4913 100.002 42.0407 0.608135 34.0428 24.8214 8.8514 102.442 16.3558 0.110212 76.2907 11.0881 12.2186 2.32762 26.1491 15.1494 4.92682 0.606745 
365.714 177.498 1.94278 0 156.633 89.922 90.0364 750.853 371.77 70.7782 201.877 0.606228 29.4946 14.5309 5.80229 4.43307 90.7969 33.5938 35.3376 47.5734 208.513 6.33542 0.199716 1.76706 83.1016 27.3098 6.64616 15.7391 
22.0878 16.9022 163.985 130.833 0 384.676 19.7512 214.196 307.007 66.6468 14.903 8.21754 161.55 0.160375 94.9382 58.381 152.895 43.8874 217.513 39.1761 78.095 38.5756 35.6633 32.3566 11.2269 40.0422 0.896118 44.2226 
43.9013 61.4642 11.5269 102.501 415.945 0 70.2759 142.227 514.242 308.828 268.274 120.413 177.746 13.1957 31.1922 22.8745 43.7839 0.182823 50.2097 0.508255 14.461 3.96202 7.34463 4.13308 57.3221 0.147626 8.27428 22.4934 
232.857 125.612 154.865 203.264 16.0557 332.589 0 48.4692 19.7099 506.165 486.206 38.5 145.355 83.3033 116.758 14.5371 97.1623 147.95 91.2583 92.9306 84.762 21.1511 50.1534 2.6076 8.22579 0.946377 57.3911 66.9399 
224.016 107.406 19.768 275.911 172.174 0.865522 370.635 0 536.217 144.834 2.6437 971.64 14.7875 90.085 142.323 4.19328 58.0294 156.927 102.862 91.0115 46.9184 5.37156 60.8701 104.055 99.2617 143.628 54.8509 109.65 
170.229 112.776 390.445 95.0169 4.17917 514.716 1224.51 527.144 0 118.464 750.237 30.0326 62.4099 89.8323 65.8051 151.911 153.451 105.743 134.628 43.3041 174.577 65.3833 99.8434 18.9993 121.649 54.1212 19.3061 31.83 
131.191 208.691 69.4367 4.31341 32.879 494.953 206.165 72.8574 370.859 0 566.904 80.4183 248.542 76.625 90.4627 13.6664 63.4421 64.2317 116.168 19.4533 2.30461 50.7381 4.25972 8.61198 6.58296 73.7742 0.741169 9.03191 
177.124 152.682 16.5363 0.0173819 97.59 3.12192 18.0217 18.3547 850.982 599.232 0 94.6245 22.0992 64.8569 64.1638 188.049 19.4722 33.8521 128.457 33.2791 126.252 0.0844015 123.591 14.9049 47.765 0.00359411 0.0362762 12.5567 
56.2096 209.711 0.727444 195.141 79.8027 6.08558 1.05329 308.526 264.577 246.671 116.174 0 1.06341 9.86196 117.706 57.0843 31.1321 4.99626 25.1674 0.0130442 69.7801 38.4899 0.24788 185.336 50.2217 220.045 10.6086 110.809 
50.6586 145.128 68.8851 70.8501 34.746 148.919 0.102552 140.611 204.575 297.06 161.556 24.3826 0 33.2302 108.388 74.6044 33.4081 0.18787 37.1075 2.73569 23.6694 43.4068 29.2759 68.7661 55.3463 15.9238 7.92753 26.7644 
21.0346 17.4819 9.99561 23.1047 56.2603 10.23 76.6414 121.794 130.116 62.0533 34.5425 29.7213 151.285 0 0.737824 3.74845 1.80253 51.4105 0.838179 0.368372 1.57944 0.0323768 0.754647 10.181 1.21384 0.0254817 10.0279 0.055284 
63.0111 59.5138 4.90608 37.3351 94.3364 35.031 129.768 107.015 215.294 52.1117 130.645 273.028 34.568 32.2174 0 29.2328 14.9495 53.5714 14.8964 8.75389 35.3797 15.6773 7.59134 8.13671 17.211 19.0774 15.4613 23.1682 
55.8066 1.71148 0.333452 36.3229 11.6591 10.0958 34.0966 0.191616 0.532203 8.9805 187.292 77.9495 9.97429 10.5574 83.3063 0 3.9818 19.1714 17.5464 5.33228 6.59253 10.8732 1.21556 0.547964 27.4585 27.84 0.475703 0.518068 
142.312 161.723 27.9914 42.2687 83.5729 67.6773 6.75563 54.6417 46.3776 81.8121 5.69734 26.5911 7.98661 9.85028 2.8788 0.976883 0 85.9162 163.742 2.28621 68.1982 3.18115 15.5896 21.0099 58.944 27.2163 5.28546 8.97806 
6.87736 424.784 3.61814 24.1312 230.188 42.6464 16.8634 6.82516 125.88 9.16709 165.157 0.506818 10.8352 42.3472 20.8445 16.8412 230.67 0 44.7078 77.4759 0.000327996 0.000483117 0.0988241 4.52295 47.5248 2.20075 9.78202 26.6497 
100.024 58.7091 60.8357 43.1017 90.7593 31.0347 20.958 37.2406 153.536 123.419 123.621 87.5174 7.57043 5.87656 33.5639 30.2575 66.5436 148.911 0 20.7075 63.6465 15.2684 22.9402 15.2688 1.76271 7.1085 23.4123 6.71814 
201.206 0.252526 2.87093 12.4996 40.8572 2.9639 81.4419 3.56766 73.4222 12.1578 56.4976 63.5766 2.01893 3.31857 6.48356 8.91139 33.7056 87.6003 0.106762 0 27.9937 1.42626 0.369205 0.0618599 11.0756 3.3368 0.000821919 0.414513 
130.99 178.277 23.1242 123.435 29.9594 50.142 112.375 190.136 81.4246 16.967 113.607 95.8069 73.5259 40.1939 0.219145 56.1421 18.7556 115.26 44.0998 42.9725 0 0.305163 23.4422 47.5218 6.74366 15.0543 19.6566 12.5863 
39.9704 2.13513 11.0228 14.6983 33.3192 19.654 27.8271 11.6949 28.4751 4.03224 48.0626 68.6163 33.513 5.12959 0.0847261 1.5065 20.0707 32.8436 17.7226 6.10412 11.9537 0 0.150324 8.17354 14.8371 0.150055 3.94766 3.67533 
46.7977 29.6035 12.4603 0.522914 1.73722 14.9254 67.2103 0.874108 74.9158 26.1502 64.9227 29.3832 79.3993 2.43952 5.37155 11.4301 19.1519 5.97317 22.7941 1.77103 10.282 14.3242 0 2.08798 4.59812 2.07911 10.8902 3.92539 
57.633 52.6346 8.08458 3.44344 2.07616 0.00498735 47.8488 74.2797 100.157 48.803 6.642 182.475 32.7549 9.41975 27.4963 5.61586 1.2115 47.5351 13.4186 5.02876 12.9024 9.07198 17.042 0 1.73214 13.5613 2.097 13.1394 
108.142 105.719 16.1238 64.3029 67.1958 67.0945 38.5953 11.5425 60.1111 0.287387 77.3331 1147.47 27.8042 13.8277 1.8386 41.1646 61.2404 8.97943 8.41612 0.549878 21.066 68.9828 24.6619 67.7773 0 105.616 5.63384 6.44905 
64.3223 83.5127 8.19442 0.684458 53.8327 27.6333 89.9301 223.598 54.221 15.0396 144.977 67.6632 15.2934 5.86978 21.9928 31.9388 14.701 0.0462362 29.54 0.00184089 19.8908 8.83981 0.908044 13.2905 25.2139 0 17.4702 50.4613 
10.9407 52.6151 3.5394 27.5895 34.8446 17.1076 60.2858 46.838 1.92757 22.997 63.391 22.7555 34.6166 10.4765 11.685 4.53629 0.60388 39.415 9.52841 6.59227 38.9774 0.0866076 12.3124 14.7216 50.7644 13.8688 0 24.1795 
12.5978 1.82526 13.9773 22.8579 3.11762 4.00335 6.15611 101.737 17.0432 11.6787 97.8036 170.836 9.27765 4.16171 19.5823 0.00790701 8.05161 39.1481 9.57791 10.7022 10.6454 8.34085 4.917 4.29194 40.8704 57.9849 92.6477 0 
