0 637.829 132.774 447.131 66.9929 487.276 145.617 37.6792 663.806 0.0209768 123.059 174.022 12.2614 9.60405 27.2743 0.638873 461.257 7.64139 106.729 249.692 150.948 38.1163 41.8674 14.3483 520.453 60.9021 3.02818 36.6245 
934.036 0 13.12 684.233 6.77587 671.255 520.484 189.953 732.835 135.198 62.7887 222.871 113.274 0.651816 32.3489 47.6539 462.322 961.067 148.156 90.4452 168.465 34.4957 36.257 35.2102 511.046 6.65513 45.1595 56.7147 
149.223 470.352 0 296.845 188.04 37.6959 3.23903 10.3029 262.822 74.6552 106.067 66.6877 49.5789 1.52191 33.5194 24.6398 13.6659 129.866 23.2275 0.177791 55.9105 11.5514 12.4987 3.46212 27.4854 18.4519 3.80455 0.138368 
786.016 681.643 209.452 0 163.558 504.768 132.76 430.109 758.461 83.8974 188.46 19.4694 36.323 12.2278 2.79892 9.33774 499.561 16.9465 28.7942 48.0039 222.612 7.28805 0.00492187 0.633217 489.985 33.3282 4.94616 18.9485 
58.1476 140.021 130.977 105.899 0 408.555 2.78638 222.02 244.55 14.1865 1.82474 2.04852 144.653 0.145397 94.4602 63.8417 153.623 18.8802 277.042 28.3952 65.6833 34.7607 39.6514 36.3609 15.4009 34.0338 0.313971 40.9474 
457.655 512.554 2.8154 513.06 969.471 0 1113.34 178.681 808.629 670.431 270.18 99.0697 668.863 15.6841 36.2441 25.0308 447.506 3.75421 35.4656 1.49674 20.4674 2.69828 8.8477 5.53484 465.28 0.887759 7.02408 22.8499 
191.889 12.4406 215.804 193.13 95.6965 148.322 0 4.3645 497.663 458.454 434.426 77.3419 177.667 73.5969 95.961 6.50851 103.2 181.698 69.203 88.6011 99.0175 16.6981 43.4803 5.65363 14.5761 4.62957 55.3087 70.0659 
166.333 60.6766 0.0144727 132.811 145.133 14.3218 408.351 0 657.231 175.359 5.33934 499.24 24.8414 104.395 166.803 5.01117 50.4104 168.831 95.4495 78.4479 71.5669 8.09709 71.5666 119.822 64.1469 89.7793 45.3916 94.5643 
619.266 607.121 191.125 585.698 35.8441 811.505 966.861 654.97 0 217.635 1760 1.30233 38.0153 110.802 119.697 145.673 560.448 77.2005 145.414 54.8438 183.271 62.6629 95.2873 27.8722 541.475 35.5197 14.4504 23.3341 
114.725 172.186 50.6107 0.441705 1.34913 279.747 396.615 43.2785 308.718 0 376.446 44.8739 154.026 82.0678 113.164 5.48746 69.5505 48.1789 121.829 24.4458 0.503306 54.7417 8.12182 4.78764 2.94142 69.5575 0.157288 5.81238 
188.356 109.665 54.3503 5.86457 138.361 33.7071 4.88154 64.2426 845.788 464.001 0 13.0386 52.3963 25.8186 213.176 219.643 25.4272 20.9823 129.073 40.8283 115.188 0.984962 111.256 27.7508 29.8794 4.72567 0.313427 6.15034 
30.485 191.909 2.56376 238.077 99.2737 17.9806 3.48337 0.352778 177.175 241.141 253.963 0 5.66998 0.750427 189.709 12.9486 25.5975 1.24847 18.7637 0.732858 87.6884 44.3716 1.08591 185.661 75.0618 72.679 4.19884 137.826 
60.454 148.437 64.4451 67.9377 55.9752 180.879 7.85987 145.831 204.335 217.93 200.769 37.9616 0 6.55945 117.405 66.1287 28.9711 1.62052 44.8717 1.45878 19.2183 56.1651 16.6997 70.196 54.0534 20.3109 6.24875 23.8252 
25.311 12.0343 8.09077 23.1742 61.1032 7.65188 85.7365 113.367 139.95 71.8959 7.25115 10.8014 126.263 0 10.5262 0.623953 2.53172 52.6572 1.61389 0.222475 0.660985 0.33393 0.105407 9.15414 2.39559 0.361271 10.4852 0.0042694 
58.1384 48.486 1.97792 38.9749 94.9836 39.0551 139.93 73.6046 219.551 27.6382 289.502 246.603 55.3125 58.7193 0 76.386 13.0841 48.6211 11.9789 9.46655 39.6358 14.4793 3.06053 3.55155 21.3517 23.6217 14.0804 22.4638 
63.7266 0.110185 0.00672015 40.4261 7.02468 7.02845 22.1225 14.6269 1.43667 18.6237 139.546 311.983 3.80731 5.3888 40.1635 0 2.92972 14.8956 19.6306 4.53252 10.3667 11.4129 2.9149 0.966424 31.2049 21.6439 0.0839912 1.7207 
541.811 548.954 22.0105 447.12 62.521 467.178 2.5395 62.1769 448.594 78.7075 2.833 21.3209 11.1304 8.6374 4.07024 0.473288 0 157.822 171.987 1.15714 68.4527 3.91458 16.2854 20.9799 462.756 27.3435 6.11101 10.1276 
0.00086036 442.697 17.8252 42.689 235.47 59.2402 40.7623 16.33 153.7 18.7413 169.859 3.36457 16.6327 45.2809 26.2023 21.2609 275.564 0 63.9973 82.7618 1.00253 0.129438 0.513348 2.92103 50.6542 0.820321 11.7223 29.6805 
108.078 35.277 58.3289 36.8117 169.818 45.6227 38.0587 27.8878 147.721 121.243 127.621 92.2661 12.5459 4.39666 35.4309 29.6562 104.659 142.393 0 17.7043 66.7314 16.6324 23.0944 13.9303 2.72495 8.84535 22.9309 5.52419 
223.101 6.73842 5.70536 20.3813 29.9659 4.83651 88.2179 9.93062 62.2921 16.6168 63.5246 54.2711 0.943516 3.02936 7.3226 9.28757 32.9905 86.8293 0.0292424 0 9.28503 1.68245 0.514915 0.170496 11.8312 2.52073 0.0414862 0.722831 
174.456 172.291 9.67429 104.675 40.9941 56.7703 99.2923 202.333 59.9587 11.3231 100.933 77.8702 70.9505 38.18 0.0133325 52.3128 22.8953 119.905 48.9762 181.049 0 0.651493 25.7813 46.6658 4.10048 19.7852 17.2569 9.81999 
40.2967 1.02315 10.4801 15.3018 37.188 18.8354 32.6818 15.3445 33.3588 7.42188 54.0255 71.8563 46.2487 3.83065 0.0151154 0.863032 19.5816 34.6109 18.9865 6.21483 13.3844 0 1.13343 6.38715 16.0497 0.356246 4.64371 4.21551 
46.0907 33.9108 12.5837 0.121481 3.49556 15.6808 63.0441 0.0305828 64.4619 32.5884 46.047 16.1812 68.0369 0.18432 1.60224 9.8084 19.1116 7.92452 22.4012 1.53967 8.25748 12.6527 0 10.1684 2.24866 1.3038 9.92645 3.19372 
57.7968 48.8401 6.62151 5.53844 3.8939 0.0916189 53.8838 54.2327 99.4291 43.5964 1.12332 187.071 41.0255 10.2866 28.0389 14.286 1.74944 46.5571 14.7688 5.35126 15.9417 7.30823 20.8756 0 4.97764 11.6906 3.5153 12.2887 
508.44 516.124 19.0977 474.908 67.5877 473.89 48.2825 33.8551 455.921 1.98697 57.0997 446.235 23.2771 12.258 4.32792 30.8273 465.122 6.25123 10.123 0.225524 25.5987 21.1922 22.8023 69.1564 0 62.7559 30.8493 39.2854 
57.1851 82.5913 11.4368 3.15796 58.6771 27.7904 81.8322 234.184 35.6084 8.6055 123.65 213.478 19.6383 7.46862 26.0694 28.1058 13.1257 0.136545 30.1647 0.0535896 24.9583 8.27702 0.403793 14.8675 19.2885 0 23.4619 61.673 
8.39515 51.1712 4.63513 27.4017 37.2518 17.9779 60.5395 56.2942 0.527122 19.7957 57.0054 34.3329 33.1094 10.8416 10.1105 6.10642 0.948581 40.818 10.6307 6.01744 37.2977 0.00784907 11.5842 12.9025 49.8173 8.41158 0 3.39607 
16.6582 3.77039 12.0767 25.6934 1.62996 5.45484 3.14448 85.5352 10.5139 8.0528 89.5306 155.958 11.7845 3.20347 21.1906 0.47997 9.17705 41.6364 8.23729 10.2981 13.4856 7.87048 5.68306 3.14588 38.814 43.4392 85.5393 0 
