0 633.803 131.167 449.839 65.6765 489.312 147.12 38.8487 667.415 0.00949162 123.74 174.851 12.444 9.50691 27.0812 0.68717 464.083 8.06367 106.512 247.063 149.654 38.1463 41.8062 14.471 523.004 61.1121 3.07355 36.7617 
931.368 0 15.7177 684.241 5.57186 673.022 519.273 188.482 738.15 133.877 61.7147 222.953 112.846 0.690102 32.6581 47.917 465.295 715.561 147.612 91.1567 168.782 34.5866 36.1341 35.3542 513.817 6.78947 45.0847 56.6205 
147.708 471.422 0 295.723 187.92 37.2643 2.77998 11.1298 256.578 74.124 104.451 67.6382 49.3639 1.48964 33.5552 24.6575 13.5137 129.139 23.0171 0.15963 56.5089 11.5389 12.4932 3.42636 27.4548 18.3579 3.83605 0.147457 
789.703 681.622 211.439 0 163.488 507.133 131.547 100.116 762.379 83.54 189.025 18.5578 36.1209 12.2964 2.87324 9.17365 502.08 17.3686 28.9864 48.0326 407.747 7.25976 0.00660247 0.658693 492.566 33.1621 4.99344 18.8549 
56.8955 135.093 132.079 106.688 0 407.919 2.21677 221.902 246.623 15.2162 2.03172 2.17202 145.216 0.128394 94.5088 63.6936 153.684 19.4837 275.737 28.6997 66.0505 34.875 39.5374 36.2451 15.2712 34.2108 0.326857 41.0472 
459.928 513.541 2.99294 515.568 686.595 0 1043.76 177.742 816.402 514.299 270.615 99.7308 596.176 15.614 36.1143 24.9763 450.144 3.58559 35.892 1.46064 20.2807 2.73258 8.80353 5.49184 467.813 0.857319 7.06024 22.8434 
193.247 14.1706 214.349 193.677 92.5889 132.577 0 4.9988 468.429 461.902 437.01 76.0663 176.81 73.9093 96.6253 6.70294 103.048 180.782 69.8495 88.7628 98.6113 16.8245 43.6817 5.54859 14.3677 4.48312 55.3768 69.9874 
168.1 61.9233 0.0620693 141.464 145.973 13.7054 407.921 0 655.88 174.531 4.82006 516.216 24.5153 104.012 166.208 4.46601 50.6354 168.532 95.6858 78.8375 70.8009 8.00997 71.2638 119.413 65.14 91.3354 45.6687 95.0389 
620.629 606.845 197.297 585.514 34.5047 819.231 993.08 653.382 0 214.675 1528.08 1.61455 38.6702 110.2 123.245 145.957 563.031 78.0172 145.149 54.5028 183.086 62.751 95.453 27.5954 543.679 36.0328 14.5856 23.5717 
115.249 173.389 51.1643 0.499066 1.68632 287.585 391.714 44.0709 311.095 0 383.48 45.813 156.915 81.955 112.587 5.67988 69.3825 48.637 121.72 24.2964 0.537776 54.6361 7.99306 4.88577 3.0289 69.7076 0.168341 5.89824 
188.102 110.915 52.9949 5.50988 137.153 32.3876 4.07852 62.5586 850.418 470.103 0 14.4199 51.3601 26.7622 208.378 219.017 25.2444 21.3241 129.092 40.604 115.536 0.944565 111.677 27.3295 30.364 4.46158 0.289234 6.3088 
31.1508 192.523 2.33886 237.098 98.7025 17.5503 3.17435 1.26073 179.763 241.497 249.662 0 5.48391 0.872173 187.708 10.6897 25.7559 1.32346 18.9421 0.684933 87.16 44.1999 0.993835 185.857 77.7751 76.3019 4.34754 137.098 
60.1672 148.395 64.5946 68.0398 55.3068 179.597 7.46003 145.718 204.455 220.668 199.718 37.5311 0 7.07138 117.242 66.4069 29.1011 1.55851 44.643 1.49088 19.345 55.7976 17.0331 70.1817 54.1015 20.1784 6.29587 23.9123 
25.1841 12.1833 8.14711 23.1789 60.9729 7.72572 85.5014 113.671 139.749 71.639 7.78033 11.2367 127.246 0 9.80519 0.680457 2.50873 52.6279 1.58767 0.226274 0.682465 0.320644 0.083734 9.19519 2.35598 0.345943 10.473 0.00319233 
58.2938 48.8134 2.04684 38.9432 94.9992 38.9598 139.739 74.5734 219.707 28.2852 285.119 247.882 54.6804 58.2707 0 75.3047 13.1387 48.7728 12.0624 9.44658 39.5137 14.518 3.17031 3.66477 21.2345 23.4978 14.1227 22.4913 
63.5089 0.130138 0.00391385 40.3306 7.14615 7.11395 22.4496 13.7016 1.30434 18.301 141.083 304.794 3.9497 5.52972 41.6557 0 2.95866 15.0163 19.5702 4.55602 10.2456 11.3995 2.85703 0.870474 31.1158 21.8473 0.0909829 1.67596 
544.617 552.128 22.1839 449.727 63.132 469.953 2.63547 61.9587 451.27 78.816 2.90359 21.4705 11.032 8.67272 4.03269 0.485571 0 155.665 105.618 1.18514 68.4537 3.89215 16.2658 20.9823 465.409 27.3423 6.08618 10.0934 
0.011227 439.864 17.268 42.0942 235.484 58.7433 39.9366 15.9972 152.917 18.4176 169.771 3.24507 16.4473 45.1997 26.0408 21.1271 274.69 0 63.4117 82.6319 0.945615 0.122395 0.496575 2.96356 50.5675 0.851552 11.6635 29.592 
107.875 35.9074 58.426 37.0013 167.458 45.1865 37.5028 28.1505 147.95 121.366 127.538 92.1402 12.3844 4.43777 35.3816 29.6779 102.99 142.656 0 17.7928 66.6489 16.593 23.0921 13.9701 2.69391 8.79256 22.9464 5.5581 
223.042 6.42686 5.61125 20.1383 30.275 4.77634 88.0496 9.70152 62.6282 16.4795 63.3259 54.55 0.96952 3.03803 7.29825 9.2782 33.017 86.8818 0.0244489 0 7.85397 1.67471 0.51033 0.16655 11.8104 2.54358 0.0394176 0.712628 
173.252 172.547 9.99616 103.324 40.6547 56.5833 99.6968 202.069 60.5689 11.4753 101.321 78.3973 71.0339 38.2434 0.00966359 52.4354 22.7703 119.794 48.8358 176.544 0 0.639496 25.7135 46.6972 4.16965 19.6407 17.3268 9.89773 
40.2906 1.05022 10.497 15.2853 37.0763 18.863 32.5389 15.2321 33.2142 7.3093 53.8546 71.7721 45.8703 3.86787 0.0122672 0.879641 19.5971 34.5609 18.9504 6.21195 13.3419 0 1.09222 6.43971 16.0126 0.348972 4.62285 4.19941 
46.118 33.7854 12.5829 0.129317 3.43564 15.662 63.1817 0.0202303 64.7811 32.3992 46.5856 16.5235 68.4101 0.215692 1.68457 9.86444 19.1141 7.86389 22.4149 1.54639 8.31475 12.712 0 9.89184 2.30308 1.32447 9.95624 3.2147 
57.8034 48.9586 6.66422 5.47138 3.83286 0.0851006 53.714 54.8122 99.4818 43.7585 1.22076 187.14 40.7847 10.2732 28.0564 14.0105 1.73234 46.5909 14.7296 5.34228 15.8498 7.36091 20.8762 0 4.80473 11.7495 3.4694 12.3163 
511.209 518.596 19.0129 477.365 67.5878 476.461 47.9969 33.0594 458.765 1.91571 57.6847 269.354 23.4091 12.3077 4.24175 29.6085 467.773 6.32533 10.0716 0.233074 25.4633 19.1689 22.8703 69.6125 0 58.5205 41.2086 47.3099 
57.4081 82.6423 11.3385 3.06101 58.5436 27.7948 82.099 234.227 36.1222 8.77316 124.352 208.834 19.5067 7.42194 25.963 28.2559 13.1721 0.124144 30.1498 0.049923 24.8059 8.29429 0.415895 14.827 19.4623 0 23.2892 61.477 
8.46624 51.2189 4.60139 27.4117 37.183 17.9541 60.5401 56.0177 0.555912 19.8891 57.1992 33.9704 33.1562 10.8323 10.157 6.05831 0.937385 40.7794 10.598 6.03445 37.3498 0.00895955 11.6077 12.9584 49.864 8.55937 0 3.7566 
16.5335 3.70382 12.1333 25.6145 1.66712 5.40983 3.21948 86.0347 10.6865 8.15157 89.7979 156.516 11.7079 3.23059 21.1489 0.455822 9.14349 41.5663 8.27595 10.311 13.3988 7.88476 5.66065 3.17785 38.8995 43.9526 86.0391 0 
