0 409.777 159.448 110.234 91.2766 147.492 119.222 19.8344 294.906 0.947579 110.939 158.868 9.25912 11.3645 30.692 0.0778555 107.541 2.06206 110.174 280.796 172.898 37.5608 42.885 12.2597 171.127 57.1049 2.28597 34.2043 
654.738 0 5.9669 373.947 45.902 331.661 523.137 214.784 333.097 157.895 82.5318 220.322 120.454 0.157626 27.069 43.0217 106.441 771.905 156.83 77.7205 162.206 32.8853 38.3811 32.6757 157.938 4.50654 46.4307 58.2866 
173.676 414.958 0 263.182 187.672 45.0657 16.7172 0.950417 365.262 83.6372 134.514 50.6423 53.2532 2.13541 32.6988 24.2107 16.4172 141.577 26.9593 0.651502 45.5965 11.76 12.5676 4.10845 27.9318 20.0532 3.26982 0.0259901 
403.185 372.006 326.802 0 163.423 158.465 153.045 222.728 378.857 89.8093 177.078 38.4966 39.8555 11.0266 1.64746 12.367 150.866 10.3191 25.4515 47.1015 180.53 7.78504 0.0154081 0.267589 140.14 36.097 4.14804 20.5725 
81.4985 233.267 110.896 91.7757 0 376.79 22.9759 222.96 206.855 1.92784 0.00177423 0.469026 134.239 0.612817 93.2768 66.299 151.747 9.76618 294.511 23.2298 59.2714 32.7447 41.6087 38.3599 17.7294 30.9452 0.130142 39.1733 
114.155 192.467 0.572272 164.119 913.374 0 939.919 193.459 358.097 478.02 257.96 87.3138 344.398 16.8685 38.3038 25.8869 97.0137 7.30336 28.1855 2.19398 23.8182 2.12853 9.61634 6.30103 116.451 1.50214 6.3989 22.9248 
167.083 0.439522 236.74 181.315 155.14 560.221 0 0.237977 1006.33 382.416 380.727 100.62 191.5 67.9105 83.9955 3.54766 105.6 196.752 58.0356 85.455 105.945 14.537 39.9239 7.63342 18.4103 7.54848 54.0523 71.303 
135.349 40.4973 4.53039 30.7515 130.14 27.0698 408.854 0 656.856 188.974 18.5747 220.944 30.8171 110.645 175.787 19.3773 46.4728 173.533 91.154 71.4927 85.2438 9.68639 76.7183 126.355 47.5084 63.6188 40.5685 86.0264 
290.191 308.407 92.0364 284.961 62.731 361.465 453.495 658.801 0 267.835 1559.75 1.26977 27.294 121.032 21.9409 139.768 210.505 63.2715 149.498 60.7893 185.804 61.0455 92.0934 32.8467 198.152 26.9644 12.1656 19.3189 
105.238 150.292 41.0701 0.0047541 1.53942 153.603 468.015 30.3539 263.235 0 250.133 29.7478 104.831 83.5537 122.121 2.63488 72.3646 40.3639 123.155 27.0744 0.0847208 56.4618 10.5132 3.22019 1.61135 66.6974 0.0245796 4.40172 
192.012 88.22 79.7991 13.7698 159.301 60.179 30.1682 96.3416 784.708 345.429 0 0.102069 71.6703 11.8187 294.006 227.269 28.6896 15.396 128.401 44.7581 108.901 1.82686 103.407 35.476 21.8951 10.514 0.892876 3.69024 
19.8592 180.389 8.11845 251.877 109.182 26.2169 11.1499 73.3105 132.949 233.122 328.395 0 9.40138 0.102152 222.152 83.9338 22.8723 0.289144 15.7514 1.8301 96.895 47.3515 3.3449 180.285 87.3778 22.0247 2.00532 149.706 
65.4424 148.634 61.658 65.9972 67.9854 190.525 16.4431 147.404 201.141 168.176 217.84 45.7504 0 0.676749 119.177 61.0218 26.7069 2.89737 48.8577 0.952033 17.049 62.4497 11.3024 70.1728 53.1167 22.6587 5.44812 22.3001 
27.5356 9.54809 7.10944 23.0273 63.254 6.39007 89.4929 107.552 142.554 76.0123 0.976544 4.52364 107.287 0 25.7021 0.0292607 2.94876 53.0964 2.10473 0.161022 0.339953 0.607998 0.867324 8.34535 3.13159 0.680854 10.6843 0.0483779 
55.3093 42.7706 0.95536 39.3634 94.3725 40.4747 142.153 57.1044 214.115 17.2931 356.524 220.116 66.384 61.8671 0 88.7172 12.1341 45.9165 10.5445 9.80512 41.7362 13.7727 1.4258 1.83063 23.3392 25.6644 13.3264 21.9182 
67.3622 0.0298425 0.177716 41.827 5.05132 5.59092 16.6988 35.1819 4.76358 24.5887 112.118 423.038 1.72744 3.13523 16.3242 0 2.44341 12.8383 20.673 4.12277 12.5736 11.6219 3.98652 3.39324 32.5267 17.9712 0.00685558 2.5882 
187.987 188.681 19.0208 97.1505 52.0107 114.172 1.14363 65.9539 97.5105 76.6467 1.7348 18.7625 12.9084 8.02382 4.7508 0.283363 0 194.6 358.462 0.719937 68.3529 4.31493 16.6192 20.9233 111.834 27.3382 6.55055 10.7275 
1.71714 482.857 28.7654 53.4534 233.555 67.9396 56.2208 22.6434 166.939 24.7855 170.89 5.79137 20.0068 46.6488 29.056 23.6328 285.874 0 74.3275 84.7697 2.26419 0.284443 0.85107 2.22444 52.1151 0.36744 12.7652 31.2209 
111.273 24.9544 56.413 33.4631 209.814 53.215 48.2007 23.4356 143.15 118.516 128.721 94.3263 15.5073 3.70301 36.2354 29.2369 139.025 137.122 0 16.1594 68.0917 17.3168 23.1118 13.2303 3.2933 9.78344 22.6475 4.94345 
218.211 13.2906 7.43998 24.6739 24.7082 5.93313 90.8357 14.3229 56.3636 19.0707 66.9083 49.3687 0.544635 2.87621 7.74388 9.43441 32.4749 85.6252 0.182292 0 51.8221 1.8196 0.597949 0.246785 12.1806 2.13365 0.0861876 0.912366 
194.389 167.061 4.84836 119.401 47.0475 59.9493 92.071 205.992 49.5706 8.8077 94.0128 68.6982 69.4176 37.0315 0.172896 50.0815 25.1069 121.595 51.396 255.235 0 0.879215 26.9551 46.0548 2.9781 22.3581 16.043 8.49859 
40.3699 0.605841 10.1761 15.5773 39.1178 18.3185 35.1766 17.3586 35.8909 9.50828 56.9607 73.2179 52.8358 3.19454 0.112773 0.596383 19.2995 35.4652 19.608 6.26158 14.131 0 1.96398 5.47735 16.7089 0.495312 5.0117 4.49854 
45.5515 36.0855 12.5707 0.023891 4.62093 15.9737 60.4993 0.556728 58.797 35.8804 36.9039 10.7061 61.2159 0.0360021 0.484537 8.76378 19.0556 9.01291 22.1402 1.42306 7.27972 11.5336 0 14.8664 1.45579 0.965519 9.39256 2.83283 
57.5679 46.7026 5.88183 6.75827 5.03302 0.244132 56.7621 44.3061 98.203 40.6871 0.0726326 183.849 45.1832 10.3967 27.4086 19.0407 2.06111 45.9166 15.4507 5.50296 17.5697 6.38695 19.6998 0 8.66942 10.6297 4.35482 11.7838 
155.37 168.235 20.5463 127.362 67.4705 124.337 53.2545 48.8938 102.141 3.43682 47.0687 242.399 20.9878 11.3619 5.94914 56.4399 114.225 5.01768 11.0333 0.113291 27.9817 70.4156 21.4941 56.8736 0 117.869 98.6796 40.4447 
53.185 81.4708 13.1736 5.0741 60.9159 27.6249 76.9162 229.919 27.0451 5.90851 110.809 291.292 21.9718 8.27515 27.7706 25.1787 12.3164 0.448638 30.3902 0.138584 27.6479 7.96802 0.220232 15.5108 16.2999 0 26.4086 63.597 
7.19103 50.2854 5.23846 27.1827 38.4318 18.3767 60.4503 61.0989 0.146922 18.1731 53.5662 40.8522 32.2674 10.9905 9.29578 6.96258 1.1548 41.4676 11.2037 5.71894 36.3603 0.000303726 11.1532 11.9046 48.8626 5.98472 0 0.0233014 
18.8862 5.02553 11.0832 27.0244 1.04593 6.26186 1.96993 76.6567 7.69778 6.40753 84.6474 145.157 13.1501 2.74117 21.8631 0.999727 9.76799 42.8311 7.56909 10.0621 15.0313 7.61668 6.07302 2.60626 37.1054 34.0214 74.4284 0 
