0 380.709 172.346 33.6077 105.236 58.2431 105.068 12.383 188.796 2.02119 104.256 150.204 7.78988 12.3656 32.5697 1.44012e-05 10.724 0.503621 111.757 278.25 184.088 37.2358 43.3953 11.1764 76.3534 54.9541 1.92473 32.8795 
578.411 0 32.3223 295.057 80.1386 238.849 509.949 227.37 210.037 169.701 93.8787 218.058 124.09 0.0302254 24.3232 40.5003 8.7859 373.971 160.811 70.6918 158.27 31.9981 39.5097 31.2939 61.1781 3.5058 47.0889 59.0757 
184.905 360.258 0 209.742 185.527 48.8347 28.0598 0.0617561 410.678 88.2072 149.732 42.5162 55.168 2.50524 32.104 23.8854 17.9723 147.026 29.0134 1.02964 40.1863 11.8643 12.5833 4.47422 28.1023 20.8816 2.99308 0.00217477 
280.736 293.566 413.482 0 162.286 65.1087 163.085 934.281 263.223 92.7195 169.796 51.0215 41.7619 10.3762 1.14452 14.1176 56.4795 7.35903 23.6632 46.3017 217.71 8.05589 0.0526801 0.133538 45.0812 37.4754 3.73908 21.4381 
95.1105 286.59 99.5837 83.9521 0 321.195 41.5701 222.576 185.68 0.00718395 0.447636 0.0776262 128.194 1.0002 92.3739 67.5209 150.1 6.01936 299.473 20.5725 55.8134 31.6403 42.6383 39.4218 19.0378 29.2813 0.0636352 38.189 
23.2627 114.551 0.0632074 69.2497 397.768 0 967.285 200.028 205.197 481.709 247.866 80.84 253.357 17.4751 39.241 26.2725 1.88928 9.68668 24.424 2.62234 25.6963 1.84435 10.0289 6.72665 22.0739 1.89883 6.06603 22.9342 
153.014 8.6271 244.134 173.264 190.18 793.188 0 3.5573 1206.99 331.587 345.994 113.85 198 64.6746 77.3138 2.30225 106.688 204.062 52.1399 83.5071 109.551 13.4078 37.9757 8.81709 20.6314 9.40437 53.3207 71.8638 
118.767 30.9892 11.1256 39.1593 121.832 35.4175 403.585 0 637.803 195.6 28.9074 104.953 34.2594 113.66 179.467 30.7388 44.3426 175.649 88.7026 67.6285 92.8289 10.5986 79.3815 129.376 39.1842 50.6008 37.9857 81.2444 
205.834 241.271 49.9225 216.142 79.7602 208.552 207.353 641.956 0 293.051 793.003 5.5409 22.1075 126.272 13.1765 135.863 115.351 56.0541 151.266 63.982 186.605 60.1096 90.1366 35.635 106.545 22.7011 10.9931 17.2602 
99.8796 137.903 36.0697 0.218297 6.44382 101.387 492.931 24.1528 236.206 0 183.989 22.6672 80.2174 83.9659 126.003 1.50916 73.7864 36.3012 123.408 28.5068 0.00405632 57.2902 11.9128 2.49232 1.05238 64.9676 0.000702314 3.71142 
193.359 77.0691 94.6609 19.3419 170.387 76.8173 52.2304 115.534 735.757 276.479 0 2.17486 82.8988 6.37214 332.37 228.673 30.508 12.691 127.756 46.8883 105.348 2.38908 98.7987 39.916 17.9916 14.5418 1.33014 2.60842 
14.9571 173.568 12.3713 256.578 114.468 31.2045 17.0448 176.432 110.265 227.394 366.754 0 11.7936 0.927111 237.194 142.632 21.4347 0.0495067 14.2064 2.62792 101.836 48.9466 5.07374 175.869 145.406 6.35616 1.14556 155.395 
68.1146 148.308 60.0173 64.8266 74.6984 182.007 22.299 147.932 198.558 140.777 225.948 50.1604 0 0.0169174 119.281 58.086 25.4888 3.74005 51.0014 0.721106 15.9105 65.7145 8.7539 69.943 52.534 23.95 5.0328 21.4721 
28.7426 8.30083 6.58316 22.8961 64.3143 5.73308 91.235 104.027 143.229 77.9286 0.0030957 2.21754 95.9268 0 34.9154 0.0279276 3.18639 53.2759 2.39611 0.131674 0.209692 0.788715 1.55409 7.84319 3.56255 0.893867 10.7815 0.0922428 
53.6949 39.6957 0.550719 39.4406 93.7745 41.0405 142.461 48.6275 209.082 12.5489 382.79 202.945 72.3214 59.7132 0 89.3713 11.6231 44.4128 9.78967 9.97995 42.8442 13.3669 0.784002 1.11891 24.3578 26.6611 12.9072 21.5727 
69.1858 0.199445 0.366259 42.3648 4.10667 4.86195 14.0141 49.4327 7.3506 28.0461 97.1802 465.123 0.932324 2.12024 6.94728 0 2.19603 11.769 21.2277 3.90235 13.8383 11.7147 4.60578 5.23928 33.0447 15.9312 0.000881833 3.12316 
90.74 87.9698 17.4412 2.28991 46.5012 17.5996 0.614122 67.9639 2.11906 75.4044 1.24904 17.4237 13.9149 7.69477 5.1381 0.200353 0 213.247 21.4477 0.525021 68.2332 4.53833 16.793 20.8809 16.3386 27.3151 6.79289 11.0548 
4.13789 477.058 35.554 59.5151 231.208 72.6236 65.3203 26.4381 173.696 28.346 171.047 7.37139 21.9383 47.3473 30.6228 24.9406 287.373 0 79.955 85.6433 3.15695 0.393613 1.06923 1.88417 52.862 0.196392 13.3425 32.0487 
112.714 19.9766 55.2079 31.6325 229.825 57.2548 53.988 21.1408 140.251 116.6 129.038 95.3288 17.2167 3.34758 36.6248 28.9792 160.613 133.761 0 15.3265 68.7617 17.6822 23.1036 12.8483 3.62161 10.3032 22.4839 4.6387 
211.015 17.6679 8.44239 27.0049 21.992 6.56007 91.9889 16.9948 53.1244 20.4375 68.6652 46.6999 0.373201 2.79219 7.96844 9.50024 32.1544 84.748 0.31991 0 86.4298 1.89542 0.645173 0.293836 12.358 1.93417 0.117157 1.02367 
204.151 163.651 2.89689 109.984 50.4124 61.5943 88.0512 207.193 44.1964 7.56209 90.1747 63.7901 68.5296 36.3786 0.334787 48.8047 26.3257 122.306 52.6778 288.129 0 1.01668 27.5816 45.6761 2.44019 23.785 15.3919 7.81336 
40.3824 0.424331 10.0047 15.7163 40.1429 18.0124 36.5221 18.4858 37.2644 10.7287 58.5064 73.8655 56.352 2.86333 0.203446 0.471208 19.1381 35.912 19.9361 6.284 14.5385 0 2.49502 4.99372 17.0728 0.579894 5.21361 4.65321 
45.2102 37.2476 12.5418 0.00241285 5.29139 16.1041 59.0156 1.11379 55.6759 37.642 32.2024 8.16553 57.3233 0.274808 0.14627 8.15501 19.0152 9.6256 21.9823 1.36066 6.76905 10.8696 0 17.0824 1.15633 0.801021 9.09398 2.64246 
57.355 45.4968 5.48744 7.45394 5.70629 0.357129 58.2468 39.1383 97.3011 39.0579 0.0257016 180.548 47.3817 10.3565 26.8164 21.4555 2.23979 45.5312 15.8159 5.58091 18.4676 5.89061 18.2076 0 11.1393 10.035 4.83707 11.4928 
58.6239 74.2733 21.3004 33.6424 67.3162 29.5339 55.9211 57.8184 5.48164 4.38018 41.8343 1067.52 19.7645 10.8564 6.91124 66.0686 18.7405 4.39972 11.5349 0.0682735 29.2825 83.777 20.6961 47.7712 0 98.774 140.167 110.641 
50.9433 80.6836 14.1222 6.27819 62.0501 27.4656 74.0698 224.893 22.7765 4.63962 103.482 327.999 23.2575 8.70197 28.5573 23.3874 11.8789 0.692939 30.4848 0.201106 29.1215 7.79544 0.143266 15.8061 14.7367 0 27.9303 63.4168 
6.57018 49.7658 5.57572 27.0297 39.0538 18.5783 60.3394 63.6672 0.0388011 17.3033 51.6673 44.5084 31.7929 11.0598 8.85499 7.43728 1.27476 41.7987 11.5158 5.55658 35.8322 0.00562391 10.9048 11.351 48.2511 4.80905 0 0.593227 
20.128 5.77563 10.5434 27.7036 0.781997 6.71452 1.44409 71.7594 6.33802 5.58346 81.8462 138.547 13.9098 2.50084 22.18 1.35689 10.0914 43.4531 7.21355 9.9265 15.891 7.47593 6.28233 2.32999 36.0294 28.767 66.8463 0 
