0 501.707 133.574 535.877 214.023 463.235 1.22447 22.9894 534.094 63.6251 81.3373 226.959 21.4575 44.3221 4.88477 65.7574 446.759 228.023 13.6977 28.3358 30.264 40.3119 45.5914 12.6042 432.862 50.2605 41.0641 46.2221 
438.045 0 463.102 427.944 95.187 522.436 526.068 228.651 493.74 82.0746 26.9314 4.55249 11.0807 54.792 76.8758 41.5616 528.872 237.856 82.9597 69.9509 156.765 8.69191 0.37696 29.9329 497.355 46.8285 4.25352 17.8956 
149.977 4.61648 0 117.523 146.316 17.9415 6.00635 65.1799 1.05179 0.102495 188.217 98.0222 57.3028 12.457 27.4044 2.17805 4.72331 38.5085 61.5576 0.141568 70.9379 0.00753335 12.5697 1.50672 22.6882 24.155 0.316679 1.78026 
698.519 428.796 7.04449 0 26.0404 486.156 168.029 446.875 564.985 94.6914 203.675 124.739 0.752354 2.07069 0.655149 27.7506 422.78 105.321 6.67522 20.1253 495.989 0.00781272 6.23973 0.115592 464.29 14.9211 24.5252 10.0977 
205.327 0.0658472 184.813 11.3298 0 30.6546 435.497 9.8259 276.219 319.034 44.5882 24.5147 8.11602 28.2744 28.4714 5.28541 46.6269 1.81663 241.706 19.7832 128.558 21.2909 5.21861 21.5625 25.1728 0.290318 8.31938 0.534673 
433.146 657.543 66.6098 475.957 109.653 0 592.977 127.142 526.427 475.069 256.733 158.599 47.2632 19.8895 25.3879 25.0359 435.9 111.701 83.815 5.19766 3.00565 5.69979 2.50296 8.96317 423.009 1.36704 8.13503 1.46309 
16.1081 2.61782 158.934 168.612 371.171 237.698 0 25.7907 1.20698 447.467 68.541 279.899 28.2498 94.3495 45.0087 94.0978 5.84616 227.73 17.9603 3.43426 143.228 62.9196 47.4139 8.03852 30.318 79.4089 27.4221 58.7027 
141.525 30.0534 113.115 167.152 48.5873 0.0179686 377.125 0 285.062 55.5272 336.532 676.371 148.285 57.6307 73.0903 17.2904 96.8855 103.506 102.463 1.01377 73.4306 46.2105 20.5217 57.1044 186.283 98.3947 99.9552 120.223 
455.064 785.796 473.152 470.438 17.2635 523.635 1273.15 273.814 0 360.569 732.374 303.861 6.37723 89.9992 182.88 55.3151 526.455 186.178 86.2641 21.8853 66.3591 54.2185 94.2626 61.0256 548.988 10.3945 59.7212 99.0607 
152.742 94.1494 113.822 51.0826 294.066 61.1283 410.853 174.363 5.48715 0 297.172 246.487 42.7555 34.0632 0.722809 89.2474 66.5942 145.399 14.5681 8.51461 89.1691 0.00355198 12.2159 21.3581 6.90425 0.0546463 15.6458 16.574 
194.487 158.325 136.771 1.23552 245.652 0.00434582 476.152 244.091 542.854 391.528 0 68.4484 254.081 6.54637 122.8 126.505 1.95461 15.3146 4.63215 53.2051 117.116 73.0371 128.281 124.754 1.13863 50.5601 85.9492 0.144301 
117.712 8.26297 0.502118 250.048 51.7645 11.778 258.404 1013.57 394.428 69.639 482.949 0 0.03626 2.80835 143.572 493.913 0.952512 38.4435 99.971 96.5733 91.9092 1.83883 103.169 186.879 305.472 299.12 112.819 36.7176 
47.6449 5.44687 58.0157 48.4524 177.551 72.637 203.19 39.5433 121.089 9.69707 166.615 17.2439 0 132.032 88.2151 0.926277 4.68703 103.703 19.4429 0.558477 37.0518 59.0757 13.2059 12.2515 0.00496848 53.8246 19.8233 0.812394 
28.6225 69.1578 12.1924 3.85167 14.3303 1.28358 26.4167 0.0257175 38.9053 16.2448 24.5328 16.535 119.826 0 16.9565 19.3382 0.0343501 53.0643 9.05204 3.89242 16.1655 5.34635 5.85275 0.632638 14.1649 2.68626 11.3059 1.90136 
56.4721 62.2125 18.4459 39.4075 24.0133 20.6711 2.97074 167.116 207.695 133.661 58.1142 267.911 13.2685 61.2911 0 89.6517 18.3543 4.33898 30.6087 7.55374 0.109449 1.33977 15.4214 25.7129 22.3411 25.9349 7.56179 12.3994 
0.265211 0.109779 23.6423 41.2846 66.0015 0.0846983 103.043 32.4395 79.9625 37.2528 224.092 234.734 40.7639 16.7046 9.53688 0 25.5137 61.5214 26.5821 1.32461 18.2471 8.99536 9.3534 3.84639 29.1794 12.862 7.68974 0.294236 
434.952 440.602 34.3101 469.44 9.14119 421.989 107.868 0.179194 427.053 80.4128 27.9596 2.21302 38.9568 16.8193 25.0765 22.8653 0 29.394 277.652 28.0453 21.4928 20.8795 15.5357 14.0401 440.996 14.7587 7.60419 24.359 
236.59 413.203 149.071 127.423 225.46 115.238 109.936 3.68507 24.8716 58.4812 119.948 12.1719 104.369 46.5356 61.1799 13.5134 12.0765 0 94.7664 52.5197 4.67201 4.29649 34.2377 45.1693 59.5465 23.111 33.1362 1.75451 
15.3393 74.8772 12.2235 12.3952 117.847 2.59136 95.7359 36.669 20.1875 39.0858 13.1956 5.23645 0.547108 0.0555776 1.07252 24.8552 214.093 4.56221 0 6.19904 72.5878 7.81961 7.72329 23.9349 19.2202 29.7766 0.00018228 3.97789 
40.7079 18.1598 2.73013 48.0341 18.4191 9.90425 40.7431 98.5941 92.5834 3.56571 73.548 30.5763 0.970204 0.797641 5.18249 3.4711 17.3813 77.1695 32.2954 0 40.8795 6.24245 0.409233 5.29583 8.92644 11.2351 0.37501 10.7684 
15.8147 150.533 19.093 190.052 16.3665 6.36043 13.315 4.19392 38.8546 67.7702 129.193 73.661 0.0139679 7.04377 36.399 44.3623 68.4337 123.06 63.6285 241.496 0 32.4779 1.81103 35.303 55.0397 62.5054 28.8881 14.9519 
36.212 46.1661 5.14455 4.22176 48.6822 2.46936 3.71022 54.5477 44.8024 37.1585 13.8918 6.62109 49.2717 0.0130686 17.2854 3.56918 0.0184539 41.0834 10.2808 1.76054 20.6392 0 4.18693 11.4011 15.5525 10.3939 0.0527317 5.15276 
42.8198 0.0871776 12.4418 5.12308 9.96758 10.5789 24.8886 24.3237 101.092 38.0098 75.0792 48.3582 63.809 3.52616 17.8352 2.86518 7.53577 20.1656 12.3605 3.90148 40.0026 8.91049 0 0.278057 19.2213 3.09097 1.55377 9.70647 
15.2344 15.8145 15.6142 10.9026 5.04344e-06 1.25236 12.0515 117.767 83.0052 0.516861 110.471 187.279 56.0298 4.37058 0.40954 19.693 12.2187 1.60631 1.28854 4.46463 33.4723 12.0891 8.46762 0 45.4378 12.0602 9.20005 14.3559 
472.713 475.338 11.0031 447.553 11.1553 423.074 66.147 84.3007 426.371 28.8123 2.01442 168.434 21.8675 4.39216 31.3749 40.5585 443.153 0.846924 9.87501 1.86547 5.05272 22.6154 22.9657 31.3941 0 43.6841 62.8957 128.072 
46.1051 8.92392 18.3288 1.09765 65.4477 27.6713 6.01884 234.154 10.4481 50.6472 158.274 18.1346 53.6003 10.9791 27.9874 6.0146 27.2082 13.9714 7.67736 11.1772 63.0182 0.176518 4.73018 0.16175 27.6007 0 32.66 13.8525 
33.3079 8.22909 10.782 15.8449 20.999 6.28596 44.668 0.372961 32.1417 0.0510301 20.3992 34.1963 39.2737 11.2885 11.6307 0.00791906 15.1269 43.3201 19.1928 4.65397 43.3899 5.76215 3.10758 6.81514 44.6679 1.60842 0 60.0476 
22.3097 10.4691 4.43396 4.21753 26.1634 10.5495 15.4501 125.728 98.5254 13.5438 69.8096 21.8069 44.664 0.276854 22.0105 1.35793 24.4198 0.263518 6.42952 1.234 51.1521 7.01163 0.0652358 7.41338 11.5041 5.18575 74.9897 0 
