0 636.794 209.905 254.801 176.09 143.51 42.8967 1.45053 185.324 12.9676 71.3243 105.011 2.31789 17.7081 41.8918 1.95485 60.5017 8.26871 116.411 167.408 227.578 35.3968 45.4535 6.42632 132.489 43.6788 0.585637 26.3076 
509.361 0 341.887 358.998 324.08 270.061 323.633 275.915 136.779 218.079 152.931 198.349 138.82 0.863296 12.4049 28.2942 58.1967 638.769 171.992 37.2833 134.063 27.517 44.7629 24.501 108.366 0.378566 49.9865 62.2648 
211 43.7068 0 11.579 156.535 63.0021 113.083 37.8725 443.961 106.236 213.461 11.3036 63.5586 4.65552 27.7856 21.3978 26.0822 162.559 39.1159 4.04513 16.9988 12.2837 12.4353 6.39909 28.1845 24.4126 1.77991 0.269686 
158.267 360.131 179.54 0 146.239 125.435 197.696 1134.94 192.79 103.401 125.352 127.362 50.879 7.25508 2.35113e-06 23.347 114.955 0.0347499 15.3154 39.4787 721.19 9.39593 0.559256 0.150553 99.8173 42.6803 1.9943 25.4594 
166.005 499.313 45.6595 46.3511 0 103.57 189.984 211.604 85.0924 38.9735 17.1525 2.98504 95.6392 4.25256 85.3685 72.2814 135.9 0.836816 275.206 9.38426 39.308 26.1389 47.3235 44.3696 25.8717 21.3235 0.0811121 33.1518 
104.71 250.489 4.94694 121.796 285.311 0 571.623 214.859 63.7251 561.103 170.884 49.5064 149.384 19.9998 41.7702 27.3008 59.2334 25.6269 8.9377 5.19766 35.4012 0.720949 11.9799 8.89323 81.428 4.45698 4.50277 22.6577 
83.36 177.969 234.756 121.195 356 303.132 0 72.9976 621.044 76.3127 153.636 180.738 217.705 47.7677 44.6199 0.0989386 109.746 229.273 26.0513 71.7311 125.339 8.35509 28.3715 15.6739 32.7607 21.0551 49.2298 73.4483 
46.5695 2.13638 79.548 61.7356 80.7856 87.3247 326.046 0 391.567 218.781 106.769 194.957 52.9116 124.04 184.115 112.922 34.0291 181.329 75.5785 48.2624 130.443 15.5718 90.8053 138.198 8.50984 6.14892 25.843 57.0355 
304.158 416.268 39.2622 371.222 179.363 64.4821 516.518 402.73 0 377.785 974.277 67.3436 4.11269 147.037 7.30896 110.528 169.183 25.3686 155.097 78.9738 184.536 54.9374 78.4465 49.9725 176.817 6.50486 5.96871 8.54428 
72.2818 76.5662 14.756 5.83776 74.6819 145.624 444.195 3.46934 100.594 0 0.210058 1.46194 3.57444 81.8715 133.471 0.551344 79.5953 18.6582 119.827 35.5108 1.12254 60.2114 19.6912 0.245798 0.0352463 54.8744 0.381092 1.13236 
193.243 30.3096 169.577 57.7929 219.126 169.548 221.352 218.995 161.225 18.7348 0 100.067 142.335 4.29967 403.377 207.381 39.8741 3.01745 121.765 57.1973 86.7027 6.2138 73.5783 63.4416 3.98119 42.1988 4.7247 0.00737796 
0.773526 135.468 44.3698 249.026 138.928 59.8976 61.7711 895.848 24.0632 186.951 501.46 0 27.0672 16.6407 273.767 451.887 14.8296 1.78287 7.60261 8.56311 125.021 56.4914 18.3868 140.886 207.692 66.5458 0.42184 173.903 
80.7069 142.308 50.8131 57.9513 108.392 97.5819 61.4685 147.117 177.683 28.854 251.477 73.2389 0 22.3349 111.058 42.5336 19.6453 9.38398 61.1914 0.0481366 10.7393 79.5847 0.796788 66.615 48.9317 30.4023 3.1933 17.4176 
34.614 3.31558 4.12692 21.7336 68.3451 2.88177 96.4682 83.5743 138.852 83.6683 20.144 2.85387 38.9688 0 61.9669 3.19472 4.46927 53.5455 4.07816 0.0293836 0.0264704 1.97909 6.38399 4.97774 5.94928 2.31506 11.1453 0.510564 
45.0685 25.2501 0.187178 38.4389 88.1731 41.5911 134.736 14.8539 166.019 0.134809 372.135 104.564 98.6865 22.1031 0 39.791 9.16764 36.7297 6.35853 10.7414 47.9178 11.1782 0.447484 0.188916 28.5584 30.1488 10.7632 19.4004 
76.3924 3.20742 2.23987 42.5995 0.838042 1.90997 3.93255 138.908 27.3659 46.4816 32.337 400.751 0.59368 0.0358441 20.857 0 1.15429 7.04318 23.8236 2.85023 20.6643 11.9531 7.79556 17.3681 33.3586 6.54642 0.341599 6.32364 
134.624 116.042 10.2922 60.7082 22.4723 67.1058 0.402749 77.3503 58.7248 68.1022 0.0156656 11.3888 19.2636 6.12064 7.22051 0.000736952 0 278.3 199.428 0.0116032 66.9697 5.70059 17.5722 20.5517 70.45 26.9939 8.02562 12.6817 
30.4366 304.069 74.951 90.0742 206.969 94.3747 114.852 48.4496 201.33 48.2965 167.66 17.7345 32.3679 50.3057 38.4297 31.5268 252.958 0 106.799 87.6186 9.63224 1.18902 2.49886 0.607437 56.0375 0.133042 16.2973 36.0227 
116.622 3.11709 47.7583 22.682 295.468 75.1366 84.1487 11.26 122.104 103.04 127.691 99.0218 26.554 1.82748 38.0346 27.4066 245.148 112.725 0 11.3311 71.3323 19.413 22.8805 10.9531 5.43603 12.958 21.5765 3.24952 
139.132 46.0344 13.7786 37.7225 10.4241 9.90425 94.7521 32.7071 37.3387 27.425 76.3687 33.7267 0.00041415 2.37122 9.02251 9.67756 30.173 78.2365 1.55191 0 282.79 2.28253 0.899176 0.582416 13.0983 1.07191 0.338697 1.656 
237.779 141.585 0.643291 20.2957 67.5156 68.7311 67.6439 204.862 21.222 2.73309 70.757 40.9051 63.6027 32.8818 1.90081 41.9318 32.4803 123.622 58.6168 309.413 0 1.83681 30.5432 43.3378 0.552772 31.0324 12.2764 4.79 
40.1635 0.000447013 9.09754 16.2901 44.9236 16.2619 42.9927 24.3512 43.9662 17.5347 65.5452 76.0796 72.2939 1.42751 1.02902 0.0657721 18.2576 37.9324 21.4512 6.36361 16.5666 0 5.74191 2.79911 18.8764 1.08801 6.22678 5.42373 
43.0399 42.7247 12.1769 0.222611 9.17796 16.4411 50.7884 6.57912 40.2107 45.8591 12.7678 0.573773 37.3099 4.06425 1.36291 4.96982 18.7135 12.8573 21.0394 1.06368 4.47249 7.253 0 20.1885 1.10236 0.204653 7.55182 1.77089 
55.4064 39.1528 3.6512 11.1474 9.56161 1.21701 64.639 17.1186 90.5256 30.6826 5.16017 150.016 57.2965 9.17144 21.6561 28.9993 3.21673 43.2521 17.558 5.91697 23.0048 3.56861 6.31052 0 26.0945 7.0233 7.43236 9.9065 
105.841 134.677 24.5934 95.69 65.6293 86.4967 68.4243 106.109 58.0766 10.5337 19.2944 680.107 14.0095 8.24014 12.3004 12.5182 72.8715 1.91105 14.0704 0.0125876 35.698 17.9075 16.0736 12.3226 0 102.857 55.8672 117.156 
39.4309 75.043 18.7038 13.6105 66.7278 25.9851 58.6475 176.038 6.54795 0.572174 65.9411 394.717 29.7053 10.6242 30.8202 13.525 9.75052 2.65804 30.6603 0.674703 36.426 6.90022 0.00542254 16.6539 8.10302 0 34.2127 50.7101 
3.86668 46.8162 7.32522 25.9296 41.9155 19.4128 59.1522 75.6914 0.524902 13.1606 42.0912 63.243 29.2818 11.2798 6.72255 9.83958 1.94854 43.204 13.0622 4.75545 33.0393 0.129014 9.54882 8.56268 44.5522 0.784151 0 25.7243 
26.5158 10.146 7.91696 30.5427 0.0384526 9.07082 0.0380857 47.7196 1.49694 2.28783 66.8128 100.487 17.8192 1.443 23.2122 3.82434 11.7096 46.2281 5.54074 9.18447 20.312 6.75363 7.27894 1.16181 29.7328 6.61882 24.4285 0 
