0 785.085 209.519 496.007 203.841 321.969 23.228 10.2905 326.397 20.2308 58.0102 85.8048 0.949417 20.1349 45.7706 3.93274 225.862 19.0509 116.719 162.955 238.272 34.5048 46.0818 4.75376 298.584 38.7215 0.248482 23.5526 
543.948 0 447.588 492.579 425.432 410.488 214.236 287.787 262.866 231.537 177.596 186.135 143.207 1.94531 8.36962 23.4092 225.37 601.862 172.144 25.0679 121.88 25.5867 46.7936 21.6868 271.188 0.00567476 51.0249 63.239 
205.164 0.0571405 0 104.642 136.72 65.9254 154.88 71.6495 357.897 110.992 230.619 3.77924 66.4661 5.69631 25.3726 19.9529 29.6235 162.765 43.2028 5.8253 9.68021 12.4114 12.2601 7.25499 27.835 25.5624 1.34958 0.575065 
262.496 494.675 1.6499 0 134.778 291.743 202.946 1177.68 306.844 105.826 104.017 162.016 54.4984 6.01505 0.210717 27.2714 282.232 0.805909 12.1301 35.3972 143.483 9.96059 0.932448 0.499899 265.351 43.947 1.40485 26.9912 
194.652 530.882 26.8859 32.2895 0 80.0332 265.024 202.625 50.1557 76.4544 31.0161 6.61676 81.2262 6.27371 81.223 73.6073 127.151 5.49488 242.836 5.80552 32.7731 23.8126 49.0777 46.2878 28.9096 18.1479 0.263188 30.9514 
283.828 441.989 10.4177 284.946 391.139 0 92.8463 211.611 235.261 481.371 130.754 37.3604 135.442 20.7891 41.7131 27.2771 227.309 34.1221 4.43625 6.48692 39.6331 0.395178 12.7443 9.82469 249.49 5.80874 3.88768 22.3795 
56.8995 286.603 208.974 95.8756 404.963 9.55145 0 123.615 111.92 14.0759 82.2617 207.452 219.145 40.4735 32.0647 1.19774 109.839 233.712 17.1414 65.8512 130.814 6.51195 24.4144 19.0217 38.3258 27.045 47.2754 73.5085 
24.2195 0.106519 120.522 199.575 64.278 112.182 273.372 0 252 223.158 149.221 509.314 61.4303 125.941 179.112 153.507 29.8301 181.25 69.6242 40.2456 145.671 17.8913 94.6114 138.643 2.028 0.16186 21.1313 46.9703 
482.034 615.063 132.365 554.425 223.687 234.298 1082.3 263.104 0 386.73 117.855 110.217 0.742359 152.352 76.2836 97.5078 334.107 15.5087 154.188 84.7258 180.66 52.4957 72.6388 56.1474 347.897 2.47717 4.25754 5.67514 
60.5651 53.1155 8.13699 10.3871 119.993 316.617 348.991 0.282184 53.5279 0 29.333 0.110872 1.64745 78.9613 130.4 2.48548 81.3918 12.6693 115.95 38.3763 2.35365 60.8278 23.3207 0.000946312 0.496244 49.9819 0.792074 0.479029 
189.786 16.1566 197.212 78.0521 235.285 206.868 304.84 261.9 105.991 2.45557 0 175.431 167.37 15.9522 361.931 185.716 43.9827 0.897646 117.879 61.3672 78.4419 8.33674 62.2845 73.6951 1.02413 56.903 6.76162 0.321805 
0.167865 117.937 62.1871 230.949 148.124 73.3566 86.9523 1028.2 5.55336 165.087 518.169 0 35.0733 28.5258 267.272 495.555 12.3127 3.97228 5.3661 12.0168 133.922 59.4711 26.1311 121.116 316.899 147.524 1.90143 176.282 
85.6222 137.644 46.479 54.5565 122.173 106.176 81.8502 145.058 165.239 5.1452 254.084 83.3561 0 42.4496 103.517 35.7663 17.2855 12.4813 65.2123 0.00245532 8.79784 83.9878 3.26217e-05 64.1551 47.0664 33.1216 2.52621 15.7355 
37.0148 1.8474 3.19646 20.9952 69.4046 1.92044 96.8847 73.8296 133.247 84.0779 39.8399 9.13225 19.6316 0 55.4559 5.8168 5.06423 53.3467 4.90504 0.00800292 0.182036 2.6126 8.24324 3.72355 7.05265 3.0775 11.2386 0.78601 
41.1725 19.7289 0.864843 37.336 84.5495 40.6807 127.091 5.96098 141.157 1.01462 301.406 64.8583 107.323 6.34962 0 13.2688 8.17128 33.4022 5.07842 11.0083 49.8336 10.1825 1.74118 1.13667 29.8268 30.7973 9.83255 18.2724 
78.4301 5.53608 3.46874 41.4746 0.190846 1.03764 1.46649 178.472 38.8904 54.4801 13.7152 264.37 2.2635 0.801399 49.492 0 0.80746 5.3527 24.8376 2.43093 23.7889 11.9409 9.07634 22.4678 32.3397 3.4868 0.669364 7.8992 
295.658 271.5 7.69022 229.115 14.438 231.612 1.528 80.9942 226.791 64.4859 0.0888676 9.15193 21.6941 5.48407 8.18041 0.0231018 0 287.149 337.23 0.0241917 66.1007 6.22078 17.8607 20.3525 236.469 26.754 8.5644 13.3732 
47.8613 286.807 92.8924 102.469 191.091 102.407 136.634 59.113 209.568 57.6408 164.17 23.3175 37.1591 51.2951 41.7137 34.3378 220.341 0 117.116 87.2483 13.3606 1.65353 3.27735 0.275537 57.1081 0.501077 17.5946 37.6349 
116.601 0.340584 43.9742 19.0498 300.963 81.0878 97.005 7.89722 112.793 95.5115 125.666 99.9273 30.8739 1.30991 38.3629 26.5973 247.137 102.032 0 9.72825 72.0351 20.104 22.6945 10.1516 6.29561 14.1156 21.1435 2.72307 
99.2728 60.3483 16.101 41.4696 6.64745 11.4024 94.3997 40.364 30.9769 30.4389 79.0735 28.4817 0.0836583 2.19159 9.43547 9.67673 29.145 74.4707 2.34331 0 327.227 2.45226 1.01648 0.731783 13.3391 0.774565 0.466639 1.96318 
243.302 130.041 3.46997 54.7717 74.8307 71.1856 58.9716 199.762 13.6698 1.39078 62.4966 32.1975 61.2627 31.2787 2.9412 38.7943 35.1288 123.061 60.9045 245.137 0 2.25435 31.7205 42.1228 0.153698 34.147 11.0156 3.70463 
39.9296 0.0611883 8.68602 16.4743 46.7816 15.4134 45.6037 26.9587 46.7292 20.7387 68.1787 76.5064 77.9418 0.945012 1.55998 0.00516437 17.8441 38.6897 22.0355 6.38149 17.4307 0 7.30704 2.00911 19.6108 1.34679 6.66086 5.75158 
41.8871 44.8787 11.9133 0.478736 11.0913 16.4258 46.937 10.185 33.8533 48.9881 6.92312 0.0221356 29.0574 6.24563 3.24529 3.66721 18.5345 14.3189 20.5609 0.944455 3.62152 5.68953 0 16.9645 1.79622 0.0680248 6.877 1.44166 
54.1432 36.3137 2.94793 12.7938 11.4407 1.72606 66.8101 10.1136 86.5719 27.0692 9.92363 131.396 60.8574 8.23878 18.6156 29.0843 3.67618 42.1057 18.2594 6.03317 24.9561 2.69462 2.02861 0 32.5735 5.77149 8.60613 9.17423 
268.665 302.671 25.7258 264.536 64.4589 253.424 73.222 126.666 225.643 13.8168 11.9393 925.427 11.7581 7.11298 14.7848 8.90448 238.882 1.15331 15.165 0.0734419 38.3704 72.5963 13.9217 13.8334 0 62.3388 115.233 16.371 
34.4827 71.8353 20.5098 17.2279 68.2054 25.0277 51.6881 146.575 2.5041 0.0235662 50.5955 354.42 32.4343 11.3105 30.8932 9.43965 8.87192 3.86181 30.5868 0.9553 39.4765 6.50305 0.0708212 16.6882 6.0605 0 36.0624 40.8444 
2.91565 45.3844 8.09995 25.2969 43.0136 19.6815 58.332 80.3303 1.24291 11.5024 38.0037 71.238 28.1407 11.3102 5.85649 10.863 2.27424 43.6801 13.7174 4.4184 31.7707 0.229952 8.92012 7.38983 42.6839 0.0976744 0 43.7141 
29.3079 12.3072 6.84647 31.4545 0.00952646 10.1142 0.0551234 38.0942 0.442289 1.30836 60.0356 82.9716 19.5374 1.06895 23.3677 5.17651 12.4025 47.2445 4.87831 8.83647 22.2542 6.43572 7.67627 0.776894 26.8739 1.50367 10.1378 0 
