0 738.572 210.025 437.863 201.203 269.438 24.9572 9.05365 277.524 19.4414 59.3089 87.6969 1.05956 19.8892 45.3875 3.70554 174.565 17.7872 116.734 162.9 237.445 34.5967 46.0258 4.91077 247.267 39.2177 0.275832 23.8259 
506.616 0 440.302 445.329 416.298 362.045 225.106 286.868 214.953 230.421 175.186 187.445 142.823 1.8181 8.74136 23.8856 173.839 1105.82 172.255 26.2079 123.135 25.7799 46.5969 21.965 220.182 0.0167331 50.9266 63.1523 
206.205 0.20842 0 91.7183 138.848 65.7303 150.775 67.9271 368.491 110.605 229.247 4.35571 66.1955 5.58976 25.6262 20.1062 29.2697 162.922 42.8037 5.63616 10.3292 12.4 12.2806 7.16893 27.8802 25.4582 1.39015 0.539497 
216.229 447.341 0.346071 0 136.029 240.448 202.703 1053.1 260.368 105.644 106.171 158.615 54.1456 6.13584 0.170852 26.8856 230.793 0.623276 12.4365 35.8295 508.869 9.90442 0.891044 0.455942 214.088 43.8482 1.45943 26.8439 
191.902 529.801 28.5861 33.614 0 84.5446 257.627 203.629 53.3192 72.2794 29.4671 6.19171 82.6644 6.05553 81.6656 73.4944 128.089 4.8485 246.544 6.12778 33.4096 24.044 48.9095 46.1017 28.6035 18.4583 0.240319 31.1723 
231.169 388.494 9.79349 233.956 812.723 0 541.919 212.193 180.592 512.651 134.801 38.5248 456.77 20.7187 41.7498 27.292 175.756 33.2361 4.8206 6.35373 39.2095 0.423484 12.6701 9.73179 197.961 5.66746 3.94767 22.4115 
59.3906 275.607 212.037 98.4175 400.991 11.9111 0 118.168 148.11 18.178 88.6661 204.883 219.196 41.1977 33.2585 1.03358 109.863 233.449 17.9606 66.4572 130.305 6.68725 24.804 18.6773 37.7626 26.4237 47.476 73.5191 
26.1637 0.0217263 116.281 181.128 65.8823 109.685 278.976 0 265.725 222.878 144.836 475.389 60.5685 125.822 179.795 149.488 30.2433 181.326 70.2262 41.0336 144.188 17.6546 94.2626 138.69 2.47888 0.373378 21.5874 47.9588 
429.732 561.119 121.255 502.222 219.339 179.797 1034.83 276.926 0 386.654 902.218 105.606 0.957745 151.934 63.8141 98.8494 282.912 16.3957 154.347 84.1724 181.125 52.7456 73.2374 55.5326 296.115 2.79623 4.4164 5.93753 
61.723 55.3313 8.71886 9.87921 115.202 297.949 359.776 0.441804 57.7069 0 23.3983 0.0319351 0.933613 79.3034 130.873 2.23082 81.2314 13.2217 116.398 38.0945 2.2107 60.7835 22.9519 0.00597168 0.426242 50.4825 0.744377 0.532044 
190.221 17.3887 194.669 75.9627 233.822 203.36 296.657 257.763 111.891 0.952928 0 167.336 164.924 14.4755 367.837 188.157 43.5699 1.05394 118.301 60.9584 79.2717 8.11201 63.4132 72.6757 1.23382 55.3787 6.54279 0.252027 
0.0788443 119.704 60.3292 233.11 147.244 71.9961 84.3152 1024.43 6.83265 167.361 517.765 0 34.2382 27.2195 268.523 495.046 12.5557 3.71529 5.57328 11.6486 133.064 59.1805 25.3097 123.177 305.498 138.61 1.70617 176.201 
85.1453 138.164 46.9205 54.9067 120.828 104.525 79.7493 145.309 166.565 6.67308 254.056 82.3444 0 40.2368 104.366 36.4382 17.5173 12.1541 64.8209 0.000513186 8.98446 83.5946 0.00708979 64.4271 47.2611 32.8516 2.58967 15.9021 
36.7784 1.97563 3.28554 21.0751 69.3171 2.0088 96.8929 74.8204 133.901 84.0933 37.6275 8.35198 21.3245 0 56.6021 5.53165 5.00352 53.375 4.81958 0.0095381 0.16023 2.54641 8.08331 3.84621 6.94095 2.99773 11.231 0.755964 
41.5658 20.259 0.775257 37.4636 84.9424 40.8017 127.961 6.67886 143.747 0.757139 309.734 68.5685 106.55 7.57816 0 15.466 8.26938 33.735 5.20103 10.9833 49.6494 10.2832 1.57585 1.00712 29.7158 30.7565 9.92572 18.3899 
78.2561 5.27654 3.33551 41.6189 0.235042 1.11356 1.66048 174.668 37.6743 53.6882 15.2532 279.123 2.04896 0.681243 46.5034 0 0.839453 5.5124 24.7389 2.4719 23.4722 11.9452 8.95339 21.9963 32.4715 3.75607 0.631832 7.73758 
244.84 221.198 7.93644 177.532 15.1712 180.42 1.38326 80.6407 175.231 64.8594 0.0654348 9.36598 21.4478 5.5467 8.0827 0.017979 0 286.842 390.117 0.0166961 66.1963 6.16816 17.833 20.374 185.139 26.7808 8.51022 13.3041 
45.9805 290.545 91.109 101.266 192.805 101.648 134.473 58.0204 208.85 56.6913 164.572 22.7309 36.6727 51.2038 41.3878 34.0576 223.968 0 116.127 87.3179 12.9635 1.60375 3.19512 0.302935 57.0089 0.453745 17.4641 37.4762 
116.649 0.493042 44.3657 19.4055 301.085 80.5493 95.7358 8.2087 113.758 96.3039 125.907 99.8551 30.4349 1.35801 38.3376 26.6818 248.005 103.136 0 9.88518 71.9756 20.0363 22.7155 10.2315 6.20756 13.9994 21.188 2.77387 
103.262 58.8856 15.8706 41.1251 6.9903 11.2517 94.4762 39.5796 31.5983 30.1381 78.8201 28.9953 0.0688389 2.20951 9.39529 9.67888 29.2524 74.8714 2.2573 0 324.762 2.43518 1.00453 0.71617 13.3171 0.8023 0.452959 1.93152 
243.007 131.241 3.08818 51.3279 74.1026 70.9573 59.8319 200.378 14.3572 1.50513 63.3175 33.0335 61.5026 31.4416 2.82744 39.1121 34.8639 123.147 60.6829 252.97 0 2.21077 31.6053 42.2498 0.182528 33.8362 11.1397 3.80742 
39.9567 0.0486288 8.72774 16.4576 46.6013 15.5007 45.3475 26.6957 46.4562 20.412 67.9263 76.4778 77.4159 0.989288 1.50237 0.00816115 17.8864 38.6168 21.9788 6.38014 17.3444 0 7.14878 2.08331 19.5391 1.31983 6.61747 5.71887 
42.0082 44.6689 11.9425 0.448854 10.8937 16.4316 47.3291 9.7927 34.4777 48.6875 7.43289 0.00337752 29.8608 6.0333 3.02516 3.79291 18.5538 14.1707 20.6107 0.95616 3.703 5.84323 0 17.3871 1.70839 0.0784131 6.94465 1.47334 
54.2806 36.6002 3.01568 12.6284 11.2471 1.67156 66.6091 10.7392 86.9935 27.4293 9.38266 133.366 60.5226 8.34125 18.9344 29.1687 3.62915 42.2248 18.1905 6.02231 24.761 2.77794 2.36815 0 31.9523 5.89443 8.48776 9.2486 
217.659 251.163 25.6207 212.941 64.5877 202.011 72.7599 124.658 174.099 13.4729 12.604 510.992 11.9769 7.22502 14.5343 7.38562 187.553 1.2207 15.0554 0.0650974 38.1059 68.3013 14.1378 13.2314 0 71.8074 92.1676 29.1406 
34.975 72.1758 20.335 16.8578 68.0722 25.1316 52.388 149.657 2.82474 0.0457458 52.0845 360.135 32.163 11.2461 30.9105 9.83112 8.95887 3.73196 30.5981 0.925228 39.1745 6.54309 0.0609635 16.6937 6.23936 0 35.9033 41.9006 
3.00511 45.532 8.02192 25.3643 42.9072 19.657 58.4223 79.8821 1.15755 11.6649 38.411 70.4448 28.2566 11.3088 5.94163 10.7612 2.24067 43.6359 13.6521 4.45193 31.8994 0.218575 8.98407 7.50586 42.8794 0.136921 0 41.8453 
29.0278 12.0838 6.95171 31.372 0.0046553 10.0092 0.0367928 39.0292 0.51987 1.39441 60.7186 84.7251 19.3645 1.10412 23.36 5.03453 12.3332 47.1476 4.94309 8.87205 22.0589 6.46774 7.63742 0.812138 27.1576 1.85837 11.3359 0 
