0 750.105 209.908 452.262 201.866 282.415 24.5194 9.35547 289.585 19.6377 58.9834 87.224 1.0314 19.9506 45.4834 3.76173 187.232 18.0993 116.731 162.923 237.657 34.5738 46.0399 4.8713 259.94 39.0936 0.268868 23.7575 
515.801 0 442.203 457.001 418.606 374.006 222.382 287.103 226.761 230.705 175.79 187.12 142.92 1.84953 8.64774 23.7663 186.563 1021.71 172.23 25.921 122.822 25.7315 46.6461 21.8954 232.777 0.0134203 50.9513 63.1742 
205.954 0.0798641 0 94.9051 138.319 65.7811 151.805 68.8511 365.875 110.704 229.597 4.20779 66.2636 5.6163 25.563 20.0681 29.3582 162.887 42.9037 5.68322 10.1649 12.4029 12.2755 7.19043 27.8691 25.4845 1.37996 0.548295 
227.611 459.034 0.0188702 0 135.719 253.116 202.769 1237.91 271.821 105.691 105.632 159.467 54.234 6.10557 0.180428 26.9823 243.496 0.666766 12.3595 35.7218 390.189 9.91846 0.901323 0.466745 226.747 43.8735 1.44568 26.8808 
192.592 530.115 28.1562 33.281 0 83.4669 259.481 203.38 52.5208 73.3158 29.8515 6.2967 82.3047 6.10973 81.5555 73.5231 127.855 5.00639 245.626 6.04646 33.2499 23.9861 48.9518 46.1483 28.6799 18.3806 0.245936 31.1171 
244.177 401.72 9.94814 246.547 772.003 0 400.775 212.053 194.045 543.694 133.789 38.2327 376.429 20.7365 41.7413 27.2886 188.487 33.4571 4.7231 6.38693 39.3154 0.416315 12.6887 9.75501 210.687 5.70267 3.93264 22.4036 
58.7644 278.358 211.28 97.782 402.005 10.695 0 119.523 138.639 17.1057 87.0473 205.528 219.187 41.0165 32.9587 1.07358 109.857 233.519 17.754 66.3062 130.433 6.64321 24.7066 18.7631 37.9031 26.5786 47.4259 73.5168 
25.6716 0.0369233 117.339 185.748 65.4803 110.31 277.581 0 262.284 222.951 145.93 483.854 60.7837 125.854 179.628 150.494 30.1399 181.309 70.0758 40.8364 144.559 17.7136 94.3504 138.68 2.36206 0.312355 21.4732 47.7114 
442.655 574.463 124.004 515.134 220.43 193.208 1047.02 273.463 0 386.69 729.258 106.752 0.901316 152.041 66.964 98.5146 295.554 16.1717 154.309 84.3114 181.01 52.6832 73.088 55.6864 308.904 2.71461 4.37643 5.8715 
61.4329 54.7745 8.57172 10.0052 116.396 302.611 357.102 0.398541 56.6502 0 24.8206 0.0472151 1.09326 79.2189 130.758 2.29312 81.2719 13.0823 116.287 38.1652 2.24605 60.795 23.0439 0.00430977 0.443252 50.3577 0.756162 0.518517 
190.114 17.077 195.309 76.4842 234.191 204.244 298.707 258.801 110.477 1.26307 0 169.351 165.537 14.8385 366.394 187.552 43.673 1.01368 118.197 61.0607 79.0643 8.16783 63.1307 72.9307 1.17965 55.7589 6.59715 0.268658 
0.097985 119.262 60.792 232.577 147.465 72.3359 84.9723 1025.58 6.5008 166.794 517.893 0 34.4462 27.544 268.222 495.257 12.4946 3.77873 5.5211 11.7402 133.279 59.2534 25.514 122.664 308.447 140.831 1.75402 176.224 
85.2651 138.035 46.8102 54.8194 121.165 104.935 80.2734 145.247 166.235 6.27269 254.068 82.5973 0 40.7867 104.156 36.2701 17.4592 12.2356 64.9192 0.000863027 8.93762 83.6939 0.0038113 64.3597 47.2126 32.9192 2.57374 15.8604 
36.8377 1.94317 3.26322 21.0553 69.3393 1.98654 96.8919 74.5731 133.739 84.0906 38.1761 8.54382 20.8956 0 56.3249 5.60253 5.0187 53.368 4.84089 0.009141 0.165559 2.5629 8.12393 3.81545 6.96882 3.01762 11.2329 0.763432 
41.4675 20.126 0.797225 37.4321 84.8448 40.772 127.746 6.4957 143.102 0.818007 307.673 67.6349 106.745 7.26224 0 14.9041 8.24483 33.6519 5.17027 10.9896 49.6956 10.258 1.61646 1.03877 29.7439 30.7672 9.90241 18.3606 
78.3002 5.34084 3.36861 41.5834 0.223549 1.09433 1.61084 175.624 37.9771 53.8861 14.8615 275.444 2.10157 0.710396 47.2516 0 0.831403 5.47224 24.7637 2.46163 23.5512 11.9442 8.98428 22.1151 32.4392 3.68791 0.64111 7.77787 
257.387 233.615 7.87454 190.27 14.9865 193.061 1.41877 80.7292 187.963 64.7663 0.0709571 9.31224 21.5093 5.53102 8.10709 0.0191989 0 286.931 389.138 0.0184414 66.1725 6.18129 17.8399 20.3686 197.814 26.7741 8.52375 13.3214 
46.4479 289.688 91.5552 101.567 192.379 101.839 135.013 58.293 209.032 56.9282 164.472 22.877 36.794 51.2268 41.4693 34.1277 223.068 0 116.375 87.3012 13.0623 1.61613 3.21558 0.295972 57.0339 0.46536 17.4967 37.5159 
116.638 0.452262 44.2681 19.3164 301.068 80.6851 96.0536 8.13036 113.518 96.1063 125.847 99.8736 30.5445 1.34592 38.3441 26.6607 247.809 102.861 0 9.84587 71.9907 20.0532 22.7103 10.2115 6.22948 14.0285 21.1769 2.76113 
102.263 59.2508 15.9282 41.212 6.90384 11.2893 94.4579 39.7753 31.4426 30.2134 78.8838 28.8666 0.0724055 2.20503 9.40537 9.67838 29.2256 74.7718 2.27866 0 325.423 2.43944 1.00751 0.720062 13.3227 0.795329 0.456361 1.93942 
243.086 130.942 3.18175 52.2173 74.2848 71.0147 59.617 200.226 14.1841 1.47615 63.1121 32.8236 61.4427 31.401 2.85566 39.0327 34.9301 123.126 60.7386 251.035 0 2.22165 31.6342 42.2182 0.175082 33.9138 11.1086 3.78159 
39.95 0.05163 8.71734 16.4618 46.6464 15.4789 45.4116 26.7614 46.5246 20.4936 67.9896 76.4852 77.5484 0.978133 1.51667 0.00734871 17.8759 38.6351 21.9931 6.38049 17.366 0 7.18831 2.06466 19.557 1.32656 6.62832 5.72704 
41.978 44.7214 11.9352 0.456244 10.943 16.4302 47.2313 9.88997 34.3212 48.7628 7.30373 0.00652407 29.6595 6.08662 3.07957 3.76134 18.549 14.2077 20.5983 0.95323 3.68255 5.80475 0 17.2833 1.72997 0.0757526 6.92774 1.46539 
54.2464 36.5285 2.99869 12.6697 11.2953 1.6851 66.6597 10.5813 86.8883 27.3393 9.5166 132.876 60.6067 8.31579 18.855 29.1495 3.64089 42.1951 18.2077 6.02504 24.8098 2.75703 2.28108 0 32.1081 5.86364 8.51735 9.23003 
230.253 263.883 25.6472 225.683 64.5557 214.708 72.8758 125.162 186.827 13.5586 12.4364 733.645 11.922 7.19702 14.597 7.72963 200.228 1.20367 15.0828 0.0671347 38.172 69.4469 14.0837 13.3738 0 69.4677 98.1462 25.6754 
34.8518 72.0911 20.3789 16.9502 68.1058 25.1058 52.2131 148.889 2.74278 0.0395161 51.7111 358.737 32.2309 11.2623 30.9066 9.73279 8.93711 3.76423 30.5953 0.932689 39.25 6.53308 0.0633546 16.6925 6.19411 0 35.9436 41.6377 
2.98265 45.4952 8.0414 25.3475 42.9339 19.6632 58.3999 79.9945 1.17859 11.6242 38.3092 70.6433 28.2276 11.3092 5.9203 10.7867 2.24904 43.6471 13.6684 4.44355 31.8673 0.221393 8.96811 7.4768 42.8307 0.126496 0 42.3119 
29.0979 12.1394 6.92533 31.3928 0.00571078 10.0354 0.0410221 38.7945 0.499863 1.37262 60.548 84.2869 19.4078 1.09527 23.3621 5.06988 12.3505 47.1719 4.92687 8.86317 22.1077 6.45973 7.64716 0.803258 27.0866 1.76632 11.0314 0 
