0 953.229 205.719 724.827 215.862 527.105 15.8006 17.1907 514.491 24.1584 51.9601 76.939 0.50838 21.3103 47.5731 5.09887 425.397 25.581 116.509 160.173 241.442 34.0598 46.3262 4.03981 498.046 36.3674 0.138009 22.2631 
676.695 0 470.016 670.645 464.651 595.543 164.091 291.307 448.177 236.104 188.812 179.658 144.857 2.60659 6.70516 21.1886 426.172 435.213 171.231 19.9342 115.817 24.6697 47.7079 20.3774 469.225 0.0328912 51.4748 63.6179 
198.894 12.4449 0 169.286 126.263 66.5474 173.828 90.1414 303.455 112.545 236.027 1.59245 67.6868 6.20876 24.1357 19.2002 31.2989 161.479 45.0626 6.75385 6.8667 12.4612 12.1541 7.66466 27.5904 26.023 1.16451 0.759009 
442.208 673.098 86.1133 0 128.551 490.974 203.233 741.971 484.806 106.498 93.7919 177.815 56.1429 5.45245 0.456594 29.0739 482.289 1.99006 10.7163 33.2824 160.318 10.2265 1.14119 0.735641 464.561 44.3304 1.15908 27.672 
207.267 529.531 19.4253 26.2829 0 53.2259 299.237 197.546 36.2741 97.3315 38.8291 8.82141 74.4302 7.35711 79.0405 74.0823 122.523 9.10014 224.028 4.38702 29.808 22.7178 49.8546 47.1533 30.3685 16.6981 0.385942 29.9002 
489.755 650.559 13.587 482.768 53.1476 0 542.092 208.082 458.712 535.004 111.661 32.0048 201.386 21.0966 41.445 27.1684 428.009 38.4222 2.81996 7.13123 41.6418 0.273894 13.0896 10.2647 450.001 6.49686 3.60758 22.2147 
45.6232 337.951 193.182 83.8778 420.681 86.0528 0 150.35 7.68507 1.68488 54.6018 219.275 218.317 37.0627 26.6162 2.14006 109.628 234.409 13.4841 62.9259 133.117 5.70781 22.5849 20.6847 41.0157 30.0553 46.3078 73.4076 
15.9457 1.38225 140.827 276.654 56.826 123.982 246.045 0 189.168 224.005 170.301 668.276 65.5461 126.288 175.338 172.217 27.8908 180.687 66.7477 36.5565 152.575 19.029 96.1679 138.145 0.501139 0.347457 19.0154 42.3449 
685.573 824.899 188.58 755.513 243.888 456.994 1251.4 199.538 0 384.59 912.648 132.897 0.0930804 153.981 117.944 91.042 532.977 11.611 153.226 87.2831 178.218 51.2927 69.7477 59.054 549.465 1.22281 3.5403 4.50564 
55.1261 43.0552 5.63008 12.9531 143.245 402.37 295.411 0.0106873 35.5528 0 65.8883 1.13476 7.74738 77.1882 127.667 3.87634 82.0941 10.1927 113.652 39.6988 3.09226 60.985 25.0864 0.0362014 0.900746 47.5731 1.03843 0.264984 
187.455 10.8912 208.5 88.1049 241.734 222.642 342.538 280.924 70.8337 18.9793 0 214.986 178.746 23.8439 329.344 173.413 45.9461 0.326007 115.776 63.2822 74.4951 9.44106 56.9456 78.5003 0.293959 64.2679 7.84548 0.76898 
1.04372 109.527 71.197 219.707 152.169 79.8373 99.7686 1015.61 1.27611 154.085 516.191 0 39.1367 35.0521 259.582 485.919 11.1858 5.30665 4.43263 13.8323 137.883 60.827 30.1613 111.147 349.95 191.08 2.97038 176.193 
87.839 135.021 44.3625 52.8638 128.439 113.075 91.9656 143.731 158.722 0.583813 253.504 88.1514 0 53.4261 99.2204 32.5986 16.198 14.086 67.0353 0.0314407 7.93494 85.705 0.187455 62.7872 46.118 34.3956 2.23485 14.9502 
38.1252 1.29578 2.78636 20.5977 69.7641 1.52572 96.6944 69.0908 129.869 83.8342 50.9811 13.2802 12.4418 0 48.7796 7.22126 5.35599 53.187 5.31863 0.0025481 0.304536 2.93462 8.90089 3.15427 7.58616 3.46591 11.2698 0.936066 
39.2959 17.284 1.355 36.6794 82.5949 40.0175 122.663 3.09696 128.657 2.74352 259.225 48.2743 110.694 1.91235 0 4.9073 7.71062 31.8233 4.51323 11.1222 50.6855 9.70206 2.62831 1.85303 30.3046 30.9164 9.39036 17.7012 
79.1645 6.84717 4.13056 40.6963 0.0436557 0.712525 0.708084 195.829 44.8311 58.2015 7.47655 194.376 3.42241 1.49673 63.1773 0 0.663718 4.62347 25.2971 2.23952 25.3043 11.9112 9.64031 24.546 31.6261 2.33164 0.861832 8.67711 
492.781 466.31 6.56617 429.944 11.1812 430.591 2.31198 82.6381 427.553 62.679 0.249037 8.1653 22.874 5.18989 8.64958 0.0561844 0 286.827 244.851 0.0786919 65.6207 6.47255 17.9882 20.2458 436.057 26.619 8.82271 13.7004 
57.1614 256.359 101.276 108.047 182.612 105.87 146.789 64.3729 212.645 62.1861 162.102 26.1876 39.4894 51.7054 43.2519 35.6643 202.22 0 121.667 86.8194 15.3185 1.89979 3.68108 0.163039 57.5546 0.757622 18.2172 38.3806 
116.236 0.000395675 42.0807 17.3862 298.34 83.4605 102.959 6.4938 108.116 91.6432 124.411 100.214 32.9766 1.09275 38.4605 26.1859 240.225 96.7028 0 8.99405 72.2847 20.4214 22.5875 9.77364 6.72037 14.6684 20.9286 2.4875 
80.6721 67.3489 17.1854 43.0048 5.1289 12.1195 93.9121 44.1383 28.0769 31.8637 80.2247 26.0796 0.17375 2.10661 9.62282 9.6603 28.6216 72.4999 2.77213 0 332.341 2.53369 1.07389 0.807906 13.4371 0.649113 0.534249 2.11635 
243.916 124.218 5.57592 65.0561 78.2729 72.2155 54.9115 196.522 10.619 0.90858 58.6193 28.3404 60.1059 30.4975 3.51017 37.2743 36.3859 122.562 61.934 205.151 0 2.4665 32.2598 41.5031 0.0505232 35.6192 10.4327 3.23415 
39.7893 0.140484 8.48614 16.5489 47.6217 14.9923 46.8043 28.2131 48.0146 22.307 69.3433 76.5993 80.3121 0.747449 1.84683 0.000253355 17.6401 39.0266 22.2994 6.38661 17.8403 0 8.05938 1.67221 19.9449 1.47797 6.86679 5.90674 
41.2949 45.857 11.7667 0.633412 12.0478 16.3852 45.056 12.1412 30.9284 50.3746 4.73804 0.335548 25.3253 7.20687 4.37772 3.08824 18.4392 15.0278 20.3183 0.88957 3.24568 4.97206 0 14.7286 2.26717 0.0287146 6.55559 1.29519 
53.4572 34.9469 2.63414 13.5803 12.3773 1.99557 67.7142 7.38142 84.4951 25.3657 12.6796 121.783 62.3787 7.72818 17.0678 28.4072 3.90288 41.5269 18.5828 6.08243 25.8814 2.31237 0.753025 0 35.4047 5.19662 9.17028 8.8181 
466.701 503.042 26.1986 465.331 63.8122 453.377 75.3572 135.995 426.423 15.4945 9.00984 199.454 10.7393 6.58398 15.977 20.4644 438.463 0.858866 15.6858 0.11991 39.6179 80.3376 12.8984 17.6669 0 22.7809 147.427 10.9113 
32.1564 70.1615 21.3203 19.0048 68.7927 24.5106 48.3603 131.674 1.24184 0.017776 43.6992 322.928 33.7153 11.6021 30.7365 7.6497 8.46207 4.50671 30.5209 1.1041 40.9 6.31202 0.127635 16.6349 5.29282 0 36.7361 35.6996 
2.50811 44.6707 8.47195 24.9639 43.5079 19.7902 57.8787 82.4075 1.68887 10.7415 36.076 74.9771 27.5856 11.3112 5.45724 11.3439 2.43676 43.88 14.0272 4.25969 31.1536 0.287848 8.61344 6.84365 41.726 0.0015277 0 52.5998 
30.6391 13.3895 6.35291 31.8198 0.0562053 10.6144 0.192604 33.7513 0.159154 0.936351 56.7832 74.6811 20.3604 0.909041 23.3808 5.86927 12.7316 47.6906 4.57517 8.66524 23.1844 6.28304 7.85798 0.619657 25.5418 0.326142 5.28472 0 
