0 950.948 202.491 760.908 222.4 552.093 12.115 21.9395 529.907 26.5615 48.5544 71.9142 0.315241 21.9962 48.6021 5.83829 447.348 29.7455 116.283 154.598 242.692 33.7961 46.4516 3.65106 519.831 35.0096 0.0887503 21.5236 
660.62 0 473.285 678.674 483.786 608.507 136.726 292.699 463.367 238.179 195.107 175.729 145.681 3.03183 5.81973 19.9366 448.974 614.165 170.415 17.1884 112.244 24.1393 48.2215 19.6287 490.225 0.108843 51.7223 63.8122 
194.301 29.1522 0 205.399 119.983 66.6748 184.254 101.35 269.772 113.229 238.293 0.74901 68.3437 6.50962 23.3977 18.7472 32.2636 160.334 46.1108 7.31259 5.44636 12.4867 12.0862 7.90213 27.4261 26.2632 1.06319 0.876712 
456.02 681.296 155.254 0 124.747 512.529 202.742 518.895 495.434 106.743 87.9029 186.619 57.0706 5.13549 0.641285 30.0913 504.427 2.91229 9.92959 32.0172 497.461 10.3796 1.27105 0.892241 486.206 44.4864 1.02715 28.0512 
214.194 523.875 15.5995 23.0354 0 37.0513 318.091 194.381 29.153 110.091 43.6817 10.2341 70.5325 8.01905 77.7186 74.3111 119.719 11.5825 212.356 3.65227 28.1372 22.0878 50.2871 47.6401 31.2163 15.8779 0.467626 29.2907 
515.338 676.633 15.564 503.544 384.631 0 428.372 205.475 500.078 92.1537 100.81 29.0467 488.659 21.254 41.2198 27.077 450.596 40.976 2.04615 7.51243 42.8013 0.213689 13.2837 10.5181 472.425 6.90744 3.44918 22.1098 
39.5499 366.454 183.211 77.0356 427.294 187.088 0 166.342 3.36181 0.0173014 40.8685 225.804 217.394 35.1136 23.6413 2.80684 109.43 234.392 11.5493 61.2001 134.357 5.26408 21.5434 21.6664 42.5816 31.8393 45.7369 73.3112 
11.9038 2.77615 152.585 305.373 52.6503 130.73 229.831 0 155.273 224.128 182.623 754.437 67.9421 126.324 172.761 182.646 26.7862 180.206 65.0722 34.4654 156.453 19.6974 96.9916 137.648 0.0854603 1.352 17.8295 39.7272 
709.25 851.051 222.749 776.284 255.169 497.965 1298.31 165.024 0 381.477 783.567 146.524 0.000300022 154.643 118.964 87.2445 554.41 9.59839 152.516 88.7068 176.634 50.5846 68.041 60.7233 572.386 0.695461 3.1539 3.88742 
52.0306 37.6115 4.37906 14.5494 156.953 446.047 263.327 0.221614 26.6655 0 92.8274 2.21489 13.2766 76.0528 125.727 4.81556 82.4551 8.87314 112.193 40.4509 3.56428 61.0358 26.1177 0.101239 1.18887 46.1596 1.19591 0.169695 
185.908 8.29818 214.385 93.9952 245.076 231.017 363.21 291.398 51.1562 35.378 0 238.45 185.12 29.0394 307.511 165.812 47.0846 0.124443 114.486 64.3688 72.2096 10.1073 53.8813 81.2472 0.072764 68.6083 8.50605 1.11482 
1.89111 104.661 76.5236 212.515 154.407 83.5909 107.376 985.759 0.173805 147.587 512.119 0 41.5575 39.0538 253.857 471.489 10.5546 6.16393 3.93102 14.9317 140.089 61.593 32.5851 105.271 349.195 216.625 3.69473 175.781 
89.0846 133.388 43.1246 51.8627 131.963 114.932 97.8989 142.863 154.791 0.012059 252.635 90.9146 0 60.0619 96.5457 30.7895 15.5793 15.0524 68.0624 0.0631218 7.45346 86.5825 0.462337 61.9398 45.5517 35.1264 2.07387 14.5001 
38.7579 1.02028 2.55926 20.3545 69.9292 1.31645 96.4702 66.3297 127.715 83.5646 57.8586 16.0028 8.9671 0 44.1518 8.063 5.52745 53.0755 5.56394 0.000778463 0.38966 3.12643 9.19639 2.83687 7.89649 3.69746 11.2839 1.0284 
38.2047 15.9266 1.68656 36.2618 81.3989 39.5682 119.887 1.85777 121.317 4.12015 233.41 39.5601 112.411 0.502684 0 1.85221 7.44792 30.9117 4.19924 11.1843 51.1608 9.42252 3.21489 2.34131 30.5427 30.9291 9.13477 17.3611 
79.5191 7.66413 4.53481 40.177 0.00591549 0.551468 0.393132 205.233 48.3824 60.3184 4.69867 155.46 4.19763 1.98877 70.3442 0 0.58678 4.22371 25.5564 2.13122 26.1888 11.887 9.95018 25.6091 31.1488 1.7614 0.983792 9.134 
513.236 485.536 5.95062 452.598 9.47152 452.177 2.83808 83.5626 450.196 61.609 0.378555 7.61719 23.5636 5.02214 8.92476 0.0819295 0 285.3 330.926 0.124476 65.3233 6.61959 18.0592 20.1805 457.963 26.5346 8.97287 13.8894 
62.8019 229.164 106.037 111.162 177.463 107.759 152.567 67.4651 214.169 64.8389 160.788 27.9094 40.8516 51.925 44.1341 36.4284 191.157 0 124.184 86.4974 16.5042 2.04979 3.92459 0.111278 57.7944 0.929977 18.5793 38.806 
115.92 0.0939754 40.9607 16.4447 295.298 84.6886 106.34 5.74049 105.345 89.3291 123.6 100.338 34.206 0.975657 38.4996 25.9402 234.417 93.5601 0 8.57794 72.4042 20.6018 22.5201 9.55581 6.97083 14.9888 20.8016 2.35547 
70.32 71.4224 17.8038 43.813 4.33487 12.5349 93.5365 46.3545 26.4398 32.6844 80.8501 24.7197 0.240723 2.05758 9.72853 9.64608 28.3087 71.3094 3.03542 0 330.251 2.58106 1.1076 0.853444 13.489 0.581263 0.575364 2.20706 
243.673 120.763 7.01122 64.8928 80.2504 72.7701 52.5864 194.416 9.01884 0.675759 56.3944 26.1977 59.4238 30.0401 3.86107 36.3878 37.1124 122.205 62.5124 180.64 0 2.59331 32.5657 41.1323 0.0163598 36.4678 10.1003 2.97541 
39.6996 0.201204 8.36925 16.5882 48.0947 14.7437 47.4865 28.9431 48.7498 23.2263 69.9907 76.6206 81.5838 0.642903 2.02264 0.00445491 17.5198 39.2147 22.4479 6.38858 18.0771 0 8.49349 1.48948 20.133 1.55625 6.98581 5.99631 
40.9394 46.4092 11.6756 0.732494 12.6148 16.3519 43.9548 13.3416 29.2691 51.1453 3.65537 0.685822 23.237 7.71542 5.09397 2.76839 18.381 15.4422 20.1736 0.858338 3.03668 4.56804 0 13.3004 2.57933 0.0135697 6.36966 1.21347 
53.0355 34.1519 2.45891 14.0354 12.9315 2.15938 68.1988 5.98556 83.238 24.3862 14.4117 116.056 63.2057 7.41644 16.1526 27.8128 4.03651 41.1822 18.767 6.10916 26.416 2.10188 0.290197 0 36.9376 4.87131 9.49777 8.60998 
487.701 525.355 26.4521 487.892 63.4118 475.475 76.5468 141.211 449.151 16.4975 7.49023 54.4615 10.1657 6.28092 16.6668 29.1688 460.363 0.70791 15.9872 0.151944 40.3324 74.1912 12.3111 20.3957 0 13.2877 97.0687 48.0195 
30.821 69.1512 21.7734 20.0442 69.0982 24.1938 46.4356 122.92 0.709897 0.0895949 39.8562 301.845 34.4508 11.76 30.59 6.67376 8.22725 4.90098 30.4737 1.19469 41.7149 6.20086 0.168018 16.5837 4.9121 0 37.0626 32.6632 
2.28551 44.2479 8.68824 24.7619 43.7859 19.8476 57.5978 83.5698 1.97751 10.3094 34.9661 77.1158 27.2607 11.3079 5.23008 11.6201 2.5331 43.9879 14.206 4.1683 30.7924 0.324264 8.43391 6.53169 41.1478 0.0142272 0 57.662 
31.4099 14.0315 6.07224 32.0107 0.100991 10.9047 0.310155 31.3174 0.0598983 0.748904 54.8968 69.932 20.8383 0.82191 23.3703 6.28332 12.9219 47.9378 4.40319 8.56447 23.7244 6.19425 7.96093 0.536395 24.7859 0.0360173 3.15513 0 
