0 528.628 188.579 460.154 239.87 231.957 3.91837 39.2761 182.66 34.2933 38.8265 57.4417 0.0112878 24.0718 51.6138 8.32734 119.103 43.781 115.149 115.021 243.828 32.9795 46.7563 2.59633 190.545 30.976 0.00593308 19.3413 
228.882 0 440.01 303.945 522.677 251.394 66.0203 293.984 121.792 241.823 212.921 163.245 147.561 4.48924 3.52163 16.3466 123.776 338.234 166.731 10.0479 101.314 22.5536 49.6894 17.4301 158.765 0.600489 52.4061 64.2834 
176.702 114.656 0 279.839 100.517 66.0291 212.131 136.249 167.416 114.308 241.163 0.106918 70.0875 7.42578 21.1047 17.3221 35.1201 155.183 49.1113 9.06796 2.14604 12.5489 11.8543 8.61323 26.8358 26.8629 0.78559 1.27807 
119.431 306.895 200.695 0 112.592 182.153 198.419 689.751 139.468 106.842 70.5989 210.981 59.7355 4.22697 1.37813 32.9991 176.232 6.6934 7.71984 28.0879 595.451 10.8346 1.69909 1.44841 156.53 44.6612 0.677707 29.1189 
233.019 486.509 6.49925 14.4158 0 21.3122 368.553 183.971 12.2024 150.32 59.5392 15.0546 59.0932 10.1505 73.519 74.7909 110.825 20.6916 174.917 1.84131 23.3431 20.219 51.5047 49.0349 33.7675 13.5082 0.759098 27.4612 
197.574 355.578 22.0004 171.009 34.2141 0 874.734 195.301 249.917 388.987 69.9658 20.8726 23.018 21.6328 40.2427 26.6793 124.08 48.8634 0.460432 8.68665 46.2525 0.0775794 13.8388 11.2701 145.191 8.18721 2.99123 21.7543 
23.5955 442.335 150.648 57.3353 435.562 599.649 0 215.389 230.326 19.3075 11.0628 243.766 212.712 29.4183 15.6076 5.32643 108.511 232.493 6.59208 55.9116 137.658 4.03225 18.5093 24.6847 47.2951 37.3414 43.98 72.8556 
3.24933 9.7831 186.901 326.416 40.8217 150.297 180.664 0 69.6476 222.878 219.494 955.801 75.16 125.704 163.412 211.285 23.5608 178.095 60.0172 28.4222 167.487 21.7419 99.1102 135.258 0.911211 8.23469 14.4574 32.1883 
383.528 527.392 324.103 435.534 286.564 246.904 1190.05 76.7869 0 364.183 90.7182 188.786 0.968295 155.353 55.8873 75.72 224.025 4.67443 149.721 92.7079 171.156 48.4131 62.801 65.6499 246.129 0.000267728 2.12435 2.2981 
43.0381 23.1792 1.54759 19.79 198.081 522.712 168.28 2.46574 7.38717 0 193.448 7.55972 38.0245 72.1982 118.433 8.19719 83.3347 5.4367 107.282 42.6413 5.17204 61.0107 29.2362 0.491772 2.28667 41.8582 1.73293 0.0106359 
180.431 2.59598 228.816 111.747 253.288 252.2 418.039 319.929 73.9505 111.053 0 309.095 203.088 47.0498 233.224 141.412 50.5001 0.0913132 110.311 67.5219 65.3752 12.2203 44.8837 89.2766 0.300144 81.8292 10.6278 2.52995 
5.90772 90.1807 92.7851 188.39 160.634 94.7621 130.747 809.891 2.9599 127.744 487.486 0 49.0871 51.8897 231.6 394.302 8.75755 9.10019 2.60135 18.4301 146.299 63.8024 40.2005 87.4584 297.641 289.964 6.32083 172.978 
92.6429 128.012 39.3701 48.778 142.001 103.54 115.838 139.827 142.4 7.4085 247.709 99.1089 0 80.5996 87.805 25.5092 13.7738 18.1089 71.0089 0.223553 6.09093 88.6813 2.00938 59.1674 43.7814 37.2825 1.62524 13.1725 
40.6066 0.389446 1.92696 19.5702 70.2341 0.776913 95.3012 58.0322 120.449 82.1981 79.9364 25.4781 1.8644 0 28.5207 10.6375 6.05232 52.6578 6.32382 0.00158668 0.707166 3.72221 9.65852 1.9546 8.82927 4.41744 11.309 1.32861 
34.922 12.1312 2.88316 34.8524 77.5458 37.9458 110.715 0.0278101 99.2633 9.83228 154.775 18.0527 116.46 1.75369 0 1.54127 6.67866 28.1941 3.31803 11.3529 52.5041 8.58103 5.25929 4.10465 31.0834 30.7193 8.3719 16.3041 
80.2677 10.358 5.83151 38.3327 0.101828 0.190556 0.000315416 229.823 59.4275 66.4482 0.204402 57.5244 6.96371 3.81228 85.8718 0 0.383866 3.12625 26.302 1.81826 28.8652 11.7838 10.794 28.0557 29.4525 0.516207 1.39478 10.5244 
180.079 149.22 4.2679 126.248 5.15413 122.654 4.728 86.2093 123.936 58.3051 0.928082 6.07769 25.6569 4.53086 9.76473 0.188076 0 274.961 210.785 0.324141 64.3473 7.06598 18.2595 19.9694 129.241 26.2548 9.42577 14.4537 
80.6534 129.06 119.711 119.919 161.123 112.878 169.286 76.8999 217.585 72.8514 156.35 33.321 44.9862 52.5036 46.738 38.6973 156.325 0 131.165 85.212 20.2806 2.53204 4.69682 0.0150859 58.4304 1.55073 19.6713 40.0521 
114.52 1.64827 37.516 13.7264 279.762 87.6952 116.116 3.74793 96.8003 82.1047 120.804 100.52 37.9342 0.663021 38.5406 25.1709 211.941 83.9493 0 7.37194 72.6518 21.1275 22.2943 8.90763 7.74119 15.9506 20.4091 1.9792 
42.2704 83.5807 19.6023 45.8549 2.33978 13.7764 92.0059 53.1006 21.7362 35.1204 82.5403 20.7903 0.506377 1.91143 10.0328 9.58283 27.3294 67.5367 3.88951 0 302.582 2.72394 1.21063 0.996278 13.6226 0.39927 0.707312 2.4877 
240.328 110.102 12.2213 39.0639 86.0965 74.2451 45.7506 187.124 4.97329 0.183041 49.8305 20.1938 57.3256 28.6474 5.00567 33.707 39.283 120.837 64.1658 107.382 0 2.99111 33.4548 39.969 0.0265142 38.9887 9.12628 2.26053 
39.3936 0.448147 8.01394 16.6891 49.4526 13.9787 49.4713 31.1452 50.9108 26.0227 71.8107 76.5415 84.9247 0.374329 2.59075 0.0479963 17.1498 39.7485 22.8746 6.39011 18.785 0 9.77312 0.998728 20.669 1.80099 7.34152 6.26368 
39.8196 47.9993 11.3763 1.07077 14.3697 16.2095 40.6105 17.2222 24.4661 53.3056 1.23643 2.4708 17.3541 8.94114 7.46536 1.88942 18.1934 16.7008 19.7209 0.767161 2.44842 3.42096 0 8.77842 3.67913 0.00180824 5.81419 0.982354 
51.6666 31.756 1.96359 15.3936 14.6439 2.6836 69.4767 2.65042 79.2436 21.4901 20.1718 98.427 65.4357 6.42664 13.3679 25.2182 4.4475 40.1068 19.3052 6.18136 28.0112 1.52187 0.210338 0 40.9481 3.93539 10.4796 7.97922 
156.244 197.648 27.1205 160.941 62.0988 147.243 79.895 155.835 123.467 19.6328 3.74279 492.762 8.52015 5.39033 18.72 51.8787 131.622 0.341863 16.8898 0.270404 42.4367 27.6962 10.5941 28.8271 0 58.1319 48.9686 115.886 
26.8849 65.9505 23.0532 23.1834 69.8604 23.1717 40.7029 96.6595 0.0006247 0.634348 29.1061 230.087 36.6243 12.183 29.9098 4.06774 7.5344 6.1732 30.2924 1.48513 44.1118 5.86548 0.321589 16.3415 4.06306 0 37.7532 23.6199 
1.6773 42.9401 9.33964 24.117 44.5824 19.9946 56.6758 86.8663 2.97556 9.05268 31.6733 83.3862 26.2716 11.2805 4.56798 12.4358 2.83178 44.2767 14.7395 3.89656 29.6929 0.446111 7.88819 5.61884 39.2944 0.352259 0 71.7848 
33.7168 16.0207 5.25502 32.4907 0.313251 11.7773 0.828714 24.4194 0.0475625 0.311108 49.248 56.0682 22.2754 0.585259 23.2601 7.57433 13.4918 48.6294 3.90343 8.25549 25.3485 5.92631 8.25913 0.321619 22.6136 0.908916 0.0331627 0 
