0 395.054 182.648 366.872 244.903 137.319 2.17457 46.0079 79.6056 37.0292 35.7641 52.8541 0.00207719 24.7682 52.5895 9.24383 22.1185 48.9266 114.62 95.7591 243.329 32.6991 46.8339 2.2828 93.0323 29.6501 1.06875e-05 18.6276 
103.014 0 415.701 190.476 528.883 144.383 47.2909 293.445 22.7789 242.163 218.449 158.876 147.988 5.03416 2.87848 15.21 27.9669 767.066 165.1 8.05937 97.6219 22.0275 50.1534 16.7147 60.5918 0.851709 52.6142 64.4029 
169.708 152.015 0 287.415 93.9231 65.4749 220.021 148.024 135.277 114.341 240.791 0.524688 70.5905 7.73429 20.3199 16.8278 36.0559 152.915 50.0584 9.67527 1.37612 12.5649 11.7677 8.84914 26.6073 27.0215 0.701988 1.42758 
25.1784 193.469 195.173 0 108.335 84.1512 196.05 943.368 35.6053 106.663 65.0168 218.269 60.5816 3.93937 1.68337 33.9116 79.0946 8.28179 7.03638 26.7474 533.869 10.9846 1.85424 1.66186 58.8992 44.6212 0.576909 29.4503 
238.56 467.817 4.30823 11.9469 0 34.8008 382.829 180.217 8.11339 164.072 65.213 16.8486 55.3889 10.9074 72.0471 74.8816 107.719 24.2553 161.943 1.37149 21.8227 19.6041 51.8833 49.4771 34.6185 12.7508 0.871587 26.8519 
103.914 259.209 24.2781 72.3557 556.634 0 1015.01 191.172 183.853 553.859 60.4814 18.4019 545.593 21.7272 39.8194 26.5062 27.6106 51.5503 0.182081 9.08681 47.3903 0.0471648 14.0142 11.5174 48.4058 8.62811 2.84457 21.6224 
19.1007 463.3 139.223 51.1484 434.379 725.226 0 231.746 369.609 33.4908 5.22427 249.151 210.529 27.5814 13.2535 6.3344 108.097 231.251 5.23352 54.1201 138.614 3.65558 17.5312 25.7123 48.8656 39.2164 43.3805 72.6487 
1.56011 13.0348 197.743 331.328 37.1369 156.503 164.449 0 47.7528 221.926 231.575 996.539 77.5664 125.257 159.792 219.711 22.5172 177.17 58.3274 26.4947 170.943 22.4353 99.696 134.167 1.87406 11.7756 13.3985 29.7951 
286.492 429.232 355.11 331.518 296.048 180.65 1078.77 53.8096 0 355.905 48.7227 203.098 1.70427 155.154 46.852 71.8676 126.134 3.41448 148.573 93.946 169.097 47.6749 61.0219 67.2585 149.496 0.0657082 1.82499 1.85855 
40.1566 19.0594 0.919822 21.6759 211.478 524.222 138.695 3.7449 3.57547 0 231.629 10.0255 48.7407 70.7734 115.544 9.50352 83.5592 4.47034 105.477 43.3471 5.77043 60.9432 30.28 0.686622 2.72903 40.4112 1.93317 0 
178.335 1.40524 232.464 117.624 255.397 257.79 433.37 328.338 123.517 143.627 0 332.07 208.631 53.7514 206.916 132.903 51.6365 0.270835 108.824 68.5344 63.1115 12.961 41.9711 91.8651 0.672404 86.2607 11.3801 3.12571 
7.72809 85.423 98.2387 179.646 162.538 98.4282 138.641 728.914 5.90364 121.08 475.361 0 51.6759 56.3978 222.674 359.585 8.19171 10.1975 2.21737 19.6591 148.223 64.5077 42.837 81.539 287.535 311.977 7.3433 171.531 
93.7661 126.069 38.1106 47.7255 145.147 93.7708 121.804 138.675 138.098 12.8355 245.312 101.798 0 87.4788 84.6856 23.8095 13.1899 19.1776 71.9435 0.298724 5.66472 89.1981 2.76113 58.1713 43.1689 37.9872 1.48732 12.7381 
41.205 0.24508 1.7335 19.2915 70.2719 0.62737 94.7482 55.2786 117.778 81.5601 87.6426 29.0381 0.665363 0 23.246 11.4894 6.23056 52.491 6.58478 0.00389489 0.833508 3.92654 9.66305 1.68827 9.13931 4.66458 11.3116 1.43615 
33.8282 10.9641 3.34634 34.3328 76.1785 37.3181 107.408 0.0541911 92.0198 12.2366 129.632 12.6086 117.428 3.95609 0 4.4004 6.42888 27.2963 3.04518 11.4032 52.9234 8.30055 6.02369 4.78329 31.2044 30.5673 8.11947 15.9408 
80.4109 11.3335 6.28909 37.6279 0.203416 0.111633 0.054165 236.609 63.2077 68.4018 0.014921 34.0898 8.02633 4.51981 88.4748 0 0.325628 2.79515 26.5396 1.71817 29.7626 11.7394 11.0432 28.5948 28.8051 0.263555 1.54645 10.9918 
81.3216 49.5975 3.7639 29.8212 3.995 25.1828 5.45969 87.0476 27.5805 57.1753 1.16457 5.60026 26.3618 4.37126 10.0491 0.233041 0 269.674 150.874 0.411333 63.9945 7.21644 18.322 19.894 31.9849 26.1528 9.57745 14.6408 
86.8543 100.413 124.011 122.618 155.427 114.39 174.603 80.0846 218.331 75.528 154.71 35.2016 46.3769 52.6693 47.5895 39.4444 144.434 0 133.287 84.6787 21.6089 2.70337 4.96788 0.0027619 58.6143 1.79181 20.0369 40.4571 
113.905 2.58663 36.3456 12.8594 272.576 88.462 119.229 3.17472 93.8894 79.6174 119.755 100.518 39.1868 0.571863 38.5288 24.9042 203.642 80.7047 0 6.98503 72.6973 21.2974 22.2112 8.69358 8.00403 16.2708 20.2746 1.86046 
34.2405 87.5682 20.1785 46.4008 1.80702 14.1872 91.3636 55.3704 20.2442 35.9214 83.0402 19.5347 0.616379 1.86311 10.1298 9.55494 26.99 66.2175 4.19492 0 286.912 2.77179 1.24557 1.0459 13.6597 0.345924 0.754111 2.58396 
238.354 106.47 14.2437 26.595 88.0101 74.6722 43.5274 184.384 3.88339 0.0877764 47.6864 18.3425 56.6101 28.177 5.41707 32.8087 40.0023 120.284 64.6889 84.8717 0 3.12939 33.7413 39.5649 0.0674407 39.8186 8.80967 2.04302 
39.2793 0.551951 7.89412 16.717 49.884 13.718 50.111 31.8822 51.615 26.9647 72.3753 76.4675 85.8725 0.300298 2.79305 0.0727826 17.0234 39.916 23.0103 6.38915 19.0201 0 10.1875 0.855221 20.837 1.88575 7.45951 6.35224 
39.4291 48.5062 11.2681 1.19693 14.9715 16.1479 39.4856 18.6035 22.9301 53.9723 0.712195 3.3066 15.5379 9.22833 8.31618 1.62689 18.1266 17.125 19.564 0.737644 2.26548 3.06443 0 7.29867 4.09662 0.00912579 5.63025 0.910151 
51.1767 30.9557 1.80903 15.8421 15.2303 2.86878 69.8428 1.83117 77.8426 20.5422 22.2673 92.4802 66.092 6.0835 12.4403 24.1135 4.58774 39.7351 19.4796 6.20272 28.5392 1.34678 0.621811 0 42.0577 3.63855 10.8054 7.76742 
58.0724 100.66 27.3116 64.2066 61.6248 50.1207 80.9332 160.31 27.4093 20.716 2.77251 740.854 7.99808 5.10101 19.3944 55.1437 34.3573 0.248963 17.1897 0.317274 43.1236 13.8211 10.0433 31.1571 0 80.8861 113.488 81.8096 
25.6013 64.831 23.4512 24.2292 70.0623 22.8083 38.8152 88.071 0.0613608 0.9248 25.8163 204.636 37.3358 12.3063 29.6049 3.32147 7.30764 6.62624 30.2189 1.588 44.8929 5.75322 0.383409 16.2317 3.88076 0 37.885 20.7188 
1.49476 42.4915 9.55726 23.8894 44.8351 20.0352 56.3425 87.8984 3.35161 8.64762 30.5904 85.4183 25.9375 11.2657 4.35422 12.7027 2.93451 44.3613 14.9163 3.80688 29.3215 0.49088 7.70436 5.32339 38.633 0.563911 0 75.944 
34.4823 16.7036 4.9916 32.6192 0.40986 12.0681 1.05643 22.2678 0.138634 0.207011 47.3763 51.6215 22.7551 0.514831 23.1972 8.01856 13.6812 48.8431 3.7424 8.1504 25.8905 5.83659 8.3548 0.261898 21.9284 1.77203 0.124288 0 
