0 345.437 177.97 345.771 248.295 116.915 1.22451 51.1761 53.3011 39.0648 33.5985 49.6018 0.0243337 25.2756 53.2895 9.93627 0.126507 52.8009 114.189 81.0156 242.692 32.4926 46.8827 2.06689 70.6004 28.6932 0.00252072 18.1132 
62.3249 0 394.503 156.363 531.165 115.04 35.4542 292.75 0.0863241 242.133 222.325 155.643 148.234 5.4485 2.45032 14.4035 6.87719 649.628 163.791 6.74305 94.9274 21.6459 50.4827 16.2003 37.6993 1.06162 52.7593 64.478 
164.317 180.895 0 286.589 89.1263 64.9677 225.25 156.549 113.215 114.262 240.104 1.02612 70.9314 7.95925 19.7445 16.4633 36.7302 151.101 50.7292 10.1226 0.922257 12.5749 11.702 9.02012 26.4316 27.1235 0.644036 1.54116 
6.88596 159.367 209.441 0 105.186 61.3257 194.045 1118.72 9.41825 106.466 61.0345 223.267 61.1831 3.7353 1.92359 34.5551 56.9379 9.53614 6.55679 25.7668 359.302 11.0932 1.97086 1.82568 36.3857 44.5613 0.508598 29.6832 
242.337 452.489 2.99119 10.2858 0 51.0502 392.277 177.404 5.65122 174.089 69.4461 18.21 52.7371 11.4717 70.9559 74.9257 105.422 27.0033 152.447 1.07267 20.7431 19.1597 52.1498 49.7912 35.2372 12.2106 0.958231 26.4092 
84.2784 237.097 25.9645 49.0802 225.234 0 1497.48 187.952 185.292 559.261 53.8968 16.69 24.1859 21.7858 39.4817 26.3679 5.97294 53.5177 0.0592333 9.3801 48.2128 0.0297623 14.1386 11.696 26.5151 8.95276 2.73984 21.5224 
16.108 476.895 130.829 46.7963 432.281 799.914 0 243.541 483.002 46.0488 2.3274 252.862 208.751 26.2679 11.6504 7.11862 107.762 230.158 4.34084 52.811 139.262 3.39259 16.8311 26.4653 50.0056 40.5901 42.9406 72.481 
0.715282 15.6777 205.361 340.758 34.545 160.893 152.814 0 34.2425 221.066 240.244 1016.29 79.3149 124.856 157.014 225.423 21.7688 176.43 57.0984 25.1234 173.379 22.943 100.083 133.283 2.78773 14.7247 12.6497 28.0966 
264.182 405.538 376.118 303.568 302.588 181.994 980.057 39.4596 0 349.148 791.886 213.508 2.36808 154.871 52.1699 69.0718 103.423 2.62046 147.671 94.8147 167.53 47.1337 59.7198 68.4163 127.661 0.206648 1.62126 1.5676 
38.1017 16.2958 0.564631 23.0871 221.032 516.914 118.322 4.83923 1.65689 0 260.215 12.0269 57.2169 69.6964 113.312 10.5068 83.7006 3.82516 104.115 43.8524 6.2251 60.8756 31.0392 0.848425 3.07426 39.3567 2.08536 0.00559235 
176.73 0.766094 234.73 121.867 256.727 261.355 443.453 334.071 171.514 169.105 0 348.41 212.503 58.8093 187.726 126.645 52.4616 0.461078 107.713 69.2578 61.4719 13.5107 39.886 93.7149 1.03571 89.4782 11.9409 3.59725 
9.19931 81.9946 102.196 173.112 163.868 101.069 144.392 665.451 8.666 116.234 465.408 0 53.5805 59.7336 215.771 332.389 7.79081 11.0319 1.9569 20.5712 149.575 65.0105 44.7802 77.2628 287.938 326.852 8.13172 170.321 
94.5622 124.612 37.1933 46.9537 147.366 85.2158 126.122 137.794 134.923 17.6703 243.338 103.736 0 92.4411 82.3628 22.5961 12.7712 19.9698 72.6075 0.360172 5.36369 89.5152 3.38043 57.4256 42.7169 38.495 1.39072 12.425 
41.6342 0.16093 1.59849 19.0837 70.2793 0.528375 94.2957 53.2858 115.763 81.0403 93.315 31.7409 0.172041 0 19.5462 12.1003 6.36123 52.3612 6.77681 0.00621297 0.931805 4.07663 9.61866 1.50452 9.36407 4.84618 11.3117 1.51663 
33.0337 10.1479 3.70237 33.9402 75.1601 36.8357 104.934 0.273682 86.8214 14.1325 112.103 9.23503 118.008 6.06809 0 7.34306 6.24939 26.6465 2.8535 11.4379 53.2193 8.09686 6.60179 5.3026 31.2736 30.4314 7.93662 15.6735 
80.4815 12.0661 6.6289 37.0887 0.299063 0.067365 0.151353 241.049 65.9782 69.7896 0.29129 20.6438 8.84145 5.06034 89.4475 0 0.286248 2.56539 26.7088 1.64677 30.4162 11.7039 11.2135 28.8934 28.3105 0.132328 1.66118 11.3323 
57.9997 25.7085 3.41584 8.21144 3.24238 2.81884 6.02304 87.6428 6.03573 56.3458 1.35321 5.26448 26.8763 4.25654 10.2573 0.268738 0 265.284 431.349 0.481149 63.7294 7.32632 18.3661 19.8376 9.7596 26.0758 9.68796 14.7765 
91.4248 83.9926 127.041 124.505 151.22 115.425 178.377 82.4096 218.747 77.4728 153.469 36.5924 47.3913 52.7813 48.203 39.9844 135.778 0 134.762 84.2587 22.5958 2.83128 5.16914 1.44225e-06 58.7391 1.97772 20.3032 40.7481 
113.411 3.39911 35.4887 12.2419 266.77 88.9433 121.441 2.78699 91.7565 77.788 118.957 100.497 40.0998 0.50971 38.5122 24.7072 197.595 78.338 0 6.70872 72.7187 21.4192 22.1484 8.53862 8.19693 16.5034 20.1756 1.77625 
28.8981 90.4347 20.5891 46.7537 1.46203 14.4844 90.8559 57.0247 19.1845 36.4998 83.3832 18.6404 0.703044 1.82811 10.1988 9.53253 26.7393 65.2403 4.42329 0 273.801 2.80666 1.27116 1.08258 13.6843 0.309459 0.789015 2.65477 
236.655 103.809 15.7988 18.2832 89.3888 74.9623 41.9304 182.299 3.17373 0.0402168 46.1427 17.0448 56.085 27.8333 5.72541 32.1549 40.5238 119.852 65.0602 69.6161 0 3.23167 33.9463 39.2662 0.10899 40.4185 8.58206 1.89147 
39.1924 0.634162 7.8066 16.7354 50.1911 13.5268 50.5689 32.4188 52.1219 27.6521 72.7723 76.3988 86.5079 0.251432 2.94402 0.0940159 16.9307 40.0345 23.1069 6.388 19.1908 0 10.4836 0.757408 20.9555 1.94836 7.5451 6.41648 
39.14 48.8673 11.1868 1.29279 15.414 16.0988 38.6654 19.6342 21.8352 54.4396 0.420758 3.98862 14.2674 9.39408 8.94954 1.44651 18.0766 17.4348 19.4481 0.716465 2.13664 2.8144 0 6.26257 4.41512 0.0179711 5.49701 0.859206 
50.8102 30.3735 1.70014 16.1665 15.6611 3.00658 70.0899 1.32904 76.8033 19.8596 23.8423 88.1563 66.5408 5.83132 11.7699 23.2459 4.69074 39.4608 19.6049 6.21741 28.9219 1.22548 1.05261 0 42.7854 3.42798 11.0415 7.61309 
35.1814 78.608 27.4404 42.3393 61.269 27.984 81.6625 163.423 6.11282 21.5146 2.15651 601.715 7.62713 4.8935 19.8805 55.5702 12.1257 0.190615 17.4074 0.353655 43.6182 7.45486 9.65142 32.556 0 92.6401 151.515 48.9611 
24.678 64.0013 23.731 24.9873 70.1926 22.5373 37.4525 81.9244 0.198901 1.16987 23.526 186.053 37.8487 12.3902 29.3593 2.82112 7.1441 6.96456 30.1613 1.66461 45.4547 5.67146 0.431635 16.143 3.78046 0 37.9496 18.6712 
1.3684 42.1615 9.71557 23.7201 45.0148 20.0621 56.0921 88.627 3.63857 8.35759 29.808 86.8752 25.6933 11.2531 4.20105 12.8949 3.0102 44.4191 15.0445 3.74197 29.0499 0.524729 7.5702 5.11161 38.137 0.748477 0 78.7444 
35.0374 17.206 4.80304 32.7026 0.488209 12.2792 1.23911 20.7534 0.234652 0.144548 46.02 48.4552 23.1037 0.466321 23.1433 8.34525 13.8187 48.9931 3.62707 8.07335 26.2845 5.77121 8.42314 0.222249 21.4444 2.57322 0.548852 0 
