0 395.299 166.425 455.848 255.064 233.756 0.0765542 63.5882 157.592 43.7727 28.9256 42.5653 0.163518 26.4191 54.8322 11.5719 113.773 61.8889 113.078 49.1299 240.421 32.0207 46.969 1.61913 183.085 26.5662 0.0291478 16.9715 
141.994 0 337.971 242.741 529.352 212.13 14.7683 290.259 114.552 241.213 230.57 148.211 148.593 6.43524 1.61028 12.6538 122.696 968.241 160.478 4.19369 88.8512 20.791 51.1977 15.0624 149.211 1.61695 53.0661 64.6104 
151.371 248.463 0 265.611 78.4013 63.5141 235.312 175.423 68.9993 113.768 237.286 2.7574 71.6196 8.46617 18.439 15.6292 38.2259 146.531 52.1797 11.1438 0.230829 12.5928 11.5455 9.40263 26.0069 27.312 0.522474 1.81126 
133.932 245.704 305.152 0 97.9726 172.817 188.697 532.737 116.218 105.818 52.3515 233.502 62.4915 3.29237 2.51917 35.9356 170.05 12.6552 5.53281 23.553 241.065 11.3356 2.2447 2.22006 148.701 44.332 0.370385 30.1821 
250.014 413.302 0.896432 6.97865 0 103.441 410.403 170.84 1.72134 196.467 79.2699 21.4422 46.9128 12.7829 68.4413 74.9576 100.148 33.6462 131.112 0.533327 18.3964 18.1693 52.722 50.4748 36.6272 11.0296 1.16777 25.4153 
203.017 348.729 29.8247 159.636 628.84 0 1560.95 180.084 353.185 784.419 40.1789 13.1132 109.845 21.8861 38.6331 26.0188 120.354 57.973 0.0286892 10.046 50.0458 0.00518394 14.4084 12.0934 140.256 9.69429 2.51032 21.285 
10.2611 501.876 111.904 37.5247 423.818 898.542 0 269.546 753.242 80.5949 0.0359959 260.541 204.184 23.389 8.39316 9.03596 106.906 227.128 2.63047 49.8516 140.576 2.83482 15.2934 28.1757 52.5606 43.7059 41.9389 72.0513 
0.00400605 22.454 221.516 384.983 28.999 170.333 127.341 0 11.7923 218.628 259.269 1028.6 83.2374 123.727 150.339 236.869 20.1188 174.556 54.3359 22.137 178.614 24.0951 100.835 131.022 5.48934 22.4597 11.0337 24.4127 
376.25 512.784 417.32 401.369 316.12 349.798 722.744 14.9921 0 331.829 272.328 236.769 4.25327 153.806 97.4111 62.8233 215.269 1.21457 145.442 96.6694 163.795 45.9044 56.7705 70.9791 241.357 0.810295 1.20613 1.00242 
33.6171 10.8235 0.0802141 26.3773 241.748 475.417 76.9555 7.79901 0.00557833 0 325.545 17.1538 78.1587 67.1548 107.912 12.9219 83.9516 2.55329 100.905 44.9626 7.30637 60.6667 32.7449 1.27393 3.92231 36.9818 2.44784 0.0591975 
172.875 0.0311536 238.602 131.271 259.083 267.761 462.576 345.714 300.151 230.547 0 383.631 220.698 70.6729 145.336 112.456 54.3129 1.07234 105.129 70.844 57.8077 14.78 35.3115 97.7665 2.13565 96.6771 13.2437 4.77461 
12.9547 74.3934 111.039 157.982 166.681 106.911 157.302 514.843 16.75 105.386 439.757 0 57.9253 67.3815 199.135 267.383 6.92216 13.0188 1.42941 22.6779 152.464 66.1094 49.2204 67.7836 312.206 356.12 10.0408 167.125 
96.2881 121.2 35.1288 45.1985 152.132 63.473 135.73 135.684 127.66 31.1464 238.206 108.04 0 103.359 76.993 19.942 11.848 21.7967 74.0509 0.519239 4.7144 90.0464 4.99119 55.6853 41.6801 39.6211 1.18479 11.7296 
42.5804 0.0359951 1.31286 18.6009 70.234 0.336102 93.1248 48.841 111.025 79.7013 106.194 38.1478 0.238284 0 11.9655 13.4336 6.65804 52.043 7.21549 0.0133944 1.17249 4.41829 9.37441 1.12423 9.86663 5.25973 11.3062 1.70447 
31.252 8.4145 4.56029 33.0129 72.7985 35.6746 99.1773 1.38209 75.4153 18.828 75.866 3.52229 118.926 12.1968 0 16.3096 5.85253 25.1956 2.44326 11.51 53.856 7.64003 7.96149 6.54328 31.371 30.0485 7.52789 15.0638 
80.5366 13.7835 7.41379 35.7981 0.581109 0.008391 0.548134 249.415 72.2568 72.8026 2.1823 2.48712 10.8008 6.34366 88.7211 0 0.206819 2.08316 27.078 1.4906 31.8881 11.6146 11.5608 29.2687 27.1295 0.000697041 1.93277 12.0981 
168.534 135.163 2.69087 122.644 1.83142 115.573 7.38526 88.9369 120.655 54.4567 1.82842 4.54469 28.0389 4.00272 10.7292 0.358253 0 253.819 97.2766 0.657952 63.1073 7.575 18.4611 19.706 122.772 25.8944 9.93712 15.0806 
101.853 63.3828 133.527 128.505 141.591 117.552 186.548 87.6584 219.298 81.836 150.531 39.7863 49.6813 53.0065 49.5643 41.1879 116.455 0 137.862 83.216 24.8779 3.12902 5.63468 0.0129038 58.9921 2.42834 20.9035 41.3921 
112.161 5.62129 33.5486 10.8957 252.048 89.7877 126.244 2.0049 86.9198 73.619 117.052 100.389 42.158 0.382734 38.4502 24.2547 184.372 73.0053 0 6.10293 72.7309 21.6878 21.9996 8.19227 8.6362 17.0258 19.9496 1.59343 
18.5746 96.7533 21.4841 47.4085 0.817731 15.1476 89.5908 60.7499 16.8833 37.7868 84.0917 16.6869 0.918515 1.74983 10.3496 9.47563 26.1637 62.9906 4.95611 0 239.907 2.88528 1.32925 1.16695 13.7326 0.234678 0.870202 2.81653 
232.04 97.7786 19.5458 6.09407 92.448 75.5505 38.403 177.335 1.83528 0.000222061 42.7222 14.2824 54.8894 27.0552 6.44675 30.6828 41.6916 118.787 65.8673 39.7177 0 3.46724 34.3976 38.5793 0.238632 41.7549 8.07835 1.5711 
38.9852 0.839686 7.60857 16.7713 50.86 13.092 51.576 33.627 53.2447 29.2035 73.6228 76.1984 87.7664 0.157074 3.29514 0.151603 16.7192 40.2907 23.3179 6.38399 19.5735 0 11.1311 0.558024 21.21 2.0921 7.73688 6.56029 
38.4739 49.6557 10.9963 1.52092 16.4242 15.9749 36.8161 22.0287 19.4447 55.4352 0.0435956 5.74742 11.5743 9.62678 10.4094 1.07509 17.9602 18.1355 19.1818 0.669706 1.85981 2.28293 0 4.11982 5.17456 0.0486951 5.19913 0.74949 
49.955 29.0646 1.46605 16.8896 16.6441 3.32598 70.5862 0.491247 74.4067 18.3457 27.5349 78.4845 67.4615 5.25932 10.2834 21.1237 4.92538 38.8317 19.8817 6.24777 29.7778 0.971743 2.39815 0 44.1636 2.97165 11.5694 7.26531 
146.699 191.944 27.6984 156.089 60.4349 141.168 83.2221 169.957 121.387 23.3419 1.05027 375.885 6.81976 4.43592 20.9577 50.4395 125.123 0.0877001 17.8957 0.442512 44.7148 8.00418 8.80066 34.5694 0 94.1471 137.004 3.2492 
22.6361 62.0899 24.3293 26.6803 70.4347 21.9081 34.4237 68.5063 0.794869 1.8243 18.7043 144.917 38.9876 12.5609 28.7354 1.83357 6.78056 7.75242 30.0192 1.84251 46.6987 5.48732 0.550073 15.9162 3.65533 0 37.9981 14.3124 
1.104 41.4076 10.0717 23.3276 45.4064 20.1143 55.5044 90.1967 4.3249 7.71942 28.0658 90.0829 25.1398 11.2192 3.86396 13.3213 3.18345 44.5378 15.3317 3.59694 28.4348 0.604823 7.26721 4.64545 36.9727 1.25642 0 84.2516 
36.2807 18.3535 4.3886 32.8594 0.689248 12.7533 1.70224 17.5091 0.542307 0.0448448 42.991 41.5696 23.8877 0.36564 22.9971 9.08984 14.1273 49.3139 3.37318 7.89821 27.1704 5.6239 8.573 0.144785 20.4022 4.88682 2.58892 0 
