0 603.432 147.665 736.474 262.612 536.428 0.851731 83.1915 444.074 50.8509 22.6976 33.1585 0.581619 28.072 56.9759 14.1137 412.796 75.7961 111.133 17.5678 235.135 31.3213 47.0362 1.06649 480.016 23.5692 0.118826 15.3636 
414.234 0 242.984 503.755 510.014 487.716 0.544332 284.441 420.561 237.822 241.218 137.157 148.629 7.98931 0.703711 10.2946 425.182 376.817 154.832 1.55606 80.088 19.5663 52.1653 13.4695 444.896 2.61926 53.4609 64.7117 
131.121 342.899 0 197.164 63.3134 60.687 245.31 201.32 22.432 112.288 230.189 6.70261 72.4179 9.19714 16.5405 14.3977 40.3246 138.815 54.1217 12.6446 0.0457996 12.6072 11.2993 9.94804 25.3246 27.4822 0.368812 2.23609 
463.571 506.504 415.599 0 87.3346 468.072 179.044 276.868 411.92 104.392 40.6205 245.567 64.2668 2.6946 3.50954 37.7495 467.904 17.8498 4.19432 20.3683 603.368 11.681 2.66719 2.85075 445.426 43.7725 0.208976 30.8384 
258.965 347.703 0.0355349 3.2966 0 193.432 428.242 160.836 0.0543599 227.705 94.071 26.5072 38.9044 14.772 64.679 74.8388 92.3232 44.2842 101.096 0.0829291 15.2185 16.7642 53.4797 51.4035 38.6259 9.41145 1.50601 23.9867 
508.816 640.658 35.4727 453.741 95.1107 0 1073.22 167.34 729.307 446.354 23.4427 8.65174 132.378 21.9535 37.1999 25.425 420.281 64.4394 0.584914 11.0189 52.643 0.00536553 14.7722 12.6555 439.086 10.7885 2.19416 20.9122 
4.07586 522.866 85.2048 25.5951 402.84 851.048 0 305.043 1101.63 143.198 7.09018 269.894 196.264 19.4387 4.58622 12.1638 105.424 221.391 0.905208 45.5629 142.112 2.11399 13.1696 30.6778 56.2122 48.2459 40.4654 71.3041 
1.89119 34.1627 241.924 478.373 21.7335 182.729 93.0148 0 0.0116138 213.897 285.215 967.661 88.8542 121.547 139.775 249.593 17.8226 171.355 50.363 18.0867 185.526 25.7806 101.622 127.116 10.9251 36.1145 8.87248 19.4586 
670.907 796.474 458.273 672.204 332.479 726.114 342.224 0.11197 0 302.223 743.636 269.45 7.91497 151.227 174.754 53.9709 511.251 0.124964 141.747 99.0925 157.913 44.1024 52.4792 74.5648 539.707 2.3758 0.713448 0.406738 
27.5107 4.82869 0.155017 31.3796 269.13 365.527 31.0392 13.2548 4.15965 0 417.2 26.0131 112.069 63.2204 99.2995 16.7687 84.1486 1.16308 95.9396 46.4968 9.00729 60.227 35.1938 2.03644 5.31697 33.5624 3.01956 0.236677 
166.74 0.694288 241.106 144.364 260.907 272.897 480.764 359.246 472.838 324.435 0 429.41 231.146 88.6929 89.207 92.0693 56.9688 2.39953 101.2 73.0279 52.5922 16.6896 29.0328 103.312 4.40401 106.879 15.2214 6.75288 
19.4262 63.7597 123.523 135.46 170.295 115.051 175.703 300.78 32.7944 89.9852 395.777 0 64.3229 78.6613 172.984 172.245 5.75111 16.1486 0.811855 25.8432 156.25 67.6143 55.7599 54.6111 363.615 386.062 13.1163 161.398 
98.6134 115.971 32.1579 42.6266 158.423 34.0889 149.221 132.33 116.941 56.3625 229.181 114.089 0 118.146 68.9704 16.3179 10.5625 24.5381 76.0073 0.79941 3.84617 90.3632 7.82929 53.0318 40.1383 41.2044 0.915687 10.7482 
43.8971 0.0134222 0.946317 17.869 70.0176 0.134104 91.0693 42.5563 103.731 77.369 124.759 48.0994 3.19204 0 3.81453 15.2116 7.09348 51.5203 7.86458 0.0285578 1.56736 4.91895 8.68969 0.663452 10.5817 5.86594 11.2847 1.99167 
28.6998 6.17385 5.92933 31.5737 69.2298 33.8254 90.479 4.46387 59.8988 26.5656 34.0032 0.0334681 119.297 23.529 0 33.5181 5.29692 23.1313 1.90353 11.5995 54.7037 6.98598 10.037 8.48698 31.3682 29.3119 6.94528 14.1656 
80.3626 16.4232 8.59014 33.7602 1.15055 0.0228342 1.55287 257.268 81.3619 76.8535 7.95514 7.52944 13.9189 8.31435 80.811 0 0.114699 1.4726 27.583 1.27644 34.0118 11.4626 11.9697 29.0727 25.2749 0.212297 2.3568 13.1976 
462.781 428.353 1.78999 422.619 0.495789 413.177 9.57753 90.6922 420.999 51.6803 2.63789 3.59386 29.7279 3.64694 11.4191 0.50984 0 233.752 128.161 0.960882 62.1469 7.9374 18.5878 19.5044 420.616 25.6122 10.2981 15.5164 
117.127 67.2208 141.978 133.634 127.403 120.109 197.473 95.2539 219.144 88.0803 145.948 44.5484 52.9986 53.2661 51.48 42.895 89.5172 0 141.779 81.4771 28.3161 3.58313 6.33714 0.0782174 59.2894 3.15695 21.7725 42.2947 
110.022 9.76789 30.729 9.06281 227.26 90.4139 132.712 1.09918 79.8725 67.5011 114.046 100.085 45.1324 0.231034 38.3006 23.5797 167.167 65.3287 0 5.26909 72.6607 22.0621 21.767 7.69823 9.28297 17.7766 19.6151 1.34587 
8.25548 105.464 22.6974 48.0055 0.21386 16.0885 87.4721 66.1122 13.7744 39.6057 84.9571 14.0197 1.27918 1.63809 10.5558 9.3778 25.306 59.6293 5.77011 0 183.776 2.99915 1.41433 1.29308 13.7844 0.144605 0.993843 3.05578 
223.514 89.0086 25.5154 12.729 96.7479 76.2405 33.4877 169.54 0.541658 0.106326 37.9255 10.688 53.1304 25.9214 7.55392 28.5606 43.3621 117.029 66.9613 10.2093 0 3.82026 35.0237 37.5528 0.51392 43.6489 7.37189 1.15936 
38.6578 1.18638 7.32017 16.8095 51.772 12.4543 52.9707 35.3719 54.8215 31.4495 74.7445 75.7977 89.1558 0.0594396 3.82855 0.258552 16.4073 40.6353 23.6063 6.37476 20.1232 0 12.0108 0.322048 21.545 2.30649 8.01171 6.76621 
37.4753 50.7335 10.703 1.88004 17.9159 15.764 34.1433 25.6594 16.1838 56.7316 0.182296 8.81955 8.12043 9.60711 12.5683 0.628742 17.7823 19.1551 18.7843 0.604432 1.49238 1.59877 0 1.68413 6.36646 0.119362 4.77459 0.603283 
48.6477 27.1808 1.15575 17.9138 18.0937 3.80892 71.1555 0.00215396 70.8148 16.2209 33.1991 64.8314 68.5671 4.43359 8.21876 17.7486 5.27125 37.8949 20.2685 6.28507 31.0001 0.654003 5.12013 0 45.4808 2.3589 12.321 6.76299 
442.395 490.087 27.9918 454.827 59.1507 439.192 85.2668 178.146 422.901 26.0463 0.14568 68.5477 5.72313 3.8012 22.4642 31.717 422.94 0.00866523 18.5965 0.587747 46.2561 39.4488 7.66141 34.3141 0 43.7967 24.1381 72.8373 
19.7836 59.2288 25.1136 29.0778 70.6585 20.9545 30.1605 50.4673 2.34956 3.0171 12.6136 90.1796 40.5915 12.762 27.6677 0.767244 6.26688 8.95347 29.7837 2.11236 48.4416 5.22119 0.74482 15.5245 3.72219 0 37.8313 8.79792 
0.771243 40.2925 10.5851 22.7338 45.9403 20.1696 54.5976 92.2876 5.41425 6.83422 25.5988 94.5245 24.3323 11.1567 3.39624 13.9204 3.44079 44.6811 15.7432 3.3901 27.5369 0.730005 6.82785 3.9997 35.1661 2.21036 0 89.9764 
38.0585 20.0496 3.81533 33.0092 1.03974 13.434 2.49708 13.246 1.20893 0.00100358 38.6851 32.2974 25.0168 0.241263 22.7257 10.1828 14.5709 49.7357 3.02052 7.64114 28.4463 5.41062 8.7795 0.0618948 19.0228 9.3742 8.05425 0 
