0 106.891 105.73 308.737 269.274 188.6 10.8941 126.68 71.6462 65.7345 12.289 17.4377 2.17885 31.3591 60.9224 19.7606 61.2922 105.504 106.096 31.4566 217.898 29.8645 46.9664 0.302862 122.905 17.9139 0.47882 12.3154 
94.4451 0 66.1336 89.4679 419.11 94.3217 29.7638 265.381 102.327 224.041 257.469 114.359 146.996 11.5232 0.000642916 6.22882 81.6091 821.309 140.791 0.13465 62.917 17.1643 53.8574 10.4853 85.8742 5.31028 54.0757 64.5948 
88.3113 464.479 0 33.2415 36.0618 52.7812 247.797 244.522 7.37249 106.717 206.197 19.4043 73.3034 10.6343 12.7855 11.8871 44.2518 120.046 57.4045 15.6703 2.55314 12.5949 10.7394 11.0036 23.7344 27.4562 0.140654 3.20149 
201.518 91.2957 209.838 0 65.9634 106.943 153.914 574.791 77.0758 99.8633 20.8253 258.825 67.3772 1.66031 5.91696 40.6444 112.682 30.4097 2.04573 14.2504 649.105 12.352 3.60093 4.31262 88.0695 41.8732 0.023466 31.9101 
268.639 203.436 5.9902 0.0206557 0 293.577 431.633 139.373 10.9454 282.026 125.038 37.9076 24.6354 19.0507 56.7998 74.0208 76.2546 68.6524 48.4639 0.357005 9.67417 14.0584 54.742 53.0426 42.5647 6.51174 2.30614 21.1677 
168.434 261.302 46.4242 91.0942 849.547 0 511.768 138.078 496.915 1019.29 2.98562 2.42219 263.797 21.8122 33.6758 23.9391 70.0108 77.2217 3.78029 12.9805 57.6094 0.132036 15.4021 13.7275 86.0443 13.0317 1.61907 20.0663 
0.14135 507.306 38.6878 8.02508 334.348 333.045 0 364.19 1257.14 291.69 55.9093 281.887 176.251 12.4145 0.36804 19.5704 101.62 205.432 0.156703 37.0647 143.869 0.981847 9.30969 35.7482 63.29 57.3252 37.4392 69.3733 
15.7509 63.551 269.509 482.705 10.1158 202.128 37.4608 0 50.6657 200.409 329.405 625.733 99.7959 115.341 116.144 259.839 13.5691 163.285 42.5472 11.0399 196.798 29.2107 102.122 117.221 26.7875 70.5422 5.20512 11.0245 
303.565 394.943 460.21 250.869 352.408 495.1 5.6041 44.7797 0 231.318 1468.07 328.224 18.3993 142.508 121.203 37.3385 152.164 1.30976 132.793 102.973 144.613 40.4241 43.8984 81.2411 184.248 7.88732 0.112654 0.00831187 
16.83 0.000245395 3.02847 42.062 311.193 103.366 1.27992 28.0614 34.6739 0 559.197 48.3192 186.281 54.6055 79.9711 25.5421 83.9532 0.0011968 85.0308 49.2929 12.8775 58.8688 39.9784 4.06767 8.67403 26.8628 4.32787 0.943027 
152.675 8.06045 235.025 167.919 258.886 268.094 481.04 373.565 677.611 496.84 0 495.521 246.5 125.808 13.1642 54.0783 62.1856 6.59489 92.734 76.9788 42.534 20.7521 17.9163 113.104 11.245 126.002 19.4883 11.6436 
35.773 44.1253 146.609 90.5987 175.844 129.902 210.475 20.6818 78.5411 61.0592 291.131 0 77.3888 101.268 117.298 28.3592 3.7164 23.271 0.0959983 32.5401 162.357 70.3141 69.0215 31.1774 287.688 394.004 20.3064 146.385 
102.632 104.599 26.3248 37.4005 168.652 21.291 174.008 124.616 95.1421 122.047 206.022 125.446 0 141.956 52.5492 9.9554 8.17535 30.3447 79.4302 1.53538 2.36404 89.3932 15.1529 47.3092 36.9197 44.1927 0.479598 8.87748 
46.3344 0.52734 0.386242 16.2983 69.0545 0.00393585 85.7465 30.715 87.9303 71.4069 159.681 69.7701 18.5887 0 1.52907 17.9658 7.98509 50.2573 9.2102 0.0757195 2.52063 5.92969 6.40029 0.0955241 11.9526 7.09017 11.1937 2.61762 
23.7202 2.68638 9.06272 28.3897 61.6337 29.6154 72.2653 15.6195 33.7903 44.719 0.0700292 10.193 116.645 47.8105 0 70.6514 4.25307 19.145 1.0185 11.7261 56.1329 5.71221 14.3539 12.7322 30.8564 27.2324 5.81552 12.3281 
79.1229 22.2001 11.0484 29.1811 2.85155 0.403269 5.04977 257.03 99.2213 83.6991 29.4651 119.171 21.0458 12.3455 47.6438 0 0.011235 0.563805 28.4868 0.891678 38.2153 11.0801 12.43 26.1688 21.1687 2.02088 3.30913 15.3354 
100.846 66.1854 0.527926 72.3537 0.357916 58.4078 14.7117 93.7761 71.8186 46.0062 4.68301 2.01629 33.1229 2.97623 12.8218 0.890846 0 184.18 387.337 1.73128 60.0168 8.67183 18.8037 19.0617 65.8369 24.9789 11.0227 16.3741 
147.479 67.5603 155.018 141.355 98.8088 123.304 215.646 110.297 215.488 100.193 135.683 54.5098 59.6219 53.55 55.1033 46.1762 42.8079 0 147.484 77.2215 35.6368 4.57378 7.84313 0.373636 59.6392 4.88071 23.5122 43.9947 
104.621 21.1527 25.1154 5.83535 169.2 89.54 143.717 0.0961876 65.7786 55.1524 107.198 98.9566 51.033 0.0415149 37.7912 22.1612 139.868 50.3647 0 3.75925 72.2095 22.7596 21.2404 6.7357 10.6144 19.2586 18.9188 0.910721 
5.67682 120.837 24.7906 47.9327 0.179042 17.8874 82.2689 76.6057 8.39691 43.0696 86.1143 9.28665 2.17183 1.42029 10.9248 9.12817 23.5081 52.5984 7.54345 0 72.1974 3.22751 1.58805 1.55928 13.8242 0.0292402 1.26296 3.55218 
200.561 71.5698 39.0862 80.1501 104.844 77.0426 24.4055 152.035 0.254817 0.897059 28.9329 4.99048 49.5148 23.63 9.98559 24.366 46.6294 112.764 68.8844 10.3526 0 4.57018 36.1801 35.3889 1.37254 47.2786 6.0385 0.520462 
37.9054 2.05319 6.73742 16.8367 53.3937 11.1546 55.5306 38.8433 57.7983 35.9143 76.5944 74.6074 90.3609 0.00390488 4.97695 0.554612 15.7621 41.2317 24.124 6.34411 21.2088 0 13.5156 0.0419625 22.0827 2.75728 8.55158 7.17037 
35.3599 52.6605 10.0573 2.69742 20.9961 15.2325 28.8459 33.4317 10.4252 58.7925 2.86517 16.7173 2.94034 8.3566 16.8282 0.0865449 17.3925 21.2136 17.9463 0.482395 0.875219 0.570418 0 0.0669357 9.01385 0.352078 3.95245 0.35618 
45.7979 23.4625 0.639329 19.8657 21.0824 4.8431 71.7611 1.59003 63.2531 12.2383 45.4715 39.7635 69.9531 2.86073 4.56478 10.6574 5.98562 35.9299 20.9939 6.33606 33.3826 0.201866 12.0467 0 45.5832 1.31972 13.7672 5.7676 
83.4163 135.324 28.2911 101.222 56.3174 84.5385 88.5725 189.525 76.7905 31.6224 0.820952 263.259 3.79189 2.64221 25.2422 0.477908 68.0964 0.0979948 19.9764 0.93635 49.1674 71.3654 5.78856 24.396 0 34.3991 135.717 31.9432 
14.491 53.2142 26.3735 33.5959 70.6571 18.9134 22.1608 21.1649 7.84038 6.24147 3.86474 14.6306 43.6286 12.9971 25.0044 0.00920544 5.28365 11.5644 29.2074 2.69398 51.7106 4.69086 1.21363 14.5294 4.72945 0 36.6717 1.51108 
0.282719 37.9782 11.6029 21.4582 46.892 20.2081 52.5876 95.8044 7.92621 5.20215 20.8745 102.608 22.6933 10.985 2.53534 15.0482 3.9796 44.8677 16.5524 2.98711 25.7141 1.01309 5.95 2.82136 31.0872 4.84269 0 92.3153 
41.527 23.5576 2.768 33.0349 1.95034 14.7716 4.51928 6.37176 3.31552 0.268563 30.424 16.6975 27.2528 0.0690034 21.9767 12.3926 15.4477 50.4293 2.36709 7.11471 30.9733 4.98373 9.15464 0.000236595 16.7565 21.4944 26.3111 0 
