0 26.0487 92.4883 224.681 268.986 135.517 16.1627 140.743 13.2779 70.4397 9.6813 13.5256 2.87093 32.3595 62.0354 21.6292 8.08864 114.912 104.256 46.6442 210.97 29.4019 46.8901 0.161097 67.609 16.2827 0.637644 11.4278 
72.4933 0 30.1612 22.3761 380.34 30.3471 53.3071 257.69 63.9513 218.055 260.994 107.275 146.042 12.7158 0.0849975 5.16605 31.0692 714.001 135.825 0.746048 57.8094 16.4406 54.31 9.62658 30.1504 6.31481 54.2174 64.4733 
75.3851 473.257 0 7.02978 28.8258 49.853 243.78 254.649 24.8449 104.345 196.537 24.4899 73.3821 11.0644 11.6639 11.1142 45.3747 113.561 58.2399 16.5901 4.07933 12.5801 10.5503 11.3163 23.1897 27.35 0.0920081 3.52752 
179.426 23.816 225.615 0 59.5404 50.2876 144.937 980.417 34.8379 98.0442 15.9012 259.781 68.2082 1.38834 6.76184 41.3177 57.975 34.7744 1.53313 12.4881 564.756 12.5525 3.91008 4.81162 32.7504 41.0906 0.00354153 32.1724 
269.3 160.802 9.8096 0.13879 0 304.914 423.881 132.488 17.9824 295.531 134.714 41.7185 20.7913 20.4372 54.3086 73.6152 71.2837 76.8058 35.3393 0.755792 8.20008 13.2577 55.0605 53.4858 43.7542 5.71571 2.58481 20.3141 
117.908 196.35 49.5481 34.1948 842.107 0 320.973 128.383 464.257 809.815 0.564802 1.26665 531.454 21.6952 32.4385 23.4081 17.0281 81.0469 5.29895 13.5822 59.0643 0.204657 15.5681 14.041 32.0624 13.7293 1.45814 19.7805 
1.24007 487.509 27.3164 4.53669 307.802 183.945 0 378.17 1125.74 337.215 79.1006 283.672 169.133 10.5217 0.017195 22.1224 100.235 199.43 0.656401 34.5051 144.052 0.718473 8.23627 37.3136 65.3849 60.0819 36.4908 68.666 
22.5783 73.9372 273.888 442.163 7.38317 206.431 24.8615 0 84.4644 195.266 340.407 490.753 103.053 112.968 108.421 258.686 12.3583 160.381 40.1951 9.18338 199.526 30.2775 101.986 113.676 32.8578 82.5262 4.26174 8.86583 
243.695 321.962 438.941 174.185 354.839 463.063 80.6141 77.0151 0 207.731 874.597 343.732 22.417 138.929 128.822 32.6245 96.2423 2.57197 129.655 103.895 140.161 39.2777 41.2881 83.1414 129.14 10.1915 0.0319413 0.0995466 
14.0049 0.487895 4.62217 45.4739 319.93 50.0739 10.2489 33.5667 49.4542 0 584.925 56.2388 208.984 51.807 73.6829 28.4765 83.7354 0.0823781 81.4649 50.0736 14.1867 58.3259 41.405 4.82261 9.84912 24.865 4.773 1.25325 
147.926 11.8958 230.26 174.244 256.755 262.641 471.376 374.374 754.058 537.52 0 507.504 249.605 136.968 3.04309 43.7316 63.7574 8.28668 89.9893 78.0739 39.5647 22.0602 14.9479 115.717 13.9309 131.394 20.877 13.3838 
41.6188 38.6242 152.997 77.5119 177.081 133.998 220.336 0.108427 95.6696 52.8914 256.799 0 81.4387 108.032 100.389 7.32425 3.17546 25.6771 0.0162793 34.6805 163.824 71.057 73.0806 25.0065 250.188 382.012 22.7713 140.931 
103.69 100.896 24.578 35.7835 171.112 30.0691 180.845 121.994 88.4579 144.735 197.717 128.704 0 147.224 47.5476 8.26966 7.49329 32.207 80.3439 1.80794 1.97804 88.6696 17.7954 45.4595 35.8992 45.0583 0.373208 8.32885 
47.0274 0.834201 0.262459 15.7909 68.6182 0.0379431 83.8082 27.3285 82.848 69.2602 169.314 76.7178 25.5595 0 4.84573 18.5378 8.26421 49.8121 9.63518 0.0946943 2.85658 6.23901 5.54424 0.0229092 12.3533 7.46481 11.1528 2.82272 
22.234 1.89319 10.1142 27.3418 59.2013 28.211 66.5896 20.2902 27.4293 50.814 4.67387 17.731 114.942 53.7558 0 79.4143 3.9511 17.9641 0.799991 11.7507 56.4989 5.33302 15.6651 14.0842 30.5657 26.4448 5.47943 11.7574 
78.5065 24.0926 11.8209 27.6692 3.5217 0.613126 6.50832 252.665 104.499 85.4249 38.4302 173.049 23.44 13.5235 35.7241 0 0.00117866 0.369562 28.7351 0.785724 39.4876 10.9422 12.4711 24.6812 19.8361 2.92486 3.6278 15.9671 
44.2276 10.0198 0.28867 19.3499 0.996734 4.09427 16.4786 94.6053 19.2412 44.2407 5.4234 1.61989 34.1675 2.78141 13.2581 1.02857 0 167.31 369.197 2.01119 59.3079 8.89994 18.8599 18.9153 11.3872 24.7662 11.2459 16.6336 
156.518 47.5335 157.862 142.998 90.1582 123.755 220.118 114.835 213.482 103.775 132.261 57.6689 61.6436 53.5738 56.1556 47.1445 31.2358 0 148.637 75.7177 37.9923 4.89996 8.33206 0.508427 59.6807 5.47992 24.0467 44.4879 
102.677 25.4105 23.418 4.96996 150.234 88.7063 146.523 0.00681023 61.4993 51.3828 104.886 98.4719 52.8217 0.0140193 37.5789 21.7083 132.091 45.9413 0 3.33992 71.988 22.9599 21.0624 6.4473 11.0329 19.7076 18.6978 0.79329 
9.84213 124.879 25.3328 47.5705 0.483416 18.413 80.4295 79.7294 6.98594 44.0806 86.3139 8.00487 2.49119 1.35505 11.0262 9.03736 22.9358 50.3762 8.12472 0 44.8277 3.2978 1.64229 1.6446 13.8192 0.0113316 1.35142 3.70914 
192.135 66.3115 43.6008 92.9314 107.18 77.1324 21.8391 146.221 0.785311 1.29413 26.35 3.65603 48.3802 22.9214 10.7881 23.098 47.611 111.26 69.4022 26.4907 0 4.81224 36.5091 34.6963 1.71794 48.3457 5.65067 0.374175 
37.6483 2.36548 6.55711 16.8319 53.8362 10.7506 56.2523 39.9021 58.6626 37.2691 77.0549 74.1388 90.3022 0.0245703 5.34907 0.667062 15.5583 41.3899 24.2669 6.33143 21.5386 0 13.8968 0.00859792 22.2086 2.90137 8.71456 7.29236 
34.6802 53.1889 9.84419 2.9738 21.9649 15.0409 27.2429 35.9341 8.87812 59.2772 4.32121 19.5765 1.84843 7.69696 18.0624 0.019332 17.2637 21.85 17.6777 0.447241 0.717543 0.35448 0 0.547794 9.87872 0.447539 3.70837 0.292706 
44.8636 22.3384 0.5097 20.4342 22.0214 5.17739 71.803 2.75843 60.8491 11.0961 49.437 32.9256 70.1525 2.41728 3.61178 8.58912 6.21098 35.3028 21.2035 6.34535 34.0957 0.114037 14.1818 0 44.9328 1.0551 14.1924 5.46613 
27.7121 80.7233 28.305 46.9659 55.3795 30.0657 89.3686 191.572 25.3309 33.3659 1.69233 918.631 3.27157 2.31973 26.0193 2.99743 13.6237 0.191743 20.3938 1.05869 50.0123 51.4243 5.34211 20.3533 0 69.3932 50.2254 7.02102 
12.99 51.3024 26.6727 34.8848 70.5362 18.2561 19.8732 14.4201 10.1385 7.4462 2.16241 3.93956 44.5112 13.0236 24.0623 0.156606 4.99389 12.4197 29.0026 2.88315 52.6516 4.5288 1.37781 14.1712 5.26785 0 36.1013 0.459691 
0.180467 37.2461 11.9123 21.0442 47.1529 20.2006 51.9192 96.6991 8.78461 4.73918 19.4859 104.851 22.184 10.9199 2.29198 15.3735 4.15159 44.898 16.7973 2.86629 25.1475 1.10871 5.6819 2.49285 29.7092 5.82858 0 90.4934 
42.5649 24.6624 2.47463 32.9693 2.28563 15.1745 5.25362 4.73291 4.16585 0.44568 28.0023 12.8157 27.9322 0.0369 21.6932 13.0689 15.7142 50.6017 2.1805 6.95002 31.7412 4.85264 9.2593 0.00935219 16.1971 25.7717 33.2995 0 
