0 141.588 78.6491 323.798 267.469 268.923 22.8101 155.803 142.315 75.4701 7.23544 9.88293 3.70746 33.4139 63.1612 23.6719 141.897 124.93 102.161 59.9597 202.868 28.9037 46.7811 0.0590154 199.014 14.6139 0.830928 10.5129 
248.612 0 6.705 144.901 335.589 154.113 84.7433 248.676 215.509 210.877 263.935 99.77 144.801 14.0327 0.329617 4.13937 167.8 429.925 130.266 1.93173 52.5092 15.681 54.7547 8.74723 161.184 7.46887 54.3431 64.3003 
62.1764 465.714 0 1.62356 21.8811 46.5456 237.145 263.449 53.7799 101.512 185.304 30.4351 73.3652 11.5128 10.5001 10.2988 46.5177 106.399 59.0318 17.5535 6.07519 12.5588 10.3413 11.6411 22.5853 27.187 0.0515514 3.88784 
346.041 145.892 207.79 0 52.8763 180.211 134.926 95.0892 182.935 95.906 11.3434 259.145 69.0229 1.12452 7.70773 41.9133 190.006 39.627 1.06768 10.7006 556.178 12.7622 4.24891 5.36483 164.16 40.1634 0.00160261 32.4151 
268.79 118.82 14.8247 0.847119 0 321.225 411.314 125.082 27.2393 307.82 144.97 45.9053 17.0205 21.9412 51.6406 73.1065 66.0296 85.7196 23.41 1.33955 6.75911 12.425 55.362 53.9242 45.0034 4.92215 2.89727 19.4159 
254.141 316.335 52.6735 163.979 666.34 0 117.307 117.885 609.472 515.271 0.0833615 0.44383 499.76 21.5336 31.0575 22.809 150.988 85.0246 7.17262 14.2175 60.5665 0.298975 15.7296 14.3646 164.89 14.4711 1.2957 19.4645 
3.59041 459.606 17.1815 1.89717 277.714 87.2751 0 390.449 916.266 382.471 107.17 284.557 161.16 8.66276 0.140103 24.9569 98.6575 192.554 1.56115 31.8294 144.061 0.483176 7.15899 38.9739 67.5577 62.9744 35.4761 67.8583 
31.0506 85.528 276.26 415.133 4.93703 210.066 14.1564 0 128.13 189.336 350.553 349.386 106.442 110.224 100.09 255.243 11.1255 157.094 37.7312 7.38389 202.021 31.4149 101.691 109.682 39.8342 95.707 3.35865 6.81385 
369.562 432.964 406.437 282.831 355.447 608.993 245.254 119.256 0 182.44 1135.91 358.544 27.0617 134.704 175.873 27.8757 226.974 4.36798 126.14 104.729 135.272 38.0544 38.5436 85.0721 260.58 12.9347 0.000142468 0.306649 
11.2624 2.02377 6.66482 49.1349 326.767 20.0969 28.8425 39.8543 67.5425 0 600.796 65.1065 232.179 48.7831 66.9349 31.6878 83.4232 0.394956 77.5943 50.8591 15.6352 57.6866 42.89 5.68834 11.1655 22.7874 5.26701 1.62987 
142.693 16.7409 223.795 180.397 253.732 254.918 456.347 373.348 844.913 571.18 0 515.44 252.024 148.438 0.0749549 33.6844 65.4066 10.2837 87.0123 79.1715 36.4863 23.4762 12.0548 118.266 17.0633 136.805 22.3875 15.3459 
48.2006 33.1014 159.324 64.276 178.147 138.067 230.256 17.2826 115.099 44.6909 220.376 0 85.7365 115.026 83.0671 0.0138088 2.64572 28.3357 0.00436193 36.987 165.161 71.799 77.3496 19.0928 238.142 362.381 25.5076 134.77 
104.718 96.8784 22.7554 34.0673 173.351 41.4086 187.616 119.092 81.4243 169.278 188.388 132.027 0 151.575 42.3296 6.63297 6.7971 34.2197 81.2393 2.12079 1.60464 87.6869 20.7754 43.4595 34.8022 45.9474 0.274648 7.76082 
47.7322 1.23591 0.156736 15.2415 68.084 0.112166 81.6069 23.8902 77.3858 66.8373 178.752 84.1491 33.912 0 10.1633 18.9825 8.56282 49.3108 10.0915 0.117124 3.23486 6.56483 4.6096 0.000275458 12.7658 7.85927 11.103 3.0464 
20.6845 1.19973 11.267 26.2001 56.5803 26.6769 60.5929 25.8287 21.6703 57.4477 17.277 27.8162 112.696 58.4985 0 86.0208 3.64062 16.7365 0.596115 11.7695 56.8487 4.93832 17.0209 15.5202 30.1902 25.5399 5.12922 11.1508 
77.7336 26.1535 12.6442 26.0258 4.30675 0.882783 8.24531 245.912 109.937 87.0448 48.9673 234.888 26.0689 14.7037 23.787 0 0.00174734 0.207766 28.9831 0.67989 40.8243 10.7857 12.4617 22.8528 18.4024 4.04715 3.97852 16.6202 
174.317 140.867 0.112741 153.277 2.02284 136.674 18.4455 95.4226 153.668 42.3607 6.26583 1.24542 35.2752 2.58064 13.7233 1.18526 0 149.013 265.974 2.33002 58.5282 9.14322 18.9143 18.7545 143.753 24.5312 11.4831 16.9069 
165.855 25.4351 160.234 144.347 81.1379 123.955 224.243 119.586 210.91 107.486 128.505 61.0618 63.7781 53.5662 57.2382 48.1494 20.7328 0 149.543 74.0272 40.5402 5.25721 8.86395 0.674053 59.6905 6.15067 24.6136 44.9957 
100.477 30.282 21.6403 4.12058 130.097 87.5372 149.179 0.0253994 57.0084 47.4211 102.333 97.8869 54.7022 0.000765882 37.3253 21.2194 123.222 41.3693 0 2.91902 71.7104 23.1651 20.8654 6.1453 11.4814 20.1802 18.4596 0.677148 
16.7108 128.761 25.8514 47.0139 0.967937 18.9544 78.3626 82.9752 5.6199 45.1229 86.4445 6.7387 2.853 1.28677 11.1274 8.93393 22.3193 47.9961 8.75895 0 22.0416 3.37242 1.70025 1.73688 13.8051 0.00143084 1.44821 3.87787 
182.597 60.8179 48.5221 95.1686 109.572 77.1463 19.2422 139.866 1.6658 1.7943 23.7109 2.46102 47.1655 22.1681 11.6667 21.7667 48.6399 109.568 69.9134 50.8337 0 5.07515 36.8442 33.9479 2.12604 49.4506 5.25076 0.244976 
37.3623 2.72028 6.36532 16.8201 54.2762 10.3207 56.9832 41.02 59.5525 38.6934 77.4865 73.5892 90.0178 0.0659256 5.75246 0.797191 15.3391 41.5447 24.4101 6.3163 21.8864 0 14.2544 0.000702223 22.32 3.05695 8.8859 7.42058 
33.9446 53.7156 9.611 3.27946 23.0028 14.8234 25.56 38.6368 7.35848 59.7124 6.18173 22.8135 0.960609 6.89258 19.3071 0.000681426 17.1225 22.5268 17.3873 0.411176 0.566879 0.180109 0 1.54349 10.8135 0.560854 3.45444 0.2319 
43.8442 21.1573 0.387556 21.0189 23.0271 5.53973 71.7726 4.34142 58.2662 9.93074 53.7173 26.2299 70.2457 1.97551 2.70546 6.5428 6.45305 34.6261 21.4188 6.35191 34.8416 0.0478715 16.2644 0 43.9047 0.804416 14.632 5.14937 
158.77 212.849 28.2792 179.452 54.3513 162.376 90.0966 192.962 161.023 35.2245 2.95447 142.885 2.75837 1.99652 26.7986 12.5803 145.963 0.32536 20.8329 1.19619 50.8816 25.0342 4.94344 16.5462 0 90.7524 50.9856 52.5648 
11.4686 49.2479 26.9431 36.1898 70.3459 17.5455 17.5467 8.59501 12.8759 8.8289 0.887026 0.000130976 45.4193 13.0278 23.0082 0.508451 4.69301 13.3532 28.7711 3.08894 53.6151 4.35753 1.5618 13.7662 5.95267 0 35.3907 0.00787026 
0.0968056 36.4592 12.2384 20.5942 47.4132 20.1826 51.1845 97.5495 9.73879 4.26845 18.0481 107.096 21.6409 10.8444 2.0452 15.7068 4.33738 44.9163 17.0551 2.73971 24.5434 1.21457 5.39897 2.16297 28.1873 6.95629 0 87.3061 
43.6498 25.8469 2.17879 32.8617 2.66971 15.597 6.08913 3.24996 5.17033 0.682276 25.5026 9.21538 28.6481 0.0136913 21.3658 13.7808 15.9954 50.7635 1.98992 6.77393 32.5506 4.71361 9.36469 0.0335129 15.6738 30.442 41.0962 0 
