0 336.529 66.0569 491.541 264.914 469.084 29.9997 169.968 339.565 80.2161 5.24745 6.95581 4.58858 34.3968 64.1653 25.6429 342.937 134.317 100.064 66.5875 194.607 28.4288 46.6521 0.00877966 397.626 13.1078 1.03574 9.67963 
496.403 0 0.0349388 338.83 291.391 347.16 119.5 239.46 434.884 203.407 265.928 92.7552 143.421 15.3167 0.70504 3.27208 371.663 283.217 124.796 3.54406 47.6599 14.9755 55.1386 7.95205 359.526 8.63431 54.438 64.0965 
50.4465 443.227 0 18.5042 16.1176 43.2835 228.793 269.752 89.4912 98.5665 173.949 36.4974 73.2547 11.9253 9.4363 9.53975 47.5436 99.4573 59.6848 18.4428 8.2948 12.5335 10.1373 11.9392 21.9936 26.987 0.0240848 4.23946 
576.567 339.374 118.96 0 46.7982 377.412 125.158 534.616 399.62 93.7089 7.72068 257.001 69.7241 0.900389 8.64022 42.3577 389.208 44.3723 0.705218 9.11021 443.922 12.9563 4.57694 5.90577 362.808 39.205 0.0178795 32.6092 
267.171 83.6177 20.3947 2.05773 0 346.191 395.651 118.054 37.5327 317.271 154.541 49.964 13.7831 23.3832 49.1179 72.5554 61.1306 94.2957 14.2669 2.03788 5.52385 11.6593 55.6107 54.3058 46.1637 4.2256 3.20657 18.5796 
457.048 503.297 55.3988 361.162 575.851 0 176.376 107.911 810.922 354.033 1.60468 0.0543512 195.646 21.3469 29.7022 22.2144 352.092 88.6706 9.16966 14.8102 61.9368 0.403731 15.8672 14.6598 364.864 15.1677 1.15101 19.1558 
6.89664 427.655 9.65744 0.442766 248.2 72.7807 0 399.419 681.616 420.615 136.283 284.433 153.319 7.06336 0.721552 27.7293 97.0772 185.647 2.7605 29.3609 143.893 0.303963 6.20702 40.5306 69.5474 65.6538 34.5155 67.0466 
40.1027 96.8806 276.309 412.523 3.07489 212.573 6.74705 0 175.285 183.35 358.554 227.955 109.558 107.444 92.1913 249.969 10.0171 153.818 35.45 5.8583 203.979 32.4875 101.275 105.728 46.8466 108.379 2.60374 5.11746 
562.365 611.144 367.962 460.438 354.154 811.137 457.939 165.332 0 158.799 1677.85 370.763 31.7682 130.355 229.381 23.6746 424.946 6.47976 122.674 105.375 130.535 36.8996 35.9951 86.801 459.073 15.7829 0.0210425 0.604737 
8.93473 4.41551 8.90387 52.5994 330.801 18.7428 54.2495 46.1515 86.5397 0 604.36 73.8255 252.684 45.9035 60.5817 34.7822 83.0539 0.901394 73.8887 51.5556 17.0503 57.0275 44.2554 6.56135 12.4653 20.8801 5.75136 2.02806 
137.61 21.9987 216.465 185.611 250.188 245.941 438.007 370.616 916.289 592.632 0 518.257 253.457 158.737 4.71394 25.2402 66.9369 12.3463 84.1604 80.1407 33.6672 24.8321 9.59057 120.44 20.2596 141.566 23.8403 17.2943 
54.7125 28.2287 164.801 52.6008 178.914 141.611 239 69.0036 134.342 37.4714 186.791 0 89.7658 121.379 67.6421 7.69886 2.19 30.9293 0.0616542 39.1833 166.209 72.4519 81.3089 14.1819 251.41 338.097 28.1852 128.667 
105.593 93.0285 21.076 32.4566 175.095 50.4837 193.481 116.257 74.8971 192.32 179.193 135.016 0 154.426 37.5471 5.24454 6.16934 36.143 82.0097 2.43672 1.28819 86.5651 23.7262 41.5504 33.7594 46.7541 0.195591 7.24085 
48.3651 1.68444 0.0818195 14.716 67.5157 0.217638 79.4099 20.8188 72.2148 64.435 186.776 91.1384 42.5282 0 16.5249 19.2402 8.84568 48.813 10.5249 0.140349 3.6107 6.86772 3.73693 0.030495 13.1405 8.22597 11.05 3.26202 
19.2569 0.689512 12.3801 25.1028 54.0871 25.2015 55.0173 31.5449 17.2501 63.78 35.9557 39.1036 110.187 61.1852 0 89.2285 3.3585 15.6084 0.431249 11.7801 57.1408 4.57537 18.2467 16.8582 29.7755 24.6294 4.80656 10.5812 
76.8969 28.1353 13.4183 24.453 5.11288 1.17962 10.0499 237.673 114.867 88.3603 59.7093 293.92 28.6121 15.728 14.0766 0 0.0128733 0.0976536 29.2014 0.586771 42.0658 10.6294 12.4033 20.9401 17.0469 5.24343 4.31934 17.2157 
371.779 339.304 0.0212847 354.34 3.31154 336.514 20.3766 96.1307 355.246 40.5906 7.11014 0.937311 36.3147 2.39766 14.1623 1.34238 0 131.708 522.202 2.64982 57.7705 9.3729 18.9604 18.5984 343.326 24.3018 11.7062 17.1616 
174.333 14.3318 161.836 145.237 72.8592 123.879 227.51 123.979 208.084 110.879 124.865 64.2843 65.7709 53.5281 58.2221 49.0714 12.684 0 150.091 72.3534 42.9763 5.60317 9.37591 0.85091 59.6676 6.81325 25.1459 45.4581 
98.285 35.1693 19.997 3.38911 111.472 86.1773 151.363 0.149731 52.8472 43.748 99.8451 97.2715 56.4498 0.00333056 37.0605 20.7528 113.844 37.2045 0 2.54664 71.4097 23.3508 20.6726 5.86541 11.9069 20.6203 18.2323 0.576029 
25.3333 132.001 26.283 46.3321 1.57401 19.4466 76.3181 85.9503 4.46297 46.0719 86.4904 5.63952 3.21424 1.22353 11.2163 8.83017 21.732 45.7444 9.37063 0 7.58588 3.44257 1.75507 1.82513 13.7835 0.000717219 1.54188 4.03832 
173.144 55.7559 53.2443 88.0589 111.735 77.0826 16.926 133.741 2.78986 2.33796 21.3313 1.54899 46.0144 21.4594 12.5168 20.5309 49.594 107.89 70.3569 79.3802 0 5.32771 37.1459 33.2326 2.54824 50.4616 4.88604 0.148184 
37.0813 3.07545 6.18476 16.8025 54.6616 9.91589 57.6363 42.0645 60.3622 40.0167 77.8382 73.0241 89.5425 0.122972 6.13896 0.929423 15.1305 41.6778 24.5367 6.3005 22.2113 0 14.5437 0.0192339 22.4031 3.20563 9.04528 7.53987 
33.2406 54.178 9.38563 3.57791 23.9863 14.606 23.9988 41.2152 6.04914 60.046 8.21938 26.0342 0.386317 6.06444 20.402 0.032933 16.9855 23.1638 17.1093 0.378473 0.441072 0.0690096 0 2.89276 11.7026 0.67846 3.2209 0.181 
42.8606 20.0601 0.287534 21.5495 23.9799 5.8869 71.6736 6.14532 55.8145 8.88176 57.792 20.5206 70.2215 1.59161 1.96075 4.80488 6.68323 33.9799 21.6143 6.35495 35.5318 0.0113811 17.9571 0 42.6361 0.598153 15.033 4.85513 
357.139 412.124 28.2169 379.058 53.355 361.868 90.6689 193.52 363.858 36.9752 4.45353 348.436 2.31342 1.71164 27.4853 25.866 345.51 0.48299 21.2417 1.3325 51.672 6.77077 4.64355 13.9662 0 82.0079 139.74 114.047 
10.1092 47.2968 27.1518 37.3519 70.1088 16.8674 15.4624 4.44332 15.7183 10.223 0.19603 3.41037 46.2448 13.0092 21.9719 1.01948 4.41665 14.254 28.5403 3.28682 54.4864 4.19728 1.74357 13.3638 6.6998 0 34.6275 0.217496 
0.041643 35.7105 12.5425 20.1617 47.6423 20.1564 50.4708 98.2539 10.6751 3.84576 16.7321 109.072 21.1284 10.7675 1.82436 16.0082 4.51506 44.9204 17.2954 2.62233 23.9731 1.31812 5.13491 1.87133 26.7055 8.0874 0 83.2104 
44.6526 26.97 1.91578 32.7251 3.05699 15.9889 6.92651 2.10312 6.20892 0.950184 23.2259 6.3429 29.3159 0.00214237 21.0338 14.4421 16.2579 50.8955 1.8179 6.60727 33.3055 4.58315 9.45827 0.0698369 15.2465 34.867 48.5831 0 
