0 164.305 28.1069 151.364 247.75 227.552 61.3807 217.71 97.21 96.6575 0.775649 0.713727 8.36421 37.7443 67.2274 32.8283 108.272 165.985 91.848 55.024 161.787 26.725 46.002 0.183594 153.284 8.38308 1.92468 6.99201 
450.212 0 91.8755 107.408 139.311 96.9634 265.521 202.594 272.869 172.688 266.865 68.9833 137.043 20.11 3.10787 1.02226 147.236 735.978 104.258 12.7853 31.998 12.5864 56.2108 5.43207 114.844 13.2784 54.5906 63.0736 
17.3334 275.722 0 186.835 2.63568 31.257 185.97 275.573 253.451 86.4113 130.234 60.6314 72.1516 13.2799 6.02637 6.99053 50.7155 74.4336 61.2366 21.3638 18.464 12.4047 9.37329 12.9159 19.7722 25.942 0.00931075 5.55676 
419.861 106.356 134.212 0 27.5681 128.221 89.7764 166.966 231.633 84.7519 0.46727 238.202 71.6562 0.30771 12.179 42.9964 146.91 61.975 0.0253616 4.39518 604.22 13.6084 5.78725 7.93441 118.846 35.2646 0.212584 33.021 
253.089 6.59617 45.4684 10.3043 0 450.168 316.485 93.4364 83.9857 332.48 186.666 64.918 5.01409 28.5898 40.2985 70.0911 44.6392 125.027 0.000753753 5.58376 2.15641 9.12815 56.2092 55.3972 50.0836 2.18809 4.40218 15.7335 
225.565 214.177 62.8748 112.769 1064.18 0 1378.32 73.5312 501.607 377.477 21.4616 1.64199 10.1309 20.4387 24.6425 19.9267 117.049 100.47 17.7603 16.8236 66.3615 0.890012 16.2359 15.6132 125.417 17.5696 0.708982 17.9959 
26.3582 286.497 0.363779 3.34068 144.088 553.12 0 409.603 32.3141 503.04 250.331 276.754 124.042 2.69233 6.23398 38.0786 90.8651 158.747 9.52538 21.2099 141.981 0.00220607 3.37479 45.8903 76.0198 74.5794 31.1256 63.831 
78.8121 138.828 260.085 358.447 0.0106783 214.12 2.31971 0 365.74 159.751 373.801 0.812234 119.798 96.3805 64.9444 217.443 6.55621 141.094 27.8115 1.87033 207.762 36.2446 98.7692 90.6781 73.9855 152.554 0.707968 1.05909 
293.776 290.207 200.394 151.648 335.736 503.994 1201.09 354.393 0 82.4432 1012.22 398.641 50.4889 112.741 197.103 11.3461 178.319 16.9557 109.503 106.552 113.149 32.8494 27.4393 92.1209 213.179 27.588 0.48138 2.42586 
2.84206 19.6825 18.9427 64.6594 326.044 174.671 189.018 70.6134 163.685 0 531.7 106.379 308.841 35.7708 39.1623 45.9413 81.1963 4.26818 60.6481 53.6488 22.368 54.3025 48.7369 10.0297 17.4329 14.658 7.58701 3.74544 
118.863 45.2506 182.676 198.945 232.77 203.499 347.486 348.078 837.095 581.574 0 492.58 251.942 189.319 73.1418 4.79502 72.1015 20.8888 73.8817 83.0209 24.475 29.7245 3.09324 126.215 33.1377 155.3 29.1301 24.8183 
79.4792 13.9349 179.791 19.5886 179.761 151.604 264.3 451.415 205.934 16.6468 82.9241 0 103.597 141.218 23.7854 132.674 0.928756 40.632 0.783382 46.9949 168.232 74.3784 94.4816 2.55501 220.817 222.351 38.2266 105.547 
107.931 79.2023 15.5315 26.9031 178.335 41.6792 209.628 105.637 53.17 266.074 144.732 144.305 0 154.401 22.2795 1.6245 4.1916 43.0526 84.1329 3.70194 0.451598 81.2161 34.9159 34.7508 30.053 49.3292 0.0241381 5.5396 
50.3343 3.7778 0.009913 12.8295 65.0437 0.852943 70.8837 11.4979 54.2775 55.2665 207.047 114.843 76.2956 0 42.8883 18.875 9.84619 46.8804 12.0659 0.237489 5.07106 7.88527 1.14663 0.521248 14.3314 9.45624 10.8189 4.05005 
14.5361 0.0100877 16.413 21.143 45.2615 19.9113 36.5408 54.7516 9.99104 85.7835 141.967 89.48 98.6742 55.623 0 76.1323 2.45129 11.8921 0.0631049 11.7635 57.8741 3.38162 21.9606 21.2579 27.8835 21.0704 3.73699 8.6173 
73.174 35.3198 16.0778 18.8779 8.42495 2.53204 17.558 196.573 130.31 91.2831 101.625 459.567 37.8844 18.4167 0.327477 0 0.132491 0.0359719 29.8458 0.312454 46.2536 10.0174 11.8288 13.4355 12.3954 10.2978 5.58433 19.1231 
124.124 97.0562 0.268967 119.087 10.1968 97.3561 27.6856 98.1292 122.124 34.437 10.4426 0.20165 39.9131 1.80477 15.7025 1.96399 0 74.1251 463.09 3.91375 54.9456 10.1808 19.0829 18.0172 102.739 23.4383 12.485 18.0321 
200.869 104.785 162.494 145.4 46.1608 121.615 234.023 138.585 195.273 121.862 111.452 75.6923 72.5782 53.1596 61.3785 52.0996 0.000145595 0 149.658 65.9292 51.7327 6.88607 11.2476 1.62758 59.3419 9.35903 26.995 46.9519 
89.7799 54.196 14.55 1.37254 53.0346 79.5648 156.459 1.39589 38.9809 31.5193 90.5686 94.6343 62.3488 0.126957 35.9403 19.0767 70.7686 23.9198 0 1.43267 70.0611 23.9431 19.9441 4.92212 13.4161 22.1197 17.4155 0.285536 
69.0176 139.87 27.336 42.8153 4.81023 21.02 68.4987 95.6213 1.43912 49.1246 86.0637 2.53285 4.63104 1.0109 11.4785 8.42059 19.633 37.8624 11.6107 0 17.1465 3.68692 1.94843 2.14365 13.6448 0.0638429 1.88861 4.61067 
137.488 39.1215 70.0571 68.9402 118.567 76.2771 9.87575 111.56 8.92164 4.78501 13.8644 0.011072 41.9423 18.9918 15.6545 16.3686 52.8115 101.407 71.6171 201.147 0 6.2498 38.0927 30.6571 4.30838 53.7561 3.70194 0 
36.0096 4.47655 5.55452 16.6926 55.7846 8.50739 59.6447 45.6461 62.9714 44.4776 78.645 70.6919 86.3324 0.457799 7.53088 1.4632 14.3841 42.0469 24.9157 6.23341 23.3273 0 15.1694 0.280605 22.5163 3.74095 9.58724 7.94585 
30.6975 55.5341 8.55724 4.69773 27.4622 13.7549 18.7537 50.4013 2.43878 60.6227 17.3931 38.436 0.405912 3.03484 23.4803 0.519214 16.4759 25.3859 16.1044 0.273779 0.124236 0.0930054 0 9.75369 14.8066 1.16949 2.45054 0.0520204 
39.2599 16.351 0.0539682 23.2383 27.3465 7.14018 70.7939 14.7218 47.1629 5.61075 72.1596 5.71994 69.2859 0.542041 0.273077 0.685446 7.50481 31.6552 22.2428 6.34166 37.8464 0.0816817 20.8737 0 36.2168 0.11297 16.3266 3.86303 
112.585 169.942 27.7116 137.986 49.6705 120.79 91.7915 189.738 135.537 43.0529 11.971 429.524 1.05579 0.873804 29.492 59.3807 104.821 1.27542 22.6335 1.8599 54.2107 50.7152 4.21351 17.7327 0 3.30131 46.8104 10.4609 
5.95454 40.3992 27.524 40.8355 68.8433 14.4462 9.06414 0.653857 27.5066 15.7448 1.70137 65.9303 48.8916 12.7738 18.0952 4.08418 3.5043 17.56 27.6381 4.00748 57.2437 3.64612 2.43908 11.8155 10.0316 0 31.3011 5.63531 
0.0291997 33.0389 13.5809 18.588 48.3193 19.9932 47.8135 99.9681 14.2287 2.52805 12.4389 114.864 19.329 10.4557 1.14316 16.9611 5.15737 44.8342 18.1169 2.22598 21.97 1.70946 4.23384 1.0044 21.256 12.4811 0 62.2708 
48.0031 30.9447 1.11925 31.9823 4.60387 17.3087 10.2261 0.0431886 10.5226 2.22623 15.9145 0.465547 31.5974 0.0404796 19.702 16.6558 17.1598 51.2014 1.27346 6.01913 35.8854 4.13038 9.74135 0.299489 14.2112 49.3424 73.104 0 
