0 10.7271 165.726 46.0314 237.937 57.016 0.768799 7.14946 142.975 51.3454 66.5874 221.592 16.7527 42.1458 2.95352 61.0638 33.6697 234.934 19.4598 50.0614 14.0879 40.3806 46.2276 15.209 17.1202 45.0347 42.6562 48.724 
103.817 0 455.262 4.26789 22.9911 66.302 504.829 253.821 33.3463 56.3573 45.4802 0.751044 6.10638 51.0627 82.2399 35.8793 121.068 481.41 66.3811 54.1819 165.438 10.2983 0.951151 33.0604 76.2565 52.0432 3.18518 20.7037 
179.201 86.8403 0 255.56 165.603 10.3556 0.163511 107.582 26.2634 2.06115 213.978 76.7984 61.1856 11.3622 29.7058 3.49418 7.05587 23.4457 61.5222 0.0100825 58.0077 0.00248581 12.4809 1.00501 24.1535 25.4318 0.137312 2.49916 
333.056 3.88903 205.159 0 14.4624 63.2017 186.107 1331.8 206.409 88.1611 199.68 162.016 0.129688 2.98735 0.101837 31.7068 4.72217 117.266 4.34007 15.0428 404.278 0.00375231 7.24092 0.466745 45.8636 18.8878 23.6458 8.27646 
230.908 24.4855 174.427 21.9247 0 73.4561 422.63 3.54513 232.97 290.233 65.7369 16.6894 2.90715 24.2656 34.8685 7.79657 34.8579 0.0385364 276.394 25.8735 130.632 18.8833 6.87398 24.1113 22.0025 0.00745811 7.06827 0.173395 
22.6091 225.939 65.9072 50.4749 302.733 0 881.831 152.651 230.384 95.6607 271.292 156.036 194.24 18.8196 21.3368 23.7438 20.1318 117.318 78.128 6.58741 1.49519 6.69833 3.22357 9.96391 3.34624 2.28997 8.94057 2.06725 
4.26297 12.4737 199.318 145.871 304.351 713.87 0 65.1762 265.955 345.424 141.987 268.835 14.5305 96.2524 59.6898 88.5699 3.17504 233.302 10.0693 1.2838 141.185 62.8931 51.5252 5.58204 36.2205 85.092 24.8338 55.4007 
104.285 13.1648 158.961 217.565 65.0805 2.86957 334.331 0 434.405 38.1122 302.824 955.805 147.532 46.9847 94.1937 45.0685 98.2926 115.785 97.8776 0.0349274 57.3463 48.8409 26.4891 69.7965 192.368 65.7623 100.471 126.519 
19.7422 398.022 437.298 17.0268 43.6065 227.002 1162.88 423.522 0 319.914 1040.76 252.311 14.0989 74.1934 61.408 41.3244 103.683 198.207 74.5908 28.0892 53.2828 51.5481 97.651 67.404 130.809 4.77853 56.374 99.559 
155.723 122.494 114.194 60.3866 253.582 234.065 487.441 190.985 0.82308 0 148.303 245.384 92.0529 41.8169 5.35546 85.6842 70.2974 146.515 21.7847 10.9616 92.0647 0.172788 15.6435 25.1403 9.92461 0.776922 17.5858 19.4019 
192.26 131.138 170.32 0.259501 255.572 6.5311 434.142 196.744 700.071 236.948 0 141.772 250.899 21.1995 42.2678 159.241 3.41077 22.2679 2.09661 57.8335 124.139 70.8118 122.522 119.888 4.50716 35.4421 86.1875 0.103981 
96.8199 16.9139 0.714182 230.948 63.2596 5.28174 273.412 809.887 403.196 94.1178 514.489 0 1.10502 0.0496366 188.71 427.622 1.88397 31.0627 99.009 96.6784 103.126 0.870496 111.121 181.835 191.059 203.805 107.995 22.6803 
53.8292 10.2008 53.8213 52.4639 178.392 71.9356 188.972 31.5183 103.119 41.0399 139.628 24.5651 0 109.681 99.3319 0.028494 3.33633 105.081 23.7116 1.06871 40.2057 66.5531 7.41194 8.5378 0.0986243 54.5848 18.4413 1.38642 
25.8896 67.4621 13.2246 2.8186 17.808 2.17223 33.6949 1.25729 27.372 22.8131 47.3558 7.07475 139.757 0 37.3148 18.7744 0.000396495 53.4257 10.1995 4.03885 18.0144 6.18118 7.95889 0.142772 13.2446 3.54956 11.3067 2.40589 
59.8175 68.7854 15.3079 38.9754 30.1371 16.6161 0.203287 152.67 220.182 131.353 7.28128 247.246 22.9655 58.7113 0 78.2056 19.4974 6.23573 32.1162 8.06324 0.488847 1.97914 18.7641 27.3396 19.8098 28.0076 8.5446 10.8657 
1.32827 0.902211 22.5907 39.2227 62.9068 0.476936 100.934 66.3564 94.8406 28.9563 209.871 88.9237 48.0453 18.5455 0.0655906 0 25.1776 61.7173 27.4504 1.69124 21.5133 9.56729 8.00031 8.61205 31.288 17.4552 6.61737 0.0256546 
11.7047 30.8069 30.5562 47.5961 16.4492 2.87647 109.287 0.00373871 10.8643 78.2065 24.0022 3.53767 41.6788 16.1422 24.1635 22.1862 0 7.61981 177.204 26.7367 18.8963 20.7009 15.0632 13.405 21.0017 15.7486 7.04162 24.2603 
234.545 474.118 136.423 117.099 213.766 109.001 133.391 0.985135 14.4687 48.4178 109.466 7.83314 102.682 48.0815 58.7729 11.0952 37.2764 0 82.2423 58.363 7.66436 5.17214 32.7425 46.0563 59.1792 20.3369 34.3794 1.12193 
21.3495 91.5978 8.72705 9.26716 168.639 6.61133 109.065 30.6858 12.9997 48.8688 8.70179 7.63041 1.60863 4.01371e-05 0.527937 23.7639 219.694 9.92461 0 7.69069 72.7325 8.65458 8.54297 23.843 18.0674 29.3083 0.0246115 3.35961 
77.1865 30.0363 4.40044 48.0413 24.3722 11.5155 33.8178 104.641 87.2724 5.30342 76.798 36.3179 1.61249 0.946653 5.71985 2.99378 19.0282 80.77 33.4388 0 121.958 6.18034 0.324313 5.48515 9.52511 11.5146 0.519654 10.5303 
4.76322 160.322 10.8221 166.718 11.5318 9.08333 8.38577 10.4357 50.8158 72.4431 134.882 62.5098 0.225989 5.71602 33.644 41.0787 68.217 123.636 65.6471 310.748 0 32.26 1.23257 33.4124 53.2276 62.9321 27.4065 16.9132 
37.0285 47.3852 5.62452 4.76477 50.3799 1.80637 2.39639 56.7344 47.7457 33.4917 11.0133 8.86736 57.2666 0.0193456 17.4831 2.95768 6.33044e-07 41.5095 11.162 1.59432 19.7345 0 5.78036 10.4557 14.8243 10.5424 0.00990056 5.5058 
41.5477 0.43277 12.2542 6.07554 8.00751 11.4731 29.1632 18.5518 99.1121 41.8755 62.9457 59.2017 55.025 5.87238 20.8545 4.1889 6.96405 18.4714 13.2139 3.8303 40.082 7.21341 0 0.592899 17.1173 3.71754 1.12042 9.48787 
12.628 18.6164 15.4517 12.6697 0.121095 1.8093 15.3533 107.866 77.7136 0.0482457 117.537 184.916 51.5945 3.06205 1.72629 24.6995 12.8731 2.3609 1.70777 4.219 35.3604 11.2328 14.3107 0 46.3986 13.2448 10.4796 14.1683 
57.6983 60.3325 12.922 31.7437 13.7314 4.74417 71.4684 62.4146 11.5886 33.4749 0.127387 910.53 24.7023 5.50308 31.2645 69.0956 23.2294 1.5696 8.7929 1.45306 3.5442 74.1907 23.0843 36.0725 0 122.502 124.271 42.1005 
40.796 5.9175 20.2911 0.192551 63.2746 27.2822 2.9411 230.541 4.81565 55.8548 164.041 80.2934 54.4328 11.6605 29.5549 9.95259 27.0307 11.6182 6.61814 10.8365 62.8705 0.30544 5.39775 0.54442 23.0055 0 35.0202 5.49665 
35.2467 9.80611 11.6223 17.1414 22.7109 5.54405 42.3181 0.000182683 28.4866 0.00475412 24.2575 26.6917 39.1459 11.2212 12.6072 0.0274088 14.5593 42.7442 18.6022 4.29302 42.9065 5.29999 2.51736 5.61885 42.6728 0.431608 0 40.1144 
19.4517 8.3093 3.49913 2.95637 28.5452 9.42212 18.7972 130.668 96.9454 16.2148 62.5917 35.6551 44.8983 0.113948 21.2026 0.624322 24.3802 0.61052 5.67699 1.52866 51.0936 6.67464 0.165604 6.58301 12.2482 13.3925 87.7696 0 
