0 8.2488 166.406 43.033 238.425 55.6468 0.851763 6.88479 141.949 51.0671 66.252 221.424 16.6489 42.0932 2.91408 60.9492 32.1374 235.032 19.6035 51.4316 13.7791 40.3811 46.2402 15.2715 15.5256 44.9116 42.692 48.7802 
104.844 0 453.785 2.80284 21.8608 63.8204 503.725 254.347 30.8956 55.7967 45.9586 0.700668 6.00738 50.9731 82.3565 35.7481 119.64 375.177 66.002 53.8222 165.617 10.3369 0.967561 33.133 74.5277 52.1628 3.16204 20.7703 
179.792 89.7874 0 258.01 165.993 10.1986 0.221817 108.627 27.7179 2.13585 214.491 76.3113 61.2708 11.3359 29.7545 3.52792 7.11494 23.1312 61.5129 0.012432 57.7075 0.00281312 12.4779 0.994455 24.1855 25.4582 0.134011 2.51715 
332.202 2.39529 210.098 0 14.2289 61.4189 186.459 1312.16 206.11 87.9958 199.526 162.863 0.121316 3.01037 0.0946669 31.7946 3.07428 117.525 4.29121 14.9289 522.579 0.00419037 7.26459 0.477672 44.1961 18.9819 23.6243 8.23549 
231.441 25.6776 174.111 22.2067 0 74.2971 421.981 3.43565 231.902 289.395 66.2628 16.5231 2.81652 24.174 35.0208 7.86015 34.5981 0.0539411 277.042 26.0215 130.669 18.8282 6.91485 24.1711 21.93 0.00575063 7.0402 0.167343 
21.1555 223.829 65.86 48.6403 166.157 0 887.628 153.217 231.757 58.2627 271.473 155.945 273.577 18.7925 21.2418 23.7108 18.535 117.43 77.9779 6.62103 1.46613 6.72208 3.24116 9.98708 1.65865 2.31403 8.95941 2.08243 
4.07591 13.3261 200.161 145.297 302.616 724.147 0 66.272 278.255 342.679 143.904 268.504 14.2608 96.2817 60.0403 88.4289 3.12223 233.377 9.91064 1.24592 141.124 62.8889 51.6183 5.52974 36.3602 85.215 24.7741 55.3213 
103.447 12.8493 160.02 217.741 65.4819 3.01469 333.167 0 437.741 37.7371 301.94 960.131 147.501 46.7415 94.6877 45.8427 98.3199 116.066 97.7647 0.0281533 56.986 48.9008 26.6339 70.0932 192.448 65.0454 100.475 126.647 
17.7473 396.863 435.62 14.7808 44.3446 228.373 1153.27 426.894 0 318.784 825.752 251.05 14.3121 73.8295 60.2714 41.0131 101.914 198.459 74.3191 28.2396 52.9884 51.4843 97.7193 67.549 129.136 4.67254 56.2943 99.562 
155.768 123.159 114.173 60.6015 252.514 238.521 488.602 191.339 0.966019 0 145.183 245.294 93.3519 41.9984 5.51252 85.5839 70.3793 146.523 21.9663 11.0214 92.1267 0.18209 15.7266 25.2295 10.0004 0.803624 17.6315 19.469 
192.181 130.503 171.061 0.299338 255.745 6.84373 432.825 195.623 704.438 233.4 0 143.694 250.755 21.6307 40.8156 159.966 3.44925 22.4429 2.04921 57.9392 124.294 70.7562 122.365 119.755 4.61131 35.1127 86.1876 0.114779 
96.3383 17.149 0.776453 230.396 63.534 5.16003 273.69 802.888 403.216 94.707 514.847 0 1.14743 0.0356824 189.709 425.053 1.9093 30.8978 98.981 96.6719 103.384 0.852177 111.29 181.651 187.93 201.481 107.871 22.3871 
53.9735 10.3278 53.7198 52.5547 178.379 71.5234 188.596 31.3393 102.699 41.9979 138.988 24.7482 0 109.106 99.5681 0.0225903 3.30748 105.107 23.8141 1.08248 40.279 66.7197 7.29499 8.45819 0.104318 54.5988 18.4092 1.40153 
25.826 67.4171 13.2475 2.79621 17.8919 2.19539 33.8697 1.30777 27.1227 22.9746 47.9537 6.89936 140.142 0 37.7906 18.7477 0.000258183 53.4315 10.2265 4.04214 18.0579 6.20047 8.00078 0.135449 13.2218 3.57058 11.3062 2.41817 
59.8913 68.9336 15.2352 38.9597 30.2843 16.5231 0.177376 152.293 220.382 131.248 6.65926 246.603 23.216 58.4902 0 77.7009 19.5237 6.28355 32.1498 8.0749 0.50088 1.99532 18.837 27.3672 19.7492 28.05 8.56767 10.8301 
1.36252 0.929665 22.5628 39.166 62.8303 0.489802 100.869 67.247 95.1801 28.7694 209.434 86.0966 48.2133 18.5762 0.112349 0 25.169 61.7184 27.4695 1.70019 21.5909 9.58004 7.96737 8.73789 31.3294 17.5625 6.59282 0.0228802 
9.93993 29.3642 30.468 45.8525 16.6418 1.20516 109.311 0.00524372 9.26234 78.1496 23.9125 3.57201 41.7413 16.1261 24.1415 22.1697 0 7.27583 140.111 26.7052 18.8371 20.6963 15.052 13.3901 19.3038 15.7715 7.02868 24.2575 
234.433 475.376 136.09 116.838 213.446 108.838 133.932 0.942667 14.2575 48.189 109.216 7.74281 102.637 48.1154 58.7136 11.0411 38.0065 0 81.9472 58.496 7.74217 5.19334 32.707 46.0753 59.168 20.2734 34.4078 1.10885 
21.4986 91.9867 8.65145 9.19882 169.818 6.72531 109.365 30.5506 12.8494 49.1016 8.60749 7.69102 1.63986 8.19125e-07 0.517504 23.7377 219.818 10.0723 0 7.72681 72.7325 8.67426 8.56225 23.8401 18.0403 29.2963 0.0256688 3.34576 
78.1295 30.3394 4.44319 48.0277 24.5174 11.5532 33.6598 104.77 87.1409 5.34753 76.8687 36.454 1.62929 0.950237 5.73239 2.9829 19.0663 80.8455 33.4635 0 124.141 6.17877 0.322444 5.48937 9.53879 11.5205 0.523281 10.5244 
4.58086 160.529 10.6546 167.013 11.4284 9.15169 8.28376 10.6126 51.1065 72.549 135.004 62.2544 0.233944 5.68656 33.5794 41.0008 68.2092 123.641 65.6914 311.849 0 32.2543 1.22039 33.3675 53.1828 62.9378 27.3717 16.9596 
37.0465 47.4119 5.63574 4.77764 50.4174 1.79205 2.36909 56.7833 47.813 33.4056 10.9496 8.92303 57.4488 0.0210187 17.4861 2.94391 5.6974e-06 41.5184 11.1826 1.59052 19.7133 0 5.81883 10.4326 14.808 10.5455 0.00930726 5.514 
41.5163 0.443916 12.2489 6.09825 7.96409 11.4934 29.2641 18.4247 99.0548 41.9632 62.6632 59.4567 54.8147 5.92616 20.9177 4.22135 6.95087 18.4322 13.2336 3.82854 40.0825 7.17383 0 0.639733 17.0656 3.73245 1.11111 9.48229 
12.5694 18.6832 15.4467 12.7111 0.12675 1.82334 15.4336 107.618 77.5843 0.0432726 117.684 184.794 51.4866 3.03302 1.76715 24.7993 12.8882 2.38009 1.71818 4.2132 35.4033 11.2115 14.4389 0 46.3931 13.2709 10.5093 14.1629 
56.1136 58.7482 12.967 30.1416 13.7937 3.0874 71.587 61.9233 10.0283 33.5841 0.110317 985.411 24.7687 5.52972 31.2565 69.4408 21.533 1.58897 8.76817 1.44401 3.51208 74.4295 23.0852 36.0578 0 123.163 129.064 44.8808 
40.6719 5.85431 20.335 0.180272 63.2201 27.2702 2.88204 230.339 4.70924 55.9717 164.134 82.1642 54.4485 11.6749 29.5847 10.0515 27.0257 11.5655 6.59416 10.828 62.8629 0.308845 5.41329 0.555921 22.8976 0 35.0677 5.34207 
35.2911 9.84411 11.6417 17.1713 22.7509 5.52713 42.2623 0 28.4026 0.00574646 24.3497 26.5249 39.1418 11.2192 12.6297 0.0294031 14.5459 42.7299 18.5882 4.28469 42.8941 5.28931 2.50419 5.59177 42.6237 0.413002 0 39.6504 
19.3864 8.26158 3.47843 2.92941 28.6006 9.39611 18.8776 130.763 96.9004 16.2787 62.4217 36.0084 44.9019 0.110997 21.1818 0.610497 24.3787 0.620285 5.65989 1.53583 51.0901 6.66672 0.168478 6.56376 12.263 13.619 87.9825 0 
