0 507.964 0.731691 104.81 183.766 200.646 140.351 288.469 109.922 125.906 3.61685 7.22117 18.6235 43.7205 70.9859 47.4493 110.686 215.427 72.6887 200.948 89.7501 23.2355 43.8583 2.09094 132.199 1.99369 4.41561 2.87965 
667.038 0 447.588 220.683 1.0465 126.669 504.516 119.762 415.614 101.389 242.017 29.39 118.321 30.5062 12.41 0.328237 169.408 329.789 61.8616 44.1848 9.22682 8.339 57.0434 1.8017 95.8003 24.53 54.0751 59.7214 
4.21614 0.0571546 0 178.614 9.92811 9.8874 74.395 216.305 472.968 57.2314 46.362 114.274 66.8919 15.3924 1.31942 2.83645 54.7624 29.4003 60.8328 25.7505 46.7613 11.9752 7.69897 14.4638 14.9581 22.4907 0.347152 8.44805 
384.739 217.714 386.096 0 3.43703 100.151 28.345 260.524 365.325 62.984 11.7789 161.419 72.9702 0.0520107 19.8932 40.092 129.61 97.484 1.38337 0.032223 19.2689 14.748 8.36801 12.331 99.8761 25.6345 1.20485 32.5994 
193.364 109.109 108.902 41.9874 0 235.033 116.645 48.7353 202.246 279.729 237.051 96.1392 0.518921 39.1481 23.9796 63.039 17.7523 182.004 53.6359 17.0281 0.08092 4.93198 56.1327 56.3944 56.9488 0.107898 7.22926 10.6136 
218.137 115.509 65.7613 89.8099 744.347 0 141.397 19.3987 183.572 401.896 111.098 17.4904 593.995 17.6317 14.3246 14.8004 116.046 117.541 39.7146 20.3149 73.0617 2.353 16.4268 17.0663 114.161 21.8927 0.146232 15.4205 
92.7901 33.1914 57.8157 42.1481 8.02285 370.101 0 335.554 1055.71 379.874 445.571 231.923 65.4887 0.159458 30.9394 59.7836 76.1202 99.5902 33.037 8.3428 132.468 0.888069 0.272357 55.6304 85.9214 89.0185 24.4754 56.0325 
172.954 219.866 169.205 127.401 9.75249 185.481 86.0465 0 648.001 106.315 343.645 610.646 136.056 70.4422 20.6198 113.889 1.81088 111.782 14.879 0.532106 201.023 43.4879 89.4296 58.4403 130.88 219.171 0.470411 1.99916 
214.429 137.197 0.197943 87.4348 247.114 186.318 396.75 644.455 0 1.23036 581.799 378.886 94.1595 72.2299 234.239 0.0834528 152.646 49.6562 80.5715 103.91 77.4676 25.0267 13.1313 98.8044 184.454 56.9147 3.10517 9.34437 
0.8379 75.166 46.0025 86.12 240.455 475.874 469.593 124.587 316.88 0 167.472 171.663 316.635 17.4617 7.84628 67.2207 75.1385 17.6253 35.3568 56.0686 34.1518 47.2928 55.7831 18.3852 28.603 5.17938 11.7543 8.46962 
80.2129 107.117 96.3636 200.179 180.148 95.7538 124.733 255.719 304.283 258.416 0 312.81 220.825 213.126 318.884 12.3433 81.1453 42.8124 53.2328 86.1921 10.1445 39.734 0.853062 128.546 63.7966 166.337 40.1491 42.0304 
132.463 0.264307 187.03 2.20351 173.153 158.806 284.605 1026.09 336.332 0.0136108 1.04852 0 128.187 164.495 4.95505 475.187 0.00328356 61.8015 4.50772 62.2502 164.666 76.4513 115.253 7.43366 123.926 16.0971 59.8418 57.9967 
109.11 52.0059 6.66473 16.784 171.517 39.9024 218.347 82.5699 18.9663 331.545 75.613 156.409 0 113.089 2.83372 0.570309 1.37414 57.0336 85.5856 6.85213 0.0583907 65.3379 58.2762 21.6759 22.7268 53.115 0.1669 2.79532 
52.9902 10.0757 0.72464 9.07523 58.2067 3.20786 51.6136 0.960976 23.3138 35.5604 205.041 151.82 137.367 0 57.3959 13.1594 11.8331 42.3108 15.1371 0.496312 8.53737 9.56753 0.716303 2.9614 16.0003 11.4796 10.1698 5.6973 
6.85515 3.68023 24.2189 13.3493 28.4358 10.0231 9.20555 107.902 33.6116 120.881 374.088 204.263 67.3112 8.56082 0 5.61088 1.06089 5.84835 0.298912 11.4897 57.9786 1.47841 25.2692 27.1638 22.5113 13.2087 1.962 5.07177 
62.7168 49.8489 20.6871 8.77983 16.8761 6.41392 36.514 88.5399 149.512 89.0691 183.379 360.198 56.2745 18.3737 61.8006 0 0.727604 1.37316 30.5478 0.0212161 53.4968 8.56697 9.26382 1.47816 4.93636 21.8661 8.30046 21.8244 
100.076 92.1388 3.26538 117.453 33.1375 90.0318 43.9092 99.7982 126.07 22.9527 18.5323 0.328495 46.6577 0.870278 18.6931 3.4895 0 4.00703 207.289 6.98291 48.7226 11.7707 19.1454 16.73 90.4533 21.4943 13.9934 19.6301 
232.939 238.459 142.136 132.705 9.38229 108.675 223.828 162.359 159.058 138.255 83.3117 97.8736 84.8113 51.3929 66.1059 56.9973 46.4276 0 138.468 51.4382 69.3781 9.70061 15.2275 3.83804 57.6105 15.2593 30.5234 49.2804 
70.2641 96.2547 5.86356 0.0268802 0.000323037 59.948 154.373 7.39542 16.5038 12.05 70.5776 87.4155 72.5482 0.880934 32.9307 15.661 0.569959 5.55815 0 0.15931 66.1352 24.8297 18.2916 3.25932 16.4247 24.8261 15.7283 0.00820669 
176.378 138.158 27.2012 31.8593 15.7423 23.294 51.1136 110.142 0.377916 53.7021 82.619 0.000740855 8.04174 0.639732 11.7604 7.43123 15.4209 23.1755 16.327 0 228.346 4.15705 2.32945 2.80092 13.0946 0.479397 2.64659 5.76425 
66.479 13.572 100.689 174.419 128.158 72.1437 1.38012 67.9436 30.0148 11.8975 3.6277 4.524 33.8892 14.2963 22.3886 9.19778 58.4639 86.374 72.7236 330.786 0 8.21702 39.4334 25.3783 8.94735 58.9349 1.82398 0.572893 
33.5351 7.89204 4.34434 16.2609 56.9276 5.86234 62.2398 52.2078 66.9747 52.1256 78.2815 64.6356 73.7445 1.67492 10.3254 2.79234 12.8585 42.3253 25.3617 6.04967 25.4045 0 14.5511 1.63082 21.8634 4.84092 10.5648 8.68133 
25.4549 56.9509 6.80775 7.16501 34.272 11.7386 9.84733 68.227 0.0539674 59.0602 42.8312 65.8416 9.34506 0.0102383 25.0479 2.95224 15.3492 29.6494 14.0159 0.115192 0.068386 1.93254 0 20.7113 20.1574 2.44626 1.19623 0.0260654 
31.6863 9.85715 0.134659 25.6429 33.95 9.69057 66.74 40.0273 30.6628 1.26161 98.639 3.74957 63.7717 0.118104 1.49063 3.7096 9.17294 26.8832 23.2072 6.20832 41.8435 1.08926 11.8632 0 18.9474 0.280303 18.254 2.15285 
93.9625 152.225 25.4871 122.254 41.7347 106.696 89.9591 158.483 149.676 54.2099 35.5459 485.742 0.00219413 0.0322431 31.3653 14.7537 92.2882 3.8837 25.1485 3.09857 58.0466 2.07578 6.36236 65.6801 0 2.96745 192.717 64.0384 
0.881947 27.1342 26.6148 44.4893 64.4788 9.7121 1.26329 40.3673 56.814 28.8081 21.5004 303.455 52.8417 11.5841 10.2142 14.2932 1.9858 24.5866 25.4711 5.51097 61.1838 2.62653 4.00975 8.37893 18.9995 0 22.5949 31.5246 
0.819128 27.6455 15.4606 15.3035 49.0697 19.3577 41.9827 99.8398 22.2817 0.718865 5.64861 120.605 15.8166 9.66286 0.254005 18.3064 6.50159 44.2132 19.6273 1.52219 18.0547 2.59739 2.62363 0.0699552 11.011 22.0955 0 14.371 
53.6951 38.7581 0.162439 29.3973 8.4469 19.5986 18.1575 4.95638 21.7008 6.17552 5.18449 8.5813 35.7426 0.466689 16.4486 20.2552 18.835 51.0888 0.477238 4.86159 40.5777 3.26944 10.0836 1.19407 13.6564 63.6197 92.433 0 
