0 577.291 6.5333 125.809 161.831 178.902 162.786 299.466 107.4 132.654 7.03389 13.1986 21.988 45.1706 71.4541 51.3526 100.007 224.409 67.0258 226.373 71.018 22.2624 43.0854 2.95748 114.323 0.996732 5.25563 2.05428 
633.715 0 473.285 250.983 21.6178 134.261 525.111 97.5674 432.723 82.0749 229.742 21.0125 112.049 33.467 15.8732 1.00787 163.54 406.302 50.9047 54.7617 5.27072 7.30162 56.9717 1.14087 79.079 27.9674 53.7488 58.5181 
13.9237 29.1525 0 79.3583 19.4522 5.72644 47.4155 187.913 458.306 48.9063 28.7512 128.492 64.8072 15.8117 0.605584 1.97992 55.3104 19.7903 59.9309 26.5362 55.6178 11.8191 7.21646 14.7858 13.6025 21.2826 0.52208 9.28297 
321.662 248.007 233.178 0 0.794975 81.4375 16.4896 922.11 377.387 56.5285 20.4185 135.493 72.7435 0.194796 22.0455 38.4128 112.678 106.49 2.3598 0.124053 199.038 15.0221 9.09834 13.5722 82.934 22.7889 1.60988 32.2047 
172 183.928 126.303 53.2219 0 206.541 70.4581 38.2647 234.926 249.619 246.488 104.684 2.33334 42.0049 19.986 60.673 12.2429 195.193 83.3671 21.0107 0.582337 3.9885 55.8237 56.3964 58.5837 0.000160208 8.10109 9.3499 
201.103 85.3407 63.6306 73.1463 728.334 0 92.7273 10.0506 107.073 573.772 141.314 24.3982 59.7838 16.6732 11.6886 13.3377 103.854 120.439 46.2441 21.1179 74.3666 2.85797 16.3542 17.3537 98.9192 22.9275 0.0656081 14.6668 
114.841 4.91233 86.3134 58.5758 0.016421 46.952 0 298.145 1291.96 297.418 473.661 214.209 51.0823 0.914843 40.1367 65.6225 71.6647 83.5984 41.3169 5.75516 128.653 1.46485 0.0254827 58.0146 87.8527 92.0175 22.6972 53.6251 
198.955 238.891 137.331 48.7892 15.8682 171.488 125.068 0 662.685 91.429 322.736 839.368 139.423 62.9085 12.2524 84.2691 1.02006 103.17 11.942 1.68991 196.031 45.3963 85.9838 49.765 145.129 228.726 1.21244 4.30113 
180.185 96.9746 22.3919 82.4687 215.092 108.872 71.3428 662.705 0 1.34771 962.467 357.081 106.755 61.165 238.943 0.316483 133.517 60.7619 72.4186 102.08 67.9251 22.9657 9.99343 99.6777 163.624 65.7039 4.20124 11.934 
2.63311 94.1491 54.2856 91.0155 205.231 449.076 502.848 139.339 347.662 0 80.5795 187.809 293.641 13.2637 3.20487 72.3637 72.983 22.643 29.0945 56.3167 37.5891 45.0687 57.2128 20.9267 31.8451 3.36974 12.9996 10.0335 
69.8871 126.005 73.0811 194.662 162.936 68.0272 74.2016 223.452 110.102 155.577 0 248.675 206.79 209.764 370.111 25.1525 83.3053 49.7272 47.7152 86.4568 7.23456 42.488 2.73106 127.049 72.757 165.319 43.2214 47.0784 
146.712 0.140205 183.584 9.58103 169.525 157.723 282.66 935.616 362.69 1.62001 14.7468 0 133.989 166.388 17.1986 495.354 0.112988 67.8702 6.03118 66.2296 161.996 76.6089 119.316 15.0277 43.7885 0.303543 65.8741 46.0045 
108.633 44.9652 4.82197 14.3033 166.744 73.7766 215.11 76.0198 12.3162 324.258 58.641 158.139 0 95.4004 0.670911 1.70702 0.866023 60.8401 85.3419 7.84803 0.240865 60.1107 64.3208 18.3719 20.7705 53.8246 0.315781 2.19744 
53.4165 12.2368 1.10724 8.08119 55.949 4.06952 46.1187 0.0959843 16.6514 30.2515 194.797 158.398 147.844 0 47.1512 10.888 12.3732 40.9112 15.969 0.581436 9.60364 9.92637 1.80458 3.85721 16.2763 11.9075 9.95126 6.15602 
5.20163 5.7855 26.1412 11.3496 24.1973 7.698 4.68121 122.265 47.7206 127.002 402.594 230.335 57.8269 1.29682 0 0.000432853 0.777708 4.53364 0.582711 11.3611 57.6985 1.0814 25.0564 27.8675 20.7699 11.0797 1.56524 4.21813 
59.2823 53.7294 21.7145 6.49614 19.5484 7.69414 42.3089 60.9645 151.657 86.6736 200.656 253.262 60.9578 17.1055 79.6513 0 0.970546 2.06527 30.6056 0.00103482 55.1844 8.12706 8.32667 0.213441 3.56203 24.7849 9.06935 22.2723 
82.2596 81.2501 4.62448 105.06 41.1077 76.5952 48.5965 99.7226 115.489 20.0588 21.0471 0.724615 48.3882 0.671536 19.4882 3.96978 0 0.00823039 202.811 7.93563 46.8992 12.2013 19.1213 16.3489 75.2085 20.9139 14.3969 20.0362 
236.028 317.456 132.312 126.543 3.99817 103.44 215.989 167.4 147.309 141.303 75.5465 103.669 87.7969 50.6804 67.0212 58.059 72.6028 0 133.239 47.2411 74.1441 10.5279 16.3673 4.58932 56.8956 17.0406 31.4521 49.767 
64.5579 107.738 4.09471 0.27981 4.27461 53.6283 151.046 9.79883 11.8197 8.15464 64.9296 85.0234 74.9187 1.20044 31.944 14.7189 6.99852 2.69745 0 0.0323026 64.791 25.0048 17.7961 2.85549 17.2436 25.4969 15.253 0.0009412 
199.671 133.753 26.6569 28.2871 19.6149 23.6981 46.1668 112.841 1.22908 54.5822 81.1071 0.160967 9.09868 0.55085 11.782 7.12609 14.2783 19.5437 17.6515 0 284.389 4.2819 2.43229 2.98439 12.8838 0.657134 2.86877 6.0808 
49.5271 8.70667 107.628 153.929 129.798 70.4665 0.397047 56.8574 37.5388 14.3177 1.95728 7.43928 31.7162 13.0734 24.3143 7.53449 59.8253 81.8705 72.7041 308.254 0 8.78512 39.6742 23.9152 10.4552 60.0098 1.42106 0.925517 
32.7833 8.96154 4.02554 16.0951 56.9884 5.18911 62.6197 53.8557 67.7866 53.8777 77.7357 62.6828 69.1311 2.11685 11.072 3.20773 12.4322 42.2977 25.4131 5.98803 25.9401 0 13.9734 2.16918 21.4752 5.14714 10.8078 8.86541 
23.9962 57.041 6.31714 7.88011 36.0836 11.1274 7.83042 72.8052 0.522297 58.0306 50.919 73.4671 13.602 0.395339 24.34 3.86802 15.0159 30.7722 13.4277 0.0833383 0.183843 2.7892 0 20.6267 21.2846 2.85227 0.923685 0.0715594 
29.5623 8.31345 0.280399 26.0589 35.711 10.3852 65.1353 48.3111 26.473 0.603462 104.933 9.61774 61.5008 0.405248 2.8264 6.85543 9.63587 25.5544 23.4046 6.14787 42.7863 1.5477 7.74734 0 14.4228 0.582162 18.615 1.75673 
77.3995 135.026 24.6242 105.576 39.4613 90.7936 88.5489 145.563 141.775 56.9421 43.5209 781.889 0.0490479 0.000818779 31.3597 36.1382 76.9657 4.82403 25.7741 3.47601 58.8029 36.8589 7.61641 72.6457 0 35.7299 60.8905 135.619 
0.27361 23.7267 26.0024 44.6635 62.8895 8.48423 0.358891 59.9496 65.6011 32.6886 30.2323 355.6 53.6003 11.1109 8.22081 17.5114 1.64013 26.5838 24.7989 5.93112 61.8879 2.36755 4.46775 7.41417 21.7533 0 19.9536 39.7464 
1.21871 26.163 15.9266 14.3835 49.1384 19.1146 40.281 98.9995 24.6768 0.41388 4.22341 120.788 14.8754 9.40926 0.121105 18.5393 6.8846 43.9415 20.0121 1.34957 17.0041 2.86384 2.23395 0.00372972 8.85125 24.6835 0 5.81635 
55.005 40.8428 0.0495044 28.4588 9.66222 20.1381 20.5929 8.28019 25.2637 7.55523 3.22626 15.1134 36.7762 0.66039 15.4519 21.0009 19.2657 50.8942 0.325406 4.55023 41.7491 3.0438 10.1256 1.53238 13.6561 62.7898 88.2923 0 
