0 743.711 10.4178 284.726 152.8 316.164 171.566 302.669 253.197 135.162 8.70362 16.0588 23.3924 45.7256 71.5724 52.8854 241.99 227.349 64.7335 227.532 63.8803 21.8716 42.755 3.3437 253.359 0.692604 5.60976 1.76173 
756.158 0 468.528 408.98 36.8755 284.398 526.198 88.9991 583.77 74.6165 224.273 18.0142 109.428 34.6569 17.3543 1.38244 307.333 788.39 46.6924 59.1185 3.98757 6.90277 56.9071 0.917889 218.644 29.3743 53.5964 58.0044 
19.2679 54.6559 0 47.5999 24.0457 4.34979 37.9184 175.717 442.434 45.6157 22.7237 133.958 63.903 15.9584 0.395646 1.67665 55.4597 16.4045 59.4783 26.7941 59.2154 11.7522 7.02172 14.9013 13.0609 20.7737 0.601713 9.62025 
439.652 406.071 222.957 0 0.255006 220.303 12.5656 914.738 525.903 53.9281 24.4608 124.998 72.5826 0.277161 22.9 37.6473 252.076 109.931 2.82001 0.31866 650.181 15.127 9.3917 14.0686 222.388 21.6459 1.78724 32.0142 
163.117 216.602 132.971 57.9137 0 191.3 54.6052 34.3574 247.491 236.294 249.646 108.068 3.41865 43.1356 18.4634 59.6806 10.3006 200.054 96.4113 22.6877 0.9106 3.63705 55.6659 56.3646 59.2053 0.0129347 8.46095 8.86255 
340.13 220.988 62.4483 212.89 968.185 0 580.401 7.12537 230.607 748.83 153.423 27.4242 569.378 16.2713 10.6796 12.7527 245.167 121.363 48.8579 21.4177 74.8211 3.07147 16.3102 17.4547 238.993 23.3194 0.042262 14.3609 
123.85 0.605772 98.5082 65.6049 0.915502 1.79785 0 281.835 1305.07 262.432 480.661 206.637 45.6661 1.38894 44.0218 67.9109 69.8458 77.3685 44.7969 4.84588 126.994 1.73474 0.000213651 58.9278 88.5239 93.0867 21.9933 52.6348 
209.025 245.896 124.498 17.8569 18.6969 165.321 141.854 0 659.202 85.5629 313.106 911.632 140.628 59.8899 9.47092 73.0383 0.766246 99.6874 10.8473 2.33247 193.682 46.1481 84.5115 46.3773 150.49 231.259 1.60454 5.45744 
312.806 229.388 41.0085 229.585 201.84 231.941 12.1901 660.669 0 4.26992 935.77 346.676 111.787 56.8626 270.194 0.814752 272.053 65.3996 69.1682 101.22 64.1807 22.1539 8.8453 99.9082 301.393 69.2515 4.68337 13.0464 
3.62623 101.976 57.6261 92.8221 190.484 423.011 508.017 145.119 357.757 0 53.3095 193.895 281.897 11.7158 1.90834 74.2972 72.0662 24.7934 26.707 56.3653 38.9827 44.1487 57.719 21.9655 33.1528 2.7497 13.5088 10.6882 
65.8416 133.627 64.261 191.794 155.857 57.8105 56.9918 210.158 70.2193 119.063 0 222.981 200.644 207.234 385.143 31.3805 84.1279 52.5796 45.542 86.4893 6.20121 43.5862 3.77329 126.199 76.3492 164.424 44.451 49.1197 
152.277 0.532428 181.573 13.9265 167.866 156.924 280.977 869.051 371.593 3.00536 24.5276 0 136.175 166.569 24.0183 489.585 0.200355 70.3148 6.69848 67.7851 160.733 76.6224 120.717 18.7395 17.6272 0.712486 68.275 41.4562 
108.348 42.2291 4.16244 13.3531 164.511 84.4973 213.155 73.3929 10.032 318.267 52.272 158.633 0 87.9884 0.22246 2.32828 0.69505 62.3524 85.1676 8.26108 0.348482 57.9491 66.6404 17.0994 19.9979 54.0675 0.388399 1.97741 
53.5501 13.1478 1.28128 7.69089 55.0056 4.43639 43.9255 0.00169417 14.2644 28.1781 189.67 160.516 150.937 0 41.9097 9.95179 12.5885 40.3356 16.2997 0.617105 10.043 10.0558 2.34686 4.22993 16.3636 12.061 9.85922 6.33938 
4.59912 6.75176 26.8697 10.5765 22.5645 6.83445 3.28255 127.817 54.0841 128.924 407.239 239.377 54.0331 0.160498 0 0.85952 0.676401 4.05126 0.722064 11.3033 57.5498 0.938823 24.8339 28.0241 20.0516 10.2501 1.41802 3.89383 
57.8537 55.2554 22.0907 5.66176 20.6534 8.22627 44.6668 50.9201 152.115 85.5151 206.571 208.943 62.7575 16.4709 84.5762 0 1.07714 2.38019 30.6125 0.000175452 55.8199 7.9471 7.93441 0.0246515 3.11192 25.8683 9.37793 22.4134 
221.425 223.359 5.22804 246.291 44.4503 217.473 50.4865 99.6284 257.476 18.9386 22.0854 0.926001 49.0643 0.599019 19.8026 4.16904 0 0.455969 537.981 8.32868 46.1574 12.3729 19.1067 16.1933 215.314 20.6765 14.5571 20.1947 
236.53 354.684 127.978 123.799 2.4684 101.173 212.302 169.218 142.457 142.335 72.4597 105.939 88.9412 50.369 67.3399 58.4483 84.1672 0 130.916 45.5511 76.031 10.8651 16.8283 4.90663 56.5815 17.7704 31.8187 49.9431 
62.2554 112.233 3.46969 0.455245 8.29948 51.0436 149.401 10.8461 10.1468 6.79426 62.6675 84.0208 75.81 1.3414 31.5316 14.3425 13.3908 1.83483 0 0.00844305 64.2228 25.0667 17.5931 2.70043 17.5699 25.7561 15.0614 0.00627146 
207.346 131.554 26.3811 26.8258 21.2525 23.8319 44.189 113.753 1.70445 54.887 80.4376 0.327654 9.53486 0.516917 11.7839 7.00054 13.8245 18.1526 18.1826 0 301.792 4.33134 2.47318 3.058 12.7925 0.735611 2.95924 6.20717 
43.2653 7.04683 110.163 148.392 130.33 69.7345 0.169632 52.5937 40.7247 15.3379 1.43054 8.79767 30.853 12.5933 25.091 6.90927 60.346 80.0334 72.6576 292.365 0 9.01583 39.7551 23.3298 11.0843 60.3962 1.27352 1.08968 
32.4741 9.40439 3.89981 16.0231 56.9823 4.92739 62.7312 54.495 68.0761 54.5321 77.4646 61.8695 67.1759 2.30462 11.3661 3.37902 12.2608 42.2742 25.4251 5.96204 26.1502 0 13.6983 2.40209 21.2947 5.26991 10.9019 8.93687 
23.4119 57.0411 6.12071 8.16931 36.799 10.8774 7.08048 74.5819 0.843539 57.5498 54.2333 76.483 15.4885 0.698062 23.9263 4.25384 14.8797 31.2149 13.1909 0.0720093 0.245618 3.16595 0 20.1383 21.6828 3.02018 0.823812 0.096013 
28.711 7.7271 0.353198 26.1945 36.4072 10.661 64.4381 51.7298 24.8523 0.406784 107.294 12.6822 60.5108 0.566085 3.46589 8.3022 9.82156 25.0215 23.4754 6.12088 43.1441 1.75076 6.18388 0 12.7539 0.732318 18.7379 1.60799 
217.033 274.3 24.2517 245.058 38.5437 230.619 87.8801 140.012 284.796 57.9864 46.8426 747.742 0.108056 0.0125236 31.2943 47.4528 217.039 5.22613 26.0162 3.63105 59.0687 54.9125 8.18995 73.4873 0 63.5668 54.5779 104.05 
0.126923 22.402 25.7164 44.6309 62.2098 8.00597 0.150991 68.5 69.1485 34.2597 34.0484 371.478 53.8632 10.9061 7.46167 18.7938 1.51052 27.3884 24.5213 6.09944 62.1229 2.26666 4.65284 7.03108 22.8657 0 18.8889 42.9152 
1.40013 25.5708 16.1066 14.0146 49.1495 19.0093 39.5898 98.5685 25.6537 0.315119 3.70835 120.693 14.502 9.30379 0.0814962 18.6155 7.03952 43.8208 20.1625 1.28304 16.5872 2.97303 2.08511 0.000414541 8.1179 25.6904 0 3.39603 
55.4968 41.6668 0.022549 28.0584 10.1665 20.3425 21.5935 9.8314 26.7388 8.14004 2.56885 18.1912 37.1763 0.746699 15.044 21.2659 19.4344 50.7968 0.272696 4.42665 42.2027 2.95489 10.1361 1.6781 13.6555 61.8621 85.5396 0 
