0 954.553 16.9064 496.671 140.636 496.088 182.996 305.837 445.18 138.322 11.1916 20.271 25.3135 46.4419 71.6684 54.8976 428.443 230.661 61.6628 223.851 54.7547 21.3496 42.2959 3.89315 435.827 0.372453 6.09758 1.40568 
908.111 0 449.026 615.857 62.8961 482.268 521.202 77.9332 780.277 64.9907 216.526 14.3475 105.846 36.2448 19.4082 1.97188 496.082 749.674 41.2588 64.9976 2.54974 6.3858 56.7891 0.657755 401.877 31.2741 53.3739 57.2915 
27.5776 98.8504 0 19.4346 30.8024 2.79182 26.6531 158.971 413.273 41.2913 15.6941 140.993 62.6381 16.1345 0.184456 1.30901 55.5961 12.3367 58.7954 27.0862 64.0319 11.6591 6.76094 15.0434 12.3415 20.0745 0.716385 10.072 
592.491 613.098 240.343 0 0.000126932 402.704 8.11786 1019.25 718.565 50.46 30.3317 111.067 72.3062 0.409184 24.0296 36.5491 435.016 114.35 3.49385 0.716828 647.184 15.2626 9.78323 14.7288 405.456 20.1253 2.0371 31.732 
151.075 261.302 141.505 64.3033 0 161.098 36.2366 29.419 263.609 217.656 253.281 112.539 5.1796 44.6296 16.5053 58.3196 7.95567 206.129 114.536 24.991 1.46086 3.19207 55.4255 56.2933 60.0042 0.079615 8.95038 8.22926 
522.286 400.398 60.5961 396.505 908.291 0 603.04 3.98607 400.54 488.193 169.346 31.6726 555.821 15.7209 9.38195 11.9755 430.669 122.38 52.3221 21.7973 75.3659 3.3659 16.2385 17.5765 422.831 23.8212 0.0190749 13.9495 
135.926 1.30661 115.164 75.2868 5.75401 36.7344 0 259.203 1244.94 215.658 486.021 196.181 38.8004 2.17176 49.3505 70.9092 67.393 69.2599 49.5654 3.74932 124.668 2.12896 0.0319548 60.1069 89.3261 94.3917 21.0622 51.292 
222.035 254.63 107.592 0.552287 22.7923 156.667 164.961 0 646.319 77.8622 299.262 983.496 142.105 55.8784 6.29416 58.8645 0.483891 95.0246 9.46179 3.34586 190.247 47.1395 82.4707 41.9562 157.278 233.446 2.21104 7.20245 
486.906 405.239 73.4153 425.25 183.975 401.213 10.2586 649.674 0 10.6692 128.891 331.461 118.46 51.2757 307.777 1.83579 453.858 71.7318 64.8585 99.9649 59.2696 21.0838 7.41401 100.109 482.109 73.9874 5.36418 14.5941 
5.18982 112.534 62.0759 95.0855 170.53 375.7 507.366 152.673 369.022 0 25.1026 201.626 264.282 9.77902 0.695049 76.7519 70.7976 27.7803 23.641 56.3849 40.8543 42.898 58.3336 23.3667 34.9015 2.01772 14.1968 11.5859 
60.5419 143.786 53.0872 187.411 146.301 45.1697 37.1938 192.259 55.3536 76.4319 0 189.319 192.031 202.845 399.538 40.5622 85.1867 56.4498 42.6806 86.4673 4.94239 45.0451 5.4153 124.847 81.1253 162.805 46.0886 51.8538 
159.538 1.44646 178.35 20.8919 165.479 155.539 277.941 759.315 381.869 5.50253 41.1646 0 138.961 166.296 34.6717 469.872 0.355381 73.5827 7.63865 69.8221 158.88 76.5962 122.378 24.2448 7.91945 7.2715 71.4561 35.6539 
107.883 38.6635 3.35442 12.1258 161.259 93.753 209.977 69.8924 7.3345 307.694 44.2125 159.113 0 77.9757 6.04492e-05 3.301 0.496049 64.3567 84.8675 8.8243 0.522658 55.0178 69.6272 15.4519 18.9779 54.3545 0.496775 1.70128 
53.695 14.4015 1.53128 7.17822 53.7144 4.94359 41.0158 0.100532 11.3471 25.4726 181.998 162.86 154.008 0 34.3535 8.70084 12.8745 39.5548 16.7381 0.666071 10.6395 10.2151 3.14036 4.73474 16.4588 12.2495 9.73251 6.58331 
3.84987 8.14653 27.8 9.57308 20.4496 5.74841 1.7962 134.991 63.118 130.992 407.136 249.989 49.0122 0.345746 0 4.72971 0.552082 3.44795 0.93061 11.2209 57.3193 0.763614 24.4184 28.1196 19.0784 9.17038 1.23222 3.47776 
55.9061 57.2614 22.5592 4.62614 22.1552 8.95112 47.8334 38.6307 152.365 83.7999 213.466 152.031 65.0818 15.5261 88.6395 0 1.22751 2.83323 30.6073 0.00544565 56.6303 7.70398 7.40021 0.0625853 2.60556 27.2213 9.78932 22.5672 
404.162 410.159 6.08403 431.684 49.024 402.454 53.0148 99.4462 443.904 17.4811 23.4963 1.2324 49.9502 0.508611 20.2183 4.44084 0 2.8708 159.622 8.86251 45.1587 12.6009 19.0829 15.9829 399.222 20.3554 14.7695 20.4024 
236.542 398.536 121.889 119.913 0.995931 98.01 206.926 171.46 135.877 143.54 68.372 108.916 90.4207 49.9306 67.722 58.935 100.326 0 127.625 43.2941 78.5249 11.3202 17.4468 5.3443 56.1384 18.7572 32.3027 50.1613 
59.1762 118.104 2.71265 0.754593 15.6413 47.569 146.939 12.3159 8.1025 5.16363 59.6552 82.6448 76.9452 1.54087 30.9666 13.8415 24.8444 0.940212 0 0.000638404 63.4389 25.1417 17.3185 2.49959 18.0033 26.0933 14.8048 0.0206952 
215.883 128.255 25.9633 24.8627 23.5069 23.985 41.5611 114.815 2.4565 55.2505 79.4887 0.640649 10.1278 0.473156 11.7804 6.83029 13.2231 16.3577 18.8909 0 319.326 4.39676 2.52742 3.15623 12.6647 0.846643 3.08126 6.37535 
35.4443 5.09693 113.305 148.718 130.929 68.7059 0.0145393 47.0834 45.1163 16.7423 0.855427 10.7751 29.7086 11.9617 26.1312 6.11292 61.0182 77.5566 72.5612 266.046 0 9.32618 39.8493 22.5499 11.9451 60.8716 1.08904 1.3289 
32.0547 10.0076 3.7339 15.9224 56.9472 4.58572 62.8437 55.3287 68.4303 55.3614 77.0569 60.7581 64.4834 2.56393 11.7532 3.61153 12.0317 42.2318 25.4336 5.92621 26.4265 0 13.2949 2.72712 21.032 5.4337 11.0245 9.03014 
22.6329 57.0092 5.85909 8.55705 37.7433 10.5398 6.13339 76.8948 1.38974 56.8491 58.7017 80.4561 18.1524 1.22081 23.265 4.78139 14.6957 31.7992 12.8741 0.0581717 0.341775 3.69498 0 19.1091 22.1636 3.24836 0.699003 0.134129 
27.5764 6.97404 0.462976 26.3473 37.3268 11.0262 63.4611 56.3584 22.7455 0.204407 110.29 17.3692 59.1224 0.819361 4.40375 10.3536 10.0695 24.3104 23.5625 6.08244 43.6033 2.03802 4.27263 0 10.69 0.957832 18.8822 1.41873 
400.362 457.057 23.732 428.096 37.315 414.141 86.8976 132.33 472.56 59.3319 51.3689 1117.35 0.222435 0.0496744 31.1513 61.4991 400.903 5.78482 26.3316 3.84108 59.3901 71.4109 9.01421 72.8662 0 90.5182 132.494 41.5918 
0.0178779 20.6738 25.3 44.4966 61.2659 7.38135 0.0115889 80.3972 73.8849 36.3646 39.393 387.405 54.177 10.6202 6.48949 20.4798 1.34555 28.4648 24.1438 6.32378 62.3942 2.13466 4.90067 6.52479 24.3491 0 17.4704 46.9467 
1.66101 24.7823 16.3405 13.5225 49.1496 18.8619 38.6597 97.9108 26.9717 0.204238 3.07154 120.415 14.0073 9.15969 0.0408103 18.7018 7.24752 43.6493 20.3597 1.1966 16.0345 3.12081 1.89325 0.016619 7.27408 26.9998 0 1.15385 
56.1228 42.7552 0.00288139 27.5034 10.8544 20.6044 22.9488 12.0887 28.7465 8.94793 1.80632 22.6813 37.6974 0.869435 14.4931 21.5883 19.656 50.6499 0.209591 4.26289 42.7938 2.83758 10.1444 1.88124 13.6483 60.1182 80.9876 0 
