0 986.828 28.6563 552.739 123.089 501.677 198.703 308.135 469.331 142.476 15.2761 27.0882 28.1658 47.4229 71.6826 57.7163 443.828 234.167 57.2345 216.269 42.5497 20.598 41.6001 4.75023 445.397 0.084458 6.82932 0.962869 
859.394 0 397.301 657.764 110.237 514.789 501.439 62.8899 805.765 51.9289 204.566 9.76535 100.54 38.5247 22.5076 2.99665 514.51 256.115 33.8671 73.5105 1.03867 5.67327 56.5562 0.35902 412.66 34.0449 53.0157 56.2125 
41.6428 177.225 0 14.3886 41.6482 1.13845 13.6332 134.41 357.899 35.251 7.75129 150.511 60.7071 16.348 0.0201115 0.856568 55.666 7.43868 57.6584 27.3998 70.9443 11.5175 6.38483 15.223 11.3162 19.033 0.897975 10.7243 
558.333 655.333 182.14 0 0.566995 412.508 3.37543 1231.69 737.598 45.5008 39.6555 91.4652 71.7858 0.642828 25.6269 34.8265 445.234 120.323 4.58038 1.56175 217.883 15.4486 10.3458 15.6713 415.969 17.9593 2.42241 31.2705 
133.553 325.463 152.89 73.6785 0 99.51 16.0109 22.9011 285.209 189.629 257.322 118.858 8.32455 46.7444 13.8455 56.2919 5.09161 213.983 141.52 28.4242 2.47542 2.60051 55.0203 56.1331 61.0908 0.274662 9.6725 7.35352 
530.82 408.613 57.4192 408.125 192.328 0 888.087 1.04461 409.362 789.054 191.383 38.1696 621.941 14.9038 7.625 10.8685 444.581 123.405 57.2232 22.301 76.0244 3.80784 16.1094 17.7259 434.333 24.4985 0.00168814 13.3523 
153.232 15.1117 139.337 89.641 19.7993 253.578 0 225.466 1022.04 151.119 485.607 180.551 29.7252 3.59312 57.2455 75.09 63.8224 58.0826 56.6389 2.41104 121.11 2.76347 0.208409 61.7206 90.2905 96.0182 19.7408 49.3212 
239.704 265.856 84.1793 37.4542 29.2977 143.499 199.053 0 612.08 67.109 277.59 1029.18 143.961 50.1676 2.83433 40.5009 0.190835 88.3054 7.62271 5.11023 184.73 48.5404 79.3911 35.8304 166.223 234.161 3.24814 10.1063 
484.92 409.913 132.363 458.214 158.225 409.039 158.158 617.966 0 24.6856 301.225 307.208 127.927 43.6112 302.529 4.00694 462.478 81.086 58.7368 97.9468 52.401 19.5725 5.56271 100.184 489.041 80.7703 6.41733 16.9431 
7.90647 127.807 68.4131 98.0292 141.813 287.476 491.463 163.16 380.517 0 2.69278 211.879 235.7 7.2664 0.00187622 80.0111 68.8855 32.2961 19.4901 56.3227 43.5666 41.056 59.0936 25.408 37.4179 1.15953 15.2027 12.9225 
53.1459 158.272 38.4354 180.049 132.425 29.2865 15.7128 166.49 79.0669 30.121 0 143.234 178.918 194.601 408.051 55.3061 86.6299 62.1311 38.6533 86.3049 3.37585 47.1281 8.26606 122.477 87.9247 159.643 48.4344 55.7967 
169.598 3.53561 172.674 33.0953 161.703 152.92 272.034 574.145 393.251 10.3613 71.7164 0 142.698 164.878 52.7908 419.795 0.655092 78.2864 9.08828 72.6678 155.887 76.4703 124.336 33.1832 42.6585 28.2484 75.9714 27.9055 
107.049 33.722 2.33959 10.4461 156.06 95.9442 204.305 64.8791 4.1752 287.725 33.5896 159.444 0 63.6297 0.434398 4.98092 0.268314 67.2076 84.3014 9.65774 0.834124 50.7301 73.6786 13.1915 17.5352 54.6922 0.675553 1.33949 
53.8364 16.2768 1.92523 6.45896 51.7963 5.70592 36.884 0.691106 7.7118 21.7248 169.468 165.243 156.227 0 23.2459 6.93625 13.2835 38.4075 17.3627 0.739174 11.5175 10.4168 4.37242 5.4669 16.5533 12.4866 9.54268 6.93208 
2.88369 10.3568 29.0473 8.19206 17.5451 4.32899 0.434014 144.75 77.0266 132.944 394.474 262.052 41.9389 3.95613 0 15.1701 0.395138 2.66192 1.2753 11.0915 56.9237 0.542206 23.5922 28.0288 17.6562 7.68215 0.986644 2.91425 
53.0302 60.0781 23.1633 3.30189 24.3662 10.0194 52.4092 23.5255 152.003 81.0091 221.242 80.5543 68.2535 14.0003 89.0007 0 1.45991 3.5498 30.5709 0.0258483 57.7189 7.3491 6.61749 0.693023 2.07268 28.9554 10.3794 22.7182 
414.307 426.396 7.41265 445.44 55.7985 415.733 56.6546 99.0712 459.197 15.4627 25.5756 1.74811 51.1914 0.391336 20.8081 4.84332 0 9.9069 220.714 9.64835 43.7048 12.9269 19.0399 15.6752 410.881 19.8852 15.0724 20.6936 
235.246 435.081 112.598 113.907 0.0295181 93.2061 198.331 174.306 126.248 144.925 62.5692 113.086 92.4498 49.2551 68.1843 59.5689 124.594 0 122.533 40.0537 82.0584 11.9845 18.343 6.00187 55.4534 20.2016 32.9887 50.4413 
54.748 126.244 1.78142 1.31452 29.9228 42.5549 142.881 14.5713 5.54807 3.1977 55.3454 80.5924 78.4671 1.85021 30.126 13.1244 45.8313 0.172008 0 0.0375013 62.2608 25.2348 16.916 2.223 18.6228 26.5604 14.4338 0.056067 
224.435 122.819 25.2664 22.0348 26.8776 24.1537 37.817 116.028 3.77048 55.6861 78.0154 1.27092 11.0014 0.413299 11.7636 6.58035 12.3676 13.9062 19.9071 0 331.738 4.48979 2.60479 3.29746 12.4694 1.01877 3.25928 6.61612 
25.3693 2.83434 117.319 167.038 131.564 67.1261 0.0889059 39.5516 51.6896 18.8459 0.285528 13.9413 28.0786 11.0722 27.6328 5.04528 61.9394 73.9493 72.3541 220.329 0 9.77788 39.9571 21.4315 13.2243 61.4743 0.848522 1.71307 
31.4379 10.8994 3.49911 15.7678 56.8427 4.11016 62.9327 56.4886 68.8751 56.464 76.3792 59.1093 60.4641 2.95298 12.2981 3.95325 11.701 42.1489 25.4306 5.8724 26.816 0 12.6471 3.22103 20.6108 5.66902 11.1948 9.16014 
21.5152 56.8994 5.48445 9.11762 39.0795 10.0471 4.88127 80.0974 2.40819 55.7257 65.1842 86.0404 22.2511 2.17712 22.1085 5.55847 14.4265 32.6259 12.417 0.0408321 0.50747 4.50203 0 16.9646 22.7488 3.58403 0.536686 0.199867 
25.9495 5.95133 0.645837 26.5104 38.6298 11.5449 61.9654 63.1128 19.8349 0.0341339 114.268 25.2363 56.998 1.25644 5.90631 13.4604 10.4263 23.2882 23.673 6.02231 44.2267 2.48203 2.02869 0 8.10289 1.33116 19.05 1.16537 
411.293 466.98 22.9415 438.428 35.5408 425.218 85.3078 120.83 489.673 61.1665 58.0337 1168.54 0.45799 0.145984 30.835 74.0065 412.497 6.63198 26.7695 4.14928 59.7851 68.1851 10.3089 68.88 0 82.4464 184.115 33.9045 
0.0347321 18.2733 24.6338 44.1229 59.8366 6.51273 0.0877721 98.2277 80.6681 39.3986 47.5275 398.849 54.5538 10.1854 5.18233 22.8208 1.12434 30.0171 23.5869 6.64549 62.6995 1.95024 5.25794 5.80967 26.4658 0 15.4483 52.2095 
2.07359 23.653 16.6643 12.8158 49.1204 18.6362 37.3081 96.8014 28.8938 0.086686 2.25785 119.718 13.303 8.94598 0.00671267 18.795 7.54925 43.3816 20.6364 1.077 15.2473 3.33743 1.6312 0.0811208 6.35888 28.8016 0 0.00174511 
56.9618 44.2968 0.00723359 26.6657 11.8731 20.9589 24.9352 15.6961 31.706 10.1629 0.941985 29.8555 38.4207 1.06079 13.6898 21.9876 19.9679 50.4043 0.133313 4.02979 43.6146 2.67164 10.1452 2.1903 13.6156 56.6624 72.9088 0 
