0 601.831 50.486 247.146 97.5981 118.175 219.857 306.601 115.457 147.717 22.3542 38.6799 32.5579 48.7617 71.436 61.6924 75.5186 236.558 50.7077 221.617 26.8443 19.4861 40.4969 6.15731 68.3468 0.0333031 7.97438 0.459612 
374.672 0 284.273 319.794 196.042 172.154 447.562 42.9289 442.349 34.6917 185.386 4.5522 92.416 41.8705 27.3704 4.88406 150.069 820.009 23.9972 85.9928 0.0262779 4.68852 56.076 0.0813722 37.6393 38.2027 52.4048 54.5057 
66.0999 304.266 0 81.8829 59.6666 0.0269983 2.12915 98.5539 257.31 26.8463 1.03007 163.025 57.6282 16.5753 0.0805646 0.35891 55.4962 2.39602 55.6574 27.6288 80.9783 11.2922 5.82864 15.434 9.82987 17.4283 1.20181 11.6903 
120.53 318.06 2.45192 0 3.4011 36.5562 0.105901 1039.43 362.866 38.3088 55.0786 64.3045 70.7552 1.08081 27.9088 32.0081 69.076 128.209 6.43014 3.37529 234.021 15.7039 11.1729 17.041 40.4941 14.8402 3.04642 30.4722 
107.773 412.811 167.357 87.703 0 14.9711 0.904896 14.6229 312.881 147.165 260.651 127.906 14.2445 49.7836 10.2783 53.1571 1.99955 223.526 181.692 33.7182 4.44922 1.83265 54.2945 55.7723 62.5576 0.775917 10.778 6.13701 
151.035 36.2957 51.7556 34.9627 597.153 0 1568.15 0.180986 68.3485 470.349 220.892 48.4921 346.274 13.6502 5.29846 9.26894 73.8731 123.96 64.1813 22.9501 76.7239 4.4987 15.8634 17.8901 60.0441 25.3976 0.0104794 12.4603 
178.138 61.3059 173.814 111.227 54.6822 708.909 0 174.83 530.887 70.1358 467.632 156.564 18.2476 6.31201 69.2221 80.931 58.4772 42.8403 67.4415 0.963131 115.419 3.84451 0.750244 63.9185 91.2988 97.8641 17.8292 46.3337 
262.999 279.279 52.9111 142.236 40.1432 122.928 249.48 0 531.825 52.1102 242.534 963.555 146.113 41.9387 0.205194 18.8215 0.00289698 78.4076 5.24695 8.35982 175.412 50.5532 74.557 27.3856 177.424 229.962 5.12986 15.2075 
92.1416 35.9186 235.287 123.638 121.068 66.6291 606.41 540.775 0 54.9007 820.023 267.266 141.489 33.2603 209.987 8.68524 84.0405 95.3109 49.9226 94.5239 42.7449 17.4032 3.29118 99.8312 107.888 90.6201 8.12985 20.6642 
12.8934 150.117 77.5005 101.664 100.946 140.545 438.223 177.648 386.725 0 11.4134 224.934 188.675 4.18582 1.26415 84.1835 65.8817 39.4019 13.9705 56.0359 47.6084 38.254 59.9428 28.4646 41.1194 0.320248 16.7221 14.9907 
42.7929 179.106 20.4943 167.09 111.922 11.6125 0.552232 129.257 109.408 0.253389 0 83.2742 158.304 178.635 393.529 79.7055 88.5865 70.7302 32.9198 85.7837 1.59687 50.165 13.4862 118.091 97.7158 153.246 51.8709 61.6129 
183.47 8.26319 162.198 55.2822 155.42 147.743 260.126 293.084 402.295 20.1622 128.967 0 147.6 160.613 84.4424 311.171 1.26289 85.2176 11.4361 76.6724 150.782 76.0943 126.274 48.2967 92.0538 80.9608 82.4712 17.924 
105.462 26.8717 1.16572 8.15855 147.33 83.9634 193.684 57.5528 1.10805 249.525 20.2388 159.155 0 43.4682 2.68815 8.0435 0.0586014 71.3405 83.178 10.9376 1.42536 44.3094 79.0514 10.1103 15.4615 55.0279 0.988949 0.881845 
53.9004 19.1921 2.57763 5.44029 48.8416 6.89465 30.9455 2.5219 3.61804 16.5619 148.291 166.57 154.653 0 9.04945 4.51799 13.8821 36.6632 18.271 0.852852 12.8562 10.6534 6.22642 6.53528 16.6 12.7609 9.24632 7.44131 
1.70269 14.0413 30.6735 6.30178 13.5772 2.56611 0.123821 157.696 98.9954 133.56 350.892 272.265 31.9957 15.4334 0 37.917 0.210644 1.68013 1.87987 10.8776 56.2024 0.282618 21.9152 27.4068 15.5271 5.65359 0.67143 2.16126 
48.6482 64.0692 23.8972 1.72809 27.7294 11.6416 59.1556 7.63591 149.917 76.2382 227.771 12.6817 72.5238 11.4873 77.9542 0 1.83786 4.74646 30.4548 0.0835838 59.1558 6.81542 5.45312 2.80075 1.72337 30.9899 11.2442 22.7882 
38.5137 60.0685 9.57481 74.5064 66.1311 44.3505 62.0171 98.2747 90.6385 12.6593 28.7487 2.67094 52.951 0.245694 21.661 5.46255 0 27.5551 100.756 10.8459 41.522 13.4047 18.9576 15.2096 36.943 19.1731 15.5143 21.1073 
230.528 430.203 97.9976 104.248 1.10192 85.6301 183.947 177.67 111.793 146.204 54.204 118.986 95.227 48.1618 68.6775 60.3605 161.298 0 114.307 35.3064 87.145 12.9872 19.68 7.03303 54.3396 22.3853 33.9798 50.7816 
48.2482 137.461 0.755352 2.41653 58.127 35.2207 135.836 18.1969 2.63319 1.13719 49.0567 77.4086 80.4685 2.35507 28.8266 12.0736 81.562 0.165483 0 0.195589 60.414 25.3401 16.3058 1.84105 19.5285 27.2114 13.8815 0.13987 
228.401 113.443 24.0411 17.9176 32.0984 24.2907 32.4018 117.13 6.20195 56.1392 75.612 2.58657 12.3352 0.3316 11.7129 6.20113 11.1264 10.5866 21.3991 0 320.699 4.6249 2.71762 3.50571 12.1561 1.29933 3.52759 6.96909 
13.2963 0.688077 122.072 213.931 132.011 64.5844 0.839747 29.3748 61.8875 22.126 0.00192576 19.2879 25.7072 9.80094 29.8584 3.64083 63.2001 68.5411 71.9008 144.561 0 10.4565 40.0563 19.7893 15.1991 62.1872 0.547071 2.36651 
30.4978 12.2678 3.1609 15.5189 56.5721 3.44387 62.9069 58.1145 69.3917 57.8914 75.183 56.5695 54.2739 3.5581 13.074 4.47201 11.2104 41.9788 25.3933 5.78796 27.3741 0 11.5612 4.00193 19.8967 6.01582 11.4332 9.34309 
19.8718 56.5997 4.93627 9.94939 41.0021 9.30661 3.27651 84.5325 4.40599 53.8256 74.7779 93.9291 28.7964 3.90145 20.0081 6.72335 14.019 33.8172 11.739 0.0207667 0.811209 5.77311 0 12.7643 23.3713 4.09375 0.334701 0.320367 
23.5632 4.57411 0.96878 26.6279 40.5087 12.2946 59.5684 73.1892 15.8164 0.0444226 119.377 39.0275 53.6057 2.04296 8.40417 18.1116 10.9537 21.7805 23.8042 5.92318 45.0668 3.19918 0.174913 0 5.24987 1.98333 19.2106 0.83307 
36.5116 90.3164 21.6873 62.3912 32.9108 50.3727 82.591 103.196 123.54 63.6459 68.1128 748.208 0.958415 0.37978 30.1341 67.9817 38.4589 7.97559 27.3821 4.61687 60.2222 20.9556 12.4281 58.6224 0 16.0861 47.9451 142.146 
0.43422 14.9266 23.5118 43.1883 57.5764 5.30046 0.796174 125.306 90.5214 43.8643 60.3314 389.821 54.948 9.49708 3.47427 26.0018 0.832355 32.3146 22.735 7.11757 62.9656 1.68971 5.78509 4.79082 29.5105 0 12.541 58.4447 
2.76302 21.9955 17.1145 11.7765 49.0141 18.2735 35.2832 94.8162 31.7848 0.00376321 1.27938 118.05 12.2787 8.61672 0.009153 18.8653 8.00073 42.941 21.0305 0.910611 14.1013 3.6661 1.27521 0.264762 5.73052 31.2525 0 2.84268 
58.0663 46.5182 0.0840725 25.348 13.4393 21.4338 27.9421 21.7564 36.2155 12.0677 0.173379 41.8306 39.4314 1.37461 12.4856 22.4342 20.4138 49.9681 0.0519357 3.69093 44.7627 2.43249 10.1221 2.68175 13.4935 49.7873 58.519 0 
