0 609.723 69.1309 340.6 79.6786 157.386 233.442 301.75 177.704 150.842 28.2952 48.2307 35.9027 49.657 71.0523 64.4447 126.282 236.156 45.9651 242.024 17.3507 18.6698 39.6318 7.29351 112.619 0.280985 8.86218 0.206331 
333.19 0 190.316 384.209 265.51 241.004 392.685 30.3056 488.788 23.9009 170.397 1.95521 86.2853 44.2968 31.1268 6.54438 203.141 252.689 17.664 94.892 0.219735 4.01859 55.6211 0.00292849 83.5735 41.285 51.8947 53.1707 
85.9768 387.184 0 165.587 73.9956 0.251349 0.0417874 73.8043 179.503 21.1838 0.0874975 170.838 55.2116 16.6737 0.35519 0.127678 55.1646 0.450783 53.9571 27.6161 88.0833 11.1147 5.42169 15.5467 8.76862 16.2115 1.45139 12.3981 
128.191 383.11 96.907 0 6.96097 82.231 0.623371 1186.62 400.006 33.1965 67.4113 46.4446 69.8033 1.47106 29.5084 29.7645 113.95 133.197 7.96553 5.11028 423.293 15.8762 11.7746 18.0226 86.0601 12.6435 3.54489 29.8005 
89.4003 465.589 175.85 97.9296 0 3.40369 1.71241 9.6456 329.338 116.583 261.045 134.279 19.5074 51.9385 7.95655 50.7615 0.624404 228.844 209.964 37.7396 6.25248 1.351 53.6664 55.4137 63.5255 1.30464 11.6181 5.30456 
192.445 89.1109 46.9978 82.7245 42.9307 0 1035.2 2.21391 164.157 658.551 239.304 56.5164 653.463 12.7031 3.8223 8.1327 122.718 123.632 68.9832 23.3508 77.0266 5.03281 15.6416 17.9669 106.262 25.9758 0.0431768 11.8003 
195.466 111.886 196.76 126.878 89.5193 914.624 0 138.605 199.413 27.8804 442.005 138.619 11.4508 8.7581 78.084 84.9152 54.5225 32.8042 75.5398 0.312421 110.936 4.74493 1.35981 65.3822 91.7169 98.7828 16.4601 44.0913 
277.522 286.518 33.5703 169.035 48.952 107.371 285.001 0 455.615 41.9421 215.214 824.745 147.234 36.1279 0.206888 7.82758 0.0519315 71.2175 3.7706 11.2134 167.757 51.9842 70.8182 21.7321 183.925 222.994 6.77017 19.5293 
126.14 90.2635 312.331 203.437 95.312 161.605 970.936 466.099 0 83.2812 767.572 235.771 150.999 26.5359 211.819 13.1845 127.307 105.945 43.685 91.6931 36.0934 15.8631 1.98885 99.2219 149.028 97.6284 9.5025 23.5717 
17.2567 165.921 83.841 103.756 73.479 52.6577 380.655 187.357 382.872 0 48.8702 232.748 152.582 2.43662 3.90537 86.7129 63.5504 44.9072 10.4296 55.678 50.5903 36.1466 60.3537 30.7255 43.8063 0.0356726 17.8605 16.574 
35.7027 193.702 10.6141 156.198 97.1107 3.60194 2.68749 103.328 140.761 10.1559 0 47.8378 142.523 164.448 363.441 98.9393 89.8853 77.1585 28.8989 85.1887 0.7056 52.3558 18.0342 114.236 104.62 147.32 54.3622 65.8467 
192.758 12.9419 153.081 74.1541 150.304 143 249.136 125.48 402.806 29.2198 177.924 0 150.704 155.896 110.249 219.279 1.83378 90.2678 13.3111 79.4429 146.54 75.6745 126.952 60.5567 62.9533 132.013 87.0743 11.8521 
104.034 22.2267 0.55783 6.63552 140.202 78.1081 184.328 52.2685 0.102785 216.554 12.4144 158.352 0 30.2037 5.53358 10.7068 0.00152104 74.3031 82.1387 11.912 1.95838 39.5921 82.4631 8.06511 13.9889 55.1489 1.25632 0.605113 
53.8369 21.4311 3.10621 4.73047 46.5916 7.80705 26.758 4.57949 1.63194 13.1089 131.269 165.854 149.864 0 2.34405 2.97806 14.3167 35.3483 18.9253 0.940479 13.8685 10.7787 7.4726 7.28648 16.5634 12.9025 9.01712 7.80895 
1.02777 17.043 31.6859 5.04178 10.9333 1.54671 1.19635 165.872 115.692 132.274 303.509 273.606 25.2417 26.875 0 56.4808 0.111512 1.09873 2.39487 10.7036 55.5703 0.144577 20.379 26.5918 13.9612 4.31912 0.477066 1.6726 
45.3549 66.8491 24.3091 0.882895 30.2594 12.8547 64.0436 1.42888 147.231 72.2933 228.609 0.343595 75.3043 9.54093 62.8523 0 2.14129 5.72706 30.3224 0.146819 60.0756 6.41832 4.61215 5.13401 1.80846 32.032 11.8706 22.7225 
84.0158 112.798 11.3025 123.192 73.8696 92.9004 65.9197 97.5073 141.141 10.7467 31.1487 3.46945 54.1833 0.15993 22.272 5.93524 0 45.4506 151.395 11.7499 39.8963 13.7523 18.8829 14.8596 83.5059 18.6377 15.8344 21.3985 
224.999 418.02 86.8659 96.6677 3.77936 79.7704 172.281 179.481 101.127 146.552 48.2611 123.096 97.0901 47.2886 68.8935 60.8294 187.686 0 107.801 31.8776 90.761 13.7386 20.6699 7.83427 53.4465 24.0216 34.6898 50.9752 
43.5457 144.952 0.275316 3.42948 83.2198 29.9886 129.93 21.0702 1.16673 0.2836 44.5262 74.963 81.7424 2.76124 27.8322 11.3107 107.114 1.01986 0 0.390115 58.9807 25.3927 15.8466 1.58136 20.1851 27.6586 13.473 0.225365 
224.529 105.68 23.0045 15.002 36.0799 24.3051 28.5495 117.406 8.34711 56.3251 73.6828 3.83936 13.3448 0.276869 11.6562 5.91622 10.2356 8.39749 22.4833 0 291.469 4.72228 2.79922 3.65798 11.9079 1.52459 3.72846 7.22571 
6.77772 0.039633 124.605 234.894 131.965 62.5697 1.87557 22.7092 69.678 24.6561 0.220008 23.6945 23.9977 8.90216 31.4926 2.74593 64.0474 64.5285 71.4565 90.8506 0 10.9633 40.0834 18.5942 16.7089 62.5732 0.366988 2.91065 
29.7864 13.3092 2.91956 15.3208 56.2855 2.98425 62.7683 59.2389 69.663 58.7801 74.1597 54.6319 49.5977 4.02136 13.6181 4.86163 10.8488 41.8179 25.341 5.72224 27.7706 0 10.6824 4.60825 19.3052 6.26925 11.598 9.47036 
18.6746 56.2755 4.53976 10.5603 42.3703 8.75597 2.29163 87.5388 6.23733 52.2574 81.7379 99.3753 33.8933 5.27337 18.2205 7.57131 13.7126 34.6673 11.24 0.0102832 1.07873 6.74682 0 9.32691 23.6356 4.47613 0.215831 0.426354 
21.8315 3.66846 1.24483 26.6195 41.8492 12.83 57.6752 80.5585 13.1001 0.251299 122.499 50.5407 50.944 2.71058 10.3977 21.3331 11.341 20.6777 23.8759 5.84271 45.6203 3.7668 0.114216 0 3.99047 2.53335 19.2613 0.622311 
82.6364 134.766 20.7076 107.325 30.9795 96.237 80.3301 90.0571 175.59 65.2781 75.5956 889.023 1.44048 0.619688 29.4477 50.0104 84.9453 9.02985 27.805 4.96856 60.4305 0.0686049 14.111 50.3593 0 19.618 162.893 78.6819 
1.0107 12.6369 22.5913 42.2201 55.8109 4.4707 1.76519 145.019 97.5331 47.1013 70.1606 364.194 55.1125 8.96153 2.41143 28.0475 0.644829 33.9997 22.0887 7.46054 63.0194 1.50792 6.16915 4.07971 31.6425 0 10.5029 61.5761 
3.32917 20.7893 17.4229 11.0193 48.8881 17.9856 33.7789 93.1027 33.9402 0.0121213 0.733978 116.35 11.5399 8.3653 0.0511621 18.8653 8.3364 42.5834 21.3084 0.796398 13.274 3.91364 1.03869 0.465956 5.87686 32.8611 0 8.21483 
58.7715 48.1014 0.193859 24.3253 14.6334 21.7441 30.1949 26.7139 39.6128 13.5438 6.56987e-05 51.5013 40.128 1.62771 11.5939 22.6493 20.7294 49.5925 0.0160996 3.44682 45.5546 2.2617 10.0866 3.06729 13.3297 43.6963 46.9406 0 
