0 777.76 82.656 575.801 68.1022 359.541 241.566 296.702 395.935 152.598 32.6637 55.1613 38.2248 50.221 70.6944 66.2225 336.404 234.838 42.7867 257.813 11.9946 18.116 39.0187 8.1128 318.316 0.586808 9.48688 0.0911377 
482.103 0 129.717 598.804 313.058 462.586 350.072 22.8427 692.133 17.5949 159.898 0.803152 82.0655 45.9234 33.7532 7.79954 414.55 421.794 13.8525 100.721 0.804915 3.59023 55.2632 0.0106289 290.478 43.3835 51.519 52.2265 
99.9709 430.677 0 222.347 84.055 0.906969 1.78397 58.2973 129.646 17.6328 1.40782 175.398 53.5029 16.707 0.65175 0.037016 54.8402 0.00537805 52.6975 27.5199 92.7246 10.9884 5.147 15.6024 8.06622 15.3718 1.63342 12.8765 
314.863 598.175 176.164 0 10.0653 289.174 2.38804 844.23 596.793 29.8362 76.1548 35.6194 69.0644 1.76826 30.5505 28.1736 320.028 136.159 9.08898 6.46852 428.969 15.9857 12.1793 18.6741 292.701 11.2112 3.90211 29.3047 
77.4031 493.731 180.458 104.748 0 25.7275 8.05412 6.82718 338.4 96.7258 260.313 138.454 23.4961 53.3594 6.53272 49.0951 0.132989 231.594 227.937 40.5184 7.64417 1.06444 53.1947 55.1252 64.1281 1.74055 12.2017 4.76969 
395.819 302.95 43.5474 291.084 78.833 0 1196.78 4.86784 414.303 391.04 249.859 62.1293 524.302 12.0509 2.94328 7.38474 331.466 123.054 72.0558 23.5849 77.1291 5.4075 15.4715 17.9978 313.235 26.3268 0.0780731 11.3507 
206.571 152.409 210.601 137.191 116.748 925.454 0 115.159 53.77 9.667 419.214 126.432 7.68711 10.6256 84.0581 87.4535 51.8331 26.6274 81.0711 0.0734555 107.758 5.40662 1.87496 66.2997 91.843 99.1907 15.5488 42.5494 
285.958 290.092 22.6157 168.787 55.2969 96.7721 307.718 0 398.469 35.519 196.237 698.868 147.769 32.3267 1.14758 3.00624 0.175856 66.3976 2.90155 13.366 162.205 52.9317 68.2006 18.1948 187.434 216.486 8.00529 22.7221 
325.584 306.47 360.496 434.505 78.9306 411.331 1165.79 409.581 0 104.974 135.15 213.796 157.182 22.4461 249.339 16.7232 332.327 113.203 39.589 89.6267 31.817 14.8447 1.28655 98.64 352.56 102.237 10.4886 25.6236 
20.5389 176.205 87.9325 104.884 56.6175 18.2341 335.226 193.431 376.235 0 87.6413 237.126 128.295 1.50924 6.50015 88.1543 61.9117 48.7644 8.29177 55.3643 52.617 34.697 60.5282 32.2623 45.6075 0.00458573 18.6431 17.6773 
31.1683 203.157 5.66927 148.238 87.2835 0.741896 10.564 86.7358 205.689 32.0372 0 28.8388 131.635 153.843 334.951 112.316 90.6984 81.5597 26.2722 84.6828 0.3039 53.8208 21.4418 111.331 109.129 142.748 56.0343 68.6903 
198.57 16.6804 146.287 87.9222 146.603 139.352 240.679 47.4778 400.16 36.1979 213.338 0 152.56 151.969 128.453 158.269 2.28126 93.6659 14.6545 81.2342 143.435 75.3204 127.048 69.3032 34.8743 170.26 90.1005 8.39262 
102.939 19.2774 0.270295 5.68121 135.053 81.616 177.3 48.7415 0.0315819 192.658 8.13331 157.523 0 22.2543 8.01665 12.7019 0.00982408 76.2744 81.3312 12.5892 2.36778 36.4163 84.4938 6.78996 13.0156 55.17 1.45574 0.446245 
53.7402 22.9937 3.48718 4.26901 45.0301 8.44198 24.0186 6.31195 0.792899 10.9508 119.267 164.553 144.949 0 0.239432 2.08358 14.6092 34.4404 19.3626 1.00189 14.5688 10.8397 8.20393 7.77037 16.5042 12.969 8.85615 8.05476 
0.664422 19.2134 32.2786 4.25404 9.27887 0.99542 2.54739 170.696 127.065 130.571 266.125 271.481 20.988 35.1265 0 68.1461 0.0619102 0.772648 2.77809 10.5775 55.0924 0.076724 19.2111 25.8745 12.9054 3.49845 0.363409 1.3735 
43.0939 68.6546 24.525 0.466226 32.0006 13.6838 67.3062 0.0148141 144.866 69.4258 227.237 11.5841 77.0043 8.21551 50.6259 0 2.35965 6.44096 30.2098 0.199747 60.6325 6.14713 4.05684 7.02913 2.03275 32.5037 12.2903 22.6214 
290.694 324.484 12.5378 331.837 79.1555 301.547 68.5422 96.8988 351.051 9.52308 32.8092 4.06943 54.9896 0.112023 22.679 6.26457 0 59.6493 425.016 12.3744 38.7831 13.9865 18.8252 14.6181 290.754 18.2685 16.0495 21.5899 
220.288 422.985 79.2261 91.3369 6.49524 75.6798 163.911 180.384 93.9149 146.501 44.3402 125.77 98.2666 46.6628 68.9689 61.0927 204.795 0 103.193 29.5888 93.1507 14.2558 21.3452 8.39886 52.8046 25.1464 35.163 51.0792 
40.4035 149.623 0.0840342 4.21293 101.84 26.5525 125.599 23.1166 0.50402 0.028473 41.5055 73.2539 82.5097 3.05375 27.1391 10.7977 122.629 2.01271 0 0.559894 57.9717 25.4164 15.5296 1.41527 20.6264 27.9468 13.1944 0.294968 
218.697 100.056 22.2406 13.1013 38.8394 24.2731 26.0097 117.333 9.97099 56.3797 72.297 4.82589 14.0439 0.242299 11.6083 5.72015 9.64193 7.03915 23.2119 0 263.124 4.78747 2.85396 3.76091 11.731 1.68651 3.86656 7.39847 
3.56036 0.0528547 125.842 233.62 131.751 61.1346 2.81079 18.6102 75.083 26.4287 0.574382 26.9057 22.854 8.30965 32.6 2.2064 64.5838 61.7925 71.1014 58.915 0 11.3113 40.0795 17.7892 17.7606 62.7679 0.264863 3.31074 
29.2936 14.0331 2.7593 15.1789 56.0485 2.6874 62.6163 59.9674 69.7945 59.3039 73.3961 53.284 46.3874 4.34312 13.9737 5.12953 10.6027 41.6912 25.2934 5.67584 28.0332 0 10.0545 5.03301 18.8725 6.44047 11.7048 9.55328 
17.8676 56.0054 4.27423 10.9739 43.2761 8.38 1.71926 89.448 7.65125 51.1136 86.3803 102.875 37.4564 6.19284 16.915 8.13453 13.5012 35.232 10.9009 0.00523378 1.28174 7.41837 0 7.03592 23.7191 4.73857 0.149622 0.506665 
20.6686 3.10628 1.45051 26.5679 42.7387 13.185 56.3295 85.502 11.3784 0.487891 124.296 58.8973 49.0648 3.19888 11.8034 23.324 11.6036 19.9318 23.9126 5.78442 45.9649 4.16945 0.719319 0 3.5693 2.93864 19.2629 0.495799 
289.677 340.531 20.0171 313.434 29.6711 302.998 78.6726 81.1783 386.422 66.2901 80.6732 873.486 1.8226 0.814744 28.902 37.6081 292.14 9.7773 28.0786 5.21096 60.5171 7.81824 15.3004 45.5717 0 55.02 179.768 26.3216 
1.53768 11.1699 21.9235 41.432 54.5642 3.93939 2.63704 157.995 102.144 49.2663 76.962 338.695 55.1633 8.58566 1.79078 29.2643 0.53066 35.1405 21.6404 7.69106 62.9872 1.38929 6.42733 3.61846 33.0225 0 9.18151 62.9105 
3.74209 19.9765 17.6211 10.5092 48.7792 17.7798 32.7507 91.8194 35.4164 0.0513656 0.448476 114.972 11.0452 8.19022 0.0991193 18.8404 8.56629 42.3243 21.4914 0.722777 12.7196 4.08455 0.890601 0.634127 6.28958 33.8483 0 13.2769 
59.1979 49.1509 0.294062 23.6066 15.4643 21.9356 31.7423 30.3018 41.9526 14.581 0.0726858 58.4112 40.578 1.81003 10.9875 22.7397 20.938 49.3109 0.00338384 3.28356 46.0668 2.14814 10.0536 3.34019 13.1767 39.2159 39.0054 0 
