0 774.979 111.511 720.905 46.3284 451.564 255.104 282.085 521.578 155.236 42.415 70.3663 43.1042 51.2632 69.7142 69.6164 444.915 229.511 36.4079 269.7 3.98503 16.9813 37.697 9.91191 417.741 1.56234 10.8238 0.000145462 
480.307 0 33.9633 703.467 404.501 591.451 255.285 10.6116 777.277 7.49873 137.823 0.0196394 73.3137 49.1961 39.3031 10.6883 524.939 1045.14 7.37237 111.935 3.15363 2.77929 54.4052 0.181972 392.572 47.6853 50.6736 50.1959 
128.815 472.999 0 295.587 105.006 3.49748 13.2237 31.0069 46.5134 11.1999 9.02783 182.696 49.841 16.6891 1.53444 0.0217925 53.9246 1.33884 49.862 27.1007 101.652 10.715 4.58907 15.6634 6.6787 13.6277 2.0385 13.85 
393.746 703.846 169.575 0 18.0881 391.91 9.51926 1174.44 668.621 23.2884 94.7307 17.3585 67.3181 2.45754 32.5607 24.7785 420.162 141.08 11.59 9.67081 552.818 16.1912 12.9975 19.9665 394.233 8.45439 4.68174 28.1902 
54.4965 527.784 186.72 118.203 0 106.469 35.1565 2.52649 351.154 59.7689 256.283 146.587 32.6634 56.1565 4.0182 45.5878 0.262316 234.97 260.225 46.3073 10.916 0.580444 52.1131 54.4194 65.2232 2.82885 13.4328 3.75092 
489.611 424.526 36.0973 396.679 662.727 0 1028.51 13.4423 619.426 347.339 265.809 73.9422 160.763 10.6986 1.476 5.92056 436.991 120.973 77.7925 23.9658 77.0759 6.20498 15.0739 18.0064 415.156 26.937 0.182019 10.4264 
227.228 245.314 233.28 157.035 178.989 649.025 0 71.5944 52.3059 2.04704 361.01 101.81 2.24859 14.9535 96.0207 92.1909 46.3271 15.7413 92.3942 0.103817 100.926 6.89038 3.18595 67.9811 91.6982 99.4717 13.7278 39.3452 
299.284 293.887 6.54383 231.144 69.1263 75.3941 349.185 0 276.099 23.7188 157.092 406.65 148.286 24.9638 5.43812 0.226091 0.660946 56.7199 1.46408 18.301 150.005 54.8115 62.6575 11.7829 192.199 198.999 10.8407 29.8786 
414.249 436.185 437.584 586.854 48.9723 616.043 1299.88 287.36 0 153.954 346.796 168.388 169.053 15.3674 251.787 25.1265 430.385 128.061 31.5964 85.0411 23.7124 12.8279 0.317598 97.0227 447.486 111.214 12.6462 30.0168 
28.0345 195.772 95.6633 106.433 27.8326 38.0785 234.023 204.427 352.902 0 193.449 243.615 81.4598 0.290943 13.7478 90.3735 58.4166 56.9386 4.6213 54.5425 56.7704 31.6856 60.6178 35.4052 49.2271 0.354764 20.2722 20.0081 
22.6465 221.136 0.307255 130.749 67.9632 1.6365 42.2752 56.0376 459.41 111.05 0 4.4585 109.2 130.23 261.355 139.739 92.1889 90.6412 21.1684 83.3884 0.0019302 56.7633 29.1754 104.693 117.838 132.1 59.407 74.4162 
209.111 25.7145 131.044 117.79 138.473 130.86 221.062 5.35744 387.253 52.419 288.315 0 155.709 142.198 166.039 54.7391 3.35092 100.537 17.5854 84.6651 136.519 74.4188 126.311 87.953 62.9586 250.931 96.0205 3.09165 
100.381 13.7841 0.00266174 3.93345 123.799 111.337 161.371 41.691 1.44573 142.209 2.11446 155.106 0 9.30276 14.427 17.2328 0.146941 80.2074 79.4202 14.0167 3.32824 30.0354 87.878 4.48064 11.0915 55.0573 1.91042 0.19473 
53.4058 26.2963 4.32044 3.3787 41.7514 9.77536 18.7096 10.6895 0.391257 7.04632 94.2149 159.852 131.051 0 2.76206 0.709613 15.2024 32.5424 20.2413 1.13275 16.038 10.9027 9.28706 8.67322 16.2961 13.0288 8.51269 8.54805 
0.163884 23.9775 33.2406 2.82247 6.26237 0.237199 6.86485 178.563 149.896 125.04 183.132 259.578 13.2582 50.5655 0 85.4071 0.00538794 0.280439 3.64849 10.2988 53.9894 0.00409047 16.5634 24.0185 10.7778 2.05496 0.177421 0.845965 
38.4184 72.1316 24.8015 0.0228396 35.6191 15.3873 73.8016 4.34835 138.694 63.129 219.566 80.6673 79.981 5.60064 25.1211 0 2.83887 8.02515 29.921 0.333591 61.5994 5.58819 2.97881 11.4834 2.91293 32.8449 13.134 22.2714 
392.499 436.734 15.2178 437.165 89.9786 407.114 73.8319 95.4295 459.053 7.21094 36.289 5.44653 56.5645 0.0400954 23.4933 6.96122 0 92.9314 351.084 13.6808 36.4769 14.4631 18.6894 14.113 393.341 17.4967 16.4855 21.9665 
208.331 463.036 63.6366 80.0594 14.2842 67.0788 145.815 181.397 79.317 145.662 36.6242 130.939 100.449 45.2959 68.9415 61.4908 236.578 0 93.332 25.0183 97.8725 15.335 22.7383 9.60919 51.3986 27.4854 36.1113 51.2226 
34.1231 158.033 0.0376944 6.05692 142.543 19.8983 115.98 27.5481 0.00289829 0.336886 35.4726 69.6303 83.8296 3.69587 25.674 9.75978 148.07 5.08425 0 1.00366 55.8125 25.4345 14.8666 1.10077 21.5195 28.4985 12.6193 0.467326 
199.239 87.8083 20.536 9.46376 44.6061 24.1008 21.0262 116.521 13.7123 56.3086 69.2687 7.18814 15.5109 0.17807 11.4862 5.31212 8.45486 4.59368 24.6844 0 190.501 4.9189 2.96456 3.97071 11.347 2.04097 4.15445 7.74894 
0.160673 1.2364 127.109 200.346 130.849 58.0289 5.31269 11.3586 86.3936 30.1969 1.82518 34.0206 20.5524 7.14061 34.8617 1.27626 65.5842 56.1654 70.2372 12.6782 0 12.0356 40.0148 16.1564 19.9825 62.9945 0.106727 4.20917 
28.2577 15.5603 2.43984 14.8693 55.4549 2.11871 62.1574 61.3713 69.9293 60.1715 71.6572 50.4412 39.7764 5.01707 14.6648 5.68598 10.0963 41.387 25.1651 5.57608 28.5553 0 8.70751 5.93129 17.9091 6.78941 11.9107 9.71448 
16.2296 55.3246 3.74062 11.8175 45.0724 7.6058 0.795309 93.0077 10.9714 48.5772 95.5934 109.484 44.9312 7.8895 14.0765 9.2365 13.0589 36.3579 10.2049 0.000155548 1.75259 8.80014 0 2.97962 23.6434 5.2819 0.0511669 0.692421 
18.3221 2.08975 1.9175 26.3454 44.5079 13.8897 53.4242 95.382 8.17406 1.21642 127.125 77.0622 45.0499 4.26634 14.7553 26.6757 12.1421 18.4101 23.9574 5.65562 46.591 5.03323 3.45072 0 3.84126 3.84428 19.1826 0.279384 
392.069 439.96 18.5435 413.616 26.999 404.556 74.9775 63.3997 495.952 68.111 90.9831 1122.47 2.74463 1.29461 27.5895 28.4111 394.614 11.3899 28.6056 5.7167 60.5541 57.2662 17.8205 40.0398 0 102.795 44.1175 115.829 
2.95942 8.39696 20.4538 39.4984 51.8905 2.93644 4.95934 182.796 111.129 53.595 91.0466 270.477 55.1117 7.78872 0.791922 31.2548 0.330076 37.4691 20.6973 8.15717 62.7457 1.15827 6.9482 2.73507 35.6409 0 6.66466 63.5029 
4.66133 18.3258 17.9989 9.47471 48.4968 17.3318 30.626 88.8899 38.4728 0.217484 0.080569 111.588 10.048 7.82023 0.246905 18.7255 9.04316 41.7509 21.8527 0.581742 11.6012 4.44233 0.619499 1.05804 7.96232 35.5797 0 26.5668 
59.9374 51.2357 0.564569 22.0763 17.2188 22.279 34.9535 38.1693 46.8204 16.7928 0.706474 73.2514 41.4422 2.20983 9.74696 22.7816 21.3513 48.6655 0.00694295 2.95519 47.0516 1.92134 9.96331 3.92672 12.7481 29.5948 23.6083 0 
