0 749.767 113.166 704.126 45.181 432.48 255.74 281.087 504.42 155.346 43.0005 71.2679 43.3867 51.3178 69.6484 69.7988 426.771 229.103 36.0515 268.978 3.6547 16.9168 37.6191 10.0191 399.079 1.63204 10.9022 0.000900049 
456.806 0 30.1609 684.566 409.269 574.31 249.78 10.0466 757.432 7.04534 136.552 0.0397515 72.813 49.3796 39.6248 10.8653 506.87 1003.1 7.05997 112.538 3.33384 2.73589 54.3513 0.198078 374.07 47.9296 50.6224 50.0765 
130.431 473.257 0 297.09 106.197 3.69407 14.1832 29.6678 42.8468 10.8712 9.65654 183.024 49.6264 16.6846 1.59564 0.0279059 53.8624 1.5061 49.691 27.0679 102.133 10.6989 4.55757 15.6647 6.60202 13.5279 2.06286 13.9051 
374.738 685.002 172.029 0 18.6092 373.468 10.0639 737.927 648.049 22.9312 95.8054 16.4952 67.2094 2.49998 32.6695 24.5811 401.538 141.311 11.7402 9.86871 697.646 16.2021 13.0435 20.0381 375.698 8.30566 4.72801 28.1229 
53.2743 528.679 186.942 118.942 0 110.85 37.2404 2.34301 351.633 57.8573 255.952 147.031 33.2233 56.3107 3.89207 45.3847 0.316129 235.068 261.839 46.6394 11.1191 0.557129 52.0469 54.3746 65.2798 2.89868 13.5044 3.69616 
470.597 407.329 35.6631 378.397 714.204 0 760.948 14.0537 607.064 221.221 266.468 74.6238 285.37 10.6213 1.40668 5.84037 418.67 120.819 78.0938 23.9834 77.0621 6.25151 15.0493 18.0046 396.631 26.9672 0.189256 10.3737 
228.305 250.814 234.308 158.098 182.706 625.58 0 69.3419 64.8292 2.85662 357.305 100.434 2.03448 15.2191 96.6849 92.4406 46.0146 15.1983 93.0349 0.126798 100.525 6.97993 3.27078 68.0685 91.6735 99.4649 13.6262 39.1613 
299.872 293.957 5.90833 238.832 69.9439 74.2039 351.296 0 269.177 23.1069 154.879 390.106 148.291 24.564 5.77675 0.362299 0.698012 56.1786 1.39642 18.6023 149.28 54.9157 62.3355 11.4541 192.368 197.848 11.0142 30.309 
395.065 419.581 440.821 571.175 47.4365 603.677 1294.88 280.4 0 156.873 358.203 165.822 169.693 15.0198 246.521 25.6489 411.647 128.903 31.1596 84.7661 23.2797 12.716 0.281831 96.9136 428.568 111.704 12.7745 30.274 
28.4909 196.813 96.073 106.49 26.4615 43.084 228.182 204.989 351.201 0 200.266 243.88 78.9807 0.249855 14.2348 90.469 58.2125 57.4137 4.44245 54.4885 57.0062 31.5129 60.6119 35.5833 49.4297 0.39157 20.3659 20.1434 
22.1948 222.095 0.201997 129.714 66.9039 1.96354 44.6757 54.4452 475.611 116.742 0 3.69903 107.928 128.829 256.732 141.276 92.2665 91.1592 20.8898 83.3043 0.00607525 56.9281 29.6438 104.288 118.309 131.447 59.5966 74.737 
209.651 26.2824 130.13 119.532 137.989 130.338 219.86 8.07818 386.221 53.4142 292.585 0 155.861 141.576 168.147 50.1758 3.41804 100.924 17.7594 84.8502 136.104 74.3604 126.231 89.0331 68.5499 255.413 96.3449 2.86545 
100.222 13.495 0.000614584 3.84266 123.132 113.724 160.408 41.2979 1.58971 139.347 1.88718 154.939 0 8.7179 14.8429 17.5074 0.159645 80.4266 79.3013 14.0995 3.38781 29.6793 88.0374 4.36207 10.985 55.0446 1.93818 0.183441 
53.3812 26.4879 4.36983 3.33039 41.562 9.85223 18.4213 10.9712 0.422452 6.84657 92.7914 159.504 130.12 0 3.17775 0.651901 15.2359 32.4329 20.2906 1.1404 16.123 10.9037 9.32894 8.72037 16.2807 13.0291 8.49259 8.57565 
0.145417 24.2607 33.2847 2.74876 6.10641 0.209513 7.17204 178.924 151.159 124.645 178.363 258.605 12.8623 51.3106 0 86.0208 0.00401583 0.259655 3.70143 10.2821 53.9216 0.0026808 16.4044 23.8983 10.6586 1.98309 0.168764 0.819502 
38.1515 72.3198 24.8104 0.0145664 35.8265 15.484 74.162 4.88661 138.29 62.7555 218.937 86.2154 80.129 5.4591 23.7869 0 2.86741 8.1201 29.9022 0.342241 61.6472 5.55629 2.92049 11.7533 2.9799 32.8384 13.1812 22.2457 
373.989 418.823 15.376 418.834 90.5909 388.806 74.1287 95.3368 440.877 7.08759 36.4902 5.53089 56.6509 0.0370742 23.5388 7.00172 0 94.9616 280.192 13.7561 36.3448 14.49 18.6809 14.0839 374.859 17.4521 16.5101 21.9873 
207.562 465.313 62.7603 79.4066 14.8154 66.5826 144.753 181.42 78.4969 145.584 36.1993 131.22 100.564 45.2148 68.9326 61.5077 238.22 0 92.7565 24.7637 98.1336 15.3972 22.8179 9.68029 51.3149 27.6198 36.1644 51.2279 
33.7732 158.462 0.0491995 6.17141 144.917 19.5381 115.405 27.8097 0.00950842 0.38833 35.1366 69.4194 83.8942 3.73414 25.5889 9.70127 149.259 5.30061 0 1.0328 55.6861 25.4342 14.8284 1.08392 21.5699 28.5282 12.5864 0.478347 
197.853 87.0876 20.4338 9.26898 44.9378 24.0867 20.7526 116.447 13.9416 56.2971 69.0889 7.33613 15.5957 0.174683 11.4783 5.28866 8.38857 4.46875 24.7672 0 186.023 4.92629 2.97079 3.98261 11.3243 2.06204 4.17103 7.76874 
0.0996473 1.35069 127.129 198.043 130.779 57.8458 5.4786 10.9943 87.0447 30.4166 1.91766 34.4466 20.4231 7.07601 34.9899 1.23055 65.637 55.8449 70.1825 11.0041 0 12.0773 40.0088 16.0642 20.1117 63.0003 0.0998188 4.26348 
28.1978 15.6489 2.42202 14.851 55.4167 2.08802 62.1253 61.4475 69.9314 60.2123 71.5511 50.2763 39.4009 5.05589 14.7024 5.7179 10.0674 41.3678 25.1565 5.57021 28.5844 0 8.62899 5.98342 17.8513 6.80916 11.9219 9.72328 
16.137 55.2807 3.71073 11.8652 45.1721 7.56164 0.753013 93.1953 11.1771 48.4254 96.1026 109.835 45.3606 7.97421 13.9105 9.29648 13.0333 36.4207 10.1653 8.19446e-05 1.78163 8.87839 0 2.78871 23.629 5.313 0.0470908 0.703855 
18.1902 2.03748 1.94587 26.328 44.6063 13.9288 53.2531 95.9314 8.00538 1.26772 127.251 78.128 44.8155 4.32911 14.9242 26.8311 12.1727 18.3238 23.9587 5.64792 46.6233 5.08379 3.65868 0 3.90295 3.89869 19.1746 0.268845 
373.585 421.294 18.4574 394.994 26.8475 386.014 74.7555 62.4148 477.847 68.2041 91.563 757.057 2.80272 1.32507 27.5072 28.8214 376.125 11.4849 28.6342 5.74585 60.5505 59.8301 17.9662 39.9335 0 101.78 48.0734 122.801 
3.05407 8.24905 20.3664 39.376 51.7337 2.88299 5.11291 184.113 111.619 53.8363 91.8485 266.11 55.1024 7.74245 0.746614 31.3459 0.320026 37.6012 20.6426 8.18339 62.7249 1.14564 6.97746 2.68752 35.7802 0 6.53025 63.4478 
4.71661 18.2325 18.0192 9.41628 48.4783 17.3052 30.5045 88.7113 38.6478 0.230439 0.0685275 111.373 9.99192 7.79873 0.257341 18.7163 9.07054 41.7165 21.8727 0.57412 11.5382 4.46301 0.605409 1.08534 8.09144 35.6656 0 27.4179 
59.9739 51.3515 0.582599 21.987 17.3207 22.2965 35.1379 38.6365 47.0999 16.922 0.76222 74.1173 41.489 2.23361 9.67659 22.7781 21.3743 48.626 0.00835475 2.93676 47.105 1.90868 9.95726 3.96114 12.7189 29.043 22.7968 0 
