0 407.462 131.167 451.28 33.3549 160.135 261.693 269.029 253.2 156.267 49.6248 81.3781 46.5099 51.8825 68.8567 71.7175 164.711 223.894 32.198 249.954 0.958171 16.209 36.7472 11.2274 131.363 2.49543 11.7775 0.0516901 
144.58 0 2.97269 410.449 457.011 321.932 190.117 4.8291 474.241 2.9736 122.584 0.723629 67.3132 51.3678 43.1871 12.8915 245.387 378.692 4.05886 118.859 5.6366 2.27996 53.7248 0.419928 108.156 50.601 50.0395 48.7412 
147.708 460.237 0 291.433 119.127 6.18094 26.7443 16.7247 11.9869 7.54972 17.8815 185.973 47.2361 16.6099 2.34292 0.144758 53.1089 3.98119 47.7478 26.6454 107.184 10.5174 4.2144 15.6632 5.78015 12.4313 2.33899 14.5053 
109.333 411.501 277.414 0 24.7533 108.37 16.9828 1210.95 357.299 19.1418 107.649 8.38579 65.9523 2.98735 33.8202 22.3948 134.209 143.489 13.4391 12.1391 410.135 16.3164 13.5442 20.8082 109.42 6.73904 5.24871 27.3577 
40.5577 530.706 188.382 126.803 0 148.901 63.5928 0.779693 355.055 38.546 251.603 151.761 39.615 57.9641 2.63237 43.1364 1.23704 235.468 277.682 50.2922 13.4631 0.332041 51.2882 53.8501 65.8579 3.72013 14.2983 3.11838 
198.798 156.944 30.8816 115.016 9.56256 0 299.147 21.5905 407.897 105.616 271.813 82.1313 457.562 9.77259 0.751625 4.98508 154.627 118.871 81.2004 24.1465 76.8339 6.76963 14.766 17.9696 130.376 27.2651 0.278076 9.7961 
239.341 311.168 243.497 169.165 224.078 361.794 0 46.5559 278.254 20.4433 314.568 85.6094 0.383705 18.2648 103.81 95.0243 42.5987 9.82159 100.009 0.530593 96.0482 7.99825 4.27424 68.9663 91.285 99.228 12.5258 37.135 
305.055 293.667 1.04355 338.581 79.0952 61.4469 372.383 0 195.557 16.855 130.911 220.942 148.183 20.3353 10.1463 3.95157 1.1712 50.3259 0.757055 22.045 141.134 56.0415 58.7664 8.12288 193.481 184.251 13.0008 35.1854 
122.299 176.561 466.531 335.436 31.967 404.623 1153.27 206.024 0 189.41 536.373 138.089 176.423 11.6171 174.21 31.6664 143.09 138.07 26.5086 81.6624 18.7499 11.5114 0.0292614 95.5956 158.03 116.894 14.2194 33.1421 
33.6929 207.642 100.331 106.88 13.5305 122.081 165.527 210.681 330.109 0 278.295 246.022 53.6208 0.00420051 20.0668 91.2919 55.9383 62.6782 2.70084 53.8451 59.5909 29.6123 60.469 37.5297 51.6224 0.91484 21.3998 21.6449 
17.493 232.101 0.496135 118.151 55.6341 7.49001 74.8279 38.2409 632.282 185.663 0 0.023401 94.0974 113.205 204.515 157.784 93.0645 96.8409 17.9276 82.3084 0.204392 58.7154 34.9658 99.682 123.286 123.968 61.6558 78.2142 
215.131 32.876 119.833 138.76 132.541 124.352 206.15 73.3118 372.886 64.7835 338.694 0 157.329 134.328 190.704 12.4663 4.1978 105.126 19.716 86.8031 131.406 73.6687 125.085 100.922 137.159 302.177 99.8046 0.93943 
98.3989 10.4991 0.0727528 2.9108 115.667 141.264 149.514 37.0523 3.61674 108.597 0.238527 152.908 0 3.49638 19.7392 20.6314 0.334038 82.7948 77.9236 15.0184 4.0765 25.8396 89.5404 3.15706 9.83966 54.859 2.25595 0.0815079 
53.0721 28.614 4.92494 2.8186 39.4661 10.7014 15.3647 14.2859 1.15076 4.82511 77.3504 155.123 119.046 0 9.45278 0.17615 15.6015 31.2223 20.825 1.22566 17.0636 10.8968 9.63136 9.20247 16.0874 13.0095 8.26852 8.87467 
0.0150955 27.446 33.6901 1.99847 4.51423 0.0181959 10.9643 182.24 164.624 119.774 127.401 245.954 8.8676 58.0365 0 89.6231 0.0022031 0.0837404 4.30625 10.0934 53.1431 0.00676447 14.6178 22.4857 9.37181 1.27269 0.0877611 0.555424 
35.2236 74.3113 24.8584 0.0459047 38.1123 16.5414 78.034 12.8052 133.516 58.567 210.73 155.605 81.5909 3.98337 10.9665 0 3.1898 9.19631 29.6793 0.444313 62.1191 5.20662 2.30693 14.7655 3.83183 32.5823 13.6935 21.9236 
108.026 159.445 17.1481 154.682 97.2631 124.976 77.3514 94.2574 178.449 5.79494 38.715 6.49845 57.5748 0.0116498 24.0319 7.45233 0 117.931 390.887 14.5891 34.889 14.7848 18.583 13.761 109.092 16.9595 16.7787 22.211 
198.528 478.056 53.2969 72.2077 21.2453 61.1125 132.935 181.426 69.6164 144.521 31.6472 134.204 101.752 44.3009 68.7808 61.6509 254.777 0 86.3599 22.0185 100.94 16.0849 23.6933 10.4743 50.3715 29.1017 36.7402 51.2655 
29.9983 162.774 0.2764 7.49227 170.996 15.7408 108.922 30.7404 0.333636 1.19422 31.508 67.0733 84.5277 4.16587 24.6441 9.06421 160.768 7.96481 0 1.37989 54.2731 25.4229 14.4049 0.9069 22.1187 28.8432 12.2243 0.607873 
180.942 79.0612 19.2803 7.23264 48.5911 23.9009 17.8309 115.454 16.5677 56.1175 67.0664 9.05544 16.5352 0.139529 11.3846 5.03017 7.67132 3.20279 25.6681 0 136.512 5.00674 3.03859 4.11254 11.0691 2.29944 4.3542 7.9846 
0.385861 2.93841 126.97 177.692 129.876 55.7938 7.46483 7.36481 94.2215 32.8619 3.08327 39.2552 19.0197 6.38085 36.3925 0.782239 66.1873 52.3314 69.543 0.37027 0 12.5378 39.9265 15.0592 21.5445 63.0136 0.039065 4.8816 
27.5323 16.6332 2.22946 14.6438 54.9668 1.76357 61.7303 62.2564 69.9157 60.5987 70.3398 48.4466 35.3016 5.48381 15.1037 6.06931 9.74967 41.1448 25.0535 5.50447 28.8985 0 7.76038 6.55939 17.1967 7.02519 12.0409 9.81739 
15.1279 54.7625 3.38668 12.3868 46.2464 7.07766 0.363459 95.1408 13.5485 46.7094 101.559 113.497 50.0795 8.78894 12.0762 9.93035 12.7504 37.0996 9.73039 0.000817484 2.11587 9.72796 0 1.06972 23.3998 5.65431 0.0134094 0.835223 
16.7571 1.5052 2.2698 26.1036 45.6688 14.3501 51.3381 101.834 6.25792 1.90039 128.367 89.9562 42.2085 5.02608 16.7696 28.2441 12.5088 17.3802 23.964 5.56072 46.9542 5.64645 6.2269 0 4.90315 4.51381 19.0627 0.166054 
107.869 153.478 17.5001 127.691 25.191 119.587 72.2418 51.8674 216.081 69.1467 97.8516 1135.38 3.47945 1.68161 26.5532 39.7198 110.286 12.5495 28.9377 6.06755 60.4697 74.1856 19.5695 40.2681 0 66.6534 157.478 134.954 
4.18918 6.70023 19.3823 37.9489 49.9824 2.32439 6.94707 197.726 116.815 56.4371 100.598 216.24 54.955 7.22966 0.335047 32.1766 0.219645 39.0445 20.0365 8.46883 62.4448 1.01062 7.29465 2.18752 37.2312 0 5.12532 62.2156 
5.34386 17.2143 18.2336 8.78014 48.2581 17.0064 29.1675 86.6692 40.5745 0.397429 0.000359603 108.862 9.38227 7.55992 0.385999 18.5978 9.37261 41.3273 22.088 0.493413 10.8535 4.69176 0.460748 1.40706 9.75034 36.5138 0 37.2128 
60.3348 52.6009 0.799092 20.9938 18.4526 22.4738 37.165 43.8786 50.1779 18.3619 1.51445 83.7168 41.9846 2.50162 8.90825 22.6978 21.6218 48.173 0.0325146 2.7366 47.6708 1.77155 9.88423 4.34592 12.3652 23.0624 14.5775 0 
