0 231.01 146.881 347.246 23.9661 48.1412 265.401 256.466 160.152 156.635 55.9127 90.8231 49.373 52.3375 68.03 73.3166 61.9234 218.058 28.8139 218.467 0.0162977 15.57 35.9307 12.3707 23.4925 3.43288 12.5937 0.165365 
11.9546 0 3.06341 291.023 491.524 225.609 139.149 1.70915 348.676 0.763069 109.988 2.07758 62.346 53.1244 46.4507 14.8552 142.73 987.674 2.0342 124.06 8.23142 1.89999 53.1022 0.692488 1.99492 52.9976 49.4781 47.4939 
162.334 424.538 0 253.234 130.464 8.92811 41.0984 8.0076 0.35213 5.02311 27.3298 187.583 45.0197 16.5025 3.13592 0.329367 52.3164 7.22197 45.8928 26.1653 111.366 10.3469 3.9083 15.6368 5.06881 11.4417 2.60292 15.0416 
13.2261 292.595 398.731 0 30.9508 3.20328 24.6676 818.602 225.828 15.9328 118.353 3.32085 64.7146 3.46213 34.7878 20.3988 26.654 144.872 15.055 14.3347 128.068 16.4107 13.9892 21.4778 2.92633 5.43354 5.73996 26.6248 
30.2618 520.145 188.091 133.472 0 168.292 92.4276 0.0856721 355.208 24.0145 246.557 155.796 45.7673 59.3951 1.69526 41.0743 2.59306 234.747 288.777 53.5997 15.7647 0.177453 50.5509 53.3239 66.3129 4.55025 15.0314 2.63341 
86.9397 66.5139 26.576 11.3365 527.325 0 726.952 29.6626 358.118 42.0712 273.575 88.9369 460.469 9.00717 0.330597 4.25401 49.9808 116.715 83.6746 24.2462 76.5055 7.24962 14.4884 17.9125 23.762 27.4806 0.373372 9.27472 
247.97 363.915 248.322 178.123 261.527 168.185 0 29.3542 557.103 49.4699 273.449 72.736 0.0134054 21.2156 109.951 97.1069 39.5361 5.91311 106.198 1.13633 91.8852 8.97493 5.29471 69.6795 90.7473 98.7547 11.5554 35.2918 
307.672 291.727 0.0708387 416.828 87.6291 50.4955 387.848 0 134.922 11.9657 109.96 99.8731 147.814 16.7759 15.106 10.4669 1.70562 45.1807 0.34359 25.3668 133.492 57.0276 55.4873 5.56397 193.294 170.572 14.9275 39.8189 
10.9942 94.0964 473.079 254.703 20.3284 355.175 912.428 144.209 0 219.11 1437.99 113.975 182.024 9.20384 136.698 37.5341 34.4709 146.224 22.543 78.7186 15.0136 10.4583 0.0244165 94.215 47.6255 121.284 15.5851 35.8054 
38.6917 216.397 103.774 106.867 5.39889 221.603 113.402 215.033 307.52 0 350.827 246.728 34.123 0.109471 26.0651 91.6732 53.8306 67.5136 1.48542 53.1831 61.9166 27.8873 60.215 39.2718 53.5538 1.5775 22.3437 23.0281 
13.6605 240.27 3.0628 107.445 46.0619 15.4874 107.548 25.748 720.76 255.52 0 4.16084 81.8726 98.8674 156.928 171.934 93.7012 101.963 15.4009 81.2922 0.627067 60.2962 40.0446 95.2599 127.457 116.766 63.484 81.2818 
219.344 39.3917 110.169 156.081 127.405 118.562 192.999 182.874 357.759 75.716 378.354 0 158.334 127.145 209.822 0.0464625 4.9724 108.858 21.561 88.4425 126.938 72.9637 123.625 111.634 176.891 338.969 102.766 0.0954218 
96.6131 8.07935 0.288575 2.17171 108.698 163.2 139.193 33.328 6.15611 82.4403 0.101075 150.753 0 0.761606 24.6647 23.6185 0.547457 84.8756 76.5657 15.8655 4.75461 22.4907 90.4981 2.22351 8.84199 54.6191 2.56438 0.0241972 
52.73 30.57 5.44608 2.38559 37.547 11.4749 12.7841 17.6258 2.42085 3.27774 63.86 150.308 107.868 0 17.3927 0.00413226 15.9286 30.1137 21.2986 1.30491 17.9277 10.8614 9.64586 9.57785 15.8737 12.956 8.06016 9.1386 
0.0125935 30.4427 33.9299 1.41522 3.26608 0.0252569 15.041 184.183 176.031 114.558 85.4231 231.594 5.83581 61.3897 0 87.7004 0.0216711 0.00792377 4.89046 9.91387 52.3841 0.0416216 12.9565 21.0727 8.24424 0.758394 0.0368359 0.358893 
32.5843 75.9902 24.8228 0.268584 40.1883 17.4874 81.3932 23.0305 128.664 54.6555 201.337 227.491 82.651 2.79683 3.20407 0 3.49566 10.2221 29.4513 0.548049 62.4616 4.891 1.79889 17.5036 4.78364 32.059 14.146 21.569 
1.90375 59.2729 18.8046 49.9471 103.192 20.6387 80.2031 93.181 75.3042 4.72507 40.7557 7.43995 58.3717 0.000960281 24.4677 7.86927 0 139.442 80.1416 15.3515 33.5643 15.0496 18.4862 13.4646 2.96264 16.5076 17.0193 22.4059 
189.478 461.185 45.0502 65.6669 27.9818 56.1444 122.046 181.037 61.7961 143.224 27.7168 136.739 102.715 43.4379 68.559 61.7138 267.198 0 80.4705 19.6176 103.379 16.715 24.4878 11.2157 49.4787 30.4526 37.2504 51.2669 
26.6961 166.04 0.642216 8.78795 194.19 12.5753 102.812 33.4852 1.02697 2.30436 28.3271 64.9039 84.9784 4.57506 23.7727 8.49609 169.411 10.8257 0 1.73708 52.9567 25.3983 14.0163 0.759149 22.6087 29.109 11.895 0.738735 
163.321 71.6689 18.1905 5.56536 51.9075 23.6844 15.3248 114.255 19.1135 55.8702 65.1601 10.7578 17.3983 0.110903 11.2889 4.79467 7.03923 2.22868 26.4689 0 93.6745 5.07844 3.09907 4.22921 10.8292 2.52376 4.5219 8.1777 
2.16382 4.89909 126.229 173.37 128.847 53.8738 9.52015 4.67554 100.743 35.1257 4.37604 43.8132 17.7735 5.77519 37.6521 0.461516 66.6373 49.1639 68.9027 3.48746 0 12.9592 39.8256 14.1609 22.8659 62.9447 0.00811072 5.47579 
26.9192 17.5417 2.0599 14.448 54.5108 1.49029 61.3056 62.9443 69.8386 60.8489 69.1678 46.7613 31.6472 5.87269 15.4461 6.38854 9.46149 40.9225 24.9461 5.44287 29.175 0 6.96892 7.08605 16.574 7.21914 12.1423 9.89832 
14.2255 54.2362 3.10029 12.854 47.186 6.6411 0.130728 96.7165 15.87 45.0817 106.259 116.488 54.329 9.31586 10.4181 10.4599 12.4905 37.6978 9.33729 0.00394414 2.44316 10.4767 0 0.190936 23.0801 5.96295 0.000561859 0.963471 
15.485 1.08961 2.58203 25.8476 46.6011 14.7181 49.5489 106.952 4.84459 2.58209 128.958 100.765 39.8022 5.66275 18.4069 29.0265 12.8126 16.5319 23.9546 5.47771 47.2151 6.1663 8.87669 0 6.30501 5.09716 18.9232 0.0938046 
1.8951 45.4524 16.6154 20.1609 23.704 12.8514 69.8493 42.8324 113.336 69.8726 103.395 494.689 4.15348 2.03804 25.6129 56.5607 4.08827 13.5472 29.1958 6.36168 60.3312 61.0518 21.0166 42.6556 0 27.4324 161.17 60.7758 
5.36665 5.42064 18.4565 36.5319 48.3518 1.86442 8.8376 208.536 121.211 58.7107 108.383 169.884 54.7496 6.7595 0.101216 32.6492 0.144624 40.3403 19.4785 8.72284 62.1107 0.894484 7.5752 1.77141 38.4104 0 3.97484 60.1293 
5.94391 16.3026 18.4135 8.21222 48.0314 16.7245 27.9539 84.695 42.3245 0.588093 0.0407327 106.353 8.83958 7.33945 0.524985 18.4614 9.6484 40.9558 22.2762 0.42511 10.2434 4.90178 0.345809 1.73259 11.6275 37.1245 0 46.5243 
60.5968 53.6953 1.02425 20.0755 19.4977 22.6104 39.0073 48.7918 52.9747 19.6974 2.41633 92.4931 42.4045 2.75483 8.22052 22.5587 21.8388 47.7322 0.0681714 2.55891 48.1507 1.65044 9.80785 4.70441 11.9938 17.8973 8.45228 0 
