0 391.308 166.405 584.104 13.566 289.236 267.751 237.393 426.106 156.42 64.7421 103.831 53.2603 52.862 66.7571 75.2431 315.113 208.621 24.4526 169.656 1.04359 14.715 34.7948 13.9767 269.941 4.92218 13.7242 0.420336 
251.479 0 40.3702 514.124 521.939 483.606 79.3191 0.0100963 566.497 0.077754 93.3458 4.99529 55.7315 55.409 50.8678 17.6761 395.482 553.626 0.393856 130.156 12.4654 1.44013 52.1839 1.16639 250.848 56.1689 48.6744 45.7635 
179.792 347.108 0 168.257 144.807 13.2854 64.1605 1.21763 10.8006 2.40054 42.7451 188.109 41.9773 16.2991 4.36765 0.69489 51.0898 13.019 43.2715 25.3786 116.326 10.1084 3.50541 15.5637 4.16769 10.126 2.9779 15.749 
289.117 516.301 348.14 0 40.1264 253.763 36.9268 1210.58 437.762 11.996 132.49 0.130182 62.907 4.14804 35.9661 17.7223 273.469 145.818 17.3333 17.4559 746.783 16.5234 14.5725 22.3314 251.331 3.86774 6.42834 25.5833 
18.5112 488.065 185.292 141.632 0 193.558 137.14 0.254837 350.945 9.56018 238.176 160.817 54.5153 61.2104 0.752083 38.2738 5.19129 232.148 298.263 58.0148 19.1169 0.0448528 49.4865 52.5406 66.8189 5.79314 16.0372 2.04094 
327.671 338.371 20.9593 263.765 132.959 0 522.535 42.2027 669.94 466.526 271.211 98.0039 608.73 7.99009 0.0320536 3.3437 300.587 113.248 86.4442 24.3067 75.881 7.90896 14.085 17.7976 271.789 27.6867 0.523745 8.57844 
257.302 427.736 249.266 188.295 309.802 70.3331 0 12.0864 953.905 105.487 216.755 56.5043 1.22651 25.4429 117.62 99.4938 35.4846 2.17736 114.249 2.30919 86.152 10.3667 6.83004 70.4825 89.7467 97.7309 10.2937 32.8102 
307.981 286.617 4.00259 447.319 99.3769 36.9561 402.545 0 67.5034 6.63518 83.4874 9.08357 146.908 12.4412 23.1891 23.8757 2.58243 38.5377 0.04091 30.1108 122.903 58.2996 51.0339 2.85253 191.237 150.579 17.6996 46.3275 
254.638 378.387 455.802 533.512 8.61543 667.741 511.959 74.548 0 258.112 1156.48 83.8059 188.739 6.98647 171.623 45.9642 279.931 156.873 17.6219 74.5811 10.5793 9.10367 0.357365 92.0852 290.726 126.659 17.5028 39.4691 
45.7951 226.379 107.716 106.291 0.226022 365.15 55.3237 219.602 272.847 0 443.545 245.795 14.2402 0.74633 35.0618 91.6286 50.9346 74.0786 0.413169 52.1763 65.0107 25.5731 59.6864 41.5712 56.0546 2.74842 23.6216 24.9167 
9.19123 249.763 9.9116 92.9163 34.3033 30.4514 157.948 12.5889 782.531 353.318 0 20.8159 66.125 79.7823 97.2703 189.25 94.4244 108.779 12.2574 79.7582 1.56141 62.3574 47.1975 88.9874 132.502 106.556 65.8779 85.2599 
223.815 48.9002 96.8587 178.657 120.235 110.295 174.449 384.745 333.265 91.1825 426.508 0 159.189 116.695 232.672 18.0974 6.11515 113.742 24.1447 90.4401 120.643 71.8991 121.04 125.688 167.013 376.43 106.464 0.340354 
94.0172 5.29181 0.805374 1.34123 99.096 178.467 124.818 28.528 10.6054 51.2816 1.97328 147.39 0 0.231508 31.9288 27.8381 0.917823 87.5673 74.5801 17.0238 5.74681 18.2262 91.1585 1.21591 7.56487 54.1886 3.00973 0.000398103 
52.1772 33.2342 6.17009 1.85246 34.9457 12.5145 9.62663 22.5886 5.03453 1.64851 46.9179 142.646 91.6237 0 30.0578 0.172879 16.362 28.6081 21.9179 1.41432 19.105 10.7698 9.27212 9.97946 15.5297 12.8302 7.77252 9.48171 
0.184387 34.6158 34.0561 0.782716 1.89224 0.307952 21.4204 185.149 189.832 106.46 39.4984 208.547 2.71059 61.181 0 77.701 0.0797988 0.0329493 5.72879 9.66002 51.2847 0.135499 10.71 19.0085 6.79881 0.271032 0.00259433 0.160691 
29.0775 78.0461 24.6554 0.858936 42.977 18.7326 85.6487 40.9431 121.419 49.2733 186.068 326.179 83.6638 1.48523 0.112384 0 3.92709 11.6748 29.1057 0.704153 62.7914 4.47 1.19915 21.0222 6.31921 30.9306 14.7344 21.0007 
250.936 316.212 21.0978 300.451 110.917 271.834 83.9183 91.5888 327.981 3.44499 43.5307 8.80176 59.3797 0.0053158 25.0358 8.4421 0 168.544 18.3153 16.3859 31.7781 15.4017 18.344 13.0603 251.703 15.8925 17.3384 22.6559 
176.157 399.289 34.6389 56.9403 38.3128 49.503 107.297 179.918 51.7073 140.985 22.7511 139.879 103.831 42.227 68.1339 61.6966 279.483 0 72.4742 16.537 106.493 17.5721 25.5561 12.2441 48.2226 32.2771 37.9182 51.219 
22.4589 169.41 1.37325 10.6716 223.677 8.78847 94.3111 37.2986 2.55864 4.36146 24.2309 61.9283 85.3953 5.15142 22.581 7.74744 180.141 15.3185 0 2.28069 51.1357 25.3438 13.4872 0.57993 23.2559 29.4361 11.451 0.934988 
137.203 61.6932 16.6716 3.62389 56.3478 23.3216 12.1902 112.199 22.7702 55.411 62.4938 13.2562 18.5743 0.0773608 11.1443 4.47704 6.21837 1.18776 27.5192 0 44.8274 5.17295 3.17882 4.38418 10.494 2.8385 4.74976 8.43315 
6.81638 8.30731 124.338 190.22 127.151 51.2096 12.6585 1.99561 109.486 38.2342 6.46607 50.216 16.1392 4.99882 39.3246 0.161455 67.1677 44.9439 67.9513 26.491 0 13.532 39.6504 12.9745 24.6735 62.7297 0.00304977 6.32512 
26.0804 18.7862 1.83964 14.1727 53.8254 1.15535 60.6348 63.7988 69.6397 61.0326 67.4835 44.4591 26.8687 6.39394 15.8722 6.81747 9.07389 40.5932 24.7805 5.35703 29.5341 0 5.91315 7.79624 15.6961 7.47675 12.2687 10.0004 
13.0329 53.4443 2.72756 13.4718 48.3952 6.05925 0.00124953 98.5395 19.2364 42.7938 112.15 119.978 59.9364 9.65593 8.24597 11.0928 12.1358 38.475 8.81088 0.0118723 2.91967 11.4372 0 0.144068 22.4858 6.37505 0.0101251 1.14947 
13.8193 0.633405 3.02868 25.4254 47.8058 15.1905 47.0702 113.418 3.21144 3.65897 129.107 115.18 36.5198 6.50946 20.5132 29.2759 13.2194 15.4033 23.9204 5.36022 47.5062 6.87546 12.5911 0 8.87976 5.91466 18.6786 0.0286608 
251.01 291.595 15.4057 267.02 21.7304 260.77 66.4744 31.6636 366.233 70.6499 110.547 1014.15 5.14964 2.56498 24.244 78.7066 252.735 14.9359 29.5166 6.76021 60.0466 21.3594 22.9249 47.7357 0 31.0974 34.7372 42.7785 
7.16786 3.89563 17.1684 34.4573 46.0996 1.31895 11.7098 220.403 126.594 61.6228 118.505 110.312 54.3651 6.12315 0.00120846 32.846 0.068032 42.0605 18.7156 9.0564 61.541 0.748022 7.94028 1.27223 39.7701 0 2.63128 55.9718 
6.79749 15.0948 18.6332 7.46332 47.6859 16.3293 26.3217 81.8628 44.6787 0.903625 0.249647 102.644 8.12531 7.03738 0.74537 18.2348 10.0222 40.4284 22.5184 0.340683 9.43967 5.18804 0.216227 2.21971 14.6878 37.6974 0 59.0216 
60.8496 55.1066 1.37004 18.818 20.9298 22.7572 41.4845 55.5948 56.7332 21.5347 3.95676 104.256 42.9236 3.10994 7.3131 22.2722 22.1195 47.0944 0.136936 2.32588 48.7454 1.49254 9.68989 5.19963 11.4255 11.6189 2.6657 0 
