0 371.549 165.043 559.682 14.242 263.924 267.683 238.88 398.989 156.464 64.0763 102.861 52.9716 52.8268 66.8574 75.1099 288.921 209.378 24.7668 173.061 0.877097 14.778 34.8803 13.8555 244.243 4.80327 13.6394 0.397474 
225.217 0 36.2431 490.43 520.377 457.22 83.3011 0.0360907 543.085 0.0374155 94.5591 4.73707 56.2167 55.2434 50.5409 17.4608 369.347 409.56 0.471712 129.743 12.1237 1.47211 52.2549 1.12716 224.968 55.9369 48.7357 45.8933 
178.604 353.744 0 175.229 143.79 12.9395 62.3297 1.51779 9.00716 2.56285 41.5072 188.135 42.2041 16.3164 4.27038 0.663297 51.1867 12.5361 43.4699 25.4422 115.987 10.1264 3.53485 15.5706 4.23194 10.2224 2.94939 15.6973 
260.749 492.567 359.268 0 39.418 227.743 35.9506 912.002 414.687 12.2713 131.461 0.220235 63.0461 4.09553 35.8841 17.9191 247.746 145.785 17.1612 17.2196 671.736 16.5156 14.53 22.2703 225.484 3.97555 6.3764 25.6624 
19.2917 491.099 185.593 141.064 0 190.943 133.645 0.198661 351.435 10.4152 238.856 160.462 53.8523 61.0807 0.809077 38.4816 4.96906 232.404 297.786 57.6905 18.8592 0.0516651 49.568 52.6014 66.7857 5.69637 15.9622 2.08236 
302.407 310.736 21.3646 237.613 77.2072 0 223.168 41.2146 640.067 316.13 271.572 97.3391 686.845 8.06455 0.0434329 3.40798 274.589 113.526 86.2624 24.3051 75.9344 7.85974 14.116 17.8076 245.979 27.6748 0.511754 8.62969 
256.707 423.401 249.418 187.623 306.367 69.9466 0 13.1167 926.706 100.771 220.941 57.6563 1.06944 25.1209 117.079 99.3342 35.7809 2.39219 113.666 2.20851 86.5803 10.2608 6.71022 70.4294 89.8314 97.8217 10.3851 32.9938 
308.086 287.092 3.50694 447.887 98.5001 37.9036 401.712 0 71.8171 6.97847 85.3638 12.533 146.991 12.7426 22.539 22.7114 2.51141 39.017 0.0532345 29.7501 123.696 58.2078 51.3643 3.02333 191.46 152.107 17.4877 45.8369 
229.074 349.772 458.083 505.617 9.31872 637.802 541.666 79.0501 0 255.299 1523.45 85.929 188.276 7.10979 167.318 45.3221 254.306 156.101 17.9687 74.8938 10.883 9.20138 0.319347 92.2532 265.273 126.283 17.3579 39.1954 
45.2562 225.716 107.453 106.355 0.375518 355.086 59.0282 219.316 275.553 0 437.074 245.938 15.4358 0.679756 34.3642 91.654 51.1509 73.5917 0.469923 52.2552 64.7838 25.7437 59.7329 41.4033 55.8738 2.65092 23.5269 24.7762 
9.49365 249.123 9.27449 93.9896 35.1244 29.1895 154.019 13.4103 778.497 346.131 0 19.1594 67.2559 81.1729 101.391 188.05 94.3763 108.279 12.4792 79.8781 1.47797 62.2077 46.6578 89.4623 132.153 107.328 65.7037 84.9723 
223.533 48.17 97.8501 177.031 120.774 110.923 175.849 368.392 335.227 90.0156 423.201 0 159.146 117.495 231.116 15.4179 6.0267 113.386 23.95 90.3009 121.119 71.9823 121.255 124.67 169.295 374.214 106.203 0.267651 
94.2167 5.47895 0.758301 1.39607 99.8128 178.033 125.895 28.8739 10.2367 53.3922 1.75404 147.656 0 0.145043 31.3694 27.5193 0.887159 87.3728 74.733 16.9375 5.6703 18.5309 91.1348 1.28048 7.65662 54.2247 2.97565 4.82549e-05 
52.2217 33.0363 6.11574 1.88986 35.1386 12.4379 9.8471 22.204 4.80617 1.75061 48.1117 143.256 92.8584 0 29.0852 0.144643 16.3302 28.7199 21.8728 1.40612 19.0175 10.7783 9.3148 9.95408 15.5573 12.8416 7.79407 9.45683 
0.164784 34.3023 34.0546 0.823342 1.98158 0.276311 20.9155 185.144 188.881 107.098 42.3827 210.379 2.9026 61.3862 0 78.7009 0.0742413 0.0260761 5.66482 9.67925 51.3691 0.12671 10.8752 19.1665 6.90248 0.298821 0.0037677 0.172696 
29.3345 77.9024 24.6725 0.803922 42.771 18.6419 85.3454 39.4692 121.981 49.6745 187.292 319.112 83.6054 1.5697 0.0313605 0 3.8944 11.5645 29.1328 0.691973 62.7722 4.50092 1.23991 20.7731 6.19597 31.0302 14.6918 21.0462 
225.038 289.735 20.926 274.46 110.358 245.786 83.6489 91.7121 301.828 3.53325 43.3246 8.69738 59.3077 0.00425343 24.9946 8.39928 0 166.408 4.96466 16.3092 31.9103 15.3759 18.355 13.0904 225.838 15.9382 17.315 22.6379 
177.182 404.744 35.3773 57.5806 37.502 49.9909 108.387 180.024 52.4337 141.17 23.1047 139.658 103.756 42.3184 68.1703 61.7019 278.761 0 73.0664 16.7585 106.27 17.5084 25.4772 12.167 48.3176 32.1421 37.8696 51.2245 
22.7633 169.202 1.30992 10.5271 221.591 9.04853 94.9488 37.0122 2.42197 4.18757 24.5262 62.1503 85.372 5.10781 22.6697 7.80214 179.338 14.9617 0 2.23804 51.2722 25.3487 13.5265 0.592399 23.2085 29.4132 11.4838 0.919687 
139.199 62.4282 16.7856 3.75477 56.0211 23.3512 12.4121 112.368 22.4911 55.4499 62.6948 13.0634 18.4869 0.0796413 11.1556 4.50053 6.27779 1.25389 27.4427 0 47.9606 5.16604 3.17299 4.37281 10.5192 2.81475 4.73285 8.41444 
6.38464 8.02541 124.512 188.385 127.289 51.4096 12.4122 2.15598 108.842 38.0022 6.29791 49.7331 16.2582 5.05467 39.2019 0.178428 67.1315 45.2539 68.0251 24.094 0 13.4894 39.6649 13.0613 24.5389 62.7504 0.00197687 6.26038 
26.143 18.6934 1.8556 14.1936 53.8788 1.17879 60.6883 63.7385 69.6582 61.0251 67.6123 44.6306 27.2154 6.35556 15.8421 6.78583 9.10251 40.6187 24.7936 5.36349 29.5081 0 5.99043 7.74378 15.7625 7.45783 12.2598 9.99315 
13.1202 53.506 2.75459 13.4266 48.308 6.10201 0.00354358 98.4167 18.9783 42.9666 111.733 119.742 59.5278 9.64614 8.40291 11.0494 12.1622 38.4187 8.8497 0.0111396 2.88304 11.3685 0 0.101882 22.5361 6.34478 0.00835629 1.1352 
13.9405 0.663022 2.99462 25.4596 47.7189 15.1565 47.2561 112.959 3.32125 3.57319 129.122 114.126 36.7637 6.44769 20.3624 29.2897 13.1894 15.4862 23.9237 5.36913 47.4871 6.82279 12.3197 0 8.66405 5.85307 18.6989 0.0322032 
225.11 265.923 15.4958 241.293 21.8751 234.966 66.7298 32.4458 340.077 70.6004 110.032 608.851 5.07254 2.52428 24.349 77.3916 226.877 14.8315 29.4939 6.73066 60.0715 24.2362 22.7861 47.3297 0 28.0736 37.4916 37.5105 
7.02638 4.00042 17.2651 34.6168 46.2682 1.35627 11.4849 219.639 126.218 61.4139 117.774 114.492 54.3977 6.17025 7.37426e-05 32.849 0.0727305 41.9343 18.7724 9.03209 61.5878 0.758468 7.91384 1.30661 39.679 0 2.72208 56.3284 
6.73265 15.1832 18.6178 7.51808 47.713 16.3591 26.4423 82.0789 44.5049 0.877982 0.228096 102.931 8.17747 7.05992 0.727782 18.2532 9.99451 40.4684 22.5009 0.346625 9.4984 5.16675 0.224809 2.18181 14.4414 37.6651 0 58.1165 
60.8349 55.0047 1.3428 18.9117 20.8229 22.7479 41.3016 55.0853 56.4559 21.3974 3.83009 103.392 42.8871 3.08313 7.37934 22.2972 22.0992 47.1433 0.131032 2.34286 48.7034 1.504 9.69921 5.16255 11.47 12.0499 2.98753 0 
