0 129.636 209.372 303.993 0.794158 139.163 250.224 154.276 353.778 148.757 99.1251 151.391 67.4221 53.8745 60.6691 79.813 203.802 161.658 11.0017 117.201 26.4311 11.6821 30.3572 20.3696 135.741 12.3997 18.1064 2.33302 
330.821 0 371.194 249.742 455.478 348.229 7.50222 18.3483 300.544 19.7428 39.9534 25.7395 33.1937 62.7401 66.6086 29.3637 276.397 905.088 5.28271 141.812 34.4007 0.292114 48.1067 3.91076 126.201 66.865 45.306 39.0603 
211.015 26.0515 0 45.1267 181.943 33.3578 164.98 26.8875 247.192 1.04395 116.623 174.099 30.6675 15.0091 10.1874 3.1 45.2058 45.919 32.8867 21.3097 126.672 9.16244 2.16024 14.9351 1.54365 5.69219 4.51804 18.1282 
342.088 252.69 25.9629 0 78.9531 138.353 94.4695 926.304 181.455 2.10507 176.985 24.3224 55.1023 7.03351 38.8704 8.72321 140.009 140.194 26.3868 29.5057 615.481 16.7898 16.5002 24.8775 125.109 0.341459 9.16083 21.3531 
0.064055 250.656 153.531 161.176 0 440.37 318.092 11.5554 294.901 13.453 194.321 174.483 89.2877 66.5759 0.540608 28.0865 21.673 207.6 275.869 73.1176 33.509 0.30968 44.9661 48.9954 67.585 11.4569 19.8515 0.503089 
171.089 299.814 4.81972 153.333 896.547 0 1073.26 99.1621 562.094 688.785 219.743 128.228 667.905 4.55908 1.60575 0.881161 179.34 95.769 90.4038 23.8003 71.8771 10.393 12.3592 17.0154 142.098 27.5926 1.28203 6.14131 
266.171 523.683 200.907 203.053 427.294 878.382 0 14.3166 888.27 379.927 43.2328 12.5769 21.7873 42.6336 137.685 103.74 21.8136 4.20773 139.302 9.90082 64.6195 16.1066 13.8573 71.8033 83.5092 90.3789 6.19569 23.9517 
278.314 245.561 64.5205 512.844 142.602 4.17942 390.261 0 26.2975 0.515353 14.0628 450.054 139.707 1.8707 63.5571 106.881 7.2675 17.9038 1.44932 49.3706 83.202 62.3281 34.9641 0.63724 167.12 73.0575 29.2946 71.5929 
128.926 395.728 206.602 455.17 8.57664 563.904 269.336 22.0317 0 366.02 969.968 9.45432 203.909 8.77531 75.774 79.8 142.373 190.636 4.45189 58.2981 0.84695 4.85677 4.84273 81.9124 145.596 140 25.1528 53.247 
74.1498 242.136 114.348 98.8978 38.4212 433.354 27.5005 222.756 129.119 0 602.81 224.498 16.2584 7.72637 73.0822 86.0776 40.0482 97.6956 2.16773 47.4617 75.7083 17.4357 55.9987 49.262 63.9215 9.57229 28.2849 31.9206 
0.297935 267.441 63.4445 43.3958 5.1958 115.291 359.527 4.70631 819.112 597.938 0 171.368 20.0762 21.7572 2.13447 227.007 95.7038 132.098 3.63798 72.6643 8.45482 69.079 74.8737 64.1569 144.396 67.0883 73.7821 97.8305 
227.549 89.0015 49.6138 242.67 92.4366 77.3307 104.048 1020.15 216.163 150.581 518.003 0 157.329 74.3641 273.756 319.767 11.2047 129.753 34.3824 95.4756 95.6801 66.9543 106.078 168.209 315.603 356.809 116.638 14.4574 
82.8971 0.0788206 4.8388 8.70115e-05 63.7625 146.603 71.7673 13.6192 35.9665 0.257044 28.0439 131.035 0 27.8539 62.1867 44.3574 3.06427 96.1131 65.9713 21.3629 10.0975 5.90145 87.3329 0.112768 3.64662 51.599 4.91334 0.438834 
49.2964 43.0054 8.93268 0.451529 25.5249 16.1377 1.71464 44.3069 22.6948 0.449081 5.09456 105.766 32.6472 0 61.9509 4.37165 17.8559 23.0746 23.964 1.83485 23.4789 10.0233 4.99541 10.2897 13.7726 11.8689 6.66896 10.5857 
2.50876 50.6247 32.5849 0.0605027 0.0502293 3.91211 51.4699 172.542 219.21 69.8831 28.2146 105.615 1.48003 24.4601 0 11.7132 0.602824 1.36813 9.23725 8.62966 46.5856 0.927385 3.50946 10.7693 2.50006 0.594203 0.216584 0.108362 
17.1928 83.308 22.9142 5.67159 52.8208 22.8124 97.8487 132.801 89.8505 29.7072 113.696 488.908 83.1455 0.277077 51.7209 0 5.67626 17.5799 27.4857 1.42323 62.6813 3.00967 0.0229443 29.0392 13.9258 23.3408 16.6239 18.136 
128.159 219.801 29.7992 179.034 135.158 154.367 95.8831 84.4783 214.659 0.45487 53.7606 14.6242 62.3675 0.205358 26.9014 10.6212 0 257.98 380.191 20.1701 25.3228 16.634 17.7123 11.5482 125.122 13.6073 18.4466 23.4389 
120.388 270.899 6.82844 27.8849 85.5925 26.9753 56.296 170.168 20.9573 128.305 8.37079 148.394 106.069 37.3966 65.3742 60.6367 275.297 0 44.0976 7.16458 115.918 20.7561 29.3962 16.2468 43.1787 38.8777 40.1453 50.558 
9.59113 170.996 6.2563 18.689 295.142 0.553094 62.3147 52.038 13.7525 16.9737 11.5322 50.7285 85.022 7.47279 18.1353 5.21761 228.531 37.1204 0 4.83831 44.1132 24.9353 11.5199 0.126833 25.4644 30.3125 9.83542 1.84112 
43.1968 28.1423 10.9396 0.0299857 71.6664 21.3446 3.53759 100.704 37.9023 52.5393 52.0124 24.1325 22.9372 0.00572375 10.4699 3.33616 3.57291 0.159816 31 0 28.4889 5.49524 3.45014 4.92121 9.17175 4.09036 5.5936 9.30905 
43.8656 27.6448 109.315 160.754 118.08 40.9628 27.3841 1.83142 139.755 49.9422 17.312 75.414 10.6815 2.59063 45.0873 0.381286 68.335 30.3382 63.6556 222.848 0 15.6575 38.6318 8.93418 31.4285 60.7644 0.344797 9.86571 
22.921 23.4787 1.12488 13.0647 50.6624 0.281872 57.2598 66.1698 67.9929 60.1856 60.4107 35.8874 11.7791 8.19466 17.0433 8.33617 7.67444 39.1075 23.9758 5.0177 30.706 0 2.47885 10.2825 12.217 8.36951 12.6264 10.302 
8.96748 49.7878 1.5243 15.568 52.1829 4.04625 1.33988 102.054 33.4476 33.773 128.199 126.858 77.8733 7.23491 1.94297 12.4183 10.8067 41.0019 6.94045 0.0770261 4.98993 14.1912 0 9.47792 18.8964 7.80088 0.307398 1.94691 
8.33113 0.0140058 4.87347 23.1769 51.6347 16.648 37.5696 131.54 0.0735299 9.02549 123.36 161.071 24.5998 9.14419 26.4131 22.6784 14.6693 11.4709 23.5846 4.88118 47.962 9.43696 20.8634 0 23.007 9.06809 17.2603 0.11122 
127.385 155.325 10.9596 133.94 14.9443 131.223 53.0507 4.17222 250.315 71.4427 132.237 989.602 9.58038 4.87407 18.5058 41.3822 125.797 20.3754 30.4118 8.21579 58.0643 75.2135 28.8804 49.8482 0 32.8182 110.105 74.313 
15.6372 0.424201 12.2633 25.706 37.5022 0.114403 24.9509 232.271 139.973 70.3864 149.261 0.205966 51.9356 3.86751 1.73409 29.3156 0.0316468 47.9905 15.8578 10.1682 58.3322 0.317936 9.10951 0.130761 42.1555 0 0.0466408 31.8331 
10.3204 10.9367 19.2023 4.93348 46.042 14.7514 20.4725 70.0939 53.1028 2.61596 2.51216 86.376 5.70912 5.90056 1.85994 17.0084 11.4013 38.2526 23.2868 0.109688 6.71082 6.25498 0.00010658 4.41807 29.9047 37.2385 0 90.8855 
60.7756 59.5554 3.0206 14.148 26.3292 22.9185 50.2975 81.0809 70.0098 28.4802 12.5835 143.362 44.3391 4.51549 4.28473 20.3099 23.0213 44.3589 0.589461 1.54751 50.3794 0.972787 9.11876 7.08575 8.99225 0.00733736 9.70566 0 
