0 142.079 209.515 313.761 0.879089 150.749 249.847 153.387 366.003 148.627 99.479 151.851 67.5623 53.8773 60.5972 79.8381 215.721 161.109 10.8892 116.855 26.8456 11.6525 30.3106 20.4375 147.448 12.4899 18.1522 2.35996 
346.003 0 374.287 260.046 453.495 359.58 8.17026 18.7213 310.862 20.1083 39.5018 26.0232 32.9856 62.8046 66.7601 29.4902 288.188 758.181 5.41821 141.836 34.667 0.284914 48.0602 3.94622 138.009 66.9635 45.2688 38.9903 
211.021 24.354 0 47.4557 182.16 33.5753 165.976 27.5253 250.321 1.09764 117.437 173.837 30.5543 14.992 10.2543 3.13209 45.1364 46.3248 32.7783 21.2606 126.709 9.15238 2.14791 14.926 1.52312 5.65175 4.53478 18.1502 
355.811 262.988 22.0014 0 79.3659 150.272 95.1048 760.858 192.171 2.0452 177.349 24.8347 55.0153 7.0651 38.8875 8.64301 151.718 140.067 26.482 29.6256 709.752 16.7913 16.5177 24.8979 136.902 0.325067 9.18979 21.3077 
0.0897621 247.847 153.064 161.279 0 440.878 319.763 11.7516 294.056 13.9507 193.793 174.58 89.6485 66.6189 0.564644 27.986 21.8892 207.242 275.207 73.2574 33.6687 0.318353 44.9159 48.9545 67.584 11.5223 19.8909 0.492767 
182.571 312.394 4.70782 165.284 770.056 0 947.604 99.785 572.207 764.667 218.935 128.497 619.394 4.52773 1.64243 0.864006 191.157 95.5603 90.3919 23.7894 71.8235 10.4183 12.34 17.0048 153.839 27.5848 1.29129 6.11788 
266.05 523.28 200.069 203.007 427.801 882.755 0 14.8696 874.071 382.472 42.043 12.2831 22.1141 42.8157 137.812 103.745 21.6875 4.35428 139.51 10.0021 64.4019 16.169 13.9385 71.8034 83.4269 90.2775 6.15889 23.8652 
277.785 244.99 65.4285 512.048 143.026 4.00866 389.613 0 27.6866 0.56438 13.6402 458.48 139.604 1.81042 64.027 107.885 7.32607 17.73 1.48357 49.5749 82.8069 62.3634 34.8074 0.677983 166.757 72.3184 29.4211 71.8513 
140.868 408.902 203.496 466.85 8.92375 574.054 281.697 23.3091 0 366.686 841.186 9.06404 203.98 8.86776 77.6588 80.1501 154.048 190.923 4.36155 58.1281 0.803683 4.82008 4.91332 81.7924 157.207 140.079 25.2342 53.3864 
74.4458 242.116 114.349 98.7831 39.226 429.652 28.8428 222.677 127.716 0 602.4 224.149 16.888 7.83159 73.478 85.9804 39.9377 97.9248 2.23063 47.4065 75.81 17.3577 55.9482 49.3323 63.9889 9.65968 28.3315 31.9911 
0.27091 267.472 64.1628 42.9554 5.02827 116.291 361.372 4.95939 813.055 598.672 0 173.395 19.7309 21.3247 2.49473 227.141 95.7056 132.315 3.57596 72.5819 8.55115 69.1394 75.1545 63.8997 144.459 66.6932 73.8539 97.9386 
227.483 89.4355 49.1767 243.102 92.1499 76.9896 103.356 1021.71 214.861 151.171 518.095 0 157.27 73.9289 273.767 323.312 11.2629 129.897 34.4909 95.5072 95.4183 66.8965 105.888 168.535 315.852 355.359 116.711 14.6994 
82.7736 0.0677251 4.89592 0.000450285 63.417 146.834 71.2569 13.493 36.2863 0.343909 28.4479 130.841 0 28.3357 62.5031 44.5271 3.09212 96.1877 65.8748 21.4071 10.1468 5.80828 87.2456 0.122765 3.61366 51.5651 4.93464 0.447444 
49.2608 43.1026 8.96079 0.44209 25.4321 16.1718 1.66663 44.5471 22.9307 0.475934 4.8777 105.343 32.1386 0 61.9694 4.4373 17.8701 23.0192 23.9826 1.83922 23.5232 10.0127 4.94032 10.2832 13.7514 11.8555 6.65752 10.5955 
2.54548 50.7882 32.555 0.066263 0.0577586 3.96757 51.8117 172.292 219.309 69.4858 29.4447 104.564 1.55098 23.9848 0 11.213 0.610554 1.39145 9.27569 8.61855 46.5331 0.938844 3.45192 10.6871 2.46619 0.614321 0.221452 0.113262 
17.0834 83.3418 22.8882 5.73936 52.9155 22.8486 97.9407 133.82 89.5055 29.519 112.907 488.028 83.1064 0.295987 52.4593 0 5.69515 17.6435 27.4667 1.43158 62.6696 2.99582 0.0201019 29.0645 14.0145 23.2432 16.6406 18.1016 
139.995 231.873 29.8876 190.85 135.361 166.234 95.9884 84.3971 226.558 0.438795 53.8633 14.6892 62.3918 0.208847 26.9183 10.6437 0 258.632 389.415 20.2077 25.2589 16.646 17.705 11.5328 136.898 13.5841 18.4572 23.4457 
119.797 269.945 6.64936 27.628 86.1235 26.7703 55.829 170.026 20.7066 128.144 8.25924 148.455 106.076 37.3452 65.337 60.6181 274.859 0 43.8278 7.08747 115.995 20.7884 29.4341 16.2889 43.1247 38.943 40.1659 50.5475 
9.48574 170.924 6.32206 18.7774 295.468 0.519611 61.9965 52.1911 13.9073 17.1375 11.4248 50.6142 85.003 7.49771 18.0903 5.194 228.994 37.3762 0 4.86836 44.0401 24.9296 11.4998 0.123921 25.4853 30.3187 9.81928 1.85174 
42.4305 27.8475 10.8826 0.0241572 71.8094 21.3198 3.47522 100.559 38.0657 52.5012 51.9022 24.2543 22.9813 0.00541763 10.462 3.32497 3.54942 0.172078 31.0318 0 29.768 5.49829 3.4527 4.92634 9.15776 4.10363 5.60213 9.31735 
44.3771 27.8891 109.104 159.162 117.967 40.857 27.556 1.90749 140.038 50.0616 17.4453 75.6772 10.631 2.57004 45.1419 0.394065 68.3405 30.1999 63.6061 224.968 0 15.6791 38.6185 8.89617 31.4971 60.7353 0.35112 9.90462 
22.8886 23.5268 1.11845 13.0528 50.6256 0.276018 57.2187 66.1875 67.9691 60.165 60.3328 35.8008 11.6518 8.21148 17.0517 8.35085 7.66054 39.0904 23.9661 5.01409 30.7166 0 2.44965 10.3059 12.1805 8.37805 12.6291 10.3045 
8.92931 49.7453 1.51364 15.5875 52.2155 4.02719 1.36775 102.064 33.603 33.6788 128.311 126.878 78.0247 7.18691 1.89872 12.4228 10.7931 41.0246 6.92215 0.0779716 5.01331 14.2112 0 9.61567 18.8505 7.81433 0.312465 1.9558 
8.2813 0.0162792 4.89346 23.149 51.6683 16.6603 37.4717 131.671 0.0654053 9.09011 123.253 161.446 24.4835 9.16485 26.4533 22.5629 14.6836 11.4331 23.5795 4.87599 47.9616 9.46177 20.8695 0 23.1695 9.10019 17.2422 0.114624 
139.203 167.004 10.9155 145.656 14.88 142.97 52.9095 4.0209 262.159 71.434 132.412 903.338 9.63084 4.89987 18.4441 40.7619 137.569 20.4327 30.4186 8.23029 58.0369 75.2914 28.9283 49.573 0 31.8908 115.768 78.4192 
15.7359 0.406828 12.2137 25.6118 37.4137 0.108876 25.1031 232.122 140.052 70.4572 149.504 0.325071 51.9032 3.84598 1.76768 29.2487 0.0332434 48.0468 15.8287 10.1784 58.2912 0.314479 9.11974 0.12514 42.1573 0 0.0406251 31.5559 
10.3588 10.897 19.2061 4.90994 46.0225 14.7345 20.415 69.966 53.1855 2.63756 2.54673 86.1941 5.68648 5.88896 1.87352 16.993 11.4153 38.2287 23.2935 0.107997 6.68516 6.26584 3.25773e-05 4.44312 30.0795 37.2135 0 91.0212 
60.7668 59.5941 3.04011 14.1012 26.3846 22.9171 50.383 81.3346 70.1378 28.5512 12.6928 143.704 44.3494 4.53032 4.25716 20.2833 23.0294 44.3282 0.595615 1.54032 50.3914 0.968043 9.11193 7.10508 8.96765 0.00259813 9.99465 0 
