0 436.587 193.42 421.031 257.361 487.843 9.45117 0.0673769 589.621 38.4956 51.0239 211.362 12.0797 39.5329 1.35186 55.3297 456.698 236.343 26.8099 137.283 3.03627 40.3417 46.7251 18.2954 437.147 39.0936 44.3028 51.3061 
673.204 0 331.08 445.928 1.04641 448.049 424.761 275.544 423.024 31.9456 70.481 0.3077 2.24586 46.6418 87.3776 29.6795 548.091 376.251 48.7842 37.6096 172.76 12.2095 1.89303 36.5246 489.386 57.6643 2.16544 23.9611 
201.844 256.016 0 288.553 180.803 4.033 12.7562 158.671 131.795 7.0849 233.412 54.1993 64.9949 10.0667 31.7632 5.25718 10.1165 10.5027 60.652 0.398595 43.8702 0.0409282 12.2905 0.558362 25.5656 26.5213 0.0240842 3.42423 
762.978 444.26 238.121 0 5.28866 473.263 199.061 1230.3 683.436 79.6379 189.303 200.333 0.0430751 4.17439 0.0530673 35.6372 422.235 128.635 2.29238 9.89351 154.109 0.0520708 8.39225 1.12915 461.87 23.4459 22.5578 6.39229 
252.679 109.109 155.832 37.0421 0 85.3665 375.274 0.220762 180.077 243.034 92.3321 9.58563 0.170901 19.9718 42.308 11.0957 23.233 3.67458 298.029 33.2421 131.856 16.2854 8.94868 26.9964 18.5998 0.17551 5.77361 0.00411652 
450.289 614.628 62.1246 458.451 15.4497 0 766.788 177.742 785.349 375.345 271.572 150.101 615.183 17.4143 16.8028 22.0227 439.964 121.64 70.1284 8.2548 0.419292 7.85973 4.10654 11.0664 418.842 3.56882 9.84849 2.8505 
0.0210823 82.0507 232.755 116.809 216.212 897.398 0 124.988 953.912 206.986 239.809 249.496 4.34079 96.8847 76.6697 81.2294 1.13195 234.021 3.82396 0.103599 137.52 62.5096 55.8421 3.33276 43.0094 90.4747 21.9933 51.4611 
66.4 2.26872 207.226 320.101 85.0508 13.7052 271.962 0 574.919 21.9044 256.291 1013.91 145.298 35.6739 117.6 87.1872 99.3254 128.915 92.1619 0.53213 40.9412 51.6449 33.7051 83.9276 193.015 34.6348 100.204 131.666 
423.659 827.071 323.601 418.71 84.4848 782.494 511.953 567.054 0 258.553 1418 190.374 25.935 57.2378 123.971 27.3357 514.841 208.699 61.6517 35.5718 39.7676 48.4132 100.368 74.1588 545.923 1.01412 52.4646 99.2572 
156.629 153.971 111.668 70.5112 197.889 416.266 506.283 206.093 20.2632 0 31.2297 237.757 158.839 50.4693 15.2309 80.0451 74.0038 146.001 31.1227 13.9605 94.7621 0.891765 19.7802 29.4589 13.821 2.55522 19.8046 22.6809 
187.047 100.973 202.728 5.33672 260.792 29.1895 356.902 143.292 925.473 86.3656 0 240.596 240.469 45.8654 0.835778 191.024 5.4896 31.2946 0.429266 62.7828 131.136 67.9562 113.933 112.554 10.7706 21.0307 85.9216 1.22015 
74.222 29.8014 6.58293 199.788 76.6731 1.02002 282.867 421.951 394.754 122.927 511.644 0 4.02439 1.96472 231.897 271.073 3.28449 23.5383 97.3864 95.9069 115.23 0.209959 118.31 169.84 151.542 97.3538 101.463 10.5673 
60.741 17.0892 48.7779 56.6721 176.157 55.5225 168.877 23.3762 83.0714 96.2496 108.862 33.9431 0 80.4846 109.285 0.516013 2.08738 105.963 28.7717 1.82568 43.7155 74.0729 2.79719 5.09564 0.550954 55.0667 16.906 2.20009 
22.853 65.0329 14.2554 1.83388 21.9722 3.40149 42.2705 4.76957 16.5457 30.914 78.5498 1.10378 153.355 0 56.3701 16.8623 0.0271441 53.5747 11.512 4.18971 20.1158 7.09196 9.42333 0.00914619 12.0931 4.59688 11.2556 3.0198 
63.1466 75.607 11.879 37.9359 37.386 12.2896 0.951124 132.861 224.884 123.831 8.92315 209.465 36.0141 41.7103 0 46.522 20.7407 8.71097 33.6449 8.61035 1.22852 2.81772 21.9041 28.108 16.8443 29.7144 9.65792 9.17172 
3.4487 2.67342 21.0821 36.0939 59.028 1.28081 97.0091 112.471 110.564 20.4167 184.208 3.03841 55.9541 19.3365 15.4519 0 24.7214 61.585 28.3078 2.14097 25.3042 10.1495 6.37753 15.0412 32.8485 22.4703 5.4666 0.0716351 
423.832 458.713 26.3089 460.145 26.7463 419.327 109.887 0.362034 430.7 75.2006 19.8299 5.36278 44.6332 15.3566 23.0781 21.3672 0 0.0854727 429.193 25.1687 16.1241 20.4606 14.5114 12.6824 435.868 16.8404 6.42782 24.0972 
225.997 461.594 118.723 103.655 196.151 100.397 158.765 0.0022824 6.01095 37.7911 97.2919 4.07029 100.174 49.6032 55.7787 8.62163 78.3187 0 68.0393 64.5517 11.8039 6.23095 31.0043 46.8852 58.5075 17.3515 35.7093 0.579489 
28.9312 109.995 5.42508 6.2335 222.637 13.0426 122.8 24.4287 6.71226 60.1925 4.72715 10.782 3.43513 0.0623755 0.144009 22.4683 221.033 18.1106 0 9.49053 72.5586 9.61011 9.47739 23.6668 16.7628 28.6755 0.100344 2.72307 
124.639 45.688 6.62739 46.6919 31.6278 13.3263 26.4528 110.142 80.5898 7.59926 79.9304 42.9445 2.51184 1.12409 6.3212 2.48505 20.8436 83.9505 34.5206 0 228.348 6.0987 0.240306 5.67762 10.1671 11.7619 0.707312 10.2294 
0.02111 169.046 4.18004 200.25 7.05647 12.6057 4.1645 20.4625 65.2889 77.3705 140.208 50.5374 0.762411 4.3764 30.5194 37.2744 67.6975 123.365 67.6296 330.786 0 31.9569 0.714729 31.2175 50.9489 62.9888 25.7229 19.172 
37.8432 48.5818 6.16493 5.39373 52.0723 1.17879 1.2579 58.9748 50.9107 29.3492 8.13831 11.7041 65.7179 0.177176 17.543 2.3225 0.0224756 41.8813 12.1545 1.41541 18.7123 0 7.66349 9.29836 14.0733 10.6677 0.00210772 5.89858 
39.9595 1.12523 11.9568 7.18865 6.03578 12.4194 34.0559 12.8549 95.8074 45.9406 49.5703 71.4434 44.7821 8.17868 23.4372 5.79768 6.33764 16.6082 14.1554 3.73987 40.0346 5.34688 0 4.58013 14.5401 4.44536 0.71408 9.19625 
9.93364 21.8916 15.1443 14.6546 0.537234 2.53588 19.37 95.2953 71.2363 0.114693 123.588 175.685 46.2147 1.77945 4.16052 28.3445 13.5922 3.3639 2.23928 3.93641 37.3646 10.1513 19.3129 0 44.7264 14.4069 11.8892 13.8509 
477.846 480.507 15.0897 451.086 16.8353 421.703 76.8651 40.2415 433.846 38.723 0.692059 843.202 27.9061 6.81284 30.5994 56.9446 438.161 2.62839 7.63098 1.04734 2.16002 26.9112 23.0321 30.007 0 54.1212 14.9309 128.581 
34.8519 3.2468 22.2923 0.060021 60.4683 26.561 0.77321 215.107 1.03147 61.2038 166.342 183.288 54.9973 12.2735 30.6243 14.9342 26.7488 9.19368 5.5048 10.3997 62.2872 0.489307 6.13859 1.22422 17.8635 0 36.8904 0.507778 
37.3368 11.6912 12.5426 18.5519 24.6323 4.75118 39.5897 0.426618 24.5276 0.158331 28.795 19.1376 38.8894 11.0949 13.6649 0.201589 13.9144 42.0032 17.9175 3.89656 42.2484 4.79119 1.91682 4.36807 40.1483 0.00108264 0 19.4193 
16.3899 6.15486 2.56477 1.79201 31.2029 8.18795 22.778 134.173 94.3702 19.3613 54.3824 53.9127 44.9758 0.0158372 20.1082 0.133548 24.2824 1.16471 4.8783 1.88854 50.8216 6.2911 0.330606 5.66668 12.8246 25.4998 92.9451 0 
