0 212.827 200.783 81.1273 20.3287 44.7237 210.241 86.5802 297.78 135.523 126.616 185.041 78.144 53.6333 54.4468 80.4326 130.914 116.118 3.81083 23.2111 66.8292 9.41492 26.6014 25.8503 47.5785 20.269 21.7951 4.90756 
512.573 0 462.935 69.693 254.88 214.84 136.034 57.6308 112.522 56.955 11.533 51.894 18.3574 67.1453 77.7933 39.639 190.562 366.347 20.7753 137.835 57.5422 0.000110982 44.1553 7.15668 46.1318 73.9062 42.1981 33.4666 
191.992 69.982 0 274.358 187.672 49.7894 229.452 94.1805 446.57 9.23073 178.486 147.251 22.0024 13.4435 15.7632 6.02795 39.2488 80.1953 24.358 17.0963 125.159 8.34185 1.27868 14.0531 0.338224 2.8697 5.90156 19.711 
374.466 71.4276 155.475 0 110.936 67.6173 143.441 39.4172 44.3771 0.0404163 198.501 77.3045 47.8452 9.62852 39.4245 3.37108 51.7373 126.183 33.9808 38.2893 176.674 16.8336 17.7426 26.1379 43.9122 0.291975 11.5095 17.684 
15.1442 58.8054 110.896 162.966 0 351.867 417.737 31.5965 216.758 76.4547 149.319 179.422 117.3 69.2173 4.00749 20.4266 41.262 173.988 203.571 83.0703 46.8084 1.35905 40.7725 45.4894 66.9549 17.0454 22.9883 0.0169624 
66.43 266.208 0.0139801 83.8727 532.581 0 59.8132 147.494 275.536 765.881 145.931 146.32 677.727 2.35878 5.65899 0.0425283 98.4294 77.8786 86.2833 22.6058 66.9081 12.3767 10.7658 16.0123 55.931 26.5724 2.10673 4.38916 
244.134 412.169 123.462 187.569 417.691 326.782 0 85.9755 3.74725 506.165 0.734679 0.0429291 53.5402 57.0516 142.438 101.814 12.7782 23.0065 152.282 19.1859 47.821 21.2578 20.7564 70.9912 75.9529 80.9395 3.59929 17.4212 
225.592 193.572 145.109 296.555 174.014 1.72289 312.401 0 223.602 11.0823 0.652765 990.276 129.925 0.158123 102.084 185.426 12.5404 6.62819 5.34729 65.6664 53.4228 64.7512 23.2402 7.63305 133.068 23.6085 39.7193 91.5351 
67.8842 406.619 18.3571 328.827 55.2264 278.919 1262.93 212.897 0 384.805 1160.16 4.1275 204.302 19.908 27.2443 106.612 51.8869 209.243 0.156235 44.8653 0.929118 2.36464 11.8415 71.6206 51.0837 142.477 31.7729 64.1018 
97.3907 229.581 110.259 87.7138 119.993 118.729 206.167 209.914 36.4182 0 450.555 190.24 95.9654 17.8233 102.542 76.1905 31.424 114.78 9.76825 42.7167 83.2202 11.6467 51.2751 54.2385 68.3887 17.448 31.8922 37.3912 
2.11529 260.715 125.413 14.5891 0.449231 193.422 468.605 43.8195 404.364 525.197 0 338.24 1.83604 0.750526 106.85 220.887 95.1553 147.801 0.366609 65.5886 17.5794 73.3275 96.1898 44.1996 145.592 37.7792 78.8927 105.021 
216.163 123.798 19.8781 259.784 69.9393 51.0052 53.8 744.241 116.117 194.092 471.739 0 150.355 41.7326 249.138 494.46 16.1797 139.844 43.1525 96.7274 74.8465 61.9627 89.2092 185.55 310.769 196.834 120.434 38.6271 
72.6031 1.79343 10.2572 0.887256 38.1985 197.51 35.3077 5.35892 64.2159 43.9416 66.8244 114.281 0 73.0744 86.2486 57.4153 5.62031 101.209 57.9105 24.8404 14.2954 0.778672 77.7814 2.18646 1.48571 48.4767 6.71194 1.37136 
46.1171 50.4392 11.1063 0.012329 18.481 18.6019 0.0247875 63.8961 44.0047 4.89231 2.59633 71.5211 3.84989 0 42.3637 10.2473 18.9218 18.7615 25.3032 2.18506 26.9505 9.01533 1.14662 9.2155 11.9159 10.6049 5.75608 11.2591 
6.17422 63.3062 29.3962 1.30937 2.24518 9.27349 79.2295 146.445 213.922 39.3138 181.824 33.6801 11.9063 0.213746 0 7.3428 1.36002 3.7905 12.4313 7.71822 42.201 2.02784 0.367577 4.87682 0.512458 3.1502 0.762572 0.822945 
9.42704 84.7139 20.3981 11.9439 59.8852 25.2757 102.933 207.703 62.3189 16.0853 54.4623 286.465 78.0705 3.50568 89.4475 0 7.234 22.7926 25.8298 2.14098 61.1187 1.98813 0.375666 27.1154 21.2374 15.0726 17.7639 15.1726 
50.8402 158.483 36.6453 98.2509 148.064 78.1127 103.096 77.552 140.249 0.0770806 61.7525 20.0907 63.8971 0.569403 28.1151 12.416 0 287.149 144.633 23.0864 20.394 17.54 17.0904 10.324 41.8604 11.782 19.2531 23.9057 
74.8562 79.7383 0.0222562 10.7623 128.746 12.7691 24.3119 156.569 5.59995 113.87 1.81418 151.528 105.709 33.2062 61.9027 58.699 220.341 0 24.6189 2.30161 120.896 23.307 32.3155 19.6357 38.7611 43.8918 41.6489 49.4945 
2.97645 160.184 12.3169 25.9625 292.4 1.13411 38.4846 64.1537 28.2415 31.7768 4.51693 41.7468 82.6061 9.51225 14.6198 3.49201 235.69 58.8151 0 7.43959 38.2653 24.3803 9.94791 0.00094416 27.0084 30.6331 8.57501 2.76338 
5.58744 9.05296 6.67512 1.49098 81.9167 19.1361 0.306059 87.8072 51.1561 49.0163 43.1996 34.2889 26.3875 0.00747722 9.78488 2.48504 1.93603 2.50583 33.2636 0 182.412 5.72215 3.63921 5.30497 8.04117 5.16623 6.26644 9.9254 
90.1292 49.3676 89.9995 128.895 107.986 32.6231 42.0802 12.4586 160.142 59.3063 29.1233 96.2453 7.0214 1.2068 49.1298 2.02876 68.3717 20.1337 59.4092 330.523 0 17.3646 37.4111 6.13948 36.794 57.9343 1.01836 13.1066 
20.3456 27.2893 0.669998 12.085 47.4733 0.0082421 53.6237 67.1599 65.6825 57.8409 53.9467 29.1138 3.70606 9.39797 17.4918 9.43511 6.59493 37.626 23.122 4.7224 31.4679 0 0.661012 11.9687 9.33123 9.00823 12.7875 10.4573 
6.15305 46.1141 0.786615 16.9868 54.3905 2.64526 4.38556 101.142 46.1563 26.2952 133.467 125.238 87.385 3.03483 0.0100993 12.1938 9.72714 42.6167 5.54197 0.168696 6.97397 15.1893 0 18.9597 14.8769 8.78181 0.829516 2.69374 
4.80507 0.717951 6.5099 20.7044 53.9441 17.4565 29.8676 138.214 0.900029 14.662 112.212 182.812 15.9091 10.2662 28.1195 12.2705 15.764 8.62821 23.085 4.45338 47.6295 11.2662 16.1096 0 35.3801 11.5321 15.611 0.534299 
48.1579 64.4943 7.61818 46.3897 10.2055 45.7748 41.7936 0.876343 169.824 69.74 142.759 22.6326 13.8663 7.00805 13.5685 61.3332 42.2379 24.9985 30.7964 9.33862 55.4779 2.63778 31.6312 16.7184 0 118.014 118.516 37.0704 
24.0814 0.172493 8.45658 18.2172 30.5219 0.0992936 37.7481 204.941 142.483 74.7407 163.336 85.9552 48.9269 2.29609 5.25414 22.5992 0.277985 52.1618 13.5591 10.9015 54.6106 0.102364 9.80263 0.067974 40.8898 0 0.842841 11.6381 
13.5135 7.98873 19.3791 3.21792 44.3275 13.3747 16.0711 59.5894 59.3944 4.57356 5.93423 71.287 4.04018 4.98388 3.06356 15.6308 12.5008 36.2677 23.7581 0.0164453 4.81338 7.11111 0.124569 6.53172 43.8088 34.0904 0 87.3061 
59.5952 62.1861 4.71443 10.5403 30.7057 22.62 56.7593 100.231 79.5339 34.0517 22.3933 165.5 44.8946 5.70878 2.33846 17.8605 23.5889 41.7699 1.17064 1.02458 51.04 0.630724 8.5211 8.60453 7.35546 6.79981 41.097 0 
