0 444.099 193.876 426.98 257.673 494.421 9.73197 0.043699 596.51 38.2405 50.713 211.104 11.9894 39.4767 1.32491 55.2056 463.116 236.301 26.9721 139.102 2.89051 40.3396 46.7331 18.3614 443.503 38.9694 44.3356 51.3573 
682.994 0 327.598 453.05 1.31046 453.718 422.577 275.915 428.992 31.4972 71.0416 0.341446 2.18518 46.5474 87.4741 29.5529 554.569 415.681 48.4335 37.2831 172.884 12.2505 1.91595 36.5962 495.589 57.7784 2.14618 24.03 
202.18 259.784 0 287.243 181.038 3.92994 13.2238 159.73 134.616 7.21978 233.697 53.7507 65.0678 10.0391 31.7997 5.29679 10.1848 10.2832 60.6247 0.412618 43.584 0.0422227 12.2856 0.550386 25.5923 26.54 0.0227104 3.4448 
768.969 451.358 240.811 0 5.14361 479.392 199.241 1297.2 690.831 79.4487 189.025 201.067 0.0481195 4.20079 0.0584713 35.7123 428.539 128.846 2.25634 9.79428 214.793 0.0536699 8.41652 1.1459 468.131 23.541 22.534 6.35495 
253.045 111.388 155.377 37.3882 0 85.5286 373.965 0.193897 178.956 241.921 92.9108 9.45713 0.149311 19.8848 42.4651 11.1697 23.0107 3.81255 298.263 33.4006 131.869 16.2325 8.99427 27.0568 18.5307 0.184433 5.74782 0.00322761 
456.821 620.201 62.0142 464.546 5.02617 0 887.093 178.213 794.164 451.285 271.395 149.945 572.645 17.3829 16.7097 21.984 446.313 121.707 69.946 8.29059 0.403864 7.88433 4.12572 11.0891 425.102 3.59807 9.86745 2.86797 
0.0366247 84.0606 233.28 116.179 214.325 892.82 0 126.365 967.277 204.108 241.913 249.021 4.19034 96.8809 77.0234 81.065 1.1002 233.974 3.72442 0.0929808 137.428 62.4977 55.9285 3.29171 43.1521 90.5749 21.9349 51.3766 
65.6721 2.13643 208.153 324.478 85.4795 14.0119 270.549 0 577.291 21.6083 255.247 1011.75 145.236 35.4477 118.075 88.151 99.3407 129.18 92.0367 0.560287 40.6208 51.7016 33.8605 84.2175 192.959 34.0695 100.19 131.751 
429.75 833.351 320.676 424.973 85.4414 791.333 497.205 569.512 0 257.149 1192.74 189.074 26.2147 56.899 125.035 27.0673 521.002 208.882 61.3857 35.7328 39.5007 48.3463 100.412 74.2944 552.153 0.964949 52.3815 99.2413 
156.621 154.61 111.583 70.7167 196.658 418.952 505.855 206.364 20.9319 0 29.6385 237.529 160.285 50.647 15.4845 79.9105 74.0758 145.97 31.3296 14.0257 94.812 0.912617 19.8693 29.5494 13.9075 2.60288 19.8513 22.7503 
186.909 100.357 203.323 5.51004 260.833 29.8175 355.035 142.202 928.404 83.8349 0 242.742 240.178 46.4563 0.632805 191.608 5.53784 31.4955 0.407834 62.883 131.271 67.8927 113.732 112.382 10.9277 20.7636 85.9101 1.25629 
73.7659 30.1032 6.7664 199.049 76.9569 0.96622 282.978 413.612 394.376 123.533 511.152 0 4.1042 2.06034 232.672 267.381 3.31764 23.3903 97.3465 95.8809 115.476 0.200973 118.439 169.525 152.705 95.3652 101.315 10.3599 
60.8843 17.2492 48.6695 56.7562 176.075 55.5445 168.418 23.2169 82.6589 97.5658 108.226 34.1506 0 79.8573 109.46 0.542845 2.06435 105.974 28.8799 1.8435 43.7883 74.2182 2.7236 5.0325 0.564248 55.0725 16.8742 2.21893 
22.7901 64.9765 14.2753 1.81541 22.0617 3.42952 42.4522 4.86592 16.3467 31.089 79.2423 1.03392 153.526 0 56.6464 16.8097 0.0284258 53.575 11.5396 4.1927 20.1598 7.11052 9.44044 0.0111333 12.0679 4.61943 11.254 3.03309 
63.211 75.7421 11.8094 37.9082 37.5404 12.2031 1.00981 132.416 224.874 123.622 9.63887 208.546 36.3055 41.2522 0 45.7732 20.7661 8.76633 33.6749 8.62147 1.24743 2.83648 21.9606 28.1116 16.7817 29.7425 9.6812 9.13689 
3.50301 2.72002 21.0473 36.0204 58.9429 1.30152 96.9105 113.482 110.876 20.2496 183.581 2.48704 56.1143 19.3377 16.0218 0 24.711 61.5783 28.3243 2.15075 25.3844 10.1609 6.34323 15.1789 32.8713 22.5701 5.44327 0.0764783 
430.03 465.244 26.2205 466.339 26.9823 425.611 109.888 0.375698 437.055 75.1322 19.746 5.40458 44.6936 15.34 23.0548 21.3495 0 0.126882 442.985 25.135 16.0679 20.4551 14.4997 12.6672 442.112 16.863 6.41521 24.0932 
225.752 459.656 118.322 103.357 195.739 100.201 159.276 0.0048244 5.87232 37.5784 97.0348 4.00451 100.115 49.6325 55.7132 8.57284 79.2846 0 67.7443 64.6758 11.8987 6.25388 30.9674 46.9006 58.4906 17.2908 35.7363 0.570058 
29.0976 110.369 5.36376 6.17591 223.678 13.1962 123.069 24.3037 6.60202 60.4302 4.65663 10.8528 3.4802 0.0650663 0.138558 22.4405 220.9 18.304 0 9.52938 72.5512 9.63022 9.49703 23.6624 16.7355 28.6612 0.102464 2.71044 
125.642 46.0345 6.67727 46.649 31.7844 13.3639 26.3049 110.241 80.4432 7.65084 79.9897 43.0842 2.53257 1.1279 6.3337 2.47476 20.881 84.0068 34.5409 0 230.437 6.09686 0.23868 5.6814 10.1801 11.7663 0.71151 10.2227 
0.0105477 169.201 4.0732 200.798 6.97412 12.6841 4.0916 20.7034 65.6005 77.4694 140.307 50.2951 0.776925 4.35019 30.454 37.194 67.6836 123.349 67.6677 330.462 0 31.9499 0.70541 31.1709 50.8987 62.9852 25.6875 19.2197 
37.8591 48.6048 6.1762 5.40707 52.1051 1.16705 1.23796 59.019 50.9751 29.2628 8.08245 11.7667 65.8863 0.182132 17.5424 2.30986 0.0234271 41.8879 12.1752 1.41177 18.6909 0 7.70311 9.27336 14.0585 10.6698 0.002395 5.90674 
39.9247 1.14304 11.9497 7.2123 5.99726 12.4384 34.1585 12.7456 95.7268 46.0218 49.2973 71.6969 44.5673 8.21829 23.4803 5.83193 6.32475 16.5698 14.1749 3.73787 40.0321 5.30912 0 4.69517 14.4848 4.46074 0.706527 9.18965 
9.88011 21.9612 15.1365 14.6957 0.549028 2.55213 19.4569 95.0199 71.0959 0.122701 123.692 175.423 46.0988 1.75551 4.22081 28.3929 13.6071 3.38654 2.25104 3.93044 37.4051 10.1276 19.385 0 44.6618 14.429 11.9182 13.8431 
484.197 486.859 15.1348 457.42 16.9023 427.993 76.9705 39.8155 440.261 38.832 0.733795 994.779 27.973 6.84066 30.5796 56.1405 444.407 2.65321 7.60735 1.03952 2.13464 25.4072 23.029 29.7967 0 52.1683 14.6668 125.295 
34.7287 3.19924 22.3314 0.0672049 60.4058 26.5429 0.742748 214.667 0.981901 61.309 166.342 185.606 55.0049 12.2845 30.6385 15.0413 26.742 9.14562 5.48244 10.39 62.2703 0.493576 6.15387 1.24106 17.758 0 36.9201 0.459699 
37.3794 11.7318 12.5615 18.5808 24.6724 4.7351 39.5319 0.444929 24.4467 0.163825 28.8917 18.9907 38.8828 11.0917 13.6864 0.206911 13.9008 41.9867 17.903 3.88839 42.2334 4.7807 1.90502 4.34315 40.0917 0.00223776 0 19.0396 
16.3278 6.11303 2.54663 1.77064 31.2581 8.16261 22.8633 134.223 94.3077 19.4284 54.2109 54.3177 44.9754 0.0147437 20.0834 0.127131 24.2798 1.17811 4.86215 1.89636 50.8136 6.28304 0.334627 5.64781 12.8336 25.7714 92.9392 0 
