0 302.906 191.072 68.832 30.5522 54.9673 195.364 68.8885 314.242 130.651 134.267 193.491 81.0935 53.3882 52.4534 80.094 145.481 102.606 2.39493 2.83675 80.8731 8.78642 25.488 27.4768 58.3335 22.8047 22.8883 5.81961 
580.533 0 422.915 65.2123 191.223 207.446 194.667 72.2514 100.706 70.3942 6.33696 60.7312 14.7392 68.1504 80.6889 42.6903 200.345 942.453 26.9541 134.492 64.9087 0.0206967 42.9074 8.26118 59.261 75.6428 41.2331 31.8242 
179.708 141.516 0 289.636 184.904 53.94 240.62 118.108 469.603 13.0134 194.159 137.475 19.6249 12.9147 17.4428 7.00746 37.3616 90.518 21.9397 15.7797 123.074 8.09454 1.06027 13.739 0.14973 2.20652 6.32453 20.1084 
398.22 66.3652 217.691 0 119.604 83.5053 156.3 24.1467 53.8342 0.466326 201.743 96.2578 45.6146 10.4107 39.2792 2.24221 62.3443 120.756 36.1824 40.4729 629.466 16.818 18.0467 26.3625 56.7339 0.750509 12.2098 16.5964 
24.228 24.7331 97.1876 161.061 0 339.945 430.869 38.9937 191.277 101.922 135.469 179.801 125.043 69.6901 5.59372 18.3342 47.7426 162.536 177.26 85.4912 50.8835 1.80073 39.4735 44.3711 66.5663 18.8172 23.9087 0.00149398 
73.0634 285.942 0.244149 99.6336 984.614 0 711.522 160.424 218.507 931.804 122.679 150.223 538.458 1.83664 7.23459 7.16622e-05 110.716 72.287 83.9284 22.1361 65.1999 12.9424 10.277 15.6631 66.9821 26.1258 2.38073 3.92072 
233.364 356.128 99.4251 178.889 396.621 83.3443 0 115.472 58.4124 506.932 9.24772 0.596639 64.6416 61.1619 141.764 100.379 10.5384 31.0164 154.643 22.3231 43.1495 22.8269 22.9271 70.4465 73.3904 77.7028 2.96679 15.6515 
206.943 176.536 169.48 289.722 182.142 5.22049 281.757 0 302.534 16.5922 4.57035 1029.72 126.482 0.831202 113.291 205.604 14.3063 4.33942 6.922 70.3652 45.5248 65.3143 20.1353 11.0383 121.599 13.7377 42.8718 97.0126 
89.4658 437.285 0.992721 316.51 75.1305 221.735 1297.55 291.206 0 377.015 723.315 12.3081 202.414 24.4096 15.1916 113.817 62.0342 212.961 0.0114129 41.0183 2.28194 1.80012 14.3841 68.355 60.5024 141.762 33.7551 67.1529 
103.928 221.948 107.553 83.7412 148.217 70.0172 273.314 203.802 18.9739 0 372.916 178.125 127.352 21.3483 109.914 72.5695 28.9833 119.268 12.9225 41.2035 85.1919 10.1262 49.6452 55.447 69.3418 20.0588 32.9091 38.9305 
4.13292 255.332 144.002 8.86228 2.33851 213.696 482.519 61.7237 298.562 460.918 0 383.628 0.184241 0.069167 158.35 212.969 94.7348 151.738 0.0502474 63.338 20.7759 74.3539 101.883 38.6812 144.507 30.3116 80.1507 106.565 
210.602 133.857 13.4282 257.974 63.5648 43.824 41.4806 557.249 90.038 205.038 439.76 0 147.467 33.3356 233.149 487.859 17.7616 142.257 45.7617 96.6148 68.8318 60.3595 83.7313 187.128 365.625 144.121 120.766 47.2856 
69.4387 3.26747 12.1535 1.46853 31.6224 197.756 26.6064 3.63943 73.3332 68.806 80.2182 108.947 0 87.4802 92.5576 60.9837 6.49551 102.373 55.4208 25.8408 15.6245 0.181159 74.0979 3.2657 1.0312 47.4095 7.27764 1.73708 
45.0611 52.4848 11.7093 0.00279786 16.5629 19.2164 0.342601 69.6726 51.0094 7.02587 7.44373 61.6696 0.66534 0 31.439 12.0244 19.2081 17.5419 25.6383 2.28825 27.9446 8.66477 0.4622 8.71197 11.3199 10.1692 5.48875 11.4159 
7.51821 66.8377 28.1825 1.96606 3.48012 11.1494 87.2707 136.818 207.543 31.2625 236.858 19.1403 16.6196 0.916259 0 19.2959 1.63489 4.70974 13.41 7.442 40.8401 2.41794 0.0509627 3.49555 0.211247 4.2321 0.981574 1.15204 
7.54225 84.6376 19.5122 14.0515 61.7542 25.8271 103.548 225.114 54.4863 12.7226 39.8103 201.638 75.8814 4.99165 87.8081 0 7.70993 24.3672 25.2936 2.36989 60.4261 1.72218 0.691584 25.172 23.3887 12.6331 18.0253 14.2362 
64.9534 176.109 38.5528 110.622 150.514 91.9885 104.743 75.3604 154.422 0.30769 64.0131 21.7983 64.1929 0.708638 28.4184 12.9424 0 286.385 101.704 23.9033 19.0149 17.7892 16.8909 9.96737 53.804 11.2555 19.4736 24.0142 
62.5576 51.5191 0.917555 7.16176 141.291 9.50419 17.1927 151.767 2.92307 109.096 0.795826 151.802 105.245 31.9481 60.6989 57.9615 198.239 0 19.7894 1.37838 121.884 24.0454 33.1321 20.6436 37.4272 45.2852 42.0376 49.0984 
1.74054 155.189 14.3728 28.1591 280.965 2.51911 32.2439 67.6564 33.2235 36.6722 3.06027 39.1706 81.5634 10.129 13.6208 3.04604 222.191 65.5258 0 8.2759 36.5465 24.1818 9.4946 0.00410945 27.4165 30.6618 8.21515 3.06301 
4.74418 5.34488 5.56237 2.62485 84.4417 18.4078 0.0267802 83.5818 55.0783 47.8084 40.6179 37.4094 27.3723 0.017856 9.56387 2.25224 1.54739 3.69988 33.823 0 232.516 5.78273 3.68912 5.40777 7.70452 5.48661 6.46062 10.0889 
105.109 56.4517 83.5534 141.436 104.644 30.2301 46.721 17.2219 165.191 61.9822 33.0026 102.227 6.08522 0.899426 50.193 2.74503 68.2323 17.476 58.0536 330.107 0 17.8605 36.9912 5.40938 38.3246 56.9156 1.27984 14.1078 
19.5935 28.3966 0.55835 11.7867 46.4468 0.00142086 52.4255 67.293 64.8526 56.8958 51.962 27.1876 2.17449 9.69335 17.5367 9.72822 6.28889 37.1486 22.8402 4.63288 31.6595 0 0.340437 12.3856 8.5047 9.17955 12.8131 10.4878 
5.41775 44.936 0.614285 17.3482 54.8856 2.28208 5.58106 100.257 49.9549 24.1439 133.619 123.581 89.1186 1.93291 0.0791226 11.9129 9.41183 43.0146 5.15474 0.201769 7.60106 15.2456 0 20.3765 13.6027 9.03217 1.02617 2.92606 
3.94321 1.12031 7.00163 19.8939 54.4807 17.6268 27.6621 138.705 1.69516 16.481 108.027 185.821 13.6227 10.3787 28.0294 9.22282 16.0699 7.85964 22.9021 4.3228 47.4174 11.7368 13.2174 0 38.4337 12.2038 15.0593 0.7146 
61.5286 74.3162 6.7143 57.2981 8.96453 57.1307 38.5328 3.24477 181.568 68.866 144.489 116.464 15.2158 7.6539 12.1491 77.5388 54.0936 26.3731 30.8519 9.6539 54.5695 23.5967 31.9943 7.83395 0 75.8406 131.708 120.521 
26.7424 0.526284 7.41651 16.087 28.5133 0.254873 41.6935 191.75 141.778 75.5095 165.303 133.418 47.8897 1.89792 6.56774 20.2469 0.395106 53.2623 12.8951 11.0852 53.3549 0.0617674 9.95776 0.194824 40.0006 0 1.54767 7.14985 
14.4959 7.20217 19.3833 2.77787 43.7654 12.9589 14.852 56.4242 61.1236 5.23492 7.18281 66.705 3.60215 4.71924 3.46018 15.1727 12.819 35.6527 23.8708 0.00476477 4.31277 7.35871 0.209959 7.1876 47.614 32.7654 0 81.1109 
59.0694 62.785 5.2599 9.5395 31.9747 22.4629 58.5044 105.324 82.0512 35.6445 25.6488 169.834 44.958 6.06046 1.86932 17.0315 23.7276 40.9562 1.37527 0.890544 51.1221 0.544123 8.32622 9.03819 7.06248 11.2077 51.853 0 
