0 608.8 180.345 291.947 40.8871 289.211 181.577 54.7057 551.93 126.09 140.711 200.222 83.5791 53.1117 50.6645 79.6109 382.713 91.0166 1.42548 2.91493 93.6187 8.25275 24.516 28.8951 292.51 25.0815 23.8432 6.66885 
849.366 0 367.589 291.782 139.31 424.823 248.992 85.8474 318.671 82.7437 3.05253 68.7631 11.8828 68.9162 83.0482 45.3426 433.085 606.996 32.8496 130.841 71.4662 0.0773301 41.7912 9.27568 295.495 77.0257 40.3743 30.397 
167.043 214.451 0 267.546 180.917 57.1759 246.811 139.462 472.186 16.755 206.357 128.45 17.6289 12.4324 18.9008 7.89495 35.6786 99.3854 19.8838 14.6195 120.687 7.87702 0.885522 13.4464 0.0472099 1.69503 6.6984 20.4286 
633.671 292.382 357.535 0 126.734 322.082 166.572 844.123 291.981 1.21163 203.365 113.409 43.6445 11.0955 39.0411 1.43859 296.35 115.621 38.0774 42.1891 818.807 16.794 18.2885 26.5036 292.706 1.31816 12.8223 15.6502 
33.6584 6.59601 85.205 158.54 0 328.829 435.44 45.9158 168.868 125.661 123.375 179.738 131.526 69.9896 7.17262 16.5777 53.5845 152.15 153.635 87.3972 54.478 2.23342 38.3203 43.3667 66.1543 20.4027 24.71 0.0344057 
303.993 524.948 1.0496 337.916 857.519 0 228.708 170.906 398.559 862.213 102.767 153.057 533.356 1.4313 8.72646 0.038073 346.001 67.3514 81.493 21.6862 63.6282 13.4273 9.84556 15.3403 301.309 25.6856 2.63071 3.53059 
222.634 302.91 79.2681 170.036 372.506 7.92097 0 143.193 241.982 493.22 24.1711 2.63174 74.776 64.6588 140.426 98.8229 8.74874 38.7909 156.141 25.1829 39.2009 24.2107 24.861 69.8624 71.0473 74.7385 2.46406 14.1693 
189.963 161.368 189.896 265.17 188.738 9.74722 253.332 0 372.728 22.2025 10.7991 1004.46 123.29 1.84193 122.788 221.173 15.9201 2.7341 8.44498 74.3901 39.0331 65.7499 17.5736 14.4592 111.305 7.21207 45.6376 101.593 
333.961 684.638 3.55055 527.407 94.2098 401.427 1181.28 361.404 0 365.559 336.321 22.8184 200.054 28.6924 60.1343 119.743 295.709 215.522 0.295219 37.7254 3.93648 1.37024 16.761 65.4403 293.724 140.618 35.4915 69.7472 
109.456 214.002 104.684 80.0716 173.229 54.3008 330.792 197.701 8.22448 0 300.807 167.017 155.947 24.5802 115.675 69.1984 26.8994 122.953 15.9778 39.8475 86.8185 8.87398 48.1461 56.4011 70.0358 22.4227 33.7781 40.2424 
6.41697 249.472 159.723 4.99616 5.1652 229.54 486.977 79.2424 178.07 394.995 0 419.477 0.1422 1.54749 205.976 204.058 94.2747 154.9 0.0115899 61.3224 23.7355 75.1649 106.565 34.0576 143.045 24.3475 81.1547 107.693 
205.012 142.457 8.77892 253.904 58.1353 37.8597 31.8673 388.773 69.3397 213.714 406.567 0 144.662 26.6216 216.652 459.129 19.1817 144.148 48.0407 96.3418 63.6656 58.9165 78.8262 187.162 376.743 101.372 120.766 55.2536 
66.6424 4.89644 13.9058 2.08961 26.3067 185.877 19.9164 2.40819 81.4751 93.6328 92.3866 104.181 0 99.7672 97.6484 63.956 7.30194 103.263 53.2167 26.7031 16.8158 0.000762147 70.6212 4.36977 0.702205 46.4284 7.78376 2.08862 
44.0995 54.2077 12.2174 0.0381887 14.9549 19.7069 0.914889 74.6533 57.2889 9.16201 13.5911 53.3533 0.0350513 0 21.841 13.5056 19.4477 16.4986 25.9086 2.37816 28.8001 8.34228 0.10901 8.21707 10.7864 9.76957 5.25656 11.537 
8.78101 69.8182 27.0383 2.63878 4.76351 12.8679 94.0959 127.901 200.375 24.7968 282.908 9.62917 21.2423 4.69958 0 32.7951 1.89321 5.58377 14.275 7.19879 39.6311 2.78034 0.0112998 2.45788 0.0556811 5.28004 1.19318 1.48047 
6.05787 84.3927 18.6953 15.9541 63.2997 26.2401 103.756 237.759 47.8693 10.0715 28.5825 131.932 73.7416 6.41729 81.2521 0 8.13084 25.7511 24.8093 2.57528 59.74 1.50397 1.03863 23.0797 25.2248 10.5796 18.2253 13.4047 
302.102 415.837 40.1651 345.997 152.13 328.731 105.997 73.3985 391.336 0.632416 65.9466 23.3208 64.3943 0.841633 28.663 13.4004 0 282.243 428.473 24.5987 17.8399 18.0001 16.711 9.65769 288.919 10.8006 19.6599 24.0984 
52.4522 54.5098 2.74948 4.5993 151.983 7.02781 11.9344 147.318 1.29008 104.774 0.245704 151.803 104.713 30.8443 59.5865 57.2594 177.667 0 15.9583 0.76462 122.569 24.6847 33.8279 21.5252 36.2538 46.4673 42.3569 48.7231 
0.930736 150.237 16.2489 30.0826 267.521 4.15089 27.1565 70.6749 37.791 41.0911 2.01865 36.9548 80.5375 10.6717 12.7654 2.68041 204.679 71.4273 0 9.02849 35.0515 23.9961 9.10306 0.021475 27.7552 30.663 7.90534 3.3344 
7.94934 2.88671 4.65757 3.85206 86.4442 17.7484 0.0307648 79.7735 58.482 46.6976 38.38 40.1631 28.2183 0.0304766 9.36453 2.05635 1.24325 4.91717 34.2703 0 271.009 5.8333 3.73053 5.49357 7.4102 5.76649 6.62851 10.2249 
118.359 62.8167 77.7522 139.567 101.609 28.1762 50.8573 21.9269 169.206 64.2788 36.5152 107.354 5.3212 0.66815 51.0715 3.45129 68.0564 15.2937 56.8352 316.772 0 18.2907 36.6034 4.80751 39.6378 55.9627 1.53066 14.9968 
18.9401 29.3557 0.469195 11.5231 45.5213 0.0223223 51.3369 67.3513 64.0758 55.983 50.2066 25.5371 1.1666 9.92706 17.5439 9.97162 6.02619 36.7174 22.5836 4.55387 31.8147 0 0.14602 12.7162 7.79811 9.32265 12.8276 10.5089 
4.81165 43.8761 0.480934 17.6417 55.2601 1.98473 6.7271 99.2668 53.2638 22.299 133.238 121.722 90.2119 1.13372 0.374602 11.5947 9.13778 43.333 4.8262 0.232802 8.16302 15.2061 0 20.8659 12.4788 9.2352 1.21267 3.13264 
3.25833 1.54113 7.43199 19.1617 54.8956 17.7501 25.7702 138.587 2.58532 18.1161 104.09 187.118 11.7458 10.393 27.7337 6.77378 16.3307 7.21499 22.7298 4.20739 47.1911 12.1181 10.484 0 40.741 12.7635 14.5571 0.891416 
297.969 307.628 5.9608 291.603 7.94101 291.756 35.7276 6.49269 416.141 67.9726 145.477 895.661 16.4207 8.21887 10.9387 83.4175 289.132 27.5745 30.8793 9.92269 53.7259 54.4084 32.1354 2.65292 0 39.5303 23.4528 146.502 
29.1117 0.988939 6.5478 14.2828 26.7849 0.448011 45.1679 178.777 140.642 75.9869 166.186 178.661 46.9334 1.57759 7.79504 18.1292 0.513372 54.1732 12.3214 11.2333 52.205 0.0347241 10.0744 0.357392 39.0485 0 2.32451 4.04256 
15.367 6.54648 19.3697 2.41872 43.2547 12.5931 13.8186 53.651 62.583 5.84164 8.3561 62.6894 3.23967 4.49083 3.82044 14.756 13.0947 35.1053 23.9596 0.000306907 3.89751 7.57287 0.301897 7.76808 50.7113 31.4836 0 74.2014 
58.5473 63.242 5.75069 8.6937 33.0727 22.3012 59.9632 109.518 84.131 37.0117 28.6029 172.734 44.9768 6.36611 1.50067 16.2766 23.8382 40.2283 1.56582 0.781012 51.1527 0.473753 8.14982 9.40975 6.9041 15.717 60.9911 0 
