0 668.189 110.706 168.626 103.005 106.362 111.741 8.25636 360.301 101.456 167.409 222.805 94.0724 51.0459 41.74 75.0748 203.989 41.9865 0.229703 93.5978 155.449 5.92108 19.9527 35.5053 102.952 36.3953 28.3419 11.3015 
600.002 0 48.8743 140.617 0.860465 156.405 474.19 156.051 104.201 144.387 3.59797 109.25 2.43288 71.1045 91.8533 57.4814 229.861 90.2055 65.5074 105.797 103.037 0.822443 36.2275 14.6458 115.338 81.8063 36.1271 23.786 
93.2414 470.2 0 6.67985 145.052 66.249 229.372 231.19 291.332 38.7915 239.91 82.678 9.36532 9.95624 25.3947 12.3417 27.4588 136.475 11.108 9.22685 103.079 6.8323 0.267059 11.8593 0.336682 0.176907 8.51192 21.5938 
337.573 138.671 261.574 0 153.082 151.227 199.061 818.328 178.151 9.17494 195.88 192.829 34.1929 14.298 36.5818 0.0506115 105.489 87.631 46.5272 47.4882 167.862 16.5528 19.1251 26.4806 111.336 5.93517 15.7067 11.2928 
92.9268 75.1822 33.9361 136.892 0 65.6216 372.645 83.1646 71.1753 240.281 69.0447 174.585 157.648 69.9855 16.8452 9.26657 82.435 100.859 51.1123 93.6227 71.6638 4.84827 32.6723 38.3052 63.3278 28.2892 28.4598 0.763451 
104.324 319.876 11.7118 163.537 249.228 0 913.321 206.704 107.35 66.8095 25.7593 158.861 523.246 0.187545 16.8609 1.13474 158.784 44.2202 65.9894 19.1109 55.3138 15.5844 7.77558 13.6111 111.125 23.0287 3.94053 1.93585 
159.716 68.4827 10.0677 116.809 212.439 935.511 0 280.776 1304.81 288.724 169.445 30.5343 125.281 79.5383 125.342 88.0024 2.4749 83.1959 156.045 39.8224 22.488 30.8675 34.3348 65.8024 58.8917 59.4038 0.713313 8.02198 
107.656 90.7375 262.18 56.7946 212.664 47.2016 116.424 0 630.042 57.2639 71.5501 365.555 106.196 11.632 161.154 259.648 24.3732 0.145419 17.3776 91.9442 14.3374 67.1056 7.57074 35.4242 62.6664 4.84151 58.6871 120.059 
201.1 499.902 200.926 211.391 196.149 106.683 35.8034 624.933 0 264.129 847.424 107.903 180.622 52.0822 22.2328 141.924 104.158 218.822 6.64146 23.3203 17.3677 0.13024 29.6804 51.1448 102.44 129.059 43.7093 80.9671 
132.557 163.61 85.7321 60.9074 279.585 273.881 504.591 160.837 17.6912 0 28.0864 111.036 280.159 41.0913 132.436 51.4129 17.7595 137.099 33.6338 33.0943 93.2591 3.97805 40.2686 59.584 71.5508 34.3459 37.6307 45.9785 
23.3163 209.083 219.752 1.68979 32.2133 272.431 414.459 177.631 149.881 81.3371 0 516.315 16.9734 32.5688 387.305 142.943 90.9671 166.172 2.7595 51.2892 39.5952 77.9101 124.268 15.3648 130.118 4.48268 84.688 110.22 
170.696 179.437 0.169537 206.998 34.7018 14.5997 3.05585 13.1908 6.17695 241.678 214.012 0 128.187 4.45942 120.511 154.827 26.3389 150.31 58.7356 92.9203 40.7954 51.618 54.9835 171.078 309.04 0.143693 117.208 95.6915 
53.1806 16.6127 23.2125 6.38133 7.32704 116.083 1.15778 0.0179257 120.727 225.776 152.188 80.7858 0 145.378 115.033 75.7361 11.6163 105.865 42.5646 30.6177 22.8067 3.35754 51.8709 11.4407 1.66728e-06 41.2324 10.3237 4.14162 
39.1059 61.4525 14.3347 0.741081 8.28592 21.3975 7.15058 96.5781 87.5594 22.1705 62.3768 20.0895 22.8375 0 0.651895 18.5687 20.4493 11.8653 26.9022 2.79903 32.6684 6.65837 1.6775 5.42369 8.16669 7.6999 4.18075 11.9075 
15.7625 82.2998 20.8269 6.94517 13.2103 21.5866 122.087 82.3861 150.593 3.6338 407.621 9.00127 47.784 44.8526 0 88.0099 3.33643 10.5553 18.4549 6.0313 33.7029 4.7331 2.67951 0.00836879 0.662976 11.2379 2.43621 3.50987 
1.1893 81.0645 14.434 25.2564 69.4285 27.2956 100.669 258.466 20.8386 1.57735 0.30964 12.7303 61.1997 13.5952 18.6988 0 10.1817 32.3501 22.3329 3.60403 55.5313 0.658795 3.42246 10.7263 32.8474 2.79242 18.8076 9.42401 
126.846 246.168 46.9719 159.41 153.082 149.124 109.57 63.6062 211.513 3.66975 74.5227 30.8694 64.6367 1.61063 29.5642 15.5381 0 224.175 272.426 27.6381 12.6745 18.9155 15.7896 8.21661 102.508 8.71556 20.4637 24.3647 
15.1749 26.6464 23.4946 0.154935 196.744 0.331275 0.0163422 123.596 2.4652 82.9299 1.87004 148.874 100.637 25.5937 53.6215 53.2497 78.6866 0 3.20732 0.292498 123.56 27.6354 36.8955 25.6975 30.6305 51.5885 43.6168 46.5896 
0.502996 120.745 25.8723 39.0661 172.732 16.5885 8.46771 84.2655 61.4812 63.0463 0.0182298 26.9826 74.3274 13.2758 8.96544 1.25589 94.8825 98.8705 0 12.8256 28.0958 22.9659 7.3095 0.28417 29.1326 30.3724 6.49473 4.73698 
65.6202 1.47769 1.3718 12.1774 93.1756 14.4043 3.0947 60.7971 73.9668 40.824 28.1363 53.3206 32.0226 0.133952 8.34963 1.23119 0.252573 12.6976 35.8549 0 319.853 6.04366 3.89893 5.84858 6.02358 7.0797 7.40046 10.7804 
178.62 94.1479 49.6673 33.163 86.0359 19.0415 71.0845 50.1116 182.87 74.5368 54.4183 129.897 2.38562 0.039375 54.5761 7.74677 66.557 6.81549 50.681 142.32 0 20.2902 34.5132 2.41902 45.5102 50.7253 2.99343 19.363 
15.898 33.7763 0.151907 10.2412 40.8129 0.451703 45.7105 66.9094 59.7812 50.6559 41.706 18.1857 0.621241 10.7036 17.1823 10.9522 4.84042 34.5032 21.2416 4.16975 32.3995 0 0.323707 13.8228 4.72626 9.91634 12.7971 10.5397 
2.4082 38.5193 0.0696597 18.7412 56.3016 0.842104 13.318 92.0033 68.4688 14.1637 125.216 108.208 89.9906 0.332446 4.44111 9.31519 7.85836 44.476 3.39588 0.405823 10.9903 13.9555 0 14.2181 7.3212 9.98575 2.26685 4.14814 
0.889505 4.37046 9.44941 15.4664 56.1796 18.0118 17.3719 131.366 9.1223 26.2818 82.6849 176.706 4.57033 9.44415 23.8418 0.103587 17.4847 4.50567 21.7601 3.6473 45.6211 13.5021 0.560305 0 45.8183 14.9913 11.9778 1.95548 
118.709 113.415 2.91387 102.623 3.88924 103.36 23.2472 35.0624 222.709 62.2275 143.574 448.002 22.3909 10.8361 5.77921 23.146 102.358 33.2384 30.7476 11.1045 49.1484 6.49078 30.5729 17.673 0 96.4355 25.689 138.745 
40.6455 5.0322 3.04334 6.79081 19.0195 2.04738 61.5155 106.954 129.119 75.8022 159.971 366.542 41.8361 0.442235 14.2775 8.38834 1.26915 57.8314 9.69701 11.7739 46.1728 0.0113421 10.3842 1.73521 32.6392 0 7.77804 1.50157 
19.6329 3.84227 19.0903 1.04425 40.5978 10.8353 9.3431 40.6175 68.8096 9.0567 14.8741 43.9747 1.7774 3.44982 5.67964 12.6075 14.372 32.39 24.2609 0.0503629 2.20799 8.55773 0.9461 10.5547 61.157 24.21 0 32.3533 
55.3224 64.5729 8.22321 5.10599 38.1136 21.2392 65.9818 125.594 92.3527 43.1102 43.6625 174.901 44.6134 7.77615 0.295408 12.4372 24.2315 36.5837 2.61279 0.358088 50.7892 0.206399 7.24523 11.0557 7.69469 40.8378 90.8008 0 
