0 595.178 116.496 93.6943 97.8361 41.4347 116.973 10.3783 297.431 103.432 165.667 221.687 93.3672 51.2419 42.4261 75.5358 139.319 45.1849 0.125745 91.2587 150.947 6.08394 20.2899 35.0209 38.8772 35.5305 28.008 10.9229 
552.386 0 66.1328 69.7619 3.16767 97.6331 462.109 150.685 38.8595 139.806 2.64555 106.152 2.89767 71.0238 91.3394 56.6099 167.171 804.969 62.871 108.033 100.695 0.740003 36.6567 14.2151 50.5868 81.553 36.4537 24.2691 
99.0248 464.48 0 15.9775 148.536 65.9707 233.216 225.502 312.423 36.9567 238.957 86.1312 9.90761 10.1493 24.9454 12.0027 28.079 134.107 11.6983 9.61377 104.71 6.91098 0.301087 11.9881 0.271543 0.237136 8.37457 21.5273 
286.274 67.9745 267.897 0 151.607 85.9232 197.696 688.612 105.763 8.34253 197.278 187.404 34.8994 14.0638 36.8375 0.0140244 41.539 89.87 45.9333 47.2679 743.195 16.578 19.0804 26.5213 46.6765 5.48981 15.4933 11.608 
87.8789 61.9993 37.2224 139.001 0 82.4429 381.645 80.1897 77.559 232.332 72.8121 175.239 156 70.0661 16.009 9.75073 80.2622 104.69 57.5073 93.3238 70.3827 4.62171 33.1025 38.6988 63.5872 27.683 28.1827 0.676815 
40.6771 259.034 10.576 98.6077 886.538 0 1514.74 204.951 39.7252 286.4 30.0454 158.87 81.7949 0.24066 16.2106 1.00237 94.7005 45.8955 67.3338 19.326 55.9785 15.4322 7.93038 13.7506 47.1723 23.2569 3.83586 2.04002 
164.883 81.9737 13.1655 121.195 225.65 896.977 0 270.964 1288.61 308.934 155.554 27.4907 121.501 78.5436 126.925 88.9899 2.81439 79.5518 156.459 38.6843 23.6098 30.3671 33.6164 66.1761 59.8483 60.6036 0.808061 8.42864 
113.61 95.7358 258.671 46.5867 211.329 43.6335 125.961 0 618.564 54.2372 65.4771 423.296 107.571 10.6336 158.782 259.063 23.6992 0.0526952 16.6185 90.74 15.8017 67.0446 8.18752 33.6285 66.1353 3.37866 57.7243 118.89 
132.49 438.769 179.409 156.602 188.327 39.3591 78.3821 612.713 0 273.72 8.33833 99.9329 182.507 50.2119 9.37095 140.651 40.2105 219.081 5.8922 24.3151 16.0642 0.177579 28.6345 52.2274 38.3324 130.249 43.0986 80.1974 
131.039 167.933 87.404 62.4074 273.017 245.637 500.062 163.965 13.5932 0 39.7677 115.263 272.613 39.8219 131.848 52.8085 18.3956 136.245 32.1613 33.6132 92.8525 4.28181 40.8938 59.4244 71.5391 33.428 37.3587 45.5799 
21.7322 212.717 216.398 1.07476 29.48 271.33 424.632 169.796 123.914 99.4823 0 514.027 14.7961 29.0396 379.301 148.26 91.2767 165.549 2.39085 52.0604 38.3173 77.768 123.232 16.5494 131.401 5.441 84.4947 110.193 
173.638 176.947 0.0252057 211.838 36.3007 16.0098 4.1797 3.19219 8.61407 240.406 228.903 0 129.583 5.50123 128.041 179.341 25.7818 150.011 57.9465 93.2936 42.3921 52.1866 56.7593 173.144 299.035 0.189141 117.672 92.6259 
54.1902 15.5242 22.469 5.98717 8.36195 115.804 1.77561 6.62931e-05 117.824 216.225 147.763 82.5578 0 143.026 114.17 75.006 11.2672 105.763 43.3657 30.3358 22.3408 2.87446 53.3562 10.8167 0.00378805 41.6488 10.1261 3.96685 
39.5015 60.9681 14.1952 0.658904 8.72616 21.3091 6.4943 95.0702 85.3338 21.0606 57.8588 22.1266 19.8242 0 0.141259 18.3402 20.3821 12.1926 26.8445 2.76796 32.3907 6.79084 1.39554 5.6463 8.3647 7.8618 4.25944 11.8915 
15.1893 81.4739 21.3239 6.56584 12.4545 20.9216 120.317 85.8308 154.989 4.59366 405.791 6.50014 45.6192 41.7272 0 86.3105 3.21646 10.1392 18.1398 6.11902 34.1547 4.57538 2.33045 0.0412673 0.542538 10.7506 2.33028 3.33328 
1.42542 81.4326 14.7678 24.5663 69.0421 27.269 101.125 259.308 22.5526 1.96448 0.849133 5.82286 62.2515 13.0883 23.1284 0 10.0256 31.8572 22.5275 3.52451 55.8975 0.71076 3.21025 11.6638 32.3608 3.22637 18.7851 9.71809 
61.7024 181 46.5169 95.2688 153.392 84.4389 109.44 64.3622 146.9 3.35998 73.9177 30.2883 64.6588 1.54541 29.5115 15.3806 0 230.337 518.169 27.4266 13.0367 18.8519 15.8623 8.32274 38.2736 8.86713 20.4081 24.3523 
17.2589 33.3932 21.3287 0.0415112 193.839 0.53544 0.14272 125.494 1.87491 84.6158 1.51102 149.257 101.027 25.9856 54.1036 53.5863 85.5314 0 3.83415 0.189641 123.614 27.4195 36.6797 25.3868 31.0528 51.2347 43.537 46.7687 
0.34181 123.226 25.1234 38.4102 180.921 15.4235 9.52441 83.2983 59.6242 61.3817 0.000357975 27.6942 74.8637 13.0801 9.23342 1.34457 102.219 96.8931 0 12.5307 28.6062 23.0512 7.43982 0.254397 29.0427 30.4108 6.59687 4.62567 
59.4253 0.997829 1.55449 11.4364 92.8366 14.6636 2.69722 62.2443 72.8613 41.2936 28.8755 52.3414 31.7509 0.123776 8.42913 1.28664 0.300802 12.0102 35.7674 0 325.166 6.02959 3.88793 5.82504 6.12628 6.98284 7.34417 10.744 
174.455 91.7856 51.7325 34.3304 87.2563 19.6842 69.5548 47.7162 182.169 73.8103 53.0218 128.333 2.56575 0.0598577 54.3527 7.37457 66.7063 7.33895 51.1605 158.061 0 20.1429 34.6834 2.57072 45.0935 51.1547 2.86879 19.029 
16.122 33.4539 0.169628 10.3386 41.1817 0.401181 46.1552 66.9828 60.1355 51.1066 42.3479 18.7057 0.421454 10.6653 17.2314 10.8893 4.92569 34.6781 21.3489 4.199 32.3643 0 0.248605 13.7677 4.93674 9.87687 12.805 10.5413 
2.56067 38.9364 0.0877034 18.676 56.2655 0.911722 12.7647 92.684 67.3747 14.7296 126.152 109.462 90.3127 0.206275 4.00521 9.52177 7.95285 44.4115 3.49544 0.391451 10.7702 14.1056 0 15.1034 7.68413 9.94225 2.17902 4.07057 
1.01586 4.11314 9.30127 15.7519 56.1226 18.0106 17.962 132.269 8.50873 25.6548 84.4049 178.388 5.00073 9.56893 24.2586 0.249533 17.4032 4.68812 21.8411 3.68977 45.766 13.4245 0.915412 0 45.8091 14.8523 12.1795 1.86386 
53.8968 49.7168 3.10898 38.5052 4.14537 39.2543 24.1224 32.2715 159.242 62.7373 144.085 689.209 21.9328 10.6469 6.1237 26.1015 38.1508 32.8183 30.7722 11.0217 49.5214 11.3267 30.8138 14.8847 0 110.264 4.29116 148.505 
39.7768 4.62875 3.26603 7.27656 19.5717 1.89067 60.3206 112.536 130.307 75.9541 161.009 357.043 42.2463 0.503956 13.7707 9.05292 1.20175 57.5965 9.88723 11.7428 46.6534 0.00717311 10.375 1.59998 33.2102 0 7.28279 0.969682 
19.3072 4.02116 19.1232 1.12794 40.8094 10.9677 9.65251 41.5764 68.3854 8.79807 14.3359 45.3351 1.87217 3.52498 5.53287 12.7764 14.2781 32.5996 24.2451 0.0426121 2.31837 8.48595 0.886533 10.3469 60.6669 24.8046 0 35.5119 
55.6045 64.521 8.03155 5.34771 37.7473 21.3348 65.5857 124.631 91.8363 42.679 42.4915 175.401 44.666 7.67373 0.353812 12.7335 24.2095 36.8665 2.52651 0.384194 50.8449 0.22263 7.31638 10.9402 7.53716 38.9636 89.7059 0 
