0 718.658 107.389 221.414 105.982 153.143 108.768 7.1491 405.808 100.32 168.385 223.4 94.4694 50.9308 41.347 74.8029 250.582 40.1995 0.303046 94.3895 157.998 5.82885 19.7602 35.7814 149.221 36.89 28.5324 11.5202 
636.168 0 40.052 190.999 0.193628 199.72 480.588 159.113 151.421 146.989 4.20696 111.021 2.18513 71.1445 92.136 57.9761 275.315 347.396 67.0239 104.498 104.371 0.871468 35.9814 14.894 161.992 81.9433 35.9398 23.5109 
89.9508 472.161 0 3.13152 143.015 66.3772 227.011 234.318 279.057 39.8499 240.335 80.7121 9.06127 9.84552 25.6481 12.5355 27.1045 137.792 10.776 9.00743 102.128 6.7873 0.24851 11.7849 0.377023 0.146418 8.59056 21.6304 
376.345 188.966 250.968 0 153.885 198.183 199.758 964.656 229.309 9.66671 195.023 195.867 33.7898 14.4315 36.4307 0.0817012 151.686 86.3454 46.8634 47.6006 491.856 16.5379 19.1493 26.4545 157.936 6.19618 15.8285 11.1136 
95.8411 83.1888 32.1117 135.657 0 57.7431 367.244 84.8751 67.6205 244.732 66.9213 174.192 158.565 69.9336 17.3306 8.99461 83.6757 98.6791 47.5939 93.7811 72.3946 4.97995 32.426 38.0792 63.1761 28.6367 28.6179 0.815295 
150.375 364.163 12.3815 210.273 336.488 0 1414.58 207.633 156.488 370.804 23.4431 158.823 606.807 0.16013 17.2345 1.21392 205.046 43.2684 65.2104 18.9864 54.9313 15.6706 7.68718 13.5307 157.319 22.8962 4.00082 1.87743 
156.744 61.239 8.47629 114.287 204.896 948.622 0 286.294 1306.39 277.065 177.506 32.3364 127.433 80.0968 124.408 87.4265 2.29055 85.2942 155.779 40.4747 21.8569 31.1536 34.7457 65.584 58.3423 58.7155 0.661798 7.79344 
104.284 87.9135 264.022 63.2329 213.392 49.2865 111.074 0 635.865 59.017 75.1139 333.392 105.404 12.2206 162.465 259.807 24.7612 0.219088 17.8175 92.6235 13.5304 67.1375 7.22826 36.4639 60.7054 5.79272 59.2357 120.711 
249.974 544.26 213.372 252.437 200.604 155.651 18.7035 631.192 0 258.553 82.4685 112.545 179.515 53.1568 32.284 142.622 150.357 218.638 7.08874 22.7587 18.1332 0.106474 30.2833 50.5261 148.74 128.356 44.0576 81.4015 
133.407 161.112 84.7616 60.0478 283.2 290.298 506.449 159.029 20.2628 0 22.279 108.626 284.282 41.8169 132.721 50.6131 17.3997 137.572 34.4844 32.7971 93.4862 3.80915 39.9094 59.6695 71.5501 34.8711 37.7849 46.204 
24.2429 206.967 221.569 2.10276 33.8215 272.896 408.364 182.116 163.76 71.6628 0 517.233 18.2794 34.6598 391.323 139.875 90.7856 166.511 2.98186 50.8473 40.3312 77.9866 124.837 14.7053 129.363 3.97549 84.7934 110.224 
168.993 180.837 0.309461 204.154 33.8005 13.8204 2.4917 21.915 4.96295 242.342 205.565 0 127.38 3.91193 116.229 141.256 26.6588 150.468 59.1854 92.6988 39.8925 51.2917 53.9718 169.84 313.66 0.712272 116.93 97.4399 
52.6038 17.2494 23.6403 6.6114 6.76534 116.704 0.863541 0.042348 122.38 231.136 154.702 79.7737 0 146.626 115.492 76.1413 11.8176 105.916 42.1068 30.7778 23.0742 3.64983 51.0186 11.8036 0.00135716 40.9925 10.4371 4.24302 
38.8783 61.7249 14.4128 0.790151 8.0388 21.4452 7.53854 97.4281 88.8246 22.8132 65.0034 18.9637 24.6383 0 1.10883 18.6864 20.4872 11.6797 26.9341 2.81676 32.8262 6.5823 1.84773 5.29633 8.05362 7.60706 4.13591 11.9158 
16.0935 82.7632 20.5415 7.16562 13.6505 21.9664 123.071 80.4244 148.049 3.13433 408.047 10.606 49.0284 46.5659 0 88.7173 3.40582 10.7961 18.635 5.98116 33.444 4.82398 2.88852 0.000763542 0.737107 11.5185 2.49763 3.61249 
1.06372 80.8458 14.2425 25.649 69.6439 27.307 100.392 257.811 19.8846 1.37493 0.120902 17.8402 60.5916 13.8792 16.3234 0 10.2711 32.6315 22.2211 3.64962 55.3186 0.629938 3.5456 10.1981 33.1181 2.5573 18.8189 9.2565 
173.726 293.033 47.2277 205.706 152.877 195.733 109.635 63.1726 258.076 3.85264 74.8655 31.2025 64.6211 1.64845 29.5932 15.628 0 220.552 186.305 27.7578 12.4694 18.9516 15.7478 8.15611 148.863 8.62927 20.4952 24.3713 
14.0398 23.7238 24.7717 0.252011 198.366 0.236453 0.000223579 122.504 2.83826 81.9641 2.09217 148.644 100.408 25.3699 53.3438 53.0548 74.8549 0 2.87385 0.361213 123.521 27.7584 37.0178 25.875 30.3891 51.7885 43.6614 46.4858 
0.608958 119.311 26.3014 39.4395 168.02 17.269 7.89015 84.8143 62.5467 63.9979 0.0405551 26.5787 74.0159 13.3877 8.81346 1.20652 90.8881 99.9924 0 12.9949 27.8048 22.9165 7.23536 0.301916 29.183 30.3493 6.43658 4.80103 
69.2504 1.79371 1.27222 12.6076 93.3571 14.2556 3.33363 59.9693 74.594 40.5536 27.7161 53.8792 32.1769 0.139938 8.30397 1.19998 0.226886 13.0974 35.9026 0 316.188 6.05158 3.9051 5.86181 5.96499 7.1349 7.43254 10.8008 
180.961 95.4969 48.4942 33.461 85.3349 18.6775 71.9589 51.4988 183.247 74.9489 55.2197 130.782 2.28553 0.0295909 54.7009 7.96287 66.4691 6.52449 50.4056 133.414 0 20.3741 34.4151 2.33433 45.7466 50.4773 3.06575 19.5543 
15.7703 33.96 0.142215 10.1854 40.601 0.481889 45.4548 66.8646 59.5764 50.3947 41.3391 17.891 0.752589 10.7241 17.1527 10.9874 4.79194 34.4025 21.1798 4.153 32.419 0 0.370974 13.8522 4.60758 9.93854 12.7923 10.5386 
2.32307 38.2797 0.0602803 18.7771 56.3192 0.803496 13.6381 91.605 69.0901 13.8436 124.658 107.476 89.7847 0.417459 4.69806 9.1951 7.80444 44.5114 3.33953 0.414141 11.1167 13.8659 0 13.6971 7.11625 10.0097 2.31768 4.19257 
0.820976 4.52075 9.53381 15.3028 56.2094 18.0112 17.0378 130.825 9.48166 26.641 81.6953 175.685 4.33245 9.36935 23.5957 0.0484594 17.531 4.40283 21.7132 3.623 45.5362 13.5444 0.395371 0 45.7956 15.0686 11.8621 2.00867 
165.398 159.467 2.80487 148.916 3.74627 149.644 22.7517 36.6977 268.608 61.9309 143.255 880.062 22.6534 10.9436 5.58593 22.0168 148.697 33.4781 30.7325 11.1513 48.9331 5.09268 30.4267 19.3046 0 87.4918 45.7146 127.661 
41.1415 5.26977 2.9192 6.51951 18.7061 2.13946 62.1951 103.774 128.418 75.7055 159.338 371.477 41.5997 0.408717 14.5678 8.01618 1.30844 57.9628 9.58871 11.791 45.8961 0.0141514 10.3884 1.81468 32.3074 0 8.06645 1.85605 
19.8195 3.74173 19.0706 0.997796 40.4759 10.7596 9.16807 40.0712 69.049 9.20579 15.1853 43.201 1.72435 3.4071 5.76395 12.5104 14.4255 32.2698 24.2694 0.055081 2.14605 8.59861 0.980948 10.6732 61.4135 23.8679 0 30.579 
55.1584 64.5991 8.33317 4.96995 38.3222 21.1834 66.2041 126.125 92.6404 43.3547 44.3346 174.568 44.5815 7.83444 0.26436 12.2675 24.2435 36.4214 2.66266 0.343571 50.7552 0.197394 7.20434 11.1211 7.79231 41.8945 91.3277 0 
