0 960.126 69.9333 550.459 140.882 402.898 75.862 0.129958 635.98 86.9557 178.474 227.925 98.7036 49.4572 36.7903 71.2512 496.131 22.0529 1.86907 93.3544 185.796 4.81221 17.5694 38.901 391.889 42.5939 30.7093 14.1448 
735.421 0 2.48699 491.106 26.2782 413.336 524.526 193.608 416.56 175.711 14.5021 131.286 0.288191 71.2879 94.7991 63.4704 507.41 385.082 84.7881 88.6572 119.394 1.53466 33.1134 17.8438 408.951 83.1107 33.7558 20.4018 
54.027 426.812 0 55.4122 117.668 66.2255 192.285 262.99 138.119 52.3888 238.914 58.7433 5.88685 8.55765 28.3611 14.7504 23.053 150.825 7.26061 6.59879 90.2833 6.26863 0.0826886 10.898 1.00054 0.00300463 9.49857 21.9701 
528.213 488.321 8.35573 0 160.943 447.877 203.27 1158.79 533.52 16.1145 182.295 226.839 29.188 15.9323 34.4465 0.965475 393.42 71.3511 50.5487 48.1803 163.971 16.3398 19.3581 26.0095 404.261 9.51572 17.2148 9.10961 
130.407 194.699 14.3026 120.009 0 50.6199 294.035 104.91 32.3032 289.843 44.2463 168.705 167.75 69.0379 23.2734 6.12757 97.7308 74.2711 15.2939 94.9477 80.723 6.60591 29.5735 35.4329 61.258 32.6721 30.4229 1.53084 
391.862 577.686 20.9839 457.084 315.628 0 991.528 214.314 472.246 545.521 4.37937 156.714 163.163 0.000435789 21.586 2.30251 447.009 32.7363 55.7927 17.4847 50.4015 16.6224 6.67774 12.5736 398.845 21.2766 4.71809 1.26549 
122.124 6.02906 0.0187359 85.1319 121.516 662.472 0 343.711 957.19 145.786 273.405 56.0881 151.463 85.969 112.25 80.2364 0.67784 110.043 151.234 48.041 15.1551 34.439 39.472 62.8251 51.9067 50.7067 0.207372 5.38121 
67.8631 57.601 276.186 75.242 219.889 75.219 56.3826 0 661.613 80.2522 120.175 51.6971 96.0119 19.8798 175.127 252.514 29.3619 2.14074 23.1882 99.9154 5.86012 67.3513 3.83056 49.0355 39.6073 22.4599 65.4507 127.275 
522.871 753.59 352.386 441.383 250.085 469.725 210.783 662.358 0 191.365 795.834 169.388 165.397 65.7168 117.335 148.97 392.299 214.639 13.2051 16.6815 27.951 0.00513757 37.4393 43.4273 392.38 119.202 48.0353 86.0971 
142.227 131.301 72.9455 50.0922 316.376 462.551 489.272 137.302 60.8966 0 4.22244 81.5574 320.214 50.1132 133.291 41.371 13.468 142.175 44.6795 29.3485 95.8002 2.11819 35.6831 60.3464 71.158 40.9345 39.4929 48.6685 
35.9586 180.946 236.881 9.99548 54.5578 269.668 326.115 233.261 299.059 3.36257 0 507.357 36.352 62.0415 406.289 103.785 88.4718 169.548 6.13391 45.7187 49.0794 78.6241 130.153 8.0678 119.652 0.31882 85.7312 109.654 
148.383 195.597 4.88323 168.128 24.1284 6.30453 0.143631 259.326 0.562299 246.627 114.953 0 117.569 0.181599 69.5152 23.4142 30.4109 151.666 64.2977 89.729 30.0454 47.4683 42.5802 152.87 248.136 37.1479 113.018 117.104 
46.0033 25.2832 28.6891 9.51499 1.88536 133.545 0.579357 1.06406 140.893 285.506 182.552 68.17 0 155.66 118.916 80.1416 14.2258 106.156 36.8619 32.5726 26.2117 7.82519 41.1569 16.2819 0.200745 38.1443 11.7685 5.48639 
36.1902 64.6172 15.2296 1.46133 5.43869 21.8421 12.6496 106.525 102.881 30.5644 96.8806 8.17156 48.8009 0 14.0094 19.3383 20.8929 9.62454 27.2366 3.01869 34.5924 5.69502 4.15347 3.8462 6.76157 6.52765 3.62839 11.9665 
20.0646 87.6194 17.2051 9.88115 19.1235 26.2772 132.814 58.4774 117.654 0.0381179 381.082 37.6033 63.5438 60.3935 0 82.7176 4.24778 13.7182 20.7072 5.40504 30.4481 5.90438 5.7415 0.496087 1.85913 14.8203 3.24967 4.87492 
0.121431 77.9054 12.0205 30.0267 71.8299 27.2374 96.4078 241.495 10.3611 0.0436405 4.19285 128.802 53.2946 16.7581 0.285873 0 11.308 35.8516 20.9032 4.18105 52.6929 0.342739 5.04013 4.75585 35.8137 0.571044 18.8688 7.37427 
423.352 540.939 49.9326 448.095 149.122 441.761 109.854 58.118 503.387 6.25397 78.6571 35.0862 64.2914 2.11193 29.8707 16.6516 0 174.748 573.824 29.0689 10.2068 19.348 15.2526 7.46632 392.222 7.65443 20.8404 24.4186 
4.06567 66.4219 41.2736 3.04053 214.853 0.293183 2.73729 109.609 8.96269 70.7904 5.5207 145.395 97.4641 22.8067 50.028 50.6847 36.1065 0 0.346614 1.66577 122.584 29.1544 38.371 27.9066 27.6149 53.9696 44.1194 45.2203 
2.54486 102.165 31.2801 43.6293 113.773 25.776 2.67514 90.898 74.96 74.8389 0.928187 22.0823 70.1869 14.674 7.13553 0.707886 56.913 112.383 0 14.9733 24.5054 22.3181 6.39816 0.54387 29.7124 30.0215 5.78035 5.5611 
114.031 7.54797 0.390644 17.854 94.793 12.5289 6.68283 50.4757 81.5298 37.3503 23.0161 60.2312 33.8975 0.217857 7.76712 0.866495 0.0302942 18.0452 36.3315 0 245.919 6.13638 3.96991 6.00222 5.29707 7.76187 7.7957 11.016 
205.614 110.831 35.4951 64.886 77.1264 14.6742 81.9808 68.2719 186.307 79.5097 64.5841 140.388 1.28548 0.0173796 55.9843 10.6248 65.3203 3.6174 47.1747 44.2199 0 21.3314 33.2356 1.46453 48.3695 47.4976 3.95399 21.7776 
14.3159 36.037 0.0535752 9.5384 38.1093 0.896576 42.4365 66.1978 57.1037 47.2171 37.1132 14.627 3.14749 10.881 16.7317 11.3498 4.2471 33.2103 20.444 3.95839 32.6114 0 1.13344 14.0801 3.33251 10.1747 12.7152 10.5102 
1.44994 35.4744 0.00111809 19.1238 56.3632 0.42241 17.5194 86.5533 75.9915 10.3617 117.094 98.2865 86.3142 1.99574 8.00394 7.72596 7.18901 44.8391 2.72039 0.515064 12.6005 12.6527 0 7.43089 4.91256 10.2346 2.93283 4.70763 
0.229255 6.41352 10.487 13.4059 56.4039 17.9345 13.3656 123.356 14.044 30.7944 70.0694 160.947 2.03507 8.34124 20.4077 0.894904 18.0452 3.29873 21.1428 3.34188 44.4595 13.9253 0.575634 0 44.0963 15.8383 10.5112 2.66166 
412.726 399.543 1.68893 391.867 2.28695 392.261 17.3319 57.3373 505.886 58.249 138.261 761.653 25.7009 12.1394 3.56017 37.1326 391.88 36.2142 30.5037 11.667 46.3519 51.0252 28.3159 37.0655 0 44.0779 52.8646 49.2833 
46.8128 8.36012 1.66198 3.74844 15.2308 3.32807 69.7993 68.5052 119.278 74.0848 150.071 399.53 38.7874 0.116766 17.9028 4.21043 1.80079 59.3228 8.36907 11.9514 42.6201 0.0686794 10.3835 2.83518 28.2447 0 11.6314 8.39785 
21.9858 2.67584 18.7999 0.537629 39.0272 9.88752 7.25627 33.895 71.6342 10.9842 18.9371 34.5595 1.16977 2.92719 6.7586 11.3706 15.0349 30.8631 24.3421 0.1244 1.49457 9.06112 1.42246 12.0202 63.0857 19.8397 0 12.7179 
53.1255 64.7193 9.61552 3.51849 40.675 20.4838 68.5428 131.225 95.5503 46.0575 52.1559 168.318 44.1198 8.48918 0.0308203 10.3121 24.3539 34.5184 3.26592 0.19774 50.2581 0.108097 6.72282 11.8394 9.32073 52.8588 92.0273 0 
