0 498.466 33.979 288.612 178.986 52.5857 44.0099 4.88326 254.268 71.8511 187.007 227.842 102.636 47.5147 31.7237 66.4747 137.004 7.85105 5.12188 143.348 211.876 3.78506 15.2043 42.2096 31.4282 48.8441 33.078 17.2667 
198.183 0 101.017 206.001 119.49 34.077 503.724 228.651 103.218 203.437 32.5165 152.967 0.260465 70.765 96.4377 69.0453 132.976 626.858 104.523 69.9508 134.984 2.47932 29.8781 21.2917 52.9134 83.5118 31.2828 17.1 
22.1579 264.487 0 222.586 87.331 62.6298 142.339 276.367 25.1731 66.5432 224.127 36.855 3.11288 7.12556 30.8503 17.116 18.6844 160.074 4.08847 4.24898 75.6998 5.69402 0.00275829 9.85787 2.02242 0.290786 10.5069 22.1706 
79.3378 203.014 164.586 0 163.81 93.0191 197.398 1238.17 244.395 24.7678 162.7 250.292 24.228 17.5015 31.7662 3.03339 31.7345 54.8336 54.1826 47.2763 145.22 16.064 19.4386 25.2139 47.4374 13.765 18.7092 7.03947 
168.968 336.364 2.55786 100.315 0 76.6381 199.445 127.348 7.45686 322.505 23.7115 160.648 174.756 67.4154 30.5177 3.54604 112.461 49.6064 0.20424 94.8118 89.6696 8.63701 26.3956 32.4182 58.7767 37.1856 32.3851 2.57607 
33.0052 174.672 31.7769 98.4379 698.272 0 361.591 212.842 252.698 367.469 1.04548 150.865 532.002 0.159772 26.3685 3.86557 84.4384 22.2357 44.7671 15.6941 45.1623 17.5814 5.5869 11.4539 36.5409 19.3032 5.55998 0.7214 
84.7622 13.3263 12.2896 54.495 47.2055 95.3651 0 389.149 233.16 36.4245 373.654 87.7749 175.513 91.1485 96.2933 71.2444 0.00292455 137.816 143.158 56.4014 9.02241 38.0421 44.6433 59.2743 44.6342 41.8065 0.00327469 3.19542 
34.6035 30.053 269.42 81.34 222.901 106.563 15.2671 0 600.305 105.317 175.898 38.4836 85.1359 30.0532 183.352 226.081 34.7188 6.53686 29.7412 106.728 1.0088 67.2577 1.28563 63.869 20.4214 51.647 72.0486 132.397 
195.214 335.394 456.004 41.6874 297.712 249.324 930.503 606.799 0 117.526 599.946 235.486 147.18 79.7344 52.624 152.206 31.2308 206.291 21.9306 10.8744 40.7959 0.26285 45.7204 35.7206 34.2986 107.031 52.3456 90.5914 
149.735 97.5748 58.9499 39.205 332.192 497.022 395.617 112.017 124.885 0 87.6419 54.0866 331.245 58.9282 128.151 31.354 9.59984 145.398 56.5928 25.507 97.7074 0.806398 30.8714 60.4311 69.9064 47.5698 41.2333 51.0976 
50.9332 149.531 240.804 25.0348 81.5232 248.335 220.489 285.739 638.666 32.0396 0 454.859 62.0534 97.228 355.676 65.1597 85.4378 171.001 10.8559 39.9944 59.2616 78.8036 133.246 2.92562 106.967 1.05538 86.1748 107.72 
124.037 208.692 16.0319 124.091 15.0669 1.31078 6.46265 677.669 16.2335 244.051 39.2293 0 105.76 1.6914 28.2162 12.948 34.7006 151.635 69.7842 85.5771 20.455 43.1147 30.8021 129.26 155.988 129.83 107.242 137.097 
38.8384 35.5553 34.4758 13.2426 5.3179e-06 116.714 6.87929 3.7688 159.819 323.27 209.871 55.6036 0 153.471 118.596 83.0495 17.0776 105.664 31.1548 34.4479 29.8009 14.0624 30.4856 21.8034 0.814122 34.8259 13.2964 7.02235 
33.0843 67.2677 15.9416 2.4242 3.10982 21.949 19.5726 114.901 116.896 39.6721 133.175 1.32709 80.0596 0 37.791 18.5133 21.2774 7.53228 27.4337 3.23713 36.4339 4.70472 6.89512 2.36797 5.3745 5.33176 3.08706 11.9261 
24.7647 91.89 13.5036 13.2113 25.9604 30.7763 139.835 36.5902 83.763 2.41545 292.862 82.4602 79.3308 58.4902 0 51.7383 5.27021 17.2552 22.9842 4.77199 27.1106 7.16124 9.62999 2.24865 3.64694 18.5094 4.17381 6.43037 
0.168799 73.7866 9.57545 34.4194 73.6 26.7332 90.3787 206.76 3.24807 0.742211 21.5352 311.981 44.7682 18.8011 11.7008 0 12.4708 39.3559 19.3845 4.7796 49.4307 0.123913 6.78203 0.88622 37.7834 0.0394572 18.751 5.42804 
70.359 182.706 52.3767 86.0655 142.066 83.8137 108.971 52.413 144.244 9.52641 82.5032 39.4763 63.6036 2.6849 30.056 17.7591 0 119.896 449.351 30.3704 7.92124 19.7473 14.6749 6.71809 31.8923 6.61666 21.1863 24.4103 
0.00457683 192.978 62.5312 9.59841 227.854 2.80613 11.8962 94.843 19.5066 58.4813 11.1384 140.551 93.5676 20.0089 46.1301 47.8028 8.24749 0 0.413753 4.18942 120.528 30.6556 39.7485 30.1274 24.5626 56.1139 44.5083 43.6698 
6.18904 82.3825 36.7804 47.9836 59.519 36.3027 0.101069 97.0795 88.7875 86.3639 3.251 17.4588 65.4607 16.0902 5.44009 0.307127 42.7764 124.678 0 17.2134 20.9724 21.5914 5.50822 0.892284 30.1881 29.527 5.0818 6.45101 
163.353 18.16 0.0036931 24.0586 94.9602 10.6069 11.6099 40.2123 88.4993 33.639 18.1449 67.0218 35.6769 0.323149 7.15117 0.555034 0.0261116 24.1855 36.5451 0 134.289 6.21663 4.02832 6.13177 4.57509 8.4336 8.18462 11.2108 
226.766 127.068 22.6612 55.2569 67.8193 10.6831 92.8583 88.1712 186.907 84.139 75.1521 149.661 0.507293 0.219376 57.0696 13.922 63.7593 1.37077 43.481 0.234703 0 22.3716 31.8269 0.730858 51.0471 43.9541 5.05616 24.2766 
12.7419 38.2516 0.00483484 8.81324 35.2472 1.49682 38.9517 65.1395 54.1288 43.3664 32.4613 11.3106 7.61555 10.8842 16.0992 11.6566 3.67245 31.8193 19.5775 3.73908 32.7551 0 2.4077 14.0912 2.13747 10.3939 12.5852 10.4472 
0.715975 32.2794 0.0407303 19.3606 56.0715 0.139746 22.192 80.0422 82.9938 6.9871 106.504 86.7258 80.2514 4.61241 12.151 5.99048 6.51889 45.03 2.0993 0.637785 14.3025 10.9767 0 1.83793 2.88817 10.3728 3.67375 5.28292 
1.20647e-05 8.84611 11.4933 11.302 56.2998 17.7018 9.7103 112.654 19.9477 35.3839 56.9812 139.143 0.476087 6.91537 16.3198 4.77451 18.5745 2.24929 20.4463 3.0288 43.0566 14.1111 4.88387 0 39.355 16.4157 8.99379 3.46586 
57.0274 36.0448 0.76653 31.7202 1.07765 31.2935 12.0111 83.0272 137.142 53.6511 130.028 1006.93 29.1101 13.3539 1.7954 67.2088 31.3568 39.1823 30.1328 12.1849 43.2878 68.8865 25.1565 45.8509 0 122.791 143.398 101.477 
52.926 12.5046 0.662327 1.51353 11.6916 4.90187 77.608 35.0887 107.12 71.2337 135.955 365.504 35.4988 8.27074e-05 21.4609 1.28688 2.43087 60.4938 7.0794 12.0502 38.8217 0.176519 10.2638 4.16778 23.3835 0 15.9726 19.9152 
24.4183 1.69387 18.406 0.190525 37.3265 8.92285 5.36666 27.362 74.1196 13.0806 23.4323 25.6963 0.677366 2.42383 7.90392 10.0723 15.6959 29.2575 24.3677 0.233295 0.905925 9.5551 1.9944 13.4562 62.1253 15.3363 0 1.37063 
50.5778 64.4631 11.0605 2.17363 43.1691 19.59 70.641 134.584 97.8815 48.79 60.8905 156.517 43.4071 9.17427 0.0403228 8.18368 24.4159 32.3419 3.99578 0.0823202 49.4808 0.0400916 6.16899 12.5538 11.8765 61.068 81.6087 0 
