0 518.271 31.5756 326.803 181.858 84.7763 41.7931 5.80842 283.616 70.6691 187.55 227.607 102.909 47.3494 31.3284 66.0665 168.333 7.02847 5.44209 150.562 213.652 3.70917 15.0225 42.461 62.7367 49.3268 33.2612 17.5198 
216.748 0 113.69 243.243 129.008 64.6014 499.046 231.186 139.048 205.366 34.1957 154.607 0.351015 70.6939 96.5062 69.4555 163.103 92.5918 106.043 68.4694 136.143 2.5625 29.623 21.5687 84.5516 83.5031 31.0871 16.8487 
20.165 249.408 0 233.99 84.9403 62.2043 138.162 276.521 19.842 67.6399 222.419 35.2931 2.93067 7.01418 31.019 17.2948 18.3504 160.545 3.87488 4.08203 74.5149 5.6491 0.00115935 9.77432 2.11658 0.333045 10.5858 22.1783 
105.167 240.271 160.113 0 163.807 124.658 196.514 471.698 281.056 25.5035 160.957 251.562 23.848 17.6193 31.5371 3.24111 62.9392 53.567 54.4449 47.1377 327.441 16.0399 19.4382 25.1385 79.0089 14.1181 18.824 6.88508 
171.912 347.141 2.03231 98.7015 0 75.9107 191.938 129.092 6.22587 324.143 22.3396 159.934 175.155 67.2609 31.1093 3.3716 113.561 47.8191 0.0316846 94.7375 90.3537 8.80583 26.1469 32.1791 58.5671 37.5393 32.5369 2.66903 
64.5673 202.362 32.6463 129.76 189.229 0 10.9548 212.33 296.155 707.137 1.60473 150.257 528.341 0.187143 26.7345 4.00264 115.524 21.4775 43.8949 15.5494 44.7445 17.6519 5.50317 11.364 67.68 19.1418 5.62788 0.684919 
81.9635 17.0076 14.1755 52.2558 42.6169 75.7207 0 391.711 188.636 30.6098 380.69 90.4414 177.24 91.4898 94.9597 70.5033 3.92996e-05 139.965 142.398 57.0485 8.6036 38.3216 45.0427 58.9757 44.0629 41.1156 0.000674785 3.0467 
32.396 28.2192 267.999 94.5735 222.947 109.061 13.0859 0 591.846 107.315 180.38 52.3975 84.2692 30.9147 183.719 223.292 35.1484 6.97947 30.2787 107.2 0.796935 67.2356 1.14251 65.0527 19.1467 54.3214 72.5494 132.696 
229.005 361.454 460.385 71.057 300.982 292.772 984.091 598.732 0 112.083 814.174 240.608 145.659 80.824 59.4999 152.284 62.5006 205.471 22.694 10.4649 41.8794 0.299463 46.379 35.1289 65.8498 106.001 52.6777 90.9095 
150.215 94.9734 57.8366 38.3712 332.415 489.056 385.713 110.016 130.486 0 98.1332 52.094 330.733 59.5903 127.501 30.5928 9.32024 145.565 57.5416 25.207 97.8269 0.729384 30.4919 60.408 69.7726 48.0806 41.3625 51.2736 
52.1821 147.004 240.509 26.4659 83.7738 245.941 212.123 289.526 669.25 38.868 0 449.112 64.2752 100.09 349.083 62.3276 85.1801 171.029 11.2782 39.5465 60.0762 78.7941 133.359 2.62748 105.902 1.32673 86.1829 107.511 
122.094 209.558 17.1569 120.598 14.4371 1.07531 7.34687 709.513 18.3427 243.525 34.7996 0 104.801 2.0604 25.6429 18.0962 35.0417 151.572 70.2046 85.2156 19.769 42.7699 29.9303 127.25 159.208 138.611 106.729 138.549 
38.2867 36.4138 34.9337 13.5557 0.0120504 112.688 7.6588 4.04934 161.208 324.993 211.803 54.6402 0 152.755 118.387 83.2058 17.3085 105.592 30.7149 34.5893 30.0863 14.6155 29.6781 22.2565 0.879459 34.5601 13.4182 7.14942 
32.8363 67.4493 15.9883 2.50882 2.95313 21.9424 20.1644 115.472 117.905 40.3972 135.944 1.03386 82.5677 0 39.6763 18.3821 21.3045 7.37724 27.4429 3.25397 36.5727 4.62771 7.09249 2.26192 5.26888 5.23912 3.04574 11.9187 
25.1441 92.1717 13.2181 13.4835 26.5255 31.1098 140.203 35.0292 81.1961 2.85734 284.12 86.4529 80.5229 57.5379 0 48.7643 5.35414 17.5444 23.1611 4.7228 26.8493 7.26171 9.95534 2.43566 3.80932 18.7941 4.24997 6.55825 
0.221258 73.4281 9.38716 34.7364 73.7087 26.675 89.8403 203.436 2.85545 0.893358 23.4152 326.18 44.0901 18.8992 13.7927 0 12.5623 39.6265 19.2632 4.82672 49.1607 0.111304 6.91869 0.707181 37.8884 0.0748506 18.7341 5.28362 
102.237 214.027 52.5418 117.196 141.392 115.264 108.853 51.9631 175.584 9.80867 82.7876 39.8231 63.5356 2.73235 30.0651 17.8444 0 115.639 570.691 30.4653 7.75254 19.7767 14.6284 6.66029 63.1827 6.53738 21.2118 24.4069 
0.00733422 199.03 64.2847 10.2588 228.616 3.10979 12.8743 93.6753 20.4898 57.5293 11.6561 140.118 93.2354 19.7923 45.8162 47.5665 6.86327 0 0.54726 4.43355 120.322 30.7711 39.8507 30.2996 24.3252 56.2692 44.5334 43.5419 
6.53883 80.8259 37.2058 48.3091 55.7776 37.1596 0.0458993 97.5362 89.863 87.2332 3.4915 17.114 65.0711 16.2004 5.31518 0.282599 42.333 125.564 0 17.3903 20.7019 21.5318 5.44033 0.923111 30.2203 29.4825 5.02839 6.52275 
166.903 19.1613 0.000268559 24.5508 94.9096 10.4572 12.0462 39.4282 89.0086 33.3429 17.7803 67.539 35.8102 0.332223 7.10214 0.533334 0.0353099 24.6915 36.5501 0 125.469 6.2223 4.03228 6.14073 4.51951 8.48497 8.21445 11.2241 
228.101 128.29 21.7464 50.7347 67.0851 10.3921 93.6934 89.7686 186.829 84.4812 75.9834 150.32 0.461177 0.244769 57.1392 14.1944 63.6245 1.23917 43.1876 0.000128762 0 22.452 31.7122 0.683801 51.246 43.667 5.14763 24.4735 
12.6205 38.4208 0.00322799 8.75619 35.0193 1.5499 38.6735 65.0426 53.886 43.052 32.0997 11.0652 8.04139 10.8768 16.0425 11.6762 3.62874 31.7073 19.5075 3.72175 32.7633 0 2.52441 14.0813 2.05448 10.4091 12.5731 10.4409 
0.669081 32.0261 0.0485075 19.3725 56.0335 0.123959 22.5721 79.4956 83.5086 6.74655 105.588 85.7713 79.6865 4.83293 12.4848 5.85338 6.46698 45.0373 2.05363 0.647862 14.4381 10.8337 0 1.53651 2.75163 10.3786 3.73414 5.32803 
0.00115477 9.05083 11.5695 11.1385 56.2774 17.6771 9.44406 111.72 20.4444 35.7401 55.9612 137.24 0.39932 6.79455 15.9851 5.1886 18.6141 2.17503 20.389 3.00426 42.9377 14.1149 5.36008 0 38.8732 16.448 8.87491 3.53208 
88.6886 67.1091 0.708911 63.0529 1.00152 62.5424 11.6281 85.1131 167.705 53.2705 129.272 288.6 29.3774 13.4432 1.68061 67.5556 62.6322 39.4113 30.0986 12.2229 43.0395 64.0247 24.8778 45.8715 0 120.529 144.59 84.7703 
53.3935 12.8592 0.602493 1.3787 11.4296 5.03565 78.1856 32.8375 106.091 70.9654 134.699 360.134 35.2348 0.000290447 21.728 1.12526 2.48392 60.5702 6.98139 12.0544 38.5178 0.187059 10.2494 4.27981 22.9945 0 16.3236 20.9492 
24.6099 1.62597 18.371 0.170688 37.1892 8.84751 5.22923 26.8672 74.2967 13.25 23.7979 25.0405 0.644307 2.38578 7.99522 9.96957 15.747 29.1299 24.3673 0.243242 0.865813 9.5929 2.04267 13.5652 61.9269 14.9885 0 0.95546 
50.3659 64.4257 11.1742 2.08073 43.3589 19.5149 70.7825 134.741 98.0231 48.9914 61.5724 155.394 43.3425 9.22587 0.0530376 8.02064 24.4181 32.1687 4.05561 0.0753562 49.41 0.0361488 6.12486 12.6059 12.1134 61.4859 80.3532 0 
