0 506.125 4.20333 610.125 224.125 309.352 13.0742 31.3777 455.768 51.9035 193.626 219.249 106.561 44.4192 25.0188 58.8493 375.899 0.0300562 11.8934 252.907 235.864 2.57471 12.1568 46.3459 271.677 56.9066 36.1707 21.771 
282.053 0 348.609 536.857 304.734 275.719 373.063 266.512 432.84 230.421 66.049 179.468 3.68542 68.937 96.3797 75.4813 351.543 234.631 129.491 45.007 153.311 4.09274 25.4808 26.168 298.448 82.5476 27.8868 12.948 
0.72622 39.4248 0 258.645 48.0216 52.7811 71.5222 260.725 23.4646 84.6194 185.303 14.0336 0.725561 5.25347 33.151 20.0063 13.1772 162.719 1.18185 1.78988 55.0141 4.92558 0.070576 8.39105 3.90981 1.40789 11.8551 22.1416 
270.179 534.705 392.422 0 159.134 336.538 174.328 894.83 563.341 38.3448 129.523 259.381 17.9237 19.4047 27.4983 7.44129 270.052 34.1468 58.1909 43.5908 97.5383 15.6001 19.2928 23.6673 291.685 20.116 20.6266 4.56777 
216.032 489.276 1.98686 71.9991 0 137.811 80.4561 156.514 1.85484 330.048 5.54494 146.819 178.435 64.2237 41.0536 1.13918 129.899 22.6297 17.8956 92.2526 100.986 11.7281 22.1398 28.2663 54.8849 43.2312 34.9514 4.39377 
280.088 351.47 46.4242 336.295 138.978 0 1151.94 196.366 681.044 973.556 26.6134 137.589 130.343 0.927283 32.3292 6.48508 319.702 10.7438 30.0194 13.1392 37.8885 18.692 4.19372 9.87499 273.395 16.4237 6.76378 0.222787 
41.1711 130.435 60.5017 21.1361 0.579176 432.513 0 410.071 165.385 8.14719 466.783 135.941 201.108 95.6072 72.3522 57.9711 0.972892 173.261 127.786 67.2126 3.14397 42.7678 51.3385 53.7665 34.8812 30.2241 0.231837 1.11585 
6.27183 6.16938 228.793 304.972 219.785 148.572 1.33443 0 401.911 139.536 251.959 492.339 70.0727 45.8988 183.8 167.324 42.2723 16.0601 39.4035 113.447 0.855469 66.5798 7.60994e-05 84.2175 3.948 102.814 80.2586 135.401 
475.089 476.61 440.548 274.554 341.827 678.713 1236.49 412.996 0 37.8595 1689.44 317.835 119.628 98.0304 168.103 149.958 271.005 189.04 36.4978 4.83749 60.7423 1.22511 57.115 25.8948 279.792 88.1357 57.9173 95.3241 
155.629 55.331 40.0045 25.5269 315.195 201.639 202.114 78.0555 225.945 0 314.649 24.0865 295.465 69.4839 112.447 19.0417 5.30587 146.467 72.9374 20.4023 99.1382 0.0187734 24.3621 59.4312 66.9024 56.048 43.3016 53.8112 
73.6191 105.923 223.794 53.9496 122.038 195.402 88.3141 341.399 862.574 219.997 0 331.578 103.308 145.783 209.318 23.295 80.6131 169.715 19.1135 32.3592 73.4904 78.161 132.522 0.0242968 87.5643 9.93321 85.7678 103.012 
90.5869 220.045 39.8248 66.5537 5.99202 0.521287 29.1078 1026.59 68.493 228.676 0.0302591 0 88.7606 12.9156 0.812398 195.199 40.6459 149.326 76.7772 78.6819 10.1171 37.1335 17.135 92.8624 118.341 285.79 97.3156 158.944 
29.6225 51.2092 42.3659 19.0077 3.45607 39.8057 25.6966 9.94633 181.344 325.089 237.822 39.6654 0 131.115 111.376 84.23 21.1877 103.743 23.7969 36.7583 34.7847 24.6896 17.5386 29.9033 2.28377 30.1604 15.4319 9.33784 
28.7494 69.8331 16.5462 4.05418 0.962218 21.5322 30.5894 122.794 131.979 52.093 176.612 1.40202 120.883 0 60.8954 15.097 21.6838 5.05418 27.4654 3.52015 38.6986 3.41027 9.38736 0.827646 3.64552 3.78512 2.40065 11.7113 
31.4587 95.5925 8.79536 18.0514 36.1549 35.9834 142.279 13.7979 43.6635 14.8744 131.874 155.41 98.2053 31.2261 0 7.14892 6.78695 22.445 25.9749 3.93784 22.6447 8.91279 15.3399 6.32996 6.84358 23.1848 5.55237 8.72978 
2.0521 66.9617 6.46358 39.1743 74.8425 25.3679 79.9335 141.803 0.0225411 5.24459 62.5045 486.149 33.1243 19.0972 58.9921 0 14.0497 43.9051 17.2618 5.5892 44.5289 0.00114277 9.04572 0.651732 38.5264 2.17862 18.3065 3.1506 
319.996 419.842 54.6468 322.145 128.219 325.336 105.932 44.6557 383.545 14.8715 87.0277 45.4793 62.1473 3.55203 30.0993 19.1961 0 52.6509 495.194 31.8476 5.24035 20.217 13.8507 5.74077 271.259 5.29792 21.5902 24.2974 
6.57749 241.612 93.3375 23.6469 235.4 10.1048 33.5804 74.7644 39.3112 42.566 21.5384 132.077 87.3396 16.3521 40.588 43.5463 2.30542 0 5.278 9.28389 116.111 32.5935 41.3877 33.0455 20.5285 58.5116 44.8315 41.3465 
13.4408 56.1385 43.8835 53.2054 10.5628 51.2757 2.1541 104.311 106.844 100.367 8.5395 11.9147 58.4148 17.9631 3.46329 0.0267022 37.3133 138.059 0 20.2636 16.4685 20.5117 4.38012 1.49329 30.6389 28.6467 4.19097 7.72416 
211.656 38.256 0.493533 32.3774 92.8017 8.07736 20.0329 27.3354 96.4077 28.4702 12.2692 75.532 37.8365 0.495569 6.29563 0.239254 0.377784 33.3003 36.391 0 15.7806 6.30149 4.08407 6.26121 3.64406 9.28714 8.68369 11.3981 
242.351 146.728 9.20075 2.35143 55.2044 6.1649 106.736 115.926 183.032 89.5682 89.393 159.498 0.0194543 0.84946 57.9488 18.861 61.1932 0.0302714 38.3671 60.9674 0 23.7352 29.7715 0.13746 54.2236 38.8562 6.73075 27.6731 
10.6953 41.0653 0.0224152 7.82855 31.2627 2.52722 34.0861 63.1931 49.7711 37.7476 26.3357 7.40532 16.3289 10.6036 14.9902 11.9032 2.94886 29.8359 18.3308 3.43833 32.8323 0 4.69066 13.7031 0.944928 10.6156 12.3367 10.3102 
0.128359 27.8867 0.268836 19.4279 55.1142 5.3916e-06 28.9615 70.0178 91.0558 3.37973 89.3515 69.6335 68.9661 8.09818 17.7591 3.69854 5.63885 44.9975 1.37658 0.820354 16.6764 8.36091 0 0.504432 1.05621 10.3686 4.75363 6.05558 
0.409063 12.6353 12.7365 8.546 55.627 17.1472 5.58094 95.0198 29.0932 41.3833 39.8698 103.818 0.0986362 4.75002 10.5285 13.323 19.2172 1.13738 19.4057 2.60807 40.8352 13.957 14.0523 0 29.4326 16.6988 6.97306 4.6621 
302.876 272.004 0.0858788 272.368 0.153093 270.122 6.19117 119.071 362.809 46.7618 115.018 478.89 33.6863 14.7487 0.335157 26.1674 270.468 43.0343 29.4403 12.7847 38.8744 14.7999 19.8893 37.3285 0 35.7959 127.233 141.394 
60.6392 19.1488 0.0257322 0.0644003 7.5268 7.38915 86.7027 6.09702 88.2356 65.7705 111.947 234.675 30.8563 0.194074 25.6931 0.0231629 3.41607 61.4902 5.46013 12.0493 33.5094 0.39988 9.91576 6.21698 16.7158 0 22.0704 38.6694 
27.7227 0.713858 17.7237 0.0010854 34.8875 7.63653 3.22873 19.2735 76.7919 16.0885 29.9607 15.3403 0.221889 1.80023 9.49652 8.30084 16.5609 27.0248 24.3103 0.433036 0.33993 10.1856 2.88977 15.2416 56.4236 9.61906 0 4.67562 
46.7 63.4713 13.012 0.84476 46.3098 18.2045 72.5942 135.084 99.4588 51.9715 72.4369 133.761 42.1194 10.0129 0.500734 5.50287 24.3981 29.3158 5.07732 0.00526202 48.064 0.000667351 5.39863 13.361 16.6065 63.0245 53.9389 0 
