0 344.349 2.20041 486.691 229.684 184.827 10.0131 36.9401 322.325 49.1299 194.091 217.227 106.99 43.9302 24.0742 57.6533 248.312 0.0440406 13.084 256.946 238.07 2.41722 11.7329 46.9067 144.586 58.0174 36.6056 22.4447 
146.647 0 380.373 419.623 332.278 151.422 347.467 270.821 320.015 233.111 71.6034 182.934 4.5042 68.5683 96.1532 76.2923 221.125 219.293 132.817 41.5959 155.637 4.35723 24.847 26.8882 172.047 82.2657 27.3926 12.3812 
0.0792719 21.1187 0 234.171 42.8909 50.9738 62.2033 255.386 38.9107 87.0288 178.288 11.5403 0.516163 4.99374 33.3712 20.3845 12.4316 162.128 0.902457 1.51363 52.0396 4.81569 0.0971376 8.1755 4.22696 1.63593 12.0476 22.1088 
144.707 417.682 404.44 0 157.661 209.477 169.741 469.946 444.428 40.4368 124.302 258.39 17.0609 19.6553 26.8323 8.21159 142.659 31.4128 58.6754 42.8431 681.567 15.5246 19.2476 23.4018 165.069 21.0656 20.8921 4.24611 
221.98 503.226 3.3982 67.9132 0 170.829 66.34 160.512 3.81913 327.448 3.93553 144.569 178.396 63.6718 42.6224 0.898863 132.116 19.4835 23.9221 91.6616 102.529 12.2055 21.5326 27.6623 54.2748 44.0921 35.3132 4.694 
154.394 215.528 48.3958 208.399 335.864 0 770.069 192.713 572.985 521.342 32.9093 135.211 440.487 1.08907 33.1134 6.90484 191.695 9.3853 27.9839 12.7623 36.8301 18.8335 4.00222 9.64264 145.731 15.9933 6.94337 0.173903 
35.8725 154.915 69.7428 17.4129 0.0205101 546.734 0 408.864 278.257 17.1279 474.34 143.126 203.99 95.9928 68.8035 55.9895 1.2918 178.001 125.197 68.6988 2.53708 43.4324 52.2666 52.9111 33.4994 28.6253 0.312974 0.901723 
4.01411 4.16255 220.431 308.259 218.655 154.269 3.57337 0 367.212 144.355 262.365 577.094 67.8888 48.3325 182.829 157.46 43.3867 17.7584 40.8634 114.16 1.44957 66.4295 0.0239226 87.1008 2.59843 110.771 81.3641 135.449 
353.037 334.408 422.915 151.015 345.809 570.991 1153.27 378.512 0 29.4801 1559.14 328.224 115.47 100.565 147.434 149.006 143.879 186.033 38.8294 4.15237 63.8188 1.42219 58.7551 24.5513 153.637 85.2445 58.6932 95.8716 
156.053 49.8536 37.3697 23.7014 309.217 150.574 173.824 73.326 240.51 0 350.828 20.6102 285.958 70.8329 109.462 17.4354 4.7809 146.304 75.2678 19.6804 99.2337 0.00069875 23.4345 59.1818 66.3484 57.2039 43.5719 54.1456 
77.0652 99.7425 219.35 58.7664 128.081 186.103 72.6959 347.479 860.293 255.516 0 310.703 109.65 152.363 185.337 18.7394 79.8506 169.22 20.4714 31.2759 75.5685 77.9841 131.948 0.00494558 84.6178 11.928 85.613 102.14 
85.8419 221.034 43.9502 59.0666 5.00519 0.984501 33.606 1029.03 78.5415 225.394 1.2504 0 86.2411 15.3519 0.0618777 231.874 41.5153 148.778 77.7403 77.5747 8.89701 36.2656 15.4275 87.4582 86.032 306.141 95.7019 161.474 
28.3489 53.6022 43.4964 19.9014 4.52029 34.5504 29.301 11.0694 183.983 320.453 240.825 37.4971 0 126.332 109.725 84.1318 21.8033 103.347 22.7786 37.0692 35.5149 26.3937 15.8771 31.1135 2.55582 29.4746 15.7466 9.69394 
28.1145 70.1022 16.5977 4.3182 0.751047 21.4193 32.3053 123.576 133.715 53.8454 181.864 2.31409 125.996 0 61.8006 14.432 21.7315 4.73136 27.4475 3.55972 39.0029 3.23113 9.54327 0.663445 3.41411 3.57286 2.30628 11.6652 
32.4482 95.9195 8.16345 18.769 37.6948 36.6266 141.938 11.316 38.8177 17.466 109.969 166.047 100.568 26.3753 0 3.63408 7.01827 23.2283 26.3957 3.82002 22.0077 9.16786 16.1488 7.05046 7.36888 23.8063 5.76257 9.07642 
2.49436 65.8693 6.04327 39.7235 74.9099 25.1088 78.2381 131.628 0.188261 6.21804 69.6601 493.566 31.4732 18.8928 65.8693 0 14.2779 44.5403 16.9498 5.70533 43.7801 0.000153937 9.34773 1.11961 38.4437 2.74377 18.2156 2.86254 
194.175 291.72 54.8707 194.262 125.854 198.222 105.321 43.5376 256.057 15.7247 87.6133 46.3495 61.8875 3.68593 30.0857 19.3974 0 44.5408 192.366 32.0326 4.89352 20.2782 13.7276 5.603 143.941 5.11589 21.6425 24.2714 
8.65364 257.85 97.7674 26.1103 235.484 11.5081 37.5009 71.8974 42.6393 40.3737 23.29 130.681 86.3545 15.8384 39.767 42.9007 4.63579 0 6.42288 10.1701 115.322 32.8643 41.6026 33.4578 19.957 58.8081 44.8588 40.99 
14.6943 52.5175 44.8586 53.8858 6.62986 53.4294 2.9751 105.238 109.343 102.192 9.50032 11.1863 57.3438 18.2285 3.20981 0.0113759 36.2519 139.634 0 20.7031 15.847 20.3466 4.22474 1.59235 30.6855 28.4998 4.06745 7.91451 
215.814 41.5868 0.659815 33.5216 92.2667 7.72358 21.3967 25.6055 97.3879 27.7161 11.4958 76.6825 38.1235 0.523274 6.17048 0.204053 0.462474 34.6751 36.3265 0 7.58637 6.31149 4.08989 6.27548 3.51456 9.40439 8.75311 11.4178 
243.234 149.286 7.70109 8.89227 53.3983 5.60294 108.635 119.924 182.033 90.2676 91.424 160.64 0.00317621 0.974287 58.0188 19.6143 60.7802 0.000855 37.6202 79.3788 0 23.9281 29.4609 0.0902275 54.6373 38.0961 6.98983 28.1637 
10.4079 41.4531 0.0329304 7.68615 30.6787 2.69588 33.3728 62.8638 49.1124 36.9052 25.4723 6.89996 17.8102 10.5365 14.8076 11.9224 2.84947 29.5399 18.1438 3.39449 32.8322 0 5.06014 13.6095 0.815962 10.6404 12.2939 10.2855 
0.0825642 27.2489 0.318209 19.4133 54.9228 0.00323447 29.9721 68.4744 92.068 2.95746 86.6704 67.0859 67.0957 8.48299 18.5103 3.38907 5.51429 44.965 1.2836 0.84826 17.0254 7.96578 0 1.01526 0.888797 10.3497 4.91588 6.16608 
0.536547 13.2268 12.903 8.16183 55.4793 17.0448 5.06821 92.241 30.5075 42.2193 37.5145 98.4268 0.21118 4.43357 9.71625 14.6994 19.303 1.00659 19.2462 2.54777 40.4846 13.8963 15.3149 0 27.7941 16.6909 6.68816 4.8437 
176.505 144.282 0.0433388 145.329 0.0883502 142.757 5.49383 124.155 233.326 45.7153 112.533 205.787 34.3394 14.923 0.218446 17.8732 143.113 43.5729 29.3223 12.8613 38.2148 26.4373 19.0656 35.6289 0 51.3572 148.553 135.211 
61.6849 20.1966 0.00425916 0.0123857 6.98936 7.77776 87.8516 3.8128 85.3459 64.8407 108.134 211.603 30.1721 0.255324 26.2272 0.115315 3.57083 61.5772 5.23888 12.0363 32.7308 0.439468 9.84828 6.53006 15.7796 0 22.9426 41.3439 
28.1999 0.605898 17.6112 0.000656997 34.5224 7.45304 2.96104 18.1885 77.11 16.5378 30.9404 14.0248 0.176309 1.716 9.7293 8.04595 16.6832 26.6966 24.2933 0.466868 0.28028 10.273 3.02978 15.481 55.2357 8.85785 0 6.9336 
46.1019 63.2671 13.2913 0.701857 46.7397 17.9887 72.7896 134.766 99.5333 52.3784 74.056 129.949 41.903 10.1247 0.609281 5.14268 24.3858 28.8717 5.24239 0.00171605 47.8251 3.14195e-07 5.28591 13.4612 17.3903 62.3676 49.2824 0 
