0 299.47 1.72324 452.629 231.293 150.897 9.17104 38.6869 285.687 48.3061 194.206 216.584 107.111 43.7816 23.7927 57.2908 213.443 0.105493 13.4509 257.373 238.666 2.37088 11.6067 47.0728 109.881 58.3475 36.7352 22.6476 
110.273 0 389.223 387.657 340.412 117.677 339.595 272.048 289.617 233.853 73.2972 183.951 4.76538 68.4527 96.0746 76.5291 185.417 56.5589 133.795 40.5879 156.316 4.43802 24.6573 27.1047 137.546 82.1742 27.2443 12.2131 
0.012125 16.6804 0 225.769 41.3909 50.4167 59.4917 253.646 44.2346 87.738 176.13 10.8366 0.460247 4.91658 33.4314 20.4956 12.2109 161.903 0.82585 1.43497 51.1521 4.78281 0.105923 8.1108 4.32408 1.7075 12.1052 22.0975 
110.935 385.783 399.973 0 157.181 174.759 168.312 1063.76 411.978 41.0687 122.723 257.979 16.8049 19.7291 26.6307 8.44833 107.863 30.6086 58.8157 42.609 370.989 15.5015 19.2328 23.3202 130.502 21.3511 20.9711 4.15161 
223.712 506.9 3.8934 66.6939 0 181.654 62.3223 161.697 4.54395 326.489 3.50554 143.883 178.356 63.502 43.094 0.832278 132.764 18.5816 25.8857 91.4738 102.987 12.3501 21.3509 27.4811 54.0896 44.3493 35.4212 4.78583 
120.127 178.214 48.9748 173.431 57.3601 0 968.792 191.561 543.378 737.014 34.9106 134.477 557.73 1.14003 33.3438 7.03241 156.707 8.99433 27.3809 12.6491 36.5129 18.8749 3.94534 9.57285 110.852 15.8638 6.99747 0.160406 
34.3429 162.503 72.5942 16.3596 0.171817 580.184 0 408.291 316.336 20.4436 476.274 145.283 204.81 96.0953 67.7398 55.3938 1.39618 179.398 124.404 69.1399 2.36748 43.6306 52.5426 52.6521 33.0871 28.1506 0.339679 0.84186 
3.43285 3.63622 217.824 308.66 218.283 155.947 4.45442 0 356.705 145.789 265.437 602.292 67.2341 49.0675 182.488 154.464 43.7216 18.2828 41.3039 114.361 1.65794 66.3819 0.0414833 87.9598 2.24796 113.166 81.6913 135.444 
319.803 295.178 416.972 117.598 346.874 541.491 1122.84 368.045 0 27.1532 1642.27 331.24 114.218 101.318 141.125 148.69 109.166 185.108 39.5385 3.95654 64.749 1.48414 59.2456 24.1533 119.221 84.3729 58.9243 96.0289 
156.158 48.2512 36.5882 23.1632 307.263 136.1 165.526 71.9215 244.829 0 361.565 19.6156 282.926 71.2271 108.537 16.9644 4.62837 146.239 75.9632 19.465 99.2567 4.54915e-05 23.1575 59.1019 66.1766 57.5462 43.6515 54.2429 
78.1045 97.9018 217.928 60.2357 129.895 183.256 68.2545 349.192 860.069 266.325 0 304.363 111.561 154.298 178.176 17.4607 79.619 169.056 20.8862 30.9524 76.1917 77.9269 131.753 0.0191011 83.7298 12.5592 85.5619 101.87 
84.4273 221.298 45.2149 56.8806 4.72585 1.15177 35.0101 1027.04 81.6591 224.361 1.96348 0 85.4842 16.1194 0.00279037 242.986 41.7762 148.603 78.0268 77.2377 8.54534 36.0055 14.9301 85.8401 76.8144 311.973 95.2101 162.197 
27.9702 54.3249 43.8342 20.1718 4.86642 33.5228 30.4213 11.4171 184.747 318.831 241.67 36.8551 0 124.835 109.202 84.0889 21.9888 103.223 22.4756 37.1611 35.7342 26.9116 15.3914 31.4774 2.6403 29.2687 15.8412 9.80175 
27.924 70.1778 16.6113 4.39868 0.692724 21.3828 32.8249 123.792 134.211 54.3666 183.374 2.63112 127.472 0 61.9248 14.2262 21.7453 4.63646 27.441 3.57152 39.093 3.17792 9.5782 0.61749 3.34583 3.50993 2.27825 11.6507 
32.7455 96.0071 7.97696 18.9845 38.159 36.8133 141.801 10.6159 37.4229 18.2781 103.635 169.206 101.255 24.9361 0 2.79995 7.08822 23.4645 26.5212 3.78486 21.8173 9.2443 16.3887 7.27161 7.52914 23.9892 5.82607 9.18089 
2.63515 65.5371 5.91892 39.8806 74.9246 25.0282 77.7217 128.571 0.269371 6.52476 71.8499 494.725 30.9811 18.8196 67.8255 0 14.3463 44.7295 16.8561 5.74007 43.5537 0.000689866 9.43647 1.28336 38.4094 2.92488 18.1871 2.77843 
159.847 256.678 54.9325 159.311 125.13 163.5 105.13 43.2028 221.22 15.9844 87.7854 46.6104 61.8072 3.72646 30.0807 19.4575 0 42.2161 222.572 32.0867 4.79168 20.2961 13.6905 5.56189 109.164 5.06177 21.6579 24.2631 
9.32971 263.872 99.087 26.8681 235.459 11.945 38.7112 71.0402 43.6578 39.7229 23.8268 130.254 86.0551 15.6852 39.52 42.7058 5.48937 0 6.78723 10.4428 115.078 32.9449 41.6659 33.5809 19.7863 58.8945 44.866 40.8821 
15.0799 51.4454 45.1476 54.0858 5.62396 54.072 3.24672 105.51 110.086 102.728 9.79774 10.9717 57.0203 18.3077 3.13545 0.00803492 35.9177 140.087 0 20.8347 15.6621 20.2967 4.17853 1.62264 30.6985 28.4548 4.03071 7.97188 
216.896 42.602 0.714307 33.8602 92.0955 7.61825 21.8123 25.0947 97.6732 27.49 11.2681 77.0231 38.2083 0.531709 6.13291 0.194028 0.489523 35.0894 36.3051 0 5.69366 6.31437 4.09152 6.27953 3.47601 9.43922 8.77381 11.4233 
243.428 150.037 7.27587 11.6137 52.8579 5.43923 109.198 121.119 181.712 90.4729 92.0307 160.968 0.000989083 1.01336 58.0369 19.8419 60.6545 0.000202694 37.3961 85.2312 0 23.9857 29.3672 0.0779876 54.7589 37.8672 7.06835 28.3107 
10.3222 41.5684 0.0364774 7.64348 30.5033 2.74738 33.1586 62.7627 48.9136 36.6514 25.2148 6.7515 18.264 10.5151 14.7518 11.9274 2.81993 29.4508 18.0874 3.38134 32.8316 0 5.17234 13.5796 0.779514 10.6475 12.2807 10.2779 
0.0707871 27.0577 0.333811 19.4078 54.8628 0.00536611 30.2761 68.008 92.3633 2.83611 85.8593 66.3201 66.5251 8.58941 18.7309 3.29789 5.47708 44.9539 1.25631 0.856703 17.1303 7.84705 0 1.20122 0.843668 10.3431 4.96476 6.19912 
0.578093 13.4062 12.9522 8.04748 55.4326 17.013 4.91889 91.3989 30.9358 42.468 36.816 96.8049 0.253157 4.33916 9.47556 15.1127 19.3284 0.968873 19.198 2.52972 40.3782 13.8762 15.678 0 27.2977 16.6861 6.6032 4.89853 
142.011 109.388 0.0333814 110.64 0.072377 107.967 5.29218 125.664 197.891 45.3995 111.775 677.217 34.5347 14.9738 0.188245 15.6759 108.325 43.7334 29.286 12.8838 38.0162 30.6964 18.8166 35.1623 0 57.3951 145.619 128.088 
61.9947 20.5146 0.00134806 0.00469472 6.83162 7.89554 88.1871 3.23004 84.4739 64.5556 106.978 204.638 29.9666 0.2753 26.3827 0.156611 3.61782 61.6005 5.17323 12.0318 32.4971 0.451686 9.82723 6.62456 15.5013 0 23.2027 42.1331 
28.343 0.575225 17.5768 0.00186492 34.4124 7.39818 2.88284 17.8677 77.2019 16.6732 31.2358 13.6404 0.163649 1.69106 9.79919 7.9697 16.7197 26.5979 24.2877 0.477258 0.263498 10.299 3.07222 15.5518 54.8641 8.63356 0 7.69052 
45.9208 63.2029 13.3748 0.661515 46.8674 17.9233 72.8437 134.652 99.548 52.4977 74.5385 128.785 41.8367 10.1577 0.643862 5.03631 24.3816 28.7383 5.2923 0.0010297 47.7518 4.96429e-05 5.25206 13.4905 17.6294 62.1252 47.877 0 
