0 134.451 0.0819887 344.861 240.344 48.4334 4.87667 49.8634 166.682 43.4479 194.651 212.376 107.771 42.8728 22.1213 55.0813 105.166 1.02807 15.7426 253.409 241.574 2.10174 10.8594 48.0487 2.72649 60.2917 37.506 23.8729 
1.20807 0 434.291 294.637 387.348 17.42 291.057 278.758 208.394 237.655 83.7084 189.84 6.4803 67.7114 95.5001 77.8859 72.1829 372.066 139.481 34.7049 160.211 4.93692 23.5225 28.4075 31.5694 81.5586 26.3549 11.2232 
0.841471 0.956155 0 168.379 32.8175 46.9438 44.1561 241.931 82.2393 91.8517 162.736 7.05818 0.191779 4.46108 33.7353 21.1387 10.9175 160.094 0.436977 1.00537 45.8859 4.58649 0.166526 7.72228 4.92556 2.16651 12.4484 22.0163 
13.607 293.197 323.473 0 153.945 67.306 159.264 704.405 316.323 44.8953 113.151 254.423 15.2984 20.1585 25.4041 9.92046 0.148294 25.9498 59.6081 41.1158 251.185 15.3593 19.1329 22.8129 24.1136 23.0652 21.438 3.60378 
233.539 523.733 7.55097 59.4615 0 250.426 40.513 168.652 10.1839 319.034 1.44357 139.666 177.84 62.4432 45.9316 0.486046 136.475 13.5858 39.0938 90.246 105.677 13.2305 20.2679 26.3952 52.959 45.8816 36.0636 5.35374 
15.7697 55.9286 52.3175 64.4864 277.215 0 1467.51 184.123 460.343 556.009 47.9376 129.885 496.77 1.46861 34.6764 7.81372 47.7617 6.81063 23.8451 11.9694 34.6129 19.1133 3.61021 9.15354 2.61043 15.0834 7.32407 0.0908178 
25.7796 209.846 90.3409 10.6841 4.15779 757.677 0 402.83 572.098 46.0496 484.55 158.187 209.278 96.5807 61.3813 51.812 2.10606 187.512 119.506 71.7339 1.47166 44.8075 54.1727 51.0744 30.6384 25.3551 0.522635 0.525536 
0.896041 1.22028 201.33 316.395 215.737 165.692 11.7306 0 293.508 154.255 283.296 746.89 63.3222 53.5156 179.959 136.266 45.7371 21.5692 43.9674 115.433 3.1983 66.0718 0.247634 93.0442 0.674344 127.535 83.6072 135.227 
221.035 161.038 375.682 20.2339 351.979 459.148 898.467 304.843 0 15.096 914.432 348.274 106.678 105.759 118.846 146.508 1.9763 179.347 43.8773 2.87817 70.3931 1.88277 62.171 21.8117 13.8741 79.1019 60.2927 96.9027 
156.579 39.0667 31.9966 20.0308 294.065 61.713 118.321 63.6561 270.087 0 423.895 14.1267 263.113 73.4887 102.715 14.2446 3.76266 145.698 80.0913 18.1849 99.3408 0.0423308 21.5098 58.5739 65.0927 59.5557 44.1142 54.7967 
84.3841 87.0277 208.576 69.2585 140.775 165.756 44.1744 358.35 865.267 331.688 0 265.879 123.092 165.474 136.207 10.6792 78.2013 167.929 23.4448 29.0281 79.9281 77.5444 130.365 0.297273 78.3731 16.6547 85.2099 100.164 
76.0536 222.552 53.0509 44.4256 3.2149 2.42758 43.9401 989.129 101.26 217.71 9.56854 0 80.933 21.0696 1.25816 309.059 43.3436 147.456 79.7167 75.1705 6.57773 34.4471 12.0977 76.1993 36.6842 343.883 92.1876 166.187 
25.7345 58.7005 45.847 21.8186 7.20325 32.5449 37.5042 13.6057 189.075 306.939 246.175 33.0859 0 115.317 105.803 83.7036 23.1097 102.422 20.687 37.7005 37.0518 30.0763 12.6072 33.6684 3.17436 28.0312 16.4106 10.4572 
26.7796 70.5803 16.6753 4.89321 0.391964 21.14 35.9813 124.906 136.947 57.4494 191.76 4.95281 135.696 0 61.2284 12.9393 21.8225 4.08514 27.3914 3.64148 39.6211 2.86442 9.6702 0.374744 2.94696 3.14 2.11275 11.5564 
34.5334 96.4288 6.89088 20.2789 40.9624 37.8703 140.651 6.86437 29.6658 23.4651 68.539 187.716 105.147 16.6975 0 0.0665845 7.51267 24.894 27.2663 3.57572 20.6822 9.70211 17.7936 8.64274 8.5144 25.0497 6.21124 9.81184 
3.55781 63.5014 5.19271 40.7476 74.9578 24.5176 74.5545 110.303 1.05876 8.50771 85.3384 491.223 28.0659 18.2688 78.1938 0 14.7559 45.8503 16.2928 5.94744 42.181 0.0119739 9.9502 2.48494 38.1138 4.11803 18.0036 2.29692 
54.8972 147.232 55.2516 50.5904 120.636 56.1432 103.903 41.2007 113.152 17.5753 88.7822 48.1734 61.3027 3.97345 30.0409 19.8139 0 29.3944 413.363 32.3963 4.20129 20.4007 13.4663 5.31723 1.5261 4.74171 21.747 24.2089 
13.8926 309.588 106.893 31.5853 234.822 14.7168 46.2876 65.9416 49.9518 35.891 27.1532 127.62 84.2237 14.7755 38.0338 41.525 12.0768 0 9.17234 12.1436 113.547 33.4239 42.0343 34.3131 18.7704 59.3871 44.8999 40.2261 
17.4807 45.1478 46.8479 55.2444 1.31208 57.8844 5.11833 107.078 114.461 105.825 11.6699 9.72272 55.0616 18.7796 2.70624 0.000156921 33.909 142.613 0 21.6211 14.5701 19.9935 3.90554 1.80994 30.7676 28.1757 3.81293 8.3186 
221.737 48.8301 1.08487 35.841 90.9661 6.99495 24.3615 22.1096 99.2982 26.1343 9.94237 79.0201 38.7036 0.583581 5.90732 0.13909 0.667714 37.5914 36.1567 0 0.0261288 6.33056 4.10023 6.30165 3.24776 9.64466 8.89638 11.453 
243.912 154.377 4.96452 33.0094 49.6385 4.5042 112.511 128.235 179.584 91.6594 95.6447 162.791 0.0139702 1.26351 58.1179 21.2218 59.881 0.0755164 36.0503 122.818 0 24.3289 28.7992 0.0232619 55.4649 36.4872 7.54678 29.1906 
9.8129 42.25 0.0615459 7.38793 29.4496 3.06491 31.872 62.1346 47.7096 35.1205 23.6843 5.89158 21.0741 10.3746 14.4077 11.9489 2.64548 28.9121 17.7465 3.30233 32.8228 0 5.85729 13.3833 0.582838 10.6864 12.1985 10.2296 
0.0191349 25.9119 0.435012 19.3627 54.4785 0.029398 32.1094 65.1763 94.0525 2.15867 80.9304 61.7218 63.0181 9.13168 20.001 2.76838 5.25545 44.874 1.09836 0.907984 17.7612 7.13435 0 2.61192 0.623021 10.295 5.26018 6.39627 
0.85974 14.5006 13.24 7.37176 55.1288 16.8123 4.06652 86.2752 33.5377 43.9392 32.7123 87.0766 0.584509 3.77981 8.06526 17.5736 19.4769 0.75745 18.9046 2.4219 39.7263 13.7379 17.6633 0 24.2879 16.634 6.09917 5.23048 
36.0755 1.09451 0.000887427 3.57218 0.00992635 0.269188 4.15761 134.547 86.2445 43.4886 107.105 722.066 35.6989 15.2638 0.054087 6.52061 0.622426 44.6857 29.0602 13.0133 36.8168 58.6887 17.3095 33.0034 0 96.0476 62.009 58.8612 
63.8104 22.4571 0.0181115 0.0353455 5.91907 8.61318 90.109 0.741604 79.2041 62.7864 99.9476 163.01 28.7307 0.410522 27.2698 0.535315 3.90521 61.7121 4.78626 11.9985 31.0942 0.528361 9.69311 7.19575 13.8623 0 24.744 46.7023 
29.199 0.407772 17.3644 0.0220764 33.7474 7.07083 2.43488 15.9911 77.7192 17.4907 33.0195 11.4318 0.0975762 1.54458 10.2183 7.51429 16.9372 26.0044 24.2502 0.541865 0.173636 10.4527 3.33127 15.9654 52.4969 7.33304 0 12.9506 
44.8194 62.7893 13.8729 0.444118 47.6199 17.5244 73.1259 133.781 99.5618 53.1855 77.3954 121.618 41.425 10.3505 0.8707 4.41537 24.352 27.9361 5.59549 0.000572473 47.2966 0.00276429 5.04893 13.6572 19.098 60.2435 39.4683 0 
