0 165.034 0.395586 357.91 237.445 58.8566 6.16234 46.0081 182.669 45.0502 194.549 213.844 107.564 43.1789 22.6748 55.824 117.56 0.61532 14.9616 255.834 240.731 2.18974 11.1065 47.7275 14.7194 59.6507 37.2505 23.463 
12.2877 0 420.913 302.37 372.107 26.9013 307.433 276.647 211.737 236.512 80.1935 187.92 5.88068 67.9676 95.7111 77.446 86.211 255.581 137.623 36.6329 158.948 4.76796 23.9 27.9726 43.1771 81.7764 26.6513 11.5496 
0.330734 4.0761 0 188.496 35.5911 48.1246 49.0788 246.072 68.4823 90.5084 167.279 8.23213 0.268455 4.6114 33.645 20.9289 11.3427 160.784 0.553078 1.14046 47.6287 4.65175 0.144825 7.8518 4.72161 2.00791 12.3344 22.0459 
21.5317 300.78 354.393 0 155.091 79.4401 162.367 1008.62 324.878 43.6137 116.357 255.815 15.795 20.018 25.8159 9.42029 12.3294 27.4701 59.3534 41.6301 725.142 15.4075 19.1684 22.9854 35.8617 22.4938 21.2837 3.78264 
230.372 519.134 6.20294 61.8549 0 227.288 47.3285 166.365 8.05998 321.839 2.03166 141.091 178.064 62.8037 44.9847 0.591276 135.272 15.1704 34.4279 90.6743 104.791 12.9346 20.6275 26.7569 53.3397 45.3731 35.8506 5.16129 
26.7985 72.8552 51.2304 77.1157 383.19 0 876.152 186.7 465.573 587.211 43.4085 131.451 55.3424 1.35478 34.242 7.55047 60.3677 7.5069 25.007 12.196 35.2454 19.0357 3.72075 9.2934 14.9721 15.3441 7.21482 0.111841 
28.5146 193.769 84.3163 12.451 2.24515 704.213 0 405.032 483.008 36.4589 482.431 153.895 207.875 96.4436 63.4942 53.0065 1.85355 184.86 121.165 70.8793 1.74705 44.4175 53.6343 51.6046 31.4497 26.2766 0.457317 0.622773 
1.56005 1.88356 206.981 311.858 216.645 162.51 8.92998 0 314.537 151.461 277.458 700.352 64.6233 52.0259 180.893 142.363 45.0643 20.4474 43.0757 115.101 2.6298 66.1798 0.159748 91.3636 1.09724 122.751 82.9775 135.335 
230.316 181.974 390.446 28.5753 350.524 464.137 980.051 325.92 0 18.7458 1685.65 342.805 109.196 104.294 122.009 147.29 13.9776 181.307 42.4152 3.21907 68.5006 1.74474 61.1996 22.5828 25.2507 80.8652 59.84 96.6247 
156.479 42.0439 33.5075 21.056 298.739 83.7803 133.502 66.3789 261.807 0 403.61 15.8633 270.009 72.7553 104.705 15.13 4.04179 145.907 78.7238 18.6092 99.3231 0.0194431 22.0562 58.7591 65.464 58.8948 43.9628 54.6178 
82.2834 90.6177 211.845 66.214 137.153 171.662 51.6933 355.514 862.426 309.899 0 278.768 119.24 161.836 149.951 12.7666 78.6791 168.333 22.5791 29.6662 78.6838 77.6794 130.869 0.167788 80.1637 15.232 85.3358 100.748 
78.8225 222.196 50.3952 48.4466 3.68707 1.95069 40.8694 1006.62 94.5625 220.012 6.40463 0 82.4509 19.3553 0.533769 287.294 42.8209 147.858 79.1587 75.868 7.20642 34.9659 13.0125 79.3968 46.386 333.886 93.2084 164.925 
26.4727 57.235 45.179 21.2654 6.3754 31.9248 35.076 12.8568 187.683 311.306 244.781 34.3257 0 118.585 106.985 83.8565 22.7346 102.699 21.2778 37.5231 36.6124 29.0109 13.5099 32.937 2.99118 28.4439 16.2205 10.2371 
27.1611 70.4558 16.6574 4.72616 0.482842 21.2255 34.9221 124.57 136.082 56.4312 189.098 4.09997 133.08 0 61.7342 13.3774 21.7978 4.26537 27.41 3.61832 39.4474 2.96778 9.66207 0.449272 3.07772 3.26178 2.16739 11.5891 
33.9368 96.308 7.2465 19.8475 40.0247 37.5302 141.097 8.02859 32.1322 21.6778 79.6383 181.642 103.894 19.3485 0 0.535866 7.37028 24.4154 27.0195 3.64508 21.0591 9.54974 17.3325 8.17782 8.18152 24.7034 6.08208 9.6008 
3.23557 64.1878 5.43105 40.4733 74.9571 24.6929 75.623 116.366 0.738129 7.82033 80.782 494.379 29.0301 18.4733 75.0292 0 14.6195 45.4795 16.4808 5.87853 42.6414 0.0066763 9.78273 2.04392 38.2295 3.70049 18.0671 2.45298 
66.1649 160.04 55.1552 63.1213 122.16 68.2225 104.326 41.8667 125.473 17.0387 88.4568 47.6529 61.4751 3.89042 30.056 19.6958 0 33.4455 558.265 32.2959 4.3941 20.3665 13.5413 5.39835 13.6887 4.84748 21.7179 24.2279 
12.2767 292.774 104.315 29.9813 235.127 13.7647 43.7041 67.633 47.8199 37.1543 26.0244 128.512 84.8406 15.077 38.53 41.9207 9.60528 0 8.33977 11.5646 114.071 33.2654 41.9137 34.0702 19.1075 59.2278 44.8904 40.4464 
16.6638 47.2192 46.288 54.8662 2.41801 56.6229 4.4487 106.567 113.018 104.816 11.0295 10.1317 55.7179 18.623 2.84611 0.000462553 34.5617 141.808 0 21.3596 14.9309 20.0953 3.99572 1.74646 30.7463 28.2704 3.88497 8.20253 
220.443 46.7296 0.953089 35.191 91.3619 7.20103 23.5012 23.0888 98.7733 26.5858 10.3762 78.3634 38.5411 0.566056 5.98254 0.156406 0.605299 36.7549 36.2099 0 0.818946 6.32538 4.09754 6.29469 3.32325 9.57687 8.8558 11.4438 
243.881 152.963 5.68825 25.1641 50.7078 4.80677 111.42 125.874 180.331 91.2725 94.4457 162.211 0.0046668 1.17715 58.0962 20.7592 60.1423 0.035324 36.4989 109.888 0 24.215 28.9896 0.0379375 55.2341 36.9483 7.38589 28.8977 
9.98167 42.0248 0.0524663 7.47302 29.8011 2.95746 32.3012 62.3481 48.113 35.6323 24.1914 6.17226 20.1212 10.4237 14.5242 11.9432 2.70311 29.0923 17.8607 3.32867 32.8268 0 5.62696 13.452 0.644186 10.6741 12.2265 10.2461 
0.032729 26.2935 0.39984 19.38 54.6113 0.0192466 31.4969 66.1259 93.5054 2.37465 82.5841 63.2546 64.2023 8.96999 19.5883 2.94135 5.32903 44.9032 1.1499 0.89077 17.5506 7.37175 0 2.08793 0.686979 10.3127 5.16136 6.33078 
0.759732 14.1325 13.1455 7.59498 55.2345 16.8811 4.34225 87.9959 32.6644 43.453 34.0629 90.3171 0.458972 3.96468 8.52835 16.7591 19.4281 0.825094 19.0031 2.45775 39.946 13.7874 17.0419 0 25.2953 16.6558 6.26604 5.11929 
47.6713 13.4671 0.00652326 15.5369 0.0243687 12.4489 4.52136 131.623 99.7558 44.1284 108.683 646.03 35.3123 15.17 0.0898378 8.71768 12.8066 44.3704 29.1371 12.9711 37.2179 49.3914 17.814 33.5818 0 83.7795 97.1156 83.7731 
63.2132 21.8032 0.00600434 0.0105102 6.21669 8.37201 89.486 1.37772 80.9671 63.3871 102.308 176.796 29.143 0.362545 26.9832 0.384285 3.8084 61.6802 4.91393 12.0108 31.5621 0.502173 9.73928 7.0046 14.4024 0 24.2343 45.2144 
28.9141 0.460424 17.4364 0.0128702 33.97 7.17956 2.58019 16.6075 77.5534 17.2173 32.4228 12.1486 0.117716 1.59279 10.0786 7.66565 16.865 26.2026 24.2635 0.519895 0.201527 10.4019 3.24414 15.8296 53.311 7.75767 0 11.0654 
45.1894 62.9325 13.7075 0.511875 47.3717 17.6586 73.04 134.106 99.5714 52.9615 76.4506 124.04 41.5648 10.2872 0.791422 4.619 24.3627 28.2038 5.49372 2.74403e-05 47.4513 0.0013988 5.11665 13.6033 18.6024 60.9507 42.2596 0 
