0 148.676 0.116823 386.826 245.34 97.4181 2.90456 57.2525 205.352 40.557 194.718 209.518 108.114 42.3031 21.1163 53.7048 150.458 2.05679 17.2178 246.98 242.785 1.94476 10.4112 48.6267 48.8217 61.4483 37.9704 24.6273 
52.9802 0 454.011 347.31 413.97 68.6486 260.796 282.29 270.287 239.42 90.2554 193.244 7.65177 67.2187 95.0628 78.6597 114.528 102.955 142.784 31.2641 162.433 5.25345 22.8329 29.206 78.3505 81.1269 25.8117 10.6347 
2.38178 0.87292 0 130.716 27.9677 44.7261 35.678 233.765 109.929 94.2361 154.231 5.13255 0.0845502 4.18969 33.872 21.5107 10.1542 158.607 0.259394 0.779051 42.7284 4.46738 0.210183 7.48491 5.3082 2.47145 12.6565 21.9552 
69.1339 346.157 274.799 0 151.673 113.034 153.367 957.254 367.651 47.2574 107.247 251.345 14.4034 20.4089 24.6421 10.8604 45.8945 23.2518 60.0497 40.1316 716.104 15.2692 19.0623 22.4881 70.6294 24.1114 21.7174 3.28571 
239.044 529.456 10.3493 55.1291 0 290.793 29.2768 172.762 14.6992 313.087 0.624919 137.007 177.293 61.7634 47.6691 0.319769 138.59 10.8957 48.2903 89.4122 107.272 13.7789 19.6121 25.7326 52.2518 46.8077 36.4514 5.71484 
63.7121 93.3073 54.2345 109.314 184.002 0 931.424 179.158 515.351 800.419 56.6891 126.929 21.1672 1.68833 35.446 8.30324 92.6912 5.61728 21.7619 11.5542 33.4563 19.2505 3.41067 8.8971 48.0131 14.6044 7.52524 0.0579349 
21.0896 239.818 101.604 7.77915 9.15954 835.225 0 397.815 738.25 66.1853 486.749 166.017 211.618 96.7675 57.5314 49.6223 2.61001 192.231 116.4 73.2727 1.0275 45.5158 55.1459 50.0921 29.165 23.6943 0.653596 0.368506 
0.153158 0.375894 190.627 333.231 213.921 171.341 17.8212 0 255.42 159.298 293.673 826.007 60.9465 56.2595 178.015 125.059 46.9724 23.6928 45.6114 115.976 4.38223 65.8616 0.458429 96.0842 0.164633 136.252 84.7372 134.936 
271.872 190.93 346.4 73.9858 353.997 514.615 737.782 266.55 0 9.39845 862.437 357.724 102.056 108.404 127.708 144.936 48.0648 175.656 46.5962 2.30112 73.8887 2.14897 63.9411 20.4233 61.1351 75.8573 61.1133 97.3774 
156.658 33.8429 29.284 18.2034 284.83 29.8548 92.2282 58.7551 284.827 0 459.362 11.1899 249.793 74.7782 98.9512 12.6786 3.27573 145.24 82.572 17.4139 99.3466 0.107136 20.5162 58.2107 64.3863 60.7434 44.3842 55.1099 
88.2502 80.5446 202.212 74.9229 147.392 154.789 31.7984 362.972 870.683 371.141 0 242.23 130.16 171.89 111.937 7.31666 77.312 167.12 25.0644 27.8671 82.2054 77.2774 129.335 0.629905 75.0834 19.4087 84.9567 99.0507 
71.0443 223.04 58.026 37.4204 2.43221 3.4345 49.8031 945.175 113.926 213.279 16.9685 0 78.1484 24.3711 3.37513 347.566 44.3017 146.672 80.7253 73.8708 5.49706 33.4976 10.4984 70.393 30.4818 360.362 90.2837 168.318 
24.4001 61.4043 47.0632 22.8429 8.8457 35.7578 42.1196 15.0277 191.49 297.939 248.445 30.8564 0 109.106 103.517 83.3603 23.8008 101.887 19.6189 38.0194 37.8582 32.0537 11.0209 35.0109 3.52342 27.2743 16.76 10.8652 
26.0802 70.7832 16.6994 5.20485 0.249862 20.9714 37.9392 125.43 138.41 59.2887 196.278 6.71751 140.142 0 59.6095 12.117 21.865 3.76405 27.3521 3.68356 39.9333 2.67797 9.6264 0.25513 2.71301 2.92089 2.01399 11.4929 
35.628 96.5989 6.25648 21.0691 42.6876 38.4608 139.673 4.95874 25.4689 26.8839 49.9831 198.546 107.322 12.1825 0 0.374182 7.77612 25.7767 27.7149 3.44958 19.9953 9.9807 18.6176 9.51296 9.13511 25.6644 6.44994 10.2003 
4.18629 62.2239 4.76627 41.2115 74.9321 24.1833 72.5647 99.3072 1.79505 9.83497 93.8153 480.375 26.3196 17.8416 83.1034 0 15.0053 46.523 15.9478 6.07316 41.3304 0.0256672 10.2465 3.393 37.8577 4.93239 17.8813 2.02276 
102.295 191.704 55.4023 95.6579 117.775 102.031 103.088 39.984 158.587 18.5748 89.3609 49.1259 60.9755 4.12741 30.0086 20.0284 0 22.5784 198.75 32.5731 3.85839 20.4617 13.328 5.16946 47.288 4.55019 21.7989 24.1719 
17.0968 342.655 111.546 34.6034 234.022 16.5331 51.1677 62.8659 53.9449 33.6142 29.2723 125.95 83.0753 14.2279 37.1217 40.7944 17.3014 0 10.7942 13.2358 112.556 33.7122 42.2498 34.7553 18.1566 59.6665 44.9127 39.8181 
19.0194 41.4316 47.8557 55.9165 0.15434 60.1692 6.46328 107.982 117.064 107.615 12.886 8.99283 53.8503 19.0647 2.4584 0.00562271 32.8616 143.99 0 22.0986 13.9174 19.8051 3.74237 1.92902 30.8022 27.9978 3.68225 8.53241 
223.264 52.7359 1.34765 37.0037 90.1912 6.62189 25.9647 20.3571 100.216 25.308 9.16784 80.1995 38.9949 0.616294 5.76944 0.109946 0.789908 39.1315 36.0492 0 1.443 6.33951 4.10462 6.31331 3.11089 9.76711 8.96999 11.468 
243.629 156.884 3.76092 47.8377 47.6904 3.97364 114.478 132.528 178.116 92.3461 97.8278 163.782 0.0439353 1.42952 58.144 22.0762 59.3929 0.188328 35.2281 147.213 0 24.5364 28.4479 0.00562751 55.8758 35.6387 7.84531 29.7262 
9.50595 42.6574 0.0800597 7.23223 28.805 3.266 31.0854 61.7326 46.9651 34.1788 22.7624 5.39252 22.8597 10.2787 14.1897 11.9553 2.54123 28.58 17.5361 3.25401 32.8129 0 6.28387 13.2493 0.481383 10.7071 12.1457 10.1982 
0.00362845 25.2137 0.503214 19.3255 54.2231 0.0535607 33.2351 63.422 95.0135 1.78853 77.8766 58.9146 60.8116 9.3754 20.727 2.46119 5.12142 44.814 1.00681 0.939848 18.148 6.70051 0 3.69853 0.530927 10.2583 5.44225 6.51573 
1.05879 15.1841 13.4093 6.96775 54.9233 16.6813 3.58328 83.0927 35.1536 44.8189 30.2837 81.1596 0.853648 3.44607 7.23701 19.0406 19.5646 0.640866 18.7223 2.35647 39.3176 13.6384 18.6813 0 22.4392 16.5824 5.79648 5.43567 
82.8743 46.4939 0.004055 49.7167 1.61142e-05 46.0071 3.52853 139.804 129.504 42.3089 104.157 981.214 36.4035 15.4281 0.0119662 4.98532 46.345 45.258 28.9154 13.088 36.0785 73.1933 16.3815 32.3946 0 111.973 13.2966 25.4885 
64.8829 23.6714 0.0572234 0.118811 5.39078 9.06017 91.2041 0.0825603 75.9604 61.658 95.5847 138.248 27.9741 0.505952 27.7705 0.875673 4.08535 61.7568 4.55584 11.973 30.2373 0.57802 9.60474 7.54778 12.8898 0 25.6667 49.3221 
29.7203 0.319492 17.2295 0.0453443 33.337 6.87244 2.17893 14.8861 78.0062 17.9943 34.119 10.1688 0.0655358 1.45783 10.4743 7.23822 17.0686 25.6405 24.2238 0.58326 0.127883 10.5449 3.49303 16.2085 50.9445 6.57811 0 16.7199 
44.1342 62.5129 14.1745 0.332261 48.0684 17.2754 73.2619 133.094 99.5075 53.582 79.108 117.102 41.1621 10.4637 1.02544 4.05125 24.33 27.4447 5.78382 0.00338099 47.0056 0.00646269 4.92479 13.7519 20.0206 58.7475 34.4253 0 
