0 309.952 1.87129 580.071 252.577 308.123 0.767777 70.1673 398.934 35.9706 194.493 204.393 108.58 41.3487 19.5021 51.4141 354.917 4.49153 19.7476 234.397 243.828 1.7005 9.69281 49.5416 254.788 63.2852 38.719 25.8698 
279.095 0 471.629 560.428 453.061 284.396 211.53 287.104 501.711 241.378 101.218 198.478 9.76511 66.3488 94.208 79.8326 314.318 241.043 147.885 25.9209 165.795 5.79014 21.7122 30.515 285.381 80.3307 24.9243 9.69945 
6.55833 16.3326 0 73.0651 20.7418 40.9761 23.4906 218.937 160.746 97.9059 139.937 2.62898 0.00248239 3.7581 34.0147 22.0833 8.95224 155.566 0.0679319 0.469506 37.6873 4.27406 0.292349 7.09731 5.9578 3.00906 12.9936 21.8368 
295.646 559.771 258.051 0 147.497 318.097 143.203 593.674 579.093 51.1473 97.5552 244.882 12.9835 20.7985 23.3787 12.4576 251.278 19.1018 60.7013 38.4133 704.325 15.1167 18.9313 21.9336 277.201 25.8136 22.1642 2.79385 
247.167 531.116 15.8077 48.2231 0 343.72 14.6215 179.234 23.7685 301.203 0.0136803 132.533 176.023 60.5987 50.5113 0.122308 141.787 7.10815 64.9665 87.9151 109.798 14.6924 18.5503 24.6518 51.0698 48.3041 37.0776 6.32812 
272.908 286.057 57.1345 312.931 202.802 0 1202.53 170.413 725.797 873.273 72.1262 121.866 124.653 2.07781 36.6262 9.12176 296.636 3.90278 18.4985 10.8765 31.5742 19.4606 3.09335 8.47772 252.801 13.8192 7.85677 0.0199853 
14.3593 289.347 120.42 3.99017 21.4019 891.316 0 386.962 993.485 105.487 485.608 178.658 214.788 96.8928 51.3254 46.0494 3.54764 199.521 111.153 75.7077 0.471663 46.6558 56.6983 48.4575 26.7974 21.0621 0.899021 0.171296 
0.268194 0.0369321 172.329 386.391 210.531 180.011 30.3566 0 195.556 167.3 309.636 932.403 57.0887 60.7761 174.201 106.837 48.9971 27.3477 48.3238 116.678 6.70995 65.4845 0.941298 100.928 0.0754872 150.262 86.517 134.205 
484.925 371.168 293.762 295.001 355.466 725.838 467.975 206.023 0 2.93539 1727.12 371.467 94.5014 112.609 177.507 141.987 254.043 169.359 51.1424 1.49379 79.6688 2.62123 66.8012 18.2261 269.101 70.5313 62.4291 98.0558 
156.493 25.9875 25.0208 15.3658 267.988 5.01763 55.3233 51.018 307.488 0 511.208 7.09414 226.388 76.7278 92.5022 10.2842 2.54918 144.284 86.5481 16.1726 99.2812 0.276751 18.916 57.5512 63.1609 62.6162 44.8049 55.5799 
94.606 70.259 190.843 84.3795 158.119 136.619 15.7139 368.878 864.77 432.805 0 203.929 141.697 181.602 75.7215 3.15299 75.8212 165.599 27.8023 25.9949 85.9156 76.787 127.358 1.43834 69.6942 24.3016 84.4807 97.1192 
63.0572 223.383 66.4204 27.0685 1.38401 5.4473 60.003 843.643 135.571 205.467 33.3942 0 73.5977 30.1931 8.99791 404.302 45.8692 145.256 82.3348 71.6883 3.93184 31.9508 8.10683 61.1055 48.815 381.553 87.0824 171.285 
22.272 65.8646 49.0262 24.5464 11.8748 44.8373 50.0999 17.4886 195.053 280.632 251.346 27.3379 0 98.4464 99.4569 82.6241 24.9406 100.937 17.9148 38.5231 39.1787 35.3476 8.62777 37.2068 4.131 26.0367 17.3336 11.5439 
24.9374 71.0441 16.714 5.72926 0.0858949 20.6633 41.1818 126.03 140.449 62.2124 202.603 10.1535 146.363 0 55.1543 10.7326 21.9271 3.26499 27.2731 3.75121 40.4264 2.3823 9.39312 0.108067 2.34728 2.57478 1.85643 11.3797 
37.419 96.733 5.27076 22.3568 45.5236 39.3321 137.631 2.49515 19.5556 32.8401 25.3015 215.23 110.529 6.05742 0 4.08287 8.21354 27.2339 28.4365 3.24606 18.8834 10.4338 19.8958 10.9783 10.1777 26.6108 6.84549 10.8395 
5.31818 60.0832 4.09911 41.8593 74.815 23.6016 69.2309 81.8421 3.40948 12.1865 107.919 449.275 23.5306 17.0044 88.2981 0 15.412 47.6023 15.3826 6.27692 39.9217 0.0591624 10.6992 5.13387 37.3177 6.39124 17.6648 1.60848 
310.313 394.654 55.5759 299.829 112.922 307.52 101.651 38.0068 363.306 20.2522 90.257 50.6792 60.4096 4.38418 29.9427 20.3738 0 13.2371 401.477 32.8417 3.32708 20.5567 13.0998 4.93079 252.647 4.24367 21.8795 24.1051 
22.9911 395.23 118.913 39.7399 232.048 19.6946 59.5215 57.9098 60.6961 30.004 32.8743 123.124 81.1517 13.3462 35.6261 39.5856 27.7027 0 13.7078 15.105 110.844 34.1761 42.5862 35.4694 17.165 60.0876 44.9206 39.1392 
21.6482 35.5915 49.4488 56.9553 0.704634 63.814 8.98487 109.372 121.194 110.364 14.9909 7.85411 51.8482 19.5253 2.07684 0.0313751 31.9905 145.963 0 22.874 12.8741 19.4919 3.48142 2.13129 30.8461 27.6947 3.47251 8.88543 
223.37 59.251 1.83535 38.8166 88.7875 6.02552 28.6546 17.6154 101.593 23.9617 7.96074 82.0587 39.4525 0.671459 5.54397 0.0695751 1.01137 41.6629 35.8462 0 11.6501 6.3526 4.11029 6.32932 2.89156 9.96218 9.08826 11.4876 
242.223 160.734 2.14312 68.5972 44.5414 3.17369 117.592 139.436 175.446 93.4052 101.352 165.198 0.128985 1.72249 58.1481 23.4908 58.5698 0.481962 33.8839 187.789 0 24.8723 27.866 0.00268297 56.514 34.2442 8.34353 30.5986 
9.01106 43.3086 0.115553 6.97832 27.7498 3.60605 29.7988 61.0459 45.7336 32.6305 21.2782 4.62026 25.8823 10.1057 13.8212 11.9545 2.37453 28.0321 17.1883 3.17493 32.7892 0 6.99074 13.0076 0.346337 10.7359 12.0549 10.1438 
0.00456361 24.0757 0.624988 19.2486 53.7719 0.108535 35.0833 60.5185 96.4654 1.25604 72.8303 54.3433 57.1156 9.61908 21.8212 1.98889 4.90449 44.6978 0.865241 0.992814 18.7824 5.99769 0 5.77334 0.45094 10.1865 5.74225 6.70931 
1.42821 16.325 13.6753 6.32294 54.5553 16.4535 2.8553 77.8229 37.8339 46.224 26.4536 71.5956 1.40182 2.91782 5.94768 21.3332 19.7029 0.470836 18.4188 2.2502 38.6322 13.4519 19.9614 0 19.439 16.4661 5.3109 5.77469 
289.922 251.323 0.0469054 255.755 0.0300308 251.347 2.60664 148.065 330.696 40.3633 99.2009 360.595 37.5436 15.6754 0.00851415 9.42431 251.64 46.1779 28.6673 13.2029 34.8627 83.5284 14.8609 32.8612 0 110.009 44.6798 37.7155 
66.5737 25.6993 0.168241 0.360692 4.57548 9.80376 92.861 0.425396 70.6341 59.7394 88.3756 100.076 26.7358 0.682569 28.5185 1.60536 4.38726 61.7915 4.18903 11.923 28.8372 0.663795 9.44987 8.12657 11.3547 0 27.1374 53.2527 
30.5693 0.198126 17.0005 0.101265 32.6596 6.55085 1.78978 13.1492 78.4275 18.8244 35.931 8.24775 0.0268054 1.32052 10.8923 6.79079 17.2814 25.0432 24.1748 0.654085 0.0680437 10.6926 3.76302 16.59 48.2563 5.41447 0 23.6541 
42.9943 62.0224 14.6627 0.183907 48.7828 16.86 73.4245 131.721 99.3161 54.191 81.848 109.532 40.7135 10.6414 1.30455 3.48245 24.2876 26.6394 6.09683 0.0130287 46.5086 0.015849 4.72188 13.8945 21.5623 55.7744 26.5193 0 
