0 460.712 8.6943 744.509 261.371 513.125 0.17277 91.9898 576.972 29.2343 193.317 195.376 109.06 39.8133 17.0738 47.7748 549.796 10.0877 23.9508 222.385 243.117 1.35178 8.61368 50.884 452.471 65.9932 39.8536 27.8176 
532.493 0 460.606 759.896 499.975 500.27 139.151 292.125 737.087 242.089 118.713 205.732 13.5217 64.8432 92.5418 81.4188 502.364 159.561 154.995 18.4153 170.322 6.66976 19.9914 32.5519 484.574 78.8761 23.5494 8.31597 
16.9452 75.4373 0 15.1718 11.4483 34.9529 9.24989 192.873 247.192 102.983 117.211 0.375472 0.105623 3.12096 34.0351 22.8785 7.20698 149.403 0.0160306 0.141564 30.2334 3.97755 0.446255 6.49829 7.0211 3.93555 13.5089 21.6073 
535.824 760.044 267.919 0 139.94 513.64 126.394 1169.3 777.408 57.2153 82.5899 231.517 10.892 21.3524 21.3842 15.063 448.033 13.3547 61.5352 35.5058 234.02 14.867 18.6901 21.0182 475.617 28.4171 22.8321 2.10164 
257.448 514.73 26.3132 38.0516 0 380.327 1.72214 188.607 41.7672 277.886 0.866371 125.298 173.138 58.6647 54.9068 0.000187651 146.074 2.7883 94.2 85.2711 113.508 16.1505 16.9293 22.9813 49.1736 50.5783 38.0301 7.33586 
476.072 466.254 60.9813 506.315 247.247 0 585.229 155.478 905.265 249.013 98.3103 113.497 259.509 2.75421 38.2508 10.4312 490.906 1.84118 13.8304 9.83107 28.6821 19.7513 2.62392 7.82799 448.547 12.5992 8.37744 0.000175658 
6.35891 363.912 149.73 0.569321 49.7783 784.268 0 363.969 1261.41 178.61 472.266 197.688 218.043 96.6416 42.0082 40.5536 5.27985 209.69 102.647 79.2707 0.0314316 48.3779 59.0049 45.8563 23.2361 17.2001 1.35692 0.0127843 
3.71878 2.08321 142.686 488.591 204.267 191.887 55.7171 0 113 179.021 331.57 1022.92 51.1883 67.8181 166.788 79.5352 52.1486 33.4517 52.5856 117.305 11.2689 64.8166 2.02916 108.081 1.77256 170.988 89.1042 132.443 
691.846 531.645 206.601 521.489 353.204 906.494 126.958 121.694 0 0.163627 1193.16 388.232 82.8525 118.81 254.539 136.511 451.806 158.992 58.4167 0.580279 88.7602 3.44484 71.1412 15.0063 470.105 62.2652 64.4048 98.865 
155.515 15.6364 18.8919 11.3604 238.206 36.3465 15.3601 39.7816 338.24 0 571.686 2.53881 187.243 79.341 81.9146 7.00547 1.59537 142.294 92.4889 14.298 98.9953 0.696372 16.5007 56.3687 61.0912 65.339 45.4059 56.205 
104.506 55.2068 171.162 99.3738 174.398 108.478 1.72811 373.848 763.86 515.619 0 147.097 159.366 194.482 31.2979 0.101025 73.4186 162.76 32.2599 23.159 91.6272 75.8934 123.591 3.33814 61.3576 32.7872 83.5899 93.8549 
51.2504 222.787 79.9452 14.0137 0.334905 9.45294 77.1877 632.664 170.904 192.066 68.7718 0 66.5643 40.1713 22.8094 468.896 48.3016 142.73 84.7303 68.169 2.00852 29.5667 4.96783 47.3925 90.9072 398.498 81.9163 174.568 
19.1086 72.8594 52 27.2532 17.3941 58.7673 63.4344 21.6318 199.595 248.272 253.804 22.2091 0 81.1114 92.4331 81.0573 26.7325 99.2835 15.38 39.2608 41.2317 40.5756 5.43867 40.6034 5.16351 24.1184 18.2299 12.6259 
23.1675 71.2731 16.6756 6.57764 0.000833606 20.107 46.286 126.32 142.722 66.5131 209.62 16.7842 153.18 0 44.5905 8.54512 22.0049 2.55513 27.114 3.85337 41.1483 1.94796 8.65615 0.00276542 1.82336 2.07011 1.62174 11.181 
40.1955 96.5852 3.87891 24.3354 49.9459 40.4408 133.4 0.320424 12.8661 42.8526 3.07531 237.932 114.585 0.593589 0 16.8923 8.90845 29.527 29.5264 2.9373 17.1877 11.1291 21.6739 13.3229 11.8543 27.922 7.47143 11.8381 
7.32525 56.6436 3.1439 42.583 74.4483 22.6159 63.8865 56.7003 6.90664 16.2561 129.976 373.202 19.3921 15.4007 88.5628 0 16.0397 49.2243 14.5035 6.58826 37.6947 0.138448 11.315 8.36186 36.1898 8.92899 17.2889 1.05258 
510.982 586.794 55.665 494.45 105.005 504.127 99.1668 34.9711 558.648 22.9575 91.5225 53.0774 59.456 4.79502 29.8082 20.8965 0 3.51533 423.488 33.2075 2.57522 20.6926 12.7401 4.56741 449.239 3.78441 21.9942 23.9858 
33.6631 445.372 129.62 48.1481 227.369 25.0449 73.3018 50.425 71.6628 24.6999 38.7853 118.509 78.056 12.013 33.2959 37.6768 48.0318 0 18.8488 18.2019 107.968 34.8779 43.0691 36.5554 15.6564 60.6525 44.9008 38.0569 
25.9908 27.1881 51.7758 58.4139 7.53921 69.1962 13.6681 111.304 127.267 114.17 18.5347 6.22457 48.6937 20.2263 1.54412 0.112833 34.5889 148.322 0 24.0623 11.3159 18.9932 3.09115 2.46388 30.8831 27.1946 3.15655 9.44165 
217.658 69.5698 2.73014 41.3842 86.2821 5.13665 32.9811 13.683 103.414 21.8878 6.23712 84.7661 40.1158 0.761159 5.19438 0.0249808 1.40822 45.6119 35.4642 0 45.4366 6.36911 4.11535 6.34665 2.56227 10.2518 9.26662 11.5057 
237.743 166.065 0.51776 79.0354 39.7516 2.10169 122.163 149.828 170.655 94.8897 106.698 166.884 0.349906 2.22998 58.0596 25.7247 57.2311 1.20618 31.8004 247.477 0 25.3853 26.9455 0.062017 57.4197 32.0653 9.14148 31.9433 
8.26028 44.2823 0.183528 6.58616 26.111 4.16084 27.8039 59.908 43.7888 30.2129 19.0334 3.53095 30.7951 9.79885 13.2208 11.9259 2.12517 27.1697 16.6398 3.05195 32.7341 0 8.09894 12.5785 0.213335 10.7684 11.9034 10.0514 
0.0709063 22.3205 0.839007 19.0902 52.99 0.231859 37.962 55.9417 98.4164 0.611565 64.9225 47.3365 51.2126 9.5979 23.2602 1.33848 4.57325 44.4724 0.665603 1.07714 19.7714 4.93495 0 9.47795 0.501869 10.0463 6.21275 7.00511 
2.10911 18.1509 14.0603 5.36416 53.9051 16.0672 1.88164 69.5368 42.0756 48.3161 20.8915 57.2302 2.51577 2.15346 4.1365 24.4971 19.905 0.257976 17.9351 2.08716 37.5274 13.1047 20.8634 0 14.95 16.2076 4.58268 6.30847 
489.11 447.248 0.20612 453.528 0.190673 447.96 1.44354 159.913 520.661 37.3113 91.2174 1101.15 39.2811 16.0046 0.164536 28.7341 448.135 47.5655 28.2547 13.363 32.957 60.4624 12.5194 37.5422 0 52.6195 153.593 133.964 
69.0336 28.9419 0.4559 0.993535 3.4322 10.9858 95.0921 4.44127 62.3672 56.5922 77.1028 49.914 24.8137 1.00618 29.4943 3.14412 4.874 61.7501 3.64449 11.8247 26.6706 0.808169 9.18472 9.02812 9.12995 0 29.3072 58.2922 
31.8786 0.0665774 16.6247 0.232042 31.5921 6.05884 1.25854 10.6326 78.9626 20.1279 38.7745 5.63526 0.000405308 1.11876 11.5388 6.10787 17.6063 24.1104 24.0845 0.771766 0.0121542 10.9144 4.19486 17.14 43.7901 3.79811 0 35.8393 
41.1793 61.1666 15.4066 0.0395009 49.8444 16.1956 73.529 128.986 98.7667 55.0375 85.9406 97.4375 39.9719 10.8981 1.80067 2.66963 24.2061 25.3847 6.59515 0.0404727 45.6857 0.0386602 4.40747 14.0856 24.0109 50.0153 15.6146 0 
