0 286.938 206.933 199.862 266.534 273.864 23.2337 2.91662 387.051 29.0036 39.3936 200.038 8.78256 37.2897 0.500032 50.3827 236.69 232.532 33.3729 186.842 0.00723293 40.2204 46.961 20.9134 214.719 34.2711 45.5304 53.2192 
583.329 0 186.61 261.284 32.7055 202.932 328.985 287.335 193.26 16.5742 93.2726 2.91199 0.491366 42.9019 90.8014 24.8469 329.677 1084.98 35.7438 25.6352 176.714 13.8437 2.88488 39.2892 260.721 62.001 1.47628 26.6787 
210.343 390.085 0 190.039 187.288 0.975558 36.5221 198.444 250.325 13.191 240.597 37.6456 67.6252 8.97966 32.9791 6.87705 12.9106 3.59759 59.316 1.11982 33.0989 0.106216 12.0669 0.288774 26.5171 27.1235 0.000403233 4.26182 
509.653 258.816 412.823 0 1.10781 241.533 203.191 1122.94 495.241 71.9682 176.713 226.255 0.446506 5.25024 0.45659 38.3235 197.848 135.995 1.09279 6.32243 657.488 0.132175 9.34277 1.86772 235.427 27.1238 21.5993 5.00062 
264.023 208.339 136.423 51.2968 0 131.015 316.484 0.46498 136.72 197.042 115.391 5.19255 0.408941 16.6732 48.4592 14.1229 15.2529 10.8773 300.251 39.5344 131.989 14.2611 10.795 29.3514 15.9683 0.686355 4.80607 0.0493625 
235.159 358.61 56.9632 225.684 751.33 0 605.518 194.201 639.178 388.75 259.34 143.057 650.112 16.1353 13.2527 20.4412 217.241 123.53 62.6288 9.67509 0.0316657 8.82885 4.87521 11.9396 192.666 4.78179 10.588 3.56507 
3.76617 172.772 247.238 92.0704 144.087 505.391 0 181.097 1294.97 103.068 320.541 229.102 0.430552 96.2251 90.282 74.5211 0.22725 230.304 0.90518 0.115011 133.516 61.926 59.0848 1.91372 48.5803 93.9989 19.7408 48.101 
40.3983 0.0561255 239.769 467.823 102.011 27.9039 214.953 0 644.729 11.7417 214.103 838.131 142.429 27.2042 135.481 126.123 99.7384 138.926 87.1148 2.16228 29.1941 53.8032 39.8839 94.9852 188.733 15.6746 99.3365 134.273 
193.105 593.687 203.493 201.485 124.146 637.549 64.618 640.841 0 201.786 960.121 140.566 37.7494 44.6271 63.6028 17.6882 284.509 214.698 51.453 41.9674 29.8787 45.7668 101.704 79.2647 317.864 0.00169986 49.1827 98.3488 
155.464 177.972 107.42 78.2801 149.268 475.651 465.742 215.229 53.5005 0 0.0178186 226.867 214.547 57.2511 26.3812 74.3374 76.6439 144.223 39.4947 16.5721 96.5144 1.87901 23.3207 32.9838 17.339 4.72308 21.6354 25.4095 
180.798 77.6452 222.884 14.0416 260.311 57.6815 279.252 102.326 901.024 14.0207 0 323.777 227.052 70.6734 13.6864 210.836 7.51601 39.4844 7.31347e-05 66.5842 136.084 65.3709 105.509 105.294 17.6446 11.7541 85.2948 3.01284 
57.052 42.4741 15.4826 168.963 87.8144 0.00205019 284.507 136.798 374.245 146.426 479.984 0 7.69301 7.32446 257.289 131.325 4.69425 18.0634 95.6545 94.5992 124.557 0.00509455 122.662 155.754 158.613 32.5305 95.3744 3.94976 
66.2896 23.7955 44.4747 59.8324 171.929 75.9278 150.021 17.5036 67.3037 150.488 84.5681 42.3553 0 56.311 115.033 2.05802 1.28151 106.16 33.0568 2.58146 46.5399 79.3382 0.644817 2.90905 1.18473 55.1686 15.6706 2.99083 
20.4226 62.6711 14.9805 1.17792 25.5271 4.56132 49.4007 9.19947 9.67921 37.8633 106.194 0.0730923 156.334 0 61.9835 14.5 0.09899 53.4972 12.5946 4.30168 21.8396 7.79779 9.63351 0.229726 11.0814 5.49186 11.174 3.55185 
65.4976 80.6294 9.24685 36.6794 43.4741 9.06624 4.5142 114.763 221.245 114.279 55.5449 170.886 47.784 23.0403 0 19.004 21.719 10.9782 34.7545 9.03428 2.0694 3.58523 23.7863 27.8749 14.3986 30.5715 10.5657 7.83347 
5.86153 4.77497 19.6312 33.0115 55.5925 2.20275 92.6877 152.056 122.142 14.2907 157.602 22.214 62.0133 18.916 42.0111 0 24.29 61.2059 28.9119 2.53375 28.4579 10.5724 5.04659 20.2681 33.4255 26.1304 4.58068 0.376783 
195.458 243.409 22.8796 231.212 36.5191 194.179 109.602 1.0809 208.365 72.368 16.6603 7.1038 46.9499 14.6986 22.1504 20.6584 0 7.67469 275.918 23.8235 13.9855 20.2343 14.0458 12.087 208.977 17.7124 5.94157 23.9241 
214.505 369.683 102.375 91.6536 178.884 92.3422 177.91 0.797686 1.78725 29.8077 87.2051 1.89435 97.6731 50.671 53.1341 6.80707 118.178 0 56.6638 69.2221 15.7453 7.15064 29.5465 47.429 57.7627 15.0344 36.7402 0.268457 
35.6435 124.159 3.27222 4.16847 259.294 19.5511 132.712 19.7389 3.07132 69.449 2.35907 13.6901 5.3977 0.209223 0.00931773 21.364 208.008 26.2775 0 11.0414 72.1578 10.4007 10.2474 23.4675 15.6954 28.0794 0.199315 2.24991 
162.447 59.6167 8.65798 44.5936 37.8614 14.7802 20.8894 113.534 74.6788 9.71618 82.058 48.4123 3.37851 1.27592 6.80679 2.09501 22.2867 85.8326 35.2387 0 297.763 6.02303 0.180796 5.81823 10.6638 11.9105 0.87945 9.95927 
2.29042 174.231 1.02531 192.044 4.18911 15.8021 1.78961 30.7562 77.6501 81.1061 143.678 41.3596 1.42822 3.40667 27.9665 34.1147 67.0626 122.438 69.0171 296.669 0 31.6648 0.395809 29.3823 48.9166 62.7082 24.3386 21.0485 
38.4269 49.4202 6.60494 5.91971 53.2788 0.762165 0.596821 60.6254 53.3679 25.9959 6.08912 14.2425 71.99 0.419556 17.4658 1.85019 0.0741365 42.1015 12.9637 1.27572 17.8747 0 9.1971 8.30342 13.5176 10.7373 0.0268993 6.21524 
38.5489 1.92083 11.65 8.12102 4.61643 13.1374 38.0647 8.89712 92.3249 48.988 39.2005 81.1939 36.4664 9.35615 24.751 7.13253 5.83981 15.1252 14.9076 3.65825 39.8906 3.92901 0 9.61576 12.3614 5.04882 0.447967 8.92454 
7.9365 24.6395 14.8002 16.2473 1.09072 3.20026 22.8449 84.254 65.6249 0.625903 126.93 163.524 41.6096 0.949417 6.75418 29.3019 14.1653 4.29843 2.7182 3.70189 38.8999 9.1979 20.8695 0 41.382 15.2001 12.9994 13.5125 
254.977 257.678 16.8371 227.605 19.5098 196.678 80.7475 24.9818 214.055 42.9455 3.21273 1067.02 30.5119 7.90789 29.654 22.1065 211.315 3.67786 6.72828 0.762972 1.27906 2.67389 22.848 21.7412 0 52.4352 163.857 34.885 
30.0971 1.6451 23.7309 0.638442 57.9193 25.763 0.0382057 194.786 0.00248605 65.0914 164.913 272.229 55.1671 12.6447 30.928 19.1125 26.4559 7.39864 4.66002 10.0045 61.4934 0.668726 6.727 1.95744 13.8607 0 37.7532 0.408937 
38.9662 13.3103 13.2704 19.6586 26.1937 4.13867 37.3081 1.42279 21.4343 0.441635 32.6215 13.7679 38.5935 10.9532 14.4901 0.459571 13.3832 41.3273 17.3433 3.58091 41.6243 4.38553 1.47997 3.43585 37.8013 0.352273 0 7.00282 
14.0268 4.61973 1.89983 1.04974 33.3461 7.21405 26.1642 135.379 91.6782 22.0166 47.7157 70.2326 44.8956 0.00216805 19.0849 0.000326006 24.1618 1.74203 4.26446 2.20314 50.4417 5.97518 0.50457 4.94042 13.0861 36.2418 89.2611 0 
