0 396.819 12.2878 674.49 263.749 461 0.768751 100.205 515.201 26.9586 192.656 191.87 109.16 39.2509 16.2333 46.4579 493.961 12.603 25.5248 222.575 242.177 1.23661 8.2403 51.3387 397.771 66.9125 40.2495 28.5163 
503.84 0 445.579 703.031 511.95 452.801 115.569 293.173 695.029 241.65 125.041 208.047 14.9959 64.262 91.8499 81.913 444.229 754.368 157.274 15.9983 171.723 6.99677 19.3846 33.2781 430.367 78.2943 23.0604 7.84383 
21.7233 105.074 0 8.49691 8.75225 32.7782 5.68777 182.877 278.336 104.594 109.08 0.0632133 0.210474 2.90443 33.9828 23.1329 6.62269 146.802 0.070169 0.070505 27.7067 3.87305 0.508778 6.28611 7.41517 4.29153 13.69 21.5122 
498.673 703.467 221.641 0 136.953 457.961 120.18 829.892 720.582 59.3744 77.3304 225.841 10.1819 21.5341 20.6666 16.0223 392.995 11.5258 61.779 34.4075 339.252 14.7743 18.5931 20.6767 421.113 29.3278 23.0623 1.87665 
260.382 503.49 30.6061 34.6202 0 381.956 0.167183 191.731 49.2545 268.298 1.70103 122.644 171.845 57.9397 56.4634 0.0112948 147.394 1.7213 105.383 84.2377 114.764 16.6815 16.3605 22.389 48.4804 51.373 38.3636 7.71116 
423.445 406.339 62.1379 449.9 901.871 0 655.918 149.814 836.937 749.688 108.121 110.383 289.498 3.01554 38.7643 10.9073 434.911 1.28782 12.2975 9.46143 27.6625 19.8442 2.46384 7.59725 393.126 12.1654 8.56464 0.0046915 
4.26296 388.772 159.946 0.0953221 62.4045 695.104 0 354.105 1299.95 207.05 464.206 204.237 218.699 96.4206 38.809 38.6194 5.97742 212.949 99.5257 80.4715 2.14697e-05 48.9768 59.7946 44.9124 22.0046 15.8958 1.54269 3.06789e-05 
5.90324 3.56727 131.977 510.999 201.75 195.602 66.336 0 87.8237 182.963 338.448 1029.78 49.1169 70.3234 163.729 70.3057 53.2725 35.7474 54.1164 117.391 13.1652 64.5544 2.51561 110.506 2.91445 177.952 89.9725 131.633 
639.886 464.726 175.848 478.393 351.065 838.56 52.1223 95.6898 0 1.34777 1570.46 392.768 78.748 120.915 257.245 134.307 397.151 155.141 61.0632 0.356256 92.0225 3.76476 72.653 13.9188 416.645 59.3369 65.0882 99.0806 
154.955 12.5306 16.8698 10.0589 226.721 65.7603 6.93186 36.0334 347.661 0 586.195 1.46189 172.829 80.1444 78.0157 5.97443 1.30764 141.437 94.5271 13.6469 98.8391 0.891752 15.6627 55.9014 60.3062 66.2514 45.6045 56.3964 
108.029 50.1551 163.656 104.76 180.047 98.6604 0.130819 374.353 697.462 539.786 0 128.109 165.537 198.35 19.7444 0.0417092 72.5373 161.61 33.9063 22.1711 93.6437 75.5364 122.049 4.20243 58.4122 36.0509 83.2281 92.6168 
47.2427 222.242 84.8645 10.3271 0.133125 11.1322 83.6599 548.786 183.827 186.951 84.0053 0 64.075 43.9726 29.1305 483.091 49.1674 141.734 85.5527 66.8793 1.47492 28.7232 4.02473 42.77 91.9689 399.508 80.0235 175.337 
18.0249 75.3634 53.035 28.2344 19.5924 61.0504 68.4265 23.1999 200.912 235.417 254.068 20.4857 0 74.8387 89.7405 80.3765 27.3772 98.6415 14.5111 39.5103 41.9636 42.4617 4.4662 41.8056 5.55724 23.437 18.5508 13.0195 
22.539 71.3025 16.6439 6.88927 0.020704 19.8865 48.1179 126.233 143.262 67.9656 211.253 19.5089 154.713 0 40.0667 7.77212 22.0271 2.32164 27.0466 3.8889 41.3926 1.80111 8.2942 0.00213828 1.65029 1.90067 1.54112 11.1036 
41.1816 96.4274 3.42684 25.0315 51.522 40.7611 131.591 0.0412407 11.2535 46.6047 0.321882 244.898 115.743 0.0235543 0 23.1119 9.16065 30.3519 29.9052 2.82951 16.5931 11.3739 22.2371 14.1689 12.4658 28.3391 7.69767 12.1948 
8.11182 55.3872 2.82904 42.7556 74.2631 22.2416 61.9408 48.5151 8.43735 17.8207 137.755 339.953 17.9814 14.7521 86.3174 0 16.2623 49.7856 14.1901 6.69758 36.8909 0.174726 11.5065 9.63283 35.7058 9.90092 17.1434 0.881133 
457.282 529.871 55.6433 438.58 102.086 448.944 98.2092 33.9008 502.994 23.9496 91.936 53.9274 59.0942 4.94498 29.7508 21.0787 0 1.53546 126.462 33.3226 2.3291 20.7376 12.6104 4.44005 394.106 3.62576 22.0321 23.9386 
37.8852 449.997 133.179 51.2529 225.236 27.0723 78.4173 47.8285 75.6954 22.905 40.9805 116.801 76.9222 11.5489 32.4647 36.9879 56.3743 0 20.8547 19.3598 106.881 35.1226 43.2294 36.9354 15.1283 60.8273 44.8843 37.6629 
27.611 24.4083 52.5586 58.8866 11.6931 71.0177 15.5552 111.925 129.323 115.383 19.8762 5.68543 47.5582 20.4716 1.37218 0.154102 37.2081 148.95 0 24.4805 10.7792 18.8119 2.95647 2.58782 30.8871 27.0078 3.04681 9.64218 
213.937 73.2745 3.08791 42.2181 85.2963 4.83172 34.5616 12.3828 103.968 21.1552 5.66863 85.6755 40.338 0.794298 5.07006 0.0144583 1.56513 47.0204 35.3085 0 62.0318 6.37386 4.11604 6.35059 2.4484 10.351 9.32863 11.5084 
235.482 167.766 0.205026 75.4268 38.0781 1.77072 123.709 153.414 168.762 95.3707 108.562 167.332 0.454876 2.42627 58 26.5306 56.7363 1.54315 31.0598 266.376 0 25.5656 26.6126 0.102037 57.7169 31.2857 9.43305 32.4192 
7.99802 44.6179 0.211536 6.44702 25.5275 4.36617 27.0946 59.4816 43.0867 29.3492 18.2523 3.17565 32.6012 9.67857 12.999 11.9076 2.03909 26.859 16.4418 3.00806 32.7091 0 8.49351 12.4104 0.188663 10.7764 11.8463 10.0162 
0.113712 21.6991 0.922516 19.0223 52.6874 0.286945 38.9884 54.2953 99.0197 0.436458 62.0989 44.879 49.0751 9.47204 23.6885 1.13358 4.4569 44.3788 0.600452 1.1078 20.1249 4.56802 0 10.8601 0.571657 9.9879 6.38156 7.109 
2.38315 18.8169 14.1889 5.03597 53.6504 15.9201 1.58164 66.5709 43.6067 49.0334 19.0331 52.312 2.98902 1.90105 3.5553 25.4726 19.9734 0.197279 17.7591 2.02969 37.122 12.9645 20.8419 0 13.432 16.0928 4.33149 6.50052 
434.894 391.924 0.290089 398.852 0.281549 392.849 1.10961 163.803 463.128 36.2173 88.3029 672.137 39.8896 16.1053 0.267583 36.8314 392.968 48.0476 28.0996 13.4146 32.2734 45.2722 11.6986 40.3215 0 32.9993 119.548 135.309 
69.8589 30.1224 0.592086 1.29383 3.06164 11.4137 95.783 6.88125 59.4383 55.4248 73.0929 35.5903 24.1302 1.13565 29.7847 3.80466 5.05268 61.7073 3.45794 11.7836 25.9018 0.86288 9.08315 9.34867 8.39041 0 30.0413 59.7257 
32.3422 0.0365474 16.485 0.291577 31.2072 5.88572 1.09095 9.79081 79.1179 20.5965 39.7952 4.81668 0.0009711 1.05032 11.7682 5.86846 17.7205 23.7765 24.0481 0.81597 0.00318569 10.9912 4.35226 17.323 42.1352 3.28238 0 40.4486 
40.5201 60.8341 15.6671 0.0135658 50.2084 15.9534 73.5224 127.838 98.4967 55.3094 87.3471 93.0628 39.6944 10.9837 1.99556 2.40197 24.1723 24.9366 6.77632 0.0539318 45.3776 0.0492225 4.29573 14.1446 24.8914 47.6781 12.2725 0 
