0 295.921 16.0164 563.166 265.534 367.049 1.66742 107.75 412.591 24.9731 191.953 188.592 109.217 38.739 15.4897 45.2665 396.638 15.0914 26.9722 224.832 241.025 1.13719 7.90975 51.7363 301.529 67.7177 40.6014 29.1461 
433.308 0 427.485 603.592 520.377 363.338 95.7185 293.776 609.698 240.945 130.755 210.001 16.3809 63.72 91.1846 82.3246 344.907 536.647 159.2 13.9512 172.884 7.29675 18.8424 33.9307 334.549 77.7435 22.6216 7.42922 
26.4685 134.639 0 9.63948 6.62198 30.823 3.20615 173.649 305.754 105.948 101.807 0.00546731 0.33529 2.71486 33.9091 23.3479 6.11522 144.292 0.151534 0.0274812 25.5017 3.77965 0.568398 6.09613 7.7758 4.62255 13.8516 21.4208 
418.975 604.284 158.116 0 134.145 360.743 114.524 238.453 621.38 61.3097 72.6561 220.361 9.5598 21.6903 20.0197 16.8957 296.446 9.98567 61.9737 33.396 455.018 14.6893 18.5009 20.3634 325.018 30.1367 23.2654 1.68442 
262.677 491.098 34.6908 31.635 0 380.789 0.164055 194.435 56.43 259.172 2.68881 120.226 170.565 57.2726 57.8558 0.0459232 148.484 0.978828 115.692 83.2695 115.862 17.1636 15.8536 21.8582 47.8501 52.0797 38.6606 8.05564 
329.114 305.906 63.0741 352.038 489.047 0 867.93 144.595 725.472 183.647 117.088 107.53 173.726 3.25919 39.195 11.3388 337.471 0.87338 10.9834 9.13103 26.7519 19.9228 2.32335 7.39043 296.222 11.7765 8.73357 0.0139692 
2.7292 409.978 168.929 0.00860946 74.7683 598.786 0 344.552 1305.07 233.193 455.542 209.995 219.06 96.163 35.9982 36.895 6.64 215.704 96.6862 81.518 0.0284387 49.5081 60.4891 44.0572 20.9161 14.7575 1.71978 0.00831398 
8.28837 5.23686 122.367 519.323 199.364 198.691 76.5261 0 67.5029 186.391 344.176 1024 47.2713 72.5686 160.803 62.3117 54.2827 37.8622 55.4966 117.406 14.9889 64.308 2.99688 112.625 4.17935 183.98 90.7277 130.824 
545.849 358.056 149.067 393.07 348.549 727.429 12.1911 74.5475 0 3.38698 1313.58 396.169 75.0873 122.757 246.952 132.219 300.958 151.617 63.4622 0.201022 94.9605 4.06416 73.9947 12.9695 321.542 56.7188 65.6929 99.2412 
154.357 10.0148 15.1314 8.94876 216.092 98.534 2.15382 32.7892 355.362 0 595.743 0.744095 159.806 80.8067 74.4734 5.1119 1.0728 140.602 96.3203 13.0698 98.6742 1.08794 14.9209 55.4614 59.5799 67.0439 45.7759 56.5542 
111.188 45.7677 156.732 109.6 185.04 90.0015 0.246456 374.233 629.084 558.609 0 111.791 171.008 201.476 11.5213 0.454153 71.7344 160.515 35.4099 21.2942 95.4458 75.1983 120.577 5.06214 55.782 39.0831 82.883 91.471 
43.7398 221.603 89.3148 7.47221 0.0296893 12.7516 89.6124 472.438 195.523 182.217 98.7467 0 61.8474 47.4872 35.3948 491.378 49.9448 140.798 86.2773 65.7049 1.06447 27.9683 3.25833 38.7538 83.737 398.108 78.3013 175.844 
17.0717 77.6169 53.9526 29.1226 21.6678 61.201 73.0073 24.6493 201.957 223.391 254.028 18.9851 0 69.2107 87.2447 79.7106 27.9591 98.0413 13.7465 39.7284 42.6215 44.1636 3.66904 42.8808 5.92261 22.8259 18.8399 13.3768 
21.9755 71.3053 16.6073 7.17327 0.0611883 19.6786 49.7673 126.069 143.624 69.2318 212.318 22.112 155.672 0 35.8012 7.08681 22.0446 2.12067 26.9813 3.92043 41.6062 1.67289 7.92986 0.0182642 1.5011 1.75331 1.47004 11.031 
42.0657 96.2384 3.04134 25.6519 52.937 41.0144 129.835 0.0153287 10.1613 50.0431 0.252144 250.595 116.65 0.162338 0 29.2338 9.38931 31.0965 30.2411 2.73369 16.0634 11.5923 22.7082 14.93 13.0207 28.6901 7.90239 12.5156 
8.85023 54.2453 2.55806 42.8718 74.0724 21.8954 60.1769 41.5764 9.93759 19.2754 144.661 308.245 16.7455 14.1397 83.3061 0 16.4617 50.2826 13.9083 6.79501 36.1643 0.210904 11.6652 10.8142 35.2353 10.7997 17.0077 0.739407 
361.911 431.523 55.5996 341.251 99.4236 352.224 97.3165 32.9444 405.842 24.8531 92.2904 54.689 58.7592 5.08135 29.695 21.2405 0 0.442634 374.611 33.4191 2.11784 20.7765 12.4932 4.32655 297.457 3.48542 22.0646 23.8942 
41.8561 448.834 136.249 54.085 223.115 28.9453 83.0932 45.5295 79.3699 21.3373 42.9915 115.237 75.8898 11.1369 31.7176 36.3651 64.3054 0 22.7322 20.4235 105.876 35.34 43.3682 37.2738 14.6581 60.9724 44.8651 37.3052 
29.0974 22.015 53.24 59.2899 16.1727 72.6057 17.3459 112.452 131.119 116.407 21.1161 5.21983 46.5333 20.6901 1.22578 0.196693 40.4915 149.417 0 24.8538 10.3053 18.6473 2.83752 2.70166 30.8865 26.8361 2.94947 9.82345 
209.868 76.6032 3.42628 42.9283 84.3693 4.56329 35.9975 11.262 104.422 20.5001 5.17858 86.4672 40.5313 0.824607 4.95849 0.00743045 1.71309 48.2852 35.1599 0 78.62 6.37763 4.11616 6.35313 2.34764 10.4383 9.38366 11.5093 
233.159 169.201 0.0451365 69.7533 36.5902 1.49657 125.061 156.577 166.981 95.781 110.216 167.665 0.561 2.60958 57.9338 27.2585 56.2838 1.88142 30.395 281.81 0 25.7265 26.3112 0.146501 57.9724 30.5843 9.69832 32.8454 
7.76468 44.9145 0.23842 6.32231 25.0033 4.55403 26.4581 59.0891 42.4518 28.5725 17.5592 2.8713 34.246 9.56571 12.7963 11.8875 1.96299 26.5781 16.2628 2.9686 32.6841 0 8.8466 12.2528 0.176732 10.7819 11.7935 9.98354 
0.160821 21.1428 1.00081 18.9561 52.4049 0.341438 39.9103 52.8107 99.5199 0.303953 59.5649 42.6932 47.1448 9.3072 24.0328 0.962372 4.35305 44.2887 0.54462 1.13562 20.4431 4.24485 0 12.0984 0.657492 9.9317 6.53367 7.20163 
2.64341 19.4221 14.3006 4.74747 53.4111 15.7838 1.33346 63.9056 44.99 49.6645 17.4222 48.0012 3.44819 1.68447 3.06477 26.2688 20.0331 0.149573 17.5993 1.97832 36.7524 12.8312 20.6665 0 12.1162 15.9797 4.10972 6.67381 
339.062 295.124 0.377771 302.627 0.378364 296.225 0.846178 167.136 364.309 35.2323 85.6575 288.103 40.4316 16.1882 0.381431 43.5557 296.288 48.4749 27.9566 13.4585 31.6573 31.8296 10.97 43.241 0 22.7731 68.323 113.494 
70.5768 31.1936 0.729496 1.59685 2.74547 11.8011 96.3562 9.5162 56.8194 54.3565 69.5039 24.5931 23.5167 1.25819 30.019 4.44543 5.21562 61.6561 3.29374 11.7439 25.213 0.913531 8.98878 9.63595 7.75184 0 30.6815 60.8356 
32.7574 0.0171576 16.3568 0.350902 30.8593 5.7312 0.9502 9.05981 79.2414 21.0193 40.7156 4.13275 0.00598006 0.990383 11.9738 5.65526 17.8224 23.4756 24.0135 0.856729 6.4664e-05 11.0592 4.4952 17.4814 40.628 2.84764 0 44.65 
39.9222 60.523 15.899 0.00179858 50.5289 15.7334 73.4967 126.729 98.2208 55.5402 88.5863 89.1146 39.4391 11.058 2.17872 2.17186 24.1399 24.5336 6.94078 0.0676853 45.094 0.0598137 4.19551 14.1934 25.6835 45.4714 9.56144 0 
