0 583.33 72.264 548.831 264.719 547.827 27.6595 184.867 513.284 9.14851 179.915 151.588 108.155 33.4896 8.95662 33.5491 543.967 49.4052 42.376 224.904 215.383 0.381406 4.98059 55.0109 462.185 74.3369 43.8038 35.2929 
885.309 0 129.716 678.625 479.217 596.199 0.214687 282.734 844.888 219.236 185.315 222.202 32.5099 57.5493 82.6987 84.6354 476.707 359.322 171.275 1.1273 179.023 10.4919 13.7806 40.1964 498.289 71.0827 18.4138 3.91624 
89.2486 430.678 0 247.251 1.5747 13.1702 16.1948 81.5048 471.801 113.935 38.3118 10.3996 3.04663 1.15928 31.8951 24.7091 2.14931 112.732 2.54551 0.651513 8.14352 2.90466 1.31092 4.31265 11.531 8.31411 15.3493 20.2468 
738.731 681.275 140.877 0 102.001 507.499 59.8565 504.039 706.388 79.2921 31.9798 152.869 4.41413 22.8252 13.7841 25.6201 454.026 0.655587 62.6259 22.8154 649.052 13.7842 17.3707 17.0481 485.55 37.2641 25.0395 0.340871 
267.034 287.177 82.5985 8.7415 0 417.309 66.2823 214.869 143.118 154.647 23.6257 95.5796 152.704 50.1043 70.795 1.60293 154.002 4.69292 217.513 72.103 124.862 22.0564 11.1844 16.8221 41.4151 58.4887 41.3952 11.7369 
509.828 453.291 66.497 493.668 381.532 0 595.11 90.4974 644.005 431.634 203.179 78.1091 521.128 6.00948 41.7093 15.6153 484.976 1.0602 1.85607 6.06425 18.3116 20.4356 1.14376 5.43112 449.89 8.11011 10.3985 0.363169 
5.75084 525.883 236.269 15.7283 227.847 122.074 0 226.95 319.521 458.493 314.567 257.245 211.154 90.8055 13.048 21.2823 14.7511 232.891 68.2346 89.8394 3.11372 54.2721 66.3779 35.5171 11.4305 5.6399 3.93243 1.0705 
50.7756 37.1682 39.3653 430.978 170.687 214.764 197.56 0 13.3038 212.828 374.156 499.227 30.4194 93.4497 125.088 7.14582 64.0006 60.5911 68.9554 114.463 38.1401 61.3928 9.76943 129.524 27.5189 226.62 96.718 119.162 
714.153 452.643 0.0761343 669.365 296.975 647.336 831.275 10.2973 0 67.9466 1079.95 394.06 42.0083 137.682 305.461 107.366 462.497 115.134 87.2863 1.00769 123.167 7.53862 85.9214 5.30224 494.147 32.7404 71.0371 99.1376 
144.008 0.325487 2.8309 1.40832 107.922 448.562 93.1547 8.51217 385.765 0 509.078 6.35678 46.3763 84.0894 40.2526 0.187706 0.00054185 129.409 111.348 7.93789 95.8725 3.9874 8.39751 50.2492 51.6199 73.2183 47.0754 57.3608 
140.783 12.448 86.0951 154.367 227.622 21.6583 74.8284 345.138 193.721 567.439 0 7.15699 218.049 212.569 47.6936 26.6539 63.4541 147.003 51.0082 13.4223 112.209 71.0873 102.455 17.281 31.8353 72.1917 78.5764 78.9153 
15.6883 208.187 131.856 4.09604 2.90984 33.4026 151.572 0.35287 304.932 131.376 275.46 0 41.114 84.7845 117.704 352.924 57.4072 129.726 92.5235 53.7257 0.577874 20.8615 0.033158 8.77132 88.2122 282.583 60.8574 171.531 
8.94441 99.1716 62.0996 37.9644 46.2014 3.59858 120.18 40.4943 204.953 99.2005 240.022 7.09925 0 20.9559 60.4535 70.7585 33.6954 91.1093 7.22023 41.526 48.9694 60.5083 0.00257168 52.8351 10.0053 17.0237 21.6659 16.9997 
16.6221 70.16 15.8579 10.084 1.57438 17.2208 65.5196 120.286 140.946 79.1868 202.371 53.7416 143.95 0 1.81904 1.62349 22.0893 0.625464 26.1122 4.20461 43.3683 0.643465 3.36495 0.977493 0.398225 0.600423 0.854095 10.1871 
50.4213 92.0969 0.445575 31.2825 66.3237 41.6809 107.101 10.8048 17.6738 84.6366 108.804 273.028 118.48 28.3265 0 85.0833 11.6961 38.4067 33.248 1.86299 11.1989 13.6036 25.2423 21.9014 18.5163 30.7973 9.93731 15.5815 
17.4339 42.7261 0.592887 42.0394 71.0308 18.1209 42.7375 1.14323 30.1065 35.3074 202.192 30.4339 6.64867 7.44714 25.7958 0 18.3599 54.678 11.1936 7.69145 28.9872 0.73643 12.4711 22.4677 29.1365 20.1117 15.4534 0.00639312 
529.422 566.886 53.9861 489.776 72.3884 506.103 87.1889 24.0212 555.148 34.1161 94.8504 61.9179 55.0424 6.47824 28.9428 22.7102 0 23.851 311.273 34.0013 0.573613 21.0754 11.3241 3.27741 453.273 2.24303 22.3113 23.3606 
87.4232 452.54 158.176 82.671 193.229 49.1309 130.679 25.3336 116.541 8.64748 64.0838 98.8846 65.3101 7.42234 24.534 30.1943 154.835 0 44.1668 31.7152 94.8686 37.3184 44.4424 40.3805 10.35 61.7699 44.4665 33.6698 
44.7829 4.73646 58.6195 62.0631 90.7589 85.0045 38.8976 115.959 145.62 122.797 34.6806 1.68693 36.4904 22.692 0.224361 0.881653 120.385 149.025 0 28.3126 6.16668 16.9761 1.78942 3.92283 30.6737 24.9874 2.07181 11.6278 
141.569 107.39 7.44001 47.5832 73.5445 2.28191 50.4046 2.97087 106.582 14.3867 1.51898 92.7604 42.0731 1.14319 3.89188 0.0608025 3.48175 60.2926 33.2961 0 265.661 6.38873 4.09243 6.32731 1.45714 11.1846 9.88013 11.435 
197.468 178.193 4.51864 83.6306 23.1526 0.0277132 136.049 183.577 146.044 98.6329 125.064 167.385 2.17393 4.72142 56.6688 34.4385 51.5296 6.8865 24.0373 319.512 0 27.2275 23.2927 0.998934 59.8502 23.804 12.4217 36.8781 
5.62989 47.518 0.582942 5.13303 19.9683 6.52418 20.3862 54.8408 36.1417 21.1232 11.3339 0.690031 50.7769 8.25824 10.6915 11.5137 1.28913 23.7866 14.4784 2.58551 32.3203 0 12.0431 10.4326 0.565286 10.7527 11.2143 9.61642 
1.0449 15.8954 1.91168 18.0654 49.1561 1.11192 48.7046 38.4116 102.197 0.270825 35.897 23.1823 28.6579 5.68764 25.1553 0.0193309 3.38599 43.1224 0.140697 1.41785 23.5362 1.57461 0 20.5661 2.59275 9.20913 8.01485 8.05689 
5.84093 25.5684 15.1731 2.31203 50.5939 14.2693 0.0201729 38.8717 58.5582 55.0276 5.14277 13.9801 9.48736 0.215708 0.144001 29.0843 20.5268 0.0307559 15.9746 1.49756 32.9333 11.2115 12.545 0 2.90671 14.4145 2.19186 8.36964 
502.446 450.53 1.81947 463.192 2.06379 452.601 0.152845 189.819 498.831 25.7384 59.4461 562.823 45.389 16.5993 2.5058 22.4936 451.819 52.3085 26.3962 13.758 25.6426 81.1035 4.68608 74.6684 0 77.6376 27.3606 117.351 
76.2351 41.9427 2.77586 6.08081 0.547882 15.6289 99.4247 54.4592 32.827 43.2552 36.8024 26.652 17.6735 2.72767 30.8932 12.4981 6.90658 60.5327 1.88071 11.2279 18.6938 1.47511 7.93286 12.3108 3.0981 0 35.696 61.7781 
36.693 0.209193 14.9917 1.21162 27.3978 4.29281 0.0839873 3.32657 79.6317 25.1801 49.7069 0.187152 0.27886 0.491356 13.9224 3.70958 18.7732 20.5334 23.584 1.30172 0.216358 11.6651 5.94183 18.6936 26.0287 0.195268 0 81.3345 
33.9043 56.9168 18.0139 0.462769 53.2939 13.5001 72.2666 112.442 93.9255 57.0816 99.1794 51.6213 36.684 11.6373 4.3241 0.505372 23.7215 20.6219 8.61099 0.28308 42.0254 0.216938 3.24019 14.4555 33.0148 21.7399 1.27198 0 
