0 585.394 73.0519 546.084 264.519 547.168 28.1214 185.735 511.793 9.01 179.726 151.127 108.126 33.428 8.89089 33.4174 542.933 49.8852 42.5616 223.546 214.954 0.3751 4.95059 55.0414 461.329 74.398 43.8376 35.3622 
887.435 0 126.354 676.349 477.527 596.15 0.340343 282.437 844.474 218.845 185.9 222.265 32.7169 57.4709 82.5832 84.6434 475.543 438.202 171.338 1.06249 179.037 10.5307 13.726 40.2659 497.457 70.9947 18.3671 3.88228 
90.0683 432.819 0 249.921 1.68572 12.9975 16.7175 80.5292 472.118 113.968 37.7184 10.6274 3.09247 1.145 31.8594 24.7165 2.11532 112.316 2.58892 0.669322 7.99664 2.89515 1.32094 4.29339 11.5754 8.36005 15.3653 20.2307 
739.279 679.013 139.156 0 101.6 506.443 59.277 722.401 704.271 79.4818 31.5893 152.007 4.36607 22.8339 13.7156 25.7181 453.135 0.612467 62.6201 22.6924 652.699 13.7732 17.3556 17.0084 484.676 37.3348 25.0572 0.331356 
266.892 284.37 83.1937 8.55676 0 417.145 67.6439 215.033 144.219 153.399 23.9737 95.2934 152.45 50.0171 70.9324 1.6331 154.01 4.84833 218.575 71.9606 124.945 22.1135 11.1347 16.7669 41.3397 58.5557 41.4245 11.7818 
509.205 452.582 66.4736 492.569 413.514 0 754.103 89.8809 640.074 500.597 204.062 77.7673 466.812 6.04401 41.7193 15.6636 483.958 1.1065 1.79474 6.03162 18.2215 20.4387 1.13253 5.40973 448.951 8.07041 10.4175 0.369796 
5.97207 526.026 236.74 16.0702 229.732 130.392 0 225.465 306.587 460.231 312.553 257.667 210.948 90.7162 12.844 21.1217 14.8592 232.978 67.9118 89.9124 3.17766 54.3212 66.4347 35.4192 11.3362 5.55917 3.96244 1.09265 
51.4351 37.6796 38.6193 431.647 170.312 214.79 199.055 0 14.3089 213.046 374.207 490.749 30.2423 93.6702 124.624 6.81601 64.1086 60.8671 69.1064 114.398 38.4528 61.3546 9.86682 129.671 27.8871 226.901 96.7709 118.994 
713.234 451.465 0.0173449 669.766 296.142 643.398 845.803 11.1858 0 69.0821 967.755 393.668 41.67 137.815 306.611 107.045 461.655 114.707 87.556 1.04101 123.476 7.5836 86.0425 5.23298 493.432 32.4919 71.0914 99.119 
143.846 0.375973 2.74506 1.35928 106.75 450.633 95.4352 8.32199 385.61 0 506.409 6.55026 45.3769 84.0924 39.8881 0.169991 0.00124926 129.251 111.489 7.88545 95.8285 4.0302 8.33194 50.1813 51.5219 73.2709 47.0861 57.3622 
141.099 12.1819 85.3157 154.827 228.025 21.1148 76.3514 344.533 190.407 565.675 0 6.66362 218.496 212.483 49.2468 27.1627 63.356 146.822 51.1927 13.3411 112.388 71.0325 102.216 17.4565 31.5882 72.5912 78.5182 78.7605 
15.4431 207.963 132.309 4.31691 2.98264 33.6816 152.289 0.108672 306.05 130.771 277.606 0 40.8928 85.2222 118.776 349.551 57.4901 129.581 92.5853 53.5861 0.609199 20.7843 0.0419237 8.54419 91.0112 280.464 60.6562 171.386 
8.86551 99.4072 62.1821 38.0656 46.5178 3.25493 120.722 40.6895 204.911 97.8777 239.726 6.99523 0 20.5301 60.1367 70.6336 33.7606 91.0201 7.15684 41.5428 49.0402 60.6862 0.00536355 52.9403 10.0566 16.9601 21.6979 17.042 
16.5634 70.1349 15.8455 10.118 1.60303 17.1889 65.691 120.178 140.852 79.2715 202.053 54.1507 143.608 0 1.65823 1.58034 22.0885 0.61347 26.1 4.20758 43.3848 0.63432 3.31254 0.996162 0.389628 0.590583 0.847971 10.1762 
50.5122 92.0267 0.429135 31.3407 66.4688 41.6694 106.794 11.0378 17.9445 85.0196 110.934 272.911 118.426 28.8121 0 85.4075 11.7229 38.4895 33.2791 1.85385 11.1472 13.6249 25.2476 21.9715 18.578 30.8066 9.96062 15.6152 
17.5441 42.5933 0.57819 42.0097 70.9844 18.0747 42.5414 1.01232 30.3861 35.5029 202.696 28.6773 6.55745 7.37104 25.1209 0 18.3809 54.7227 11.1634 7.70097 28.9057 0.744146 12.472 22.5842 29.0541 20.2164 15.4336 0.0050463 
528.625 565.7 53.9557 488.768 72.0782 505.149 87.0606 23.9249 554.139 34.2249 94.8698 61.9972 54.9959 6.49471 28.9322 22.7257 0 24.4508 344.986 34.0041 0.561607 21.078 11.3106 3.26619 452.354 2.23032 22.3133 23.3535 
87.9926 453.672 158.33 82.9952 192.805 49.3743 131.222 25.1315 116.967 8.53322 64.3353 98.6896 65.1859 7.38362 24.4544 30.124 155.914 0 44.4372 31.851 94.7323 37.3393 44.4516 40.4135 10.3043 61.7724 44.4598 33.6272 
44.9701 4.61 58.6662 62.0819 91.8508 85.1079 39.1786 115.982 145.749 122.831 34.848 1.65775 36.3772 22.7132 0.217545 0.892191 121.654 148.969 0 28.3495 6.12509 16.9565 1.77876 3.93777 30.6691 24.9648 2.06264 11.6485 
140.587 107.708 7.49179 47.6102 73.4053 2.25991 50.5694 2.90609 106.582 14.321 1.48956 92.8158 42.0869 1.14702 3.88009 0.0626782 3.50508 60.4236 33.2709 0 267.464 6.38859 4.0919 6.32649 1.44807 11.1919 9.88531 11.4333 
196.944 178.241 4.63102 85.2557 23.0129 0.0238412 136.149 183.836 145.773 98.653 125.217 167.345 2.19818 4.7486 56.6481 34.5198 51.4724 6.96058 23.9671 318.627 0 27.2438 23.2578 1.01293 59.8649 23.7285 12.4539 36.9222 
5.60723 47.5444 0.587698 5.11991 19.9124 6.54778 20.3194 54.7886 36.0693 21.041 11.2695 0.673727 50.9646 8.24153 10.6666 11.5076 1.28222 23.7545 14.4578 2.58119 32.3149 0 12.0753 10.4094 0.574835 10.7515 11.2071 9.61177 
1.05931 15.8382 1.92345 18.0529 49.1143 1.12305 48.8011 38.2516 102.204 0.28362 35.6469 22.9853 28.4585 5.63333 25.1438 0.0167256 3.37551 43.1062 0.137608 1.42115 23.5711 1.55055 0 20.5988 2.62542 9.19922 8.03145 8.06602 
5.88368 25.6402 15.1806 2.28874 50.5571 14.2504 0.0170251 38.6058 58.7103 55.0793 5.04267 13.6975 9.57086 0.206723 0.132171 29.06 20.5314 0.033039 15.9555 1.49234 32.888 11.1902 12.4092 0 2.84906 14.3923 2.17299 8.38873 
501.607 449.618 1.8417 462.332 2.09049 451.691 0.16472 189.962 497.674 25.6335 59.1517 790.156 45.4413 16.5997 2.53992 21.6495 450.897 52.3482 26.3769 13.76 25.5748 81.9034 4.62647 74.8651 0 75.4328 25.8123 114.368 
76.2843 42.0661 2.80597 6.14628 0.532449 15.6723 99.4325 55.1356 32.5782 43.1243 36.4684 27.8228 17.6093 2.74689 30.888 12.6026 6.92674 60.5135 1.86676 11.2208 18.6227 1.48216 7.91962 12.3391 3.0637 0 35.7382 61.6838 
36.7362 0.215349 14.9752 1.22425 27.358 4.27728 0.0795272 3.2769 79.6276 25.2274 49.8081 0.171682 0.284272 0.486626 13.9438 3.68915 18.7835 20.5001 23.5782 1.30724 0.221381 11.6713 5.95862 18.7036 25.8735 0.182747 0 81.6427 
33.8346 56.8702 18.0361 0.473963 53.3213 13.4741 72.2425 112.247 93.8606 57.0915 99.2822 51.222 36.6502 11.6423 4.35187 0.492902 23.7157 20.5779 8.63055 0.28636 41.9878 0.219274 3.22966 14.4562 33.0902 21.4778 1.38336 0 
