0 162.523 210.511 27.2989 268.949 89.2535 33.9161 8.17695 208.355 23.8969 33.0655 192.227 7.06384 35.9245 0.191319 47.3806 48.7978 228.253 37.4444 193.056 0.799286 40.1114 47.0286 22.4933 25.424 31.4608 46.205 54.263 
463.435 0 106.807 100.389 70.342 4.61683 266.308 291.595 7.15852 9.70824 107.416 5.67096 0.0524068 40.6533 92.4781 22.1149 141.984 492.981 28.7626 19.4221 178.168 14.8379 3.56184 40.8883 67.5119 64.436 1.12999 28.3025 
210.782 444.595 0 110.016 188.449 0.142346 55.186 219.559 320.589 17.5504 240.959 28.9563 68.9634 8.33234 33.4889 7.89493 14.6691 1.19424 58.2741 1.70768 27.2109 0.158902 11.9069 0.170443 26.9891 27.3542 0.0152425 4.78829 
287.753 97.605 331.386 0 0.0970102 46.3629 202.807 1174.3 319.127 67.2157 167.763 238.54 0.881833 5.9253 0.877785 39.6546 7.44355 139.443 0.588412 4.53794 581.719 0.196443 9.90561 2.38289 43.4714 29.2373 21.0059 4.24619 
267.781 272.552 123.679 60.2941 0 204.26 276.088 1.84872 112.146 168.414 129.27 3.21251 1.58502 14.8245 52.0861 16.0385 11.2523 16.8136 294.921 43.3223 131.704 13.1094 11.9454 30.7375 14.4817 1.14301 4.27266 0.152819 
50.4817 147.251 53.1804 30.198 88.5357 0 337.663 201.871 471.445 704.233 247.272 138.052 539.635 15.3337 11.2646 19.4449 27.7141 123.94 57.9007 10.5311 0.0098616 9.40715 5.34637 12.4411 1.15302 5.56236 11.0232 4.01683 
8.93954 234.334 249.67 77.6539 104.966 204.307 0 215.389 1268.04 54.7657 364.643 215.445 0.0358325 95.3476 98.0057 70.3175 0.0167875 226.349 0.12669 0.530602 130.748 61.4695 60.8681 1.25589 51.8527 95.6901 18.4418 46.0664 
27.6656 1.60003 254.807 476.956 112.145 38.2408 180.664 0 661.487 7.15319 188.384 666.76 140.31 22.6031 145.205 149.488 99.8014 144.484 83.9921 3.62689 23.0521 55.0199 43.6176 101.192 184.258 7.77426 98.5549 135.119 
1.20913 390.431 134.7 23.4392 149.212 470.751 2.34313 660.301 0 167.62 1202.46 112.804 45.5116 37.8743 9.90292 12.8613 90.2979 217.11 45.6549 45.8283 24.5881 44.1721 102.115 82.0822 124.593 0.279713 47.2135 97.5388 
153.987 190.975 104.056 82.583 121.009 466.339 421.246 219.17 79.2112 0 12.424 218.638 245.172 61.0609 34.0171 70.5696 78.0325 142.615 44.6797 18.1733 97.3561 2.62564 25.4608 35.0482 19.5399 6.28888 22.7221 27.0346 
176.318 64.7397 231.53 20.9494 258.04 77.7286 230.981 80.1971 791.508 0.126442 0 370.221 217.281 86.5752 40.2557 219.333 8.84669 44.6243 0.139137 68.7162 138.665 63.7443 100.033 100.541 22.374 7.4572 84.7546 4.43157 
47.638 50.743 22.3127 149.384 94.4113 0.446117 282.891 34.258 356.932 159.944 450.244 0 10.3779 11.9949 267.067 64.3742 5.63629 15.1302 94.4651 93.5488 129.783 0.0246073 124.553 145.924 97.7577 9.59027 91.5001 1.51979 
69.5076 28.1671 41.8787 61.571 168.465 103.223 138.144 14.3873 58.4015 183.716 70.9554 47.5931 0 42.9067 117.324 3.43398 0.89633 106.058 35.6367 3.08425 48.1874 82.025 0.082136 1.89438 1.66812 55.1063 14.9493 3.5097 
19.0139 61.1273 15.3553 0.855612 27.6778 5.30355 53.6061 12.4298 6.53868 42.0298 122.635 1.10029 154.52 0 59.969 12.8656 0.162306 53.3681 13.2369 4.36299 22.8587 8.19363 9.3148 0.493783 10.4606 6.03036 11.1092 3.8773 
66.7228 83.3335 7.79207 35.776 47.103 7.33322 7.80541 103.589 216.038 107.414 98.3593 146.387 54.9965 12.9656 0 7.14896 22.2805 12.4142 35.3491 9.27432 2.66336 4.0698 24.5572 27.3798 12.9673 30.8406 11.0991 7.06865 
7.55739 6.27954 18.6953 31.0102 53.4645 2.85187 89.7043 174.669 128.301 11.0998 140.315 70.0254 65.3661 18.2328 58.9914 0 24.0108 60.8693 29.2276 2.77536 30.3345 10.7987 4.28343 23.0417 33.4603 28.0077 4.08331 0.66678 
2.88914 58.527 20.8896 37.9351 42.769 3.37208 109.11 1.68241 19.2322 70.5464 14.8936 8.23456 48.2745 14.3034 21.5861 20.2235 0 17.6996 491.393 23.0049 12.7776 20.0881 13.7646 11.7333 16.958 18.2186 5.66054 23.8051 
205.996 332.193 92.2347 84.2835 167.706 87.2304 188.299 1.93272 0.456163 25.433 81.2363 0.992709 96.0125 51.2267 51.4955 5.82543 142.939 0 50.1431 71.7933 18.2951 7.71653 28.6707 47.694 57.2418 13.7209 37.3258 0.140217 
39.7857 131.988 2.24385 3.13217 276.304 23.8301 137.918 17.1609 1.57265 74.8393 1.33877 15.5412 6.74713 0.335887 0.0049667 20.6941 191.813 31.648 0 11.9872 71.8133 10.8716 10.7045 23.3266 15.065 27.6947 0.273302 1.99016 
182.307 68.0889 9.9246 42.9692 41.6295 15.6209 17.8309 115.053 71.0308 11.0604 83.1275 51.641 3.94435 1.36832 7.09042 1.87636 23.1193 86.6336 35.5916 0 322.606 5.97458 0.149492 5.89418 10.9447 11.9755 0.988955 9.7898 
6.17402 176.438 0.159522 159.709 2.8367 17.8119 0.847975 37.6284 85.0925 83.182 145.344 36.2396 1.91602 2.88719 26.4638 32.2366 66.6003 121.597 69.7376 258.677 0 31.4736 0.251224 28.2833 47.6488 62.4065 23.5177 22.1678 
38.7371 49.8563 6.8639 6.23519 53.9161 0.557417 0.320306 61.5233 54.7619 24.0417 5.00878 15.829 75.3644 0.608545 17.3678 1.59235 0.118581 42.1965 13.4407 1.19591 17.3789 0 10.0753 7.70294 13.2141 10.7647 0.0545614 6.40043 
37.6706 2.48537 11.443 8.67868 3.86095 13.536 40.4214 6.87345 89.9598 50.6577 33.4193 86.7558 31.689 9.64615 25.1541 7.90436 5.55158 14.2666 15.3443 3.60684 39.7615 3.16023 0 12.7773 11.0752 5.40619 0.319101 8.75058 
6.84754 26.2865 14.5592 17.168 1.50605 3.62027 24.9659 77.5284 62.2048 1.11687 128.201 154.651 38.8326 0.570727 8.48171 28.95 14.4977 4.89776 3.01949 3.5621 39.7619 8.6131 20.5059 0 38.6961 15.5962 13.6322 13.2806 
65.1975 67.9301 17.8499 37.475 21.1418 5.82252 82.8004 17.4508 26.6268 45.3917 5.54076 1069.65 32.0397 8.55819 28.9358 9.55873 19.3174 4.37352 6.21521 0.615196 0.865097 28.8957 22.6801 18.6516 0 101.129 71.589 116.394 
27.3556 0.94919 24.4877 1.26205 56.3137 25.2083 0.0434621 180.13 0.270686 67.1599 162.699 318.876 55.145 12.8068 30.8638 21.5121 26.2568 6.41938 4.18902 9.756 60.894 0.78674 7.06478 2.45882 11.6374 0 37.972 2.04697 
39.8943 14.2984 13.6894 20.291 27.1119 3.79221 35.9414 2.27869 19.6721 0.674646 34.9225 10.9647 38.3828 10.8536 14.9594 0.659457 13.0675 40.8987 16.9978 3.398 41.2198 4.15032 1.24569 2.92748 36.2697 0.850336 0 2.42019 
12.6939 3.81 1.55028 0.701867 34.5978 6.65535 28.2107 135.387 89.8525 23.6131 43.829 80.2139 44.7882 0.0219669 18.4313 0.034956 24.0734 2.13473 3.91821 2.39729 50.1517 5.78757 0.623376 4.52327 13.1619 42.418 83.9456 0 
