0 589.646 194.327 65.7763 181.626 140.263 138.087 295.921 12.7421 0.857803 135.415 71.4608 98.3078 22.8881 1.16884 13.5567 83.207 143.602 74.3231 78.0294 116.637 0.0605274 1.15752 57.8161 37.9855 79.5166 48.4893 46.2821 
455.555 0 239.771 24.6336 66.9816 247.275 322.868 190.313 348.3 123.893 258.185 208.611 71.9887 42.5127 58.9576 80.2268 11.7851 544.371 157.561 16.6151 163.94 17.6597 5.84584 50.8534 74.3888 53.3717 11.0907 0.257781 
202.509 122.029 0 11.9315 64.7434 0.509594 168.944 1.6332 113.217 100.979 5.93681 74.4108 14.9202 0.00462949 22.7141 23.3388 0.269118 40.0461 14.2 6.55445 2.55304 1.48453 3.40668 1.55803 19.0098 16.5311 17.6668 16.7909 
258.355 25.9188 163.658 0 35.705 41.6548 0.465238 175.995 50.8106 103.005 0.273791 23.9655 0.0183529 22.8674 4.0494 39.2708 24.0683 13.5925 57.6366 5.05365 499.287 11.744 14.2353 10.1731 52.8331 44.4982 27.1843 0.632503 
191.293 2.10142 170.64 5.87192 0 97.9214 355.848 218.583 312.881 4.58142 107.018 48.951 99.2311 34.4006 89.2176 10.2961 138.235 61.2575 297.585 45.4458 132.031 31.8412 4.18202 8.4656 28.5031 67.4018 45.615 20.0239 
119.167 124.705 45.3923 26.1764 179.76 0 430.016 10.0508 77.3582 765.323 271.396 25.9483 77.8499 12.3179 37.4938 22.9104 31.0166 21.5287 6.03864 1.63039 5.82214 20.086 0.02728 2.28106 10.9456 2.53708 13.5168 2.26839 
90.6396 228.754 197.525 106.151 435.059 103.74 0 20.7972 1280.89 323.155 20.6632 281.256 147.254 68.5797 1.75088 2.24392 36.7989 212.559 20.736 94.3862 22.0969 60.7136 72.2003 19.6851 0.899246 0.305317 10.3553 7.79152 
189.537 151.868 18.8202 104.069 99.8135 171.489 395.289 0 489.252 219.23 294.717 342.872 7.18944 121.307 45.1398 58.0515 80.7114 108.976 92.4822 94.7128 100.475 53.5622 31.2445 137.372 107.933 200.134 100.344 82.511 
234.214 112.511 376.116 337.478 121.068 75.0181 93.3857 479.147 0 300.598 971.155 238.334 3.22397 145.074 201.508 49.9841 42.0139 47.3615 128.391 13.6694 167.296 16.5695 100.278 0.0749541 92.7043 3.22136 77.8749 90.7512 
105.795 55.1797 7.06168 5.35486 0.236268 95.7549 495.848 7.08216 227.452 0 13.6881 72.7179 38.9505 74.0308 0.877177 9.2593 4.1304 95.9542 123.416 1.42994 84.9945 13.8372 0.84547 36.8503 33.8053 75.8555 47.5762 55.1654 
182.894 8.7252 1.27794 202.823 260.974 29.8177 397.901 186.648 464.486 56.037 0 155.387 253.701 140.588 386.237 146.614 46.3496 110.162 82.3504 2.98087 137.238 59.7373 56.9454 54.7388 2.89474 135.563 66.2689 50.9154 
1.98049 152.813 184.697 105.668 26.7047 87.6745 254.984 987.496 402.958 38.3455 516.625 0 11.0113 148.555 263.736 30.8369 70.3312 100.887 99.6169 30.5631 16.911 9.43193 15.2715 13.0356 262.304 0.188987 28.7055 122.71 
0.509441 132.876 71.9501 54.1676 104.854 66.8115 197.535 75.9968 175.344 7.8418 157.972 0.466195 0 13.5936 13.7175 45.0781 44.3769 73.4842 0.41966 43.1328 60.1855 84.3701 13.8953 66.622 19.821 7.56868 26.8969 24.2662 
7.81205 62.4105 12.7102 15.7538 9.70362 11.1192 89.0989 91.2348 107.843 82.9221 104.949 124.665 51.4578 0 51.5164 2.74344 21.5426 0.243264 23.3872 4.60578 44.9667 0.0323785 0.997453 5.62587 0.281996 0.0998853 0.125941 8.03237 
63.593 74.0907 2.01776 38.369 86.5975 34.1958 49.5451 75.4559 105.513 130.648 407.444 156.056 88.8355 48.2022 0 13.269 16.2888 51.6047 37.2631 0.613429 3.993 16.4757 18.9961 28.1161 27.5141 27.6912 13.7496 20.4906 
38.4445 21.3926 0.731166 31.6318 59.9533 10.0488 13.8782 81.0404 85.547 68.0499 216.579 353.682 0.243722 0.00220503 49.4924 0 21.5998 60.2912 6.45308 9.01199 15.9567 2.50368 10.1455 26.9685 13.9127 32.3596 11.6205 1.95228 
108.753 79.1748 45.482 37.0492 25.1702 59.8271 62.7844 10.0711 98.964 52.5452 94.9936 74.0243 46.0768 9.3821 26.5357 24.856 0 183.304 25.98 33.263 0.343319 21.2271 9.03113 1.6264 16.5894 0.595011 22.4121 21.8689 
182.454 258.896 150.065 129.552 107.017 89.81 208.948 2.28271 181.727 0.16539 107.225 64.9266 44.0145 2.23498 12.3178 18.6966 283.672 0 92.8304 55.129 69.6172 40.2597 45.0128 45.08 3.93355 60.1344 42.6675 26.2783 
76.7014 7.71929 61.2996 61.1043 270.111 88.2599 91.5815 114.058 154.795 115.704 65.1705 0.373256 18.7334 25.6717 0.553514 3.46055 230.078 124.752 0 33.5393 1.0905 13.5726 0.430196 6.71929 29.2496 20.7593 0.801605 15.1374 
5.48758 141.121 16.9587 43.4923 47.1477 0.0616268 76.0157 2.17171 99.1723 5.07936 0.627374 96.5721 43.1499 1.83803 2.07918 0.75842 8.26005 78.8436 27.9468 0 201.615 6.28063 3.92414 6.02841 0.312867 11.9942 10.5952 10.8879 
91.945 168.539 39.0864 162.667 5.13656 3.40385 144.041 207.834 94.4487 97.9997 144.437 149.715 7.99238 10.1661 51.3308 47.4134 41.191 24.0737 13.1817 17.3589 0 29.675 17.3757 4.62462 60.1617 12.125 18.1171 43.5876 
2.40614 50.8223 1.62406 3.08646 11.261 10.6874 10.2105 45.0533 24.164 8.87119 2.90059 0.69563 78.4586 5.12961 6.44825 9.98478 0.381536 18.3689 11.0025 1.88352 31.0396 0 15.2218 6.15151 3.57249 10.2871 9.82667 8.69619 
4.75368 7.38795 4.23567 15.2846 40.8834 3.63137 62.9158 14.6582 95.9672 6.36107 4.73798 1.35497 3.57752 0.0678506 16.6786 2.09998 1.82379 39.5486 0.103636 1.99027 29.1471 0.181632 0 6.26264 10.4178 7.12116 10.6139 9.34911 
14.7544 37.7119 15.6238 0.0382673 43.1213 10.7002 3.18536 5.39724 81.9326 60.3077 2.28996 8.01599 26.9689 1.36215 4.97121 11.9991 20.9953 1.5432 12.6611 0.724899 24.9576 7.07111 1.05258 0 10.1017 9.71828 0.136612 11.357 
76.7072 18.2326 7.10218 36.7866 8.74656 18.2364 8.13726 174.698 26.619 10.1544 16.9267 128.542 52.5621 15.351 10.6687 53.7532 14.6747 57.5733 22.7141 13.6565 14.8639 87.6218 0.193494 28.6142 0 5.39076 77.6699 124.692 
79.2546 61.8201 9.49951 20.139 1.05157 22.3375 92.2605 181.467 3.25198 21.6673 1.13719 357.043 8.05663 6.43463 25.5661 28.8522 10.5179 55.4153 0.250808 9.66701 8.16324 2.83439 5.46667 15.9455 3.91194 0 37.2207 24.4251 
43.2913 2.46311 11.9534 4.15267 20.6893 2.01555 1.03959 0.25053 76.2869 32.9055 65.7506 6.86013 1.90171 0.015736 17.1098 0.983977 20.3285 15.0504 22.3239 2.3606 1.84931 12.4905 8.75144 19.1214 8.8694 3.7752 0 72.6745 
22.2422 47.6111 21.0055 4.08249 56.5119 9.08478 65.2573 73.051 78.6171 56.2957 109.819 4.12079 30.357 11.9395 9.72668 0.609783 22.4328 13.5585 12.0235 1.08165 34.9435 0.776351 1.63945 13.856 40.8185 0.722273 62.7607 0 
