0 661.812 198.527 152.552 174.399 212.289 145.625 299.168 82.8728 1.35108 132.134 66.9823 97.4265 22.2608 0.930163 12.5715 152.964 149.327 76.1667 71.5837 110.003 0.0884714 1.01142 57.831 110.239 79.4872 48.701 46.8776 
495.719 0 277.402 90.2215 49.4673 318.556 349.328 182.925 408.027 117.248 260.389 206.334 74.493 41.5361 57.355 79.6136 82.4757 620.366 155.301 19.0697 162.008 18.119 5.46443 51.4055 146.43 52.1808 10.6957 0.175632 
205.471 90.5305 0 17.8903 70.4966 0.95806 178.625 3.68315 87.6158 99.1385 8.72139 79.2853 15.8539 0.0187471 22.0203 23.0985 0.405958 36.2411 15.1247 7.05688 3.46639 1.41257 3.55312 1.43122 19.4319 17.0184 17.7776 16.5451 
311.016 91.2395 87.8453 0 32.3549 111.171 0.0558009 349.875 113.22 103.778 0.810103 19.1466 0.000295839 22.7804 3.62331 39.8133 96.0045 15.5564 57.0997 4.3246 46.3998 11.6123 14.0172 9.77242 124.243 44.5937 27.2551 0.768658 
184.279 7.09712 173.993 7.50345 0 85.9524 369.91 217.275 319.891 2.12264 112.991 46.418 95.639 33.437 89.9529 11.0221 136.299 66.1588 294.579 43.7876 132.011 32.4227 3.86113 8.03871 27.7401 67.767 45.8192 20.5548 
192.753 205.052 43.3399 95.968 443.538 0 40.4597 7.57939 171.21 641.199 269.224 23.4744 622.935 12.7009 36.8976 23.2636 101.423 23.4464 7.1725 1.44651 5.27515 20.0106 0.012235 2.12826 82.3168 2.29138 13.6947 2.42876 
97.8533 201.675 188.718 112.493 435.536 44.2904 0 14.7393 1305.73 294.526 13.0215 279.526 142.097 66.8988 2.61888 1.7013 38.3003 209.275 18.5855 94.1513 23.6945 60.9705 72.2972 18.8181 0.639641 0.529716 10.8171 8.36795 
198.107 159.527 24.5691 72.816 95.4371 166.369 400.385 0 519.225 217.661 285.343 424.863 6.27835 122.244 40.9655 66.7533 81.5891 111.829 93.7146 93.0562 104.509 53.0164 32.7765 136.728 113.141 194.308 100.219 79.973 
300.644 196.832 400.146 405.257 110.561 168.573 31.0219 509.733 0 312.658 552.007 225.465 2.26296 144.428 201.21 46.7224 114.571 43.8956 130.413 14.8303 169.257 17.1888 100.707 0.183431 166.135 2.40039 78.1259 89.9397 
102.997 60.8507 8.46122 6.34019 1.3739 67.9394 503.462 8.93566 212.709 0 4.97689 78.303 48.7413 72.8234 0.352056 10.5069 4.62143 93.6278 123.343 1.20248 84.1453 14.5673 0.637344 35.9647 32.7137 75.6108 47.5226 54.8848 
184.527 11.1223 0.368052 203.448 260.556 36.4142 413.58 175.434 507.515 36.7633 0 175.433 253.04 133.715 395.762 154.106 45.3151 107.665 84.1553 2.58469 138.343 58.9445 54.1588 57.2865 2.11916 138.629 65.3985 49.208 
2.98596 148.665 185.903 114.311 28.7767 91.0614 259.229 1014.63 401.861 34.0591 518.169 0 9.76238 151.181 267.397 51.1015 71.0215 98.9464 99.8201 29.2645 18.5338 8.86859 16.9722 15.9212 250.088 0.530024 27.0096 118.63 
0.331754 134.387 72.2507 55.0448 108.392 62.5267 200.675 78.1842 172.312 12.8359 151.702 0.77949 0 17.333 11.762 43.3825 44.9809 72.2996 0.27498 43.1492 60.7967 85.2775 15.4739 67.1432 20.4632 7.10149 27.1949 24.7005 
7.36972 61.7442 12.4674 16.0726 10.3784 10.7324 90.0664 88.9588 104.996 82.4584 97.7839 128.403 45.6539 0 54.8962 3.31187 21.4845 0.324403 23.1859 4.62311 44.9854 0.0570079 1.35704 5.94246 0.359728 0.145209 0.102715 7.88801 
64.2124 72.6904 2.37653 38.5909 87.475 33.4483 46.1926 80.334 112.286 131.715 407.945 145.309 86.0322 43.9585 0 8.41303 16.5628 52.3223 37.4196 0.558928 3.66819 16.5945 18.2614 28.0639 27.9176 27.2324 13.9636 20.7214 
39.7806 20.2497 0.903689 30.7406 59.113 9.58053 12.5509 90.6221 89.0136 69.7897 212.798 385.885 0.460082 0.0505773 56.8421 0 21.772 60.4956 6.1987 9.07057 15.2507 2.63496 9.8723 26.1688 13.0447 32.5859 11.3695 2.1971 
180.791 147.421 44.7881 107.485 22.9132 130.469 61.2147 9.40315 168.99 53.6131 94.8039 74.6519 45.4824 9.56116 26.3557 24.9531 0 193.587 358.752 33.1436 0.443237 21.2186 8.89432 1.54443 88.0165 0.529251 22.4027 21.7619 
187.326 251.143 147.519 131.561 101.536 92.0105 212.251 1.67736 184.891 0.369094 109.725 62.9067 42.7591 2.01632 11.6869 18.0521 285.714 0 95.6967 56.4858 68.0176 40.3968 44.9844 45.3011 3.63939 59.909 42.5192 25.8302 
78.5201 9.41046 61.1223 60.7884 276.953 87.5373 94.7811 113.591 154.506 114.513 67.0555 0.525061 17.7959 25.8082 0.665888 3.6619 227.362 122.486 0 33.7784 0.916233 13.3654 0.37788 6.90136 29.1246 20.4857 0.743919 15.345 
2.81526 141.6 17.5238 42.7376 45.4872 0.0294859 77.3127 2.76458 98.2812 4.65593 0.832335 96.4393 43.1341 1.88185 1.98446 0.82291 8.59151 79.6723 27.5684 0 179.275 6.26893 3.90923 6.00075 0.270403 12.0146 10.6273 10.8393 
85.5464 166.892 41.8926 178.057 4.4504 3.85196 143.936 207.945 91.1847 97.7096 145.143 148.024 8.44312 10.5391 50.9038 48.1137 40.5413 25.3613 12.6107 8.70739 0 29.8013 17.0257 4.91667 60.0428 11.5166 18.4698 43.9341 
2.25365 50.9442 1.70041 2.97674 10.7978 10.94 9.68875 44.4192 23.4781 8.27092 2.56447 0.870073 79.7092 4.93551 6.20319 9.86478 0.344036 18.0487 10.7971 1.84358 30.9401 0 15.2428 5.89088 3.82683 10.2432 9.73421 8.63335 
5.05121 6.96469 4.39107 15.0822 40.3238 3.81665 63.5994 13.5193 95.1493 6.95432 3.74818 0.880393 2.79051 0.190654 15.8794 2.36289 1.74413 39.2852 0.132021 2.02497 29.4606 0.277607 0 5.03474 10.9727 6.97592 10.7513 9.40881 
15.3771 38.4202 15.5981 0.0133296 42.6053 10.4707 3.60048 4.30877 83.1117 60.3912 3.01779 10.347 28.1609 1.58427 5.63299 10.6574 21.003 1.70326 12.4595 0.68631 24.4699 6.80762 1.73873 0 11.4451 9.39944 0.0911835 11.5142 
148.592 90.1168 7.49771 108.796 9.27249 89.8385 8.9677 171.465 96.3524 9.40271 15.057 437.274 52.874 15.1977 11.2672 47.683 86.0784 57.791 22.4712 13.6226 14.2778 80.0456 0.318164 25.9947 0 18.0986 136.277 117.67 
79.0928 62.894 9.97701 21.0887 1.27668 22.6803 91.3255 187.989 2.42691 20.4877 0.569738 370.279 7.57677 6.67038 25.0043 29.528 10.7439 54.9982 0.201036 9.55402 7.64702 2.92494 5.31136 16.0735 4.37432 0 36.9494 21.763 
43.6351 2.67232 11.7605 4.37506 20.2943 1.90333 1.2034 0.408689 75.9247 33.3419 66.6159 7.82184 2.04211 0.00826211 17.269 0.87277 20.4092 14.7353 22.2318 2.43113 1.99521 12.5247 8.91235 19.0656 8.52966 4.3227 0 68.6772 
21.5699 46.9774 21.1305 4.39894 56.6118 8.82669 64.6658 70.466 77.4648 56.0953 110 2.89929 29.9471 11.9229 10.0794 0.754676 22.337 13.165 12.232 1.14405 34.4833 0.819793 1.5572 13.7763 40.9099 1.42594 67.0592 0 
