0 942.061 206.463 493.647 155.822 510.368 164.26 305.165 378.242 3.06531 123.74 56.1776 95.0944 20.7043 0.451551 10.2441 445.931 163.273 80.6874 45.7963 93.6164 0.181393 0.688578 57.792 409.544 79.2443 49.1947 48.3282 
707.756 0 364.901 378.916 16.6213 612.355 410.749 164.07 673.314 100.733 264.639 200.001 80.7467 39.0766 53.3073 77.9219 378.364 1073.86 149.045 25.8092 156.731 19.2789 4.56186 52.7355 445.096 49.166 9.73217 0.0389441 
210.142 29.6103 0 65.8232 85.2481 2.67651 201.01 12.3018 35.9219 94.1111 17.8817 91.6211 18.2756 0.0954215 20.2482 22.4276 0.869246 27.3555 17.5192 8.36358 6.33483 1.23954 3.92711 1.13568 20.4626 18.2164 18.0398 15.9151 
558.538 379.23 26.1188 0 24.5481 403.66 0.771949 317.189 392.3 105.347 3.38069 9.33839 0.0775468 22.5204 2.653 40.9946 394.537 20.9627 55.652 2.73154 594.083 11.2793 13.4602 8.7864 421.286 44.6552 27.4027 1.16529 
166.095 32.0388 180.935 12.4 0 45.3421 399.854 213.286 334.887 0.0669148 128.061 40.285 86.6271 31.0354 91.5838 12.9243 131.043 78.8818 283.197 39.6674 131.74 33.8684 3.11136 7.01243 25.8479 68.5905 46.3051 21.8948 
494.912 524.315 38.0422 389.321 713.462 0 864.614 2.89229 534.221 866.721 260.659 17.7513 410.757 13.6482 35.2656 24.0922 396.12 28.5045 10.3882 1.03252 4.01836 19.7963 0.000667578 1.76661 379.435 1.72775 14.1339 2.85049 
116.338 137.542 164.857 128.109 429.601 64.4733 0 4.06326 1216.76 221.463 1.53768 273.681 128.883 62.5863 5.52816 0.669675 42.1115 200.207 13.6668 93.3167 27.8808 61.5459 72.4119 16.7075 0.182955 1.357 12.0054 9.88647 
218.833 178.48 41.84 7.33838 84.6205 152.741 408.55 0 584.236 212.828 260.442 635.55 4.26105 124.173 31.1978 90.0858 83.7116 118.859 96.6861 88.7319 114.579 51.6187 36.6868 134.58 125.91 178.235 99.739 73.5589 
584.465 528.158 446.863 688.336 85.5487 531.047 23.7031 576.726 0 339.569 823.951 192.975 0.598777 142.227 248.716 38.856 414.673 35.679 135.177 17.9019 173.75 18.7698 101.55 0.662668 468.231 0.870245 78.6722 87.7737 
95.8585 75.7816 12.4576 9.13872 8.2835 27.6543 507.92 14.4588 175.544 0 2.14499 92.7107 76.932 69.5595 0.070862 13.9176 5.96167 87.7197 122.76 0.718482 81.9369 16.447 0.244743 33.7297 29.9994 74.8048 47.3477 54.1137 
188.102 18.3127 0.496164 203.768 258.295 55.2231 446.99 147.669 653.864 5.8724 0 227.751 249.984 116.066 407.78 171.933 42.7351 101.338 88.5911 1.71476 140.889 56.9172 47.3027 63.6989 0.704024 145.711 63.1681 44.9669 
6.38042 138.056 187.796 136.14 34.2249 99.4214 268.515 1022.43 395.485 24.3052 514.234 0 6.95144 156.913 272.957 119.761 72.6996 94.0253 100.216 26.0909 22.87 7.52708 21.5468 24.245 236.234 13.069 22.9363 108.122 
0.0534566 137.861 72.8499 57.1745 117.087 58.1477 207.526 83.6333 164.234 30.3076 135.785 1.90994 0 28.3359 7.47474 39.1401 46.4679 69.291 0.0463947 43.1507 62.2907 87.2353 19.7045 68.2757 22.0869 5.98998 27.9307 25.782 
6.31207 59.9911 11.8403 16.8517 12.1455 9.76762 92.2219 83.0974 97.6009 80.9719 80.1205 137.182 32.1389 0 60.6249 4.90636 21.327 0.577795 22.6657 4.663 44.9938 0.148575 2.44203 6.71913 0.594161 0.294861 0.0549365 7.52186 
65.6643 69.0709 3.38995 39.0353 89.4741 31.4698 38.1015 92.6539 129.223 133.373 396.941 118.359 78.7158 32.1994 0 0.937861 17.2454 54.07 37.7673 0.43329 2.91289 16.8624 16.3246 27.7123 28.8395 25.9742 14.4887 21.2612 
43.1196 17.4898 1.41106 28.4298 56.9411 8.43399 9.49022 115.505 97.5451 73.9301 201.337 451.497 1.29596 0.445534 73.3316 0 22.1906 60.9385 5.57988 9.20598 13.5345 2.97329 9.1431 23.7422 10.9628 32.8474 10.7361 2.86439 
479.348 436.759 42.9799 402.23 17.6648 425.635 57.2705 7.82405 462.611 56.2468 94.2336 76.1673 43.9736 10.0104 25.8896 25.18 0 217.934 229.704 32.8093 0.748275 21.1888 8.55297 1.34813 385.236 0.381421 22.3715 21.486 
198.732 208.152 140.295 136.058 88.018 97.2921 219.59 0.56916 192.294 1.2294 115.874 57.902 39.6482 1.51726 10.1682 16.4714 287.279 0 102.713 59.8174 64.0025 40.7199 44.8825 45.8222 2.9511 59.2849 42.129 24.7101 
82.9657 14.317 60.5151 59.8775 290.53 85.3047 102.649 112.256 153.368 111.195 71.7548 1.01671 15.5314 26.1273 0.991212 4.18663 218.954 116.508 0 34.3361 0.546296 12.8469 0.261763 7.36272 28.7933 19.7938 0.608864 15.8618 
0.112414 141.954 18.9053 40.6429 41.3511 0.000390479 80.3931 4.54907 95.854 3.67151 1.4697 95.9301 43.055 1.99217 1.75552 0.994446 9.43858 81.5798 26.5988 0 123.282 6.23712 3.86966 5.927 0.177591 12.0515 10.7021 10.7104 
70.0626 162.298 49.1083 213.013 2.94422 5.08586 143.384 207.537 83.0449 96.8637 146.667 143.526 9.61679 11.4915 49.7883 49.8146 38.9071 28.6865 11.2273 0.0182941 0 30.1069 16.1551 5.68105 59.6789 10.0496 19.3553 44.7702 
1.89309 51.2105 1.89771 2.70929 9.67309 11.5695 8.43416 42.8157 21.7855 6.84943 1.81225 1.39018 82.5666 4.45377 5.60053 9.55281 0.258659 17.2516 10.2859 1.74486 30.6804 0 15.2054 5.24712 4.49066 10.1256 9.499 8.47271 
5.82942 5.95425 4.78501 14.5616 38.8991 4.29353 65.2102 10.8468 92.9049 8.5365 1.77114 0.138793 1.24159 0.756197 13.8274 3.0697 1.55198 38.6036 0.217875 2.11175 30.2313 0.603602 0 2.42301 12.3665 6.60616 11.0837 9.54857 
16.9687 40.172 15.5079 0.00724308 41.2869 9.89289 4.74257 2.11181 85.9198 60.4817 5.26124 17.3694 31.1746 2.19702 7.41533 7.48316 21.0122 2.13642 11.955 0.59395 23.2502 6.15128 4.08891 0 15.072 8.59656 0.0175617 11.8937 
446.844 388.565 8.5153 407.429 10.643 387.507 11.1984 162.442 389.612 7.63295 10.8159 279.204 53.5909 14.7798 12.7923 28.6569 383.242 58.2849 21.8542 13.5244 12.849 44.7017 0.827202 22.368 0 70.9388 168.323 26.4056 
78.5211 65.4959 11.1911 23.4689 1.93263 23.4988 88.765 202.789 0.886334 17.6348 0.00066429 392.963 6.43232 7.25823 23.5107 30.9662 11.3125 53.9055 0.100542 9.26336 6.42086 3.15517 4.92297 16.343 5.7147 0 36.1014 15.4843 
44.4666 3.23053 11.2746 4.95117 19.3117 1.63542 1.66405 0.971364 74.9435 34.4161 68.7199 10.4785 2.41353 2.02271e-05 17.6492 0.622754 20.6046 13.9553 21.9933 2.61066 2.38295 12.6027 9.30842 18.8867 8.02297 5.82841 0 57.7902 
19.9103 45.3632 21.4142 5.23299 56.8152 8.18797 63.1114 63.994 74.4904 55.5211 110.22 0.774963 28.9105 11.8645 10.967 1.18129 22.0885 12.1983 12.7544 1.30677 33.3188 0.933101 1.35932 13.5566 40.9407 4.17527 76.8027 0 
