0 993.208 208.561 577.979 148.251 575.659 171.564 306.695 443.267 3.94084 120.318 52.0348 94.1115 20.0876 0.307724 9.37003 509.408 168.668 82.4546 33.716 87.191 0.227756 0.576516 57.746 475.59 79.0797 49.3778 48.8922 
737.407 0 394.927 443.22 8.24596 674.988 432.715 156.428 724.848 94.2167 265.826 197.221 83.238 38.0874 51.6769 77.1834 443.243 446.431 146.313 28.7269 154.45 19.7469 4.22165 53.2467 510.843 47.9479 9.3567 0.0117874 
210.886 14.0032 0 95.2171 91.2335 3.59512 209.07 17.0921 21.1183 91.9425 22.3815 96.5795 19.2762 0.142564 19.5277 22.1322 1.10254 24.0802 18.5066 8.90411 7.70955 1.17315 4.0796 1.02627 20.864 18.6859 18.1386 15.6575 
603.446 443.245 62.6155 0 21.6737 467.005 1.75145 775.09 452.149 105.826 4.89326 6.35723 0.157358 22.3996 2.30413 41.3944 460.282 23.3129 55.0319 2.19051 23.852 11.1445 13.2331 8.39933 486.367 44.6087 27.45 1.3461 
158.623 46.7026 183.106 14.6726 0 29.7442 409.516 211.409 339.811 0.893327 134.11 37.9185 83.0241 30.0795 92.1516 13.7187 128.783 84.1299 277.17 38.034 131.542 34.443 2.83277 6.61874 25.098 68.8836 46.4893 22.4355 
561.898 598.096 35.8801 453.078 66.4985 0 679.614 1.6305 628.487 285.241 256.028 15.6579 319.981 14.0216 34.5598 24.4008 460.33 30.6254 11.8191 0.885577 3.56086 19.7004 0.00646698 1.63037 444.614 1.52313 14.3071 3.0273 
123.849 114.058 154.754 134.195 424.421 135.227 0 1.64085 1125.74 192.666 0.0823841 270.751 123.502 60.8238 6.98006 0.388549 43.6557 196.256 11.8908 92.8849 29.6275 61.749 72.4066 15.8878 0.0776761 1.79329 12.4937 10.5237 
226.773 185.93 49.7985 0.000534186 80.3617 147.006 409.942 0 605.502 210.54 249.989 716.088 3.56015 124.776 27.5874 99.8992 84.5311 121.622 97.8287 86.9349 118.584 51.047 38.2786 133.511 130.88 171.282 99.4801 70.9752 
643.982 607.568 459.348 745.981 76.1526 625.192 80.6133 598.942 0 348.87 591.488 179.995 0.231323 141.11 267.196 35.8417 481.052 32.5846 136.961 19.1954 175.378 19.4145 101.796 0.937012 535.328 0.469914 78.858 86.854 
92.9553 82.0092 14.2452 10.3872 12.6327 26.0341 503.81 17.0122 160.785 0 8.63244 98.6157 89.471 68.1622 0.372029 15.3915 6.54172 85.3261 122.368 0.559165 81.0205 17.2193 0.139133 32.8294 28.9223 74.4056 47.2616 53.7779 
189.324 21.6513 1.50778 203.398 256.908 63.5656 457.777 136.777 723.144 0.897418 0 249.187 248.208 108.904 407.694 178.613 41.7069 98.7802 90.3314 1.41563 141.818 56.0892 44.6169 66.2692 0.350071 148.293 62.2556 43.2863 
8.08412 133.734 188.099 144.857 36.5057 102.706 271.674 1001.32 391.509 20.8146 509.57 0 5.95464 158.856 273.708 152.809 73.3513 92.0326 100.329 24.8535 24.7121 7.01794 23.498 27.9895 247.661 22.5826 21.3782 103.823 
0.00868316 139.126 73.0279 57.999 120.49 60.4213 209.85 85.8001 160.819 39.1525 129.365 2.49975 0 33.3247 6.01351 37.4492 47.0528 68.0706 0.00841662 43.1354 62.8739 87.8903 21.5008 68.659 22.7426 5.56861 28.2213 26.2127 
5.90893 59.2566 11.5823 17.1556 12.8832 9.38403 92.9755 80.6943 94.5476 80.2495 73.2349 140.442 27.2218 0 61.6798 5.60257 21.2592 0.699285 22.451 4.67757 44.9819 0.197073 2.93562 7.02078 0.703715 0.369053 0.0399577 7.37357 
66.2053 67.5803 3.84002 39.1683 90.1932 30.6389 35.0019 97.5926 135.927 133.625 387.797 107.723 75.6881 27.3402 0 0.0320204 17.5173 54.7495 37.8888 0.387357 2.63386 16.9576 15.5187 27.4846 29.172 25.4291 14.6944 21.4617 
44.4512 16.4276 1.64358 27.4775 56.0455 7.98654 8.37365 125.668 100.885 75.4941 196.008 470.243 1.74685 0.710415 78.6894 0 22.3532 61.0883 5.33948 9.25565 12.8688 3.11247 8.8352 22.623 10.1712 32.8292 10.4809 3.15253 
545.01 498.853 42.2291 466.449 15.7321 489.985 55.6883 7.22952 526.341 57.2836 93.9674 76.7514 43.3616 10.1906 25.6967 25.2642 0 226.982 370.091 32.6615 0.892249 21.1734 8.41679 1.27308 450.442 0.328961 22.3561 21.3723 
202.955 181.812 137.086 137.637 82.7147 99.3082 222.141 0.289188 195.04 1.71296 118.287 55.9221 38.4169 1.33691 9.58521 15.8519 286.48 0 105.448 61.1222 62.393 40.8412 44.8295 46.018 2.69495 59.0114 41.9652 24.2623 
84.6986 16.5408 60.2074 59.4655 294.462 84.2466 105.73 111.656 152.749 109.737 73.6254 1.25797 14.6592 26.246 1.13891 4.40482 215.342 114.001 0 34.5428 0.424758 12.6393 0.221197 7.54961 28.6534 19.5141 0.558532 16.0675 
0.646944 141.758 19.4429 39.7275 39.7079 0.00928528 81.5564 5.38139 94.806 3.3082 1.77406 95.6561 43.0076 2.03655 1.66721 1.06707 9.78437 82.2749 26.2022 0 101.911 6.22339 3.85293 5.8957 0.145842 12.0606 10.7298 10.6559 
64.1223 160.276 52.0566 221.837 2.42667 5.62394 143.048 207.1 79.8082 96.4775 147.179 141.622 10.1047 11.8802 49.3235 50.4737 38.2502 30.0568 10.6924 1.88693 0 30.225 15.809 6.00017 59.5069 9.48535 19.7109 45.0922 
1.7572 51.3016 1.97912 2.60519 9.2369 11.82 7.9529 42.1677 21.1181 6.31358 1.54698 1.63153 83.5965 4.2631 5.36397 9.42348 0.227869 16.9342 10.0826 1.70584 30.5721 0 15.1545 4.99375 4.76644 10.0755 9.40335 8.40708 
6.15402 5.56965 4.94444 14.3479 38.3198 4.48939 65.814 9.85032 91.9296 9.20718 1.18291 0.021295 0.793121 1.0781 12.9943 3.36994 1.47798 38.3222 0.258151 2.14645 30.5342 0.767514 0 1.60956 12.9231 6.45594 11.212 9.60062 
17.6183 40.8642 15.4617 0.0273197 40.7488 9.66062 5.24015 1.44707 86.9844 60.4706 6.32452 20.6326 32.3897 2.46265 8.17266 6.3146 21.0119 2.32276 11.7532 0.558685 22.7627 5.89062 5.23962 0 16.6074 8.2744 0.0041833 12.0397 
512.417 454.295 8.93279 473.179 11.2129 452.896 12.1504 158.483 453.348 6.97055 9.30035 749.505 53.8522 14.5993 13.4115 21.651 448.426 58.4621 21.6039 13.4798 12.293 30.6645 1.10837 22.0922 0 85.8495 114.57 4.49468 
78.2262 66.5012 11.6833 24.419 2.23186 23.8099 87.655 208.035 0.481771 16.5352 0.114332 397.554 5.99729 7.49194 22.8808 31.4345 11.5411 53.4489 0.0699677 9.14399 5.95692 3.24871 4.76792 16.4301 6.32139 0 35.6962 13.173 
44.7878 3.46777 11.079 5.18945 18.9212 1.53348 1.86856 1.2629 74.521 34.8387 69.5365 11.6391 2.57026 0.000903816 17.794 0.534157 20.6802 13.6465 21.8947 2.68371 2.54713 12.6307 9.46413 18.7995 7.9531 6.48233 0 53.1942 
19.256 44.706 21.5159 5.58306 56.8778 7.9354 62.4602 61.411 73.2659 55.2626 110.215 0.302746 28.4915 11.8344 11.3235 1.37713 21.9856 11.8187 12.9637 1.3745 32.848 0.980277 1.28335 13.4607 40.8748 5.64925 80.194 0 
