0 577.781 210.513 333.595 117.775 251.181 199.364 307.741 122.406 8.49523 106.371 36.6652 89.9117 17.6622 0.0072155 6.22355 179.044 188.869 89.2428 3.18512 62.7135 0.465451 0.227025 57.3889 155.635 78.0406 50.0265 51.0484 
276.5 0 468.641 130.657 3.98526 334.877 499.912 125.816 343.495 69.153 267.58 184.805 93.0734 34.1197 45.1355 73.8955 119.785 622.506 134.219 41.4643 144.439 21.639 2.98413 55.1656 189.458 43.0319 7.91499 0.0607578 
207.366 10.1376 0 227.067 115.053 8.48833 234.818 43.1732 1.2905 82.4975 44.6274 116.207 23.4402 0.423719 16.6136 20.8084 2.30371 12.8167 22.5977 11.1438 14.4273 0.924256 4.70353 0.641163 22.397 20.4931 18.4983 14.5988 
203.293 129.551 133.747 0 11.7751 136.52 9.51905 363.202 119.115 106.875 13.5996 0.130166 0.754251 21.8229 1.1445 42.5573 139.18 33.6639 52.3342 0.609436 518.327 10.5983 12.3041 6.90222 162.232 44.0193 27.5709 2.19216 
128.211 127.816 188.123 25.4074 0 27.4582 433.206 202.37 352.902 13.4527 158.099 29.004 68.7731 26.3013 93.9243 17.0731 118.939 105.744 245.625 31.6373 130.247 36.7135 1.84382 5.14476 22.1476 69.8442 47.1677 24.6187 
244.468 306.42 27.2163 124.599 455.625 0 858.665 0.180999 425.024 111.565 231.283 8.49745 332.219 15.4733 31.4703 25.4942 133.116 39.5774 18.2828 0.407889 1.99789 19.2599 0.0891026 1.13568 121.265 0.82828 14.9846 3.77842 
153.979 38.7516 112.952 157.035 388.757 592.385 0 2.77478 575.77 89.2958 12.3381 255.842 101.771 53.622 14.3406 0.0250261 49.9133 178.826 5.95589 90.6121 36.9891 62.4041 72.094 12.7632 0.100951 4.12675 14.5169 13.2337 
255.877 214.471 86.4194 88.3516 63.879 122.928 404.671 0 657.852 199.478 206.306 964.33 1.37708 126.203 15.092 140.379 87.6279 132.327 102.117 79.4194 134.325 48.6933 44.7631 128.083 149.611 141.288 98.0689 60.6297 
296.349 342.353 469.057 382.954 42.9561 421.773 561.25 655.71 0 376.393 1350.19 129.509 0.477978 135.292 206.233 24.6991 162.518 21.4178 143.346 24.7037 180.875 22.0575 102.244 2.50041 219.157 0.0935775 79.4116 82.8905 
81.1745 107.902 22.3683 16.0679 38.4198 112.302 455.45 29.0617 104.537 0 75.2296 122.688 144.425 62.1132 3.90543 21.8449 9.10353 75.6464 119.906 0.120534 77.1796 20.4081 0.0130801 29.2135 24.6878 72.3823 46.8249 52.2832 
192.983 37.4495 10.9045 199.108 248.689 100.458 484.31 95.3997 920.212 24.3816 0 334.133 238.061 80.4772 379.782 201.975 37.6275 88.4495 97.0564 0.503048 145.007 52.6909 34.3187 76.4849 0.159412 157.037 58.5027 36.6944 
16.7947 116.168 186.703 178.657 46.1474 115.356 280.943 795.813 367.904 9.39975 474.17 0 2.71947 164.495 268.222 298.228 75.8393 83.9595 100.523 20.1122 32.6477 5.14466 31.918 45.0224 351.7 82.8369 15.5958 86.3469 
0.210463 143.438 73.3838 61.1269 133.537 94.6825 216.623 94.3474 146.242 83.3956 103.789 5.63058 0 55.8199 1.71566 30.7894 49.3301 63.1093 0.162327 42.9842 65.1199 89.7519 29.1785 69.7837 25.3914 4.02266 29.3597 27.9196 
4.41564 56.1409 10.5167 18.3197 15.9954 7.87384 95.3436 70.8422 81.9483 76.6639 47.5136 151.821 11.1174 0 58.3629 8.60576 20.9606 1.29868 21.5573 4.72782 44.8472 0.457304 5.08839 8.14812 1.2286 0.74519 0.00381349 6.77229 
68.131 61.4151 5.87399 39.4406 92.5914 27.1322 23.5763 117.068 161.655 132.274 327.592 67.6343 63.211 9.9478 0 8.62222 18.5955 57.3458 38.2721 0.228669 1.65325 17.2686 12.2052 26.0987 30.2815 23.0415 15.4903 22.1708 
49.7162 12.4436 2.73354 23.5606 52.3279 6.27476 4.56345 165.953 113.653 81.1525 171.079 493.048 4.19767 2.33389 89.6074 0 22.9747 61.5294 4.4206 9.42795 10.3361 3.68864 7.53473 17.5488 7.29023 32.059 9.45434 4.41566 
223.046 163.422 39.088 139.204 9.02837 163.055 49.3664 5.0718 196.931 61.3193 92.6882 78.9562 40.8709 10.9134 24.8903 25.5636 0 257.979 66.128 31.9914 1.5924 21.0923 7.87468 0.993185 127.112 0.157613 22.2769 20.8995 
217.647 70.6904 122.668 142.621 62.3833 106.74 230.016 0.108749 204.691 4.42971 127.614 48.1606 33.5839 0.727574 7.40176 13.4552 275.297 0 115.878 66.1485 55.9621 41.2801 44.5481 46.7268 1.78229 57.7841 41.2673 22.477 
91.3262 26.8073 58.616 57.5557 301.068 79.1353 117.541 108.891 149.36 103.216 81.0146 2.47461 11.3776 26.6685 1.82802 5.3224 201.97 103.411 0 35.273 0.0909741 11.8098 0.0928773 8.30917 28.0526 18.3814 0.378501 16.8835 
11.8407 139.058 21.484 35.6833 33.2517 0.161868 85.782 9.36229 90.1998 2.03542 3.26912 94.1636 42.7283 2.21522 1.33337 1.37949 11.2024 84.6498 24.5718 0 31.8744 6.16277 3.78095 5.76045 0.049908 12.0644 10.8281 10.4217 
42.2533 151.217 64.0432 214.052 0.851354 8.02012 141.054 203.811 67.067 94.6652 148.662 133.46 12.1566 13.4742 47.3642 52.978 35.6099 35.7434 8.66333 38.5257 0 30.6733 14.4384 7.34967 58.6702 7.36705 21.1387 46.307 
1.26247 51.577 2.31835 2.20571 7.57576 12.8112 6.15171 39.5446 18.5105 4.36839 0.693141 2.78421 87.0256 3.51791 4.44861 8.8825 0.124075 15.6755 9.27658 1.55268 30.1147 0 14.7499 4.01249 5.91932 9.85876 9.01249 8.1371 
7.52566 4.14806 5.59022 13.465 35.9559 5.29844 67.986 6.30555 87.612 12.0902 0.0123148 0.578094 5.98065e-05 2.80285 9.68271 4.64827 1.19875 37.1478 0.45283 2.28487 31.7119 1.60312 0 0.00551125 15.1123 5.84518 11.6961 9.78619 
20.2807 43.5742 15.2191 0.235704 38.5416 8.72865 7.45458 0.0390151 90.88 60.1558 11.4819 35.9983 37.2682 3.61753 11.3869 2.47097 20.9878 3.1413 10.9472 0.427523 20.8196 4.86788 10.5312 0 23.0007 6.99147 0.0427218 12.5885 
190.289 133.243 10.6516 151.89 13.6071 130.318 16.2757 140.951 124.835 4.59627 4.33166 60.574 54.7478 13.8065 15.9143 13.914 125.015 59.0535 20.5837 13.2717 10.1635 26.8179 2.65627 26.3818 0 44.3772 135.936 113.25 
76.6749 70.2973 13.6728 28.1639 3.63445 24.9539 82.7591 224.575 0.0883589 12.4083 2.50837 389.093 4.39411 8.41093 20.2121 32.6492 12.4613 51.5169 0.00292355 8.65038 4.26075 3.63021 4.15296 16.6571 9.11688 0 33.721 5.49656 
46.0043 4.49373 10.2918 6.18392 17.3746 1.15616 2.80025 2.80291 72.6661 36.4839 72.649 16.8103 3.24238 0.0283089 18.3291 0.246451 20.968 12.4316 21.483 2.98251 3.25465 12.7252 10.0689 18.3644 8.37614 9.35558 0 34.603 
16.7014 42.0205 21.8537 7.07004 57.0209 6.94529 59.6985 51.2103 68.191 54.0677 109.66 0.595176 26.7946 11.6759 12.7497 2.29714 21.5546 10.3437 13.8016 1.65992 30.9389 1.17928 0.99859 13.0336 40.1804 13.3925 90.0408 0 
