0 312.941 210.923 140.059 269.248 185.028 43.4588 14.0807 308.269 20.1865 28.4241 185.587 5.84082 34.8374 0.0510705 45.0013 142.198 223.895 40.7161 191.315 2.74906 40.0067 47.0443 23.7442 117.746 29.2904 46.7064 55.0338 
600.861 0 55.9925 216.935 107.965 92.3338 216.945 293.481 105.786 5.56627 118.713 8.44583 0.0198204 38.8789 93.6044 20.0493 235.144 878.125 23.7281 15.0733 178.841 15.6303 4.13782 42.1198 156.662 66.2691 0.890608 29.5807 
208.726 468.104 0 55.0749 187.951 0.010421 71.6537 234.319 370.481 21.3116 239.216 22.8169 69.8947 7.82564 33.7763 8.71736 16.095 0.212005 57.3325 2.24759 22.9007 0.207405 11.7677 0.0992838 27.3104 27.4687 0.0417444 5.21566 
348.742 213.999 214.652 0 0.0725514 133.934 201.044 235.741 417.623 63.4106 160.075 246.353 1.32337 6.47212 1.30001 40.5527 98.9248 141.648 0.300963 3.32836 471.75 0.25547 10.3458 2.8252 133.569 30.8459 20.5282 3.69274 
269.147 322.72 113.252 67.5443 0 273.067 242.779 3.56539 93.8507 145.921 140.151 1.98811 3.0344 13.4339 54.9069 17.5988 8.51516 22.2802 287.425 46.3072 131.294 12.2319 12.8752 31.8182 13.3553 1.57968 3.87511 0.273371 
146.523 221.637 49.9042 117.679 443.051 0 701.353 206.704 566.567 648.561 235.58 133.733 650.664 14.6862 9.78118 18.6376 119.824 123.892 54.0887 11.207 0.100005 9.86174 5.72289 12.8252 91.7423 6.20377 11.3627 4.38507 
14.4591 283.859 248.305 66.7025 77.3941 43.9901 0 242.074 1125.74 26.5604 395.911 204.06 0.723661 94.413 103.81 66.9257 0.0202262 222.376 0.0122567 1.06562 128.381 61.0549 62.1907 0.835919 54.3933 96.8039 17.4426 44.4522 
19.2338 4.27027 264.023 454.196 120.076 47.2019 154.258 0 660.957 4.33035 168.216 516.212 138.439 19.2379 152.269 167.368 99.7569 148.63 81.4819 5.02615 18.6926 55.941 46.5693 105.838 179.798 3.45793 97.8059 135.419 
92.6445 468.188 87.1214 128.427 169.275 566.651 80.6162 661.944 0 141.39 1251.33 92.4116 51.943 33.0049 20.5163 9.57522 178.655 218.398 41.2599 48.879 20.7557 42.9094 102.24 84.1753 213.482 0.949216 45.659 96.7654 
152.429 200.387 101.01 85.7756 99.7974 437.545 378.098 221.47 101.868 0 37.6388 211.344 266.976 63.9139 40.4286 67.4437 79.0277 141.074 48.8326 19.4532 97.9135 3.2926 27.1539 36.6483 21.319 7.65529 23.5742 28.3104 
172.426 55.2067 236.44 27.1946 255.251 94.6398 193.453 64.2758 708.443 5.31116 0 403.833 208.775 99.3741 69.4953 224.147 9.95563 48.787 0.450679 70.3218 140.503 62.4221 95.5249 96.6084 26.3916 4.74718 84.2447 5.72333 
40.7133 57.571 28.3984 133.711 99.5588 1.33204 280.302 1.26083 340.975 170.206 422.062 0 12.7379 16.3792 271.747 26.6606 6.42924 12.9969 93.4498 92.5858 133.708 0.112509 125.67 137.579 45.5971 1.03175 88.3394 0.408689 
71.9884 31.783 39.8275 62.8609 165.275 126.265 128.582 12.1401 51.7043 209.287 60.8221 51.8133 0 33.2307 118.519 4.74332 0.642199 105.865 37.6751 3.50641 49.4648 83.8906 0.0139757 1.24801 2.10201 54.9945 14.3894 3.94216 
17.9276 59.8458 15.6194 0.63802 29.382 5.91066 56.8715 15.2563 4.58006 45.2927 135.254 2.7415 151.285 0 55.7519 11.5064 0.22263 53.2241 13.7405 4.40843 23.6559 8.49065 8.84979 0.765892 9.96536 6.45432 11.05 4.13713 
67.5941 85.303 6.71558 34.9899 49.9458 6.0794 10.9641 94.7198 210.462 101.506 137.412 126.954 60.6951 6.64798 0 1.64512 22.711 13.5856 35.782 9.45657 3.17772 4.46381 24.9695 26.814 11.8626 30.9258 11.5143 6.48582 
9.01799 7.5881 17.9274 29.3671 51.7533 3.41098 87.1627 191.388 132.718 8.84785 126.309 122.355 67.8521 17.49 70.9565 0 23.7799 60.5481 29.4531 2.96899 31.8063 10.9632 3.70736 24.9455 33.3276 29.2961 3.70865 0.949085 
92.7806 154.374 19.3576 127.078 47.8689 94.5628 108.559 2.24378 111.737 69.0479 13.5678 9.17144 49.2874 13.9908 21.1364 19.875 0 28.1962 235.44 22.3529 11.8618 19.9672 13.5413 11.4555 107.108 18.61 5.44379 23.7034 
198.528 320.796 84.1713 78.427 158.547 83.0775 195.866 3.16123 0.024556 22.2025 76.5782 0.487592 94.6211 51.6223 50.1763 5.1052 162.371 0 45.1807 73.6992 20.4 8.17103 27.9782 47.8722 56.7926 12.7231 37.772 0.0685936 
43.1032 137.774 1.56958 2.41941 286.756 27.3652 141.623 15.2483 0.743885 78.9881 0.738911 17.0563 7.89856 0.455535 0.0404584 20.1614 174.79 36.1028 0 12.7412 71.4884 11.242 11.0633 23.2044 14.572 27.3772 0.339231 1.79714 
195.864 74.7546 10.9421 41.5152 44.6062 16.2668 15.5686 115.983 68.1077 12.1578 83.8654 54.1584 4.41453 1.44198 7.31043 1.71168 23.7596 87.0969 35.8304 0 331.53 5.93472 0.126996 5.94987 11.1577 12.0146 1.07868 9.65214 
10.4868 177.71 0.0066278 130.195 1.95817 19.443 0.352553 43.378 90.9574 84.7356 146.447 32.4059 2.3463 2.50867 25.2923 30.7646 66.1937 120.789 70.2495 222.463 0 31.3144 0.160774 27.4166 46.6238 62.1005 22.8739 23.0485 
38.962 50.1668 7.06591 6.48442 54.3752 0.418921 0.163219 62.1852 55.8217 22.5309 4.23217 17.1135 77.8113 0.779284 17.2643 1.40207 0.160563 42.2527 13.8133 1.13483 16.9902 0 10.7387 7.22946 12.9893 10.779 0.0829288 6.54436 
36.9606 2.97538 11.2681 9.11764 3.31348 13.8338 42.2537 5.45968 87.958 51.8913 29.1127 90.9722 28.0611 9.6438 25.2687 8.49042 5.32903 13.6041 15.6819 3.56498 39.6379 2.60246 0 15.1154 10.0809 5.68527 0.233136 8.60771 
6.04422 27.5852 14.3518 17.8749 1.87631 3.96235 26.6562 72.2064 59.4847 1.59742 128.823 146.948 36.6419 0.338099 9.90994 28.2077 14.7546 5.3909 3.2647 3.45215 40.4126 8.14722 19.5689 0 36.2895 15.8666 14.1135 13.0832 
157.026 159.788 18.6288 129.033 22.4437 96.9128 84.2758 12.4153 120.557 47.2736 7.78249 299.519 33.227 9.06621 28.2953 9.11026 109.482 4.95647 5.82436 0.510155 0.596726 56.1169 22.518 18.2333 0 118.815 26.4449 149.778 
25.254 0.536033 25.0282 1.89183 55.0084 24.733 0.274991 167.562 0.932571 68.6519 160.277 349.616 55.0645 12.9033 30.688 23.3124 26.0877 5.6961 3.83523 9.55403 60.3585 0.885225 7.32306 2.88376 9.99099 0 37.9906 4.16305 
40.6023 15.0875 14.0111 20.7741 27.828 3.52925 34.8631 3.08473 18.3287 0.890754 36.7408 8.97281 38.1993 10.7675 15.3165 0.839986 12.8193 40.5481 16.7242 3.25671 40.8847 3.96862 1.07506 2.55314 34.9879 1.38651 0 0.471779 
11.6853 3.22752 1.29975 0.477405 35.5691 6.22746 29.8326 135.028 88.3065 24.8743 40.8266 88.1046 44.6732 0.0518366 17.8965 0.120553 23.9955 2.46861 3.65575 2.55343 49.8911 5.64027 0.724491 4.20388 13.1872 46.9682 78.3671 0 
