0 661.768 192.505 735.907 71.4477 545.388 236.418 292.705 437.516 19.052 83.7851 16.924 82.3949 13.9619 0.444432 2.45472 468.487 215.089 98.9414 72.1563 29.827 1.01738 0.000504731 56.25 461.901 75.1486 50.7787 54.1306 
432.809 0 397.3 491.11 90.452 590.906 520.064 79.2921 550.063 34.6921 260.414 161.271 108.032 27.831 34.8418 67.6301 424.362 176.218 111.795 64.2593 125.933 24.7108 1.43285 57.7847 492.691 35.1579 5.82253 0.661442 
181.457 177.226 0 272.538 149.763 19.6368 249.533 102.383 99.5172 65.5556 90.8621 145.225 30.5043 1.17003 12.0119 18.2827 5.07466 1.88552 29.4472 14.8584 28.7134 0.583857 5.73467 0.208138 24.5606 23.076 18.9507 12.8334 
425.797 488.593 382.58 0 1.97638 427.464 33.5565 928.495 444.077 105.636 35.4806 9.56871 2.61537 20.6067 0.116954 42.9036 443.82 52.7013 47.3759 0.12406 120.21 9.70437 10.767 4.72204 460.845 41.7804 27.5365 3.93093 
80.8816 300.567 183.568 47.1318 0 215.796 417.771 183.298 350.69 61.2496 194.19 16.8564 47.2312 20.4957 95.0488 22.9431 101.037 140.88 177.259 22.0974 126.535 40.2244 0.692685 3.14211 17.6401 70.6595 48.0523 28.1553 
550.342 643.494 14.4517 419.755 71.7818 0 733.635 9.7825 869.413 138.274 175.761 1.45539 642.262 17.5992 25.8508 26.7345 428.234 54.9996 30.5903 0.0225463 0.419271 18.375 0.416506 0.521411 422.412 0.148006 16.0098 5.11342 
199.456 1.91243 50.7758 185.885 292.077 844.036 0 39.4559 0.332992 2.03862 87.0149 222.706 67.9935 41.9231 30.6474 1.97361 60.0295 146.77 0.633945 85.2576 49.7918 62.9196 70.6352 8.34968 1.60913 9.71412 17.9595 18.0494 
290.751 253.578 153.651 154.073 40.1418 83.2264 362.008 0 621.025 176.182 135.209 954.982 0.000609897 125.163 2.59675 201.404 91.9349 147.952 107.949 66.6044 157.84 44.7353 55.3113 115.916 174.083 90.557 94.5983 44.5208 
555.098 730.893 357.351 598.854 8.27334 867.899 1289.57 626.385 0 384.125 1729.14 59.9625 6.52391 121.647 187.264 10.6209 471.325 8.08782 150.832 34.4505 186.101 26.4622 101.183 6.49725 529.867 3.5528 79.6605 75.7018 
62.3032 150.116 37.9572 27.1285 102.282 425.151 298.303 53.6361 33.8507 0 278.297 160.873 234.82 51.2765 16.7795 33.6148 13.947 60.1431 113.132 0.0872302 70.5219 25.7624 0.796498 23.4803 18.283 67.8107 45.8264 49.419 
194.626 69.6527 41.9959 183.398 227.29 164.611 467.452 41.0018 808.405 185.665 0 449.458 212.643 39.7157 261.354 224.989 31.2724 71.8947 106.861 0.00397471 148.28 47.0259 19.8857 92.0981 3.90634 165.178 52.2227 26.7811 
36.4838 88.0124 176.03 224.498 62.9862 133.249 283.972 277.882 308.117 0.379743 371.27 0 0.137503 166.042 233.148 475.186 79.3957 70.8879 99.971 13.3431 46.9776 2.72021 46.9895 77.2184 295.143 223.561 8.03568 58.8234 
1.79179 147.707 72.7626 65.4887 151.876 160.324 218.653 107.389 120.675 172.172 65.2618 13.094 0 95.5133 0.295102 20.8145 52.7371 54.9975 1.41929 42.4445 68.3999 90.1254 42.551 70.1881 29.6686 2.04214 31.0928 30.5785 
2.44837 50.6454 8.73848 19.9805 21.4376 5.59768 96.89 54.7796 61.3253 68.8428 15.8685 163.595 0.0268955 0 33.3843 13.5056 20.3952 2.62638 20.0222 4.78093 44.344 1.08222 8.24326 9.56059 2.33627 1.59385 0.0254059 5.79572 
70.3769 51.1031 9.7819 39.0061 94.7608 21.1462 9.38072 145.564 196.036 122.549 183.131 19.1401 43.1531 0.505927 0 50.6085 20.2791 61.048 38.5388 0.0604234 0.549451 17.5261 7.06116 22.4856 31.2736 18.704 16.6594 22.9772 
57.7566 7.06895 4.95359 17.2031 46.0198 3.86242 0.809828 221.574 131.288 87.8913 123.164 360.2 10.1288 6.41724 68.1617 0 23.8667 61.7027 3.10525 9.61286 6.76867 4.66204 5.35106 8.90707 3.84723 28.6599 7.81628 6.74714 
524.567 446.689 33.7054 434.047 2.03916 457.704 39.4398 2.38437 487.629 67.3165 89.9484 82.0194 36.7769 12.0697 23.4928 25.9145 0 285.328 207.3 30.6685 3.11701 20.898 7.01961 0.614781 428.027 0.0129195 22.0935 20.0855 
232.791 62.2439 95.7898 145.891 34.1567 116.166 234.408 2.93587 215.275 11.2719 141.194 36.4481 26.2437 0.133131 4.44017 9.93023 233.556 0 130.367 73.3882 45.8334 41.8254 43.8698 47.6066 0.705808 55.397 40.0127 19.6563 
100.693 47.1005 54.94 53.6891 280.965 68.4383 134.119 103.312 141.041 90.8074 92.3305 5.23644 6.88792 27.1653 3.24504 6.92767 182.775 85.1257 0 36.1075 0.0672758 10.4923 0.00153669 9.55771 26.9605 16.535 0.162355 18.1598 
55.8117 128.69 24.275 28.287 23.5516 0.788837 90.9662 17.7297 81.6083 0.62601 6.54957 90.5022 41.9879 2.50283 0.868813 1.94612 13.5648 87.0297 21.8469 0 4.78972 6.04719 3.64962 5.51233 0.000955824 11.9621 10.9426 9.99514 
15.4889 133.906 83.0072 177.246 0.00971905 12.6058 135.771 193.608 47.8513 90.9108 149.121 118.842 15.7507 16.1369 43.9278 56.4933 31.3747 45.4035 5.81169 165.251 0 31.3078 12.3064 9.73397 56.8508 4.47669 23.4293 47.9919 
0.636869 51.7192 2.90285 1.62675 5.21656 14.3413 3.71023 35.2772 14.5802 1.96147 0.0293059 5.23107 90.0468 2.41356 3.11055 7.95068 0.0229649 13.7061 8.01891 1.31814 29.3045 0 13.4764 2.59199 7.88276 9.45899 8.36317 7.68246 
9.9442 2.28353 6.63639 11.9772 32.0551 6.65935 70.5989 2.20949 79.4668 17.2762 2.10377 4.82957 2.07866 6.24567 4.90136 6.82591 0.809435 35.1197 0.874063 2.50395 33.4732 3.45995 0 3.28557 18.3285 4.85252 12.3655 10.005 
24.7021 47.6689 14.6461 0.986865 34.8591 7.2478 11.688 1.99133 95.7985 58.7663 22.4616 66.5516 44.9489 5.63099 16.7697 0.00118153 20.8732 4.68534 9.6687 0.252127 17.7595 3.34203 18.3303 0 32.8582 5.01845 0.408052 13.3369 
492.19 438.33 13.5084 455.495 17.781 432.457 23.8015 108.955 419.936 1.77938 0.255549 311.579 55.6689 12.3324 19.8805 63.9235 425.817 59.6014 18.8999 12.8428 7.1061 88.8209 6.38767 37.3335 0 52.5537 71.3366 15.6278 
73.011 75.5217 16.8425 33.76 6.53324 26.4163 73.6101 234.208 3.52082 6.85718 12.539 295.791 2.31458 9.79106 15.6353 32.2865 13.9433 48.1042 0.0799182 7.81545 2.10689 4.26082 3.20372 16.6088 14.6007 0 29.5301 0.0250066 
47.7107 6.38155 9.02604 7.89757 14.9666 0.658139 4.65646 6.46901 69.177 38.9465 77.0624 26.6505 4.46257 0.151052 19.0302 0.0140621 21.3779 10.5637 20.7684 3.48035 4.54965 12.8163 10.9647 17.3942 11.0138 14.6052 0 9.96159 
12.8651 37.5764 22.1588 9.69833 56.8913 5.44446 54.8128 35.7872 59.616 51.6456 107.026 8.20729 24.0299 11.2996 14.99 4.18061 20.803 8.14207 15.1378 2.16175 27.823 1.53038 0.610905 12.2145 37.7807 29.889 91.006 0 
