0 649.735 193.89 709.932 73.4797 523.205 234.944 293.851 413.958 18.4741 84.837 17.6972 82.7668 14.1292 0.39878 2.59443 446.4 214.06 98.5241 67.1155 31.1464 0.986875 0.00191517 56.3186 439.028 75.3167 50.7515 53.997 
413.707 0 405.448 464.765 84.2042 570.764 521.728 81.3434 531.667 36.0999 261.018 162.458 107.36 28.1216 35.3139 67.9485 401.46 452.259 112.91 63.1538 126.857 24.5661 1.4934 57.6751 469.979 35.524 5.91438 0.61903 
183.164 166.31 0 277.65 148.298 19.0445 249.642 99.289 91.9597 66.381 88.5004 143.97 30.1654 1.12725 12.2218 18.4104 4.92271 2.18456 29.1217 14.6839 27.9613 0.598161 5.68577 0.223226 24.4683 22.965 18.933 12.9176 
405.045 462.296 371.298 0 2.2561 405.253 32.1515 438.873 419.295 105.774 34.2636 8.60478 2.50392 20.6713 0.141592 42.9297 421.016 51.7589 47.6238 0.0894503 108.523 9.74669 10.84 4.81728 438.354 41.9192 27.5444 3.83954 
82.9896 292.191 184.123 46.0139 0 207.707 419.945 184.305 351.435 58.3639 192.6 17.3612 48.1892 20.7591 95.0439 22.6561 101.921 139.254 180.76 22.5197 126.753 40.0639 0.734467 3.22574 17.8443 70.6415 48.0165 27.9891 
527.614 619.686 14.9932 397.324 428.874 0 712.916 9.0162 842.659 5.21126 178.663 1.65703 432.192 17.5063 26.1273 26.6912 405.865 54.2577 29.9728 0.0299727 0.467278 18.4212 0.395894 0.545121 399.768 0.167665 15.9636 5.04751 
197.47 1.04656 53.3416 184.802 297.375 859.087 0 36.8544 0.462186 3.30121 82.2286 224.476 69.5089 42.4684 29.7766 1.81365 59.5566 148.355 0.763612 85.553 49.169 62.9102 70.7294 8.53876 1.49853 9.40433 17.7931 17.8119 
289.498 251.979 150.452 153.033 41.1634 85.0555 364.856 0 626.003 177.406 138.452 967.659 0.0061962 125.302 2.95695 198.832 91.7519 147.269 107.706 67.2191 156.801 44.9254 54.8174 116.572 173.125 92.8966 94.793 45.2524 
534.49 704.536 365.343 580.521 9.31858 841.029 1277.76 631.041 0 384.805 1439.63 62.768 6.08895 122.399 181.58 11.1626 448.325 8.57759 150.561 33.9726 185.958 26.2518 101.281 6.27042 506.834 3.28115 79.6664 76.0595 
63.1752 148.178 37.1726 26.5644 98.8288 411.824 306.943 52.3617 36.4179 0 267.432 159.136 230.848 51.8072 15.9969 33.0339 13.7011 60.8621 113.523 0.0703487 70.8461 25.5065 0.732965 23.7451 18.57 68.0591 45.8813 49.5655 
194.667 67.9857 40.1589 184.359 228.499 161.633 469.858 43.1287 814.76 175.675 0 445.022 214.058 41.4047 268.231 224.366 31.5643 72.664 106.431 0.000719159 148.179 47.2964 20.4932 91.3983 3.62178 164.968 52.5229 27.2237 
35.4191 89.3123 176.75 222.68 62.166 132.491 284.161 300.775 311.412 0.535668 377.049 0 0.185672 166.18 235.426 470.545 79.2413 71.5 100.021 13.6352 46.2675 2.81752 46.2505 75.6235 299.3 216.624 8.33938 60.0681 
1.68346 147.581 72.8242 65.3037 151.101 159.072 218.805 106.801 121.915 167.832 66.9542 12.6802 0 93.6737 0.20823 21.2552 52.5846 55.3804 1.33289 42.4779 68.2554 90.1804 41.9083 70.2079 29.4682 2.12081 31.0142 30.4564 
2.52841 50.9149 8.82292 19.9089 21.1718 5.69917 96.8805 55.5286 62.2848 69.2601 17.0159 163.238 0.0988901 0 34.837 13.2889 20.424 2.55426 20.0967 4.7792 44.3754 1.04755 8.12395 9.50787 2.27757 1.54779 0.0222121 5.8416 
70.2955 51.5931 9.58417 39.0502 94.7063 21.4312 9.91596 144.341 194.681 123.199 190.309 20.8262 44.0684 0.277077 0 48.3732 20.2015 60.888 38.5359 0.065917 0.588086 17.5208 7.287 22.6876 31.2496 18.917 16.6077 22.9489 
57.3948 7.29072 4.83804 17.4969 46.3233 3.96502 0.918334 219.382 130.556 87.6457 125.523 369.993 9.7998 6.19709 70.0507 0 23.8278 61.7093 3.16239 9.60675 6.92139 4.61532 5.45311 9.28936 3.97204 28.8727 7.89236 6.63083 
501.957 424.829 33.9649 411.698 2.25795 435.383 39.8958 2.48859 465.492 67.0501 90.0953 81.8892 36.9711 12.0156 23.561 25.9017 0 284.746 128.849 30.7371 3.03468 20.9089 7.05927 0.630575 405.401 0.0161184 22.1037 20.1252 
232.332 59.715 97.116 145.871 35.3309 115.799 234.434 2.71884 214.921 10.8859 140.6 36.9733 26.5749 0.150393 4.56352 10.086 236.067 0 129.76 73.0747 46.3003 41.8042 43.9078 47.5725 0.74548 55.52 40.0752 19.7871 
100.293 46.0619 55.1413 53.891 282.709 68.9975 133.42 103.604 141.506 91.4349 91.8187 5.08521 7.07588 27.1471 3.17031 6.84896 183.883 86.0062 0 36.0779 0.0543287 10.5537 0.00266769 9.49843 27.0151 16.6222 0.170492 18.1009 
53.1895 129.33 24.1597 28.6501 23.9831 0.749173 90.7697 17.2872 82.0405 0.674317 6.37244 90.7076 42.0305 2.48935 0.88858 1.91789 13.4521 86.9585 21.977 0 3.30834 6.05311 3.6562 5.52479 0.000360494 11.9699 10.9384 10.0165 
16.4761 134.784 82.1453 176.104 0.00257338 12.3717 136.074 194.216 48.7087 91.1092 149.153 119.564 15.5743 16.0095 44.0963 56.3432 31.5728 44.9385 5.93392 158.474 0 31.2804 12.4043 9.6165 56.949 4.59761 23.322 47.9204 
0.661531 51.7207 2.87439 1.65217 5.31843 14.2716 3.81193 35.4784 14.757 2.05392 0.0409136 5.10032 89.976 2.46222 3.16925 7.99587 0.0259086 13.797 8.07683 1.32882 29.3446 0 13.5518 2.65349 7.78859 9.47911 8.39418 7.70436 
9.82518 2.3592 6.58734 12.0486 32.2404 6.5942 70.5012 2.35599 79.8787 17.0195 1.89781 4.54061 1.89068 6.08665 5.10091 6.72332 0.826067 35.2186 0.85136 2.49377 33.3943 3.36093 0 2.989 18.1894 4.89903 12.3372 9.99691 
24.4918 47.4848 14.6779 0.940497 35.035 7.31645 11.4721 1.78514 95.6066 58.8553 21.8802 65.0018 44.5969 5.53567 16.5201 0.00176225 20.8806 4.60675 9.72815 0.259368 17.901 3.40947 18.0524 0 32.4354 5.10728 0.382714 13.3056 
469.544 415.495 13.3729 432.76 17.577 409.773 23.4266 110.518 397.51 1.88304 0.336117 23.5482 55.6401 12.4064 19.6987 61.6434 403.195 59.5868 18.98 12.8654 7.23905 90.108 6.18291 37.0761 0 45.6195 59.9439 8.45357 
73.2136 75.3023 16.6964 33.5136 6.38023 26.3586 74.0699 234.249 3.25039 7.08528 11.9086 301.846 2.39808 9.72974 15.8534 32.3672 13.8738 48.2722 0.0712444 7.85562 2.19188 4.23082 3.24684 16.6224 14.3217 0 29.7507 0.0687633 
47.6376 6.28659 9.08529 7.81426 15.0773 0.678486 4.5597 6.26534 69.3541 38.8362 76.8724 26.1511 4.40154 0.143152 19.0018 0.0185865 21.3601 10.6489 20.8033 3.45653 4.48461 12.8137 10.9249 17.4468 10.8467 14.3464 0 10.8481 
13.0369 37.7878 22.1511 9.56931 56.9073 5.51213 55.0532 36.4746 60.0271 51.7725 107.197 7.66159 24.1603 11.3206 14.8871 4.08222 20.8399 8.24053 15.0755 2.13707 27.9702 1.51306 0.627117 12.2563 37.924 29.0606 91.3878 0 
