0 621.426 184.326 765.447 60.9351 557.573 243.77 285.906 457.65 22.2618 78.2057 13.0691 80.383 13.0799 0.729249 1.77312 480.368 220.202 101.1 97.4579 23.213 1.18782 0.00830282 55.8587 477.964 74.1999 50.9108 54.8239 
435.121 0 348.108 526.799 126.607 591.954 506.956 68.6444 542.903 27.5854 256.759 154.827 111.553 26.29 32.3489 65.8946 440.747 161.924 105.78 70.1765 120.932 25.483 1.1307 58.3469 507.863 33.2155 5.34342 0.910993 
171.666 237.118 0 235.016 157.215 22.8786 247.611 119.169 143.182 61.1269 103.644 151.694 32.3204 1.41037 10.9071 17.588 5.9198 0.659292 31.1841 15.7858 32.8403 0.510314 5.99598 0.13648 25.037 23.6485 19.0394 12.3829 
434.008 524.059 381.393 0 0.795033 440.104 41.4417 1286.45 471.841 104.772 42.2452 15.5288 3.24959 20.2503 0.0252546 42.6945 459.521 57.7849 46.0316 0.403389 81.8665 9.47812 10.3769 4.22688 474.834 40.9865 27.4842 4.43422 
69.9176 344.461 180.059 53.2215 0 250.48 403.93 177.76 345.676 77.5112 202.459 14.2764 42.2295 19.108 94.9949 24.4895 96.2619 149.461 158.386 19.8929 125.303 41.0727 0.490174 2.71363 16.5637 70.7223 48.2339 29.0426 
565.414 663.575 11.6919 433.597 69.4525 0 637.671 14.3638 900.702 43.7285 159.999 0.599677 349.783 18.0821 24.3617 26.9401 441.636 58.967 33.9327 0.000763571 0.207039 18.1213 0.535005 0.40363 437.271 0.0637822 16.2534 5.46994 
209.715 10.8526 37.9301 191.15 263.066 725.998 0 54.6389 52.3086 0.424331 114.224 212.965 60.0754 39.0313 35.4381 2.93752 62.5451 138.23 0.145813 83.6136 53.1424 62.9448 70.0904 7.37223 2.26381 11.4408 18.8542 19.3336 
296.74 261.658 170.523 174.631 34.8649 73.6111 345.579 0 589.656 169.462 118.223 870.048 0.0691084 124.268 1.0674 214.422 92.8781 151.504 109.192 63.3117 163.255 43.715 57.9376 112.291 178.847 78.2884 93.5077 40.6736 
559.075 764.634 311.819 590.619 3.73573 899.838 1299.88 596.638 0 378.792 981.236 45.9214 9.08582 117.467 201.004 7.94548 488.07 5.7117 152.14 37.0268 186.694 27.5897 100.58 7.76959 546.693 5.17798 79.5995 73.7644 
57.6891 160.313 42.2079 30.2015 121.199 484.918 251.6 60.6073 21.6288 0 336.41 169.985 255.138 48.4243 21.2158 36.7455 15.2879 56.3325 110.931 0.20779 68.7743 27.1324 1.17914 22.0775 16.7771 66.4322 45.5207 48.6189 
194.216 78.7524 52.3219 177.934 220.53 180.238 452.13 30.4762 778.788 241.2 0 471.071 204.773 31.1835 223.694 227.509 29.7288 67.8117 109.094 0.0656728 148.737 45.5782 16.7759 95.7607 5.60044 166.006 50.6139 24.4635 
42.374 81.1418 171.846 233.522 67.3991 137.137 282.415 166.872 289.894 0 339.344 0 0.00251396 164.965 220.123 492.029 80.1975 67.6281 99.668 11.8313 50.8183 2.22937 50.9687 85.7954 288.362 259.86 6.50545 52.2998 
2.42516 148.247 72.3802 66.442 155.851 162.816 217.437 110.482 114.022 195.174 56.4888 15.4028 0 105.134 1.01238 18.5171 53.5378 52.9551 1.92461 42.2532 69.1549 89.7131 45.9859 70.0183 30.7356 1.64689 31.5072 31.2254 
2.04222 49.1902 8.28791 20.351 22.8708 5.067 96.835 50.8087 56.2493 66.5433 10.3809 165.164 0.407715 0 25.6243 14.6201 20.2376 3.02696 19.6207 4.78888 44.1636 1.27549 8.80902 9.81653 2.65971 1.84918 0.0460548 5.55135 
70.7704 48.4861 10.8563 38.7319 94.972 19.6266 6.76343 151.846 202.753 118.789 145.517 11.2848 38.3465 2.85084 0 62.1472 20.6897 61.878 38.5381 0.0351559 0.365293 17.5433 5.8958 21.3641 31.3642 17.558 16.929 23.1126 
59.6577 5.93909 5.58697 15.6511 44.3929 3.33465 0.345705 232.379 135.006 89.0768 110.539 304.645 11.9611 7.62091 57.2206 0 24.0689 61.6431 2.80847 9.64117 5.9798 4.91254 4.81173 6.95104 3.24652 27.4475 7.41251 7.37689 
539.162 457.466 32.3128 447.336 1.05899 470.814 37.0273 1.86528 499.76 68.7108 89.135 82.691 35.7392 12.3575 23.1246 25.9772 0 287.205 368.701 30.2921 3.57368 20.8371 6.80892 0.533865 442.78 0.00182725 22.0368 19.8716 
234.808 71.8484 88.6593 145.773 28.1806 117.985 233.882 4.23165 216.919 13.4333 144.28 33.6902 24.5013 0.0588067 3.80905 9.11588 219.422 0 133.475 75.0135 43.3596 41.931 43.6572 47.7764 0.512325 54.7233 39.6737 18.9615 
102.755 52.7535 53.8214 52.5809 270.454 65.3764 137.703 101.711 138.444 87.3979 95.0233 6.07825 5.92498 27.2542 3.65675 7.35268 175.999 80.4091 0 36.2499 0.159628 10.1662 0.000741828 9.8748 26.6637 16.0696 0.122312 18.4719 
70.4626 125.039 24.8611 26.3363 21.2954 1.01696 91.933 20.1651 79.2602 0.398478 7.53189 89.3541 41.7474 2.57467 0.766911 2.09931 14.1687 87.3411 21.1496 0 17.1459 6.01481 3.61383 5.44456 0.00893325 11.916 10.9628 9.87914 
10.7099 129.134 87.5368 188.544 0.125399 13.8832 134.066 190.166 43.3672 89.8163 148.866 114.945 16.704 16.8201 43.0176 57.2679 30.3203 47.9005 5.17962 201.146 0 31.4501 11.7877 10.3694 56.3073 3.85737 24.0007 48.3609 
0.513057 51.697 3.05625 1.49427 4.68837 14.7094 3.18965 34.2035 13.6508 1.50337 3.05343e-05 5.95375 90.3048 2.16006 2.80495 7.70764 0.0102629 13.2242 7.71197 1.2617 29.0874 0 13.0506 2.27368 8.38694 9.34945 8.19698 7.56488 
10.5877 1.90009 6.89761 11.5946 31.0648 7.00842 71.0776 1.50647 77.2263 18.6627 3.37726 6.51374 3.2271 7.0614 3.89024 7.3695 0.72349 34.5864 0.999993 2.558 33.8877 4.00472 0 5.04625 19.0465 4.60489 12.5108 10.0442 
25.8282 48.6371 14.469 1.25227 33.9163 6.88353 12.8668 3.2774 96.7559 58.2531 25.6638 74.9378 46.8079 6.13621 18.0837 0.194674 20.83 5.11438 9.35272 0.215169 17.0089 2.99042 19.5917 0 35.0129 4.55231 0.556505 13.4969 
507.005 454.214 14.2315 470.789 18.8818 447.514 25.832 100.57 433.739 1.27494 0.011917 899.097 55.7985 11.9311 20.8393 72.9873 440.546 59.6607 18.4711 12.7178 6.41544 73.3329 7.52182 37.9142 0 82.929 159.807 76.2438 
71.8814 76.6457 17.6157 35.0419 7.37679 26.7051 71.1146 233.164 5.13958 5.69875 16.1518 261.71 1.8934 10.1115 14.4722 31.754 14.314 47.1956 0.134524 7.59982 1.68171 4.42144 2.97647 16.5176 16.1164 0 28.3197 0.157646 
48.0886 6.89844 8.71053 8.34614 14.3799 0.554673 5.18785 7.60585 68.2112 39.5256 78.0466 29.3685 4.7942 0.196721 19.1741 0.000569142 21.4704 10.113 20.5794 3.60813 4.90341 12.8274 11.1726 17.1025 11.9628 15.9976 0 5.81658 
11.9624 36.4456 22.1889 10.3948 56.7901 5.08853 53.5137 32.1955 57.4114 50.9477 106.041 11.4172 23.3333 11.1829 15.5337 4.72036 20.6038 7.62479 15.4697 2.29522 27.0368 1.62411 0.52783 11.9859 36.9724 34.3153 88.2928 0 
