0 535.656 179.758 711.246 55.901 496.609 247.114 282.085 401.039 23.9444 75.4391 11.317 79.3597 12.6463 0.897697 1.47296 419.382 222.518 102.134 108.25 20.1844 1.27786 0.0218801 55.6474 419.058 73.693 50.9683 55.1582 
373.456 0 320.571 478.303 146.245 525.306 497.812 63.5209 472.847 24.2984 254.664 151.539 113.274 25.5262 31.1195 65.0044 382.112 820.887 102.732 73.1399 118.388 25.8693 0.992757 58.6135 448.493 32.2511 5.11074 1.05055 
166.368 267.298 0 210.988 160.7 24.5445 245.809 127.688 166.715 58.9021 110.118 154.778 33.2328 1.53814 10.3653 17.2329 6.36382 0.281769 32.0524 16.2465 34.9717 0.475326 6.12686 0.106257 25.2645 23.9223 19.08 12.1569 
373.405 475.476 350.906 0 0.401862 379.56 45.6157 841.571 419.702 104.258 45.7905 19.0109 3.59114 20.0649 0.00453297 42.546 400.442 60.3583 45.3459 0.602549 723.435 9.3647 10.1815 3.98767 414.871 40.5568 27.4514 4.69536 
64.6298 365.642 177.968 56.3392 0 262.535 395.651 174.889 342.524 86.1404 206.448 13.0602 39.8017 18.4255 94.9175 25.2724 93.8435 153.688 148.882 18.8225 124.642 41.4918 0.401909 2.51058 16.0341 70.7325 48.3187 29.4861 
505.878 606.056 10.3984 373.671 805.485 0 799.56 16.9591 845.808 507.412 151.981 0.311349 618.636 18.3152 23.6097 27.0267 381.424 60.9566 35.6302 0.00113232 0.128656 17.9898 0.599624 0.350268 377.776 0.0347464 16.3731 5.65133 
214.618 17.9955 32.0855 193.449 248.202 648.005 0 63.0083 109.855 2.85682 128.788 207.917 56.2306 37.5979 37.9208 3.48899 63.797 133.913 0.0304399 82.7491 54.8355 62.9419 69.7918 6.90382 2.6319 12.35 19.306 19.9863 
299.284 265.402 178.79 196.356 32.3402 68.9075 336.637 0 571.122 165.99 109.96 817.924 0.165366 123.727 0.552346 220.445 93.3287 153.219 109.78 61.6594 165.878 43.2011 59.2444 110.403 180.998 72.3181 92.9302 38.787 
494.145 713.946 287.654 519.598 2.12838 845.286 1271.66 578.841 0 375.065 1689.44 39.514 10.5182 115.271 193.532 6.74548 429.513 4.67435 152.707 38.3314 186.881 28.1567 100.228 8.44442 488.114 6.1006 79.5506 72.777 
55.4097 165.303 44.3687 31.7753 130.92 506.143 228.181 64.1931 16.484 0 365.13 174.437 264.667 46.9862 23.5919 38.3284 15.9763 54.4447 109.76 0.28731 67.8895 27.82 1.39797 21.383 16.041 65.7104 45.3596 48.207 
193.888 83.4248 57.7912 174.995 216.962 187.837 442.955 25.7478 763.381 269.942 0 480.501 200.643 27.2391 204.517 228.252 28.9649 65.7856 110.175 0.124494 148.909 44.8511 15.306 97.5454 6.55662 166.233 49.8053 23.3328 
45.4465 77.7504 169.545 237.59 69.6284 138.98 281.293 119.979 280.415 0.0958494 322.819 0 0.0121611 164.209 213.101 495.256 80.5847 66.0034 99.4921 11.1047 52.7708 2.00172 52.9789 90.114 295.066 277.307 5.79761 49.1214 
2.77681 148.437 72.1554 66.8966 157.735 161.636 216.573 111.999 110.675 206.488 52.2717 16.6202 0 109.786 1.53015 17.4046 53.9299 51.9336 2.20533 42.1492 69.5221 89.4318 47.7034 69.8928 31.2675 1.46475 31.7114 31.5458 
1.85242 48.4521 8.06264 20.5289 23.5966 4.8086 96.741 48.8408 53.7414 65.349 8.05144 165.732 1.07948 0 21.8417 15.1473 20.1564 3.23723 19.4176 4.79205 44.0653 1.37726 9.04346 9.92797 2.82777 1.98276 0.0586583 5.42941 
70.9414 47.1769 11.4047 38.5705 95.0273 18.8689 5.60731 154.828 205.777 116.73 127.403 8.10055 35.9989 4.69966 0 67.5029 20.8932 62.2778 38.5276 0.0250656 0.287196 17.5448 5.34064 20.7773 31.3854 16.9801 17.0602 23.17 
60.5878 5.40832 5.91379 14.8868 43.574 3.08332 0.186436 237.188 136.748 89.5899 104.235 275.446 12.9247 8.23687 51.3674 0 24.1668 61.5979 2.66507 9.6526 5.60179 5.03853 4.54599 6.03569 2.98819 26.795 7.21205 7.69729 
479.483 396 31.612 387.06 0.687545 410.429 35.8352 1.62919 438.888 69.3903 88.7099 83.0121 35.2189 12.5011 22.9379 26.0047 0 287.363 140.913 30.0975 3.81306 20.8049 6.7041 0.495498 383.227 5.29755e-05 22.0069 19.7631 
235.54 72.8812 85.0702 145.573 25.3792 118.809 233.374 4.9659 217.585 14.5777 145.772 32.3399 23.646 0.0328673 3.51065 8.71956 211.929 0 134.943 75.7953 42.1345 41.9792 43.5446 47.8537 0.427067 54.3754 39.5005 18.6159 
103.74 55.6481 53.2344 52.0074 264.471 63.7996 139.399 100.881 137.073 85.6557 96.3453 6.52104 5.46871 27.2933 3.87085 7.56841 171.962 78.042 0 36.311 0.220512 10.0037 0.00365679 10.034 26.5119 15.8366 0.1044 18.6269 
78.1401 123.071 25.1355 25.3544 20.1977 1.14136 92.3647 21.4293 78.0601 0.30377 8.04638 88.7466 41.6191 2.61052 0.71818 2.17746 14.472 87.4535 20.7993 0 26.0106 5.9981 3.59551 5.40986 0.015952 11.8898 10.9717 9.8198 
8.63558 126.692 89.7511 196.578 0.232136 14.5398 133.158 188.319 41.1829 89.2467 148.684 112.967 17.1883 17.1638 42.5558 57.6385 29.7943 49.1584 4.87617 218.58 0 31.5187 11.5308 10.6926 56.0226 3.56384 24.286 48.5373 
0.456102 51.6773 3.13396 1.42993 4.43385 14.891 2.94338 33.6664 13.1948 1.29661 0.00596593 6.33112 90.3579 2.0373 2.65691 7.5849 0.00580438 12.985 7.55975 1.23384 28.9767 0 12.8234 2.12083 8.63994 9.2933 8.11338 7.50556 
10.9148 1.72112 7.02783 11.4021 30.5684 7.18385 71.29 1.20455 76.0794 19.3673 4.1235 7.44483 3.892 7.44319 3.42069 7.63827 0.682243 34.3161 1.06599 2.5849 34.0908 4.28674 0 6.02262 19.3895 4.48157 12.5801 10.0615 
26.393 49.1119 14.3756 1.39621 33.4422 6.70274 13.4727 4.03671 97.1921 57.9724 27.3247 79.196 47.7244 6.3857 18.7276 0.414565 20.8062 5.33511 9.19542 0.197757 16.6363 2.81996 20.0714 0 36.02 4.32456 0.639111 13.5726 
447.453 395.237 14.5931 411.484 19.4398 388.111 26.8665 96.3634 373.788 1.05366 0.0079432 228.799 55.848 11.7263 21.311 75.1749 380.98 59.6787 18.2558 12.6528 6.08172 61.7496 8.11375 37.6653 0 89.8487 188.931 104.666 
71.2864 77.1787 17.9976 35.661 7.8155 26.8374 69.8409 232.122 6.05884 5.15655 18.1105 243.787 1.69815 10.2672 13.8923 31.4244 14.4992 46.7338 0.167095 7.49115 1.48657 4.50211 2.86473 16.4603 16.89 0 27.6947 0.454427 
48.2701 7.16329 8.55316 8.57306 14.0891 0.506164 5.46335 8.20589 67.715 39.8093 78.5198 30.7615 4.96387 0.221776 19.2412 0.000552271 21.5152 9.8902 20.4835 3.67247 5.08462 12.8311 11.2739 16.9498 12.4706 16.7006 0 4.13435 
11.5203 35.878 22.197 10.7479 56.7292 4.91376 52.8537 30.4484 56.303 50.5856 105.501 13.2057 22.9847 11.1213 15.8022 4.99929 20.5025 7.37138 15.6352 2.36309 26.6432 1.67182 0.488446 11.8683 36.5422 36.5159 86.5229 0 
