0 55.1763 149.181 351.824 30.8806 124.994 261.464 255.8 58.2526 34.2935 60.288 3.74903 73.4107 10.3061 2.1636 0.299039 49.1944 232.37 107.367 135.132 6.90605 1.84289 0.218147 54.2698 60.3874 70.4583 51.1858 56.8808 
50.1088 0 153.963 181.994 268.322 121.599 418.157 37.6542 59.0367 9.44939 239.73 132.392 122.392 21.3343 24.4652 59.7482 26.2794 776.925 85.2977 89.5918 103.654 28.0396 0.382363 59.9283 86.9938 26.9409 3.89004 2.01574 
132.728 414.333 0 60.7411 176.862 34.2277 225.787 175.423 305.754 46.4352 146.559 169.969 38.3888 2.34649 7.4815 15.1588 9.11212 1.1066 36.899 18.7711 47.6346 0.300987 6.86281 0.00654496 26.4055 25.2974 19.2615 10.8795 
32.6801 179.001 297.874 0 0.668194 12.6623 71.3924 442.487 108.444 100.392 67.4115 44.2548 5.8084 18.9362 0.200357 41.1774 40.89 75.0378 41.342 2.44044 230.849 8.72398 9.08064 2.75365 50.027 37.76 27.1867 6.27615 
37.8649 467.433 162.349 74.501 0 304.644 334.517 157.647 317.264 139.145 226.795 7.17289 27.1763 14.746 93.8608 29.7774 79.9853 176.358 96.6316 13.2439 120.397 43.7804 0.0681271 1.51053 13.171 70.5251 48.7198 31.9731 
141.993 247.099 4.3789 10.4049 908.137 0 523.874 35.0174 463.565 725.253 106.704 0.436031 243.619 19.5127 19.3429 27.3087 15.7259 72.1085 45.3719 0.142889 0.0337419 17.1955 1.028 0.119832 15.971 0.0345607 17.0194 6.70658 
238.873 88.1371 7.73071 201.963 163.93 174.537 0 118.168 693.037 54.8067 218.803 177.773 36.3387 29.7559 52.7541 7.42341 70.7332 109.371 0.982514 77.3951 64.5163 62.7316 67.7935 4.53172 5.1948 17.9958 21.8968 23.7759 
307.75 282.452 221.516 388.618 19.6855 44.2845 278.975 0 439.143 145.311 67.3063 456.898 1.47308 119.557 0.792313 247.081 95.5961 162.068 112.653 52.359 179.451 40.2687 66.4679 98.9489 190.031 41.7109 89.3001 28.7292 
102.23 392.275 149.067 96.0362 1.47609 464.956 782.59 449.848 0 341.802 918.902 11.9616 20.364 101.763 67.6265 1.78663 72.8808 0.760328 154.78 45.8284 186.578 31.3757 97.6445 12.7029 130.56 12.5969 79.0472 67.0216 
43.0379 191.517 56.7905 41.0054 186.954 495.429 106.162 85.366 0.46556 0 508.563 197.818 308.103 38.8351 38.6142 47.35 20.0546 44.1111 102.356 0.971239 62.7979 31.7045 2.96214 17.5818 12.133 61.2754 44.3534 45.7529 
190.534 110.863 91.4882 156.197 194.831 226.522 375.082 6.33556 553.405 429.514 0 514.406 175.375 9.62695 101.392 225.954 24.7803 54.6382 115.773 0.801127 149.194 40.7324 8.1827 106.911 13.235 165.189 45.2201 17.3587 
64.1136 59.4077 154.232 254.358 82.3723 147.975 270.825 0.531055 223.94 4.16196 226.771 0 1.0226 157.347 168.798 448.873 82.5878 56.9732 98.201 7.40331 64.0873 0.945656 64.429 114.28 353.172 358.968 2.55209 32.534 
5.1813 148.5 70.4829 69.1704 166.945 141.316 208.62 120.111 91.7943 264.918 31.021 24.2006 0 133.018 6.36063 11.6574 56.0274 46.2069 4.1266 41.4624 71.4562 86.9358 57.2413 68.6905 34.2324 0.635658 32.8203 33.3047 
0.953161 44.1939 6.80401 21.4337 27.7719 3.45208 95.393 38.0998 40.1858 58.1566 0.415911 166.198 10.6268 0 4.80337 17.6269 19.671 4.54123 18.2487 4.79985 43.4134 2.0092 9.67042 10.3368 3.8451 2.80161 0.157621 4.74926 
71.5787 39.8567 14.5942 37.3682 94.7127 14.6858 1.09064 169.342 218.23 103.19 42.384 0.0061274 23.7064 21.6557 0 87.803 22.0135 64.3294 38.3434 3.54698e-05 0.0224727 17.4647 2.63829 17.2274 31.2057 13.7135 17.75 23.3649 
65.535 2.86417 7.8608 10.7866 38.9245 1.83599 0.200385 255.915 144.953 91.4585 69.8937 115.887 18.8804 11.7385 19.3102 0 24.6762 61.1533 1.92315 9.68287 3.68809 5.75368 3.12632 1.92873 2.07389 22.6511 6.10677 9.55268 
115.978 24.0654 27.6371 20.9177 0.0886825 43.4432 29.3358 0.595996 69.1864 72.9796 86.0936 84.6327 32.2822 13.3034 21.8575 26.112 0 278.617 548.307 28.9251 5.29373 20.601 6.12196 0.305833 21.01 0.0369272 21.8186 19.1354 
236.169 37.2286 64.9545 142.715 12.1418 122.329 227.54 10.1409 219.371 21.7628 153.476 25.1416 19.0458 0.0266164 2.0501 6.6315 165.994 0 142.052 79.7832 35.4179 42.192 42.8333 48.1927 0.091612 52.2878 38.4819 16.7 
108.674 72.5632 49.6149 48.5579 223.133 54.4838 147.658 95.8721 128.522 75.4801 103.438 9.27686 3.22595 27.4459 5.17328 8.8191 139.207 64.7417 0 36.5278 0.744548 9.09942 0.0611226 10.9349 25.6173 14.5254 0.0300102 19.4826 
123.505 110.417 26.4303 19.8394 14.4447 1.96558 94.1342 29.0632 71.0307 0.00994635 11.2164 84.933 40.7981 2.81112 0.472368 2.63504 16.191 87.5448 18.8151 0 102.73 5.89788 3.48733 5.20498 0.0929593 11.7054 11.0059 9.47009 
1.07929 112.396 101.419 231.584 1.43648 18.4405 127.399 176.472 29.703 85.7767 146.973 101.536 20.0012 19.1195 39.8801 59.5094 26.8595 56.32 3.33028 299.663 0 31.8733 10.1188 12.5735 54.2669 2.11973 25.8826 49.4268 
0.197727 51.4592 3.58272 1.09234 3.12564 15.8762 1.73585 30.6494 10.7446 0.415265 0.294619 8.6463 89.7125 1.40137 1.88831 6.88242 0.00424393 11.6633 6.72073 1.0816 28.3286 0 11.3903 1.34692 10.065 8.96113 7.63785 7.16561 
12.8169 0.876004 7.75279 10.3088 27.7654 8.17723 72.1446 0.132681 69.3389 23.445 9.63005 13.7333 8.70379 9.1061 1.29227 9.08495 0.472176 32.7535 1.47417 2.73425 35.18 5.9659 0 12.0984 21.0924 3.79747 12.925 10.1289 
29.5822 51.6582 13.7923 2.3405 30.7513 5.70634 17.0713 9.7033 99.1025 56.1024 37.3212 103.457 52.6771 7.71926 22.1062 3.09228 20.6459 6.65113 8.3209 0.113165 14.5798 1.93584 20.6665 0 40.6113 3.121 1.20457 13.9434 
84.8931 36.3911 16.6149 50.3801 22.6628 26.7216 32.8857 72.942 10.3065 0.199466 1.44549 170.929 55.936 10.5314 23.8439 58.3502 18.7046 59.6343 17.0352 12.2564 4.35581 17.6526 11.6951 29.6438 0 22.7153 49.0515 17.7248 
67.5847 79.7992 20.0702 38.8344 10.4839 27.428 62.4085 220.027 12.5383 2.58769 30.856 140.464 0.793687 11.081 10.6958 28.8359 15.5371 44.0496 0.415442 6.87176 0.609913 4.95911 2.2628 15.9959 21.3749 0 23.978 4.87368 
49.1952 8.7303 7.67479 9.87832 12.4882 0.273936 7.12991 11.9574 64.7681 41.3277 80.938 38.9586 5.96416 0.389848 19.557 0.0839361 21.7477 8.67134 19.9261 4.03932 6.1563 12.8305 11.8085 16.0101 15.6423 20.6869 0 0.0193264 
9.15761 32.6711 22.1558 12.7855 56.2601 3.97407 49.0297 21.3162 50.0238 48.3935 101.892 25.3915 21.0239 10.7353 17.2623 6.66727 19.9136 6.01421 16.559 2.75799 24.427 1.95043 0.294311 11.1691 33.8575 48.1707 72.1323 0 
