0 351.904 123.891 663.907 17.099 455.002 266.731 232.864 412.696 42.448 50.0931 0.826595 69.0139 8.75469 3.38477 0.00498043 381.716 235.919 110.437 136.456 1.62865 2.30417 0.480837 53.1013 400.832 67.7859 51.2303 57.9354 
462.37 0 55.9916 565.915 356.443 430.374 339.598 22.8431 370.105 2.97373 226.129 118.339 128.217 18.486 20.0612 55.7941 370.037 590.876 72.8805 100.721 92.9038 29.5746 0.121462 60.667 425.22 23.3188 3.11603 2.88465 
106.489 468.104 0 3.19366 184.314 41.1165 202.554 206.972 392.741 37.8477 171.214 178.225 42.0405 3.00651 5.64097 13.629 11.3034 4.70437 40.2597 20.4633 57.1143 0.200636 7.38196 0.00876334 27.0643 26.0904 19.3415 9.97197 
411.346 563.144 215.926 0 3.40098 348.38 91.3013 1212.65 489.24 96.6842 84.0443 67.1202 7.67703 18.0533 0.659598 39.6782 380.81 85.4597 38.3739 4.44841 122.959 8.2671 8.30201 2.00045 385.894 35.4196 26.9163 7.50529 
22.5596 513.516 147.77 87.7026 0 364.501 279.714 144.464 292.352 179.089 238.772 4.01652 19.4224 12.3153 92.4774 33.058 70.0439 190.954 63.2149 9.78447 116.857 45.3293 2.18437e-05 0.949603 11.2664 70.1059 48.9261 33.7266 
477.053 578.908 1.58433 348.79 906.454 0 440.105 50.9421 743.332 575.541 76.2362 2.32144 687.17 20.2354 16.338 27.2953 351.553 79.8591 52.3222 0.386686 0.323837 16.5782 1.39722 0.029142 354.389 0.202694 17.4492 7.48889 
252.104 162.5 0.439006 203.224 108.212 59.9035 0 163.414 1123.17 125.116 285.891 155.132 24.3605 24.4956 63.9108 11.0347 75.5108 92.0655 3.29612 73.1314 71.4965 62.383 66.0567 3.12987 7.50605 22.5037 23.782 26.5745 
307.545 290.092 246.065 434.552 12.4323 29.3007 232.795 0 328.596 129.743 42.0922 207.161 3.18482 115.483 4.18289 257.357 96.9233 167.459 114.234 45.8285 187.728 38.15 71.4153 90.1124 193.096 24.0914 86.3455 22.2617 
420.275 747.922 66.3583 397.103 9.63909 745.841 315.929 339.985 0 307.093 629.395 1.96 29.0818 91.1721 96.5315 0.185528 414.851 0.00251052 155.088 51.2622 184.966 33.6854 95.2037 16.1755 471.03 18.4762 78.4555 62.7559 
34.8427 207.642 65.6706 47.8396 225.736 372.446 41.5821 101.127 3.02083 0 576.457 212.3 326.077 33.0945 50.5894 53.7511 23.1458 37.1451 96.3341 1.69807 59.0805 34.4588 4.40644 15.0143 9.62208 57.7763 43.5379 43.8773 
186.629 131.085 117.268 140.903 177.338 248.242 314.131 0.4462 300.406 523.206 0 517.186 155.806 2.40762 43.7435 217.764 21.9351 47.0497 119.222 1.6355 148.683 37.7922 4.39457 112.763 19.2356 162.074 41.9415 13.5543 
78.5523 47.3409 141.236 259.431 91.5443 152.834 259.314 82.284 182.351 10.6059 160.414 0 2.71935 149.929 134.518 359.589 83.8254 50.713 96.977 5.19315 72.3921 0.430693 72.5749 130.714 286.055 391.957 1.03143 22.3873 
7.318 147.509 68.8852 70.4808 171.947 138.404 199.935 125.396 78.5558 297.733 18.8687 30.2894 0 145.377 11.6623 8.16889 57.4009 42.1799 5.83513 40.871 72.6904 84.2537 63.7307 67.3345 36.2987 0.252023 33.5659 34.5063 
0.491348 41.0806 5.92903 21.972 30.8131 2.6005 93.605 30.9309 31.3287 52.6568 0.857903 163.716 22.8377 0 0.0586964 18.7685 19.2972 5.58909 17.3938 4.79503 42.8496 2.51355 9.35514 10.3919 4.63367 3.44508 0.256652 4.27498 
71.6932 34.7613 16.9244 36.2226 93.8462 11.859 0.00886071 177.02 222.019 91.9203 7.93129 4.67305 16.1719 37.0464 0 88.3026 22.782 65.5757 38.0838 0.0150792 0.0155838 17.3172 1.23934 14.5467 30.7722 11.4295 18.1882 23.3697 
68.7169 1.52972 9.33437 8.14482 35.6001 1.13293 1.1478 259.841 149.017 91.7109 47.8845 34.0904 23.5923 14.0894 4.0901 0 24.9947 60.6424 1.46458 9.66912 2.55663 6.26477 2.22757 0.346523 1.99236 19.3553 5.3503 10.9068 
452.52 356.385 24.8081 356.341 1.20615 378.036 24.9695 0.169789 401.883 75.2721 84.0112 85.5882 30.1928 13.8667 21.0608 26.139 0 262.922 522.135 28.016 6.48069 20.4331 5.7166 0.198329 359.062 0.111447 21.6645 18.6717 
233.016 34.5619 51.199 138.943 5.54801 123.642 220.421 14.8564 218.597 27.5813 158.192 20.4702 16.0143 0.166385 1.24319 5.30096 131.46 0 145.842 82.1644 30.8567 42.283 42.2491 48.3342 0.00278404 50.6759 37.7135 15.3705 
111.514 84.9764 46.7482 45.9003 187.87 47.5689 152.1 91.9845 121.658 67.9742 108.08 11.499 1.97763 27.4845 6.1954 9.74275 106.009 55.4585 0 36.5503 1.30298 8.4679 0.144269 11.5795 24.9413 13.5959 0.00442847 20.0732 
155.109 100.056 27.0775 16.0371 10.8431 2.67379 94.6966 34.9569 65.7997 0.0491033 13.7392 81.8373 40.1146 2.95209 0.327665 2.97684 17.4197 87.0512 17.3988 0 173.397 5.82029 3.40535 5.04986 0.18618 11.5363 11.0139 9.20586 
0.104467 101.805 108.702 210.604 2.90881 21.4045 122.67 166.682 22.4804 83.0503 145.064 93.1831 22.0854 20.5272 37.9085 60.6087 24.8053 61.4646 2.40224 328.945 0 32.0926 9.15218 13.9702 52.8659 1.31335 27.0066 49.9508 
0.0785354 51.1942 3.91277 0.878127 2.327 16.5354 1.06552 28.5173 9.12882 0.0848126 0.762106 10.4819 88.2904 1.01176 1.41271 6.37433 0.0274279 10.7503 6.14348 0.978232 27.8422 0 10.2414 0.893346 11.0678 8.70892 7.29522 6.91811 
14.2269 0.445 8.25677 9.52592 25.7733 8.8849 72.3959 0.0251402 64.302 26.4325 14.8179 19.2089 13.146 9.63386 0.376712 10.0128 0.345723 31.6024 1.80163 2.83814 35.8969 7.22046 0 16.1928 22.0392 3.32572 13.1227 10.1462 
31.8473 53.3298 13.3213 3.14372 28.8218 5.02425 19.8059 15.089 99.8873 54.4854 44.9809 120.404 55.9452 8.55702 24.1649 6.28096 20.5046 7.66043 7.71151 0.0670786 13.1643 1.39359 18.9019 0 42.5662 2.35888 1.70656 14.1483 
422.333 376.948 18.0241 388.907 25.0286 365.332 37.3286 57.0699 348.465 0.00107686 3.95297 923.999 55.8017 9.64824 25.4894 35.0919 356.722 59.4527 16.1606 11.9441 3.2911 51.4711 14.4225 19.3934 0 12.7803 187.532 52.1817 
64.6141 81.2559 21.4451 40.7282 12.5756 27.6845 56.9188 205.467 18.4072 1.28049 41.4665 75.1288 0.355193 11.5873 8.54403 26.3281 16.2689 42.0618 0.658572 6.42531 0.218817 5.28625 1.86646 15.5246 24.6199 0 21.1916 10.5639 
49.7517 9.92018 7.06006 10.8313 11.3888 0.15137 8.43069 14.9912 62.5223 42.3233 82.3957 45.0917 6.7209 0.536848 19.7167 0.228893 21.893 7.84206 19.5122 4.30466 6.97023 12.8075 12.1499 15.2658 18.1085 23.4866 0 2.84251 
7.6147 30.3871 22.0372 14.2743 55.797 3.35432 46.2125 15.6423 45.5499 46.6846 98.7631 36.0082 19.6354 10.4223 18.2382 7.93739 19.4755 5.12239 17.2067 3.05139 22.8552 2.15858 0.185284 10.6365 31.7519 55.0434 58.5188 0 
