0 273.948 89.2012 511.511 4.92443 353.661 267.086 198.858 347.279 53.9296 37.7021 0.197537 63.0925 6.87716 5.37438 0.307577 285.335 236.045 113.583 169.706 0.261171 2.9823 0.978805 51.3427 314.382 63.8593 51.1494 59.0939 
508.252 0 0.111968 527.244 455.046 306.072 225.104 8.69948 260.21 0.00427275 205.105 99.7697 134.903 14.958 14.7919 50.4061 289.421 695.637 57.0465 114.026 78.7457 31.5682 3.91007e-05 61.381 335.631 18.82 2.22369 4.24749 
72.22 448.523 0 50.3144 188.412 49.5998 163.844 241.73 463.075 27.3198 199.828 185.41 46.7471 3.96589 3.55562 11.5968 14.4356 13.0191 44.4817 22.496 69.746 0.0993626 8.05137 0.103896 27.7234 26.8781 19.384 8.79328 
396.768 525.154 35.0111 0 10.0651 257.275 117.93 237.601 458.1 90.7255 106.573 101.353 10.4701 16.808 1.6544 37.1089 293.81 98.7145 34.3796 7.86851 781.539 7.6683 7.29484 1.18278 293.286 31.9857 26.4604 9.23173 
8.12189 530.926 125.382 104.748 0 449.241 201.326 126.394 252.776 230.026 250.853 1.23601 11.0343 9.39459 89.8936 37.4124 57.1986 207.572 28.0568 5.96558 111.605 47.2505 0.124778 0.407929 8.95159 69.2179 49.0963 35.9965 
381.564 471.142 0.0209929 261.158 963.525 0 1368.32 74.7044 539.542 837.803 41.623 6.99676 677.767 21.0043 12.5506 27.0081 259.595 89.5652 61.1635 0.882564 1.15154 15.7088 1.95817 0.00359652 265.565 0.632502 17.973 8.54779 
263.592 275.609 4.53361 198.731 48.3871 387.909 0 225.813 1292.73 241.97 368.274 125.005 11.94 18.1348 78.7903 16.6984 81.5104 70.2598 8.32238 67.0597 80.6556 61.6781 63.4057 1.6696 11.1133 28.9352 26.2957 30.3437 
299.432 294.061 268.097 427.722 5.33405 13.7948 170.321 0 186 108.814 17.2023 14.4646 6.38881 108.858 12.5122 258.686 98.2926 173.293 115.703 37.5187 196.616 35.3426 77.5704 77.9528 192.705 7.77417 82.0402 14.8191 
306.943 665.604 5.24421 272.653 30.6247 542.86 0.966075 196.319 0 251.497 703.186 1.74489 42.41 76.4708 108.616 0.579134 330.488 1.58609 154.013 58.4182 181.125 36.7238 91.2879 21.2298 383.612 27.5877 77.3895 57.0034 
25.0724 224.698 76.9791 56.9342 271.086 172.686 1.16257 122.099 23.7079 0 603.781 227.93 330.732 25.8357 67.1258 61.897 27.4024 28.6327 87.6476 2.9454 54.1208 38.0215 6.69367 11.8597 6.70999 52.8285 42.3475 41.2733 
179.684 157.648 151.147 119.214 152.884 267.161 226.78 3.11677 130.35 595.475 0 493.507 129.065 0.258628 3.04282 199.48 18.3914 37.6509 123.022 3.16548 147.123 33.9492 1.1648 119.244 28.4971 155.132 37.6516 9.1909 
98.4676 33.1012 122.21 256.994 103.541 157.096 239.636 360.267 129.29 23.2499 84.5093 0 6.14809 137.381 90.0992 208.264 85.2048 42.788 94.9972 2.86068 83.4589 0.0576225 83.0187 150.286 203.258 395.037 0.0613496 11.633 
10.632 144.922 66.3025 71.7945 176.404 167.846 185.121 131.63 61.8425 324.993 7.25266 39.045 0 154.822 20.6899 4.45431 59.0439 36.9958 8.48548 39.9696 74.1236 79.6789 71.6032 64.9543 38.9347 0.0128428 34.4862 36.0124 
0.114344 36.9326 4.82497 22.5369 34.8515 1.64589 90.2607 22.3338 21.0386 45.1488 8.81645 157.035 44.2136 0 5.38124 19.3382 18.7725 7.10759 16.2489 4.77563 41.9874 3.23258 8.05511 10.1625 5.73314 4.35057 0.421989 3.67035 
71.4144 28.3247 19.979 34.381 91.9165 8.44779 1.3294 183.341 220.288 75.8218 4.6742 23.4147 8.21431 54.4048 0 70.9707 23.7501 66.9295 37.5833 0.0761242 0.235387 17.0114 0.180279 11.0166 29.8305 8.57824 18.6925 23.207 
72.4012 0.40242 11.3375 5.13257 31.2635 0.459498 3.5475 252.664 151.952 90.6745 24.0515 1.17807 30.2308 16.7047 1.64022 0 25.3557 59.7312 0.953556 9.60675 1.37567 6.93186 1.2399 0.229225 2.59846 14.8582 4.40543 12.6916 
360.42 261.12 21.1472 263.743 4.58525 284.08 19.6305 0.00373871 305.49 77.9222 81.0168 86.5867 27.4655 14.5942 19.9844 26.1122 0 232.053 220.912 26.7367 8.19923 20.1845 5.19694 0.0921981 269.677 0.269769 21.4371 18.043 
224.484 128.363 34.6392 131.944 0.729959 123.82 207.626 22.2588 215.025 35.9894 163.335 14.9691 12.3712 0.530563 0.485402 3.7626 87.5184 0 149.105 84.6688 25.2011 42.3257 41.387 48.3932 0.0757776 48.4147 36.6526 13.6749 
114.339 101.266 42.6844 42.2027 138.364 38.4347 155.981 86.5229 111.82 57.9966 113.592 14.7244 0.793672 27.4467 7.64698 10.9908 57.8418 43.7724 0 36.4133 2.26562 7.65695 0.306261 12.427 24.0079 12.3864 0.00540596 20.8229 
190.808 85.2781 27.5592 11.3876 6.81782 3.74421 94.5436 43.138 58.7438 0.412975 17.3568 77.3402 39.0974 3.13401 0.17696 3.44224 19.0282 85.7085 15.5493 0 262.006 5.71076 3.29184 4.83551 0.356227 11.2685 11.0038 8.84117 
4.43334 87.6584 116.665 151.942 5.59639 25.4921 115.747 152.392 14.3575 79.1756 141.713 82.0947 24.9128 22.3859 35.2527 61.7457 22.1651 68.2152 1.4078 321.197 0 32.338 7.93674 15.8667 50.8485 0.542546 28.4613 50.4977 
0.00411836 50.7092 4.35769 0.63078 1.45129 17.3407 0.430108 25.7521 7.18106 0.029968 1.70161 13.1117 85.2559 0.588976 0.885789 5.70367 0.0884205 9.59016 5.41332 0.849104 27.173 0 8.62903 0.432246 12.3495 8.35955 6.84179 6.58716 
16.1384 0.0979473 8.897 8.50115 23.1788 9.80547 72.2724 0.712154 57.4857 30.4077 23.0543 27.4927 20.0753 9.36747 0.00674944 11.0494 0.209179 30.0482 2.27649 2.97099 36.7609 8.87835 0 19.9259 22.905 2.73317 13.3198 10.1297 
34.7907 55.3302 12.6389 4.34918 26.2865 4.17117 23.5773 23.6797 100.179 52.0288 55.4954 141.177 59.8382 9.45664 26.2898 11.5534 20.2854 9.07134 6.93082 0.0246596 11.3769 0.805513 14.3952 0 43.2489 1.49879 2.48221 14.3402 
331.682 290.948 19.8102 299.72 28.2029 276.625 43.2823 38.1281 260.475 0.260371 9.03744 100.674 55.3783 8.46643 27.4021 32.5162 267.3 59.0264 15.0097 11.4987 2.10943 91.2312 18.0832 7.44974 0 93.4419 42.0264 82.5047 
60.3443 82.6298 23.09 42.6898 15.5407 27.8103 49.5865 180.13 27.5066 0.250442 56.8668 16.4262 0.0430665 12.1478 5.96459 22.3994 17.2175 39.3714 1.05991 5.83649 0.00310079 5.71599 1.39299 14.7414 28.8036 0 17.4704 20.4303 
50.3505 11.5698 6.27074 12.1041 10.0008 0.0450535 10.274 19.3899 59.4063 43.5162 83.9624 53.3946 7.76762 0.763266 19.8428 0.525138 22.058 6.80425 18.9483 4.65731 8.09978 12.7489 12.5449 14.2064 21.4356 26.9998 0 13.2766 
5.77863 27.4056 21.7703 16.255 55.0293 2.6085 42.4254 9.38944 39.7359 44.2725 94.0057 51.9014 17.8306 9.96679 19.423 9.67633 18.8779 4.04977 18.0424 3.45044 20.8088 2.44338 0.0798442 9.90042 28.8799 61.2813 39.0051 0 
