0 204.409 84.303 423.292 3.77199 274.596 266.525 193.739 273.626 55.6275 36.0387 0.406735 62.2364 6.62454 5.6931 0.414413 207.116 235.641 113.947 178.636 0.587401 3.08573 1.06394 51.0716 237.531 63.2628 51.1249 59.2379 
452.052 0 0.502106 455.908 466.507 224.349 208.831 7.20743 181.52 0.10339 201.85 97.1323 135.762 14.4761 14.0921 49.6228 213.53 193.882 54.8577 115.772 76.737 31.8504 0.00324366 61.4589 258.314 18.2047 2.10793 4.4621 
67.5336 437.454 0 66.9831 188.452 50.7266 157.794 245.881 467.791 25.908 203.446 186.078 47.4073 4.11059 3.29196 11.3071 14.9039 14.5182 45.0627 22.7657 71.5425 0.0877483 8.14547 0.125981 27.7979 26.9662 19.3842 8.62676 
331.3 453.945 55.1716 0 11.2881 179.908 121.686 1121.56 388.976 89.7817 109.798 106.496 10.8988 16.6231 1.83173 36.6909 216.893 100.544 33.8032 8.42188 275.057 7.583 7.15291 1.08255 215.547 31.4671 26.3861 9.48756 
6.62823 529.163 121.964 107.117 0 453.214 190.061 123.767 246.623 236.897 252.217 0.967876 10.0147 9.00433 89.4557 38.036 55.4012 209.676 24.0502 5.49136 110.802 47.5139 0.162398 0.348816 8.63932 69.0602 49.1113 36.317 
303.251 390.409 0.000224555 184.275 652.359 0 746.397 78.2922 444.059 967.231 37.3552 7.86138 250.863 21.0966 12.0312 26.9423 182.013 90.8944 62.3814 0.969302 1.3107 15.5796 2.04502 0.0086354 188.403 0.712919 18.0438 8.70154 
264.652 292.087 6.37425 197.531 41.5016 464.331 0 234.707 1268.04 259.565 378.948 120.733 10.5011 17.2849 80.9038 17.5859 82.3377 67.2729 9.21755 66.1549 81.9561 61.5548 62.9944 1.49723 11.6787 29.8946 26.6575 30.8891 
297.566 294.054 270.168 436.499 4.5551 12.0154 161.525 0 167.346 105.816 14.4937 4.93933 6.93283 107.802 14.0416 257.73 98.453 174.005 115.856 36.3653 197.69 34.9401 78.4123 76.1836 192.239 6.14872 81.3888 13.8628 
226.54 587.827 2.03996 191.891 34.5036 447.422 2.34232 177.338 0 242.92 535.468 2.92029 44.4689 74.3282 91.664 0.8667 253.943 2.04973 153.724 59.4358 180.421 37.1572 90.6661 21.9938 306.53 29.0047 77.2109 56.1715 
23.7808 226.705 78.5376 58.231 276.808 148.39 0.089024 125.084 28.1731 0 601.447 229.814 329.587 24.8366 69.5114 63.0225 28.0263 27.4836 86.346 3.15004 53.4073 38.523 7.05472 11.4316 6.3321 52.0939 42.1668 40.8896 
178.531 161.389 155.848 116.021 149.299 268.872 214.209 4.45926 123.589 600.014 0 487.713 125.208 0.644764 1.06702 196.244 17.9043 36.3681 123.494 3.42348 146.818 33.4037 0.870591 120.049 29.935 153.889 37.0421 8.62981 
101.37 31.2357 119.356 255.806 105.24 157.502 236.445 409.535 122.055 25.4181 75.194 0 6.74628 135.358 84.0611 186.499 85.3786 41.6881 94.6807 2.582 85.0453 0.0325905 84.4724 152.836 205.551 391.624 0.018987 10.3599 
11.1506 144.435 65.8907 71.9436 176.838 173.655 182.721 132.451 59.542 327.212 6.02361 40.3586 0 155.48 22.149 4.00938 59.2632 36.2673 8.90033 39.8295 74.3106 78.9347 72.6517 64.5612 39.3029 0.00333443 34.6121 36.2205 
0.0819265 36.3376 4.67251 22.604 35.43 1.52571 89.6948 21.1936 19.7124 44.0621 10.6093 155.778 47.6419 0 7.13714 19.3291 18.6944 7.33722 16.0836 4.77166 41.8532 3.33978 7.80097 10.1023 5.89506 4.48454 0.448816 3.586 
71.335 27.4352 20.4098 34.0888 91.5693 7.9947 1.77001 183.877 219.421 73.452 8.23421 27.1669 7.27788 56.2122 0 67.195 23.8844 67.096 37.4973 0.0886556 0.287906 16.9576 0.105775 10.523 29.6628 8.19036 18.7578 23.1682 
72.8781 0.300319 11.6274 4.75054 30.6494 0.387226 3.99449 250.525 152.143 90.4011 21.2232 4.33376 31.2113 17.0185 3.05957 0 25.4019 59.5791 0.889161 9.59376 1.23589 7.02638 1.11946 0.397768 2.74943 14.2177 4.27553 12.945 
282.718 183.192 20.6325 186.059 5.24075 206.178 18.9083 0.0165759 227.247 78.2659 80.5663 86.7053 27.0782 14.6968 19.8282 26.1026 0 226.844 408.63 26.5466 8.45908 20.1465 5.12396 0.0803 192.428 0.297954 21.4023 17.9514 
222.876 145.663 32.4586 130.766 0.408292 123.702 205.503 23.4215 214.282 37.2534 163.969 14.2453 11.8838 0.59921 0.405472 3.56285 81.6004 0 149.407 84.9665 24.4273 42.3246 41.2553 48.3899 0.103759 48.0791 36.4964 13.4377 
114.656 103.562 42.0806 41.6581 131.273 37.144 156.348 85.7128 110.35 56.5733 114.321 15.2123 0.667446 27.4331 7.86389 11.1719 51.3478 42.1658 0 36.3784 2.42409 7.54299 0.334257 12.548 23.8706 12.215 0.00874946 20.9275 
195.095 83.0942 27.5931 10.7663 6.31252 3.90928 94.4391 44.3389 57.7247 0.493727 17.8999 76.661 38.9413 3.15965 0.159123 3.51003 19.2568 85.4535 15.2869 0 272.751 5.69442 3.27511 4.80396 0.384874 11.2261 11.0005 8.78751 
5.56258 85.6331 117.639 146.086 6.04841 26.0916 114.697 150.237 13.3321 78.5966 141.158 80.5096 25.3242 22.6518 34.8682 61.8791 21.7939 69.1753 1.28684 315.803 0 32.3691 7.76833 16.1428 50.5446 0.459563 28.667 50.5626 
0.00110842 50.6274 4.42221 0.598632 1.34253 17.4497 0.3623 25.3612 6.9197 0.0573321 1.86558 13.5066 84.7187 0.537307 0.819938 5.60794 0.0999583 9.42819 5.31173 0.831286 27.0747 0 8.39297 0.379432 12.5282 8.30804 6.77678 6.5394 
16.4164 0.0688071 8.9861 8.35559 22.811 9.9356 72.2128 0.886513 56.4993 30.9771 24.3503 28.766 21.1533 9.24169 0.033037 11.1777 0.192432 29.8226 2.34838 2.98961 36.8769 9.11215 0 20.2417 22.9917 2.65147 13.3421 10.1238 
35.207 55.5971 12.5359 4.53437 25.9252 4.05374 24.1304 25.0342 100.152 51.6489 57.0255 143.944 60.3532 9.56339 26.5324 12.3659 20.2509 9.28047 6.82124 0.0202897 11.1287 0.733736 13.6153 0 43.166 1.39011 2.60319 14.3604 
254.21 214.189 20.0578 222.46 28.6614 199.468 44.1387 35.649 183.539 0.345418 9.92251 915.977 55.2951 8.29673 27.6495 35.7585 190.047 58.9482 14.8453 11.432 1.96119 88.8304 18.6041 6.38254 0 96.2805 53.5683 57.9161 
59.7036 82.775 23.3082 42.9181 15.983 27.8086 48.5355 176.037 28.922 0.168103 59.1712 11.3394 0.0230928 12.2175 5.62413 21.7942 17.3516 38.9807 1.12473 5.75235 1.12688e-05 5.77728 1.33008 14.6153 29.3851 0 16.9403 21.9964 
50.4237 11.8131 6.15988 12.2875 9.80797 0.0349553 10.5492 20.0538 58.9469 43.6757 84.1534 54.596 7.92187 0.798632 19.853 0.577086 22.0792 6.66094 18.866 4.70802 8.26654 12.7379 12.5962 14.0483 21.9106 27.4794 0 15.3043 
5.53469 26.9828 21.722 16.5389 54.905 2.50858 41.8786 8.61557 38.9149 43.9136 93.2697 54.3177 17.5751 9.89785 19.5823 9.92923 18.7906 3.90589 18.1602 3.50863 20.5187 2.4851 0.0683196 9.79228 28.4681 61.8679 36.2447 0 
