0 141.624 79.452 340.055 2.77107 200.835 265.813 188.574 205.334 57.3365 34.4045 0.690493 61.3783 6.37599 6.02019 0.537099 134.232 235.132 114.289 188.312 1.04364 3.19081 1.15255 50.7957 166 62.6581 51.0973 59.3764 
401.276 0 3.06429 389.495 477.157 148.108 192.77 5.85247 108.539 0.333614 198.539 94.5024 136.596 13.9998 13.4063 48.8369 142.989 304.82 52.6908 117.475 74.7348 32.1319 0.0115908 61.5308 186.311 17.5966 1.99515 4.68172 
62.9332 424.535 0 85.2923 188.354 51.8266 151.662 249.8 471.045 24.5224 206.927 186.654 48.0635 4.25703 3.03742 11.0179 15.3769 16.0907 45.6371 23.0296 73.3321 0.0768471 8.23911 0.150167 27.8674 27.048 19.383 8.46083 
271.263 387.668 80.6946 0 12.5757 107.898 125.412 210.4 325.061 88.8164 113.016 111.676 11.3346 16.4366 2.01762 36.2612 145.3 102.353 33.226 8.98997 366.787 7.49779 7.01156 0.986576 143.126 30.9427 26.3095 9.74557 
5.28279 526.341 118.505 109.463 0 454.008 178.87 121.134 240.375 243.625 253.486 0.732334 9.04198 8.62125 89.0012 38.6592 53.6172 211.707 20.328 5.03563 109.987 47.7743 0.204978 0.294302 8.33162 68.8949 49.1238 36.6364 
230.219 314.805 0.0305375 112.747 545.96 0 1374 81.9154 353.75 523.889 33.2834 8.77332 267.425 21.1844 11.5184 26.8704 109.765 92.2063 63.585 1.05993 1.47994 15.4492 2.13347 0.0158451 116.569 0.798012 18.1137 8.85581 
265.562 308.455 8.5176 196.197 35.0926 542.417 0 243.544 1231.47 277.131 389.254 116.48 9.15023 16.451 83.0092 18.4916 83.1568 64.3244 10.1555 65.2418 83.2533 61.4259 62.5754 1.33401 12.256 30.8626 27.0198 31.4357 
295.53 293.903 271.955 448.086 3.83654 10.352 152.813 0 149.357 102.823 12.0075 0.405442 7.49794 106.721 15.6519 256.491 98.6045 174.686 115.994 35.2218 198.713 34.5376 79.244 74.41 191.672 4.70919 80.7284 12.9352 
151.538 514.991 0.318399 116.86 38.5894 357.134 16.2971 158.981 0 234.235 606.698 4.39369 46.5628 72.1801 72.5958 1.21155 182.718 2.57193 153.401 60.4515 179.678 37.5904 90.0294 22.7674 234.743 30.4479 77.0258 55.3377 
22.5178 228.598 80.0784 59.5253 282.305 126.207 0.232029 128.059 32.9915 0 597.553 231.605 327.992 23.8491 71.8935 64.136 28.6538 26.3528 85.0307 3.36113 52.6935 39.022 7.42398 11.0096 5.96405 51.3536 41.9834 40.5032 
177.34 165.109 160.492 112.813 145.7 270.322 201.72 6.03817 118.44 602.999 0 481.35 121.354 1.20354 0.102672 192.867 17.4224 35.1017 123.948 3.69109 146.494 32.8592 0.618966 120.822 31.3984 152.587 36.434 8.08516 
104.279 29.4163 116.478 254.413 106.934 157.855 233.167 459.848 114.94 27.6715 66.3349 0 7.37071 133.284 78.1433 165.219 85.5465 40.5974 94.3559 2.31723 86.6314 0.0146374 85.9134 155.315 210.551 387.274 0.000777625 9.15618 
11.6801 143.92 65.4687 72.0829 177.22 179.375 180.255 133.253 57.2676 328.989 4.90635 41.6859 0 155.96 23.6462 3.58675 59.4785 35.5425 9.3239 39.6868 74.493 78.1692 73.6786 64.1552 39.6687 4.93259e-06 34.7364 36.4267 
0.0548875 35.742 4.52157 22.6676 36.0084 1.4098 89.1073 20.0771 18.4248 42.974 12.5585 154.451 51.1415 0 9.1054 19.2972 18.6157 7.56991 15.9181 4.76738 41.7163 3.4479 7.53294 10.0356 6.05798 4.61942 0.476452 3.5022 
71.2457 26.5543 20.8383 33.7897 91.2044 7.55121 2.27281 184.32 218.401 71.0743 12.7688 31.1645 6.39464 57.7956 0 63.1934 24.0176 67.2557 37.4077 0.102125 0.345681 16.9013 0.0509597 10.034 29.4869 7.80817 18.8212 23.1256 
73.3422 0.213086 11.9177 4.38151 30.0372 0.321065 4.46688 248.118 152.275 90.0969 18.5548 9.45022 32.1982 17.3149 4.89896 0 25.4467 59.4217 0.82697 9.57976 1.10348 7.12059 1.0046 0.61181 2.91591 13.5803 4.14701 13.1975 
210.324 110.63 20.1205 113.708 5.93816 133.603 18.1968 0.038559 154.331 78.6006 80.1099 86.8177 26.6919 14.7991 19.6713 26.0915 0 221.465 583.352 26.3547 8.72232 20.1077 5.05129 0.0692209 120.505 0.327528 21.367 17.8595 
221.174 162.326 30.3321 129.547 0.179256 123.548 203.31 24.6103 213.482 38.5321 164.576 13.5381 11.405 0.671981 0.332685 3.36823 75.8073 0 149.668 85.2489 23.6628 42.3219 41.1214 48.3836 0.136121 47.7406 36.3391 13.2019 
114.951 105.846 41.4718 41.11 124.228 35.86 156.667 84.8958 108.864 55.1528 115.034 15.7067 0.552096 27.4174 8.08305 11.3537 45.1008 40.5778 0 36.3396 2.58773 7.42944 0.363458 12.669 23.7323 12.044 0.0128918 21.0315 
199.136 80.8984 27.6182 10.1576 5.82534 4.07718 94.3141 45.5463 56.7041 0.581594 18.4491 75.973 38.7826 3.18519 0.142231 3.57811 19.4851 85.1828 15.0252 0 282.789 5.67791 3.25824 4.77219 0.414596 11.1827 10.9967 8.73351 
6.81648 83.6097 118.568 141.608 6.51733 26.6943 113.633 148.056 12.3416 78.0117 140.585 78.9251 25.7375 22.9177 34.4827 62.0051 21.4245 70.1333 1.17123 309.413 0 32.3992 7.6013 16.42 50.237 0.383381 28.872 50.6241 
6.01748e-06 50.5424 4.48693 0.567305 1.23794 17.5572 0.300275 24.9715 6.66251 0.093476 2.03699 13.9062 84.1566 0.487874 0.756537 5.51232 0.1122 9.26722 5.21084 0.81363 26.9757 0 8.1561 0.32997 12.7057 8.25617 6.71175 6.49153 
16.6955 0.0447856 9.07458 8.21034 22.4443 10.0653 72.1427 1.07976 55.511 31.5462 25.6732 30.0592 22.2509 9.09529 0.0791264 11.3007 0.176369 29.5961 2.42125 3.00814 36.9911 9.34455 0 20.4956 23.0689 2.57062 13.3628 10.1169 
35.6216 55.859 12.4317 4.72262 25.5642 3.93749 24.6867 26.4178 100.108 51.262 58.5594 146.651 60.8573 9.66426 26.7589 13.186 20.2158 9.49134 6.71223 0.0163444 10.8826 0.665133 12.8153 0 43.038 1.28517 2.7266 14.3787 
182.053 142.757 20.3032 150.514 29.1208 127.634 44.9958 33.2355 111.957 0.442418 10.8461 132.482 55.2063 8.12703 27.8902 39.7369 118.12 58.8658 14.681 11.3645 1.81814 84.2153 19.1232 5.5455 0 94.8874 79.6068 33.8105 
59.0562 82.9074 23.5219 43.1328 16.4296 27.802 47.4852 171.845 30.3637 0.102072 61.4957 7.17055 0.00929136 12.2845 5.29142 21.1806 17.4854 38.5885 1.1914 5.66831 0.00386519 5.83851 1.26844 14.4859 29.9612 0 16.4118 23.5893 
50.4937 12.0582 6.04956 12.471 9.61655 0.0261352 10.8273 20.7261 58.4843 43.8323 84.3358 55.7993 8.07726 0.834737 19.8613 0.631417 22.0997 6.51883 18.7832 4.7588 8.43464 12.7262 12.6462 13.8887 22.3843 27.9526 0 17.4462 
5.29556 26.5606 21.6713 16.823 54.7772 2.41038 41.3303 7.87258 38.0973 43.5514 92.521 56.7641 17.3201 9.82798 19.7389 10.1828 18.7027 3.76441 18.2776 3.56708 20.2294 2.52704 0.0576902 9.6835 28.0573 62.3725 33.5216 0 
