0 123.704 77.8483 314.942 2.47144 178.943 265.541 186.843 185.277 57.9088 33.8665 0.801821 61.0921 6.29414 6.13101 0.581481 112.639 234.939 114.398 191.669 1.22452 3.22618 1.18284 50.7026 144.855 62.4548 51.0873 59.4214 
387.051 0 4.39618 369.966 480.519 125.432 187.473 5.43151 86.9971 0.439502 197.424 93.6281 136.868 13.8426 13.1809 48.5744 122.18 587.237 51.9746 118.032 74.0688 32.2256 0.0155128 61.5534 165.008 17.3957 1.95821 4.75592 
61.4213 419.842 0 91.6927 188.291 52.187 149.603 251.053 471.802 24.0667 208.057 186.825 48.2813 4.30618 2.95462 10.9217 15.5356 16.6313 45.8272 23.1162 73.927 0.0733756 8.27022 0.158698 27.8894 27.0739 19.3823 8.40566 
253.964 368.184 89.4504 0 13.0191 86.6021 126.648 379.742 306.425 88.4901 114.086 113.41 11.4814 16.3741 2.08144 36.1155 124.135 102.952 33.0336 9.18252 599.685 7.46941 6.96456 0.955537 121.684 30.7665 26.2835 9.83195 
4.8677 525.166 117.345 110.239 0 453.544 175.162 120.255 238.271 245.834 253.888 0.661021 8.72811 8.49509 88.846 38.8669 53.0251 212.368 19.1512 4.88786 109.712 47.8605 0.22024 0.277149 8.23017 68.8381 49.1275 36.7427 
208.565 292.263 0.0519856 91.6099 839.516 0 1527.48 83.1305 326.331 473.773 31.9705 9.08795 429.904 21.2126 11.349 26.8451 88.3843 92.64 63.9828 1.09101 1.53859 15.4055 2.1633 0.0187298 95.3241 0.827387 18.1368 8.90738 
265.832 313.875 9.29826 195.722 33.0652 568.402 0 246.473 1216.76 282.967 392.605 115.067 8.7197 16.1766 83.7086 18.7973 83.4279 63.3507 10.4775 64.9357 83.6848 61.3816 62.4341 1.28167 12.4511 31.1873 27.1407 31.6181 
294.814 293.82 272.487 452.446 3.61051 9.82359 149.931 0 143.517 101.826 11.229 0.0115393 7.69097 106.355 16.2061 256.015 98.6531 174.906 116.037 34.8427 199.043 34.4033 79.5188 73.8182 191.46 4.27116 80.5064 12.6322 
129.254 493.328 0.0761061 94.6412 39.9959 329.717 23.7009 153.009 0 231.32 965.064 4.95083 47.2688 71.4633 66.1003 1.33924 161.676 2.75913 153.285 60.789 179.422 37.7347 89.8139 23.0271 213.508 30.9348 76.9626 55.0594 
22.103 229.203 80.5876 59.9559 284.086 119.317 0.550005 129.049 34.6737 0 595.911 232.181 327.362 23.5229 72.6863 64.5044 28.8638 25.9802 84.5897 3.43288 52.4551 39.1878 7.54891 10.8701 5.84366 51.1054 41.9217 40.3737 
176.934 166.343 162.027 111.742 144.498 270.748 197.579 6.6168 116.887 603.647 0 479.105 120.07 1.4281 0.00682293 191.712 17.2629 34.6834 124.096 3.78245 146.381 32.678 0.5445 121.073 31.8919 152.14 36.2315 7.90717 
105.251 28.8201 115.513 253.904 107.497 157.961 232.056 476.748 112.594 28.4399 63.487 0 7.58495 132.582 76.1981 158.27 85.6012 40.2356 94.2458 2.23207 87.1599 0.0102302 86.3912 156.125 212.638 385.621 7.56025e-05 8.77027 
11.8589 143.742 65.3259 72.1271 177.336 181.229 179.42 133.517 56.515 329.482 4.55862 42.132 0 156.079 24.1537 3.45095 59.5494 35.3017 9.46701 39.6385 74.5528 77.9094 74.0158 64.0171 39.7901 0.000268004 34.7776 36.4951 
0.047074 35.5434 4.47164 22.688 36.2012 1.3721 88.9069 19.7106 18.0044 42.6112 13.2428 153.992 52.3225 0 9.80513 19.2815 18.5893 7.6481 15.8628 4.76589 41.67 3.48416 7.44071 10.0119 6.11248 4.66459 0.48583 3.4744 
71.2138 26.2627 20.9806 33.6886 91.079 7.40558 2.45409 184.447 218.028 70.2802 14.4944 32.5509 6.11207 58.2709 0 61.8169 24.0617 67.3074 37.377 0.106827 0.366095 16.882 0.0370783 9.8721 29.4266 7.68211 18.842 23.1106 
73.494 0.187319 12.0145 4.26147 29.8338 0.300367 4.63 247.257 152.306 89.9887 17.7016 11.5847 32.5287 17.4098 5.60205 0 25.4613 59.368 0.806739 9.57487 1.06099 7.15196 0.967525 0.693045 2.97495 13.3688 4.10453 13.2816 
188.89 89.1522 19.9503 92.2919 6.18007 112.112 17.9621 0.0479162 132.726 78.7102 79.9567 86.8539 26.5632 14.8331 19.6189 26.0875 0 219.634 585.236 26.2903 8.81089 20.0947 5.02715 0.0657109 99.2312 0.337687 21.3551 17.8287 
220.586 167.65 29.6354 129.131 0.123575 123.489 202.564 25.0118 213.203 38.9616 164.773 13.3056 11.2474 0.697138 0.310039 3.30451 73.9078 0 149.746 85.3395 23.4098 42.3205 41.0763 48.3809 0.147876 47.6271 36.2864 13.1236 
115.045 106.604 41.2677 40.9265 121.89 35.4337 156.763 84.6219 108.365 54.6797 115.269 15.873 0.516049 27.4118 8.15655 11.4144 43.0827 40.0528 0 36.3259 2.64342 7.39175 0.373462 12.7093 23.686 11.987 0.0144495 21.066 
200.428 80.1642 27.6245 9.95754 5.66701 4.13381 94.2679 45.9499 56.3636 0.612456 18.6335 75.742 38.7291 3.19369 0.136804 3.60086 19.5611 85.0892 14.9381 0 285.966 5.67237 3.2526 4.76155 0.424738 11.168 10.9953 8.71544 
7.26193 82.9357 118.868 140.441 6.67732 26.896 113.276 147.324 12.0194 77.8153 140.39 78.3977 25.8756 23.0062 34.354 62.0454 21.3018 70.4525 1.13388 307.069 0 32.409 7.54599 16.5128 50.1337 0.359536 28.9402 50.6439 
6.13783e-05 50.5134 4.50857 0.557048 1.20394 17.5926 0.280874 24.8417 6.57777 0.107478 2.09569 14.0403 83.9638 0.471902 0.735928 5.48047 0.116432 9.21379 5.17738 0.80778 26.9426 0 8.07706 0.31421 12.7645 8.23878 6.69005 6.47554 
16.7888 0.0379226 9.10391 8.16198 22.3224 10.1084 72.117 1.14839 55.1812 31.7357 26.1206 30.4949 22.621 9.04201 0.0988784 11.3404 0.171167 29.5204 2.44576 3.01429 37.0287 9.42162 0 20.5661 23.0925 2.54384 13.3694 10.1144 
35.7598 55.9452 12.3967 4.78604 25.4439 3.89903 24.8728 26.8857 100.089 51.1315 59.0716 147.539 61.0228 9.69655 26.8307 13.4605 20.2039 9.56203 6.67601 0.0151242 10.801 0.642969 12.5449 0 42.9854 1.25102 2.76823 14.3844 
160.699 121.647 20.3845 129.23 29.2741 106.389 45.2817 32.4457 90.8027 0.477376 11.1622 130.627 55.1755 8.0705 27.9688 41.2055 96.8446 58.8373 14.6262 11.3419 1.77164 82.2315 19.2957 5.32061 0 93.5 90.4606 26.6167 
58.8389 82.9486 23.5921 43.2014 16.5795 27.7986 47.1351 170.427 30.8497 0.0837113 62.2748 5.98853 0.00606216 12.3063 5.1823 20.9744 17.5299 38.4575 1.21404 5.64033 0.00668989 5.85893 1.24815 14.442 30.152 0 16.236 24.1257 
50.5164 12.1404 6.01293 12.5323 9.55303 0.0234798 10.9206 20.9521 58.3293 43.8839 84.3948 56.2006 8.1293 0.846939 19.8636 0.650047 22.1065 6.47176 18.7554 4.77574 8.49096 12.7222 12.6625 13.8352 22.5417 28.109 0 18.1841 
5.21687 26.4203 21.6538 16.9176 54.7338 2.37801 41.1473 7.63206 37.8254 43.4298 92.2683 57.5866 17.2353 9.80449 19.7906 10.2675 18.6734 3.71781 18.3167 3.58662 20.133 2.54108 0.0543437 9.64709 27.9206 62.5223 32.624 0 
