0 562.282 37.0832 495.962 1.06201 453.815 251.331 137.455 513.144 74.2847 20.2599 7.22098 53.0286 4.19368 9.59425 2.52522 397.063 224.938 116.451 271.892 11.9956 4.28767 2.18476 47.8933 441.11 56.432 50.6649 60.4295 
859.847 0 126.861 690.687 531.439 387.75 60.6428 0.0282205 389.728 9.20922 164.245 69.8033 143.301 9.72795 7.56014 41.1636 429.047 37.1569 33.2498 131.355 55.9226 34.807 0.356568 61.9105 456.671 12.1389 1.06069 7.0483 
24.7652 234.283 0 263.339 180.44 60.7693 91.2277 274.237 427.092 12.7336 232.527 187.402 54.168 5.74976 1.07731 8.28584 20.1575 34.6959 50.8119 25.2525 90.0156 0.00867648 9.11658 0.491058 28.2761 27.51 19.2965 6.89462 
651.556 690.402 112.354 0 28.0939 380.334 158.955 550.823 664.02 78.4959 143.071 162.016 15.8859 14.5641 4.23647 31.5698 419.981 118.555 27.6427 15.1284 733.436 6.68025 5.68179 0.284351 409.645 25.6346 25.4562 12.3304 
0.154202 448.444 84.0119 130.531 0 332.849 80.4531 95.6167 176.714 298.621 260.747 0.147916 2.14246 5.30275 83.7867 44.6428 37.2278 227.305 0.346682 1.61935 101.511 50.1348 0.868981 0.00585544 5.61351 66.9132 49.1244 39.6614 
488.953 542.481 2.91446 389.528 379.671 0 912.172 117.871 460.929 513.868 5.45355 19.9096 150.153 21.7925 6.97595 25.8692 378.735 103.877 74.2848 2.12951 3.62675 14.1347 3.06688 0.196881 389.137 1.85505 18.7357 10.3685 
266.51 448.3 43.4549 176.784 0.579137 937.283 0 322.756 486.591 429.318 465.069 77.1672 0.833869 9.30039 102.541 28.0822 90.6054 38.2916 21.298 56.0739 95.5377 59.8965 58.1491 0.238617 18.4103 40.5903 30.539 36.7631 
267.604 285.101 274.04 497.102 0.0630131 0.597031 76.1177 0 22.8718 74.5459 0.0143705 201.66 14.0098 95.0869 35.0033 230.73 99.6057 179.623 116.586 24.7847 205.885 30.6477 86.692 57.2701 181.119 0.722811 73.9395 5.51975 
397.773 758.562 58.2429 380.461 87.3657 463.511 651.802 27.2115 0 148.599 4.63398 33.3809 68.3526 51.5476 59.1293 7.43143 460.865 10.5774 148.573 70.0755 170.606 41.7469 83.1561 30.6866 506.186 45.5661 74.9077 47.2326 
11.8831 240.634 93.7736 71.7391 321.77 48.1009 61.7021 155.915 95.378 0 486.923 243.88 290.831 15.0275 94.1382 74.1389 34.8679 16.4466 71.7829 5.7221 45.7791 43.6998 11.3893 7.26867 2.94138 43.953 40.0822 36.6464 
163.955 199.314 200.923 81.7278 110.724 270.571 91.5807 32.9518 49.0489 552.258 0 394.351 84.8904 15.2056 41.6978 154.238 13.0391 23.7826 127.381 6.76281 142.336 27.6785 0.397937 126.586 46.7083 137.162 30.6431 3.69019 
132.462 14.3665 87.9372 230.948 122.889 158.562 197.667 901.503 54.3521 53.4144 8.07699 0 14.725 110.999 29.544 16.1839 86.8625 30.569 90.8031 0.48899 101.836 0.206479 99.0517 175.057 185.256 303.126 1.06713 1.28595 
17.3338 137.513 60.8914 72.9184 178.227 200.002 153.537 140.018 36.8893 322.92 0.0135317 55.1594 0 151.316 39.7624 0.694872 61.35 28.7457 13.8448 38.169 76.0196 69.7726 82.336 59.6088 43.0699 0.285852 35.8624 38.3189 
0.0718045 30.0089 3.15227 23.1002 41.5642 0.516571 82.3999 10.6441 8.16212 32.5329 38.7276 138.193 86.9435 0 34.9148 17.8519 17.8181 9.96945 14.3043 4.71072 40.2574 4.53318 4.49945 9.07026 7.6707 5.95984 0.783427 2.72514 
69.8811 18.5554 24.8096 30.5742 86.8064 3.82202 10.2194 183.725 201.078 48.2612 100.419 80.4847 0.754388 59.7132 0 21.5083 25.2473 68.4408 36.36 0.280602 1.17263 16.2321 0.539802 5.66903 27.3951 4.47143 19.3427 22.5185 
77.1263 0.140295 14.7143 1.53735 24.2512 0.000688935 10.2867 212.394 150.572 85.616 1.79031 145.378 41.9523 19.1658 39.0293 0 25.8088 57.6283 0.340111 9.39292 0.207646 8.01286 0.203833 4.82346 5.28529 7.78848 2.98273 15.5741 
476.616 378.272 15.3424 381.554 14.7606 399.018 11.9151 0.72073 416.531 81.3559 75.4315 87.5896 23.0075 15.7677 18.1292 25.9108 0 163.028 575.123 24.417 11.4393 19.7011 4.36694 0.00447495 392.154 0.684055 20.9965 16.9503 
200.246 239.221 12.9813 115.784 2.75051 120.24 178.917 37.2987 202.909 51.525 169.07 7.56389 7.23825 1.58544 1.64479e-05 1.75785 28.5925 0 150.031 87.1675 16.7786 42.2033 39.7219 48.1719 0.673433 44.3275 34.7631 10.9965 
116.645 126.933 35.3815 35.6687 61.4218 24.0085 157.271 76.6873 93.8892 41.711 121.106 20.8031 0.000699046 27.1616 10.3082 13.1374 5.68732 26.3518 0 35.7699 4.4304 6.35999 0.707221 13.8326 22.3493 10.4159 0.0941162 22.0005 
223.585 59.4943 27.4044 5.02668 2.0893 5.83608 92.0611 57.4385 46.8291 1.79348 24.0473 68.9236 37.1184 3.42656 0.0275632 4.24787 21.662 81.7883 12.5388 0 332.347 5.50977 3.0892 4.45471 0.756222 10.7127 10.9352 8.19375 
25.0354 64.3603 125.163 159.18 11.881 32.6629 102.694 125.927 4.66309 72.072 134.118 63.7899 29.8111 25.4791 30.7156 62.8376 17.95 79.2571 0.33202 207.344 0 32.6386 6.06157 19.1521 47.0827 0.0025336 30.818 51.0457 
0.0876061 49.5634 5.12237 0.306855 0.442769 18.5101 0.000652816 21.2765 4.4076 0.89273 4.06482 17.9896 77.5131 0.130461 0.271923 4.59772 0.266598 7.76475 4.2742 0.651484 25.9858 0 5.87456 0.0288416 14.3417 7.73654 6.08245 6.02379 
19.441 0.0774942 9.89145 6.82896 18.9611 11.2891 70.9314 3.90428 45.9271 36.9958 39.6971 43.4495 33.6861 6.7922 1.51767 12.1874 0.0570296 27.37 3.17508 3.18192 37.9949 11.4715 0 19.6103 23.3157 1.83622 13.4858 10.0045 
39.543 58.1283 11.3637 6.68637 22.1055 2.88093 30.1962 41.1068 98.7983 47.1926 73.4346 169.086 65.1229 10.3112 28.0597 20.9627 19.8368 11.6185 5.6877 0.000179365 8.60857 0.171774 5.07964 0 39.5669 0.473411 4.0352 14.4604 
450.909 419.183 22.5459 421.404 33.5938 400.052 53.2546 13.735 388.296 1.987 21.6203 789.636 54.062 6.50103 29.8351 84.4217 389.74 57.8505 13.0999 10.6762 0.709926 17.3581 23.9313 11.3849 0 11.5536 39.756 120.595 
52.4819 83.5146 25.335 44.4893 20.9523 27.4847 37.4524 127.702 45.4702 0.308724 84.6115 16.2489 0.194158 12.7881 2.52969 15.0165 18.7562 34.7399 1.92938 4.86201 0.398133 6.42638 0.740328 13.0759 35.15 0 11.4684 39.4783 
51.0079 14.5163 5.01386 14.253 7.84237 0.0068929 13.6549 27.6179 53.8563 45.1971 85.6624 67.4558 9.63434 1.22066 19.8397 1.27552 22.2671 5.21272 17.961 5.25234 10.1236 12.5804 13.0588 12.279 26.8411 32.1113 0 42.3115 
3.23707 22.5441 21.0538 19.5511 53.3599 1.55313 35.9957 2.36704 30.3963 39.8928 84.6477 81.5265 14.897 9.10852 21.1067 12.6468 17.8305 2.52313 19.3893 4.14472 17.4742 2.94436 0.00121682 8.60356 24.2242 62.8521 11.0316 0 
