0 535.757 38.3551 479.835 0.879129 434.48 252.05 139.219 491.884 73.6922 20.6942 6.88387 53.3169 4.26201 9.45918 2.43289 377.353 225.443 116.411 270.568 11.4275 4.24751 2.14397 48.0002 421.002 56.657 50.6848 60.4019 
834.501 0 120.214 670.446 531.164 368.524 64.2077 0.00616119 368.814 8.7078 165.481 70.6253 143.112 9.86467 7.73679 41.429 408.525 56.8971 33.8675 130.962 56.5498 34.7163 0.336732 61.907 436.732 12.3135 1.08816 6.95964 
25.8436 241.851 0 259.351 180.917 60.5196 93.2613 273.831 430.743 13.0861 231.912 187.522 53.9658 5.69627 1.12906 8.37733 19.9875 33.9632 50.6461 25.1866 89.4666 0.00990116 9.08728 0.476122 28.2701 27.5041 19.3017 6.94726 
628.301 670.103 107.98 0 27.4738 360.261 157.899 927.78 642.106 78.8785 142.083 160.318 15.7194 14.6304 4.1478 31.7457 399.883 118.042 27.8344 14.9004 805.354 6.70823 5.7264 0.301623 389.832 25.8229 25.489 12.2389 
0.0897701 452.491 85.2048 129.864 0 338.52 83.4035 96.4902 178.957 297.091 260.651 0.116823 2.30248 5.40502 83.99 44.4386 37.7614 226.896 0.526658 1.70645 101.82 50.0584 0.838516 0.00857553 5.69933 66.9928 49.1281 39.5592 
469.46 524.203 2.739 369.316 495.17 0 733.165 116.627 445.654 691.472 6.03391 19.4595 147.998 21.7789 7.11822 25.9127 358.814 103.509 73.9491 2.08692 3.53764 14.1815 3.03245 0.187304 369.105 1.81171 18.7159 10.3158 
266.716 444.342 41.8691 177.635 0.886879 943.285 0 320.297 516.04 425.013 463.291 78.4486 0.973391 9.51752 101.902 27.729 90.3639 39.1036 20.8548 56.3981 95.1242 59.9577 58.3125 0.261672 18.1819 40.246 30.4175 36.5788 
268.797 285.622 274.43 501.838 0.096151 0.735759 78.4529 0 25.5088 75.49 0.0556523 188.351 13.7547 95.52 34.2329 232.004 99.5852 179.504 116.588 25.1233 205.722 30.7815 86.4546 57.8547 181.629 0.556413 74.1849 5.7265 
378.507 740.086 54.1858 360.064 85.4416 448.294 621.532 30.071 0 151.501 167.475 31.9598 67.5613 52.2442 53.7886 7.13238 440.651 10.2143 148.789 69.7518 170.974 41.6049 83.4133 30.4019 486.241 45.0145 74.9904 47.5122 
12.1992 240.416 93.3439 71.3307 320.868 46.5919 57.9242 154.993 92.8232 0 492.631 243.615 292.715 15.3067 93.4103 73.8209 34.6498 16.7553 72.2518 5.63136 46.0171 43.5439 11.2414 7.38671 3.02892 44.2139 40.1516 36.7826 
164.47 198.204 199.7 82.7846 111.921 270.98 94.8903 31.6908 50.0639 556.277 0 398.003 86.105 14.4753 38.8347 155.715 13.1817 24.1429 127.293 6.64266 142.51 27.8542 0.338705 126.44 46.15 137.772 30.8395 3.81462 
131.499 14.804 88.9273 232.039 122.355 158.619 198.988 890.076 56.1419 52.4193 9.17727 0 14.4329 111.822 30.8988 18.9242 86.8265 30.8978 90.9377 0.529653 101.318 0.188854 98.627 174.517 191.345 307.078 0.993074 1.43964 
17.1236 137.775 61.0635 72.9052 178.274 200.796 154.533 139.816 37.537 323.824 0.00127214 54.6779 0 151.751 39.1662 0.757608 61.292 28.9729 13.6767 38.2253 75.9743 70.0893 82.0798 59.783 42.9571 0.266429 35.826 38.2569 
0.0628264 30.2051 3.19649 23.0909 41.3746 0.540292 82.6605 10.9255 8.44586 32.8867 37.6273 138.847 85.6952 0 33.9477 17.9343 17.8466 9.88243 14.3601 4.71314 40.3117 4.49483 4.60956 9.1125 7.61433 5.91286 0.771658 2.75084 
69.9431 18.8138 24.6793 30.694 86.9835 3.93224 9.85618 183.892 201.888 49.0266 96.3119 78.5221 0.858147 60.0646 0 22.8005 25.2067 68.4109 36.4015 0.273004 1.13612 16.2588 0.492578 5.80546 27.4783 4.57423 19.3276 22.5452 
77.0178 0.119534 14.619 1.61234 24.4459 0.00201794 10.0499 213.959 150.721 85.8152 2.07938 138.673 41.6126 19.1352 37.5474 0 25.7985 57.6981 0.353408 9.4009 0.226815 7.98281 0.221596 4.62094 5.18212 7.97212 3.02032 15.4948 
456.826 358.345 15.5009 361.676 14.3967 379.231 12.1127 0.683093 396.852 81.2757 75.6004 87.5726 23.1327 15.735 18.183 25.9192 0 165.17 533.685 24.4861 11.3406 19.7161 4.38996 0.00542618 372.155 0.669646 21.0102 16.9822 
201.092 238.664 13.4722 116.312 2.51833 120.408 179.844 36.8276 203.356 51.061 168.957 7.74281 7.3676 1.5477 0.000259054 1.80503 29.901 0 150.084 87.1263 16.9997 42.2101 39.7733 48.1837 0.648156 44.4491 34.819 11.0702 
116.622 126.244 35.5962 35.8597 63.349 24.3947 157.325 76.9787 94.4203 42.1619 120.923 20.6183 0.0026176 27.1735 10.2285 13.0753 6.25469 26.8038 0 35.7954 4.35913 6.39599 0.693544 13.7927 22.3983 10.4712 0.0900777 21.9682 
223.225 60.2261 27.4255 5.17814 2.18781 5.77164 92.1697 57.0248 47.1678 1.74094 23.8463 69.1774 37.1796 3.41843 0.0300398 4.22449 21.588 81.9281 12.6229 0 332.267 5.51582 3.0952 4.46596 0.742836 10.7304 10.938 8.21286 
24.2347 65.0101 125.011 157.924 11.672 32.4537 103.089 126.715 4.86884 72.2848 134.368 64.3037 29.6686 25.3912 30.8464 62.8206 18.0666 78.948 0.352486 211.709 0 32.6319 6.11233 19.0566 47.1967 0.0048944 30.7521 51.0364 
0.0816271 49.6018 5.10022 0.314539 0.463603 18.48 0.00190217 21.4013 4.4782 0.851744 3.98395 17.8425 77.7763 0.139054 0.284666 4.62885 0.260196 7.81487 4.3053 0.656812 26.0209 0 5.95175 0.0337934 14.2879 7.75499 6.10413 6.04004 
19.3451 0.068377 9.86454 6.87576 19.079 11.248 70.9891 3.77857 46.2565 36.8105 39.1814 42.9655 33.2718 6.89254 1.4393 12.1665 0.0600541 27.4478 3.14765 3.1761 37.9633 11.4029 0 19.7392 23.3225 1.85997 13.4839 10.0098 
39.4108 58.0582 11.4022 6.61468 22.2235 2.91519 30.0031 40.5656 98.8698 47.342 72.9249 168.44 64.9952 10.2993 28.0426 20.7129 19.851 11.5426 5.72204 7.27309e-05 8.68354 0.183521 5.31892 0 39.7503 0.495044 3.98686 14.4605 
431.022 399.019 22.4729 401.448 33.4391 380.03 52.9722 14.2802 368.095 1.9157 21.1962 1032.88 54.11 6.55634 29.7802 83.5839 369.742 57.892 13.1541 10.701 0.739771 17.6261 23.7745 10.7613 0 11.0488 45.3753 118.084 
52.7167 83.514 25.2805 44.4648 20.7907 27.5032 37.7923 129.293 44.919 0.276162 83.8057 14.4624 0.178198 12.7752 2.60999 15.2309 18.7131 34.874 1.90113 4.88953 0.373791 6.40625 0.756382 13.1289 34.985 0 11.6317 38.9395 
50.9951 14.429 5.04855 14.1914 7.90117 0.0055637 13.5535 27.3694 54.02 45.1546 85.6301 67.0556 9.57905 1.20626 19.8435 1.24981 22.2623 5.25571 17.99 5.23527 10.0635 12.5864 13.0467 12.3362 26.6921 31.9823 0 41.3787 
3.30017 22.6802 21.0788 19.4579 53.4142 1.57984 36.1799 2.50463 30.6544 40.0232 84.9368 80.6515 14.9791 9.13457 21.0642 12.5622 17.8613 2.56202 19.3517 4.12446 17.5677 2.92965 0.00176142 8.64151 24.35 62.9694 11.6452 0 
