0 687.53 24.2794 505.923 4.20048 496.619 242.452 118.241 577.108 80.8089 15.7584 11.4382 49.8605 3.47518 11.1333 3.64978 444.116 218.687 116.718 275.065 19.1003 4.74101 2.65764 46.6887 492.392 53.9163 50.4234 60.6908 
960.608 0 205.805 739.662 526.618 431.117 27.6206 1.32601 452.559 15.602 150.49 60.944 145.168 8.27843 5.74217 38.2496 485.045 758.196 26.758 135.237 49.1598 35.7958 0.611925 61.9043 506.076 10.2881 0.781421 8.05668 
14.2793 152.905 0 287.125 174.288 63.1983 69.6264 276.539 378.716 9.14136 237.929 185.399 56.3439 6.34519 0.586392 7.2974 22.0483 43.1161 52.5675 25.9234 95.8883 0.000540002 9.43364 0.669955 28.305 27.5269 19.2284 6.32295 
733.558 740.012 243.472 0 35.261 431.519 169.935 920.185 732.766 74.187 153.611 180.244 17.7579 13.828 5.265 29.5798 471.185 123.949 25.5463 17.6927 226.364 6.37416 5.19844 0.127748 457.711 23.5505 25.0808 13.3451 
2.00116 398.979 71.0351 137.53 0 279.574 50.912 86.083 152.134 313.399 261.063 0.730667 0.760263 4.23729 81.4451 46.872 31.5344 231.161 0.841395 0.810135 98.0419 50.9514 1.23909 0.0100802 4.71017 65.985 49.0672 40.7737 
533.272 573.08 5.17743 442.167 1073.3 0 1019.24 131.421 466.477 279.606 0.992063 25.1414 243.73 21.9062 5.48956 25.3498 428.084 107.743 77.7926 2.62236 4.67601 13.6139 3.45507 0.317778 439.651 2.36248 18.9452 10.9489 
263.148 486.112 62.314 166.677 1.50717 771.114 0 348.055 199.414 470.072 480.174 63.5391 0.0109947 7.06349 109.353 32.0551 93.1813 29.8292 26.4246 52.4833 100.027 59.1858 56.3079 0.0550555 20.9903 44.402 31.8755 38.79 
253.52 278.398 267.624 421.541 0.159051 0.0269401 52.3313 0 3.25172 64.3762 1.33506 367.074 16.9521 90.1931 43.8948 215.16 99.7635 180.693 116.454 21.1739 207.271 29.18 89.2031 50.906 174.857 3.974 71.1942 3.48942 
440.587 789.589 110.468 438.106 109.407 468.349 970.934 5.03698 0 117.526 264.731 50.8082 77.1912 44.019 99.4423 11.0984 513.328 14.9607 145.961 73.5927 166.317 43.3013 80.2399 33.8673 555.52 51.7398 73.9532 44.1645 
8.66167 242.086 98.2614 76.1432 329.328 81.2778 109.543 165.812 124.885 0 417.853 246.022 267.741 12.095 101.867 77.4886 37.2766 13.2216 66.59 6.76234 43.1693 45.3882 13.0638 6.02475 2.06039 41.0695 39.3034 35.1363 
158.071 211.126 213.352 70.2754 97.6961 264.173 58.3524 48.241 77.2699 499.072 0 351.958 71.8403 24.2979 78.7451 137.561 11.5163 19.971 128.217 8.14854 140.291 25.7646 1.36235 127.921 52.9527 130.125 28.5025 2.45433 
142.954 9.96342 77.1161 217.793 128.676 157.543 182.788 997.025 36.3374 64.7838 0.59403 0 18.1054 101.757 16.4812 0.14596 87.2136 27.0418 89.268 0.148626 107.476 0.451948 103.567 180.268 112.241 256.475 2.05472 0.166538 
19.7147 134.437 58.9386 72.9905 177.329 184.955 142.325 142.089 30.0692 309.894 1.00543 60.5129 0 145.318 46.4551 0.182862 61.9571 26.2845 15.7479 37.5308 76.4839 66.18 84.9361 57.6134 44.2875 0.544187 36.2519 38.9855 
0.210023 27.8649 2.68215 23.1762 43.6366 0.290262 79.41 7.77383 5.3937 28.6931 51.5943 130.605 100.453 0 45.0967 16.8097 17.4992 10.9464 13.6888 4.68205 39.6424 4.95768 3.31253 8.56872 8.29233 6.47791 0.918221 2.4482 
69.1305 15.8054 26.203 29.2195 84.7468 2.70464 14.6074 181.201 191.283 40.0405 148.863 102.883 0.0534833 54.0711 0 9.30634 25.6845 68.7175 35.8792 0.370826 1.61169 15.9216 1.19657 4.25304 26.4304 3.40687 19.4955 22.1982 
78.2116 0.477884 15.7522 0.827151 22.1381 0.0320803 13.0502 193.93 148.531 83.2249 0.0365356 223.799 45.6834 19.3377 55.3933 0 25.912 56.8234 0.210555 9.29813 0.0525367 8.3397 0.0570253 7.26574 6.51144 5.87322 2.58171 16.4302 
524.357 427.938 13.6327 430.424 19.0286 446.847 9.83749 1.20054 463.183 82.1653 73.5392 87.7314 21.6408 16.1245 17.5342 25.8074 0 139.273 331.501 23.647 12.5468 19.5318 4.1165 5.76121e-05 442.293 0.852342 20.8426 16.5967 
190.416 248.874 8.14425 109.75 5.96435 118.147 168.383 42.6238 197.623 56.6909 170.104 5.72686 5.88707 2.02975 0.0503388 1.27909 15.9771 0 149.145 87.5027 14.4279 42.115 39.143 48.0202 0.982693 42.9733 34.1406 10.1981 
116.731 134.276 33.0075 33.5594 41.7979 19.8982 156.32 73.4508 87.9982 36.8382 122.994 22.875 0.0603527 27.0153 11.1975 13.8234 3.54984 21.5844 0 35.4628 5.24968 5.96872 0.866322 14.2699 21.8048 9.813 0.144384 22.3501 
225.13 51.5451 27.1093 3.49521 1.15301 6.5601 90.7237 61.9907 43.1231 2.42111 26.2918 66.0861 36.4286 3.51509 0.00734893 4.50572 22.469 80.1471 11.6226 0 325.167 5.44208 3.02241 4.32988 0.910889 10.5118 10.9003 7.98148 
34.5938 57.3257 126.471 166.081 14.2918 34.9743 98.2781 117.18 2.68762 69.6991 131.249 58.1989 31.3876 26.4423 29.2759 62.9683 16.6833 82.625 0.147186 158.062 0 32.7046 5.51494 20.2082 45.8075 0.0274432 31.537 51.1227 
0.167312 49.1187 5.36712 0.228465 0.245115 18.8284 0.0298363 19.9155 3.66574 1.40621 5.00528 19.6343 74.471 0.0538418 0.150725 4.25831 0.342154 7.22172 3.93826 0.594157 25.5953 0 5.0395 0.000242349 14.9183 7.53169 5.84427 5.84455 
20.4999 0.215345 10.1809 6.31956 17.6763 11.7354 70.2233 5.41571 42.3215 39.0148 45.4909 48.8551 38.3032 5.63332 2.50456 12.3695 0.0288898 26.511 3.48346 3.24511 38.327 12.197 0 17.7903 23.1704 1.58291 13.4952 9.94032 
40.9783 58.8592 10.9335 7.49117 20.8154 2.51501 32.3309 47.1839 97.8898 45.5085 78.9963 175.51 66.4309 10.3912 28.1134 23.5445 19.675 12.464 5.31422 0.0044864 7.80036 0.06801 2.73041 0 37.2845 0.266744 4.58107 14.446 
499.743 471.13 23.3253 470.998 35.2957 450.433 56.339 8.39968 440.841 2.85412 26.5026 1058.65 53.4953 5.89927 30.3791 86.6531 439.874 57.3639 12.5058 10.3994 0.422037 31.0449 25.5981 19.8376 0 44.0619 94.7049 78.7023 
49.8675 83.4242 25.8928 44.6528 22.7525 27.2459 33.7586 110.142 51.641 0.786078 93.4493 42.2101 0.414579 12.9079 1.72347 12.6829 19.226 33.2606 2.25244 4.56095 0.715789 6.64646 0.57424 12.4752 36.8848 0 9.71852 45.2145 
51.125 15.4869 4.63737 14.9284 7.20773 0.0309093 14.7887 30.3948 52.0371 45.6416 85.955 71.8315 10.2493 1.38384 19.7836 1.57412 22.3156 4.75052 17.6396 5.4403 10.7927 12.5095 13.1808 11.6433 28.4542 33.4529 0 52.5995 
2.58101 21.059 20.7614 20.5682 52.7387 1.27361 33.9703 1.1067 27.599 38.4406 81.3956 91.1767 14.0013 8.81676 21.5505 13.5723 17.4893 2.11376 19.7987 4.36894 16.4538 3.10783 0.00185546 8.18387 22.8803 60.9509 5.28488 0 
