0 769.244 0.395561 264.45 30.5524 308.744 199.355 57.4436 460.363 103.213 4.26563 33.012 38.9689 1.46972 17.2051 9.07418 272.167 187.942 115.237 210.196 54.7567 6.47815 4.64621 42.0891 333.074 44.6657 49.2506 60.9959 
825.671 0 447.59 521.32 407.414 271.137 15.4246 20.6383 367.157 49.2612 101.909 33.3882 148.593 4.04595 1.29244 28.2943 343.867 804.715 9.02884 141.93 27.9657 39.1143 2.03263 61.2332 339.99 4.90501 0.137544 12.0203 
0.33076 0.057211 0 110.687 141.466 66.6514 13.1582 253.646 149.658 1.12005 236.195 169.053 63.1645 8.4943 0.0385158 4.18006 28.8272 76.1525 57.6214 27.4211 113.299 0.0489917 10.4559 1.49822 27.8579 26.9005 18.8396 4.45288 
605.954 523.594 283.536 0 64.2236 275.551 197.054 162.938 593.628 58.0425 184.162 232.972 24.8096 11.1981 9.54871 22.0956 311.957 138.61 18.4791 27.0834 785.817 5.32791 3.62523 0.0675507 287.625 16.2923 23.5593 16.9694 
24.2282 189.862 30.7704 156.152 0 175.567 0.101395 54.6905 72.9785 331.719 251.603 6.19154 1.45243 1.41642 71.9115 54.3468 14.7004 235.024 36.7288 0.168406 85.0473 53.437 3.02981 0.516307 2.14247 62.0256 48.6197 44.4773 
347.528 339.95 17.25 290.112 936.192 0 524.401 174.379 283.467 285.223 13.5793 46.9272 101.408 21.7862 1.58301 22.9888 263.85 118.291 86.9663 4.68114 9.29245 11.7234 4.93598 0.959387 278.538 4.55348 19.5577 12.9809 
236.343 518.374 140.381 123.065 63.731 5.83425 0 404.424 290.759 495.178 465.088 24.4808 7.34945 1.57284 129.104 46.8788 100.926 7.94504 47.4625 39.8191 114.634 56.1659 49.2948 0.427667 30.8568 57.8441 36.5115 45.7955 
193.405 242.096 217.824 298.479 7.07144 11.647 2.95048 0 73.0871 32.9994 30.7312 942.116 29.0599 71.6903 79.4128 144.391 99.3492 180.868 114.463 10.4431 206.181 24.1298 96.3982 30.2734 144.885 34.4005 61.0418 0.0264323 
263.937 532.728 341.29 341.635 193.917 282.136 1143.38 66.1054 0 31.0808 531.125 132.898 109.273 20.7972 33.7293 28.8709 358.209 35.5138 133.739 85.0008 148.113 48.5844 68.9746 45.4916 387.13 74.2833 70.0003 33.671 
1.30931 233.388 109.97 89.9203 320.33 334.893 325.175 195.798 237.616 0 148.3 242.236 164.146 4.10728 123.425 86.713 45.7809 4.55449 48.3846 10.9616 34.2242 50.8026 19.5136 2.52846 0.198897 30.9559 36.3555 29.7304 
134.689 245.069 239.369 34.5139 55.6346 217.139 0.20895 118.656 550.347 236.948 0 189.317 32.5223 68.6541 253.496 77.5885 6.8558 9.03187 129.064 13.8678 131.249 19.3803 9.10206 128.737 75.7504 101.878 21.3627 0.0989357 
177.106 0.807812 41.9592 158.835 147.244 148.598 128.034 830.404 1.27599 109.021 41.1653 0 32.1824 68.3033 0.85777 139.289 87.7892 16.1245 83.1541 0.50933 126.172 2.04673 116.694 187.162 112.361 85.6386 7.93113 4.52873 
28.9191 121.2 51.341 72.1792 168.794 131.408 100.923 147.034 11.1464 227.442 16.5055 79.8133 0 109.681 70.6784 0.989209 63.6142 18.3041 23.0995 35.0518 77.5973 52.4162 90.5721 49.6789 48.1725 2.08214 37.4426 41.075 
1.25684 20.6422 1.29776 23.0559 50.5978 0.00917121 67.4056 1.19201 1.06035 16.4176 104.041 99.812 139.758 0 61.792 11.6599 16.3199 14.6153 11.5438 4.55154 37.2444 6.45024 0.33138 6.40064 10.4454 8.2714 1.4643 1.57242 
65.5481 7.6913 30.3613 24.0574 76.0524 0.281935 34.9007 163.131 146.676 15.7237 324.613 184.692 3.96436 19.8012 0 8.62269 27.075 68.9242 33.8594 0.780297 3.67066 14.6138 5.25926 0.783612 22.4546 0.758419 19.8283 20.7155 
80.3888 3.2074 19.1445 0.0675397 15.2405 0.798529 24.7549 118.394 135.762 72.2932 14.3512 463.32 58.333 17.581 89.6074 0 26.1219 53.5054 0.000496309 8.86797 0.317744 9.41214 0.257438 17.5032 11.8855 1.10666 1.38097 19.1231 
352.059 268.321 8.24864 264.308 37.3155 276.677 4.04028 3.81408 289.101 83.9295 66.4873 87.5694 17.0412 17.3183 15.4268 25.2979 0 61.2754 249.822 20.8367 16.7188 18.8775 3.28417 0.0718729 279.808 1.58005 20.2478 15.3278 
150.06 425.472 0.0280913 86.2207 26.2214 107.512 128.047 62.9789 174.343 75.2845 170.738 1.27388 2.21966 3.99037 0.987211 0.197217 0.776808 0 141.744 86.948 7.47113 41.6205 36.9252 47.185 2.50989 38.0343 31.8677 7.59103 
114.624 155.805 24.6892 26.1598 1.82349 8.02864 148.053 61.7949 67.1247 21.408 127.662 30.6299 1.42743 26.2962 14.463 16.2389 42.1093 8.2769 0 34.0107 8.60605 4.67097 1.543 15.772 19.8282 7.78552 0.403723 23.4884 
196.764 26.3912 25.2006 0.277989 0.0556318 9.2767 84.1046 77.5883 30.6675 5.30344 34.5335 55.6629 33.7866 3.80907 0.0381655 5.41096 25.175 73.0293 8.58144 0 203.821 5.1894 2.7788 3.87807 1.5543 9.71992 10.7291 7.21223 
76.8817 34.7504 125.647 71.5031 24.187 43.1119 82.034 86.2327 0.0378541 60.998 119.614 39.7762 36.9892 29.7436 24.2562 62.6177 12.5149 93.8051 0.0848225 18.3789 0 32.828 3.77908 23.9496 41.0625 0.845746 33.9544 51.0308 
0.645535 47.2586 6.23261 0.0445205 0.0105096 19.7381 0.748458 15.3776 1.58912 4.07525 8.99177 25.7289 62.0559 0.0490552 0.00644813 3.12465 0.678825 5.44909 2.85429 0.412589 24.1704 0 2.44968 0.273291 16.7042 6.78776 5.01903 5.21334 
24.241 1.2342 11.0877 4.62872 13.3958 13.1905 66.7221 12.4637 30.1708 45.6959 66.8803 68.3927 54.7505 1.67528 7.46533 12.2947 0.00506791 23.4658 4.65149 3.45286 39.2698 14.2112 0 7.96483 21.6623 0.826067 13.3671 9.62502 
45.6988 60.8188 9.34875 10.4967 16.4475 1.4073 39.8524 69.6315 93.0094 39.1444 97.3188 187.118 69.5282 9.93432 26.3969 29.0265 19.0336 15.5649 4.08256 0.0645873 5.23675 0.0777301 0.408333 0 26.346 0.00797856 6.65796 14.2001 
331.698 314.826 25.6735 305.517 41.1941 288.534 66.6589 6.92173e-05 289.164 7.03091 46.284 558.432 50.9676 3.92066 31.3687 35.744 277.393 55.2389 10.4675 9.37388 0.000783334 73.123 30.3444 55.9732 0 42.6178 92.18 121.302 
40.4239 81.7293 27.2185 43.684 29.318 25.9197 21.725 52.4513 74.1805 4.12807 122.82 197.216 1.82364 13.0053 0.101226 5.42515 20.8054 28.0622 3.55922 3.54268 2.53704 7.3971 0.154341 10.1688 41.5799 0 4.47691 60.2405 
51.1938 19.0216 3.40483 17.2607 5.16742 0.249725 18.9792 40.6258 45.4737 46.8651 86.0527 86.5129 12.4924 2.02137 19.3828 2.83384 22.4197 3.28552 16.4787 6.09735 13.2419 12.1957 13.4519 9.3647 33.7491 36.8689 0 83.1294 
0.855743 16.0935 19.5035 23.9764 50.2233 0.505996 26.9891 0.435252 18.5442 33.1596 69.1474 123.919 10.9985 7.73142 22.7424 16.6558 16.2571 0.9585 21.1694 5.16909 13.0229 3.69863 0.0994863 6.69863 18.9228 46.7086 2.00805 0 
