0 842.128 0.117986 325.187 33.0153 368.662 196.035 54.0295 524.585 104.615 3.76315 34.743 38.2792 1.36788 17.6319 9.50102 333.134 185.537 115.012 208.494 57.558 6.59862 4.79253 41.7724 394.734 44.0492 49.1572 60.9828 
880.322 0 455.48 576.84 395.324 334.201 20.4093 22.6412 435.052 51.9624 98.8331 31.8249 148.644 3.81945 1.11128 27.6699 406.762 190.18 8.18064 141.975 26.7506 39.3211 2.1526 61.155 401.205 4.61879 0.113879 12.2992 
0.740231 1.22792 0 94.3001 138.848 66.5888 10.9062 250.608 135.274 0.862444 234.972 167.529 63.5587 8.6351 0.0669925 4.00047 29.2697 78.3974 57.885 27.47 114.223 0.0562654 10.5169 1.56231 27.7998 26.8236 18.8064 4.33962 
665.051 579.206 293.178 0 66.2456 337.611 198.105 529.34 654.204 56.9611 185.724 235.575 25.2894 11.0266 9.85847 21.5964 373.642 139.307 18.0409 27.6929 556.488 5.26162 3.53038 0.0899753 348.623 15.8353 23.4501 17.2059 
26.4569 176.502 28.5857 157 0 163.213 0.0178879 52.8039 68.5026 331.001 250.437 6.72523 1.79449 1.28412 71.2303 54.8092 13.7992 234.747 40.7054 0.245481 84.1668 53.5774 3.1719 0.575417 2.00895 61.7326 48.5774 44.7063 
407.409 397.121 18.211 352.354 325.808 0 168.367 176.793 351.402 0.630647 15.8619 48.4918 366.332 21.7506 1.40672 22.809 325.294 118.799 87.3748 4.83093 9.63986 11.5981 5.03772 1.01241 340.131 4.71604 19.5908 13.112 
233.869 514.667 145.588 119.945 70.5445 16.9454 0 406.062 356.057 490.047 460.518 22.5033 8.3608 1.34966 130.121 47.8709 101.354 6.98548 48.9621 39.006 115.51 55.9426 48.8139 0.506264 31.5337 58.7071 36.8086 46.2416 
189.099 239.137 213.383 290.686 7.86481 13.1011 1.82302 0 84.4628 31.2476 33.8807 964.334 29.9333 70.442 81.8627 139.318 99.2704 180.687 114.252 9.86155 205.791 23.8084 96.7727 29.0571 142.586 37.2764 60.3606 0.00263596 
325.168 587.063 355.113 409.122 199.491 349.874 1090.13 77.0135 0 27.153 1259.73 139.053 111.368 19.519 48.3707 30.2568 420.143 37.1004 132.793 85.6819 146.78 48.917 68.197 46.2624 448.088 75.7619 69.7124 33.0106 
1.05307 232.103 110.488 90.7058 317.87 352.883 339.136 197.438 244.829 0 132.934 241.39 156.916 3.72507 124.458 87.1609 46.3317 4.14159 47.2254 11.2616 33.6584 51.1236 19.9584 2.35046 0.145446 30.3092 36.1532 29.376 
133.049 246.803 240.002 32.5178 53.1776 212.989 0.000391891 123.907 570.815 219.316 0 179.027 30.4059 72.027 265.051 73.8727 6.59118 8.46022 129.006 14.2824 130.567 18.9859 9.82722 128.581 77.2462 99.9105 20.9217 0.0542441 
179.127 0.563831 39.9136 154.556 148.343 147.743 124.463 795.819 0.649316 112.035 47.1657 0 33.2045 66.1567 1.56754 156.239 87.7912 15.4997 82.7203 0.616036 127.312 2.18912 117.383 186.975 109.77 76.3003 8.43704 5.24899 
29.5579 120.221 50.813 72.0697 167.962 131.857 98.2128 147.227 10.2137 220.669 18.1244 81.0791 0 106.784 72.2314 1.18042 63.6961 17.8243 23.6092 34.8786 77.6417 51.4806 90.7396 49.1214 48.4025 2.21523 37.5103 41.1969 
1.3546 20.1934 1.22338 23.0273 51.0293 0.0187762 66.5587 0.961029 1.07615 15.7045 107.628 97.6617 141.641 0 61.4271 11.2752 16.2402 14.8656 11.4058 4.54148 37.0763 6.54574 0.238465 6.2451 10.5817 8.38464 1.50355 1.5211 
65.2666 7.25439 30.5856 23.7058 75.4166 0.209528 36.4385 161.506 143.388 14.4652 334.085 189.716 4.55185 17.5678 0 10.9551 27.1574 68.8964 33.7112 0.81175 3.83151 14.518 5.60213 0.650369 22.17 0.650014 19.8389 20.601 
80.4407 3.46557 19.3471 0.112861 14.8247 0.882777 25.6086 113.329 134.654 71.4644 16.3253 471.85 59.1136 17.3495 89.6237 0 26.1273 53.2646 3.74057e-05 8.83499 0.378303 9.47721 0.308484 18.1756 12.2784 0.920906 1.31475 19.2781 
412.855 330.248 7.93639 325.62 38.6562 337.707 3.74769 4.03292 349.89 83.9853 66.0093 87.5235 16.7541 17.3925 15.2893 25.257 0 56.9023 151.11 20.6493 17.0041 18.8318 3.23266 0.081218 341.31 1.63458 20.2062 15.2439 
147.21 435.583 6.80766e-05 84.6074 27.9814 106.658 125.322 64.3732 172.606 76.5003 170.618 1.09407 2.04059 4.13875 1.08847 0.159457 1.44021 0 141.043 86.8194 7.09216 41.5785 36.7715 47.1146 2.63239 37.705 31.7155 7.43258 
114.36 156.937 24.1579 25.6851 1.01771 7.41927 147.263 61.0279 65.779 20.5149 127.857 31.1568 1.57769 26.2387 14.6815 16.3957 45.8926 7.61414 0 33.8969 8.84912 4.59088 1.59322 15.8676 19.6966 7.65898 0.425005 23.5574 
193.308 24.9654 25.0326 0.192554 0.103047 9.46052 83.5779 78.5653 29.8983 5.52561 35.0845 54.968 33.6038 3.82721 0.045617 5.46939 25.3431 72.5001 8.39456 0 192.735 5.17219 2.76252 3.84808 1.6013 9.66413 10.7154 7.1611 
79.9898 33.4245 125.303 65.7816 24.9009 43.6372 80.9509 84.2477 0.0985345 60.4164 118.78 38.6589 37.3557 29.953 23.9337 62.5517 12.2599 94.4913 0.11226 13.5584 0 32.8302 3.67641 24.1936 40.7414 0.937769 34.1055 51.0054 
0.687213 47.1221 6.28905 0.0374895 0.0199782 19.7857 0.827948 15.0968 1.48306 4.29356 9.28613 26.1399 61.1742 0.0629437 0.0122683 3.05473 0.70451 5.34124 2.78912 0.401856 24.075 0 2.30595 0.310786 16.8065 6.73824 4.96612 5.17228 
24.4844 1.32877 11.1403 4.52487 13.1312 13.2782 66.4423 13.0094 29.4188 46.1029 68.2939 69.6654 55.7999 1.4719 7.84895 12.2516 0.00754394 23.2669 4.73179 3.46558 39.3189 14.3086 0 7.29856 21.5137 0.784529 13.3502 9.59981 
45.9864 60.9128 9.24271 10.6993 16.1736 1.34537 40.3384 71.1141 92.6051 38.711 98.4204 187.249 69.6461 9.86641 26.1882 29.1436 18.9881 15.7729 4.00699 0.0708943 5.0856 0.0984488 0.621847 0 25.5352 0.0165757 6.8 14.1738 
392.789 376.717 25.8033 366.768 41.571 350.059 67.2939 0.0326359 351.482 7.35999 47.6831 580.372 50.7755 3.80118 31.3822 34.0294 338.896 55.079 10.338 9.30468 0.00519094 65.9971 30.5818 57.6998 0 33.774 120.859 111.109 
39.8033 81.5464 27.2692 43.5397 29.7548 25.8084 21.0056 49.1593 75.6587 4.43149 124.579 208.836 1.94864 12.9942 0.0639385 5.03198 20.904 27.7257 3.65312 3.47894 2.69245 7.44455 0.136112 10.0112 41.8 0 4.19471 60.8357 
51.1799 19.2574 3.32984 17.4093 5.04517 0.271118 19.2618 41.3104 45.0398 46.9262 86.0092 87.4168 12.6423 2.0661 19.346 2.92633 22.4229 3.19896 16.4016 6.13982 13.4062 12.1719 13.4609 9.21587 34.0771 37.0148 0 84.5229 
0.775289 15.7859 19.41 24.1869 50.0425 0.467865 26.5456 0.594108 18.0026 32.809 68.3167 125.914 10.8116 7.65813 22.7993 16.8437 16.1753 0.898753 21.2548 5.22163 12.809 3.73787 0.110915 6.60227 18.712 45.4713 2.74553 0 
