0 956.155 0.0517893 419.259 38.1848 459.38 189.246 47.4562 623.75 107.39 2.85094 38.3153 36.9084 1.17505 18.496 10.38 425.941 180.604 114.516 207.014 63.299 6.84228 5.09106 41.1332 488.878 42.8133 48.9642 60.9444 
957.528 0 467.03 658.075 370.092 431.654 32.3608 26.8997 542.047 57.5189 92.7407 28.7932 148.683 3.38488 0.78959 26.4323 503.391 841.512 6.60419 141.921 24.3882 39.731 2.40237 60.9861 494.458 4.07067 0.0732381 12.8645 
2.04391 8.06338 0 64.0597 133.477 66.3575 7.012 244.03 107.907 0.447557 232.136 164.33 64.3266 8.91642 0.147348 3.65091 30.1536 82.8929 58.3868 27.5496 115.987 0.0723077 10.6369 1.69403 27.673 26.657 18.7372 4.11644 
752.403 660.609 313.687 0 70.3175 432.617 199.922 98.1185 745.299 54.7953 188.672 240.418 26.2553 10.684 10.4877 20.5983 467.844 140.601 17.1741 28.9044 611.62 5.12969 3.34362 0.144406 441.46 14.9301 23.228 17.6783 
31.174 150.569 24.4181 158.553 0 135.48 1.07692 49.1004 59.8812 328.863 247.914 7.85627 2.58553 1.03866 69.8479 55.724 12.0748 234.001 49.1654 0.442906 82.3954 53.8502 3.46533 0.703106 1.7545 61.134 48.4881 45.1597 
497.988 482.519 20.1803 447.692 905.439 0 696.198 181.442 460.698 554.721 20.9202 51.6642 376.703 21.6695 1.08436 22.4407 419.045 119.747 88.1179 5.13585 10.3509 11.3469 5.24294 1.12249 434.16 5.04808 19.6544 13.3732 
228.684 505.196 155.885 113.657 84.9877 69.1922 0 408.538 497.676 477.456 450.171 18.7782 10.5705 0.953834 132.044 49.8583 102.182 5.24671 51.9994 37.3869 117.233 55.4866 47.8449 0.68317 32.8977 60.4241 37.4007 47.129 
180.41 233.032 204.173 266.631 9.57284 16.2473 0.376767 0 109.266 27.8648 40.5915 999.478 31.7102 67.9372 86.7844 129.134 99.0941 180.255 113.802 8.74375 204.897 23.1685 97.4856 26.6803 137.887 43.3035 58.9924 0.0293185 
418.713 666.359 381.134 515.376 210.571 458.797 966.85 100.946 0 20.0449 1215.1 151.551 115.547 17.0645 79.4496 33.0998 514.836 40.3562 130.852 87.0198 144.065 49.5775 66.6286 47.8066 540.79 78.7127 69.1259 31.6996 
0.623795 229.284 111.431 92.2303 312.31 387.343 366.165 200.592 259.014 0 104.095 239.484 142.518 3.01432 126.368 87.9966 47.4308 3.37328 44.9247 11.8705 32.5338 51.7532 20.8554 2.01323 0.0635495 29.0232 35.745 28.6668 
129.734 250.079 240.857 28.6723 48.3902 204.38 0.946765 134.576 606.522 185.016 0 158.869 26.3592 78.8864 287.487 66.5904 6.07648 7.37013 128.849 15.1263 129.171 18.2055 11.3537 128.192 80.2318 95.9455 20.0493 0.00483871 
183.081 0.20692 35.9355 145.918 150.493 145.937 117.357 721.169 0.0248517 118.08 60.2551 0 35.2836 61.9004 3.61768 191.578 87.7823 14.2832 81.8401 0.859671 129.561 2.48782 118.694 186.369 96.4859 58.9024 9.49203 6.84295 
30.8483 118.225 49.7479 71.8306 166.202 134.263 92.814 147.566 8.46482 206.82 21.5708 83.6094 0 100.86 75.3098 1.61272 63.8501 16.88 24.639 34.5279 77.7203 49.6013 90.9994 47.9934 48.8536 2.49326 37.6422 41.4353 
1.56076 19.3054 1.08072 22.9628 51.883 0.0481927 64.8465 0.573199 1.2175 14.3152 114.796 93.3341 145.1 0 60.138 10.4988 16.0798 15.3699 11.1306 4.52081 36.736 6.73573 0.0976748 5.93118 10.8522 8.60923 1.58335 1.42067 
64.6867 6.41599 31.0151 22.9989 74.1224 0.0967716 39.5774 158.11 136.726 12.0886 351.644 199.509 5.84299 13.3635 0 16.3101 27.319 68.826 33.4087 0.876398 4.16281 14.3228 6.3105 0.420417 21.5932 0.457805 19.8559 20.3658 
80.5112 4.01044 19.7442 0.238029 14.0055 1.06347 27.3447 103.282 132.347 69.7707 20.6214 485.11 60.6531 16.8493 88.7211 0 26.1352 52.7744 0.00395131 8.76723 0.515144 9.60549 0.423995 19.496 13.0753 0.599476 1.18682 19.5799 
505.267 425.027 7.32707 419.105 41.3831 430.622 3.19444 4.48792 442.326 84.0753 65.0471 87.4188 16.1848 17.5398 15.0141 25.1724 0 48.528 436.185 20.2731 17.5796 18.7392 3.13061 0.101607 435.157 1.74621 20.1221 15.0758 
141.46 450.666 0.129846 81.3619 31.6493 104.898 119.86 67.1831 169.062 78.9295 170.319 0.775221 1.70476 4.44286 1.30564 0.0959319 3.37092 0 139.563 86.5289 6.36211 41.491 36.4608 46.9681 2.88577 37.0441 31.4096 7.1198 
113.785 159.092 23.102 24.7392 0.105238 6.26681 145.596 59.4923 63.099 18.7747 128.206 32.2181 1.90024 26.1196 15.1206 16.7087 53.4919 6.36734 0 33.6624 9.34368 4.43233 1.69584 16.058 19.4324 7.40806 0.469179 23.6937 
185.914 22.2088 24.6817 0.0685198 0.24129 9.83005 82.4913 80.5002 28.3778 5.98208 36.1901 53.5734 33.2344 3.86311 0.0625098 5.58597 25.676 71.4189 8.02506 0 170.249 5.13749 2.7298 3.78794 1.69711 9.55109 10.687 7.05852 
86.2939 30.8339 124.512 57.3905 26.3526 44.6848 78.778 80.3023 0.305213 59.2486 117.088 36.4573 38.0889 30.3696 23.2906 62.4039 11.7561 95.8471 0.178625 6.05389 0 32.8325 3.47489 24.6815 40.0953 1.13589 34.4051 50.9476 
0.774364 46.8435 6.40192 0.0252335 0.0479422 19.8765 0.998811 14.5406 1.28173 4.74583 9.88688 26.9667 59.3907 0.0958617 0.0294595 2.91642 0.757274 5.12834 2.66075 0.380788 23.883 0 2.02937 0.392799 17.0057 6.63887 4.86059 5.09019 
24.9707 1.52806 11.243 4.31965 12.6081 13.451 65.8644 14.1302 27.9322 46.9052 71.1184 72.2035 57.8818 1.09848 8.63143 12.1517 0.0139634 22.8689 4.8939 3.49071 39.4127 14.4898 0 6.0104 21.1993 0.704421 13.3132 9.54771 
46.5539 61.0885 9.02984 11.1066 15.6302 1.22535 41.3078 74.0772 91.7663 37.8388 100.582 187.275 69.8506 9.71748 25.7381 29.2813 18.8956 16.191 3.85749 0.0843728 4.78906 0.147145 1.17702 0 23.8972 0.0430664 7.086 14.1174 
485.796 471.336 26.054 460.093 42.3221 443.946 68.5486 0.312014 446.997 8.03808 50.5125 262.028 50.3815 3.56618 31.3904 32.5233 432.747 54.7516 10.0801 9.16546 0.0256407 50.4264 31.0277 60.6696 0 22.6862 160.404 76.0354 
38.5625 81.1545 27.3572 43.2221 30.6309 25.577 19.5939 42.8148 78.6099 5.06846 128.024 231.94 2.21061 12.9656 0.014919 4.28254 21.0997 27.0542 3.84404 3.35256 3.01657 7.53885 0.103051 9.69425 42.2062 0 3.65478 61.8599 
51.1454 19.731 3.18187 17.7053 4.80456 0.316493 19.8302 42.6846 44.1704 47.0416 85.9039 89.2021 12.9437 2.15668 19.2684 3.11493 22.428 3.02897 16.2468 6.22466 13.7363 12.123 13.4758 8.91853 34.7295 37.2771 0 87.0158 
0.626139 15.1765 19.2188 24.6032 49.6748 0.396022 25.6632 0.985364 16.9379 32.1059 66.645 129.833 10.4412 7.51076 22.9053 17.2136 16.011 0.784907 21.424 5.32683 12.3844 3.81663 0.135617 6.40993 18.3086 42.922 4.5523 0 
