0 984.304 0.207962 441.099 40.3403 479.24 186.481 44.9229 646.923 108.489 2.52101 39.7827 36.3634 1.10191 18.8454 10.7411 446.632 178.588 114.301 207.069 65.6459 6.94069 5.21278 40.8753 510.085 42.3183 48.8847 60.9246 
970.914 0 470.016 673.905 359.656 454.368 37.8572 28.6954 568.522 59.797 90.3289 27.617 148.675 3.21799 0.676178 25.9415 525.594 326.882 6.01887 141.845 23.4691 39.8936 2.50599 60.9138 515.308 3.86059 0.0594807 13.0933 
2.74528 12.4459 0 53.2265 131.285 66.2256 5.68823 241.219 97.5657 0.319211 230.858 162.995 64.6265 9.02884 0.188204 3.51477 30.5065 84.691 58.5781 27.5746 116.66 0.0792845 10.684 1.74804 27.6185 26.5856 18.7084 4.02847 
770.285 676.498 318.157 0 71.9554 454.19 200.541 873.491 764.961 53.928 189.784 242.217 26.6439 10.5471 10.7428 20.1995 489.077 141.08 16.831 29.3859 806.835 5.07717 3.27004 0.169747 462.151 14.5717 23.1378 17.8673 
33.1547 140.54 22.8291 159.12 0 123.556 1.95691 47.6463 56.5613 327.749 246.833 8.33209 2.94173 0.947611 69.288 56.0858 11.4149 233.631 52.7298 0.537991 81.6835 53.9563 3.58614 0.757737 1.65737 60.8901 48.4507 45.3393 
517.768 500.322 20.984 469.387 440.591 0 304.736 183.232 488.892 383.479 23.1235 52.9475 109.388 21.6333 0.966843 22.2902 440.109 120.101 88.3875 5.25971 10.6413 11.2462 5.32564 1.168 455.327 5.18339 19.679 13.4775 
226.525 500.658 159.944 111.126 91.0505 100.353 0 409.228 557.102 471.578 445.595 17.3761 11.5229 0.814549 132.771 50.6543 102.502 4.61937 53.2274 36.7427 117.911 55.3007 47.4547 0.761255 33.4469 61.1074 37.6368 47.4824 
176.905 230.524 200.375 253.859 10.3009 17.5925 0.101693 0 119.902 26.558 43.4254 1009.89 32.4313 66.9328 88.7586 125.06 99.0165 180.056 113.611 8.31414 204.497 22.9138 97.7572 25.751 135.973 45.8115 58.443 0.0677155 
439.778 681.569 390.857 541.58 214.966 486.849 912.43 111.259 0 17.4876 1047.96 156.611 117.212 16.1221 90.9318 34.2633 536.262 41.6881 130.056 87.5452 142.961 49.84 65.9965 48.4253 561.406 79.8888 68.8874 31.1791 
0.483237 228.064 111.772 92.8222 309.852 400.372 376.584 201.804 264.584 0 93.3374 238.643 136.801 2.75012 127.074 88.3085 47.8696 3.08754 44.0111 12.1175 32.0868 52.0002 21.2167 1.88539 0.0401401 28.5118 35.5804 28.3831 
128.396 251.316 241.045 27.1904 46.5235 200.829 1.83334 138.899 619.684 171.74 0 150.991 24.8123 81.667 296.153 63.7393 5.87613 6.95419 128.771 15.4692 128.6 17.8966 11.9922 128.008 81.4228 94.3506 19.7039 1.64247e-05 
184.628 0.113196 34.3889 142.44 151.336 145.18 114.531 689.616 0.0103468 120.504 65.8797 0 36.1275 60.214 4.67089 206.112 87.7739 13.8091 81.4831 0.968363 130.448 2.61249 119.194 186.04 88.5061 52.4652 9.9299 7.53746 
31.3693 117.412 49.3178 71.7273 165.463 135.695 90.6657 147.683 7.80951 201.187 23.0252 84.62 0 98.4462 76.5289 1.804 63.9081 16.5082 25.0543 34.3861 77.7478 48.8473 91.0752 47.5378 49.0307 2.60887 37.6936 41.5286 
1.64719 18.9534 1.02594 22.9341 52.2212 0.0637659 64.155 0.445842 1.31496 13.7737 117.654 91.5949 146.363 0 59.4189 10.1865 16.0153 15.573 11.0208 4.51233 36.5982 6.81125 0.0585034 5.80478 10.9596 8.69833 1.61576 1.38134 
64.4485 6.09412 31.1798 22.715 73.5963 0.0636908 40.8553 156.7 134.034 11.1919 358.108 203.32 6.40201 11.7976 0 18.6847 27.3826 68.7922 33.2856 0.902904 4.29878 14.2434 6.60176 0.342207 21.3598 0.390221 19.8612 20.2695 
80.527 4.23896 19.9 0.300963 13.683 1.14028 28.0492 99.3068 131.39 69.0795 22.4661 488.943 61.2609 16.6358 88.0148 0 26.1373 52.575 0.00732238 8.73948 0.575724 9.65612 0.475133 20.0123 13.398 0.489785 1.13737 19.6975 
525.78 446.526 7.08917 440.061 42.4905 451.349 2.98512 4.67635 462.863 84.1032 64.66 87.3721 15.9589 17.5982 14.9041 25.1375 0 45.3273 513.356 20.1222 17.8116 18.7017 3.09016 0.110407 456.253 1.79183 20.0881 15.0084 
139.143 454.655 0.251086 80.0592 33.1693 104.174 117.674 68.3135 167.619 79.8994 170.177 0.663008 1.57875 4.56724 1.39791 0.0750102 4.36694 0 138.943 86.4003 6.08063 41.4546 36.3353 46.9074 2.99024 36.7789 31.2867 6.99628 
113.538 159.913 22.6824 24.3627 0.0025484 5.83087 144.896 58.8777 62.032 18.0964 128.331 32.6453 2.03743 26.0706 15.2969 16.8338 56.5151 5.89864 0 33.566 9.54475 4.3695 1.73773 16.1338 19.3264 7.30845 0.48745 23.7475 
182.788 21.1429 24.5359 0.0364289 0.312767 9.9785 82.0447 81.2669 27.7768 6.16915 36.6338 53.0144 33.0854 3.87734 0.0700094 5.63247 25.8079 70.9786 7.87893 0 161.21 5.1235 2.71666 3.76379 1.73612 9.50534 10.6753 7.01735 
88.847 29.8203 124.158 55.2632 26.942 45.1027 77.9069 78.7333 0.419701 58.78 116.402 35.5898 38.3823 30.5354 23.0342 62.339 11.557 96.383 0.209457 3.87424 0 32.8326 3.39571 24.8765 39.8355 1.22034 34.5241 50.9218 
0.810645 46.73 6.44703 0.0210065 0.0625076 19.9112 1.07157 14.3202 1.20523 4.93257 10.1315 27.2991 58.6701 0.110946 0.0384085 2.86169 0.778891 5.04423 2.61014 0.372509 23.806 0 1.92292 0.428226 17.0834 6.59899 4.81852 5.05735 
25.1651 1.6116 11.2832 4.23851 12.4008 13.519 65.6265 14.5895 27.3441 47.2217 72.2461 73.2149 58.707 0.962419 8.94951 12.1067 0.0170822 22.7096 4.95931 3.50065 39.4485 14.5571 0 5.51564 21.0673 0.673501 13.2973 9.52625 
46.7778 61.1541 8.94442 11.27 15.4144 1.1788 41.6944 75.2612 91.4195 37.4879 101.431 187.198 69.9206 9.65312 25.5461 29.3002 18.8581 16.359 3.79831 0.0900867 4.67265 0.169327 1.44524 0 23.2378 0.0571349 7.20108 14.0934 
506.549 492.737 26.1508 480.972 42.6211 465.056 69.0446 0.503637 468.773 8.31665 51.655 988.048 50.2203 3.47367 31.3867 32.6631 453.844 54.6178 9.97742 9.10947 0.038165 44.1976 31.1949 61.6654 0 21.284 164.553 59.485 
38.0663 80.988 27.3874 43.0844 30.9822 25.4812 19.0395 40.3728 79.7867 5.33433 129.372 241.078 2.31985 12.9518 0.00487992 3.99721 21.1774 26.7861 3.92157 3.30244 3.15099 7.57636 0.0911014 9.56691 42.3559 0 3.44814 62.2063 
51.1291 19.9211 3.12345 17.8231 4.70982 0.335615 20.0588 43.2359 43.822 47.0852 85.8549 89.9071 13.0647 2.19335 19.236 3.19168 22.4296 2.96215 16.1846 6.25854 13.869 12.103 13.4806 8.79978 34.9889 37.3708 0 87.8991 
0.570895 14.9351 19.1409 24.768 49.5254 0.368925 25.3124 1.16924 16.5193 31.8241 65.9735 131.372 10.2944 7.45153 22.9448 17.3594 15.945 0.741499 21.4912 5.36895 12.216 3.84822 0.146182 6.33317 18.1541 41.8777 5.39549 0 
