0 1003.89 0.63742 453.055 43.6645 487.548 182.283 41.2343 660.129 110.123 2.06363 42.0244 35.5499 0.996554 19.3735 11.2921 456.182 175.517 113.959 207.716 69.2145 7.0894 5.3976 40.4865 520.389 41.5751 48.763 60.89 
968.418 0 472.703 675.936 343.691 467.123 46.8409 31.4853 586.857 63.2675 86.7409 25.8923 148.638 2.97531 0.522394 25.2103 537.396 529.899 5.18988 141.674 22.1186 40.1362 2.66527 60.8006 525.077 3.55551 0.0415226 13.4393 
3.98738 20.7295 0 38.66 127.948 65.9856 3.95609 236.818 82.7968 0.167179 228.791 160.936 65.0678 9.19717 0.258789 3.31468 31.0351 87.3844 58.8545 27.6047 117.633 0.0903506 10.7538 1.83042 27.5326 26.4735 18.6642 3.89787 
774.971 678.613 316.682 0 74.4195 465.067 201.354 95.6249 772.602 52.6269 191.379 244.761 27.2292 10.3421 11.1292 19.6021 499.422 141.758 16.3206 30.1036 240.357 4.99871 3.16094 0.211568 471.689 14.0383 23.0012 18.15 
36.2238 125.92 20.5333 159.911 0 105.215 3.76156 45.4945 51.7287 325.804 245.138 9.07088 3.51833 0.818827 68.4412 56.6246 10.4566 232.999 58.2567 0.697888 80.6114 54.1123 3.77086 0.843432 1.51685 60.5194 48.3925 45.6067 
525.931 505.632 22.2056 480.434 394.148 0 994.066 185.841 510.614 23.0799 26.6136 54.8873 355.646 21.5751 0.802932 22.0612 450.214 120.602 88.7615 5.44754 11.0832 11.095 5.45031 1.23784 465.58 5.38884 19.7147 13.6335 
223.198 493.072 165.96 107.32 100.425 156.608 0 409.937 647.619 461.903 438.282 15.3687 13.0241 0.626041 133.815 51.8492 102.971 3.75154 55.0818 35.7803 118.914 55.0182 46.8665 0.886243 34.2744 62.1281 37.99 48.0103 
171.63 226.694 194.566 231.726 11.4404 19.7012 0.0152595 0 136.564 24.6497 47.829 1021.47 33.5237 65.4248 91.7225 118.956 98.8926 179.73 113.314 7.6883 203.851 22.5328 98.1499 24.3816 133.067 49.674 57.617 0.154973 
449.973 682.823 404.619 559.528 221.517 508.368 826.785 127.467 0 13.9638 805.143 164.258 119.704 14.7522 105.454 36.0345 546.895 43.7164 128.844 88.3228 141.288 50.2318 65.0439 49.3537 570.81 81.6496 68.5253 30.4028 
0.305968 226.139 112.244 93.6908 305.921 418.898 391.713 203.569 272.811 0 78.1203 237.298 128.297 2.37625 128.068 88.7515 48.5264 2.68223 42.6489 12.4912 31.4191 52.3657 21.7615 1.70128 0.0150653 27.7482 35.3321 27.9576 
126.377 253.092 241.163 25.0307 43.7785 195.4 3.70383 145.434 639.226 152.404 0 139.405 22.5701 85.8707 308.768 59.5357 5.58133 6.35205 128.638 15.989 127.732 17.4366 12.9795 127.703 83.2053 91.9505 19.1899 0.00879706 
186.91 0.025205 32.12 137.207 152.581 144.009 110.315 640.921 0.240729 124.14 74.7113 0 37.407 57.7031 6.49771 228.179 87.7561 13.1115 80.9433 1.14339 131.764 2.80494 119.916 185.454 74.4231 43.4097 10.6036 8.6387 
32.1554 116.179 48.6695 71.5643 164.316 138.215 87.4575 147.84 6.87394 192.66 25.287 86.1351 0 94.7885 78.3435 2.11074 63.9913 15.9567 25.6815 34.1718 77.785 47.7145 91.1586 46.8503 49.2927 2.7869 37.7693 41.6665 
1.78106 18.4295 0.946307 22.8882 52.7243 0.0911814 63.1108 0.284659 1.50492 12.9776 121.925 88.9788 148.127 0 58.1312 9.71697 15.9181 15.8792 10.8564 4.49939 36.3901 6.92406 0.0184123 5.61455 11.1198 8.83107 1.66487 1.32323 
64.0845 5.6257 31.4189 22.2878 72.7984 0.0269823 42.795 154.529 129.972 9.90599 367.162 208.912 7.28571 9.59312 0 22.4605 27.4766 68.7356 33.0986 0.943317 4.50674 14.1229 7.04648 0.239836 21.0068 0.298813 19.8675 20.1226 
80.5374 4.59297 20.1303 0.409057 13.2043 1.26025 29.1167 93.3993 129.921 68.0304 25.3642 493.07 62.1628 16.302 86.5954 0 26.1391 52.2725 0.0143118 8.69715 0.672868 9.73119 0.557101 20.7732 13.8853 0.345802 1.06502 19.8702 
535.041 457.308 6.73853 450.004 44.1686 460.945 2.68413 4.96603 472.176 84.1363 64.0771 87.297 15.6221 17.6854 14.7391 25.0841 0 40.6953 393.671 19.8953 18.1614 18.6451 3.02989 0.124271 466.397 1.86128 20.0366 14.907 
135.652 458.427 0.506981 78.1004 35.5056 103.069 114.393 70.0161 165.427 81.3524 169.942 0.511004 1.39864 4.75675 1.54213 0.0484433 6.09818 0 137.984 86.1941 5.66976 41.3987 36.1457 46.814 3.15017 36.3803 31.1016 6.81268 
113.15 161.099 22.0559 23.7998 0.12978 5.20476 143.814 57.9562 60.4367 17.0985 128.502 33.2887 2.25203 25.9955 15.5619 17.0211 61.0037 5.22768 0 33.4188 9.84975 4.27599 1.80143 16.2472 19.167 7.15995 0.515491 23.8275 
177.932 19.585 24.3114 0.00714247 0.437325 10.2018 81.3623 82.4083 26.8831 6.45444 37.3007 52.1749 32.8603 3.8985 0.0820421 5.70211 26.0046 70.3094 7.66158 0 147.688 5.10242 2.69689 3.72755 1.79532 9.43616 10.6574 6.95546 
92.704 28.3259 123.585 53.4178 27.8348 45.7279 76.599 76.3918 0.625527 58.0753 115.363 34.3027 38.8226 30.7832 22.6503 62.2353 11.2608 97.1797 0.26029 1.50647 0 32.8319 3.27853 25.169 39.4442 1.35254 34.7016 50.8803 
0.866611 46.5576 6.51473 0.0153926 0.0879597 19.9614 1.18541 13.9919 1.09483 5.21882 10.5037 27.7992 57.5823 0.135605 0.054052 2.7803 0.811871 4.91918 2.53505 0.360251 23.6899 0 1.76789 0.48412 17.1978 6.53906 4.75553 5.00814 
25.4564 1.7409 11.3424 4.11789 12.0923 13.62 65.2625 15.2898 26.4698 47.6913 73.9352 74.727 59.9365 0.773561 9.43139 12.0339 0.0223436 22.4707 5.05802 3.51543 39.5004 14.6524 0 4.79993 20.8626 0.628328 13.2721 9.49341 
47.1107 61.2475 8.81606 11.5157 15.0925 1.11055 42.2732 77.0318 90.8879 36.9597 102.687 186.989 70.0131 9.5516 25.2456 29.2897 18.8013 16.6118 3.71029 0.0990065 4.50047 0.205478 1.89468 0 22.246 0.081934 7.37436 14.0561 
516.173 503.337 26.2925 490.784 43.0685 475.218 69.7814 0.876274 479.951 8.74212 53.3798 448.756 49.9747 3.33667 31.3735 33.6619 463.991 54.4139 9.82392 9.02522 0.0616072 35.4105 31.4336 62.9442 0 22.7175 156.097 35.8622 
37.3229 80.7281 27.4274 42.8665 31.51 25.3341 18.2194 36.8161 81.5478 5.74481 131.363 254.613 2.48838 12.9286 7.46644e-05 3.58519 21.2933 26.3845 4.03912 3.22767 3.35803 7.63238 0.0745428 9.37527 42.5665 0 3.14834 62.6567 
51.102 20.207 3.03662 17.9992 4.56927 0.365316 20.4028 44.0647 43.2988 47.1479 85.7743 90.9554 13.2468 2.24875 19.1858 3.30823 22.4314 2.86329 16.0912 6.30931 14.0687 12.0724 13.4865 8.62191 35.3767 37.4995 0 89.0972 
0.492781 14.5755 19.0224 25.013 49.2991 0.330058 24.7881 1.4743 15.8992 31.4008 64.963 133.649 10.0754 7.36239 23.0009 17.5754 15.846 0.678681 21.5913 5.43217 11.9649 3.89573 0.162759 6.21818 17.9294 40.2886 6.78516 0 
