0 981.165 1.71879 423.116 48.8463 450.636 175.883 35.9535 630.392 112.545 1.46256 45.4759 34.339 0.848193 20.1742 12.1401 421.117 170.816 113.406 209.594 74.6737 7.31471 5.68007 39.8986 486.409 40.4588 48.575 60.8273 
912.977 0 472.662 629.136 319.18 437.238 61.9053 35.8817 565.175 68.59 81.4319 23.3959 148.525 2.62836 0.328715 24.1249 505.668 371.359 4.05879 141.287 20.1572 40.4964 2.91293 60.6195 490.296 3.12039 0.0206165 13.9644 
6.27318 36.8497 0 21.1997 122.856 65.5322 1.94002 229.819 62.4938 0.0304901 225.358 157.722 65.7111 9.44896 0.385509 3.02391 31.8257 91.4122 59.2456 27.6334 119.01 0.108289 10.8565 1.95708 27.3945 26.294 18.5953 3.70516 
731.2 631.921 291.023 0 78.1273 431.996 202.31 752.099 733.868 50.6765 193.601 248.224 28.1118 10.0354 11.7164 18.709 465.511 142.68 15.5649 31.1694 781.671 4.88167 3.00005 0.282847 436.577 13.2486 22.7932 18.5735 
41.0391 105.069 17.2916 160.964 0 77.7823 7.55286 42.3376 44.8183 322.275 242.43 10.2342 4.47768 0.643087 67.1551 57.4226 9.09261 231.882 66.9325 0.976305 78.9964 54.3389 4.05604 0.980465 1.31735 59.9527 48.301 46.0035 
488.743 464.431 24.0689 447.592 426.439 0 497.93 189.575 495.717 572.769 32.2537 57.8267 454.494 21.4788 0.58514 21.7106 415.971 121.291 89.2542 5.73364 11.76 10.8678 5.63867 1.34611 431.539 5.70266 19.7661 13.8668 
218.018 480.003 174.779 101.598 115.078 258.378 0 410.268 783.071 445.543 426.334 12.5768 15.4362 0.389523 135.277 53.6411 103.647 2.61697 57.8915 34.3464 120.39 54.5862 45.9785 1.09125 35.5231 63.6485 38.5177 48.797 
163.679 220.804 185.631 193.532 13.2552 23.0637 0.619231 0 163.019 21.9047 54.7735 1029.52 35.1862 63.1603 96.1698 109.853 98.6901 179.178 112.841 6.79234 202.781 21.9644 98.7058 22.3827 128.637 55.6761 56.3749 0.352601 
416.064 635.188 423.245 537.298 231.223 493.195 692.547 153.31 0 9.3983 593.968 175.829 123.422 12.7984 118.495 38.7484 513.408 46.827 126.983 89.465 138.739 50.8151 63.6051 50.7464 535.447 84.2789 67.9728 29.249 
0.115566 223.038 112.865 94.9491 299.492 443.919 413.156 206.092 284.827 0 57.5102 235.095 115.737 1.86496 129.413 89.3603 49.5085 2.12663 40.6242 13.0593 30.4246 52.9019 22.5842 1.44241 4.05154e-05 26.6111 34.9566 27.3197 
123.322 255.575 240.968 21.9373 39.7874 187.046 7.71698 155.337 670.069 124.907 0 122.586 19.3886 92.2383 326.692 53.409 5.15268 5.49804 128.401 16.7813 126.402 16.7549 14.5251 127.176 85.8668 88.3378 18.428 0.0579857 
190.243 0.0116438 28.8325 129.338 154.407 142.172 104.047 565.703 1.1529 129.591 88.8131 0 39.3546 53.9858 9.78481 261.506 87.7177 12.096 80.1229 1.43283 133.708 3.10598 120.938 184.368 50.7869 31.2712 11.6513 10.4234 
33.3449 114.297 47.689 71.3016 162.514 142.514 82.683 148.032 5.57888 179.735 28.854 88.4029 0 89.2319 81.0296 2.61456 64.1073 15.1442 26.6303 33.8469 77.8315 46.0126 91.2154 45.809 49.6775 3.06437 37.8795 41.8685 
1.99129 17.6528 0.832559 22.8127 53.4701 0.14143 61.5307 0.11034 1.88799 11.8198 128.283 85.0461 150.468 0 55.7516 9.01282 15.7714 16.3417 10.6108 4.47948 36.0742 7.09195 0.000568333 5.32815 11.3578 9.02816 1.73969 1.23814 
63.5239 4.95618 31.7597 21.6447 71.5833 0.00102848 45.7514 151.153 123.84 8.1135 379.206 216.993 8.7108 6.64809 0 28.5334 27.6149 68.6372 32.813 1.00546 4.82684 13.939 7.7298 0.120111 20.4719 0.184378 19.8733 19.8969 
80.523 5.14892 20.4677 0.601868 12.4995 1.45086 30.7405 84.6966 127.64 66.4277 29.996 495.551 63.4939 15.7722 83.6852 0 26.1392 51.8114 0.029139 8.63213 0.832606 9.84204 0.691591 21.8767 14.6233 0.176297 0.960701 20.1215 
499.496 424.136 6.22714 415.515 46.7215 425.933 2.26192 5.41592 436.744 84.1664 63.1971 87.1728 15.1215 17.8148 14.4915 25.0015 0 34.1431 126.534 19.5539 18.6901 18.5592 2.94039 0.146613 432.194 1.96774 19.9585 14.7547 
130.388 459.429 1.057 75.1558 39.1308 101.365 109.478 72.5856 162.084 83.5251 169.536 0.319977 1.14877 5.04752 1.77132 0.0194318 9.21988 0 136.479 85.8552 5.07904 41.3116 35.8585 46.6687 3.39753 35.7807 30.8229 6.54117 
112.528 162.775 21.1235 22.9606 0.952861 4.32857 142.115 56.5737 58.0588 15.6466 128.721 34.2597 2.59342 25.8794 15.9609 17.3018 67.579 4.29472 0 33.1921 10.3148 4.13721 1.89894 16.4165 18.9271 6.93921 0.558996 23.9458 
170.298 17.343 23.9622 0.00563184 0.662898 10.538 80.3111 84.1002 25.5608 6.89281 38.3036 50.9132 32.5195 3.92991 0.101869 5.8062 26.2964 69.2873 7.33981 0 127.664 5.07054 2.66712 3.67302 1.88571 9.33115 10.6296 6.86239 
98.5488 26.1433 122.635 53.5556 29.1943 46.6621 74.6349 72.9071 1.01047 57.015 113.784 32.4057 39.4828 31.1527 22.077 62.0658 10.8223 98.3588 0.346818 0.0126979 0 32.8289 3.10624 25.6074 38.8542 1.56331 34.9656 50.8118 
0.953981 46.2941 6.61623 0.00860403 0.134251 20.0328 1.36671 13.505 0.939003 5.66179 11.0722 28.5532 55.9356 0.177178 0.0824971 2.65973 0.862571 4.73417 2.42425 0.342227 23.5149 0 1.54608 0.574137 17.3645 6.44885 4.66137 4.93434 
25.8928 1.94391 11.4289 3.9393 11.6349 13.7687 64.7009 16.3654 25.1757 48.384 76.4593 76.9829 61.7585 0.526163 10.1634 11.9129 0.0315582 22.1124 5.20738 3.53732 39.5742 14.7826 0 3.79455 20.5413 0.563337 13.2316 9.44266 
47.6025 61.3762 8.62301 11.8856 14.6136 1.01176 43.138 79.6793 90.064 36.1634 104.53 186.465 70.1234 9.38828 24.7678 29.1866 18.7148 16.9927 3.57983 0.113162 4.24767 0.266145 2.66911 0 20.7565 0.127445 7.63583 13.9967 
481.176 469.813 26.4966 456.066 43.7362 441.037 70.8712 1.62638 447.331 9.3974 55.9886 1100.66 49.5978 3.13505 31.3368 36.8413 429.793 54.1015 9.59486 8.89815 0.107221 24.563 31.764 64.3661 0 32.4848 115.747 10.9001 
36.2093 80.3152 27.4751 42.5145 32.3032 25.1058 17.0158 31.7358 84.1772 6.38677 134.271 274.391 2.75172 12.888 0.0159533 3.00443 21.4656 25.7836 4.21823 3.11654 3.68009 7.71589 0.0528008 9.08694 42.8506 0 2.72213 63.1745 
51.0552 20.6375 2.90828 18.262 4.36198 0.412193 20.9216 45.3107 42.5129 47.2357 85.6372 92.5044 13.5211 2.33285 19.107 3.48608 22.433 2.71787 15.9506 6.38533 14.3696 12.0256 13.4926 8.35572 35.9556 37.6651 0 90.6002 
0.386294 14.0421 18.8411 25.3759 48.9542 0.275758 24.0068 1.99713 14.9874 30.7647 63.4402 136.986 9.75008 7.2281 23.0779 17.8937 15.6968 0.589549 21.7402 5.52707 11.5915 3.9672 0.189266 6.04622 17.6088 37.863 9.13996 0 
