0 991.383 1.43353 434.494 47.6753 463.718 177.314 37.0997 641.898 112.01 1.58733 44.7001 34.607 0.880163 19.9953 11.9495 433.791 171.871 113.533 209.112 73.4517 7.26441 5.61672 40.0297 498.847 40.7069 48.6173 60.8423 
930.407 0 473.094 644.461 324.678 448.724 58.3975 34.8832 574.856 67.3961 82.6039 23.9414 148.556 2.7037 0.367909 24.3649 517.605 657 4.29869 141.386 20.5867 40.4168 2.857 60.6609 502.911 3.21472 0.024635 13.8472 
5.72167 32.8967 0 24.5877 123.996 65.6426 2.32711 231.415 66.8006 0.0513939 226.155 158.449 65.5701 9.39306 0.355199 3.08755 31.6502 90.5182 59.1611 27.6288 118.713 0.104165 10.8339 1.92862 27.4261 26.335 18.6109 3.74763 
745.952 647.224 299.295 0 77.3023 444.226 202.125 941.676 747.44 51.1096 193.125 247.492 27.9152 10.1034 11.5851 18.907 477.933 142.485 15.7319 30.9338 608.261 4.90763 3.03549 0.266123 449.264 13.423 22.8397 18.4794 
39.9478 109.585 17.991 160.744 0 83.7875 6.59892 43.0316 46.3179 323.122 243.049 9.97013 4.25474 0.680314 67.4426 57.2463 9.38813 232.148 64.9668 0.910387 79.3557 54.2893 3.99181 0.949134 1.36054 60.0797 48.3218 45.9158 
501.893 478.443 23.6519 459.774 717.383 0 639.191 188.764 503.721 461.038 30.9594 57.1708 588.597 21.5011 0.630617 21.7892 428.464 121.144 89.1518 5.66959 11.6082 10.9183 5.59669 1.32168 443.988 5.6324 19.7549 13.815 
219.188 483.078 172.843 102.87 111.764 234.271 0 410.271 753.244 449.363 429.088 13.1742 14.8837 0.437299 134.963 53.2427 103.499 2.85158 57.2646 34.6641 120.065 54.683 46.1765 1.04388 35.2449 63.3119 38.4007 48.6227 
165.448 222.127 187.637 202.385 12.8412 22.296 0.409059 0 156.999 22.5019 53.1962 1028.71 34.8143 63.6634 95.1816 111.869 98.7368 179.307 112.949 6.98707 203.029 22.0904 98.5857 22.8209 129.629 54.3216 56.6511 0.301759 
428.462 650.666 419.328 547.097 229.079 501.256 722.742 147.419 0 10.3379 937.35 173.248 122.597 13.222 116.639 38.14 525.736 46.1287 127.401 89.2138 139.309 50.686 63.9258 50.4368 548.195 83.6954 68.0965 29.5043 
0.150036 223.748 112.736 94.6741 300.975 438.681 408.531 205.545 282.192 0 61.8487 235.604 118.504 1.97341 129.13 89.2308 49.2906 2.24466 41.0722 12.9323 30.6449 52.7839 22.4007 1.49812 0.00103634 26.8627 35.0404 27.4614 
124.004 255.042 241.05 22.6093 40.6611 188.923 6.70084 153.127 662.933 130.843 0 126.261 20.0766 90.8175 322.821 54.7509 5.24652 5.68273 128.457 16.6039 126.7 16.9054 14.1751 127.3 85.2768 89.1419 18.5964 0.0433184 
189.512 0.00237004 29.5508 131.087 154.006 142.588 105.434 582.575 0.891391 128.38 85.5944 0 38.919 54.8064 8.99803 254.102 87.7275 12.3184 80.3061 1.36574 133.279 3.0378 120.717 184.63 56.1227 33.8154 11.4147 10.0132 
33.0796 114.718 47.9078 71.3618 162.923 141.529 83.7397 147.994 5.8555 182.618 28.0435 87.8996 0 90.473 80.4365 2.49813 64.0824 15.3232 26.4186 33.9195 77.8221 46.391 91.2098 46.0411 49.5929 3.00163 37.8553 41.8242 
1.94359 17.8245 0.857254 22.8302 53.3054 0.129317 61.8834 0.142096 1.7927 12.0731 126.876 85.9201 149.98 0 56.3252 9.16923 15.8041 16.2386 10.6653 4.48396 36.1448 7.05477 0.000135166 5.39186 11.3052 8.98458 1.72295 1.25683 
63.65 5.1015 31.6859 21.7878 71.8551 0.00377607 45.0894 151.916 125.205 8.49751 376.695 215.231 8.3838 7.26229 0 27.1472 27.5844 68.6604 32.877 0.991488 4.75486 13.9802 7.57637 0.143185 20.5914 0.207451 19.8724 19.9476 
80.5293 5.0228 20.3935 0.555867 12.6547 1.40742 30.3773 86.6126 128.154 66.7867 28.9379 495.387 63.2003 15.8928 84.4103 0 26.1394 51.9146 0.0253921 8.64675 0.795639 9.81762 0.660522 21.6355 14.4587 0.20911 0.983454 20.0665 
512.282 436.385 6.33928 428.062 46.1505 438.597 2.35266 5.31435 449.5 84.1617 63.3931 87.2016 15.2323 17.7862 14.5465 25.0201 0 35.5573 147.654 19.63 18.5722 18.5784 2.96018 0.141488 444.679 1.94384 19.9759 14.7886 
131.561 459.657 0.917584 75.811 38.3131 101.748 110.568 72.0135 162.833 83.0432 169.632 0.358579 1.20216 4.98221 1.71909 0.0247532 8.47247 0 136.82 85.9335 5.20759 41.3312 35.9226 46.7015 3.34182 35.9141 30.885 6.60112 
112.67 162.413 21.3297 23.1464 0.704669 4.51668 142.501 56.8809 58.5856 15.9643 128.676 34.0433 2.51552 25.9056 15.872 17.2394 66.137 4.49431 0 33.2431 10.2107 4.16787 1.87706 16.3789 18.9805 6.98802 0.549186 23.9197 
172.028 17.8312 24.0411 0.00156663 0.608756 10.4632 80.5475 83.7265 25.8526 6.79433 38.0804 51.1935 32.5955 3.92297 0.097278 5.78309 26.2318 69.5163 7.41089 0 132.073 5.07765 2.67375 3.68515 1.86547 9.3546 10.6359 6.8831 
97.2462 26.6223 122.855 53.2405 28.8902 46.4549 75.0715 73.6787 0.917017 57.2509 114.137 32.824 39.3361 31.0708 22.2042 62.1049 10.9192 98.0985 0.326518 0.12998 0 32.8297 3.14421 25.51 38.9857 1.51522 34.9072 50.8277 
0.934196 46.3532 6.59367 0.00994278 0.12312 20.0174 1.32534 13.6125 0.972609 5.56193 10.9449 28.3853 56.3029 0.167467 0.0756578 2.68636 0.851172 4.77501 2.44868 0.346195 23.5539 0 1.59423 0.55349 17.3279 6.46892 4.68226 4.95074 
25.7959 1.89787 11.4099 3.97872 11.736 13.7359 64.8273 16.1237 25.4614 48.2314 75.8996 76.4832 61.3559 0.577318 9.99989 11.941 0.029375 22.1919 5.17405 3.53248 39.5582 14.755 0 4.01025 20.6141 0.577499 13.2409 9.45411 
47.494 61.3488 8.66593 11.8033 14.7196 1.03335 42.9462 79.0929 90.2496 36.3408 104.125 186.603 70.1018 9.42569 24.8768 29.2186 18.7341 16.9079 3.60865 0.109934 4.30324 0.252 2.48709 0 21.0876 0.11647 7.57763 14.0103 
493.839 482.148 26.4521 468.667 43.5882 453.518 70.6309 1.43993 459.461 9.25001 55.4068 1115.59 49.6825 3.17938 31.3467 35.9704 442.277 54.1716 9.64564 8.92644 0.0960018 26.6621 31.6935 64.102 0 29.588 126.815 14.894 
36.4565 80.4094 27.4658 42.5953 32.1268 25.1573 17.2804 32.8373 83.5942 6.24136 133.633 270.057 2.6921 12.8976 0.0100308 3.12955 21.4275 25.917 4.17818 3.14111 3.60737 7.69739 0.0573135 9.15107 42.7908 0 2.81435 63.076 
51.0662 20.5417 2.93659 18.2038 4.40767 0.401538 20.806 45.0336 42.6877 47.2168 85.6693 92.1625 13.46 2.31405 19.1249 3.44625 22.4327 2.74991 15.9819 6.36846 14.3026 12.0361 13.4915 8.41482 35.8273 37.6311 0 90.2971 
0.408839 14.16 18.8818 25.2957 49.0315 0.287415 24.1798 1.87425 15.1882 30.9061 63.7792 136.253 9.82208 7.258 23.0615 17.8236 15.73 0.608844 21.7073 5.50598 11.6741 3.95131 0.183208 6.08439 17.6784 38.4055 8.5893 0 
