0 577.908 13.4803 54.0139 75.7514 27.1991 144.863 15.7073 237.326 123.273 0.0213146 62.8369 28.8491 0.312607 24.0316 16.4171 5.95628 147.644 110.193 211.331 101.437 8.40175 7.07861 37.0889 75.5636 35.256 47.6126 60.3639 
373.984 0 410.662 154.636 202.08 51.4899 153.252 59.4695 214.151 94.905 58.0715 13.281 147.101 1.28653 0.015675 19.2649 105.317 911.719 0.60174 137.453 12.0977 42.1219 4.20429 59.6006 75.7271 1.45604 0.0188643 16.5077 
23.2594 159.125 0 24.6849 98.1199 61.9841 1.96557 191.886 4.13013 0.842726 204.459 140.955 68.4017 10.6071 1.30105 1.82539 35.4615 109.73 60.6871 27.5039 124.071 0.213187 11.3017 2.59461 26.6074 25.2832 18.2345 2.85939 
256.339 157.64 34.1727 0 95.4111 26.1116 202.525 212.183 289.63 41.6656 201.162 258.479 32.2901 8.62227 14.5599 14.6303 55.0841 145.461 12.2065 35.9099 235.955 4.34684 2.2962 0.749267 20.7492 9.75858 21.7759 20.5267 
66.5168 29.6846 5.65235 163.699 0 2.7952 41.5711 28.8244 18.5571 296.678 227.303 16.5156 10.4133 0.102427 60.9405 60.9746 3.93971 224.024 112.233 2.87856 71.3671 55.278 5.51134 1.75268 0.570245 57.1479 47.8069 47.7828 
63.1233 25.0415 33.0813 42.328 757.428 0 1253.68 203.877 197.059 741.832 64.2471 71.9009 271.048 20.8919 0.0223959 19.97 4.46001 123.469 90.4465 7.13126 15.128 9.80553 6.53596 1.90533 20.676 7.24965 19.969 14.9402 
191.206 395.882 211.362 75.1886 190.178 780.257 0 400.25 1255.71 345.423 357.306 3.16936 29.0928 0.0247731 140.356 61.9405 106.361 0.0146095 71.3192 27.8458 126.785 52.4454 41.7597 2.32263 41.4423 70.5348 40.9418 52.382 
126.583 191.382 141.615 50.7335 23.3296 41.641 14.9014 0 302.53 11.0821 91.9136 921.27 43.2885 52.6397 116.647 69.4036 97.4804 175.632 110.236 3.31618 196.218 19.3649 100.76 14.0209 107.133 86.3623 50.5386 2.32349 
9.23808 160.947 471.869 183.778 273.745 193.733 136.077 291.203 0 0.0103268 1539.97 230.341 140.319 5.4023 56.5947 52.1838 104.85 62.2963 117.68 94.3838 126.296 53.4612 56.7705 57.2213 117.673 96.247 65.2526 24.0495 
0.429238 205.416 114.333 100.064 261.944 495.254 487.441 215.806 334.227 0 2.22956 222.009 62.4124 0.290931 133.269 91.292 54.0282 0.38104 31.5516 15.8213 25.9109 55.2074 26.494 0.512897 0.288065 21.4707 33.1594 24.3568 
108.755 264.157 234.232 9.99317 23.3536 145.724 44.6764 202.3 865.096 28.5561 0 55.5675 7.58412 122.27 389.366 28.2849 3.36858 2.31175 126.716 20.6625 119.778 13.7098 22.7014 123.672 97.9979 71.4575 15.0272 0.85701 
204.241 1.82328 15.5421 93.1081 162.199 132.404 76.0453 226.811 14.2482 154.701 165.771 0 48.8536 37.6333 33.247 404.303 87.3542 7.86174 76.1341 3.20373 142.229 4.7024 124.693 176.127 8.15108 0.614028 17.1043 20.7498 
39.045 105.056 43.0115 69.793 152.862 154.695 61.2631 148.237 1.30025 119.592 48.0625 98.8633 0 63.0132 92.8215 5.64071 64.5094 11.593 31.1732 32.277 77.9007 38.0929 90.3995 40.8286 51.3376 4.52013 38.3412 42.7321 
3.11963 14.1858 0.394768 22.3561 56.7957 0.518915 53.9862 0.369503 5.21049 7.04644 156.539 66.7788 156.263 0 39.1317 5.83279 15.0739 18.5461 9.47934 4.37886 34.5453 7.85037 0.578681 4.00067 12.4271 9.90925 2.10608 0.874916 
60.6853 2.37308 33.0522 18.6274 65.6451 0.341305 60.1258 133.749 95.1263 2.04432 407.89 248.758 16.8397 0.000890376 0 59.3467 28.2146 67.9659 31.4028 1.31875 6.45051 13.0366 11.1073 0.104482 17.905 0.0142646 19.8418 18.7648 
79.9822 8.12712 21.9052 1.97714 9.42217 2.50381 38.6191 47.7247 115.896 58.5669 55.5955 449.274 69.3055 12.9211 60.0705 0 26.0965 49.5456 0.167102 8.30521 1.79774 10.3287 1.49277 26.2252 18.131 0.134868 0.542321 21.1591 
81.3441 18.4508 4.08124 2.8212 59.107 10.7376 0.763798 7.75458 19.662 83.9952 59.0202 86.4112 12.8632 18.3991 13.3395 24.577 0 10.6477 447.399 17.9499 21.2173 18.1425 2.5375 0.274964 20.5858 2.50019 19.5795 14.0389 
105.674 427.752 6.20791 61.4441 57.7872 92.775 86.8571 84.7396 145.7 93.5137 166.819 0.0172534 0.305775 6.50441 3.0431 0.0562774 31.6534 0 128.468 83.8119 2.7395 40.855 34.4749 45.9102 4.66606 32.9608 29.503 5.33781 
109.001 168.878 16.9158 19.1386 14.6032 1.28057 133.073 50.1473 47.2558 9.62976 129.156 38.8729 4.49085 25.2844 17.8389 18.6006 94.3423 1.13631 0 32.042 12.6002 3.51444 2.38447 17.1922 17.7968 5.94248 0.784638 24.4697 
130.662 8.5174 22.1478 0.668741 2.32387 12.1195 74.9942 91.6314 19.7116 9.09769 43.0105 45.0166 30.8817 4.07055 0.222328 6.28503 27.6056 64.2487 5.90918 0 46.3829 4.91809 2.52644 3.41689 2.33158 8.82276 10.4871 6.42443 
126.34 16.9625 116.816 79.7299 35.8281 50.9472 65.4648 57.2174 4.00571 52.0302 106.104 24.1241 42.559 32.8391 19.4429 61.056 8.8721 103.585 0.913164 25.2795 0 32.7845 2.35946 27.6436 36.0578 2.74134 36.1611 50.392 
1.4154 44.9895 7.0883 0.00285212 0.478496 20.3017 2.37795 11.3203 0.368717 7.93748 13.8864 32.1203 48.0887 0.442315 0.293536 2.12362 1.11842 3.91244 1.93688 0.263937 22.6858 0 0.693668 1.08914 18.063 6.02428 4.22769 4.59109 
27.9162 3.03238 11.7948 3.14667 9.58988 14.4184 61.8396 21.7577 19.4448 51.4195 87.9958 87.2304 69.8264 0.000157646 13.6524 11.1699 0.0954844 20.4429 5.92408 3.6349 39.8531 15.1792 0 0.543517 18.8303 0.305096 12.9994 9.18305 
49.7732 61.7965 7.71763 13.6217 12.4487 0.608918 47.1077 91.7687 85.821 32.3999 112.415 180.748 70.1844 8.46667 22.1477 27.3608 18.2925 18.7948 2.99697 0.1914 3.15656 0.649307 7.52625 0 13.9742 0.469757 8.87302 13.6686 
65.6339 61.2531 27.3116 41.7885 46.7915 29.4393 75.685 8.09288 43.5217 12.7113 68.4112 295.771 47.7096 2.26118 30.8993 67.2466 18.2107 52.5387 8.54658 8.29627 0.485308 36.1691 32.8495 63.4206 0 113.57 84.1219 114.797 
31.0631 78.0326 27.5044 40.4882 36.0191 23.9256 11.8524 12.5594 96.1507 9.77796 146.477 352.648 4.14372 12.6103 0.454171 0.937958 22.2453 23.0094 5.09613 2.61554 5.36274 8.09622 0.000759863 7.735 43.6593 0 1.12405 63.0293 
50.742 22.6679 2.34026 19.463 3.45305 0.667298 23.38 51.1541 38.8367 47.5462 84.7404 99.3294 14.8177 2.73981 18.6863 4.36163 22.4217 2.08677 15.2872 6.73763 15.7947 11.79 13.4752 7.13002 38.6269 37.9987 0 92.6931 
0.060176 11.6515 17.9425 26.9877 47.2639 0.0864516 20.4534 5.45413 11.0355 27.7877 56.2686 151.165 8.285 6.5938 23.3228 19.2763 14.9935 0.256039 22.4129 5.97035 9.9067 4.30398 0.338675 5.25441 16.3684 26.2986 23.8153 0 
