0 899.976 37.0645 525.04 108.223 410.641 110.998 2.96435 646.6 133.503 0.988256 83.2501 23.3205 0.0288558 28.3412 21.5109 397.314 121.423 105.648 154.931 131.263 9.62682 8.71448 33.9831 470.126 29.77 46.4309 59.5593 
609.648 0 261.852 482.652 90.9148 481.398 273.784 89.3568 672.471 124.598 36.398 5.4693 143.962 0.369948 0.761804 14.5033 510.832 1019.02 0.312686 129.824 5.61851 43.7522 5.82573 58.1997 466.375 0.362169 0.191952 19.383 
51.2573 325.676 0 157.247 71.3585 55.8208 18.8841 145.119 19.5485 4.31703 174.678 120.475 70.6778 11.7974 2.84641 0.856591 39.2043 127.666 61.5063 26.8898 126.84 0.363751 11.7124 3.35524 25.5161 23.9049 17.7783 2.05907 
562.394 485.352 135.936 0 113.24 427.057 195.077 569.864 631.822 32.3967 203.856 258.122 36.8285 7.15979 17.7389 10.5533 450.269 145.585 8.96386 40.3825 787.929 3.79675 1.63435 1.48618 410.613 6.46862 20.6086 22.5546 
98.0397 0.000158439 0.17905 162.573 0 68.1946 103.457 16.8823 2.78127 254.975 207.061 24.7027 19.2829 0.03897 53.9957 64.4261 0.748557 211.065 165.259 5.98075 63.1149 56.0623 7.28713 2.81715 0.110594 53.8765 47.1567 49.5463 
442.67 400.647 42.7409 443.101 723.114 0 1111.89 212.839 725.036 605.985 106.145 87.24 56.7327 20.023 0.261033 17.9491 399.337 123.867 89.6732 8.72287 19.0807 8.67303 7.52091 2.59738 415.703 9.03443 20.1184 16.0538 
158.974 278.253 238.542 48.9557 274.38 867.449 0 369.486 1174.76 215.656 267.173 0.0178468 47.5806 0.987071 142.448 70.5383 108.434 2.20166 85.9438 21.3476 132.649 49.9404 37.1536 4.12931 47.8665 77.4052 43.4544 56.0299 
88.6684 157.545 94.1912 85.6216 36.8103 65.8411 49.7218 0 457.499 3.41949 138.305 600.735 52.4927 41.7018 137.223 33.39 95.7108 170.114 106.74 0.938572 186.479 16.6913 101.944 7.04425 83.5239 121.953 44.2833 6.30118 
414.614 492.967 445.153 637.883 311.799 721.904 48.0942 446.894 0 12.1805 905.477 286.314 157.182 0.918006 121.444 67.5555 501.819 80.2626 106.754 98.8286 112.191 56.1407 49.3356 64.023 504.074 108.221 62.0985 18.878 
2.94682 181.616 113.26 104.043 211.29 391.699 507.366 222.174 370.843 0 26.2861 203.363 20.6762 0.122915 132.819 91.654 58.7081 0.0823607 22.712 18.9528 21.3442 57.2903 30.7544 0.037483 1.24547 16.3557 31.1624 21.235 
92.8614 267.611 216.957 2.21194 10.2507 100.611 112.831 251.481 931.535 1.61705 0 11.0945 0.907917 153.01 407.118 9.38642 1.86474 0.397475 123.876 25.1174 111.999 10.7214 32.9962 118.091 110.166 53.9264 11.6948 2.73959 
216.034 7.13305 5.57018 57.6057 169.106 120.038 49.3714 14.1431 43.4338 180.102 260.414 0 59.6345 22.5884 70.8173 489.913 86.6299 4.29226 71.6003 5.84527 150.236 6.7504 126.782 161.957 100.815 19.4717 23.8839 35.0588 
45.3626 94.4791 37.8811 67.6782 140.498 123.184 40.6615 147.194 0.0315881 62.1676 72.5585 109.689 0 36.8928 103.618 10.0374 64.6833 8.25871 36.2014 30.5076 77.7045 29.8571 87.5889 35.3612 52.8544 6.36005 38.738 43.5085 
4.5877 10.7973 0.102661 21.683 60.039 1.17683 45.7528 2.59266 11.4582 3.2079 182.371 48.1188 152.728 0 17.7608 2.92169 14.3055 20.9781 8.3019 4.25747 32.816 8.60284 2.25297 2.66818 13.4786 10.7659 2.52795 0.551116 
57.2706 0.635541 33.8601 15.4253 58.8944 1.5337 76.0485 112.84 65.9154 0.0130698 384.552 269.207 27.8911 7.27391 0 84.402 28.7711 66.8658 29.7625 1.69485 8.41413 11.9994 14.8486 1.07096 15.0877 0.498472 19.7016 17.4234 
78.5481 11.9735 23.1633 4.27023 6.5475 3.90937 47.4366 18.0093 101.687 49.6744 88.4035 315.409 74.6667 9.46263 27.1635 0 25.9726 46.9282 0.439578 7.91495 3.22292 10.7893 2.62966 28.8933 21.8565 1.44606 0.223378 22.0042 
468.173 420.932 2.25329 396.387 72.9378 401.556 0.0382091 10.6793 408.599 83.2455 54.4438 85.2679 10.5996 18.9865 12.1165 24.0531 0 0.168085 55.1318 16.2223 24.0199 17.6687 2.1341 0.456144 414.852 3.13344 19.1482 13.2647 
79.833 440.931 16.1772 47.2185 80.3231 82.609 63.9321 97.8786 127.092 103.775 162.446 0.770185 1.89832e-05 8.2387 4.76347 0.409774 67.9506 0 118.275 80.813 1.01695 40.2759 32.9195 44.9542 6.22637 29.9208 28.0582 4.17002 
104.147 172.117 12.7472 15.2711 45.5849 0.0104744 121.585 43.3748 36.4153 4.69788 128.547 43.9298 7.05863 24.5535 19.8662 19.9649 116.88 0.000407771 0 30.6522 15.2449 2.89523 2.95814 17.9944 16.5715 4.94117 1.06711 24.9785 
85.8964 2.38707 19.916 2.56926 5.18085 13.8139 68.6464 98.8967 14.1196 11.7265 48.0552 38.756 29.0511 4.20973 0.401574 6.78123 28.9027 58.4386 4.5187 0 1.95969 4.74837 2.37312 3.14075 2.85017 8.2487 10.3109 5.95087 
155.823 9.14724 108.255 72.6919 43.3899 55.3548 55.762 41.7928 9.34364 46.6641 97.4008 16.4123 45.8294 34.5673 16.7169 59.5848 6.96862 108.63 1.813 101.469 0 32.6814 1.66702 29.7952 33.0044 4.34733 37.37 49.7622 
2.00611 43.4614 7.58915 0.0440679 1.07922 20.4703 3.75504 9.1539 0.0476679 10.7287 17.1726 36.0036 39.5885 0.850928 0.659792 1.60322 1.42707 3.11093 1.47093 0.190906 21.7762 0 0.146027 1.80307 18.6643 5.56504 3.77535 4.2266 
30.0467 4.44796 12.1138 2.37917 7.57715 15.0265 58.3709 28.1318 13.956 54.266 99.6071 97.4536 77.4147 0.642071 17.2972 10.0842 0.201993 18.6674 6.72477 3.73065 40.0313 15.2061 0 0.384817 16.6731 0.113969 12.6738 8.86515 
51.8529 61.9134 6.74967 15.4753 10.2709 0.28745 51.1969 103.912 80.6108 28.3313 119.377 168.98 69.4228 7.24206 18.7753 23.2459 17.8068 20.761 2.42248 0.297034 2.15639 1.23402 13.6601 0 7.5966 1.06543 10.2122 13.2272 
455.318 458.539 27.9221 432.757 49.9312 423.545 80.2774 20.1137 446.747 16.6822 81.8635 804.268 45.4661 1.46234 29.9561 82.2067 412.517 50.6831 7.46606 7.63915 1.18903 88.9869 33.1464 53.2438 0 54.4761 41.8216 22.8161 
25.7175 74.9683 27.1827 37.6743 39.9913 22.4688 7.24097 1.50253 108.133 14.0721 156.645 396.456 5.91993 12.157 1.57056 0.0166702 23.0324 20.1114 6.10891 2.11502 7.47785 8.4846 0.0357988 6.30535 43.5555 0 0.1741 58.3094 
50.2344 24.8727 1.79175 20.6943 2.5891 1.00564 26.0679 57.3992 34.9082 47.6961 83.3193 105.793 16.2321 3.19988 18.1416 5.37312 22.3756 1.49913 14.5656 7.10926 17.3539 11.5074 13.3739 5.86406 41.4611 37.5474 0 85.8895 
0.025085 9.288 16.8923 28.5467 45.3144 0.00208671 16.8474 10.9336 7.40152 24.6097 48.5664 163.297 6.81985 5.90657 23.3732 20.5421 14.2291 0.0505116 23.0908 6.44381 8.21557 4.66933 0.544555 4.43392 15.4754 14.7564 43.8975 0 
