0 637.541 63.736 449.069 137.067 252.354 83.4581 0.0380391 503.832 140.907 3.81034 101.407 18.9932 0.025357 32.0744 26.1424 244.65 99.1075 100.996 81.3203 156.087 10.7053 10.1967 31.3107 318.983 25.2865 45.3178 58.6379 
340.633 0 123.019 285.428 26.5441 363.813 374.848 117.134 569.957 149.579 21.5139 1.49142 140.064 0.0262727 2.25115 10.9095 368.437 447.909 2.83069 120.844 2.01998 45.0309 7.37474 56.7788 312.031 0.00789239 0.478247 21.9118 
80.3015 434.911 0 270.802 50.1275 49.0916 45.0755 104.751 91.9601 9.23081 145.541 101.981 72.0785 12.7421 4.56501 0.314151 42.1864 140.654 61.5985 26.004 126.947 0.520945 12.0015 4.0516 24.411 22.5292 17.3397 1.47625 
337.373 287.476 107.983 0 127.079 281.887 183.014 397.454 428.501 25.1029 201.66 248.688 40.6596 5.98503 20.4684 7.4748 299.786 143.383 6.55674 43.5001 419.635 3.35312 1.15592 2.28923 256.102 4.13984 19.569 24.1908 
126.594 21.0716 1.52668 158.393 0 137.149 169.546 9.11452 0.347931 211.664 187.347 32.6694 28.5848 0.401769 48.0122 67.0164 0.00745027 196.873 208.871 9.40307 56.1761 56.5409 8.94871 3.9 0.000624425 50.9292 46.5129 50.9105 
279.965 244.416 50.3029 297.118 16.4571 0 510.126 214.834 665.449 858.225 144.349 99.9888 54.9228 19.1114 1.13392 16.1542 249.283 122.633 87.3928 10.1205 22.6525 7.73144 8.36128 3.24984 265.339 10.6185 20.1889 16.9562 
130.419 175.264 248.984 29.9616 339.353 502.888 0 329.705 681.614 112.654 187.737 3.0606 65.637 2.87033 141.436 77.3754 109.486 7.99092 98.1217 16.3513 136.726 47.6737 33.2488 6.0281 53.2669 82.6733 45.4932 58.9213 
59.9579 128.445 58.0585 61.4263 50.0519 88.5529 92.2034 0 567.642 0.341525 180.38 286.689 60.5686 32.9878 152.646 12.1093 93.8484 164.153 103.255 0.0596376 176.286 14.5393 102.107 2.93727 64.1465 151.791 39.0696 11.0797 
277.439 298.044 365.343 529.047 335.677 663.281 457.941 559.517 0 39.3643 1103.58 328.225 170.011 0.0910572 177.648 80.8501 352.654 96.1578 96.9506 101.851 99.9071 58.2615 43.0803 69.5627 345.588 117.348 59.2641 14.8926 
6.77866 158.593 110.259 106.099 164.267 207.983 472.045 224.111 385.44 0 109.102 184.543 2.4782 1.20986 128.766 90.5726 62.4814 1.10162 16.1493 21.7033 17.7431 58.7126 34.3488 0.0617175 2.56383 12.442 29.4299 18.6689 
79.5166 265.784 195.397 0.00318354 3.22796 65.4184 186.09 289.527 759.123 46.3121 0 0.0612597 0.334771 175.789 378.55 1.21022 0.933716 0.0152673 120.679 29.0748 104.969 8.44253 42.6579 112.035 119.474 40.1681 9.15922 5.12989 
223.095 14.211 0.994551 32.6425 173.673 108.397 30.52 39.0073 78.5419 199.447 340.74 0 69.067 12.4842 109.191 480.139 85.7528 2.09536 67.5961 8.64311 155.976 8.73652 126.936 146.372 72.7568 73.6169 30.2541 49.2424 
50.8026 85.1778 33.5267 65.5141 128.72 75.6293 25.8993 145.309 1.66408 25.6755 95.4889 118.364 0 18.8645 110.81 14.577 64.6221 5.85017 40.5249 28.9539 77.3221 23.3139 83.7446 30.7342 53.9116 8.12284 38.9926 44.0398 
6.02433 8.23728 0.00346937 20.975 62.4844 1.92479 38.8513 5.98704 18.7165 1.09923 198.899 33.8457 142.2 0 4.29566 1.14116 13.6427 23.0726 7.34276 4.14465 31.2921 9.1758 4.2081 1.68828 14.2728 11.4025 2.90515 0.33346 
54.1247 0.0274811 34.0554 12.8076 52.99 3.17227 89.338 94.2265 44.2207 2.00995 325.672 273.655 38.6584 22.5878 0 89.178 29.169 65.6392 28.286 2.04255 10.2383 11.0798 17.8698 2.62949 12.7203 1.42922 19.4987 16.2055 
76.6715 15.6949 23.9705 6.79542 4.49325 5.29375 54.9961 3.56281 88.8146 42.0358 118.18 176.445 78.3687 6.54472 6.16721 0 25.8054 44.5847 0.768429 7.55655 4.72766 11.1243 3.76425 29.1954 24.8238 3.56564 0.0617238 22.4856 
310.677 278.207 1.11648 245.208 84.7408 248.038 0.143047 13.465 253.614 82.1637 50.5286 84.0451 8.8273 19.4492 11.099 23.5575 0 4.04731 237.925 14.7691 26.4476 17.248 1.81744 0.643757 263.89 3.71608 18.7646 12.6075 
59.4634 461.823 27.7445 35.9989 100.687 73.4871 46.3572 108.868 110.94 111.919 157.633 2.26601 0.225777 9.83169 6.48984 0.958648 105.515 0 108.6 77.6734 0.211163 39.7164 31.5546 44.0362 7.69687 27.3598 26.8183 3.28703 
99.258 172.095 9.57625 12.2418 82.1603 0.590163 110.718 37.8152 28.0462 1.86147 127.173 48.2536 9.63118 23.8654 21.5737 21.0865 137.133 0.879095 0 29.3634 17.62 2.41346 3.48318 18.6451 15.5309 4.1545 1.33768 25.3639 
51.647 0.135297 17.8572 5.06171 8.41122 15.2208 62.8734 104.252 10.025 14.1335 52.2668 33.593 27.4552 4.31729 0.59219 7.18239 29.9033 53.2883 3.47105 0 10.8328 4.60041 2.24219 2.90769 3.31756 7.74486 10.1438 5.54979 
179.208 4.34023 99.4328 23.01 50.0561 58.8802 47.7974 30.2229 15.4721 42.1574 89.7675 10.9474 48.5537 35.9533 14.5126 58.0433 5.52158 112.393 2.80342 185.546 0 32.5498 1.17228 31.575 30.4027 5.96633 38.3282 49.0888 
2.58026 42.0739 8.00572 0.116874 1.76961 20.5147 5.14404 7.47741 0.0122051 13.3374 20.1394 39.3032 32.5531 1.28879 1.07752 1.21272 1.71469 2.50037 1.1246 0.138184 20.9932 0 7.72402e-06 2.52209 19.0536 5.17614 3.40518 3.92271 
31.8026 5.83391 12.3213 1.80403 6.03575 15.4626 55.1575 33.8974 9.92985 56.3022 108.505 105.236 82.7258 2.04056 20.0687 8.98147 0.322233 17.1865 7.42382 3.80404 40.0838 14.9067 0 2.98902 14.6642 0.0240293 12.34 8.56699 
53.3925 61.7427 5.94462 17.0091 8.56065 0.107908 54.4734 113.189 75.7481 24.9197 123.897 155.06 68.1264 6.08348 15.6491 18.5513 17.3715 22.4401 1.97995 0.403228 1.45394 1.85633 18.0525 0 3.47251 1.74003 11.3355 12.7866 
300.236 309.891 28.2169 278.707 52.4505 272.304 83.6347 33.8554 303.653 20.3201 93.0076 472.955 43.4129 0.91208 28.7992 57.6162 261.598 48.9813 6.593 7.07877 2.01869 54.903 32.6935 45.0624 0 46.0013 116.909 93.0353 
21.4144 71.9209 26.6326 34.8543 43.3021 21.1045 4.17257 0.57233 117.269 18.1557 162.538 392.478 7.63319 11.6573 2.99899 0.339426 23.6547 17.7444 7.01702 1.72555 9.49685 8.79514 0.138105 5.14428 42.6856 0 0.0167821 51.1527 
49.6697 26.7478 1.38031 21.6805 1.95151 1.34199 28.3655 62.5899 31.6267 47.6744 81.7599 110.463 17.4413 3.60488 17.6104 6.27546 22.3095 1.07614 13.9492 7.41705 18.6906 11.2459 13.2226 4.85081 43.8342 36.5285 0 73.8237 
0.249004 7.46841 15.945 29.7092 43.5675 0.0269508 13.998 16.8751 4.85807 21.9637 42.156 170.636 5.67502 5.32667 23.2442 21.4113 13.5771 0.000171133 23.6262 6.84008 6.88857 4.98025 0.753836 3.77207 15.0167 6.96068 61.4366 0 
