0 358.838 103.218 427.998 173.904 138.928 51.5219 7.07538 401.024 148.525 10.0668 125.249 13.9479 0.339913 36.9442 32.4347 136.704 71.4554 94.0206 42.9355 185.797 12.1484 12.2281 27.8376 211.369 19.8139 43.7363 57.1346 
144.933 0 9.65098 142.251 0.607264 299.574 477.436 154.519 511.713 179.82 7.75999 0.0524339 133.46 0.171116 5.29041 6.93937 271.073 953.533 9.68121 106.441 0.0351012 46.5366 9.59594 54.6446 200.484 0.328116 1.03451 25.2785 
120.659 468.299 0 274.715 26.6998 39.0581 90.3556 57.4256 234.649 17.9537 105.841 77.7741 73.1465 13.8521 7.2617 0.00732097 45.7163 153.525 60.9047 24.4046 124.069 0.763004 12.2917 5.00961 22.7658 20.5141 16.7067 0.859779 
159.5 143.076 379.994 0 142.418 182.344 160.826 454.828 252.119 16.7127 192.944 225.249 45.5259 4.57698 23.9595 4.1602 193.189 137.54 3.95661 46.4305 627.811 2.81235 0.655203 3.54978 145.055 1.84822 18.1684 26.1644 
163.773 104.602 11.1841 148.904 0 181.482 261.331 2.52643 12.1375 150.901 159.428 44.1652 42.653 1.42543 40.2984 69.8691 1.72064 174.955 256.915 14.7971 47.4019 56.9048 11.2899 5.53253 0.236144 46.925 45.5589 52.4883 
159.56 145.619 58.4643 195.679 484.218 0 749.227 209.72 611.239 488.017 192.309 115.575 494.894 17.7237 3.12187 13.7768 144.155 118.969 82.385 11.9615 27.508 6.55107 9.4415 4.17237 159.232 12.7271 20.2042 18.0567 
94.0195 64.8178 243.786 11.5517 403.004 86.3702 0 264.943 73.2602 21.5844 95.2541 14.4947 91.1268 6.67863 136.443 85.374 109.879 20.4698 113.082 10.7208 140.709 44.5752 28.2711 8.94592 60.0686 88.5847 47.9898 62.3497 
29.7272 92.1578 22.0326 81.4894 69.1266 119.03 159.124 0 651.865 1.10532 234.84 23.5407 71.2197 22.7962 168.818 0.167756 90.9724 154.86 98.1026 0.477976 160.861 11.9279 101.182 0.235757 41.3183 186.579 32.5372 18.9866 
193.5 151.709 219.083 457.59 353 611.018 1136.4 648.781 0 93.2772 956.544 370.762 184.118 3.06198 128.311 97.7254 247.483 117.041 83.828 104.684 83.9331 60.7819 35.2068 76.3001 228.12 127.397 55.4123 10.3467 
13.8885 126.66 103.735 106.903 104.419 16.5124 367.719 221.867 380.147 0 271.05 157.239 5.34223 4.22127 118.934 87.3562 67.0418 4.10601 9.14479 25.3445 13.496 60.0641 38.8924 0.667559 4.92221 8.05819 27.1505 15.4935 
62.8463 257.127 160.597 3.19498 0.00115948 28.6643 288.412 330.527 571.723 178.989 0 23.4225 6.46919 198.349 292.692 2.11702 0.201698 1.19875 115.545 34.3755 95.4131 5.86507 55.9993 102.647 129.786 24.6333 6.30111 9.23657 
227.972 26.5682 0.597361 9.9877 177.74 92.2952 12.3533 328.232 134.343 220.406 431.381 0 81.4386 3.65124 161.803 362.879 84.2714 0.406045 62.2463 12.959 161.858 11.6191 124.957 122.664 106.351 177.179 39.1659 69.5041 
57.8667 72.944 27.986 62.2535 112.202 49.8235 11.315 141.562 7.35387 1.53792 126.647 128.704 0 3.87699 116.987 21.3656 64.2627 3.32919 46.1282 26.8858 76.5394 15.7145 77.0113 24.8919 54.9578 10.6514 39.2105 44.5519 
8.12312 5.39233 0.077567 19.8887 65.1958 3.12631 30.264 12.2802 30.3881 0.00658899 211.253 18.4117 120.111 0 0.86555 0.042692 12.7737 25.8062 6.16334 3.98619 29.2556 9.81226 6.84515 0.710947 15.1476 12.0856 3.41596 0.131669 
49.7734 0.421289 33.6409 9.63478 45.2614 6.05507 105.454 70.2335 22.4125 9.4212 216.699 261.433 53.7339 45.7168 0 70.3586 29.5813 63.6731 26.2789 2.52766 12.7919 9.85416 21.2561 5.50264 9.77642 3.28341 19.1255 14.5478 
73.4036 21.0427 24.6364 10.7129 2.38712 7.3022 64.6235 1.45158 71.7055 32.3729 155.899 35.9895 81.8802 3.25153 1.84703 0 25.5067 41.4129 1.32255 7.06064 7.0499 11.4776 5.37859 26.8933 28.2059 7.44254 0.00172486 22.7761 
195.246 183.446 0.228534 138.635 99.6526 138.476 1.24562 17.4489 142.335 80.1809 45.4574 82.1327 6.74771 19.9975 9.81566 22.8501 0 25.6733 15.615 12.9213 29.6382 16.6794 1.44312 0.931414 157.097 4.52804 18.2451 11.7586 
36.397 364.076 46.0497 23.1598 127.647 61.3613 27.0435 122.615 90.1222 121.496 150.023 5.33047 1.1676 12.0424 9.06095 1.99763 158.07 0 95.0526 72.8848 0.0623708 38.9029 29.7355 42.7105 9.78457 24.0961 25.1995 2.29447 
92.0185 168.344 6.05611 8.72635 137.802 3.53544 95.5858 30.9569 18.5695 0.101496 124.268 53.8465 13.4493 22.8894 23.7469 22.48 173.135 4.46101 0 27.5648 20.849 1.85095 4.21118 19.4435 14.1892 3.22675 1.72866 25.7987 
19.2143 1.33113 15.0575 9.31421 13.5838 16.9692 55.0438 109.941 5.69632 17.4478 57.5622 27.2093 25.3462 4.44156 0.888878 7.66972 31.0529 46.4489 2.30633 0 80.549 4.404 2.07233 2.60951 3.95484 7.07603 9.90464 5.03434 
205.614 0.730437 86.3894 8.40989 58.9035 63.0951 38.017 17.6988 25.3805 36.4438 79.6877 5.44865 51.9919 37.6283 11.8298 55.6769 3.88566 116.51 4.38175 283.423 0 32.3206 0.659685 33.8014 27.0493 8.38454 39.4732 48.0351 
3.41879 40.1653 8.53097 0.261601 2.90009 20.4391 7.22311 5.53865 0.285313 16.99 24.1849 43.5435 23.9761 1.96504 1.75392 0.782177 2.12069 1.80621 0.743965 0.082536 19.9671 0 0.248595 3.5816 19.4004 4.6766 2.94644 3.53802 
33.9896 7.86145 12.5017 1.16997 4.28035 15.9128 50.6942 41.7017 5.66465 58.3821 118.363 113.811 87.8043 4.55739 22.9328 7.39065 0.517643 15.3135 8.35107 3.88804 40.0186 14.1057 0 8.92831 11.9367 0.00657287 11.8352 8.14601 
55.0622 61.1606 4.93834 18.908 6.54889 0.00355626 58.3997 123.415 68.9667 20.628 127.713 132.875 65.6108 4.5283 11.5198 11.8635 16.7785 24.6168 1.47006 0.562158 0.74731 2.81101 20.8206 0 0.447072 2.81693 12.747 12.1346 
187.859 205.712 28.2911 167.604 55.488 164.951 87.1807 55.4255 207.144 25.3115 106.625 392.121 40.5796 0.386197 26.8662 21.9795 154.873 46.6216 5.52714 6.35505 3.39611 17.0353 31.2023 44.2377 0 122.549 2.21126 38.2331 
16.2547 67.4358 25.565 30.7451 47.4609 19.1972 1.42503 10.8179 127.334 23.92 166.16 333.599 10.1044 10.8712 5.41903 2.2067 24.3958 14.8286 8.25134 1.27329 12.3844 9.16927 0.366027 3.75211 40.5538 0 0.693106 38.9701 
48.7625 29.168 0.923914 22.8678 1.25777 1.84122 31.3423 69.0731 27.4832 47.4465 79.2854 115.291 19.0124 4.1452 16.8363 7.48757 22.1878 0.632051 13.1477 7.80399 20.4327 10.8793 12.9412 3.64346 46.8028 34.408 0 52.7307 
0.877437 5.38203 14.6572 30.9765 41.1949 0.188564 10.632 26.0983 2.3382 18.6425 34.1696 175.731 4.33428 4.58884 22.8491 22.2328 12.7307 0.102175 24.2635 7.34302 5.32605 5.38248 1.069 2.97221 14.7113 0.971431 80.5149 0 
