0 559.166 123.866 741.199 191.71 419.411 37.5038 15.2133 682.661 151.496 14.3384 137.293 11.6311 0.637761 39.4266 35.7355 419.124 58.3207 90.0905 51.6729 199.329 12.9047 13.3107 26.0683 493.248 17.1934 42.87 56.2364 
419.339 0 1.51233 418.768 14.5193 601.817 509.674 173.559 811.127 193.751 3.32829 0.938844 129.459 0.499673 7.30284 5.22974 557.619 425.55 14.6454 98.1382 0.196665 47.2389 10.8186 53.4328 480.46 0.827071 1.39823 27.0306 
140.763 431.22 0 209.116 17.1384 33.6483 116.229 37.3467 311.726 23.2972 85.9332 65.7405 73.3633 14.3626 8.81161 0.0247566 47.3551 158.126 60.2036 23.4098 121.333 0.903058 12.4025 5.51931 21.8425 19.3998 16.3563 0.606749 
423.232 418.88 305.814 0 148.878 468.349 147.225 437.042 501.807 12.971 186.106 209.12 47.9503 3.91366 25.6955 2.8045 475.654 133.334 2.86617 47.3974 187.175 2.55112 0.452442 4.28215 425.611 1.01777 17.4327 27.1008 
182.056 165.445 19.2901 142.448 0 236.435 306.187 0.728508 24.3321 120.18 144.517 50.4788 50.5702 2.18376 36.4241 71.0975 3.7353 162.536 275.737 17.9289 43.0482 56.9795 12.5625 6.46284 0.519274 44.8111 45.0201 53.2104 
436.034 438.346 61.6899 480.383 150.859 0 338.51 203.883 885.521 774.88 214.361 122.952 469.464 16.9354 4.48239 12.558 427.756 116.241 79.0124 12.9051 30.0679 5.9686 9.98565 4.67395 442.09 13.8167 20.179 18.5866 
76.4495 26.8109 233.224 5.31879 423.302 107.694 0 228.434 3.36115 2.03903 57.2864 23.3921 104.65 9.18303 132.378 89.0156 109.658 28.8272 120.212 8.24955 142.162 42.9292 25.7845 10.6233 63.4222 91.1658 49.199 63.9533 
17.9661 74.8779 9.79211 185.725 79.5173 134.373 196.068 0 662.733 3.54315 261.337 3.04101 76.6916 18.1656 175.127 1.36871 89.3094 149.488 95.2122 1.36211 152.162 10.674 100.223 0.0207375 31.0862 201.579 29.3228 23.698 
489.518 423.002 143.272 747.983 355.48 886.379 1298.31 662.632 0 126.776 958.239 386.199 190.091 6.26531 203.668 105.968 530.551 127.64 77.0371 105.646 75.862 61.9671 31.3317 79.5157 504.894 131.655 53.3745 8.31036 
18.3869 110.065 99.3595 106.501 76.6193 3.60167 298.306 218.69 367.126 0 361.566 142.452 18.1838 6.41825 112.156 84.9663 69.2137 6.3499 6.27827 27.2251 11.5186 60.5364 41.1394 1.22246 6.39594 6.14645 25.9742 13.9452 
54.7292 250.105 140.907 7.3907 0.939721 15.095 338.679 346.897 447.721 266.327 0 50.6594 12.4806 206.169 235.599 7.54701 0.034098 2.52321 112.517 37.1406 90.3771 4.71669 63.0214 97.2758 134.189 17.9241 5.03295 11.7492 
228.558 34.1408 2.79895 3.31328 178.993 83.8147 6.08451 536.159 165.768 229.006 467.576 0 87.7538 1.14297 187.707 274.76 83.3676 0.0495022 59.4555 15.4428 164.159 13.2191 123.022 109.551 186.694 235.049 43.9461 80.347 
61.4571 66.6963 25.2298 60.4034 103.385 57.9898 6.0647 139.102 11.7485 0.555514 142.675 133.539 0 0.522036 118.666 25.1583 63.9586 2.30707 48.971 25.8088 76.0163 12.2957 72.9081 22.0148 55.3496 12.0413 39.2733 44.7368 
9.29262 4.15457 0.202571 19.2658 66.3729 3.83181 26.1047 16.254 37.1817 0.170853 213.253 12.1301 106.118 0 5.94216 0.0567555 12.3256 27.2068 5.58987 3.90011 28.1912 10.0868 8.0008 0.362957 15.5219 12.368 3.68565 0.0638909 
47.4489 1.13094 33.145 8.13381 41.3282 7.81888 112.951 58.4785 14.6 15.1256 157.109 247.882 61.6452 55.0317 0 53.2139 29.7471 62.5111 25.2177 2.78959 14.1733 9.2188 22.6576 7.27164 8.35499 4.48507 18.8881 13.6751 
71.3927 23.9729 24.8061 12.9398 1.55974 8.40592 69.3832 7.68765 63.0085 27.6549 173.582 3.64472 83.0827 1.92855 10.71 0 25.3188 39.7414 1.6601 6.79502 8.38965 11.6218 6.23371 24.6813 29.6721 9.80243 0.035906 22.778 
473.35 472.607 0.0329456 421.511 106.956 419.857 2.22194 19.6375 422.922 78.9235 42.8772 81.0165 5.78213 20.2553 9.17654 22.4611 0 43.1068 128.517 11.9964 31.2838 16.3787 1.26744 1.0976 439.65 4.96696 17.9699 11.3261 
26.4252 296.344 56.4731 17.4991 141.291 55.1541 18.9422 129.344 79.727 125.906 145.579 7.37148 1.92696 13.2315 10.5119 2.66771 184.582 0 87.8225 70.1551 0.373816 38.4493 28.7856 41.9757 10.9268 22.4588 24.3675 1.85357 
87.974 164.865 4.53792 7.1257 167.458 5.94635 87.5605 27.6259 14.388 0.0469375 122.311 56.6874 15.5955 22.3556 24.8348 23.1639 195.286 7.31421 0 26.5951 22.5595 1.59052 4.60323 19.8316 13.5076 2.79338 1.94592 25.9929 
9.71899 3.70315 13.6012 11.8579 16.6162 17.8207 50.9491 112.264 3.93245 19.2135 60.1799 24.1096 24.2542 4.4984 1.06141 7.9033 31.5742 42.9234 1.79775 0 132.944 4.30163 1.98556 2.45917 4.29292 6.72904 9.77272 4.77333 
216.9 0.0503192 79.2165 34.9402 63.4787 65.0794 33.3034 12.4838 31.2224 33.5945 74.4958 3.35401 53.7051 38.4296 10.5399 54.3163 3.15517 118.271 5.31319 315.981 0 32.1781 0.453694 34.9012 25.3509 9.75155 40.0158 47.4198 
3.88761 39.1443 8.79263 0.357206 3.57789 20.3431 8.40139 4.6518 0.56226 18.9583 26.3291 45.6853 19.9219 2.3525 2.15485 0.596386 2.34255 1.49361 0.579113 0.0595749 19.4376 0 0.560918 4.16923 19.5131 4.42385 2.72137 3.34547 
35.0653 8.99321 12.555 0.896038 3.49163 16.0913 48.3032 45.7867 3.92265 59.1917 122.564 117.455 89.5457 5.92619 23.9965 6.53931 0.634575 14.3779 8.83343 3.92611 39.9278 13.5315 0 12.371 10.5307 0.0405777 11.5475 7.91682 
55.77 60.7087 4.44412 19.8297 5.61291 0.00603678 60.2526 127.745 65.3305 18.5122 128.742 120.232 63.9819 3.74919 9.47553 8.58922 16.463 25.7272 1.23728 0.65237 0.475347 3.35493 20.6076 0 0.0314047 3.44511 13.4416 11.7688 
467.472 489.422 28.1956 447.848 56.9349 447.131 88.6253 67.6588 494.903 27.9558 113.084 276.116 39.0649 0.201978 25.7098 23.6516 437.466 45.3526 5.01173 5.98768 4.22748 47.0994 30.0801 48.6132 0 82.8844 103.152 32.0819 
13.8265 64.9338 24.8743 28.4956 49.5165 18.173 0.572748 20.7054 131.6 27.0291 166.217 285.444 11.4683 10.4157 6.86754 3.73614 24.7457 13.4101 8.90544 1.06599 13.9686 9.34779 0.522586 3.10203 39.0602 0 1.41035 32.1096 
48.2243 30.3984 0.724605 23.4327 0.960893 2.12317 32.859 72.2545 25.4213 47.244 77.8316 117.198 19.8162 4.42714 16.4056 8.12077 22.1099 0.450171 12.7369 7.99644 21.3264 10.6803 12.7613 3.07874 48.2289 33.0077 0 41.0446 
1.34325 4.43754 13.9774 31.5152 39.9387 0.326663 9.06356 31.388 1.39648 17.0018 30.2706 176.339 3.71264 4.22008 22.5507 22.5136 12.2977 0.22647 24.5645 7.59493 4.59746 5.58763 1.24837 2.59142 14.6315 0.0144927 87.3312 0 
