0 8.49069 172.346 341.736 231.823 1.43928 10.5938 49.2124 254.138 156.105 28.5451 167.055 6.50677 1.83699 45.7706 44.4063 3.28104 28.9867 78.9344 49.8142 227.243 14.924 16.2459 21.5351 73.7792 11.0602 40.4456 53.5122 
101.577 0 140.483 27.8054 126.607 223.448 512.696 220.171 408.421 223 0.485361 8.27777 117.305 2.14403 13.8673 1.87297 148.123 799.013 31.6342 74.7653 4.3079 48.8435 14.2466 49.9303 56.4489 3.16029 2.59009 31.6484 
184.905 219.165 0 22.9598 1.85736 19.9023 182.394 4.26518 455.765 39.32 40.1154 37.2493 72.8802 15.4821 13.2362 0.617258 51.014 163.161 57.3325 20.3553 110.559 1.31704 12.5688 6.88979 19.2282 16.3096 15.3663 0.15211 
24.0446 26.1363 252.148 0 160.493 59.071 107.558 1036.74 20.2738 5.27263 161.832 158.014 53.9685 2.39429 29.9423 0.493377 57.8945 119 0.832474 48.1133 93.4066 1.92246 0.0986987 6.42964 4.15547 0.00743807 15.4727 29.271 
224.283 344.462 48.5831 121.464 0 427.506 398.814 1.13477 72.8328 50.4606 105.381 67.9641 72.7884 4.86972 26.7744 73.523 12.3929 127.821 300.66 27.0649 32.2985 56.8211 16.0849 9.166 1.76224 39.163 43.4629 54.8106 
6.70535 63.5917 66.3981 66.8537 555.696 0 1545.21 179.623 346.129 508.368 257.693 139.59 77.4195 14.6862 8.95922 9.45421 14.1158 106.675 68.091 15.3236 36.8806 4.536 11.3571 6.05754 25.7922 16.6354 20.0101 19.8494 
36.9078 6.65403 185.064 0.340319 430.031 755.099 0 132.983 677.908 47.7459 2.32766 54.9483 139.643 17.272 117.571 96.8111 107.762 55.846 136.507 3.2516 144.039 38.4905 19.596 15.5125 71.5974 96.3321 52.1123 67.6083 
0.994005 36.3609 1.07867 295.05 107.734 170.838 290.469 0 585.191 16.0724 321.073 319.072 90.7802 8.31448 184.454 26.8998 84.4136 133.835 86.9811 5.71781 127.642 7.68857 96.2505 3.14872 10.5556 228.23 21.4731 37.7118 
111.457 7.74356 10.8301 316.434 341.442 349.135 797.402 592.362 0 222.058 944.859 403.229 201.219 19.3562 194.746 125.3 113.95 154.158 59.5289 106.571 55.6556 64.7032 21.9233 87.0109 72.2685 139.59 47.9009 3.99654 
32.4818 68.6537 85.248 102.933 21.2944 242.805 115.853 204.373 305.103 0 553.278 103.226 81.8729 13.9922 90.283 76.6407 74.2904 14.2941 1.28514 32.1139 7.03707 61.0577 46.6385 3.41438 11.0071 2.32453 22.8984 10.1971 
35.429 224.497 88.444 25.7457 11.4128 0.00319618 443.452 372.014 57.95 488.359 0 159.344 36.3515 213.036 87.2316 35.8514 0.253039 8.17548 103.494 44.4214 76.9885 2.29131 81.2812 81.9371 142.535 5.15811 2.37514 19.4673 
224.032 57.184 15.7565 2.89151 179.59 61.7755 0.0862908 976.815 249.733 243.668 517.076 0 103.838 1.28097 243.552 59.4737 80.5692 0.732352 52.0833 22.678 167.806 17.7425 115.244 74.6076 189.058 360.362 56.8238 108.68 
70.6148 50.8145 18.4317 55.0809 80.0139 67.0144 0.00708811 131.088 27.4809 33.7263 182.551 144.453 0 6.35529 118.151 35.7239 62.793 0.516052 56.2022 22.9639 74.2751 5.17539 60.6271 15.0495 55.9079 15.9237 39.2828 44.9722 
12.6102 1.66287 0.795024 17.4592 68.734 5.91068 16.3131 28.6503 56.7402 2.85587 204.478 1.74413 66.0161 0 33.463 1.88312 11.1527 30.8331 4.20131 3.66139 25.3654 10.6233 9.63804 0.00132183 16.2443 12.8733 4.40938 0.00118299 
41.1725 4.5372 31.0084 4.71035 31.3696 13.1317 129.155 31.2412 6.40363 34.9156 32.6887 194.268 81.7053 60.2299 0 9.76895 30.0337 59.0244 22.3726 3.50978 17.9741 7.56416 24.9512 12.4796 5.03552 8.27172 18.1294 11.3648 
65.2013 32.0724 24.6967 19.1899 0.223537 11.4487 80.8998 44.7236 41.4915 16.5468 210.164 75.2679 84.2469 0.0653162 54.6627 0 24.7214 35.2739 2.70328 6.07316 12.3131 11.8778 8.41716 16.7344 32.4541 16.596 0.328017 22.3209 
44.9239 73.7464 0.347712 6.06608 124.342 0.690712 6.0231 25.7598 1.96296 74.9256 36.2544 77.6943 3.59424 20.8525 7.57532 21.3672 0 103.193 12.2834 9.67374 35.585 15.5665 0.860995 1.58909 22.7219 6.17931 17.2245 10.2081 
7.48399 239.876 85.2842 6.20308 174.802 39.4909 4.34893 145.566 54.2658 135.608 132.479 14.1054 4.75791 16.488 14.679 4.83343 244.565 0 68.6296 62.3063 2.39551 37.1536 26.2635 39.8937 14.1155 18.3316 22.1945 0.921748 
76.5873 151.271 1.56961 3.65554 238.71 14.7727 66.4744 19.6236 5.85503 2.56904 115.816 63.9536 21.7192 20.8672 27.5651 24.8409 244.468 17.7264 0 23.9403 27.1652 1.00102 5.68139 20.7738 11.7568 1.80141 2.56479 26.4076 
11.2054 15.0669 9.86633 19.2914 25.5418 19.8626 40.2532 116.323 0.846874 23.9719 66.6257 16.6868 21.3897 4.62434 1.57263 8.45561 32.7095 33.8406 0.762164 0 271.008 4.02963 1.76094 2.077 5.20451 5.81885 9.40023 4.10577 
237.569 1.9978 59.7993 60.7614 75.3761 69.6331 22.1536 3.05008 48.5096 26.4823 61.0636 0.262873 57.9973 40.3276 7.47063 50.3445 1.59996 121.717 8.11189 316.772 0 31.728 0.0971926 37.6213 21.023 13.681 41.288 45.5871 
5.22966 36.3602 9.44833 0.673147 5.64347 19.9155 11.803 2.68833 1.7107 24.3216 32.0928 51.1263 10.7785 3.46714 3.35518 0.227491 2.96371 0.816187 0.245638 0.0172709 18.0469 0 1.9112 5.80147 19.6206 3.77835 2.16809 2.85929 
37.7106 12.2122 12.5696 0.349738 1.7996 16.3874 41.8326 56.5013 0.861836 60.4602 130.475 124.301 91.1896 8.82043 25.267 4.33951 0.991774 12.0241 10.1091 4.00942 39.5114 11.6014 0 19.4816 7.00751 0.262805 10.7145 7.28166 
57.1322 59.0581 3.24001 22.0286 3.48859 0.188381 64.5212 135.781 55.5067 13.3465 128.438 85.4595 58.7637 1.92579 4.75362 2.03112 15.606 28.5932 0.722178 0.913946 0.054091 4.90737 15.2733 0 2.61301 5.27604 15.1313 10.7272 
42.7273 74.8907 27.5315 24.7157 60.3312 28.961 91.1553 101.388 90.9923 35.0056 127.752 587.181 34.955 9.89461e-07 22.2668 64.8146 20.6583 41.8765 3.77021 5.04746 6.7722 65.9468 26.21 63.8653 0 86.4032 39.5733 45.0475 
8.28565 57.8723 22.6678 22.3849 54.5822 15.4036 0.147486 58.5603 139.56 35.4425 160.722 138.247 15.2933 9.09207 11.1349 9.1714 25.561 9.97659 10.6702 0.607099 18.3856 9.76933 1.04919 1.65411 34.083 0 4.36295 15.0117 
46.5965 33.5612 0.316857 24.7573 0.373607 2.93673 36.7622 79.9944 20.2795 46.4493 73.4908 120.287 21.9016 5.17347 15.186 9.78817 21.8583 0.120665 11.6672 8.47853 23.6526 10.1282 12.185 1.80135 51.3604 28.5288 0 14.034 
2.99969 2.38616 12.1616 32.551 36.5538 0.857555 5.50867 46.5652 0.0744062 12.9599 20.8935 171.574 2.30591 3.29871 21.4844 22.7866 11.1726 0.775851 25.2667 8.2305 2.93477 6.11794 1.76862 1.70229 14.4663 4.45356 92.3611 0 
