0 278.931 189.577 593.818 246.202 279.384 3.56385 70.1657 520.843 156.657 36.4472 179.558 4.61131 2.59147 48.6022 48.3679 280.778 18.4289 73.4346 26.5585 235.864 15.8771 17.6482 19.4992 348.55 8.61318 39.2505 52.078 
468.864 0 251.109 334.113 204.215 509.377 474.662 239.166 676.207 232.339 3.45302 14.0148 110.965 3.27669 17.48 0.882404 426.315 721.458 41.1574 63.6663 7.95113 49.4713 15.935 48.1593 329.346 4.72372 3.25664 33.7905 
198.948 112.238 0 21.5417 0.00294299 14.2245 208.29 0.0190469 473.153 47.4185 23.6848 26.1516 72.1516 15.8866 15.3991 1.14923 52.3772 161.981 55.5283 18.7653 104.016 1.53122 12.5853 7.53519 17.9408 14.8252 14.8746 0.0438607 
338.589 331.801 50.2578 0 163.074 338.07 88.5137 739.802 280.954 2.81878 148.061 131.996 56.567 1.8047 31.7229 0.0609658 333.533 110.983 0.300952 47.5527 475.036 1.6585 0.0218611 7.52105 278.748 0.11643 14.5537 30.1284 
240.002 419.763 65.0607 110.204 0 428.879 423.855 3.79005 101.699 26.672 87.8739 76.3989 83.5196 6.43962 22.6205 74.2521 17.9293 111.286 299.145 31.6668 27.6875 56.5769 17.7996 10.5412 2.57707 36.5132 42.6716 55.409 
279.175 364.779 66.6081 343.568 573.812 0 1411.7 164.723 534.472 78.2303 268.818 145.762 468.972 13.5751 11.4019 8.0881 292.188 101.192 62.2255 16.402 40.0563 3.92214 11.9602 6.72668 302.308 17.9052 19.8822 20.3704 
22.7461 37.378 155.775 3.6719 410.35 926.776 0 93.0882 1090.5 110.283 1.77756 72.9067 154.959 21.6721 108.998 99.4938 106.258 70.3758 142.693 1.69323 143.964 36.3843 16.9182 17.9944 75.0363 97.908 53.3344 69.0246 
0.268074 22.6214 8.73816 355.097 120.955 184.924 328.863 0 505.742 24.6496 342.317 568.659 97.107 4.97057 185.084 48.1969 81.8969 125.931 82.8832 8.68221 115.721 6.45485 93.7321 6.33705 4.56471 233.446 18.1501 44.8588 
406.736 299.737 1.04289 569.872 325.491 537.84 355.618 515.323 0 265.077 56.4786 399.234 204.05 27.3656 217.255 132.844 389.917 165.538 51.709 106.222 46.9248 65.7874 17.992 89.9862 341.179 141.606 45.3121 2.51298 
39.9782 51.4751 77.697 100.109 6.73862 386.067 51.7239 195.066 266.004 0 596.594 85.572 121.746 18.2706 78.7989 71.9109 76.3252 18.9113 0.243118 34.3393 5.31271 60.9506 48.9623 4.77364 13.477 1.15957 21.4811 8.62246 
27.6232 209.607 65.707 37.3921 19.9589 3.5664 472.408 374.334 63.6332 560.518 0 221.356 50.8447 209.389 36.5969 54.631 0.672087 11.8142 98.8361 47.783 70.7562 1.45639 89.4231 74.4025 144.754 1.80475 1.47296 23.5407 
219.071 69.1358 24.9409 10.9434 178.565 51.9637 2.46391 1029.42 286.526 246.377 515.292 0 110.956 4.58122 260.701 8.24549 79.0689 1.82723 48.6573 26.342 168.321 19.987 110.427 59.0861 237.411 391.31 62.8609 121.213 
74.6985 43.8194 15.5316 52.4108 69.3434 42.5783 1.03648 126.663 36.6075 64.1716 199.19 148.587 0 15.7887 115.55 40.7932 62.0766 0.12048 59.4162 21.6395 73.2913 2.85919 54.4128 12.159 55.9385 17.8254 39.2123 44.9607 
14.2599 0.88367 1.19281 16.5482 69.4676 6.96661 12.4143 35.2047 66.3397 5.15033 193.982 0.0935645 47.9526 0 47.2184 3.49067 10.6101 32.4856 3.61535 3.54468 24.0426 10.7787 9.54717 0.11039 16.4483 12.9893 4.7517 0.0278808 
38.2046 6.83537 29.6445 3.40356 26.9998 15.8417 134.683 20.9689 8.81204 45.8482 4.95774 163.512 90.2214 52.3771 0 0.657332 30.095 57.2063 21.0314 3.85836 19.8138 6.81149 25.2658 15.0145 3.73329 10.2684 17.7139 10.2973 
61.9344 35.9752 24.3797 22.1806 0.0127536 12.9033 85.6488 69.9428 32.4919 12.1713 220.959 169.524 83.8125 0.0773897 74.4717 0 24.3942 33.1731 3.26151 5.72851 14.3152 11.9364 9.34774 12.6137 33.1718 19.7969 0.559893 21.8907 
316.05 358.569 0.891082 283.363 131.337 276.377 8.36469 28.7688 276.963 72.7497 33.2673 75.9678 2.74947 21.091 6.87053 20.8252 0 135.117 33.6028 8.65209 37.5669 15.1782 0.698648 1.84392 299.038 6.77047 16.867 9.69726 
2.55265 198.601 98.6475 2.8538 188.669 32.7142 1.04005 152.285 43.6135 139.132 125.784 17.8662 6.46747 18.0589 16.7729 6.02939 264.929 0 59.8395 58.3891 3.90675 36.5015 25.0807 38.8554 15.6823 16.5074 21.1912 0.598597 
71.0172 143.026 0.708329 2.41943 264.877 19.9114 56.9493 16.2992 3.14761 4.99707 112.181 67.2161 24.7715 20.1366 28.7645 25.5595 252.1 23.8483 0 22.6637 29.3516 0.773018 6.20479 21.1738 10.9638 1.41237 2.87573 26.5542 
24.5009 22.5688 8.22593 22.9513 30.0725 20.7039 35.4069 117.187 0.181214 26.2199 69.3866 13.6263 20.0655 4.67145 1.83703 8.68086 33.1211 29.772 0.429184 0 313.561 3.90172 1.65832 1.90611 5.63746 5.39915 9.21471 3.80497 
242.351 4.68114 50.8463 34.9789 80.7876 71.4098 17.6362 0.829359 57.3244 23.3799 54.9876 0.00972246 59.8859 41.1069 6.20628 48.3235 1.05486 122.734 9.5769 276.539 0 31.4822 0.0208386 38.7991 19.0875 15.6564 41.8046 44.6336 
5.90596 35.0206 9.73714 0.850973 6.73697 19.6336 13.5223 1.95571 2.44505 26.8789 34.8178 53.5507 7.37876 4.02137 3.97715 0.115137 3.27095 0.570832 0.138847 0.00629199 17.4004 0 2.76435 6.58568 19.589 3.48812 1.92965 2.64294 
38.8477 13.8184 12.5157 0.181444 1.20055 16.4402 38.768 61.3944 0.192309 60.6274 132.536 126.085 90.5131 9.50803 25.078 3.38906 1.18189 10.9826 10.7049 4.04001 39.2326 10.5435 0 20.795 5.51838 0.428802 10.293 6.97207 
57.5208 58.0725 2.7317 22.9288 2.66727 0.357135 66.1962 137.793 50.8748 11.1662 126.851 69.5002 55.9317 1.24238 3.0122 0.457869 15.1942 29.8973 0.529595 1.04698 0.000451688 5.67228 11.3132 0 5.45372 6.19346 15.8403 10.2089 
315.398 351.995 27.0285 298.131 61.7047 304.574 91.7044 117.019 372.906 38.2866 133.271 668.024 32.9953 0.0436842 20.5136 63.6044 297.037 40.1983 3.24861 4.62455 8.12183 21.8941 24.061 65.8526 0 125.35 138.17 51.353 
6.15205 54.3965 21.4747 19.5345 56.7564 14.0972 0.827674 80.3978 141.588 39.3987 155.551 76.9544 17.174 8.42852 13.2657 12.1857 25.8891 8.53046 11.5105 0.43649 20.5456 9.94182 1.34634 1.12263 31.3542 0 6.19864 8.60758 
45.7391 34.9944 0.183961 25.2926 0.193832 3.349 38.5304 83.2559 18.0346 45.9547 71.236 120.772 22.8568 5.52164 14.5802 10.5572 21.7187 0.0390845 11.1743 8.69113 24.7221 9.85786 11.8694 1.31548 52.3691 26.1394 0 5.59153 
3.97343 1.64494 11.3106 32.8441 34.9449 1.1838 4.1424 54.0692 0.0219029 11.2251 17.015 166.39 1.76346 2.89693 20.8594 22.6867 10.6558 1.13816 25.5501 8.5125 2.28553 6.3601 2.03273 1.34668 14.3338 9.57137 88.0862 0 
