0 476.089 200.772 729.743 256.072 453.013 0.478683 90.3713 681.71 156.318 43.8843 189.54 3.22207 3.34427 50.9851 51.7376 453.313 11.0739 68.5467 18.9266 240.88 16.7114 18.8821 17.7755 518.205 6.71219 38.1799 50.7519 
729.906 0 345.266 538.039 276.752 684.018 424.761 253.821 832.531 238.008 8.16558 20.1063 105.165 4.44117 20.8698 0.319989 598.284 320.771 50.0865 54.1818 11.9545 49.9555 17.4445 46.555 497.505 6.31478 3.89177 35.6422 
206.953 41.5383 0 76.2247 1.16795 9.88728 226.487 2.35564 458.306 54.6119 12.6335 17.8961 71.2678 16.175 17.2968 1.73518 53.3781 159.181 53.7406 17.3225 97.6812 1.72802 12.5685 8.09637 16.7965 13.5279 14.4327 0.00277355 
553.923 535.324 87.3071 0 163.812 511.052 72.3587 379.017 447.129 1.29685 135.178 109.338 58.7076 1.35597 33.1508 0.0221617 503.974 103.472 0.0539678 46.6211 320.995 1.44385 1.2745e-05 8.50809 448.635 0.504989 13.7543 30.7907 
251.179 472.827 80.2215 99.9122 0 392.893 434.391 7.3192 128.951 11.7634 73.3547 83.8114 92.8939 7.95784 19.219 74.6783 23.4318 97.0479 291.107 35.798 23.9059 56.2787 19.3228 11.7923 3.40248 34.2109 41.9507 55.8537 
448.06 558.868 65.7613 514.461 407.509 0 559.864 150.387 626.49 542.049 273.228 150.223 399.969 12.5884 13.6632 6.95534 464.989 95.9776 56.8502 17.3072 42.8013 3.41809 12.4633 7.31785 473.607 18.9773 19.7463 20.7876 
13.029 82.0508 128.726 9.35187 382.752 821.453 0 62.7558 1288.61 178.611 14.3998 89.7721 167.431 25.766 100.88 101.31 104.644 83.7195 147.264 0.745173 143.417 34.5401 14.7099 20.2429 77.8126 98.8399 54.3261 70.1048 
3.34162 13.1647 21.0358 456.223 132.312 195.244 357.442 0 422.373 33.3552 356.699 776.688 102.446 2.74297 183.715 70.3467 79.5971 118.813 79.2065 11.7047 105.254 5.4642 91.224 9.94074 1.34695 234.041 15.449 51.2999 
594.411 491.44 22.3914 714.351 307.373 629.776 78.3828 433.27 0 299.356 284.619 389.78 205.272 35.0922 294.288 138.516 560.534 174.791 45.1597 105.525 39.7675 66.6311 14.8363 92.2885 505.942 142.472 43.049 1.49873 
46.8781 38.0942 70.7926 97.1014 0.670149 468.758 15.3597 185.792 228.915 0 603.502 70.9214 158.839 22.303 68.5252 67.4435 77.9169 23.3512 0.00402763 36.2363 4.00431 60.6804 50.8437 6.11791 15.7703 0.471124 20.2594 7.34681 
21.5247 195.448 47.7874 48.8056 29.0986 11.9593 485.169 371.459 104.35 596.338 0 277.131 64.835 202.845 9.25575 73.0042 1.19614 15.4632 94.5857 50.6747 65.375 0.882909 96.19 67.7546 145.801 0.284579 0.862199 27.2953 
213.381 79.9861 34.3062 21.8529 177.018 43.8243 7.12041 974.879 315.89 246.569 500.936 0 116.899 9.02359 269.998 2.09858 77.6676 3.16768 45.6938 29.6538 168.163 22.0013 105.697 46.4555 317.528 399.508 68.0754 131.488 
78.1366 38.0063 13.1678 50.0067 60.3264 16.9053 3.87715 122.494 45.3267 96.2504 212.281 151.667 0 26.9003 112.148 45.2047 61.3674 0.000623282 62.1162 20.4913 72.3499 1.39066 48.8801 9.85442 55.8486 19.5179 39.1131 44.8891 
15.7415 0.404224 1.59691 15.7268 69.9155 7.91839 9.40852 41.2113 74.7627 7.63998 181.998 0.330936 33.6734 0 56.3704 5.18136 10.1406 33.8999 3.138 3.44059 22.8917 10.864 9.02462 0.343992 16.5563 13.0282 5.05122 0.0793483 
35.6187 9.17402 28.2925 2.42833 23.3761 18.2681 138.332 13.54 14.0237 55.8758 0.736985 135.59 96.9828 41.7104 0 1.54127 30.1115 55.534 19.8616 4.16723 21.4424 6.17104 25.1384 17.189 2.74314 12.0838 17.3228 9.38131 
58.9279 39.4044 23.9728 24.7638 0.0396481 14.1717 89.4047 94.528 25.3576 8.84772 226.639 264.521 82.9432 0.544301 85.8715 0 24.0854 31.3432 3.78231 5.42591 16.1351 11.9561 10.0866 9.16162 33.4838 22.4704 0.808928 21.4112 
482.831 537.063 1.56079 455.53 136.759 447.216 10.676 31.4551 447.284 70.709 30.7279 74.3794 2.10513 21.2782 6.27957 20.3381 0 163.197 53.8052 7.79754 39.2757 14.8354 0.571178 2.07858 470.214 7.2973 16.5507 9.25821 
0.364856 128.651 109.866 0.977341 199.564 27.1807 0.008489 157.646 35.1055 141.659 119.71 21.4329 8.14555 19.4484 18.663 7.16024 277.619 0 52.3905 54.8829 5.50273 35.9103 24.0498 37.9195 17.0827 14.9764 20.3237 0.374198 
66.0875 135.031 0.233583 1.54697 282.438 24.797 48.9607 13.6293 1.46558 7.71576 108.734 69.9804 27.5116 19.484 29.7661 26.151 247.442 29.737 0 21.5383 31.268 0.598562 6.67006 21.5016 10.2868 1.1118 3.15762 26.658 
41.6051 30.0363 6.87584 26.1482 34.1561 21.3732 31.3102 117.408 1.27056e-05 28.179 71.6518 11.1863 18.9223 4.70648 2.07959 8.8596 33.4182 26.3504 0.216752 0 331.02 3.78987 1.57019 1.76144 6.01697 5.03783 9.04743 3.54905 
243.895 7.88643 43.2881 25.7 85.3957 72.7701 14.0843 0.0337631 65.2889 20.8011 49.8303 0.394668 61.4689 41.7298 5.19476 46.4888 0.672794 123.316 10.9292 226.693 0 31.2502 1.1946e-06 39.7754 17.4515 17.4394 42.2149 43.7556 
6.51939 33.8363 9.97945 1.02094 7.75181 19.3477 15.0801 1.41238 3.18302 29.1172 37.198 55.5953 4.9132 4.51519 4.54589 0.0482172 3.54721 0.393173 0.0706699 0.00116554 16.8389 0 3.59992 7.27044 19.5256 3.24156 1.73232 2.46005 
39.7855 15.2643 12.4383 0.0795783 0.777389 16.4427 36.0961 65.558 0.000173685 60.5561 133.467 126.896 89.2019 9.66719 24.5194 2.62713 1.35921 10.1061 11.2233 4.06243 38.9474 9.56839 0 20.6267 4.33275 0.603735 9.91151 6.6969 
57.7323 57.1092 2.31925 23.6416 2.04055 0.545609 67.4844 138.627 46.8538 9.40031 124.756 56.2371 53.2931 0.757257 1.79189 0.000273333 14.8297 31.0137 0.386334 1.16808 0.0262165 6.34958 7.74739 0 8.61554 7.01239 16.4118 9.74409 
483.422 523.683 26.4968 466.806 62.789 475.076 91.8579 130.146 548.646 41.1141 137.32 278.991 31.2754 0.151309 18.937 45.4734 468.272 38.7129 2.82446 4.2656 9.37443 12.953 22.0726 62.4672 0 86.346 11.827 139.313 
4.54043 51.3024 20.3663 17.0995 58.5436 12.9632 1.85889 100.597 142.465 42.8182 149.831 35.5914 18.8513 7.83495 15.1492 14.9343 26.148 7.35484 12.2488 0.310603 22.4669 10.0794 1.62903 0.740089 28.8287 0 7.99405 4.3169 
44.9446 36.2183 0.0976239 25.715 0.0852005 3.72366 40.0389 85.8984 16.1655 45.4625 69.1654 120.704 23.6786 5.82384 14.0366 11.2178 21.5858 0.00461196 10.7484 8.86981 25.6442 9.61636 11.5723 0.952101 52.933 23.9535 0 1.25987 
4.91942 1.11133 10.5718 33.0009 33.5327 1.50643 3.10721 60.7211 0.262594 9.79909 13.9207 160.482 1.34993 2.56331 20.2554 22.4855 10.2101 1.50667 25.7743 8.75018 1.78566 6.56805 2.27261 1.06898 14.1567 15.2414 81.2995 0 
