0 634.863 193.433 352.553 257.573 291.16 87.6928 49.8634 425.641 8.59991 13.5208 156.614 2.19476 30.5561 0.341746 35.799 241.339 199.717 53.7308 227.682 20.5545 39.4506 46.8024 28.6113 212.983 21.3353 48.4024 57.5893 
758.075 0 18.7643 406.429 290.779 190.468 57.1684 288.745 253.008 0.333643 162.31 23.7934 2.41434 32.041 96.3397 12.8435 330.068 541.65 8.51517 3.24862 177.607 18.7666 6.70321 46.6364 238.997 72.61 0.234638 34.5037 
182.6 384.986 0 51.6362 174.914 3.69402 142.484 271.6 472.818 38.0026 216.856 5.6285 72.4697 5.9176 33.945 12.0027 21.8751 3.84376 52.7737 4.90346 9.3631 0.451448 11.1259 0.00370836 28.1317 27.3658 0.263566 6.96142 
302.615 403.73 74.8551 0 6.15161 210.284 183.014 817.174 500.469 48.5138 126.399 259.792 3.81293 8.68901 3.63339 42.72 191.2 145.857 0.0848791 0.386766 375.638 0.551675 12.0132 4.8116 219.254 36.4688 18.6035 1.8986 
261.474 481.354 72.2003 95.8995 0 392.109 116.643 15.1035 35.5984 66.6463 180.587 0.00405682 12.7198 8.62117 65.3885 24.0033 1.47553 49.1221 235.146 57.6906 128.221 9.08519 16.6508 35.8971 9.37554 3.87983 2.51904 1.05418 
256.202 248.606 35.6634 194.966 525.651 0 737.723 214.866 561.532 754.92 176.731 114.42 138.753 12.0894 4.86402 15.3828 213.992 120.74 39.115 13.8069 1.31067 11.6037 7.2127 14.2136 180.445 8.8713 12.6471 5.90392 
46.3591 452.176 217.861 29.9617 8.02249 514.943 0 334.67 188.636 14.0967 476.274 156.563 11.2811 88.9072 123.255 53.4049 1.39617 200.592 3.58148 4.77487 117.822 59.0145 66.6035 0.0142026 63.818 99.2924 13.7788 38.1488 
0.89605 25.8216 275.78 493.275 149.727 86.7113 64.858 0 553.48 0.0471441 94.9578 48.0535 129.636 8.56584 173.743 226.111 98.8274 162.606 71.4267 12.3322 5.99442 59.1962 57.9377 121.42 155.816 3.00823 93.8577 133.603 
193.685 482.759 0.0904897 296.413 244.928 564.208 984.091 561.799 0 54.1911 497.933 30.0326 78.8229 18.2281 48.4201 1.36231 257.913 218.371 25.8972 60.6203 8.84275 37.9823 101.115 91.1705 293.165 7.09484 39.6369 92.7079 
143.354 228.598 86.4525 96.2819 32.8787 200.728 182.214 223.678 200.789 0 231.628 177.582 323.623 73.4887 67.1262 54.3951 82.0596 132.981 65.1489 24.5206 99.208 6.48647 33.6895 42.5705 28.4958 13.9348 26.8347 33.1856 
154.695 24.535 239.099 56.825 236.776 163.62 68.2533 17.8914 405.753 143.628 0 497.251 170.582 147.777 222.758 226.602 14.7231 65.647 3.27158 75.8992 145.979 56.9994 76.9433 80.1975 43.9374 0.00113524 81.602 12.0687 
18.5075 85.9758 56.6564 75.1207 118.85 8.97411 260.126 266.732 264.577 205.49 286.856 0 23.734 38.3147 264.383 38.3863 9.9021 6.22948 88.9053 87.8017 147.183 1.03624 126.903 102.045 89.2665 47.1274 75.3959 2.68053 
81.0865 46.9699 31.9303 67.1733 149.489 157.163 91.2027 5.19669 28.8905 292.291 27.7341 68.7107 0 6.31005 118.088 11.511 0.0586014 104.213 45.5574 5.34656 54.2369 88.9277 2.76119 0.0133551 4.20125 54.0572 12.2897 5.8041 
13.9307 54.4011 16.3769 0.0963545 36.0085 8.40438 68.8978 28.23 1.33991 57.4493 178.222 15.4906 125.767 0 26.105 6.19511 0.540397 52.3277 15.6648 4.56104 26.6895 9.50303 5.76162 2.27131 8.02533 8.06618 10.7554 5.16444 
70.1832 91.5266 3.21016 31.4005 60.6745 2.25623 27.2898 61.2514 178.459 75.8215 298.126 57.6557 81.9996 2.65004 0 16.3097 24.2807 18.4213 37.1644 10.1045 5.53535 6.07377 24.9167 23.3399 7.86049 30.2318 13.0734 4.41194 
15.5996 13.5882 14.7679 22.6647 44.903 5.92433 75.9765 241.574 145.832 2.45747 72.8202 366.89 76.0236 13.287 88.721 0 22.7983 58.8584 30.1363 3.74115 37.4141 11.4838 1.77481 29.1531 31.5477 32.4584 2.40753 2.4547 
179.888 263.28 13.7853 209.777 68.5991 185.933 105.13 5.11389 208.139 62.7754 8.98371 13.1621 52.951 12.7714 19.3559 18.4796 0 85.916 563.69 19.7817 8.61166 19.4523 12.6624 10.3861 193.785 20.0645 4.6406 23.2446 
164.518 246.033 53.7188 55.9828 121.345 66.3343 219.323 10.5472 3.34108 11.6022 59.09 0.199479 88.5905 52.8081 44.8681 2.75691 230.671 0 27.7647 80.0231 29.2688 10.0012 25.2785 48.314 54.7462 9.17229 39.3775 0.0288633 
56.2147 156.489 0.0922387 0.524443 300.268 41.9176 152.452 8.84881 0.413503 93.9523 0.0808331 23.3555 13.0355 1.07778 0.490991 18.0644 90.3198 54.7928 0 15.7161 69.8022 12.6707 12.4398 22.6418 12.6949 26.0327 0.656479 1.14341 
225.49 99.4916 14.9438 34.7004 56.021 18.6061 8.12552 117.393 56.5338 16.6856 85.86 63.602 6.4268 1.7337 8.13172 1.13859 26.1022 87.5182 36.4335 0 277.204 5.7666 0.0574073 6.13178 11.9136 12.0671 1.45399 9.08646 
36.4712 178.795 3.66905 106.214 0.0904069 26.0915 0.438308 67.8935 113.33 90.0602 148.982 19.3428 4.38051 1.29419 20.8762 25.1649 64.2807 116.512 71.7765 73.3306 0 30.6272 0.00025445 24.0616 42.4581 60.3728 20.4051 26.4436 
39.6747 51.1001 7.83117 7.45446 55.8014 0.0696088 0.0474305 64.3757 59.6039 16.9658 1.8399 22.345 85.3662 1.60534 16.655 0.77429 0.37955 42.3204 15.2301 0.912716 15.499 0 12.9821 5.42603 12.2297 10.7756 0.245755 7.08584 
34.0754 5.22976 10.5002 10.8039 1.58685 14.8476 49.0899 1.50646 79.1909 55.954 14.8311 105.62 15.5378 7.87168 24.0723 10.4852 4.50331 11.154 16.9363 3.39201 38.9824 0.908656 0 20.6859 6.5109 6.73505 0.0276956 8.00959 
3.39041 32.599 13.413 20.4342 3.65248 5.36833 33.3058 51.9259 48.8632 4.19371 128.149 112.893 28.2641 0.0094545 15.6828 22.0934 15.7102 7.46675 4.27687 3.02879 42.6952 6.33449 12.0001 0 25.494 16.5579 15.8175 12.2052 
249.463 252.384 21.4558 220.44 27.5933 187.403 88.7815 0.907912 222.964 54.116 19.5368 1134.27 37.6692 10.9704 25.2685 52.7801 196.197 7.48921 4.42044 0.196546 0.0274997 25.1851 21.6471 36.4435 0 27.114 36.6093 101.15 
17.6779 0.0397109 26.6377 5.38027 49.6591 22.6056 2.98521 114.133 7.05019 73.2365 145.779 398.886 54.2455 13.02 29.0247 29.1291 25.3339 3.29455 2.60718 8.72598 57.7867 1.31042 8.24991 4.73749 4.6674 0 36.8299 17.8912 
43.1521 18.2249 15.1868 22.5152 30.5419 2.59329 30.6869 7.24145 13.5086 1.98802 43.789 3.10565 37.3488 10.374 16.5916 1.71926 11.8617 39.0861 15.6519 2.73232 39.4559 3.29459 0.530723 1.33054 29.3785 4.55065 0 6.93359 
8.13155 1.42761 0.536278 0.0155516 39.2018 4.67714 36.1512 130.733 81.5042 29.7567 29.8124 117.806 43.9837 0.281762 15.6876 0.91438 23.6259 3.95776 2.72278 3.18274 48.6246 5.07396 1.17517 3.05069 13.1206 60.1263 49.2821 0 
