0 276.7 208.192 428.633 263.53 202.514 0.307023 112.853 415.219 155.166 52.1117 198.923 2.03578 4.21996 53.3763 55.1464 201.019 5.33936 63.3918 38.5525 243.561 17.5843 20.1777 16.0337 262.431 4.96869 37.0367 49.2985 
569.889 0 423.263 322.349 351.135 428.632 360.399 266.958 556.321 241.378 15.0831 27.4601 98.8917 5.82337 24.6145 0.0312008 344.249 624.938 59.8858 44.6625 16.9005 50.3982 19.0516 44.8275 240.309 8.18848 4.60619 37.5538 
210.79 3.40682 0 164.821 5.06862 6.09736 240.221 10.5954 415.345 62.1238 4.67714 10.8365 70.1085 16.411 19.2634 2.45974 54.2324 154.591 51.6808 15.7798 90.5566 1.94286 12.5208 8.67766 15.5889 12.183 13.9596 0.0121402 
352.065 319.394 125.473 0 163.091 258.349 56.407 372.923 196.585 0.330152 121.138 86.4837 60.8086 0.954187 34.5057 0.312828 249.045 95.2334 0.00931561 45.2339 225.378 1.23533 0.0214086 9.56623 193.484 1.19222 12.9244 31.3948 
260.107 511.42 96.3659 88.9001 0 361.813 433.74 12.149 158.63 2.53999 59.1577 91.5539 102.584 9.68066 15.9109 74.9164 29.769 82.5884 276.523 40.1902 20.2117 55.8849 20.9354 13.1453 4.37368 31.8253 41.1691 56.2415 
192.712 328.931 63.8974 259.526 853.175 0 255.829 134.469 297.197 348.221 272.478 153.921 7.16724 11.5494 16.118 5.84034 212.741 90.1714 51.0763 18.2115 45.6289 2.92447 12.9638 7.9398 219.659 20.055 19.5808 21.1852 
5.68706 142.509 100.459 17.8281 345.289 503.169 0 36.6542 1257.14 256.632 39.6861 108.241 179.361 30.249 91.9248 102.675 102.673 98.095 151.176 0.165307 142.38 32.6137 12.5409 22.6609 80.4747 99.372 55.2863 71.0765 
10.097 5.95127 38.816 514.049 143.871 203.84 381.35 0 328.595 43.5135 367.28 942.112 107.814 1.11535 180.437 95.9484 77.1008 111.213 75.2846 15.261 94.3731 4.51579 88.3195 14.4594 0.0199288 230.777 12.8354 58.1596 
357.272 264.727 71.1572 427.306 284.883 300.014 5.60581 339.984 0 330.455 851.316 374.365 205.314 43.7196 296.62 143.461 305.681 183.694 38.6443 104.418 32.8042 67.4103 11.8314 94.3913 245.325 142.494 40.6878 0.718402 
54.3658 25.9873 63.3936 93.4651 1.07144 495.127 0.183537 175.114 188.92 0 579.723 56.6139 197.709 26.7526 57.8168 62.5092 79.3925 28.3546 0.41119 38.165 2.83407 60.2271 52.6536 7.66833 18.2853 0.0780964 19.0008 6.11541 
15.9081 179.753 31.5564 61.7157 40.1442 25.5469 485.558 363.745 130.322 603.281 0 334.133 80.4974 192.946 0.0240444 93.4823 1.89642 19.7136 89.9891 53.6419 59.8388 0.437261 102.84 60.8168 146.012 0.0959998 0.398874 31.3866 
206.184 91.6087 45.2151 36.6737 174.779 35.8424 14.4189 830.397 342.973 244.643 474.169 0 122.802 15.0997 273.736 34.5181 76.1173 4.93744 42.6332 33.2055 167.406 24.1528 100.299 34.4661 342.952 388.826 73.4288 141.39 
81.5898 32.2649 10.8778 47.4365 51.3015 1.13915 8.68983 117.864 55.067 133.312 224.314 154.346 0 40.7872 107.557 49.7497 60.5461 0.095843 64.821 19.3023 71.2875 0.415063 43.0843 7.67994 55.6412 21.3114 38.9728 44.7547 
17.3244 0.101731 2.07144 14.8481 70.1934 8.93384 6.68684 47.6972 83.48 10.683 167.127 2.21262 20.896 0 61.4419 7.14562 9.65493 35.3463 2.67378 3.32989 21.6953 10.9033 8.09601 0.716695 16.5999 13.0076 5.36407 0.16038 
32.9345 11.9231 26.7405 1.58006 19.8042 20.8266 140.932 7.43575 22.3538 66.5623 16.3241 106.666 103.25 28.7937 0 10.9547 30.0927 53.7099 18.6448 4.49356 23.1614 5.52173 24.6167 19.3658 1.86317 14.0221 16.8876 8.44548 
55.6594 42.9859 23.4249 27.3958 0.273437 15.4841 92.9096 121.597 18.7192 5.90685 228.718 360.337 81.5667 1.45513 89.6238 0 23.7404 29.4413 4.35785 5.10923 18.0989 11.9461 10.7705 5.92483 33.4976 25.0609 1.11336 20.8133 
224.372 290.497 2.44654 202.668 141.692 193.048 13.3389 34.3121 192.657 68.4486 28.1481 72.644 1.5243 21.453 5.68682 19.8163 0 191.552 125.865 6.9436 41.0367 14.4739 0.452015 2.33539 216.191 7.85746 16.2163 8.80655 
0.185358 58.4695 120.898 0.0662257 209.594 21.8362 0.759706 162.717 27.0787 143.745 113.178 25.4194 10.0742 20.9142 20.6919 8.42293 285.37 0 44.909 51.1601 7.43309 35.2717 22.9759 36.9144 18.5741 13.4409 19.4262 0.196414 
60.9089 126.017 0.0121295 0.842761 294.807 30.209 41.0289 11.079 0.387793 11.1119 104.886 72.7782 30.435 18.7893 30.7654 26.7325 231.923 36.3563 0 20.356 33.2736 0.440474 7.16369 21.8226 9.59536 0.836426 3.46213 26.7428 
63.791 38.5853 5.56243 29.4288 38.5131 22.0045 27.1963 117.114 0.202261 30.2133 73.8669 8.87698 17.7433 4.73705 2.34382 9.02818 33.6671 22.927 0.0719501 0 327.559 3.67293 1.47966 1.615 6.41401 4.66652 8.86759 3.28858 
242.909 12.0445 35.766 46.2578 90.0743 73.9983 10.7774 0.326736 73.8043 18.2423 44.6132 1.3856 63.0555 42.3233 4.23098 44.5113 0.365921 123.621 12.4104 167.098 0 30.9908 0.0229697 40.7425 15.7996 19.3526 42.6035 42.7957 
7.18203 32.5864 10.2227 1.21269 8.86849 19.0113 16.7583 0.939917 4.0467 31.4495 39.6784 57.6548 2.85802 5.03649 5.16202 0.00901814 3.84348 0.243379 0.0239705 0.000163594 16.2552 0 4.54503 7.97938 19.4281 2.99105 1.53701 2.27502 
40.7096 16.8132 12.3282 0.0175249 0.433917 16.4026 33.3225 69.7731 0.183701 60.2702 133.581 127.005 87.1495 9.38637 23.5694 1.9141 1.55538 9.22373 11.7622 4.08162 38.6092 8.51845 0 19.1854 3.22588 0.81473 9.50111 6.40541 
57.828 56.0055 1.92088 24.3105 1.47557 0.781864 68.6543 138.587 42.7005 7.69998 121.899 43.3582 50.3967 0.372839 0.842235 0.44773 14.4445 32.1564 0.261102 1.29921 0.123918 7.05991 4.38489 0 12.4481 7.87689 16.9589 9.24859 
226.147 270.019 25.8547 210.222 63.806 220.293 91.6992 143.069 299.032 44.0143 140.751 82.0735 29.476 0.330697 17.263 20.9621 214.313 37.1444 2.41247 3.9015 10.7518 43.9928 19.9271 53.9039 0 37.0556 84.156 79.1919 
3.11233 48.0301 19.1534 14.6394 60.2955 11.7924 3.35426 122.116 142.499 46.3295 142.774 8.4567 20.632 7.20622 17.1098 17.8329 26.3911 6.21461 13.0234 0.202012 24.5015 10.2102 1.94534 0.423879 26.0933 0 10.0297 1.34706 
44.0711 37.4683 0.0365879 26.1113 0.0189491 4.12879 41.5772 88.4465 14.3064 44.8905 66.91 120.155 24.5242 6.13716 13.456 11.8943 21.4363 0.00447674 10.3081 9.04957 26.5952 9.35906 11.2422 0.634122 53.1552 21.6068 0 0.0352097 
5.99832 0.666043 9.80722 33.0673 32.0526 1.87932 2.18368 67.7015 0.792441 8.40079 10.9932 153.069 0.977363 2.23288 19.5711 22.1659 9.75017 1.94213 25.9856 8.98978 1.32976 6.78178 2.53163 0.812129 13.8949 22.0197 71.74 0 
