0 598.891 208.004 442.831 269.161 346.894 10.8943 165.55 515.523 149.764 71.8305 215.603 0.363332 6.49027 58.3186 62.2553 339.279 0.000401971 51.8546 142.699 240.098 19.5395 23.0881 12.3759 391.284 1.99376 34.3962 45.8185 
865.332 0 462.935 543.412 483.788 541.371 198.097 287.335 620.185 239.412 37.2203 47.1133 84.3038 9.4851 33.5974 0.47337 474.502 604.569 82.8409 25.6351 30.4993 51.1574 22.738 40.7989 366.516 13.0983 6.38522 41.7256 
202.463 69.9837 0 296.7 22.8577 0.825072 248.854 47.9414 251.054 78.3237 0.954883 1.33146 66.6951 16.6948 23.4888 4.45122 55.4262 138.815 46.4576 12.2902 73.3259 2.456 12.3052 9.94806 12.8808 9.26749 12.8642 0.222141 
598.426 540.64 279.027 0 156.17 392.439 26.1776 119.179 367.515 0.466345 88.9707 41.8466 64.975 0.307723 36.9871 2.13501 379.856 75.9371 0.681969 40.7639 507.52 0.826431 0.228957 12.0011 325.111 3.70326 11.0958 32.4151 
269.239 523.875 131.325 64.2664 0 325.214 391.189 26.8371 225.285 6.33702 31.9014 108.63 123.384 13.9941 9.50666 74.6944 45.7406 52.7925 225.063 50.1265 12.954 54.7094 24.6034 16.3253 6.92805 26.5977 39.3194 56.8284 
326.998 511.651 56.4983 388.637 901.405 0 302.293 97.31 330.082 613.768 251.852 158.5 19.59 9.23596 21.776 3.63685 350.261 76.1891 38.0362 20.0598 51.7514 1.94694 13.9827 9.33614 352.951 22.2808 19.1267 21.9321 
0.141334 303.015 44.1699 44.7559 240.708 6.64549 0 2.96575 516.036 418.385 132.519 151.028 201.108 40.819 70.9326 103.744 97.2797 130.785 156.593 0.372141 138.401 28.3282 8.23622 28.2713 85.4928 98.9482 57.1534 72.6679 
37.1663 0.0561431 92.4324 428.285 168.05 214.24 409.237 0 132.101 69.4104 373.722 989.667 118.93 0.0816365 166.788 156.506 71.2063 93.8568 66.2914 24.5202 70.7426 2.71404 80.8846 27.0166 4.49052 210.118 7.79711 73.659 
525.7 475.027 241.559 476.915 224.892 330.797 621.536 141.318 0 376.868 934.263 322.283 200.955 64.2176 248.976 150.656 436.267 200.422 25.4929 100.608 19.342 68.776 6.25759 97.9436 364.529 139.358 35.442 5.04469e-05 
71.782 6.86042 46.756 83.7411 25.8915 368.573 52.453 148.356 103.217 0 431.16 29.3538 274.81 37.2904 35.2427 50.8127 81.9898 40.7031 3.67352 42.2509 0.944518 58.6046 56.0875 11.6244 24.2751 0.391586 16.2593 3.7464 
6.29951 142.572 6.6986 92.9216 69.4643 70.5308 440.509 330.555 425.213 509.884 0 443.515 117.957 161.401 50.82 140.508 4.00992 30.6946 79.2531 60.0314 47.8795 0.00165825 115.821 45.6693 143.295 4.7256 0.000919556 41.0334 
185.996 118.062 72.6428 79.7448 167.579 20.3495 38.8741 348.087 386.812 232.844 378.963 0 134.727 33.2853 260.057 213.438 72.348 10.1976 35.9518 41.3993 163.595 29.1119 86.8519 13.3355 294.496 303.128 84.886 159.722 
88.748 20.817 6.46827 41.5278 33.0114 32.2437 25.6962 106.625 78.6067 218.976 244.292 158.316 0 76.8354 94.0046 59.4503 58.4246 1.10537 70.4016 16.6902 68.6318 0.301966 30.4855 3.73665 54.7694 25.3867 38.5265 44.2382 
20.9725 0.149047 3.30583 12.8295 70.1219 11.2429 2.23125 62.6381 102.101 18.8987 127.766 12.1192 2.76977 0 53.557 11.7959 8.58665 38.4561 1.76374 3.07579 19.0499 10.8096 5.10556 1.9635 16.4459 12.7412 6.06107 0.438961 
27.0504 19.0831 22.8582 0.333686 12.7047 26.4607 142.164 0.320407 50.1795 89.9345 113.074 49.1001 113.815 4.69011 0 51.3499 29.92 49.3762 15.9564 5.23369 27.0504 4.15624 22.1386 23.6248 0.496667 18.3666 15.8235 6.45391 
47.9931 50.8916 21.7826 32.8549 1.53558 18.3222 99.0742 181.295 7.26444 1.42414 219.254 490.537 76.87 4.78739 67.5193 0 22.8895 25.2449 5.75435 4.40336 22.6841 11.813 11.9142 0.983118 32.4146 29.75 1.94839 19.1523 
348.444 439.423 5.07407 339.011 149.834 326.797 20.1311 40.8519 325.681 62.9678 22.6687 68.4999 0.563961 21.7682 4.45339 18.6044 0 245.921 138.491 5.1845 44.8765 13.6526 0.236236 2.95197 349.518 9.1442 15.4537 7.82167 
7.37492 54.077 141.978 1.86906 226.427 11.7295 8.97144 171.988 12.6201 146.333 98.0628 35.2017 14.9964 24.2317 25.397 11.5265 281.584 0 29.6278 42.7299 12.6691 33.7684 20.5893 34.5727 22.0018 10.2544 17.4515 0.004616 
49.3885 104.075 0.516674 0.035811 298.561 43.0062 25.2185 6.28401 0.471506 20.557 95.475 78.6769 37.1392 17.1941 32.8161 27.8968 173.425 52.5213 0 17.7043 37.756 0.174912 8.2932 22.4622 8.10913 0.362106 4.17973 26.8464 
122.276 59.6167 3.04969 36.2683 48.4252 23.1537 18.7426 114.581 2.06369 34.681 78.2355 4.63256 15.1702 4.7835 2.9716 9.33725 33.9982 15.9202 0.0292402 0 247.895 3.41093 1.28307 1.30536 7.3003 3.86271 8.44732 2.73236 
231.46 24.0848 20.8465 127.687 99.9475 76.0232 4.92808 5.0249 93.2421 13.0442 33.6677 5.70172 66.3526 43.4392 2.4227 39.9031 0.0156618 123.207 15.9592 45.7666 0 30.349 0.23633 42.7064 12.3312 23.7848 43.3262 40.4999 
8.74187 29.7524 10.7296 1.69223 11.5615 18.1272 20.6763 0.231052 6.30714 36.5933 45.1721 61.9612 0.254826 6.20163 6.60524 0.0331898 4.53409 0.0382394 0.0084753 0.0136975 14.9599 0 6.83297 9.511 19.1169 2.45793 1.13996 1.8833 
42.5667 20.3999 11.978 0.0402503 0.0260293 16.1596 27.2428 78.5846 1.97718 58.8743 130.734 124.582 80.2514 7.33 20.2766 0.690171 2.03376 7.37417 12.9566 4.10921 37.7081 6.15284 0 12.4937 1.31041 1.38354 8.54678 5.74202 
57.5867 53.1989 1.15574 25.5137 0.542258 1.44873 70.6114 135.217 33.6964 4.46254 113.24 19.5181 43.5182 0.000455792 0.00123374 4.57273 13.567 34.6219 0.0699064 1.60837 0.597984 8.62789 0.128072 0 22.1317 9.80266 17.9869 8.11368 
352.417 403.501 24.1242 338.095 65.6507 351.723 90.1954 167.854 440.734 50.2299 145.359 13.7984 25.4659 0.967596 13.5063 12.1996 347.795 33.5879 1.6053 3.13006 14.0661 69.5406 15.0866 25.0005 0 119.196 12.6412 137.351 
0.88199 40.646 16.2908 9.58263 63.7698 9.25705 8.15238 168.277 139.389 53.8361 123.65 16.2491 24.6899 5.79433 21.3266 23.9881 26.8355 3.99443 14.7637 0.0434 29.1214 10.4552 2.72094 0.0326329 19.8372 0 15.0131 0.838795 
41.9649 40.1547 0.00614035 26.8303 0.0421051 5.08245 44.8701 93.3237 10.5061 43.4055 61.5606 117.215 26.367 6.82671 12.1187 13.3447 21.0632 0.134182 9.33928 9.42632 28.6754 8.76608 10.4372 0.154497 52.072 16.2988 0 9.30986 
8.72679 0.081121 8.13546 32.8617 28.7347 2.83879 0.703599 83.1058 2.97308 5.62558 5.62877 132.629 0.361661 1.56466 17.8662 21.0701 8.74197 3.09718 26.3749 9.493 0.552891 7.24658 3.13864 0.362739 12.9828 38.4229 45.0662 0 
