0 796.483 200.423 497.674 266.638 456.279 20.3443 189.199 602.012 146.11 81.1569 221.006 0.053105 7.64853 60.3473 65.1864 445.109 1.02811 46.7189 171.636 234.376 20.4224 24.4026 10.8422 492.188 1.08129 33.1698 44.1536 
1002.42 0 413.202 681.108 517.821 628.224 129.54 292.125 685.682 234.316 49.8553 57.219 77.5703 11.3774 37.8608 1.15687 574.931 843.822 93.3531 18.4152 37.6494 51.396 24.4348 38.9173 466.473 15.6115 7.26759 43.5537 
191.514 155.563 0 270.213 34.4317 0.0364495 242.435 71.6505 167.416 85.1065 5.68691 0.0320749 64.8073 16.7117 25.2671 5.49654 55.6373 129.564 43.8647 10.7386 65.2305 2.70175 12.1601 10.5029 11.6713 8.01682 12.3547 0.400762 
739.766 678.729 367.486 0 150.793 494.931 15.8016 534.582 498.942 1.55395 74.7263 26.0287 66.6002 0.13188 37.8408 3.45508 481.666 67.0983 1.32734 38.2146 38.5873 0.667854 0.39337 13.1168 427.875 5.24203 10.2868 32.7231 
268.312 495.462 145.592 53.5731 0 255.786 355.91 35.0552 253.626 18.818 22.0023 116.128 132.16 16.1294 7.10346 74.2579 53.5841 40.9202 195.709 54.5869 10.158 54.049 26.2785 17.8234 8.24607 24.3029 38.4398 56.9671 
432.313 632.978 51.9362 488.979 1010.68 0 1075.42 80.7186 430.221 517.669 234.877 158.861 484.344 8.21403 24.3265 2.78968 455.383 69.5789 32.2994 20.8057 54.3997 1.5652 14.3937 9.96389 455.999 23.1902 18.8846 22.2036 
2.62269 374.005 24.7437 59.7316 189.867 207.505 0 0.0711008 167.843 470.073 185.648 170.257 208.352 45.7366 61.3812 103.33 94.4302 145.303 157.489 1.13636 135.884 26.414 6.55698 30.8715 87.311 98.0385 57.8679 73.1209 
54.1072 2.08328 120.522 442.113 177.97 214.744 409.332 0 65.391 82.175 368.766 857.557 123.494 0.790971 158.07 182.645 68.4199 85.9696 62.1655 29.2114 60.6206 2.04631 77.1555 33.6289 9.74265 195.502 5.90538 80.5811 
642.911 617.114 324.102 542.256 195.159 429.769 1009.85 72.3403 0 385.5 1311.1 292.435 197.043 73.6388 312.22 152.071 537.797 206.387 20.2922 98.3154 14.3116 69.2218 4.28959 99.0127 461.698 136.554 33.101 0.138085 
79.7839 2.18058 39.4743 78.7448 46.7841 270.274 109.544 135.35 69.8505 0 337.114 19.6155 300.978 42.1795 26.229 45.3886 82.8382 46.7115 6.16658 43.9776 0.422186 57.6072 57.343 13.6081 27.109 1.06396 15.0584 2.85637 
3.36264 125.424 1.39897 107.45 84.3391 95.6047 402.069 309.284 630.85 428.87 0 479.375 135.297 143.968 100.578 160.689 5.20431 36.2515 74.2548 62.7828 42.7215 0.0570123 120.68 39.1531 140.671 9.00009 0.107773 45.5544 
175.296 129.938 85.8524 102.24 163.393 14.5999 53.1217 154.543 397.829 224.361 324.901 0 139.467 43.2036 244.64 312.648 70.517 13.1336 33.0244 45.1707 160.951 31.4046 80.3098 6.82987 350.514 245.24 89.7493 165.981 
91.7 16.3517 4.82206 38.814 25.797 55.5656 35.8781 101.214 89.7595 254.178 249.86 159.18 0 93.6727 86.6813 63.5188 57.343 1.91437 72.6895 15.5365 67.3109 1.17725 25.1506 2.39771 54.1958 27.2421 38.2661 43.9094 
22.6577 0.49385 3.93182 11.9047 69.78 12.2844 0.990323 69.4225 109.86 23.1364 108.536 18.9502 0.0989088 0 42.8151 13.7911 8.11308 39.7986 1.41175 2.95846 17.8731 10.6868 3.62983 2.67815 16.265 12.5247 6.37336 0.6073 
24.4724 22.7171 20.9692 0.0724723 9.94554 28.8866 140.651 0.171595 66.0664 99.6685 174.679 28.8713 116.834 0.274673 0 70.0361 29.7838 47.3188 14.7649 5.57091 28.8168 3.58518 20.5103 25.1666 0.16302 20.2669 15.3055 5.61107 
44.4252 54.3673 20.871 35.0487 2.43038 19.5373 101.05 205.232 3.77351 0.395258 208.993 490.506 74.076 6.71383 48.3908 0 22.4707 23.3861 6.43126 4.08786 24.8239 11.7039 12.2339 0.0958551 31.4528 31.2305 2.3909 18.2725 
447.766 548.971 6.53326 443.7 152.13 430.47 23.5394 43.856 429.169 60.3237 20.3359 66.5177 0.283356 21.8765 3.93902 18.0382 0 264.21 224.443 4.46178 46.5608 13.276 0.161524 3.24908 452.676 9.73932 15.1026 7.3884 
13.8927 72.2924 149.442 4.37572 231.273 8.09918 15.4783 175.19 7.79655 146.557 91.0955 39.9665 17.4765 25.7409 27.5821 13.0451 270.584 0 23.5322 38.9306 15.4247 33.0565 19.5208 33.476 23.5851 8.93327 16.5749 0.0102114 
44.2924 93.6743 1.18755 0.0194868 289.399 48.8905 19.121 4.54375 1.62375 25.5571 90.9135 81.1655 40.214 16.4579 33.6544 28.3595 145.656 60.2644 0 16.5116 39.7701 0.0944904 8.81367 22.7154 7.46653 0.211863 4.52012 26.8547 
149.136 69.57 2.135 39.0107 52.8991 23.5484 15.3247 112.617 3.52246 36.6438 79.9303 3.14867 14.0417 4.7946 3.2702 9.44546 34.046 13.0915 0.13579 0 190.502 3.29244 1.19708 1.17399 7.69793 3.51385 8.24965 2.49361 
222.396 30.6354 15.1891 129.241 104.098 76.606 3.01038 8.90741 102.044 10.9468 29.097 8.56373 67.7246 43.8469 1.76589 37.7562 0.0082787 122.531 17.6607 12.6786 0 30.0315 0.404887 43.5008 10.8747 25.841 43.5868 39.3999 
9.47989 28.4591 10.9414 1.93105 12.86 17.6719 22.5093 0.0676227 7.47075 38.8599 47.6138 63.761 0.00105839 6.71794 7.27884 0.0940149 4.85844 0.00376655 0.0412599 0.0268614 14.3795 0 7.90112 10.1646 18.9436 2.23004 0.978778 1.71647 
43.3083 22.0654 11.7747 0.122649 0.00394531 15.9823 24.5815 82.2315 3.39377 57.914 128.095 122.32 76.2094 5.95748 18.3698 0.329175 2.26742 6.59627 13.4899 4.11479 37.2375 5.12118 0 8.77844 0.726764 1.68066 8.10275 5.43889 
57.2749 51.788 0.869766 25.9191 0.270419 1.80929 71.192 132.269 29.8101 3.27073 108.406 11.5304 40.2855 0.0601502 0.216576 7.56754 13.1639 35.6917 0.0234633 1.75463 0.925501 9.31249 0.210333 0 26.5958 10.65 18.3577 7.59379 
452.511 506.435 23.222 438.952 66.2866 453.941 89.0115 176.693 546.932 52.8804 146.018 304.508 23.6732 1.35592 11.844 32.3988 451.027 31.9665 1.29276 2.80247 15.6588 29.0535 12.9757 13.5567 0 99.4749 145.073 97.9931 
0.318954 37.3207 14.9554 7.56007 65.1286 8.16452 10.9311 186.709 136.596 57.0143 113.828 49.6183 26.5425 5.16604 23.0917 26.4333 26.9913 3.14438 15.5506 0.00988244 31.2236 10.5442 3.09746 0.00103713 17.0516 0 17.3818 3.3797 
40.9484 41.316 0.0398669 27.0785 0.129144 5.53316 46.2855 95.1371 8.95857 42.6453 59.0242 115.143 27.1762 7.13183 11.5013 13.9656 20.8772 0.250841 8.90904 9.58495 29.5926 8.49099 10.0466 0.0442186 50.7898 13.9542 0 18.1842 
10.0928 0.00204268 7.40361 32.6115 27.2379 3.3256 0.301986 89.822 4.39298 4.53873 3.76701 122.023 0.181798 1.29695 17.0279 20.4149 8.29607 3.69865 26.5133 9.70502 0.311758 7.45033 3.4237 0.21752 12.4208 45.4875 32.6246 0 
