0 758.954 197.338 420.781 265.293 393.92 23.6605 196.07 532.591 144.89 83.9543 222.338 0.0144036 8.00697 60.9225 66.0174 381.62 1.74139 45.2133 175.561 232.207 20.684 24.7918 10.4027 427.164 0.863344 32.8026 43.6499 
942.34 0 391.661 625.86 524.067 558.359 111.036 292.995 609.736 232.323 53.8738 60.3376 75.568 11.9649 39.1425 1.41628 509.637 112.154 96.4548 16.4701 39.8742 51.4542 24.9408 38.3534 401.198 16.3889 7.53834 44.088 
187.501 184.583 0 251.888 38.2168 0.000490842 239.344 79.2817 143.857 87.0289 7.83184 0.0121234 64.2089 16.7035 25.7738 5.82153 55.6605 126.608 43.0727 10.2856 62.8205 2.77621 12.1115 10.6646 11.3161 7.65629 12.2021 0.463539 
684.276 623.628 346.633 0 148.951 430.283 13.1853 94.9734 444.033 1.99639 70.5991 21.9793 67.0498 0.0938036 38.0604 3.90173 416.912 64.4897 1.55851 37.4055 583.943 0.62398 0.450411 13.448 363.473 5.74246 10.0494 32.7959 
267.434 483.324 149.548 50.4971 0 227.463 343.912 37.6622 261.639 23.7122 19.3886 118.315 134.666 16.7826 6.45308 74.0888 55.9658 37.6304 186.558 55.8985 9.3894 53.8382 26.7764 18.2742 8.65555 23.6322 38.174 56.9932 
368.82 573.354 50.4674 423.714 296.217 0 731.834 75.9103 370.456 1010.22 229.063 158.762 273.295 7.91575 25.0741 2.55776 391.64 67.5995 30.6374 21.0152 55.1684 1.45937 14.5094 10.1492 391.624 23.4472 18.8085 22.2761 
3.9462 393.59 19.9425 64.4183 174.971 308.657 0 0.733188 95.5551 481.581 202.127 175.872 210.163 47.2013 58.578 103.101 93.5391 149.529 157.567 1.44166 135.055 25.8501 6.09238 31.6479 87.7942 97.6845 58.0641 73.2232 
59.6103 3.23895 129.05 447.496 180.769 214.386 407.842 0 49.5896 86.0496 366.377 804.027 124.787 1.14023 155.217 189.989 67.5805 83.6368 60.9384 30.655 57.7074 1.866 76.011 35.6836 11.6646 190.637 5.39199 82.609 
582.478 564.502 346.876 467.159 186.215 369.661 1104.67 55.7486 0 386.476 786.069 283.019 195.661 76.4152 316.108 152.267 472.939 207.952 18.848 97.5708 12.9543 69.3334 3.77449 99.2645 395.649 135.564 32.4114 0.233976 
82.1562 1.2912 37.3696 77.203 53.9632 240.602 129.419 131.422 60.926 0 308.083 17.0732 307.354 43.6311 23.7487 43.7796 83.0504 48.5355 7.02208 44.4738 0.307087 57.2811 57.6783 14.2175 27.9609 1.32551 14.7073 2.61459 
2.66492 120.357 0.583547 111.747 88.8962 103.395 388.923 302.339 676.781 401.897 0 487.953 140.419 138.54 117.566 166.391 5.58639 37.9634 72.7612 63.5802 41.2268 0.103394 121.987 37.276 139.733 10.5139 0.173506 46.9088 
171.964 133.422 89.8112 109.114 162.047 13.0608 57.6748 109.295 399.961 221.5 308.123 0 140.789 46.306 239.098 340.731 69.9595 14.068 32.1689 46.2928 160.06 32.0894 78.3298 5.30121 364.664 226.964 91.1465 167.571 
92.5393 15.1194 4.37733 38.0065 23.8011 60.3274 39.158 99.5755 93.1003 263.754 251.074 159.324 0 98.5573 84.3978 64.6777 57.008 2.19564 73.3381 15.198 66.9054 1.54524 23.6297 2.05579 54.0047 27.7925 38.1819 43.8006 
23.1606 0.634307 4.1246 11.6301 69.6421 12.5911 0.717209 71.422 112.059 24.4439 102.796 21.229 0.00754061 0 39.132 14.3486 7.97383 40.1885 1.31457 2.92341 17.5267 10.6411 3.2083 2.90403 16.1983 12.4494 6.4655 0.662125 
23.7201 23.8364 20.3983 0.0315592 9.18516 29.584 139.961 0.496411 71.0764 102.401 193.788 23.7807 117.506 0.000886681 0 74.7513 29.7366 46.6984 14.415 5.67114 29.3405 3.42198 19.9772 25.5689 0.098787 20.8165 15.1477 5.36901 
43.3604 55.3818 20.5825 35.6594 2.73354 19.8873 101.535 211.724 2.95139 0.212431 205.304 482.827 73.174 7.31595 42.4038 0 22.3425 22.8405 6.6372 3.99495 25.4647 11.6658 12.3035 0.0112529 31.1156 31.5824 2.52944 17.998 
382.343 486.441 6.99639 379.842 152.64 366.33 24.5868 44.7509 364.991 59.522 19.6623 65.9176 0.218501 21.9045 3.79179 17.8683 0 268.702 188.111 4.25644 47.0536 13.1637 0.142083 3.33933 388.345 9.91729 14.9976 7.26135 
16.1921 71.9627 151.372 5.31402 232.364 7.14322 17.721 176.017 6.58129 146.511 89.0216 41.4158 18.2406 26.1889 28.2357 13.5083 266.294 0 21.8356 37.8106 16.2858 32.8417 19.2054 33.1466 24.0578 8.55633 16.317 0.0228355 
42.8017 90.5641 1.43813 0.0561664 285.451 50.6265 17.4533 4.07993 2.09643 27.1163 89.5289 81.881 41.1285 16.2382 33.8918 28.4889 138.089 62.5948 0 16.1594 40.3651 0.0753673 8.96903 22.7862 7.27958 0.174981 4.62296 26.8526 
156.791 72.5335 1.89257 39.771 54.2172 23.65 14.3652 111.94 4.02664 37.2174 80.3983 2.76201 13.7115 4.79671 3.36043 9.47372 34.048 12.297 0.182288 0 172.509 3.2573 1.17193 1.13609 7.8153 3.41235 8.19013 2.42436 
219.283 32.6969 13.6611 125.125 105.288 76.7387 2.53063 10.2602 104.641 10.3563 27.7913 9.5171 68.117 43.9562 1.59055 37.1135 0.0240303 122.273 18.1762 6.67352 0 29.9341 0.463398 43.725 10.4569 26.4555 43.6562 39.0666 
9.70265 28.0746 11.0021 2.00447 13.2541 17.5305 23.0593 0.0378816 7.83214 39.5226 48.3313 64.2763 0.036777 6.8689 7.48037 0.117938 4.95605 0.000466719 0.0557038 0.0316017 14.2081 0 8.21748 10.3526 18.8892 2.16408 0.933183 1.66824 
43.5162 22.5638 11.7092 0.155608 0.016702 15.9218 23.8054 83.2677 3.88406 57.5914 127.158 121.516 74.9136 5.5244 17.767 0.246921 2.33875 6.37263 13.6472 4.11562 37.0905 4.82408 0 7.69692 0.58959 1.77318 7.9699 5.34877 
57.1586 51.3537 0.792389 26.0222 0.207771 1.92298 71.3275 131.233 28.6845 2.95104 106.874 9.53876 39.3177 0.104967 0.350947 8.55183 13.0436 36.0034 0.0144509 1.79872 1.03595 9.51124 0.48848 0 27.8889 10.8967 18.456 7.43924 
387.29 442.003 22.9415 373.963 66.4513 389.323 88.602 178.989 483.408 53.6441 146.042 179.012 23.1452 1.48239 11.3593 38.773 386.719 31.4845 1.20635 2.70799 16.1415 18.7592 12.3679 10.9358 0 81.7488 154.694 65.2484 
0.20576 36.34 14.5569 6.99722 65.5054 7.84837 11.8229 191.746 135.609 57.9257 110.809 62.5151 27.0927 4.9821 23.5924 27.1012 27.0321 2.91097 15.7837 0.00450546 31.8472 10.568 3.21176 0.0090784 16.2406 0 18.0902 4.44114 
40.6395 41.6538 0.0555029 27.1428 0.164039 5.66897 46.6961 95.6265 8.52065 42.4097 58.2595 114.443 27.4132 7.2214 11.3171 14.145 20.82 0.292308 8.78241 9.63059 29.8617 8.40862 9.92785 0.0243505 50.3102 13.2734 0 21.2475 
10.5128 0.000667393 7.19003 32.5189 26.7948 3.47599 0.215004 91.7699 4.86416 4.23714 3.2843 118.755 0.14023 1.22188 16.7723 20.2029 8.16506 3.88629 26.5498 9.76601 0.253417 7.51 3.50935 0.181473 12.2375 47.4527 29.094 0 
