0 594.677 189.089 175.781 261.288 177.998 31.9328 211.181 300.397 141.923 90.2866 224.872 0.0164905 8.838 62.1709 67.8201 163.046 4.0215 41.8604 178.389 226.565 21.2722 25.6659 9.44008 205.016 0.461985 31.9706 42.5006 
721.25 0 334.535 423.379 531.317 324.344 73.4936 294.021 362.609 227.062 63.3282 67.54 71.0606 13.3293 42.0495 2.09376 286.671 365.111 103.379 12.446 45.0429 51.5644 26.083 37.0751 178.537 18.1893 8.16256 45.2766 
177.312 252.245 0 198.155 47.2483 0.251371 230.508 97.2394 95.042 91.1836 13.8501 0.578268 62.7998 16.6627 26.8754 6.57577 55.6467 119.65 41.2559 9.28185 57.4078 2.94635 11.9929 11.0233 10.5241 6.86437 11.8564 0.621068 
478.845 421.528 290.949 0 144.41 208.825 8.11795 823.237 246.078 3.18928 61.5282 14.0285 68.0062 0.0317286 38.4971 4.99436 195.373 58.6662 2.14451 35.5057 633.564 0.530502 0.592453 14.1926 142.84 6.93798 9.51965 32.9284 
264.463 450.476 157.906 43.7698 0 159.557 314.8 43.794 278.853 36.59 14.0719 123.165 140.129 18.2842 5.09669 73.6427 61.4019 30.6467 165.494 58.8234 7.76265 53.3386 27.8981 19.2989 9.60746 22.1408 37.5674 57.0267 
150.48 362.119 46.9977 200.91 426.722 0 1332.61 65.357 168.962 983.372 214.832 158.198 447.183 7.25365 26.7344 2.06929 172.423 63.1282 26.9808 21.4664 56.8681 1.23397 14.7588 10.564 170.96 24.0031 18.6302 22.4257 
7.88619 434.107 10.913 75.2866 142.316 560.464 0 4.75064 5.54102 500.295 239.807 188.288 213.654 50.4993 52.3502 102.41 91.4602 158.865 157.427 2.25856 133.056 24.5886 5.10452 33.4014 88.786 96.7497 58.4792 73.3998 
72.7036 6.75164 148.317 439.582 186.808 212.736 401.987 0 21.6041 94.8794 359.504 666.763 127.593 2.15576 148.388 205.602 65.6713 78.4074 58.1738 33.982 51.3212 1.4899 73.3762 40.4471 16.571 178.915 4.31811 87.1184 
370.201 370.304 393.22 223.527 166.042 167.435 1257.33 25.8317 0 385.993 1228.28 261.078 192.19 82.6025 288.162 152.33 251.131 211.123 15.7684 95.7897 10.1315 69.5499 2.73211 99.7209 171.34 133.079 30.8689 0.541227 
87.4763 0.135934 32.7495 73.6458 71.5699 176.482 177.753 122.503 42.7308 0 242.98 11.9587 319.134 46.8865 18.5348 40.1711 83.4614 52.7004 9.13564 45.5627 0.11488 56.4974 58.3697 15.6213 29.8942 2.01665 13.9258 2.10807 
1.38862 109.04 0.0324073 121.338 99.3488 121.31 356.903 285.775 746.869 338.215 0 503.513 151.852 126.015 158.349 178.613 6.49196 41.9161 69.3846 65.3418 37.9249 0.257745 124.696 33.1557 137.361 14.3149 0.378153 49.9728 
164.227 141.178 98.7338 124.772 158.847 9.88658 68.411 34.257 402.817 214.514 269.701 0 143.618 53.5177 225.175 398.487 68.6814 16.275 30.2666 48.821 157.882 33.637 73.8215 2.55506 372.018 185.222 94.2085 170.683 
94.365 12.5046 3.45092 36.1876 19.5625 65.6053 46.9366 95.8397 100.65 283.484 253.06 159.46 0 109.211 79.1029 67.198 56.2311 2.89735 74.7457 14.4429 65.9697 2.55162 20.3247 1.38023 53.5401 29.0304 37.981 43.5372 
24.2969 1.01363 4.5693 11.0123 69.2712 13.2762 0.262686 75.8884 116.814 27.4601 89.9515 26.7508 0.977982 0 30.4659 15.5277 7.66246 41.052 1.10801 2.84412 16.7521 10.5227 2.31439 3.43166 16.0271 12.2619 6.67198 0.7936 
22.0501 26.419 19.1 0.000808788 7.57435 31.1097 138.009 1.83992 82.7521 108.245 236.856 14.0018 118.633 1.16603 0 83.2973 29.6188 45.286 13.6343 5.8967 30.5187 3.06548 18.7053 26.3752 0.0127212 22.0241 14.7862 4.8384 
40.9575 57.6335 19.9048 36.9607 3.47783 20.6559 102.454 225.113 1.46559 0.00686471 196.007 453.498 71.0279 8.70284 29.2499 0 22.0474 21.623 7.10892 3.78711 26.9157 11.5707 12.417 0.123787 30.2744 32.2209 2.85307 17.359 
159.418 269.775 8.08723 160.387 153.498 146.275 27.0014 46.7703 144.88 57.6905 18.178 64.5473 0.103284 21.9607 3.46929 17.4826 0 277.131 370.947 3.80978 48.1509 12.91 0.10287 3.5461 167.798 10.3202 14.7603 6.97785 
21.954 61.4962 155.213 7.74208 234.226 5.20063 23.2686 177.67 4.21408 146.217 84.3498 44.7348 20.0069 27.1973 29.7147 14.5714 255.039 0 18.2142 35.3063 18.2951 32.3519 18.4983 32.3984 25.1274 7.73342 15.7399 0.0695578 
39.4898 83.5509 2.08696 0.20797 274.631 54.4995 13.9491 3.12491 3.37621 30.7422 86.3658 83.4521 43.188 15.7413 34.4072 28.7672 122.632 67.881 0 15.3702 41.6996 0.0402146 9.32047 22.9383 6.86495 0.104826 4.85755 26.8402 
173.179 79.1836 1.39722 41.3842 57.1626 23.8526 12.301 110.264 5.27852 38.4924 81.3921 1.98241 12.9766 4.7995 3.56596 9.5309 34.0323 10.5865 0.311711 0 132.076 3.17821 1.11595 1.05264 8.07836 3.18729 8.05474 2.27124 
211.611 37.5212 10.4881 113.387 107.894 76.9699 1.60117 13.6322 110.45 9.08098 24.9393 11.8338 68.9755 44.1824 1.22873 35.6593 0.0894336 121.597 19.3537 0.130059 0 29.7095 0.609305 44.2102 9.54073 27.8449 43.7991 38.3052 
10.21 27.2075 11.1351 2.17392 14.156 17.2023 24.3064 0.0022484 8.67231 40.9966 49.9344 65.4041 0.302311 7.20411 7.93626 0.181541 5.17812 0.00460538 0.0960905 0.0436659 13.8231 0 8.92474 10.7644 18.7625 2.01842 0.834281 1.56178 
43.964 23.6917 11.5533 0.243927 0.0776409 15.7728 22.0831 85.5194 5.10251 56.8031 124.799 119.487 71.8492 4.53446 16.3608 0.104471 2.50272 5.88137 13.9996 4.11612 36.7474 4.17401 0 5.39414 0.342376 1.98848 7.66929 5.1457 
56.8572 50.3502 0.630812 26.2255 0.0968778 2.18975 71.5706 128.638 26.2007 2.28921 103.272 5.72026 37.1295 0.250413 0.768857 10.8835 12.7717 36.6953 0.00211686 1.89913 1.30664 9.95021 1.51623 0 30.7089 11.4425 18.6573 7.09131 
164.772 221.17 22.2895 151.977 66.7817 168.114 87.5841 183.582 264.512 55.3229 145.808 667.305 21.9638 1.78542 10.2855 50.4182 166.225 30.3989 1.02248 2.49996 17.2443 7.86333 11.0381 6.69256 0 42.5604 80.3911 25.9336 
0.0413249 34.145 13.6585 5.79722 66.3086 7.15127 13.9386 202.242 133.13 59.9201 103.873 95.6931 28.3311 4.57314 24.6757 28.4942 27.1149 2.41724 16.3078 3.09332e-05 33.2493 10.6172 3.47303 0.0562182 14.4498 0 19.6872 7.30578 
39.9324 42.4026 0.100072 27.272 0.257728 5.97822 47.6041 96.6458 7.5711 41.8623 56.5193 112.729 27.9415 7.42135 10.9008 14.5403 20.6879 0.397142 8.49888 9.73095 30.4625 8.22197 9.65611 0.00115118 49.063 11.7722 0 28.7086 
11.4824 0.0344498 6.71558 32.2799 25.7998 3.82423 0.0731078 96.0674 6.00737 3.5938 2.31636 111.231 0.0663505 1.06025 16.1864 19.6972 7.87211 4.32406 26.6246 9.90005 0.144136 7.64293 3.70385 0.112194 11.7997 51.5842 21.5987 0 
