0 520.362 185.418 226.747 252.086 136.895 99.2084 60.7414 272.828 6.56694 10.7862 149.276 1.59403 29.5455 0.596073 33.681 86.0322 192.62 56.808 248.592 26.846 39.2869 46.6782 29.7463 56.8383 19.5994 48.7424 58.0869 
587.628 0 49.2212 269.289 334.997 39.4756 32.7413 284.98 114.192 1.58648 172.153 28.3381 3.53128 30.4652 96.6048 11.3578 173.034 434.859 6.01859 1.71411 176.463 19.5126 7.37471 47.6292 79.7243 73.9062 0.142544 35.6423 
172.95 333.505 0 98.3817 169.547 5.44489 158.949 275.111 470.24 42.2542 208.461 3.24287 72.8328 5.49028 33.7717 12.7777 23.2668 6.32524 51.5205 5.63615 7.00339 0.520939 10.954 0.021942 28.2263 27.2195 0.341928 7.38672 
115.049 266.825 4.92589 0 8.908 49.7311 176.515 67.9887 333.422 45.0718 117.955 258.959 4.56433 9.22386 4.32594 42.9177 34.4345 145.843 0.23617 0.11488 494.355 0.635915 12.3918 5.33162 60.6913 37.6148 18.1392 1.56175 
256.852 504.478 62.9989 102.358 0 385.73 90.9547 18.8413 25.5692 51.3631 189.382 0.164797 15.8479 7.6349 67.7047 25.5676 0.664501 56.4809 218.786 60.2699 127.176 8.40912 17.568 36.8222 8.53622 4.55023 2.24386 1.30645 
103.305 77.984 32.1849 34.9126 444.271 0 864.04 214.316 362.154 1002.92 160.995 109.437 333.454 11.4722 3.93252 14.6057 57.5411 119.353 35.6787 14.4033 1.78435 12.0039 7.56504 14.5134 22.8264 9.52825 12.9396 6.27769 
55.8475 480.064 205.816 23.1169 1.94085 728.097 0 352.28 53.7709 33.49 483.916 145.086 15.4363 87.2213 126.964 50.2194 2.02015 194.216 5.29678 5.99553 115.069 58.4427 67.4657 0.00430549 65.9013 99.4555 12.9719 36.6743 
0.0192676 33.1851 272.923 481.3 156.275 96.5904 48.4124 0 508.724 0.564441 79.7807 7.5629 127.251 6.65347 177.245 236.287 98.4414 165.364 69.0207 14.4357 4.02416 59.8842 60.5457 124.433 148.934 6.56058 92.7084 132.519 
40.8843 303.605 6.76691 160.66 261.168 365.198 1165.79 518.238 0 38.7494 737.415 20.0287 85.4082 15.7585 12.2125 0.510257 97.9242 217.24 22.7351 63.3128 6.75893 36.8274 100.495 92.537 132.927 9.29521 38.2361 91.5302 
140.59 233.07 82.5404 98.2672 21.9116 137.07 138.696 222.677 224.477 0 289.187 168.713 329.188 75.3401 73.4775 51.2128 82.578 130.64 68.94 25.7199 99.3149 7.36282 35.1937 43.8777 30.2182 15.6016 27.5849 34.3025 
150.026 18.9875 236.01 64.7052 230.861 179.279 46.6221 11.0205 286.449 195.808 0 508.698 160.789 158.11 260.454 223.503 15.9381 69.7087 4.28615 77.049 146.879 55.6717 72.4523 76.1771 48.392 0.217153 80.8382 13.8351 
14.4785 92.9169 64.0606 62.7718 123.156 11.6607 253.298 392.982 244.487 212.465 252.495 0 26.6882 44.359 257.092 75.7624 10.8009 4.9963 87.7115 86.4585 149.907 1.38178 126.492 93.4031 84.2441 73.6184 72.2557 4.66853 
83.0815 50.7337 30.1172 68.0188 145.11 149.85 82.6831 3.98584 24.3776 305.991 21.6531 72.7346 0 2.96161 116.856 13.4394 0.0125712 103.627 47.3816 5.82093 55.3096 89.5868 4.05945 0.0137927 4.78274 53.7267 11.8153 6.27978 
13.0494 53.0321 16.4919 0.0386202 37.5493 9.00987 71.5168 31.6533 1.57814 60.1119 186.301 19.7914 117.43 0 18.6476 5.0585 0.633399 52.043 16.107 4.59136 27.3839 9.70481 4.88519 2.70604 7.5737 8.42977 10.6722 5.40747 
70.6067 92.6452 2.55994 30.4538 63.084 1.61923 31.8941 53.9341 169.069 69.4858 330.35 44.2264 86.614 6.65886 0 26.4606 24.6247 19.6112 37.4196 10.2423 6.16542 6.46504 24.5348 22.281 7.00678 29.8446 13.4247 3.97391 
17.3238 15.1825 14.0025 21.0678 43.2664 6.58014 73.1113 249.011 147.913 1.5254 61.3266 415.004 77.5656 12.0983 84.7564 0 22.5499 58.3656 30.2527 3.92545 38.6939 11.5784 1.40898 29.3016 30.8622 32.743 2.13972 2.89269 
22.1495 110.247 12.5804 50.6775 73.5593 29.0061 104.046 5.93724 52.3686 61.216 8.04094 14.1726 53.7459 12.485 18.9322 18.144 0 102.155 219.374 19.1736 7.92122 19.3215 12.454 10.1379 35.6214 20.39 4.46106 23.1229 
155.697 197.233 47.0742 50.9326 112.52 62.3565 223.332 12.8406 5.21966 9.58769 55.1725 0.506841 87.0461 53.0065 43.5906 2.31001 243.792 0 24.1819 81.2448 31.4862 10.4441 24.6452 48.3613 54.2009 8.41674 39.7249 0.0728918 
59.2961 159.914 0.00680127 0.28081 297.094 45.4045 154.137 7.5911 0.983315 97.1341 0.302035 24.9165 14.3781 1.25826 0.665881 17.5686 71.5173 59.3941 0 16.4192 69.3137 13.0028 12.7579 22.4904 12.2645 25.6937 0.74446 1.01189 
226.444 104.815 15.8706 32.8991 58.6217 19.1101 6.70873 117.225 53.8067 17.7973 86.129 65.7181 6.93812 1.80312 8.31591 1.02003 26.6161 87.3075 36.5014 0 247.895 5.72425 0.0451098 6.16656 12.0739 12.0571 1.54783 8.94733 
44.3777 178.183 5.45331 116.533 0.00203825 27.706 0.90766 74.0141 118.401 91.1416 149.18 16.7273 4.93695 1.06776 19.8766 23.8889 63.7593 115.263 72.0298 45.767 0 30.4509 0.00538764 23.281 41.4459 59.85 19.8346 27.2309 
39.8055 51.2571 8.00571 7.68177 56.0545 0.0304691 0.130982 64.8022 60.4119 15.7416 1.42208 23.6186 86.6594 1.83219 16.4674 0.653261 0.443342 42.3025 15.5547 0.864074 15.1538 0 13.4138 5.01896 12.0758 10.7616 0.295608 7.20863 
33.3734 5.83389 10.3018 11.192 1.27362 15.0512 50.6139 0.936011 76.9412 56.7317 12.1107 108.593 13.0414 7.13856 23.4417 10.8702 4.31862 10.6087 17.2169 3.34923 38.7899 0.632074 0 20.8746 5.76632 6.97076 0.00860806 7.86048 
2.87687 33.7603 13.1651 20.985 4.14245 5.71261 34.8695 47.376 46.3907 4.95878 127.302 104.354 26.3603 0.0650793 17.0183 20.1172 15.9244 7.98775 4.52694 2.93073 43.1734 5.9166 9.79252 0 22.8494 16.6366 16.1751 11.9763 
92.4703 95.4395 22.0656 63.2076 28.8144 30.1639 89.551 0.121546 68.6652 55.5968 22.9119 399.604 38.6659 11.3947 24.4535 57.0624 38.0385 8.14057 4.11775 0.144487 0.000619087 5.83047 21.3888 44.0103 0 51.3837 68.1461 147.28 
16.0549 0.172493 26.899 6.41116 48.3518 22.0502 4.01532 101.396 9.24445 74.0239 141.352 392.478 53.9417 12.9892 28.4273 30.1476 25.1359 2.82561 2.35294 8.52329 57.078 1.41929 8.44769 5.20892 3.6989 0 36.29 21.9965 
43.7031 18.9744 15.4447 22.891 31.1617 2.39372 29.7144 8.43623 12.4735 2.30191 45.4277 2.16795 37.1189 10.2689 16.8636 1.96335 11.6388 38.7214 15.3986 2.61505 39.0931 3.14403 0.430522 1.09911 27.9295 5.51228 0 11.3709 
7.38463 1.11131 0.405546 4.82908e-05 40.0191 4.34081 37.6259 129.097 79.7467 30.8896 27.407 124.32 43.7684 0.360725 15.1463 1.20024 23.5245 4.34894 2.52378 3.33493 48.2719 4.94274 1.2932 2.8022 13.0975 61.868 41.7927 0 
