0 587.45 169.765 58.9792 250.561 98.6188 49.7564 237.186 190.175 135.726 101.954 227.819 0.340593 10.4451 64.2869 70.8655 78.4939 10.5695 35.8737 178.091 213.65 22.3479 27.2601 7.7753 113.505 0.048887 30.4273 40.3419 
596.205 0 212.755 358.087 519.735 208.31 22.9125 292.536 225.089 214.779 81.9455 81.3007 62.8409 15.9737 47.4322 3.66666 192.925 688.241 115.744 6.43123 55.0337 51.6909 28.1861 34.705 86.2706 21.6595 9.35924 47.4015 
155.07 369.005 0 85.004 65.3137 1.88842 208.182 131.966 28.0626 98.1008 28.8984 3.79185 60.0059 16.5088 28.7377 8.03055 55.3845 105.97 37.8214 7.5139 47.6286 3.26723 11.7434 11.6599 9.10483 5.4913 11.2153 0.967417 
399.338 357.069 337.107 0 134.778 118.025 1.94317 91.4747 202.486 6.06636 45.9045 3.93606 69.5548 0.00325564 39.0867 7.29091 104.984 48.2592 3.4497 31.7845 575.944 0.378305 0.901318 15.5489 54.5119 9.36017 8.56703 33.0581 
255.538 373.945 170.99 32.2896 0 64.6237 255.849 55.9033 306.885 66.1792 6.45055 131.761 149.424 21.1412 3.00739 72.5918 71.5601 19.4833 126.409 64.0621 5.16217 52.3348 29.9543 21.2109 11.4582 19.4783 36.4269 56.9973 
67.192 285.671 40.1841 107.826 736.289 0 1602.31 47.2838 143.539 445.285 185.351 155.945 429.644 6.08054 29.6698 1.29957 86.437 54.9316 20.6531 22.2171 59.8653 0.867216 15.1758 11.3152 82.2375 24.9372 18.2781 22.6508 
18.4421 491.771 1.27283 95.9772 87.7481 906.503 0 20.9513 127.249 506.932 308.465 209.994 217.879 56.51 41.3622 100.519 87.3981 175.172 156.045 4.21389 128.922 22.3071 3.50602 36.6288 90.2533 94.5486 59.1443 73.5295 
98.8695 16.3747 182.868 325.487 196.867 206.742 382.598 0 0.0273753 111.314 341.77 390.099 132.339 4.82721 134.58 230.113 62.1059 68.9412 53.1105 40.3305 40.3017 0.908295 68.3562 49.6038 27.5191 155.144 2.64822 95.1311 
294.956 328.839 453.582 98.3644 129.639 140.902 1261.23 0.369488 0 375.569 1527.53 218.989 184.582 93.6028 203.049 151.093 160.122 215.634 10.7703 92.1631 5.81814 69.8222 1.24992 100.159 76.4264 127.639 28.0789 1.43122 
97.1027 1.0806 24.7909 66.8593 108.105 82.0094 273.312 106.018 17.091 0 132.933 4.86701 330.782 52.7658 10.4508 33.6641 83.9737 60.5159 13.6599 47.4526 0.00313847 54.8872 59.4045 18.3019 33.4803 3.64447 12.5269 1.31676 
0.117709 88.8188 3.63426 138.406 119.022 154.633 291.687 252.575 811.759 219.311 0 517.734 172.212 102.448 237.041 198.322 8.31436 49.4917 63.1674 68.4431 32.1167 0.719616 128.781 26.035 132.112 22.619 0.956223 55.6249 
149.312 154.98 114.926 153.507 152.398 5.16001 89.6117 8.07934 400.999 199.9 199.271 0 148.256 67.3812 195.255 473.69 66.2573 20.6813 26.8681 53.4477 153.283 36.4926 65.4341 0.0888045 298.713 111.647 99.4986 174.655 
97.4761 8.30808 2.02799 32.8588 12.7654 56.9497 62.4495 88.8392 114.491 311.833 253.983 159.034 0 126.915 68.9705 71.4667 54.7254 4.42699 77.132 13.0843 64.1745 5.02097 14.753 0.486209 52.5659 31.2905 37.5714 42.988 
26.3911 1.93396 5.4197 9.88527 68.3758 14.5062 0.0103262 83.8894 124.756 33.2049 67.1691 38.1482 6.89614 0 15.1819 17.3508 7.09946 42.5818 0.773558 2.69753 15.3513 10.2518 0.974467 4.44993 15.6381 11.8555 7.04675 1.06295 
19.0807 31.3583 16.6936 0.164899 4.99637 33.7231 133.05 6.46271 105.169 117.682 310.661 2.61467 119.297 9.2567 0 89.6517 29.3621 42.646 12.2299 6.31008 32.6708 2.4532 16.1646 27.4728 0.0659681 24.1102 14.1016 3.92046 
36.552 61.6304 18.5694 39.06 5.06072 21.9877 103.511 244.576 0.0760012 0.372233 175.81 363.492 66.7074 11.2773 9.53645 0 21.4835 19.4327 8.00238 3.4116 29.5993 11.3628 12.4674 1.39866 28.4612 32.8183 3.48699 16.12 
66.9262 187.782 10.2527 74.0472 154.02 58.9566 31.6183 50.4834 57.5688 54.245 15.5755 61.9682 0.00284736 22.0392 2.91089 16.7643 0 286.138 252.453 3.04806 50.1178 12.4414 0.0473327 3.9378 79.3624 11.0667 14.3205 6.46719 
34.4911 36.837 160.352 13.2864 235.484 2.41519 35.1271 179.939 1.22559 145.002 75.8042 51.0041 23.403 29.0436 32.4469 16.5906 229.271 0 12.3317 30.7957 22.2238 31.4323 17.2132 31.004 27.1032 6.31886 14.6946 0.220897 
33.5987 70.7739 3.57435 0.733686 248.488 61.3981 8.46775 1.69778 6.48519 37.7639 80.4163 86.1866 46.958 14.824 35.282 29.2294 100.437 77.6484 0 13.9386 44.1262 0.0041971 9.97012 23.1909 6.12793 0.0225686 5.29878 26.7899 
199.004 91.1466 0.676987 43.9533 62.4552 24.1287 8.87997 106.656 7.98418 40.7658 82.9961 0.883577 11.6602 4.79752 3.95151 9.6123 33.9308 7.74491 0.637458 0 64.8853 3.03328 1.01561 0.906379 8.55586 2.78792 7.80144 2.00049 
195.361 46.971 5.68818 107.272 112.393 77.1502 0.444216 20.9459 120.908 6.94148 20.0389 16.6758 70.4591 44.5263 0.684654 32.9721 0.316806 120.017 21.5719 13.7221 0 29.2785 0.927527 45.0287 7.95167 30.4088 44.0133 36.8702 
11.162 25.6147 11.3659 2.4996 15.8595 16.5655 26.6225 0.0495171 10.3065 43.6256 52.823 67.3532 1.44956 7.79887 8.77708 0.332845 5.59371 0.0537484 0.198385 0.0707915 13.1213 0 10.1874 11.4747 18.5184 1.76172 0.666462 1.37421 
44.7107 25.7787 11.2379 0.456241 0.304935 15.4538 19.0246 89.3389 7.73857 55.1414 119.612 115.015 65.7579 2.78204 13.6611 9.29387e-06 2.81545 5.02489 14.6392 4.11212 36.0749 3.06445 0 1.99777 0.11482 2.40681 7.11369 4.77341 
56.1635 48.4218 0.380876 26.493 0.00211152 2.71687 71.7931 122.981 21.8443 1.2876 96.1661 1.20721 33.1034 0.671551 1.93501 15.3882 12.2692 37.9277 0.00810964 2.08715 1.88157 10.7196 4.65154 0 35.4115 12.4025 18.9535 6.45487 
72.849 131.999 21.0259 61.0693 67.2415 78.4143 85.3812 189.819 178.493 58.2428 144.351 19.365 19.8285 2.40363 8.39362 53.0951 77.8875 28.4078 0.723726 2.13576 19.3209 37.5994 8.7685 5.4244 0 44.4412 64.5866 128.142 
0.0654971 30.1812 12.0153 3.85471 67.6168 5.93085 18.1843 218.056 127.702 63.3536 90.7857 167.147 30.5959 3.84601 26.4853 30.6012 27.2342 1.62725 17.2652 0.0192563 35.809 10.6914 3.9644 0.246242 11.3271 0 22.5946 14.0558 
38.5945 43.7333 0.215375 27.4523 0.483797 6.55717 49.2094 98.2127 5.96234 40.7996 53.2678 109.101 28.8912 7.78146 10.1337 15.2325 20.4333 0.630472 7.98488 9.90632 31.5451 7.8756 9.14299 0.0360817 46.1804 9.15988 0 43.7139 
13.3432 0.228771 5.8706 31.7337 23.985 4.49645 0.00710874 103.584 8.39196 2.54418 0.973803 97.001 0.00185915 0.791242 15.0781 18.6746 7.34253 5.181 26.7346 10.134 0.0232581 7.88171 4.06587 0.028082 10.9203 57.8367 10.1383 0 
