0 940.241 150.686 368.871 238.753 421.432 66.5329 256.282 487.25 129.985 111.459 228.56 0.912432 11.8349 65.8413 73.0857 396.887 18.0996 31.1701 192.363 200.859 23.2236 28.5516 6.51578 425.856 0.0239044 29.1506 38.5329 
850.671 0 116.442 681.067 487.296 498.946 2.48873 288.114 501.21 202.428 98.145 92.9556 56.2166 18.2618 51.8478 5.26192 502.775 220.396 125.385 2.92465 63.6125 51.7215 29.9088 32.7483 398.182 24.6425 10.3862 49.0812 
134.328 438.94 0 19.0006 81.078 4.31371 185.051 160.788 2.12406 102.983 44.6269 8.45491 57.534 16.3078 30.0886 9.27602 54.9439 94.1577 34.939 6.15662 39.9066 3.53769 11.5092 12.1575 7.98462 4.45508 10.6856 1.30468 
702.891 680.811 259.454 0 125.798 430.443 0.0367159 647.178 555.334 9.05383 34.3657 0.27413 70.6171 0.0622049 39.361 9.4202 418.249 40.1371 4.73216 28.5725 3.30058 0.272494 1.1994 16.6418 369.837 11.535 7.80844 33.0546 
245.077 301.152 179.205 23.9033 0 46.3517 205.096 66.525 325.717 95.0609 2.36312 138.454 156.239 23.5651 1.69523 71.513 79.9512 12.0838 95.5251 68.1876 3.41431 51.4315 31.6303 22.8015 13.0678 17.3798 35.468 56.886 
387.37 605.122 34.3597 418.59 220.565 0 1196.63 34.1102 530.237 832.821 159 152.956 477.356 5.16929 31.9281 0.797012 403.419 48.3111 15.9313 22.7529 62.1889 0.61331 15.4764 11.9176 396.92 25.6141 17.9667 22.7868 
30.0667 519.057 0.448411 113.125 50.7847 908.058 0 42.1385 453.945 485.377 360.971 226.385 219.18 61.3385 32.9584 98.3904 83.8548 187.512 153.845 6.23881 125.114 20.4782 2.41129 39.2663 91.1069 92.2963 59.5942 73.4485 
121.8 27.1395 209.074 211.551 204.023 199.115 359.082 0 12.3364 124.789 322.737 187.123 135.814 7.76485 122.295 245.262 59.1378 61.3739 48.9954 45.7135 32.0533 0.537832 64.1 57.3968 38.1468 134.21 1.57756 101.368 
618.624 679.392 472.851 390.355 101.33 527.035 1005.93 9.4465 0 358.281 1642.38 183.881 177.242 102.122 227.16 148.797 472.76 218.028 7.34223 88.8713 3.15153 69.9241 0.459535 100.13 386.562 122.396 25.8417 2.46919 
104.767 4.77817 18.8918 61.1221 140.767 44.39 350.104 92.6125 4.48109 0 61.8482 1.37041 330.216 57.4199 5.4365 28.5239 84.1587 67.0291 17.9424 48.888 0.143724 53.4112 60.0208 20.5831 36.4335 5.31108 11.4182 0.804587 
0.116589 73.0722 10.9043 151.569 135.339 181.197 235.188 223.454 879.265 130.847 0 515.033 187.959 83.2673 298.289 211.258 9.95567 55.9621 58.0872 70.8441 27.6292 1.26806 131.229 20.6983 127.01 30.5727 1.62232 60.2485 
136.58 165.731 127.728 176.215 146.604 2.39888 108.073 96.6219 392.785 186.432 144.736 0 151.494 79.0983 167.746 495.511 64.2023 24.6127 24.1844 57.2005 148.965 38.8374 58.5403 0.590634 247.544 60.5606 103.478 176.175 
99.7803 5.47888 1.13724 30.1564 8.21002 43.4481 76.1013 83.0046 125.668 326.158 252.11 158.038 0 138.921 60.4538 74.5771 53.4191 5.90696 78.8865 12.0014 62.633 7.61357 10.7425 0.0929165 51.6546 33.1215 37.1974 42.4761 
28.1076 2.89897 6.14292 8.97483 67.4403 15.4779 0.36468 90.1757 130.405 38.0438 49.922 48.4965 15.4649 0 5.6135 18.4415 6.64733 43.7779 0.543385 2.57671 14.2274 9.9804 0.273865 5.30768 15.2507 11.466 7.34868 1.30945 
16.7549 35.56 14.7273 0.509792 3.26617 35.65 127.746 12.2367 123.906 123.965 359.672 0.0206096 118.48 20.2734 0 84.925 29.1133 40.4467 11.1118 6.64684 34.4175 1.9953 13.9558 27.98 0.311937 25.6644 13.5227 3.22764 
32.9784 64.7491 17.4002 40.4732 6.5583 22.9921 103.76 254.859 0.240741 1.38037 156.869 268.065 62.8458 13.3068 1.01557 0 21.0012 17.6883 8.75842 3.11111 31.8064 11.1615 12.3561 3.39305 26.7516 32.7407 4.04167 15.0519 
378.904 507.322 12.1696 390.825 153.431 375.055 35.5545 53.5198 373.78 51.3568 13.5679 59.7999 0.0275541 22.0796 2.48675 16.1673 0 287 349.081 2.48223 51.6792 12.0552 0.0177032 4.26997 394.346 11.6837 13.9568 6.05863 
46.4484 56.1012 162.629 18.802 234.424 0.911195 46.2878 181.048 0.108678 143.367 68.881 56.2821 26.322 30.5467 34.6929 18.3035 204.191 0 8.30491 27.2119 25.6569 30.6603 16.1749 29.8444 28.729 5.25642 13.8534 0.407656 
28.9942 60.5632 5.06608 1.39866 222.089 66.746 4.94976 0.848017 9.73794 43.8023 75.4367 88.2744 50.0199 14.0696 35.927 29.5601 87.2764 85.6157 0 12.7876 46.0857 0.00214592 10.5056 23.3719 5.54859 6.58004e-05 5.67001 26.7225 
214.725 100.506 0.276455 45.6393 66.6412 24.2612 6.45697 103.22 10.575 42.5538 84.0917 0.308524 10.6166 4.78907 4.27414 9.65608 33.778 5.72105 0.987879 0 24.3436 2.91493 0.935899 0.79355 8.94058 2.47528 7.58968 1.78916 
180.275 55.2 2.80773 133.533 115.786 77.0624 0.030693 27.9471 129.202 5.39002 16.3704 21.1791 71.5828 44.7386 0.355946 30.7646 0.605706 118.404 23.4381 47.6237 0 28.9077 1.23611 45.6281 6.74375 32.5131 44.1423 35.662 
11.9603 24.3118 11.5416 2.77988 17.2968 16.0132 28.5383 0.196426 11.7296 45.6926 55.1282 68.8275 3.00996 8.26167 9.46532 0.489347 5.94133 0.133879 0.309097 0.0977742 12.5517 0 11.1662 12.0064 18.3111 1.56225 0.542454 1.22839 
45.2483 27.4978 10.9525 0.677586 0.601424 15.1503 16.6333 92.1419 10.2648 53.5841 114.598 110.679 60.4057 1.552 11.4102 0.0671099 3.08259 4.36823 15.1551 4.10412 35.4841 2.25475 0 0.381226 0.148884 2.76945 6.65709 4.46989 
55.463 46.7652 0.222132 26.6088 0.029299 3.18246 71.7592 117.554 18.4962 0.677525 89.9415 0.0010885 29.8269 1.15447 3.24644 19.0407 11.8548 38.8987 0.0405332 2.24431 2.42623 11.3084 8.06163 0 38.6378 13.1398 19.1238 5.93841 
385.118 446.182 19.9348 374.21 67.4757 392.321 83.2685 192.708 494.845 60.4631 142.187 477.914 18.1186 2.9652 6.93876 36.3674 392.955 26.783 0.516806 1.85537 21.066 74.0957 7.11094 10.1234 0 99.8068 160.708 118.738 
0.398386 27.0185 10.6885 2.53587 68.5238 4.99539 21.9775 227.233 122.468 65.9217 79.9186 229.643 32.4342 3.27889 27.7706 31.8385 27.3002 1.09416 18.0431 0.06131 37.8827 10.7368 4.37556 0.499575 8.97369 0 24.913 20.6892 
37.4627 44.7785 0.341743 27.545 0.720653 7.04111 50.4611 99.1967 4.77837 39.8758 50.5599 105.693 29.6482 8.06891 9.50512 15.7642 20.2134 0.860663 7.57049 10.0412 32.4111 7.58877 8.7108 0.138964 43.2745 7.19324 0 56.2927 
14.9396 0.514539 5.20677 31.1858 22.5137 5.07666 0.140209 109.314 10.6088 1.8145 0.29912 85.1643 0.0175246 0.598526 14.1453 17.7549 6.91721 5.93293 26.7983 10.3134 0.001119 8.072 4.36621 0.000922678 10.1497 61.3847 3.68427 0 
