0 970.324 148.424 397.068 237.285 450.032 68.5009 258.259 512.983 129.313 112.508 228.548 0.992931 11.9933 66.0039 73.3164 424.99 19.0507 30.66 195.209 199.327 23.3205 28.6942 6.38183 453.269 0.0385641 29.0082 38.3299 
870.239 0 106.811 709.024 482.521 523.902 1.48318 287.448 524.747 200.94 99.9867 94.2665 55.4887 18.5224 52.3374 5.45574 529.876 634.504 126.423 2.61728 64.5833 51.7209 30.0999 32.5303 425.557 24.981 10.5028 49.2643 
131.926 444.593 0 14.671 82.8628 4.64036 182.263 163.952 1.05195 103.478 46.5409 9.08176 57.2499 16.2814 30.2282 9.41685 54.8825 92.824 34.6161 6.01166 39.0703 3.56816 11.4816 12.2114 7.86284 4.34532 10.6265 1.34507 
728.323 708.854 236.692 0 124.747 457.837 0.00333836 874.844 587.223 9.41933 33.1643 0.13019 70.7235 0.0733148 39.3797 9.66913 445.764 39.2622 4.88616 28.2092 145.841 0.261788 1.23499 16.762 397.601 11.786 7.72542 33.0482 
243.751 292.774 179.967 23.0351 0 47.2184 199.447 67.7384 327.553 98.4738 2.03178 139.176 156.949 23.8386 1.57207 71.3813 80.8834 11.3637 92.2223 68.6353 3.24174 51.3268 31.8157 22.9795 13.2516 17.1516 35.3602 56.8688 
415.71 633.021 33.7072 445.814 630.817 0 1393.77 32.7525 566.647 844.298 155.998 152.562 231.072 5.07111 32.1695 0.748463 431.353 47.5843 15.436 22.8079 62.4392 0.587719 15.5074 11.9837 424.595 25.6842 17.9308 22.7992 
31.5124 520.859 0.755841 115.019 47.2069 891.037 0 44.8968 497.679 481.552 366.464 228.115 219.203 61.8678 32.0648 98.1227 83.4498 188.818 153.543 6.48668 124.668 20.2775 2.3018 39.5584 91.1821 92.0219 59.6389 73.4291 
124.406 28.4867 211.817 202.804 204.754 198.125 356.085 0 15.3487 126.278 320.393 167.888 136.176 8.1313 120.888 246.637 58.8062 60.546 48.5408 46.32 31.184 0.502566 63.6202 58.2746 39.4104 131.835 1.47536 102.04 
647.177 710.83 473.152 415.967 98.3077 563.404 966.847 12.1096 0 355.905 1029.32 179.994 176.369 103.035 234.12 148.472 500.198 218.22 6.99983 88.4889 2.90441 69.9287 0.395528 100.105 413.763 121.772 25.596 2.60153 
105.603 5.34842 18.2755 60.4781 144.488 43.1613 358.198 91.1366 3.57547 0 55.3921 1.11339 329.587 57.9256 4.97495 27.9663 84.1662 67.7563 18.4485 49.041 0.172237 53.2387 60.0763 20.8406 36.7618 5.51417 11.2971 0.755302 
0.174295 71.3791 11.9425 152.974 137.152 184.061 228.879 220.142 887.3 121.972 0 513.934 189.644 81.1732 304.62 212.495 10.1462 56.6941 57.5247 71.1026 27.1466 1.33837 131.449 20.1354 126.401 31.5146 1.70698 60.7607 
135.144 166.89 129.112 178.657 145.933 2.15549 110.17 111.982 391.509 184.863 138.982 0 151.822 80.4099 164.58 495.477 63.9702 25.0666 23.8919 57.6145 148.456 39.0979 57.7763 0.786547 246.384 55.6444 103.899 176.246 
100.022 5.19924 1.05381 29.858 7.7625 42.3223 77.6607 82.3522 126.895 327.212 251.758 157.892 0 140.089 59.503 74.8997 53.27 6.08382 79.0702 11.8828 62.4578 7.93213 10.3305 0.0682119 51.5472 33.3236 37.1537 42.4159 
28.2982 3.01776 6.2245 8.87458 67.3253 15.5834 0.435133 90.8564 130.981 38.586 48.1119 49.6935 16.607 0 4.80329 18.5377 6.59759 43.9075 0.520264 2.56325 14.104 9.94762 0.221666 5.40326 15.204 11.4198 7.38193 1.33823 
16.5028 36.0341 14.5104 0.559685 3.09559 35.851 127.091 12.9833 125.984 124.575 364.233 0.115229 118.314 21.6549 0 83.87 29.0836 40.2005 10.9895 6.6841 34.6106 1.94694 13.7065 28.0139 0.350411 25.8274 13.4574 3.15413 
32.5845 65.0861 17.2667 40.6122 6.7355 23.0985 103.753 255.663 0.331495 1.53128 154.661 256.967 62.4007 13.5233 0.595106 0 20.9464 17.4974 8.84372 3.07816 32.0517 11.1375 12.3353 3.66218 26.5508 32.7005 4.10511 14.9308 
406.301 535.497 12.3901 418.74 153.309 402.902 35.9996 53.8566 401.645 51.0327 13.3518 59.556 0.0362388 22.0828 2.44154 16.1005 0 286.729 246.981 2.42266 51.8499 12.0122 0.0152911 4.30748 422.058 11.7525 13.9162 6.01377 
47.8611 61.4692 162.772 19.4655 234.19 0.788145 47.6005 181.129 0.0591345 143.151 68.1178 56.8758 26.6535 30.713 34.9426 18.4969 201.228 0 7.90342 26.8211 26.0496 30.5735 16.0604 29.7146 28.9101 5.14386 13.7607 0.431888 
28.4962 59.4491 5.24652 1.4854 218.933 67.3193 4.61488 0.771506 10.1375 44.4865 74.8787 88.4977 50.3581 13.9857 35.9946 29.5942 86.0002 86.4954 0 12.661 46.3015 0.00344288 10.5653 23.3905 5.48559 5.84892e-05 5.71178 26.7136 
216.122 101.513 0.242727 45.8019 67.0965 24.2706 6.20964 102.813 10.8829 42.7481 84.2011 0.262828 10.5025 4.78776 4.31031 9.65966 33.7572 5.51376 1.03141 0 20.9295 2.90181 0.927186 0.781409 8.98294 2.44136 7.56591 1.76626 
178.515 56.1379 2.54816 137.941 116.145 77.0396 0.0145393 28.7779 130.105 5.22901 15.9832 21.7079 71.7026 44.7583 0.325961 30.5194 0.643492 118.208 23.648 52.4723 0 28.8655 1.27304 45.6907 6.61479 32.7466 44.154 35.526 
12.05 24.1672 11.5604 2.81179 17.4588 15.9502 28.752 0.218752 11.8922 45.9171 55.3806 68.9844 3.21717 8.31157 9.54162 0.508518 5.98032 0.144993 0.32289 0.101037 12.4886 0 11.271 12.0625 18.2878 1.54069 0.529428 1.21263 
45.3039 27.6891 10.9194 0.704788 0.640477 15.1142 16.3744 92.4345 10.565 53.4006 114.001 110.162 59.7947 1.43251 11.1612 0.0830076 3.11288 4.29779 15.212 4.10297 35.4163 2.171 0 0.278054 0.16491 2.81079 6.60634 4.43628 
55.3779 46.5772 0.207074 26.6159 0.0381352 3.23599 71.7435 116.91 18.1372 0.621581 89.2302 0.0073292 29.4651 1.21521 3.41041 19.4332 11.8086 39.0044 0.0456589 2.26193 2.49078 11.3713 8.46758 0 38.955 13.2187 19.1387 5.88138 
412.537 473.794 19.8107 401.728 67.4939 419.912 83.0171 192.902 522.675 60.6997 141.894 921.262 17.931 3.03049 6.78307 33.8742 420.677 26.603 0.495919 1.82524 21.2622 76.4549 6.93943 10.8922 0 104.361 153.297 107.387 
0.452711 26.6727 10.5426 2.40525 68.6153 4.89528 22.415 228.027 121.845 66.1926 78.7111 236.52 32.6373 3.2177 27.9015 31.947 27.3058 1.04133 18.1291 0.0674387 38.1116 10.7409 4.42165 0.533025 8.72546 0 25.1655 21.4711 
37.335 44.8921 0.357547 27.5522 0.749831 7.09537 50.5966 99.2891 4.65436 39.7702 50.2566 105.291 29.7312 8.1004 9.43529 15.8212 20.1884 0.888411 7.5248 10.0557 32.5061 7.55674 8.66218 0.154497 42.923 6.98589 0 57.6625 
15.1207 0.553299 5.13471 31.1195 22.3512 5.1427 0.165375 109.925 10.8692 1.74075 0.248003 83.8484 0.0230699 0.578683 14.0405 17.6486 6.87042 6.01922 26.8039 10.3327 0.00293014 8.09282 4.39975 0.000228838 10.0626 61.6814 3.15496 0 
