0 523.304 179.759 226.071 248.163 118.781 106.556 67.9477 255.388 5.42963 9.22507 144.605 1.26659 28.9119 0.790387 32.3662 67.3948 187.942 58.734 260.829 31.1491 39.1782 46.5877 30.4551 37.6922 18.5398 48.9444 58.3791 
554.162 0 74.6125 260.955 361.709 24.3293 20.7154 282.136 106.655 2.83791 178.196 31.3501 4.33404 29.4854 96.6988 10.4687 153.176 1054.18 4.67053 0.999606 175.587 19.9818 7.80821 48.2377 58.6037 74.68 0.0965537 36.352 
166.367 297.896 0 131.808 165.793 6.69479 168.944 276.241 463.285 44.9593 202.686 2.07884 73.0138 5.22734 33.6232 13.2616 24.1429 8.17463 50.7037 6.11324 5.69293 0.566788 10.8425 0.041053 28.2668 27.105 0.395979 7.65575 
77.6021 258.667 8.38471 0 10.8732 27.8468 172.069 426.42 306.054 42.9378 112.616 257.676 5.06592 9.56091 4.78555 42.9813 14.9148 145.642 0.369034 0.026169 668.176 0.691483 12.6263 5.66675 40.0011 38.2953 17.8462 1.36711 
253.45 515.501 57.4065 106.33 0 382.59 76.1068 21.3668 20.0815 42.6445 194.717 0.384085 17.9597 7.04529 69.1237 26.5574 0.319196 61.2576 207.992 61.8624 126.462 7.99752 18.1481 37.3953 8.02876 4.99444 2.07959 1.47752 
86.1448 50.2551 30.0151 13.3913 1040.56 0 1368.51 213.502 313.672 460.733 150.974 106.249 498.924 11.0855 3.39559 14.1184 38.1929 118.366 33.5586 14.7733 2.11647 12.2527 7.78591 14.696 2.77039 9.94458 13.1212 6.51491 
62.1059 494.451 197.525 19.2343 0.239903 834.169 0 362.287 10.1746 49.4697 486.367 137.899 18.3369 86.0952 129.104 48.2308 2.46732 190.011 6.53234 6.82396 113.296 58.0672 67.9721 0.0327919 67.1785 99.4772 12.4766 35.7525 
0.134184 38.1936 270.083 455.916 160.279 102.818 39.1995 0 478.074 1.17655 70.7876 0.0115393 125.7 5.5743 179.121 241.806 98.168 166.987 67.507 15.8223 2.98797 60.3008 62.1632 126.185 144.428 9.45249 91.9475 131.719 
24.1868 269.53 16.2082 154.538 270.896 316.88 1245.15 488.197 0 30.2751 309.384 14.7538 89.5635 14.4061 5.38978 0.185541 76.3564 216.321 20.8457 64.9827 5.59352 36.1043 100.04 93.3386 111.141 10.81 37.3615 90.7511 
138.746 235.428 80.0156 99.4126 16.1121 100.983 113.402 221.765 239.066 0 325.542 163.024 331.056 76.4172 77.4202 49.2096 82.8658 129.094 71.2965 26.4719 99.3445 7.93478 36.1278 44.6791 31.3018 16.6787 28.052 34.9963 
147.016 15.8551 233.392 69.7693 226.883 188.777 34.9883 7.54549 212.845 230.548 0 513.63 154.553 164.272 283.084 220.887 16.717 72.2668 4.98724 77.7381 147.369 54.8303 69.6308 73.6394 51.2315 0.605337 80.333 14.9913 
12.1952 97.2951 68.7999 55.4403 125.805 13.5034 248.659 476.76 231.685 216.548 231.041 0 28.6046 48.2789 251.554 104.263 11.3797 4.29235 86.9401 85.577 151.525 1.62245 126.103 87.9983 68.6092 92.4539 70.2754 6.18091 
84.3028 53.1215 28.9922 68.5158 142.253 144.709 77.4414 3.30838 21.7262 313.183 18.2006 75.2594 0 1.49502 115.875 14.7057 0.000954262 103.223 48.5177 6.12603 55.9725 89.8976 4.99115 0.0691917 5.16347 53.4989 11.5214 6.58501 
12.5085 52.1588 16.5518 0.0156959 38.5102 9.39161 73.1114 33.8589 1.91676 61.7332 190.888 22.7093 111.883 0 14.3525 4.38618 0.695157 51.8507 16.3821 4.60931 27.8155 9.82393 4.33471 2.9902 7.29245 8.65382 10.6174 5.55989 
70.8366 93.2786 2.188 29.8434 64.5679 1.27268 34.9006 49.5005 162.915 65.5102 348.289 36.5699 89.4012 9.96096 0 33.518 24.8355 20.3664 37.5662 10.3258 6.57438 6.71217 24.2284 21.5799 6.49112 29.5611 13.6418 3.70944 
18.4346 16.2139 13.5209 20.0704 42.2375 7.0019 71.2792 252.715 149.017 1.05355 54.4628 440.388 78.455 11.3333 80.811 0 22.3908 58.0389 30.3172 4.04134 39.4876 11.6323 1.19915 29.226 30.3857 32.8301 1.97935 3.18196 
2.06621 93.0192 11.8472 29.682 76.668 9.39487 103.315 6.48096 33.4768 60.2239 7.47582 14.8195 54.2314 12.3054 18.6657 17.9322 0 112.627 553.388 18.7921 7.50241 19.2377 12.3229 9.98286 15.2112 20.591 4.3502 23.044 
150.059 165.407 43.0543 47.8324 107.016 59.8685 225.539 14.3793 6.60002 8.41951 52.7598 0.770144 86.0551 53.1156 42.7852 2.05001 251.266 0 22.0448 81.9581 32.8991 10.7242 24.2484 48.3802 53.8471 7.95846 39.937 0.11057 
61.2212 161.859 0.0031187 0.166732 293.92 47.5847 155.023 6.85068 1.46193 99.055 0.511554 25.9092 15.2438 1.37781 0.788435 17.2576 60.8519 62.3029 0 16.8601 68.9902 13.2102 12.9562 22.392 11.9967 25.477 0.802171 0.93362 
225.84 108.024 16.4454 31.7426 60.2299 19.4164 5.887 117.026 52.101 18.5019 86.2595 67.0219 7.26571 1.84678 8.42962 0.948855 26.9309 87.1171 36.53 0 227.523 5.69716 0.0381684 6.18686 12.171 12.0467 1.60772 8.85896 
49.623 177.636 6.73885 120.864 0.0131306 28.726 1.28619 77.8997 121.532 91.7864 149.229 15.1788 5.30044 0.937021 19.2578 23.098 63.419 114.435 72.1685 31.3516 0 30.3375 0.0167017 22.7934 40.8057 59.5007 19.4788 27.7222 
39.8805 51.3438 8.11411 7.82413 56.1975 0.0140943 0.204249 65.0526 60.9028 14.9917 1.18776 24.4246 87.3735 1.98003 16.3416 0.582552 0.485674 42.2848 15.7566 0.834246 14.9384 0 13.6635 4.76816 11.9835 10.7503 0.329045 7.28477 
32.9291 6.22631 10.1743 11.4335 1.09495 15.1721 51.5515 0.647542 75.4997 57.1842 10.5369 110.357 11.5742 6.63985 22.9859 11.0928 4.20459 10.2727 17.39 3.32201 38.662 0.483632 0 20.7547 5.32155 7.11606 0.00218429 7.76549 
2.57627 34.4842 13.005 21.3198 4.46305 5.93069 35.848 44.5832 44.8494 5.46648 126.643 98.9665 25.1838 0.124953 17.8398 18.8164 16.0567 8.32052 4.68601 2.86954 43.4619 5.6574 8.42119 0 21.2089 16.6697 16.3906 11.8287 
72.7583 75.7594 22.4363 43.3444 29.5809 10.3376 89.9771 0.000865216 50.7004 56.4985 25.1318 865.421 39.281 11.6553 23.9257 56.3775 17.6304 8.55923 3.93319 0.115972 0.00399789 0.46974 21.2167 48.9214 0 73.2541 126.828 143.623 
15.0703 0.302761 27.0399 7.09345 47.5241 21.6925 4.73309 93.5202 10.7556 74.4607 138.406 385.068 53.7305 12.9589 28.0164 30.7085 25.0078 2.54995 2.20014 8.39484 56.6146 1.4892 8.56756 5.50977 3.15084 0 35.9033 24.664 
44.0393 19.4465 15.6028 23.12 31.5468 2.27248 29.1068 9.22491 11.8437 2.50916 46.4502 1.66586 36.9691 10.2007 17.0287 2.12317 11.4993 38.4888 15.2395 2.54266 38.8606 3.05114 0.373052 0.965048 26.9998 6.15193 0 14.6156 
6.9336 0.93337 0.332938 0.00796995 40.5243 4.13549 38.5471 127.957 78.6172 31.596 25.938 128.277 43.6234 0.414861 14.8038 1.39747 23.4581 4.60192 2.40285 3.43112 48.0405 4.86081 1.36941 2.65098 13.0873 62.6628 37.1613 0 
