0 529.885 89.2025 87.1654 193.554 91.0443 120.735 295.571 85.9689 111.145 137.193 222.562 3.97317 16.0569 69.2878 77.8719 54.1215 48.4506 19.2042 280.485 156.722 25.6519 32.09 3.51425 64.7293 1.46073 25.5194 33.2985 
245.189 0 3.70008 294.962 313.66 77.9271 54.9799 261.153 57.647 159.12 145.99 126.474 38.5483 25.1857 64.0031 11.133 131.775 249.861 148.963 0.418001 88.9031 51.4553 34.71 27.2277 36.6996 33.5601 13.4854 53.4722 
72.2198 422.214 0 119.939 125.99 15.6139 107.708 232.766 84.6317 112.257 100.424 30.4349 49.8409 15.3961 32.9011 12.923 52.6455 60.2846 26.711 2.92183 20.6318 4.3316 10.7162 13.4212 5.10344 2.04654 9.18339 2.49917 
242.093 296.773 128.988 0 96.7559 67.3309 10.0641 1005.5 296.306 20.1787 9.9076 12.7536 72.5688 0.620484 39.1103 16.3123 59.6382 20.2205 9.29355 19.2784 641.705 0.0669541 2.24469 19.5681 18.6932 18.3243 5.79815 32.5178 
202.789 100.627 188.39 6.48681 0 67.6227 74.679 98.7586 354.458 187.809 1.70109 155.208 170.914 30.6844 0.00552092 67.4765 103.062 0.599135 26.0197 78.7022 0.411659 48.5191 36.2624 27.3585 18.0023 11.944 32.6619 56.1547 
52.6281 237.563 18.3814 52.134 143.147 0 533.575 7.57929 396.051 226.324 83.5997 139.415 631.859 2.91124 37.2963 0.0351805 55.6175 30.7811 5.52936 23.8507 67.9944 0.131131 16.1124 13.5274 42.4893 27.0547 16.9844 22.933 
74.6088 486.057 31.4591 158.098 0.159615 130.557 0 131.915 1301.92 320.328 466.783 263.267 212.338 74.051 13.4602 89.8147 73.0161 215.704 142.78 13.8198 112.576 15.5741 0.412726 46.5465 91.7874 83.9718 60.3948 72.3225 
188.673 69.3263 263.117 130.551 218.283 166.369 264.859 0 175.288 161.105 252.099 35.3259 143.43 19.3327 85.2803 258.942 50.6353 41.4444 37.7313 61.3354 13.3322 0.0126874 51.6945 79.8435 73.986 74.5422 0.0412384 116.801 
278.325 400.689 373.131 15.8623 35.9199 393.347 46.3546 165.335 0 275.072 990.719 91.3202 152.04 122.729 155.273 136.51 111.82 218.313 1.14671 78.2678 0.0011427 69.6253 0.319362 98.192 22.2125 104.438 19.8337 6.82839 
124.61 28.3903 6.12179 44.7082 233.836 220.145 496.755 57.0044 13.0501 0 10.4436 3.0867 281.896 69.2078 0.07087 15.5808 83.5428 85.4599 32.3704 52.3271 1.6521 48.5704 60.6085 27.2919 44.657 11.4805 8.49913 0.0351133 
5.10065 34.8793 49.6605 182.42 180.047 243.355 88.3131 138.942 723.315 0.424332 0 441.634 225.327 35.3462 404.167 228.648 15.25 75.0945 44.1056 76.8378 16.5003 3.61412 133.55 8.57274 109.33 57.286 4.40341 72.9628 
99.7153 192.304 159.324 229.716 128.186 0.255601 162.294 669.587 340.031 143.413 29.612 0 157.716 111.763 87.0678 356.269 58.1243 37.0628 17.1884 67.3984 134.423 45.3985 39.711 13.8736 243.065 0.712665 112.714 171.95 
105.001 0.629993 0.00266174 22.7881 0.696991 80.379 116.925 66.4013 155.198 318.266 234.614 152.187 0 156.179 36.9596 81.1698 49.419 11.1173 82.7905 9.12049 57.9786 17.3578 2.65106 0.641164 48.5735 38.1146 35.9634 40.7465 
32.8916 6.58672 8.25706 6.5206 63.876 17.9672 4.02036 105.973 141.491 51.7401 12.9889 80.6489 53.5099 0 5.11021 19.1799 5.42361 46.842 0.111389 2.23521 11.1996 9.00056 0.659632 7.63072 13.8572 10.13 8.16764 2.11856 
10.8236 47.8434 9.4425 2.46195 0.343124 39.8043 107.713 36.9121 173.651 133.373 404.384 25.2591 109.847 54.0835 0 37.5641 28.2316 34.1512 8.15284 7.57778 39.2075 0.938828 7.74486 27.4332 1.94907 29.0869 11.8239 1.59978 
23.3245 72.6 13.8582 42.7984 11.6727 25.3268 101.488 253.317 6.90672 7.48638 97.9613 32.2382 50.8199 17.8111 22.7858 0 19.5517 13.0679 10.9868 2.30942 37.9754 10.454 11.3386 12.2955 21.194 29.8631 5.7494 11.8827 
18.8455 162.957 18.1372 42.8815 146.967 25.8085 47.1836 61.9586 25.3842 43.0243 8.56548 53.4718 0.611865 22.0775 1.4603 14.4541 0 258.53 539.137 1.18515 55.8053 10.9594 0.0110228 5.25633 41.0774 13.4385 12.9179 4.95905 
86.2871 239.574 159.41 38.2897 221.597 0.55099 83.0935 180.499 3.44637 135.803 50.1411 71.6041 35.1024 34.6976 40.9795 23.3591 123.93 0 1.14697 17.8821 36.2216 28.4051 13.3376 26.5149 33.308 2.75694 11.5643 1.23323 
17.395 34.3389 10.4637 4.35889 134.816 79.5753 0.0708213 0.0254063 22.0393 61.6191 61.1605 93.3597 58.3856 11.9482 37.3785 30.2536 55.2495 107.122 0 9.6891 51.4208 0.128727 12.0213 23.7537 4.04384 0.153343 6.75983 26.4066 
225.584 123.155 0.0999798 48.1143 77.3969 24.1759 1.63527 91.4992 19.5076 47.1561 86.0842 0.280524 7.86859 4.73261 5.2074 9.66756 33.017 1.61107 2.36507 0 19.2013 2.58442 0.72455 0.511755 9.9831 1.67423 6.97521 1.24809 
132.197 79.9831 0.121457 211.124 123.775 75.6869 1.45588 51.848 150.619 2.04067 7.87252 36.169 74.2842 44.997 0.0030658 24.6051 1.90805 112.396 28.8853 205.553 0 27.7808 2.33107 46.9594 3.82922 38.3813 44.2796 32.1255 
14.2866 20.6763 11.9693 3.63035 21.5138 14.3298 33.9669 1.1281 16.1092 50.9987 61.2533 72.3474 10.2047 9.41136 11.3661 1.08004 6.95225 0.550899 0.74918 0.196504 10.9767 0 13.4904 13.2181 17.7212 1.05637 0.259909 0.857124 
46.3924 32.3364 10.031 1.52091 1.95911 14.1054 10.5629 98.2919 18.9784 48.3493 97.3853 95.6806 44.3528 0.00432215 5.5088 0.969212 3.88521 2.74642 16.5618 4.05889 33.638 0.585553 0 2.70424 1.29078 3.86716 5.38084 3.6308 
52.8778 41.7833 0.00335443 26.4321 0.609904 4.63777 70.6262 99.0983 10.3207 0.00354551 71.0933 8.68545 20.946 3.0528 8.32675 27.1287 10.6792 41.4303 0.26398 2.69892 4.30234 12.7164 17.7626 0 43.6109 14.9124 19.2462 4.52936 
25.0059 89.7275 16.66 16.7579 67.4433 35.8626 75.9623 189.739 142.368 65.7645 131.673 983.251 13.5484 4.77133 3.44156 4.20697 39.9363 22.2741 0.119608 1.15947 26.1414 9.89912 3.66612 32.8528 0 18.8219 169.879 149.921 
2.82005 18.6832 7.15224 0.274662 70.2526 2.72531 33.8814 232.553 104.529 71.7929 50.2247 371.478 37.4644 1.86477 30.27 32.6777 27.3327 0.156393 20.1877 0.30508 43.5378 10.7888 5.55295 1.65732 3.67641 0 30.8209 41.344 
34.1244 47.4887 0.848432 27.5378 1.63367 8.44131 53.6548 100.482 2.12045 37.0372 42.8086 94.233 31.6699 8.83533 7.75297 17.0683 19.5409 1.69481 6.43876 10.3776 34.7384 6.77028 7.45254 0.77953 32.9241 2.75489 0 85.053 
19.7336 1.92106 3.49913 29.1865 18.4742 6.83517 1.41067 122.887 18.0134 0.411878 0.48145 52.8237 0.391304 0.196247 11.4511 14.8521 5.76357 8.27927 26.8502 10.7572 0.309585 8.57991 5.22174 0.126353 7.98733 62.3677 3.07164 0 
