0 807.418 49.0969 615.352 155.821 536.895 159.828 307.371 488.394 96.5933 153.172 211.872 7.25002 19.1558 70.7978 79.7876 492.515 75.2471 12.3891 247.084 122.621 27.2679 34.394 1.96282 489.769 3.68961 23.0315 29.6583 
518.403 0 110.469 664.079 169.923 471.687 168.484 232.122 452.979 125.221 178.195 148.821 27.7397 30.2118 71.7736 16.19 548.139 655.179 161.006 5.06238 106.366 50.9758 37.9005 23.5083 462.234 39.9275 15.7602 56.1419 
35.1546 253.19 0 270.755 153.098 26.022 56.8214 264.78 234.649 114.339 142.568 51.5646 44.1234 14.5028 33.872 15.4129 50.2287 38.8913 21.2145 1.33328 10.4942 4.8967 10.0721 14.1481 3.42886 0.900184 8.16047 3.50676 
569.359 666.819 152.883 0 75.3678 489.595 28.9698 515.245 765.751 29.6755 1.46543 39.1204 72.9893 1.32405 38.0804 21.4524 486.306 9.98557 13.1239 13.2502 677.731 0.00607556 3.11992 21.3793 451.713 23.2556 4.55149 31.7133 
166.095 16.131 182.145 0.783663 0 100.795 17.4625 121.653 351.194 249.113 10.4359 164.52 176.6 35.6859 0.58922 63.9367 117.598 1.19715 2.60476 84.6762 0.0355828 46.2401 39.3086 30.4967 21.6633 8.70135 30.6678 55.3057 
498.306 637.825 9.31785 473.414 698.878 0 748.016 0.307125 912.28 215.471 40.1789 126.38 130.744 1.68948 39.8849 0.0886299 489.761 20.3588 1.39374 24.23 71.2447 0.00518272 16.359 14.5318 472.102 27.6146 16.2304 22.8303 
111.856 381.351 75.4778 182.162 18.2571 212.899 0 207.926 957.199 170.199 486.842 278.585 199.176 81.5953 4.71219 82.0448 65.0696 228.09 131.513 20.393 102.717 12.4829 0.000213651 51.2836 90.7783 76.8272 60.5396 70.8061 
231.422 105.628 276.431 0.613776 222.561 136.96 188.091 0 351.721 182.963 195.115 342.853 146.655 29.6256 60.2689 242.298 44.7904 29.4358 30.4717 71.9833 4.96154 0.0977553 43.1392 94.7095 101.12 39.2934 0.269754 125.053 
707.433 852.199 219.083 471.45 8.96301 911.417 210.775 340.342 0 200.3 603.975 41.8671 131.905 133.236 194.896 123.771 536.436 213.036 0.00399381 70.1234 1.62094 68.9267 1.99322 95.3331 447.77 90.142 16.0345 10.9521 
136.081 54.0687 1.30075 33.8608 286.706 460.604 498.133 36.0338 54.5316 0 111.912 13.9196 218.226 75.6697 4.17786 8.57444 82.1669 97.6952 43.7672 54.1143 3.60873 44.7638 60.0253 31.9913 50.0342 16.7878 6.69929 0.0896776 
12.5847 15.8552 87.5525 196.369 207.445 267.76 22.2028 85.7896 434.983 48.2668 0 347.928 242.878 12.484 390.738 222.772 19.389 88.5666 35.0779 80.1992 10.3546 5.87152 131.182 3.1597 95.0978 77.8039 7.03971 81.1306 
75.1361 206.421 175.234 252.175 114.222 3.63585 198.191 987.494 283.996 112.005 0.338504 0 159.382 131.822 40.3299 168.728 53.7708 46.5513 12.9572 73.8719 122.773 49.7783 28.0007 31.9531 113.561 45.638 117.137 162.124 
107.417 0.0749478 0.414827 18.0763 0.323424 137.201 144.614 55.2149 172.659 274.212 213.338 145.734 0 151.751 22.7755 83.6106 46.4445 15.5007 84.5206 7.31883 54.5637 25.7082 0.217494 2.40338 46.0671 41.3239 34.9726 39.3326 
36.0641 9.86915 9.7158 4.9819 60.7084 19.3929 8.65367 114.611 144.503 60.602 1.17989 103.205 85.6948 0 25.7017 17.6368 4.63537 48.6512 0.00318639 2.00305 9.26957 8.1754 2.73489 8.94799 12.6835 9.05228 8.69389 2.75803 
7.39095 56.3173 6.25645 4.56998 0.0658006 41.3815 90.8201 59.315 200.677 132.109 345.8 66.1459 99.1513 61.8671 0 6.3583 27.4809 29.8374 6.32513 8.19084 42.3223 0.433304 4.1063 25.4443 3.80935 30.4543 10.6239 0.793449 
17.3026 77.011 11.3435 42.8809 15.8458 26.4399 97.4917 227.067 16.388 14.1616 59.2391 8.46273 42.0532 19.2316 60.4043 0 18.4922 10.2066 12.5752 1.80907 42.0658 9.86189 10.1187 19.3657 17.1332 25.9398 7.01341 9.67602 
446.407 596.056 22.5682 477.319 138.715 459.878 55.3887 67.5434 460.507 37.2815 5.74645 49.0078 1.4434 21.9777 0.907873 13.2659 0 216.859 288.833 0.563546 58.3651 10.2068 0.0716757 5.97008 471.741 14.6431 12.1976 4.25454 
116.538 268.076 149.322 54.0852 205.145 3.59388 111.028 177.025 11.1006 128.305 38.3425 82.2306 41.4737 37.4289 45.1682 26.9574 71.087 0 0.0339839 12.3586 44.0528 26.8038 11.4886 24.2068 36.4004 1.49062 10.0768 2.04713 
10.8983 19.7277 15.0206 7.24374 76.3785 85.8059 1.16808 0.806842 32.7781 73.9083 51.4464 96.1079 63.7601 10.5184 38.0449 30.5197 28.2139 120.305 0 7.73036 54.8673 0.327009 13.0552 23.9042 3.13215 0.440942 7.53915 26.085 
203.316 134.153 0.790161 47.7484 83.5898 23.7312 0.160684 82.0722 26.8026 49.8653 86.4908 1.61068 6.17556 4.66666 5.85774 9.58044 32.2242 0.23932 3.62074 0 104.825 2.3619 0.592355 0.351702 10.6513 1.20302 6.54249 0.927713 
97.7811 97.5168 2.99607 173.045 127.777 73.812 4.59632 70.9373 163.05 0.656286 3.75674 48.0525 75.7188 44.8839 0.251522 20.5308 3.20348 107.13 32.7255 300.997 0 26.9436 3.26479 47.5557 2.28091 42.2693 44.181 29.6203 
15.9319 18.2446 12.202 4.25894 24.5035 13.092 37.6481 2.19727 19.3811 54.0988 65.0604 74.1799 17.2119 10.0354 12.5992 1.60204 7.66726 0.996701 1.15676 0.282991 9.92961 0 14.5765 13.7677 17.3362 0.761579 0.124913 0.638437 
46.8509 35.5921 9.31407 2.27278 3.31728 13.246 7.0805 100.88 26.0925 44.1615 83.6804 83.6029 33.3351 0.943259 2.41075 2.12573 4.47378 1.84056 17.476 4.00895 32.232 0.0587785 0 8.92834 2.89346 4.66123 4.53337 3.07895 
50.6238 38.1661 0.0508823 25.8891 1.42912 5.73432 68.9898 84.5432 5.96173 0.440523 57.7481 24.1384 15.4009 4.64476 12.5581 29.2734 9.87268 42.9719 0.52772 3.01651 5.85979 13.4245 20.8206 0 42.9614 15.8096 19.0247 3.62594 
451.775 517.464 14.3224 445.518 66.8341 464.256 69.9715 178.554 570.942 68.4759 121.137 578.807 10.6867 6.15076 1.6806 44.9301 470.781 19.2858 0.00802688 0.769737 29.6938 45.3218 2.51731 37.246 0 97.6502 103.264 36.3272 
5.68211 13.6255 5.00557 0.0468846 70.7114 1.53046 42.7324 218.461 90.2417 74.502 32.2298 399.059 40.7127 1.09321 30.9116 30.9546 27.2242 0.00265185 21.5994 0.575314 47.1743 10.7599 6.3517 2.78695 1.45673 0 34.0517 53.6586 
31.7371 49.126 1.31853 27.3056 2.46209 9.42059 55.5308 100.08 0.903831 34.9181 37.4953 85.0967 32.948 9.31618 6.5907 17.7754 19.0375 2.41961 5.69863 10.5689 36.2233 6.20607 6.57411 1.50147 24.7337 0.861663 0 92.8423 
23.2118 3.37905 2.49255 27.468 15.8312 8.12366 3.02207 129.562 23.9356 0.0242073 2.36626 33.3222 0.923859 0.0458678 9.60631 12.6913 5.01656 10.0637 26.777 11.0054 0.832956 8.90116 5.80615 0.381414 6.80239 55.4065 17.2245 0 
