0 800.83 48.3993 614.219 155.067 534.036 160.57 307.466 484.763 96.3049 153.461 211.618 7.32196 19.2166 70.8197 79.8131 489.526 75.7966 12.2706 245.662 121.957 27.2985 34.4373 1.93721 486.52 3.74185 22.9838 29.5882 
512.911 0 113.686 659.547 167.306 467.965 171.059 231.495 449.422 124.557 178.795 149.238 27.5446 30.3099 71.9167 16.2946 544.711 528.312 161.199 5.20086 106.697 50.9643 37.9608 23.4377 459 40.0509 15.805 56.1902 
34.5389 249.413 0 272.328 153.565 26.2343 55.9405 265.209 237.786 114.344 143.368 52.0077 44.011 14.4837 33.8826 15.4599 50.176 38.509 21.1116 1.3084 10.329 4.9077 10.059 14.1608 3.39939 0.882487 8.14094 3.52751 
564.282 662.299 160.362 0 74.9561 486.285 29.4158 342.568 763.074 29.8701 1.37578 39.7477 72.99 1.34003 38.054 21.5522 483.087 9.82066 13.2024 13.1406 654.686 0.00554568 3.13791 21.4123 448.625 23.3508 4.52866 31.6944 
165.352 15.1807 181.927 0.727696 0 103.201 16.7294 122.093 350.946 250.197 10.6744 164.68 176.672 35.7822 0.614238 63.863 117.861 1.27689 2.38898 84.7796 0.0418746 46.1942 39.3659 30.557 21.7355 8.6433 30.629 55.2866 
495.466 633.968 9.16738 470.096 603.829 0 617.669 0.261742 909.871 141.907 39.4649 126.104 172.053 1.66892 39.9247 0.0942635 486.685 20.1749 1.34052 24.2342 71.3008 0.00441054 16.3622 14.5502 468.94 27.6219 16.2153 22.8268 
112.601 378.883 76.4471 182.548 19.0211 221.681 0 209.419 943.707 167.435 486.751 278.791 198.862 81.7285 4.58609 81.8826 64.914 228.266 131.271 20.5287 102.519 12.4259 6.47426e-06 51.3719 90.7473 76.6804 60.5391 70.7711 
232.188 106.366 276.471 0.640083 222.598 136.359 186.606 0 355.232 183.35 193.996 350.889 146.7 29.839 59.8067 241.783 44.6784 29.2204 30.3368 72.1848 4.83929 0.102929 42.976 94.9856 101.645 38.6982 0.284344 125.191 
704.179 849.185 215.956 469.08 8.61515 909.05 222.04 343.859 0 198.81 777.615 41.0765 131.501 133.406 196.178 123.497 533.175 212.893 0.00722492 69.9613 1.68202 68.9094 2.03926 95.2666 444.554 89.8565 15.9644 11.0399 
136.281 54.623 1.24229 33.6591 287.566 464.158 497.276 35.6671 55.5728 0 114.753 14.2006 216.851 75.7784 4.31739 8.45786 82.1329 97.9249 43.9948 54.1438 3.65353 44.6873 60.0062 32.0816 50.1345 16.8973 6.66645 0.0953674 
12.7591 15.5567 88.3372 196.57 207.934 268.049 21.3337 84.8503 431.35 50.2553 0 345.904 243.141 12.1492 389.757 222.518 19.4721 88.8261 34.9106 80.2574 10.2493 5.91984 131.106 3.08073 94.8119 78.2061 7.096 81.2817 
74.6786 206.655 175.484 252.468 113.946 3.7386 198.852 990.804 282.806 111.401 0.237516 0 159.392 132.177 39.566 165.225 53.6859 46.7399 12.8808 73.9913 122.538 49.8612 27.7893 32.3611 113.451 47.126 117.205 161.884 
107.454 0.0866238 0.432214 17.9893 0.354837 137.795 145.13 55.0033 172.967 273.112 212.865 145.592 0 151.536 22.5271 83.6399 46.3856 15.5909 84.546 7.28574 54.4964 25.8791 0.197087 2.448 46.016 41.3835 34.9525 39.3037 
36.1239 9.93783 9.7436 4.95373 60.6422 19.4176 8.75831 114.756 144.522 60.7647 1.07583 103.63 86.3192 0 26.1823 17.5921 4.62062 48.6835 0.00261219 1.99862 9.23378 8.15851 2.78467 8.96998 12.6595 9.03052 8.70369 2.77094 
7.3306 56.4787 6.1999 4.61613 0.074378 41.4008 90.4786 59.7756 201.115 132.022 344.063 67.0743 98.9134 61.8212 0 5.97882 27.4653 29.755 6.29173 8.20238 42.3806 0.425414 4.04489 25.3944 3.8505 30.4721 10.6006 0.78058 
17.1927 77.0872 11.2954 42.8702 15.9307 26.4571 97.3965 226.386 16.6058 14.307 58.5486 9.44952 41.8835 19.2429 61.1051 0 18.4714 10.1542 12.6061 1.79989 42.1428 9.84971 10.0918 19.4959 17.0555 25.852 7.03826 9.63393 
443.221 592.933 22.6553 474.252 138.528 456.808 55.5469 67.6486 457.461 37.1716 5.69728 48.9213 1.46278 21.975 0.898468 13.2429 0 215.924 324.292 0.553778 58.412 10.1924 0.0733583 5.98404 468.602 14.6662 12.1837 4.24141 
117.128 268.941 149.071 54.4026 204.774 3.67782 111.574 176.934 11.2884 128.144 38.1261 82.4343 41.5982 37.4804 45.2473 27.0274 70.1544 0 0.0434836 12.2605 44.207 26.7727 11.4539 24.1623 36.4593 1.46997 10.0489 2.06474 
10.7866 19.4805 15.114 7.30562 75.3453 85.9019 1.22453 0.832558 33.0006 74.1408 51.2617 96.1546 63.8597 10.4912 38.055 30.5231 27.7182 120.542 0 7.69424 54.9315 0.331704 13.0751 23.9062 3.11559 0.447919 7.55436 26.078 
202.677 134.321 0.80971 47.7249 83.6979 23.7197 0.147405 81.8822 26.9508 49.9135 86.4909 1.64686 6.14469 4.66518 5.87028 9.57801 32.2069 0.224788 3.64724 0 106.933 2.35766 0.589921 0.348897 10.6638 1.19462 6.53411 0.921972 
97.1302 97.8536 3.08828 172.583 127.842 73.7688 4.67332 71.3211 163.268 0.637117 3.69191 48.2916 75.743 44.8794 0.260184 20.4543 3.2315 107.02 32.8 302.307 0 26.927 3.28414 47.5646 2.25494 42.3427 44.1776 29.5718 
15.9639 18.1984 12.206 4.27137 24.5616 13.0677 37.7182 2.22116 19.4459 54.1537 65.1302 74.2103 17.3605 10.046 12.6222 1.61294 7.68116 1.00653 1.16543 0.284801 9.90977 0 14.5926 13.7758 17.329 0.756348 0.12279 0.634529 
46.8571 35.6539 9.2997 2.28853 3.34669 13.2285 7.0195 100.916 26.237 44.0771 83.4065 83.3604 33.1284 0.976214 2.36192 2.15159 4.48535 1.82484 17.4931 4.00785 32.2039 0.0539714 0 9.06542 2.93012 4.6767 4.51738 3.0686 
50.5769 38.0953 0.0533668 25.8754 1.44819 5.75607 68.9518 84.2539 5.88853 0.456057 57.4925 24.5025 15.3002 4.6764 12.6423 29.2813 9.8572 43 0.533666 3.02265 5.89182 13.4359 20.8341 0 42.9161 15.824 19.018 3.60922 
448.567 514.263 14.2773 442.35 66.8177 461.072 69.8495 178.272 567.741 68.5201 120.912 360.143 10.6342 6.17806 1.6524 45.7086 467.645 19.2293 0.00716712 0.762967 29.7622 46.8597 2.50548 37.1814 0 98.7043 109.368 38.412 
5.74619 13.5343 4.96714 0.0532552 70.7144 1.51063 42.9059 218.058 89.9557 74.5429 31.9119 398.886 40.7732 1.08016 30.915 30.9041 27.2211 0.00361131 21.626 0.581313 47.2419 10.7588 6.36686 2.81103 1.42665 0 34.1057 53.859 
31.6906 49.1556 1.32851 27.2993 2.47958 9.43952 55.5643 100.062 0.885386 34.8762 37.3936 84.9128 32.9716 9.32502 6.56872 17.7874 19.0275 2.43476 5.68471 10.5723 36.2509 6.1952 6.5572 1.51747 24.5736 0.835447 0 92.8713 
23.2798 3.41086 2.47463 27.4324 15.7815 8.14894 3.0587 129.667 24.0552 0.0213829 2.41625 32.9794 0.936262 0.0439947 9.57122 12.6489 5.00257 10.0993 26.7747 11.0097 0.845449 8.90711 5.81731 0.387626 6.78398 55.2199 17.5907 0 
