0 625.941 38.3549 521.918 143.686 415.952 171.565 308.279 355.451 91.9467 157.713 207.59 8.44091 20.135 71.1171 80.1425 369.582 84.1595 10.5555 223.64 111.99 27.7555 35.0789 1.57263 362.656 4.5696 22.2698 28.5382 
359.501 0 165.229 515.847 129.536 337.675 210.755 221.824 322.167 114.594 187.651 155.423 24.6864 31.786 74.0299 17.8923 418.127 566.479 163.909 7.48797 111.64 50.7805 38.8586 22.3837 335.39 41.9023 16.4816 56.9019 
25.8435 192.922 0 286.466 160.274 29.4512 43.3561 270.712 284.495 114.246 155.231 58.7851 42.3175 14.1886 34.0038 16.1591 49.3584 32.9338 19.5797 0.962144 7.99656 5.07327 9.8595 14.3463 2.97104 0.637813 7.84865 3.84473 
413.992 518.743 279.952 0 68.809 361.477 36.4375 446.763 646.42 32.8308 0.36988 49.6389 72.9667 1.59036 37.6287 23.0485 359.672 7.50301 14.401 11.5299 663.701 0.000496261 3.41269 21.8964 327.204 24.775 4.19213 31.3972 
154.102 4.3391 178.242 0.136598 0 147.47 7.5743 128.656 346.397 265.842 14.5546 166.983 177.582 37.2273 1.05218 62.7333 121.739 2.77883 0.270849 86.2764 0.197246 45.4967 40.2181 31.4584 22.8268 7.79217 30.0447 54.9889 
377.778 500.487 7.03938 345.222 638.424 0 824.703 0.0162076 793.99 567.912 29.4155 121.866 228.684 1.3745 40.4745 0.199539 365.407 17.4965 0.665344 24.2836 72.1138 0.000302025 16.403 14.8215 346.375 27.7141 15.9863 22.7658 
123.85 340.487 91.3533 187.961 32.2362 372.142 0 231.746 726.897 127.596 483.217 281.45 193.88 83.6717 2.89455 79.3975 62.5705 230.619 127.531 22.6039 99.5181 11.5831 0.031957 52.6833 90.23 74.4348 60.5178 70.2218 
243.357 117.54 276.081 17.6995 222.938 127.239 164.447 0 407.324 188.974 177.167 475.39 147.306 33.1036 52.9858 233.252 43.0021 26.0714 28.337 75.1867 3.18321 0.196607 40.5405 99.0652 109.5 30.2213 0.549525 127.151 
579.871 727.56 169.808 359.608 4.20692 793.814 415.095 396.194 0 176.5 1257.46 30.0334 125.4 135.812 198.388 119.268 409.1 210.549 0.170112 67.5128 2.73199 68.6321 2.79096 94.2149 321.275 85.5355 14.9258 12.3923 
139.18 63.1701 0.526245 30.6759 299.609 507.266 480.629 30.3541 72.1238 0 160.375 18.7272 195.818 77.3317 6.67245 6.79316 81.5915 101.331 47.4401 54.5648 4.35687 43.5267 59.6864 33.4341 51.6225 18.568 6.18143 0.201692 
15.5101 11.3991 100.257 199.271 215.05 271.509 10.3126 71.1867 377.277 84.3271 0 314.91 246.717 7.65008 372.029 218.098 20.7373 92.7122 32.4278 81.1005 8.7292 6.66691 129.82 2.01387 90.4861 84.2465 7.96378 83.5167 
67.9057 209.982 178.954 256.18 109.773 5.44737 208.574 1024.43 264.578 102.394 0.863953 0 159.459 137.333 28.877 115.304 52.4079 49.5956 11.7576 75.7535 118.967 51.0967 24.6871 38.7171 122.678 71.8225 118.16 158.069 
107.962 0.362669 0.735281 16.699 1.00001 143.447 152.749 51.8506 177.431 255.688 205.517 143.378 0 147.752 18.9285 83.9993 45.4964 16.9709 84.8921 6.79606 53.4813 28.4821 0.0113768 3.1636 45.2377 42.2674 34.6451 38.8624 
37.0149 10.9911 10.1583 4.5383 59.6259 19.7768 10.398 116.841 144.639 63.161 0.0907352 109.924 95.599 0 33.4626 16.8623 4.40193 49.1568 0.000837965 1.93228 8.70275 7.90126 3.55996 9.28254 12.2929 8.70074 8.84911 2.9668 
6.45091 58.8875 5.37689 5.33199 0.265843 41.6404 85.3041 66.8056 207.258 130.451 315.827 81.4707 95.2136 60.2297 0 1.64475 27.227 28.5218 5.80001 8.37415 43.2462 0.315645 3.17025 24.5977 4.4892 30.698 10.2517 0.599736 
15.5792 78.1884 10.574 42.6549 17.2245 26.6954 95.8885 215.502 20.0208 16.5646 48.5283 30.5096 39.3385 19.3365 70.957 0 18.1567 9.38295 13.0711 1.6645 43.289 9.664 9.67445 21.392 15.9011 24.4882 7.41327 9.00624 
320.356 470.816 23.9664 353.122 135.61 335.653 57.9198 69.2164 336.685 35.5275 4.98479 47.6211 1.76834 21.931 0.763366 12.8994 0 201.457 435.753 0.417507 59.1046 9.97553 0.100953 6.19524 346.378 15.0127 11.9751 4.04629 
125.965 288.171 145.055 59.194 198.99 5.04949 119.773 175.464 14.2847 125.657 34.9353 85.4847 43.4755 38.2455 46.4262 28.0781 56.7029 0 0.325858 10.8296 46.5346 26.3036 10.9378 23.4956 37.3389 1.17684 9.63365 2.33712 
9.17219 15.9354 16.5367 8.25911 60.4672 87.2266 2.23024 1.26539 36.399 77.6132 48.5081 96.8264 65.337 10.085 38.1944 30.5668 20.8218 124.006 0 7.15994 55.8871 0.406056 13.3714 23.9322 2.87235 0.558861 7.78375 25.9692 
192.238 136.635 1.13063 47.2976 85.2649 23.533 0.0168311 78.9987 29.2045 50.6169 86.4574 2.23625 5.68894 4.642 6.05829 9.53829 31.9376 0.0616174 4.05483 0 139.613 2.29424 0.553901 0.308128 10.848 1.07192 6.40787 0.837846 
87.4548 102.881 4.63108 170.096 128.753 73.0888 5.90427 77.1195 166.433 0.383275 2.7858 51.9177 76.0899 44.8017 0.407715 19.314 3.66589 105.338 33.9177 318.79 0 26.6759 3.58084 47.6863 1.88171 43.4328 44.1193 28.8403 
16.4448 17.5098 12.2634 4.45913 25.4343 12.7008 38.7658 2.59482 20.426 54.953 66.1584 74.6445 19.6509 10.1966 12.9624 1.78015 7.8904 1.15963 1.29907 0.31262 9.61335 0 14.8119 13.8868 17.2236 0.679825 0.0931224 0.577206 
46.9378 36.5766 9.08175 2.53042 3.80222 12.961 6.13342 101.396 28.4339 42.7938 79.2681 79.6849 30.0626 1.52843 1.68452 2.55398 4.6607 1.59666 17.748 3.99055 31.7782 0.00644093 0 11.1365 3.50391 4.90909 4.27953 2.91419 
49.8574 37.0289 0.0977355 25.6551 1.7485 6.08457 68.3509 79.8796 4.8447 0.720787 53.6738 30.226 13.8162 5.15351 13.9093 29.2454 9.62505 43.4124 0.626664 3.11472 6.3807 13.5953 20.8157 0 42.094 16.0268 18.9073 3.3612 
325.356 391.087 13.5992 319.738 66.5519 338.187 67.9937 173.752 444.512 69.1467 117.432 202.669 9.85795 6.59083 1.25739 55.2775 345.475 18.3882 0.000114144 0.664885 30.7906 67.1845 2.37517 35.6404 0 100.955 178.524 91.246 
6.74713 12.1976 4.40432 0.197386 70.7323 1.22772 45.517 211.46 85.6362 75.1036 27.2922 393.077 41.6702 0.893217 30.9244 30.0744 27.1696 0.0357448 22.0221 0.67471 48.2439 10.7405 6.59277 3.18182 1.03456 0 34.8755 56.6582 
30.9899 49.5914 1.48244 27.1974 2.74925 9.72366 56.0536 99.7475 0.631178 34.2413 35.8737 82.1235 33.3223 9.45596 6.24227 17.9598 18.876 2.66702 5.47719 10.6212 36.6606 6.03259 6.30372 1.76682 22.1758 0.489843 0 92.7396 
24.3052 3.90536 2.21273 26.8886 15.0429 8.53063 3.63463 131.135 25.8751 3.41935e-05 3.22686 28.0028 1.13208 0.0205973 9.04712 12.0127 4.79445 10.6393 26.7367 11.0723 1.04418 8.9953 5.98435 0.486779 6.53224 52.2149 23.4073 0 
