0 546.264 35.2076 469.822 139.873 355.385 175.173 308.295 291.289 90.4836 159.091 206.162 8.83016 20.443 71.2027 80.2304 308.429 86.9915 10.0096 216.439 108.68 27.907 35.2904 1.4593 300.192 4.86261 22.0324 28.1887 
289.012 0 183.477 446.564 117.662 273.363 224.326 218.495 259.101 111.278 190.545 157.452 23.7619 32.2796 74.7197 18.4371 354.74 74.9665 164.733 8.33752 113.272 50.7148 39.1553 22.0347 273.021 42.5197 16.709 57.1331 
23.1855 174.486 0 287.063 162.379 30.5333 39.4423 272.152 299.732 114.146 159.112 61.0959 41.7503 14.0869 34.0286 16.3894 49.0749 31.1477 19.076 0.858132 7.28098 5.12865 9.79176 14.4057 2.83387 0.564838 7.75161 3.95287 
343.208 449.496 313.588 0 66.7747 298.689 38.9087 1191.78 585.772 33.8351 0.176134 53.1226 72.945 1.67823 37.475 23.5459 297.355 6.79604 14.8086 11.0091 391.952 2.35837e-05 3.50631 22.0537 265.567 25.2479 4.08229 31.292 
150.317 2.17614 176.841 0.0433765 0 165.033 5.30507 130.832 344.544 270.783 15.9731 167.712 177.813 37.7084 1.22392 62.347 122.996 3.40614 0.0316935 86.7519 0.274487 45.2605 40.4994 31.7582 23.1935 7.51699 29.8493 54.8846 
317.385 434.628 6.38505 282.434 52.6284 0 820.299 0.115784 732.24 202.81 26.3538 120.414 177.881 1.28226 40.6377 0.243236 303.8 16.6395 0.49196 24.2942 72.3723 0.00205426 16.4136 14.9101 284.342 27.738 15.909 22.7424 
127.619 327.214 96.4518 189.598 37.3502 427.576 0 239.132 651.317 115.099 481.14 282.16 192.113 84.2944 2.41513 78.5486 61.7859 231.28 126.242 23.311 98.5044 11.3072 0.0571979 53.1143 90.0361 73.6708 60.5045 70.028 
246.937 121.308 275.538 29.2323 222.964 124.163 157.156 0 424.327 190.773 171.568 517.808 147.476 34.2161 50.7663 230.085 42.4453 25.0549 27.6805 76.177 2.70669 0.23449 39.734 100.399 112.102 27.5944 0.65703 127.761 
517.104 665.31 154.925 302.414 3.08046 732.281 487.06 413.341 0 169.096 636.76 26.7052 123.346 136.552 191.254 117.811 346.558 209.691 0.272009 66.6893 3.13741 68.5325 3.06687 93.8433 259.049 84.0817 14.5856 12.8581 
140.103 66.1098 0.354584 29.6999 303.251 516.846 473.55 28.6631 78.0124 0 176.684 20.3639 188.676 77.817 7.56508 6.27589 81.3973 102.451 48.6002 54.6958 4.60443 43.1345 59.5654 33.8834 52.1111 19.1369 6.02323 0.24585 
16.4817 10.1506 104.284 200.035 217.332 272.296 7.50136 66.8346 357.786 97.3187 0 304.362 247.757 6.37186 364.929 216.375 21.1655 94.0049 31.6135 81.3689 8.24785 6.92489 129.335 1.70791 89.0285 86.2605 8.26303 84.2479 
65.6883 211.014 179.995 257.133 108.371 6.08551 211.734 1028.79 258.362 99.4145 1.96365 0 159.441 138.979 25.6425 100.027 51.9803 50.557 11.3929 76.3295 117.758 51.5053 23.684 40.9299 128.64 80.9625 118.446 156.709 
108.113 0.496643 0.853867 16.2763 1.28734 143.997 155.238 50.8091 178.857 249.524 202.965 142.608 0 146.264 17.7856 84.0851 45.1972 17.4415 84.9924 6.63595 53.1404 29.365 3.26217e-05 3.42161 44.9733 42.5574 34.5406 38.7122 
37.3091 11.3518 10.2957 4.40286 59.2778 19.8911 10.972 117.493 144.605 63.9406 0.00308934 111.988 98.642 0 35.8792 16.5949 4.3299 49.3097 0.00309383 1.91025 8.52844 7.8139 3.82777 9.37918 12.1683 8.58933 8.89692 3.0331 
6.16897 59.6845 5.11317 5.58019 0.355817 41.6989 83.5606 69.1888 209.124 129.813 305.599 86.4535 93.9294 59.3331 0 0.791522 27.1455 28.1123 5.63976 8.43088 43.5312 0.282621 2.89901 24.3128 4.71118 30.7565 10.1353 0.5446 
15.0547 78.538 10.3349 42.5602 17.6636 26.7665 95.3533 211.604 21.2196 17.3454 45.3399 40.0184 38.4921 19.3361 73.9048 0 18.0511 9.13125 13.2266 1.62031 43.6672 9.60079 9.52999 21.996 15.5209 24.0159 7.53911 8.79858 
258.251 408.877 24.4055 291.57 134.59 274.1 58.7097 69.7342 275.266 34.9818 4.75723 47.187 1.87645 21.9149 0.72072 12.785 0 196.463 247.505 0.376283 59.331 9.9033 0.11112 6.26611 284.462 15.128 11.9054 3.98207 
128.903 297.381 143.619 60.8053 196.971 5.55278 122.505 174.93 15.3562 124.799 33.8945 86.4985 44.1038 38.4982 46.8157 28.4291 52.457 0 0.478172 10.3695 47.3159 26.1466 10.7675 23.2734 37.6308 1.08624 9.49664 2.43147 
8.6608 14.8249 17.0202 8.58807 55.777 87.6196 2.63096 1.4296 37.5577 78.7597 47.5965 97.0384 65.8214 9.9504 38.2357 30.5782 18.8125 125.123 0 6.98505 56.2014 0.432478 13.4699 23.9391 2.79322 0.598521 7.86061 25.9315 
188.431 137.318 1.24894 47.1248 85.7644 23.4653 0.002022 78.0244 29.9683 50.8434 86.4316 2.45227 5.54029 4.63388 6.12096 9.52366 31.8441 0.029883 4.19491 0 150.82 2.27318 0.542107 0.295067 10.9086 1.03235 6.36569 0.810621 
84.2784 104.549 5.21166 171.268 129.033 72.8491 6.3453 79.0733 167.444 0.312872 2.51139 53.1429 76.199 44.7715 0.464152 18.9381 3.81641 104.763 34.2908 322.904 0 26.5913 3.68236 47.722 1.76456 43.7926 44.097 28.5958 
16.6056 17.2817 12.2816 4.52227 25.7258 12.5777 39.1132 2.72563 20.7557 55.2098 66.4941 74.7799 20.4368 10.2438 13.074 1.8374 7.96043 1.21299 1.34514 0.322166 9.51513 0 14.8753 13.919 17.1891 0.655167 0.084138 0.558666 
46.9597 36.8822 9.00814 2.61335 3.96013 12.8701 5.85011 101.53 29.1782 42.3597 77.8765 78.4461 29.0575 1.73479 1.48235 2.69383 4.71964 1.52388 17.8321 3.98451 31.6345 0.000871906 0 11.8246 3.70495 4.9867 4.201 2.86325 
49.6112 36.6717 0.115466 25.5758 1.8547 6.19511 68.1385 78.4117 4.51807 0.822253 52.4092 32.2414 13.3344 5.31286 14.3324 29.1687 9.54776 43.5467 0.659262 3.1454 6.54732 13.6439 20.7182 0 41.7617 16.0887 18.866 3.2799 
263.125 328.844 13.3735 257.708 66.4547 276.05 67.3644 172.13 382.223 69.34 116.234 1063.62 9.60434 6.72945 1.1372 57.3924 283.577 18.1102 0.000195149 0.633615 31.1334 71.9666 2.3513 34.9144 0 95.9477 182.055 111.7 
7.09702 11.7648 4.22284 0.265614 70.7271 1.13963 46.3904 209.037 84.1828 75.2686 25.8165 389.822 41.9649 0.834558 30.9105 29.7683 27.1505 0.0538381 22.1529 0.707289 48.5728 10.7334 6.66748 3.30937 0.928819 0 35.1149 57.4996 
30.7554 49.7331 1.53545 27.1601 2.84205 9.81843 56.2115 99.6235 0.555895 34.0276 35.3692 81.181 33.4374 9.49881 6.13442 18.0142 18.8249 2.74669 5.40862 10.6369 36.7953 5.97842 6.21934 1.85372 21.3806 0.394824 0 92.46 
24.6487 4.07711 2.12832 26.7031 14.7992 8.6587 3.83702 131.578 26.4911 0.00168403 3.52218 26.4171 1.20137 0.0147437 8.87358 11.8001 4.7258 10.8216 26.7225 11.0922 1.11502 9.02425 6.03981 0.522242 6.45908 51.1333 25.4697 0 
