0 253.364 23.7526 284.883 124.612 138.046 189.255 307.086 60.3661 84.5933 164.395 200.038 10.4663 21.6841 71.4766 80.4717 88.9346 98.4981 7.9594 191.82 95.5601 28.5073 36.1234 1.04747 75.4418 6.11916 21.086 26.794 
42.0829 0 258.652 193.964 74.6211 42.7703 279.29 204.719 34.621 98.1182 201.782 165.378 20.2082 34.2601 77.4022 20.6736 126.229 654.863 167.626 12.156 119.712 50.4307 40.3287 20.6514 48.7047 44.9858 17.6268 58.0279 
13.8654 105.867 0 268.826 170.09 34.8798 25.3666 275.888 357.268 113.408 174.152 70.5496 39.4695 13.664 34.0495 17.2949 47.8878 24.3997 17.0988 0.500139 4.73793 5.35113 9.51497 14.6306 2.31459 0.316673 7.36553 4.39696 
88.4172 196.967 359.594 0 58.747 72.6065 49.3838 622.439 365.281 37.9292 0.11205 67.8881 72.7882 2.05115 36.8017 25.5221 73.1823 4.30476 16.4773 9.01401 99.6953 0.00419087 3.89047 22.6613 44.1772 27.1239 3.65527 30.8411 
135.081 0.926518 170.418 0.191008 0 241.101 0.249418 139.451 335.49 289.002 22.2556 170.428 178.376 39.6267 2.03822 60.7546 127.83 6.53846 1.41776 88.5324 0.710301 44.2988 41.6087 32.953 24.6735 6.46061 29.064 54.4427 
100.954 195.499 4.06132 56.4584 521.373 0 1561.95 1.41849 500.609 285.117 15.6572 114.42 183.111 0.943752 41.188 0.460671 82.4437 13.3956 0.0592226 24.3074 73.3417 0.0246523 16.4413 15.2541 61.3002 27.7996 15.5944 22.6341 
142.719 272.746 117.264 195.273 61.0862 649.511 0 268.127 359.355 70.1366 468.446 284.104 184.552 86.6549 0.92683 75.0571 58.6352 233.302 120.89 26.2098 94.3927 10.2302 0.231019 54.8055 89.154 70.5428 60.4212 69.2014 
260.457 136.531 271.315 87.3428 222.632 111.74 128.726 0 489.249 197.57 149.368 684.398 147.997 38.7765 42.2026 215.926 40.2273 21.1615 25.1095 80.0824 1.18395 0.419197 36.5395 105.585 122.378 18.1548 1.18219 129.98 
290.382 438.755 99.5962 100.865 0.322907 501.509 787.163 479.144 0 139.958 1165.48 15.2466 115.054 139.199 132.879 111.774 121.45 205.883 0.916622 63.3617 5.03312 68.0982 4.29591 92.2531 35.4615 78.2188 13.2557 14.7928 
143.57 78.2575 0.00561615 25.8978 315.833 527.893 438.224 22.3236 103.182 0 245.858 27.5208 159.807 79.5896 11.6505 4.39859 80.5529 106.848 53.2835 55.1719 5.6593 41.5413 59.0099 35.6724 54.0266 21.4675 5.40818 0.465864 
20.6308 5.85941 120.526 202.405 225.987 273.579 0.702704 50.5476 262.421 156.196 0 261.576 251.139 2.40756 331.233 208.29 22.9089 99.1523 28.4287 82.3775 6.45244 8.0006 127.117 0.733527 83.1374 94.286 9.50895 87.1013 
57.0515 214.749 183.55 259.493 102.722 8.974 223.907 1011.39 232.97 87.6589 10.7604 0 159.168 145.166 14.4856 47.9629 50.2618 54.4478 9.98523 78.5734 112.846 53.1223 19.8365 50.2013 147.858 121.199 119.43 150.856 
108.623 1.24185 1.41562 14.6258 2.79451 140.617 164.895 46.696 184.239 223.392 192.288 139.37 0 139.242 13.5162 84.2578 43.9879 19.3745 85.3181 6.0112 51.764 32.9621 0.207393 4.54831 43.8917 43.6941 34.1129 38.0964 
38.4713 12.8413 10.8388 3.87727 57.8408 20.3202 13.3998 119.885 144.103 66.9538 0.857941 120.029 110.439 0 45.0969 15.4164 4.04632 49.8965 0.0263562 1.82255 7.84471 7.45728 4.92311 9.72564 11.6593 8.13727 9.08467 3.30295 
5.09883 62.8386 4.11408 6.61944 0.845644 41.8255 76.5196 78.8671 215.628 126.714 261.536 107.087 88.5591 54.071 0 0.477124 26.8095 26.4846 5.01762 8.65474 44.6526 0.168555 1.92282 23.0828 5.64209 30.9058 9.66958 0.350166 
13.0272 79.8467 9.38713 42.0687 19.4571 27.009 93.0538 194.815 26.2982 20.6032 33.4452 89.045 35.1244 19.1764 83.4878 0 17.6247 8.15363 13.8505 1.44834 45.1588 9.34153 8.92844 24.2374 14.0292 22.0497 8.04552 7.97763 
35.0642 185.937 26.1696 70.466 130.275 53.031 61.8601 71.7795 54.7679 32.8113 3.89771 45.4474 2.33985 21.8431 0.562102 12.3274 0 175.804 543.715 0.232674 60.2123 9.61477 0.156644 6.55189 61.9042 15.5881 11.6267 3.72939 
140.575 346.305 137.415 67.307 188.474 7.7914 133.391 172.576 19.9954 121.227 29.853 90.532 46.6302 39.4955 48.3557 29.836 36.8285 0 1.37688 8.61712 50.4642 25.5158 10.0958 22.3858 38.7894 0.759553 8.95596 2.8266 
6.75098 10.7524 18.9949 9.95665 38.5657 88.9434 4.55713 2.18448 42.3119 83.2765 43.9896 97.8256 67.7173 9.4158 38.375 30.6075 12.8356 129.393 0 6.30236 57.4377 0.546341 13.8624 23.9585 2.48681 0.77042 8.16998 25.7727 
171.779 139.593 1.77767 46.2845 87.6444 23.1671 0.0864488 74.0705 33.0815 51.7085 86.2559 3.41261 4.96277 4.59946 6.37119 9.45825 31.4511 0.0165265 4.77562 0 195.838 2.1894 0.496023 0.245548 11.1461 0.880884 6.19643 0.705923 
71.8745 111.159 7.85917 185.391 130.028 71.8261 8.25888 86.9754 171.259 0.102527 1.55465 58.1172 76.6021 44.6291 0.726177 17.4557 4.44692 102.388 35.785 331.978 0 26.2484 4.10089 47.8402 1.33272 45.2126 43.9934 27.6153 
17.2511 16.3769 12.3496 4.77763 26.8947 12.0822 40.4924 3.27919 22.09 56.1868 67.7992 75.2746 23.6873 10.4173 13.5113 2.07369 8.24163 1.43809 1.53697 0.361704 9.12516 0 15.0797 14.024 17.0544 0.560803 0.0527302 0.487378 
47.0221 38.0938 8.70923 2.95619 4.62097 12.4983 4.77867 101.933 32.2114 40.5956 72.2668 73.4354 25.1334 2.654 0.797181 3.27894 4.95792 1.24914 18.1635 3.95899 31.0506 0.0300415 0 14.4871 4.5546 5.29743 3.89098 2.66228 
48.5958 35.2355 0.201005 25.2288 2.30957 6.64168 67.2296 72.5022 3.32134 1.29378 47.403 40.7997 11.4738 5.94752 16.0187 28.5439 9.23915 44.0674 0.797723 3.26823 7.23163 13.8153 19.8839 0 40.1552 16.3072 18.6786 2.96188 
39.3773 104.929 12.4729 34.776 66.0232 52.6096 64.7963 165.098 157.986 70.0343 111.266 311.012 8.61656 7.28806 0.71508 59.3918 61.0913 17.0103 0.0126819 0.515736 32.5028 75.8571 2.35309 31.2771 0 55.9425 98.3011 149.262 
8.57492 10.1001 3.52875 0.638476 70.6512 0.818953 49.8914 198.308 78.3211 75.8175 20.259 370.511 43.1208 0.618707 30.7694 28.4041 27.0645 0.163115 22.67 0.844798 49.8621 10.7002 6.96281 3.83767 0.632273 0 35.9835 60.3639 
29.8129 50.281 1.75599 26.9944 3.22758 10.1978 56.8169 99.033 0.302362 33.163 33.3623 77.3569 33.8884 9.66611 5.7084 18.2155 18.6175 3.07609 5.13744 10.6966 37.3243 5.76214 5.88283 2.21972 18.243 0.116487 0 90.184 
26.03 4.79857 1.80552 25.9404 13.8375 9.17438 4.69812 133.116 29.0007 0.0521177 4.8279 20.467 1.49847 0.00109062 8.18644 10.949 4.45507 11.562 26.6573 11.1675 1.42083 9.13774 6.2604 0.676035 6.22609 46.4635 34.2016 0 
