0 690.795 168.441 394.02 240.191 256.976 119.983 81.6216 394.334 3.64704 6.70963 136.064 0.771111 27.7688 1.20813 30.0226 204.904 179.094 62.1983 276.927 39.5656 38.9698 46.3998 31.7283 174.317 16.6852 49.2873 58.8677 
655.325 0 130.227 414.573 406.895 169.559 5.83312 276.097 265.445 5.98442 188.813 37.0863 5.97861 27.7342 96.7285 8.9476 288.215 688.804 2.66527 0.194679 173.703 20.8314 8.61452 49.3089 191.642 75.9998 0.0362497 37.6243 
153.599 230.501 0 192.85 158.315 9.22645 186.097 276.187 440.869 49.8967 191.367 0.629329 73.2503 4.76323 33.2791 14.1289 25.7287 12.0611 49.1718 7.006 3.66323 0.653931 10.634 0.0903524 28.3034 26.8549 0.503025 8.14556 
184.741 412.655 104.002 0 14.862 159.595 163.383 451.152 425.349 39.1424 102.94 253.914 6.02919 10.1719 5.66248 42.9789 150.896 144.913 0.682001 0.0247531 753.194 0.797088 13.0435 6.28841 173.789 39.4461 17.3139 1.04818 
246.373 528.247 47.731 113.316 0 383.896 52.1294 26.2656 11.7979 28.7489 203.967 1.00832 22.0521 6.03756 71.6167 28.3597 0.013023 70.1612 187.709 64.6833 125.058 7.27877 19.2044 38.4161 7.14965 5.84178 1.79896 1.81114 
226.237 172.5 26.1508 145.889 817.837 0 943.672 211.137 394.729 417.525 132.778 100.39 330.331 10.3894 2.52097 13.2401 174.433 116.361 29.8143 15.4328 2.78338 12.6974 8.18418 15.015 137.782 10.7035 13.4453 6.94847 
73.9322 513.875 181.341 13.0683 1.29382 939.675 0 378.17 18.8189 84.9241 486.206 125.004 24.1201 83.9335 132.591 44.6669 3.3817 182.049 9.06544 8.4383 110.011 57.3567 68.8185 0.151204 69.4249 99.3609 11.6033 34.0956 
1.62429 47.9461 262.994 384.981 167.288 114.052 24.862 0 418.985 2.83364 55.6752 21.5213 122.796 3.86329 181.875 249.986 97.6141 169.709 64.767 18.4514 1.50693 61.0239 65.0444 129.076 135.974 15.9096 90.4974 130.042 
165.885 378.49 42.7917 314.768 287.449 398.101 1306.4 429.914 0 17.4869 1085.08 7.23467 97.0938 12.3451 32.7468 0.00642538 208.591 214.26 17.622 67.9572 3.76666 34.8019 99.092 94.677 242.865 13.7977 35.7904 89.2676 
135.21 238.802 75.3385 101.283 7.8381 49.025 72.7992 219.575 264.585 0 389.786 152.553 331.245 78.1933 84.4133 45.5901 83.3125 126.158 75.4998 27.8282 99.3255 9.0096 37.7943 46.0885 33.262 18.6814 28.8884 36.235 
141.436 10.8914 227.392 79.101 219.206 205.122 18.0209 2.92392 106.835 295.349 0 518.076 143.16 174.69 320.862 214.909 18.1556 76.9005 6.37675 78.9195 148.108 53.2947 64.543 69.0381 56.4312 1.79133 79.3708 17.1697 
8.55579 105.228 77.4985 43.1157 130.478 17.1245 239.635 628.621 208.36 223.324 193.009 0 32.1825 55.571 239.813 163.17 12.4536 3.15658 85.5041 83.9117 154.27 2.10312 125.148 78.329 31.4222 129.831 66.6846 9.41243 
86.4485 57.4786 26.9868 69.3484 136.896 137.327 68.2146 2.24495 17.2979 323.271 12.6932 79.8134 0 0.103369 113.713 17.096 0.0133076 102.422 50.5518 6.69143 57.1503 90.259 6.89371 0.275509 5.88153 53.0484 10.9981 7.14941 
11.5555 50.5552 16.636 8.98965e-06 40.2328 10.0834 75.8912 37.9436 2.89143 64.5571 198.171 28.3768 101.376 0 7.71869 3.26608 0.813309 51.477 16.8745 4.63966 28.587 10.0242 3.36499 3.52184 6.78936 9.04988 10.5136 5.83486 
71.1823 94.2888 1.58782 28.7112 67.1906 0.751449 40.5344 41.8372 151.377 58.3751 375.404 24.3922 94.2016 17.1469 0 46.8775 25.2067 21.746 37.8048 10.4711 7.33912 7.16128 23.5503 20.2511 5.60051 28.9728 14.0274 3.25227 
20.4939 18.1344 12.6502 18.2843 40.3769 7.78212 67.9112 257.466 150.616 0.422096 42.8484 474.914 79.9063 9.9324 71.2748 0 22.0972 57.4154 30.4175 4.25111 40.9023 11.7192 0.86028 28.7666 29.4394 32.81 1.70473 3.73122 
137.122 233.031 10.5688 162.978 82.2616 145.229 101.899 7.51518 170.599 58.4071 6.50643 16.0125 55.0827 11.9814 18.183 17.5472 0 131.878 213.559 18.1032 6.77399 19.0828 12.0857 9.70412 149.559 20.9477 4.15335 22.8966 
139.723 115.111 36.1213 42.3838 97.1772 55.4015 228.915 17.3475 9.47673 6.49795 48.4947 1.38136 84.2236 53.2829 41.3237 1.61993 263.156 0 18.4081 83.1419 35.4911 11.2344 23.533 48.3938 53.1856 7.16135 40.309 0.198036 
64.6771 164.97 0.0928742 0.0358148 285.974 51.4917 156.29 5.60832 2.55866 102.371 1.02616 27.7275 16.8513 1.60586 1.03448 16.6956 44.3999 67.5862 0 17.6557 68.3734 13.5833 13.3122 22.2073 11.5176 25.0777 0.911272 0.8004 
222.447 113.542 17.4675 29.6128 63.0846 19.9499 4.5355 116.484 49.0351 19.7873 86.4213 69.3284 7.87038 1.92585 8.63136 0.826578 27.4848 86.6614 36.5544 0 188.264 5.6472 0.0271226 6.22054 12.3397 12.0197 1.71787 8.6973 
59.5953 176.337 9.37219 120.115 0.161612 30.58 2.1314 84.9887 127.08 92.8857 149.171 12.564 5.98472 0.722815 18.1567 21.6889 62.779 112.855 72.3801 11.8274 0 30.1274 0.0527619 21.9172 39.6401 58.8289 18.8401 28.6044 
40.0026 51.4774 8.30774 8.08077 56.4254 0.000330149 0.376786 65.472 61.7583 13.6736 0.818432 25.8931 88.4715 2.25714 16.0991 0.46501 0.566606 42.2407 16.118 0.781683 14.5513 0 14.0714 4.32498 11.8248 10.7252 0.393614 7.42058 
32.1194 6.96061 9.93818 11.8652 0.80676 15.377 53.2074 0.261322 72.8415 57.9321 7.95982 113.339 9.12546 5.68768 22.053 11.456 4.00211 9.67762 17.6974 3.27212 38.4172 0.265263 0 20.0863 4.56485 7.3732 0.00130712 7.59116 
2.07521 35.782 12.7068 21.9026 5.06748 6.32834 37.6089 39.6738 42.0889 6.43591 125.21 89.2363 23.0972 0.28056 19.282 16.39 16.2919 8.93294 4.97751 2.75973 43.961 5.196 6.05779 0 18.3156 16.698 16.762 11.555 
208.296 211.359 23.082 178.608 30.9661 145.747 90.6363 0.503613 189.497 58.072 29.328 548.289 40.3716 12.1143 22.9431 48.7714 151.98 9.33469 3.61017 0.0724816 0.0491894 7.13421 20.8864 57.575 0 104.587 181.272 81.7972 
13.3592 0.628475 27.2494 8.39054 46.0152 21.0296 6.16506 79.6455 13.7369 75.1375 132.78 365.503 53.3094 12.8831 27.2076 31.5625 24.7692 2.08805 1.93707 8.16046 55.7422 1.61858 8.77568 6.06165 2.27988 0 35.115 29.5881 
44.6281 20.3025 15.8811 23.5204 32.2353 2.06126 28.0145 10.7236 10.7442 2.90336 48.2857 0.926803 36.6879 10.0731 17.316 2.42443 11.2482 38.0611 14.9517 2.41416 38.4311 2.88639 0.279722 0.744688 25.2856 7.37291 0 21.2479 
6.15325 0.651713 0.22006 0.0563386 41.4221 3.77585 40.202 125.685 76.5273 32.8628 23.3659 135.144 43.3425 0.521445 14.1802 1.78742 23.333 5.07344 2.19195 3.6062 47.603 4.71362 1.51119 2.38711 13.083 63.5023 29.0939 0 
