0 28.093 1.71913 371.191 48.0697 153.794 249.852 266.025 28.5752 52.4627 186.588 156.614 21.5271 28.6437 71.0143 78.644 99.4558 162.18 0.796099 146.412 32.9439 31.6366 40.2821 0 57.426 15.217 16.029 19.3414 
191.09 0 464.014 49.3999 20.5206 40.9683 509.674 122.027 91.211 34.6919 250.23 201.723 5.42955 45.065 89.483 34.2453 86.7673 940.535 171.295 43.1588 151.14 48.2687 46.299 13.5296 34.4832 58.1199 22.8685 62.0132 
6.27327 67.3165 0 1.86066 188.254 56.403 4.82391 239.045 452.354 100.255 233.122 124.301 26.9725 10.9642 31.9658 21.6094 40.0508 1.43525 7.68598 0.260155 0.559198 6.58878 7.85808 15.4834 0.36832 0.23271 5.32833 7.12015 
46.6755 50.9404 94.8687 0 20.8411 47.4428 116.673 765.811 289.352 61.524 19.4583 161.168 69.9664 4.65948 31.5945 35.3339 57.9309 0.805878 26.482 1.32093 657.386 0.199518 6.23974 25.3023 45.6214 36.4688 1.68753 27.5708 
56.3483 181.257 116.763 15.3877 0 379.5 83.3389 182.343 246.623 331.835 71.5951 179.276 171.147 49.7836 9.96935 50.8584 147.767 40.0549 69.9207 94.5657 6.64814 38.5755 47.1857 39.3108 33.071 2.00779 24.6819 51.3321 
127.231 91.8327 0.796098 34.8107 1025.58 0 437.913 32.7416 237.379 891.588 7.42249 78.1089 648.414 0.00495727 41.1734 2.81368 81.7185 1.60821 5.09589 23.5487 76.7394 0.589606 16.1693 16.8246 52.0305 27.1648 13.7385 21.6224 
218.775 26.8106 220.011 199.1 250.376 307.867 0 389.149 572.108 32.0498 298.306 269.162 132.089 95.4341 5.25735 54.0017 41.3681 226.349 87.388 43.5893 70.7262 5.14592 3.22827 62.9775 81.4342 51.9322 59.1011 63.2626 
305.898 217.857 197.487 280.909 208.647 46.837 15.2667 0 661.304 221.62 44.9701 945.929 146.255 65.8079 7.60772 111.868 28.4991 5.27696 12.7935 99.1721 3.9306 2.36787 20.3987 128.464 170.468 2.02469 6.70046 135.44 
241.664 342.331 29.5148 242.27 34.5039 240.741 898.458 662.17 0 18.7453 919.94 10.1674 69.4704 144.943 70.927 74.6683 100.255 175.314 11.0187 44.6974 22.8143 64.7196 14.3841 80.8244 29.7306 46.2087 6.92338 27.2303 
155.531 150.117 7.60735 8.82887 320.796 88.3872 141.317 1.28031 261.807 0 576.458 81.137 26.6242 84.0954 46.0064 0.038777 74.0856 127.904 79.181 56.3853 13.1998 32.2897 54.0247 44.996 63.1626 35.3973 2.56889 2.88649 
50.0035 3.38454 202.13 195.321 257.327 229.657 87.3649 0.809681 158.62 523.207 0 55.5671 246.78 14.4755 85.2711 137.561 33.2402 126.069 13.3846 85.9793 0.472246 15.0681 107.779 2.64316 50.5953 134.618 17.6352 100.31 
18.5076 223.296 184.857 231.496 71.3401 33.4027 273.13 262.938 95.5162 31.9952 165.771 0 152.036 165.566 11.0241 116.602 40.7046 76.6505 3.79928 88.9081 84.3463 61.3856 4.29775 107.905 61.6608 353.182 120.092 109.402 
108.717 11.105 6.88345 6.86975 20.7342 160.483 206.016 26.1515 203.315 71.4504 124.866 117.663 0 79.2302 0.31201 80.3765 37.0507 31.2718 84.9297 3.06746 43.9231 53.5777 8.31761 13.204 37.3621 49.1587 31.4966 34.3163 
44.3382 22.1628 13.5617 1.51441 48.8417 21.8064 29.9103 126.317 131.304 79.6848 37.6275 154.89 153.691 0 56.0414 7.23809 2.62877 52.3772 0.557866 1.358 4.51733 5.3642 9.45694 10.3301 8.64739 5.56433 10.0057 4.89268 
0.980979 78.632 0.479392 13.4154 7.12391 39.4815 38.7313 131.888 221.074 96.275 31.3971 219.6 54.98 6.95183 0 62.8359 24.6941 17.9641 2.1863 9.78634 50.197 0.066955 0.177524 14.5466 11.7328 29.3119 7.14581 0.0478038 
4.23427 84.3049 4.65232 36.3846 30.1577 27.1102 76.504 86.6123 60.4546 41.2568 0.0365288 449.367 17.9816 14.2781 56.4988 0 15.1938 3.6723 17.2975 0.656014 52.6023 7.76505 5.24934 29.0728 7.34581 10.479 10.8641 3.92006 
29.0609 169.569 35.8006 71.9834 101.202 55.7861 78.5015 82.1254 61.7153 21.4897 0.676902 35.9099 5.73989 21.2444 0.0401906 9.84167 0 62.1647 362.192 0.0581095 64.332 8.04683 0.543705 8.17846 55.7185 18.0652 10.0939 2.46687 
197.863 429.74 93.5707 102.469 132.889 25.8491 188.299 153.897 54.3131 98.2654 11.6507 111.651 60.6343 44.5384 56.1555 37.5331 0.668434 0 14.2237 1.75145 68.0981 21.9898 6.70041 17.5796 44.851 0.00526135 6.20859 5.48353 
0.439016 0.00246141 30.6285 18.7773 1.39562 88.8248 23.6801 9.04533 70.8889 105.155 25.7204 100.366 76.737 6.62689 38.3899 30.3093 70.7263 146.258 0 3.08925 63.5473 1.40033 15.9598 23.8221 1.10259 2.08401 9.91781 24.6893 
63.9004 138.509 6.08757 37.8779 94.2871 20.8064 4.5844 51.5016 51.3264 55.2078 83.2431 11.2935 2.30794 4.35638 7.72007 8.90856 28.7892 3.15324 8.49574 0 331.439 1.74387 0.275625 0.0531176 12.3029 0.254435 5.25808 0.254873 
17.8366 144.355 30.5055 190.52 131.917 64.5061 22.7487 130.973 185.072 0.989603 0.386877 86.7678 77.8531 43.2404 3.175 10.0808 8.68309 87.5508 43.9535 189.619 0 24.2477 6.74233 47.7818 0.0359251 52.3342 43.019 22.208 
20.8381 11.6692 12.5831 6.249 33.319 9.30988 47.6708 7.16037 29.7593 60.0209 73.8036 76.6171 43.5999 10.9021 15.5928 3.55298 9.81436 2.99886 2.79878 0.616586 7.07828 0 14.7499 13.9028 16.4187 0.169421 0.0107043 0.179928 
46.6461 44.3518 6.9707 5.12306 9.04027 10.2623 0.774013 100.345 49.9548 30.364 41.7987 45.6136 7.63766 8.25744 0.853427 6.92831 6.3306 0.220888 19.8354 3.78082 27.6147 1.60309 0 20.4539 10.1752 6.97077 2.33427 1.65256 
42.2351 27.2531 1.07537 22.542 5.63361 9.17829 60.6522 40.75 0.0174464 5.67582 22.6236 96.9843 3.49366 8.99537 24.1649 17.7486 7.56878 46.4344 1.78119 3.93639 11.4587 14.0697 7.0854 0 25.4351 16.6417 17.0559 1.45343 
28.7872 90.0579 7.73879 28.8574 62.4732 41.6686 49.6452 114.669 137.619 71.5162 80.3184 452.97 4.03068 10.3743 0.146915 18.6075 55.3162 11.382 0.427245 0.0812698 39.8785 47.4824 4.97177 27.4616 0 74.8513 111.499 91.1468 
18.698 3.05852 0.757235 5.38031 68.6681 8.28814e-07 68.6713 118.927 46.3055 75.6016 1.34513 149.402 48.7157 0.00553596 27.6677 18.0222 26.3194 1.80441 25.305 1.79237 56.0707 10.3832 8.4477 7.13196 2.63959 0 37.9766 59.7408 
24.56 52.7393 3.19458 25.625 5.74164 12.2674 59.3585 93.1752 0.279579 28.1829 22.8359 55.4477 36.084 10.4581 3.55548 18.8442 17.3986 5.18705 3.74323 10.9342 39.9362 4.59257 4.09318 4.69649 4.25779 1.52269 0 51.8004 
33.7168 9.68298 0.485159 21.2666 8.98221 12.0681 10.8069 134.612 43.7543 1.56907 15.3179 0.958917 3.68223 0.204335 4.70661 6.43807 3.08313 15.9166 26.0708 11.4492 3.72882 9.69213 7.42016 1.84238 7.0754 17.1554 81.1457 0 
