0 3.6302 3.52935 339.146 42.3647 127.674 253.449 259.74 0.703253 49.6818 187.944 152.048 22.6863 29.2776 70.8078 78.2178 73.5057 167.598 0.510479 131.55 28.532 31.9045 40.6202 0.00862454 28.9746 16.2051 15.5863 18.6922 
196.42 0 450.667 14.994 32.7058 17.9809 517.951 114.503 74.8427 30.1683 253.231 204.272 4.52921 46.0186 90.3214 35.5519 56.4131 698.006 170.579 46.6032 153.548 48.0237 46.7936 12.933 6.48605 59.2486 23.357 62.292 
9.39495 95.7945 0 7.62189 187.672 57.9235 8.14541 231.415 437.634 98.3741 235.789 128.953 25.8711 10.6952 31.6013 21.9289 39.2487 0.717673 6.98293 0.384821 1.0284 6.70149 7.69901 15.5271 0.272901 0.333029 5.15253 7.38674 
29.3531 16.2792 61.1055 0 18.1671 18.4593 122.931 426.35 250.04 63.6605 22.7377 169.581 69.5508 4.93757 31.0125 36.083 29.691 1.36414 27.4368 0.948879 120.329 0.231607 6.46933 25.4769 18.9707 37.1931 1.54316 27.2139 
50.2662 208.34 110.897 17.8813 0 388.194 98.6743 185.693 236.157 330.257 77.0545 179.546 169.652 50.6545 10.9583 49.8827 148.938 44.284 80.1967 94.7793 7.47365 38.0252 47.6417 39.8634 33.8449 1.72414 24.2814 50.9953 
102.473 56.4894 1.33754 6.36975 609.072 0 652.44 37.354 179.961 576.385 11.0634 74.6977 195.506 0.000147881 40.9163 3.11718 54.6867 1.09386 6.14803 23.4117 76.8793 0.677109 16.1094 16.9377 24.3025 27.0269 13.5609 21.4969 
224.482 16.0087 226.478 197.101 268.893 193.334 0 395.257 723.216 47.7462 277.621 265.744 126.736 95.8467 6.67669 52.0114 39.8402 224.235 84.1461 45.2361 68.5417 4.76085 3.66601 63.6099 80.5105 50.1812 58.9101 62.6154 
307.207 224.482 187.637 327.926 206.409 41.7855 10.1203 0 656.177 222.563 37.9332 893.846 145.714 68.3194 5.76777 101.843 27.4873 4.33946 11.849 100.646 5.10471 2.62139 19.0946 129.962 173.766 3.7706 7.41213 135.349 
208.99 302.156 46.4572 228.179 41.4246 183.248 752.772 658.241 0 12.8742 662.968 14.6458 65.5233 144.756 39.9556 71.1675 71.4142 171.844 12.4564 43.0185 24.9937 64.3332 15.5539 79.5878 2.86525 43.4602 6.43799 28.4869 
155.977 156.521 9.05351 7.67236 315.747 59.2295 115.852 0.636994 275.516 0 589.754 86.88 19.2996 84.0428 49.8191 0.165622 73.3561 129.495 81.4487 56.3753 14.0201 31.4264 53.4219 45.7792 63.8538 36.7145 2.35929 3.20442 
53.1253 4.95109 207.941 193.033 258.636 221.974 104.077 0.10249 195.153 546.384 0 42.973 244.48 18.2904 66.6159 129.78 34.2296 128.336 12.2576 86.1371 0.267591 15.7975 105.509 3.42029 47.7647 137.723 18.4691 101.269 
15.9359 223.03 183.43 225.819 68.5425 36.2266 275.792 192.638 84.6743 28.0357 186.136 0 150.933 166.13 15.6597 149.396 39.8365 78.6953 3.37577 89.6568 81.7026 62.0731 3.42189 113.224 79.619 366.999 119.752 105.117 
108.497 12.4575 7.56685 6.29093 23.1017 171.244 208.485 24.5039 204.083 59.9257 118.446 115.418 0 72.9597 0.0722012 79.6335 36.4034 32.4422 84.712 2.84432 43.1946 55.4293 9.5954 14.1706 36.7293 49.5808 31.2384 33.9433 
44.8192 23.0867 13.7791 1.34925 47.9487 21.8633 31.6162 126.311 129.362 80.4587 43.2491 157.025 155.077 0 52.8785 6.48904 2.51276 52.5373 0.6395 1.31768 4.2545 5.16968 9.58861 10.2696 8.36468 5.33174 10.0791 5.04341 
0.763183 79.8912 0.322503 14.1009 7.97803 39.0249 35.6151 136.304 218.95 92.6556 19.8244 227.942 51.8291 4.18812 0 69.4134 24.4811 17.2385 1.98244 9.87953 50.6417 0.102099 0.344052 13.7003 12.3431 28.9728 6.92311 0.0854724 
3.65755 84.4688 4.28047 35.6484 31.1795 27.0155 74.7335 77.1483 63.8988 43.2632 0.109532 468.587 16.6101 13.5754 49.1368 0 14.9676 3.34613 17.6085 0.598061 53.2022 7.612 4.91215 28.7666 6.91756 9.49046 11.1178 3.60402 
1.96426 140.584 36.6453 45.2251 98.2305 29.2223 79.9216 82.9767 35.6201 20.5321 0.514416 35.055 6.11691 21.1732 0.0226035 9.62028 0 53.4908 366.501 0.0941297 64.6414 7.90665 0.590168 8.32999 28.3004 18.2841 9.95517 2.36342 
202.126 423.71 89.1073 105.434 127.403 27.8994 192.568 151.767 58.0404 95.9641 10.3769 113.443 61.8959 44.9541 56.7969 38.2192 2.11632 0 16.0052 1.37839 69.6975 21.6666 6.41956 17.1531 45.3695 0.0251263 5.9794 5.76361 
0.234776 0.0611036 31.7143 19.6665 3.47215 88.1921 26.0527 9.88423 73.6017 106.812 24.2311 100.443 77.4223 6.38902 38.3282 30.2439 82.7012 147.168 0 2.84743 64.0383 1.49653 16.1437 23.7894 1.00314 2.2331 10.0798 24.5739 
55.0041 137.274 6.57769 36.851 94.5597 20.537 5.31834 49.452 53.0318 55.4137 82.8027 12.2112 2.11324 4.33 7.83883 8.84349 28.5087 3.69979 8.87257 0 327.559 1.70486 0.258524 0.0425205 12.3942 0.215701 5.17272 0.224724 
14.5301 146.987 33.1143 177.326 131.783 63.7124 24.3652 134.848 185.682 1.24057 0.626947 89.4091 77.8845 43.0647 3.4791 9.48845 9.12871 86.0782 44.6832 167.098 0 24.057 7.00885 47.7171 0.0102971 52.9129 42.8971 21.7203 
21.165 11.2681 12.5924 6.38726 33.8958 9.05819 48.2797 7.57951 30.4761 60.2324 74.2426 76.6217 45.492 10.9052 15.7504 3.69986 9.95877 3.16691 2.93 0.642777 6.9013 0 14.5998 13.8336 16.3696 0.144908 0.0178866 0.159274 
46.5519 44.8787 6.80773 5.34014 9.50248 10.0472 0.576824 99.8856 51.6096 29.4154 39.2003 43.1768 6.49011 8.62392 1.18052 7.26811 6.45995 0.168744 19.9734 3.76159 27.2862 1.85416 0 19.9772 10.7319 7.11607 2.2077 1.57006 
41.6014 26.5317 1.18709 22.239 6.00097 9.41133 59.9342 38.0745 0.000507597 6.21442 20.7027 102.381 2.98215 9.20574 24.7349 16.3901 7.42015 46.6059 1.8885 3.99589 11.8774 14.0342 5.80819 0 23.8275 16.5979 16.8625 1.33925 
1.15676 61.763 7.33913 1.65692 62.0564 13.8356 48.219 109.477 108.543 71.4511 77.333 294.226 3.69158 10.6469 0.24501 25.2781 27.9362 10.9115 0.493639 0.060233 40.5262 61.386 5.40378 30.5854 0 53.0638 167.524 51.6709 
19.7607 2.61173 0.602483 6.01567 68.3595 0.00698442 70.279 110.939 43.5549 75.3109 0.719674 127.302 49.1514 8.27074e-05 27.2076 16.9497 26.2295 2.03897 25.5247 1.89324 56.5515 10.3434 8.56757 7.45161 3.11713 0 37.9124 58.3097 
24.0814 52.9141 3.34278 25.4639 6.00147 12.4523 59.5208 92.435 0.392706 27.7163 21.9372 53.4443 36.2583 10.5185 3.37877 18.86 17.2817 5.40286 3.62528 10.948 40.1469 4.48877 3.93851 4.95459 3.42583 1.88984 0 47.1248 
34.4128 10.198 0.40554 20.8112 8.58192 12.332 11.4677 134.157 45.1459 1.8087 16.5232 0.421644 3.9248 0.245849 4.42366 6.05829 2.96898 16.3328 25.9988 11.4635 3.98899 9.73632 7.51965 1.97321 7.35854 14.7567 84.0854 0 
