0 844.365 160.889 552.327 234.773 398.641 128.269 90.3699 536.163 2.72799 5.36266 130.779 0.528178 27.0695 1.50607 28.6079 346.32 173.442 64.3096 281.067 45.1054 38.8347 46.2694 32.5039 315.214 15.5872 49.4837 59.1425 
769.002 0 168.851 564.091 432.096 316.532 1.2053 271.842 420.544 8.46206 195.107 40.7806 7.10778 26.6736 96.6583 8.07008 427.952 1040.6 1.71134 0.00986747 172.36 21.3535 9.12323 49.9474 330.328 76.7588 0.0136484 38.3977 
145.306 189.205 0 226.553 153.325 10.9395 195.91 274.834 421.363 52.944 183.923 0.156836 73.3379 4.48601 33.021 14.6551 26.7015 14.7754 48.1988 7.57127 2.63647 0.710081 10.5018 0.129867 28.3027 26.6744 0.574558 8.44804 
310.236 562.429 176.454 0 17.5736 297.555 157.682 187.247 554.185 36.8591 97.0168 250.714 6.65526 10.5474 6.22845 42.9036 291.417 144.235 0.919584 0.124056 185.014 0.865131 13.2952 6.67927 312.917 40.1002 16.9857 0.873476 
241.47 531.382 42.1106 117.461 0 389.525 39.4242 29.4737 7.78202 21.4857 209.372 1.5343 24.7295 5.4565 73.0983 29.4725 0.0260828 75.7729 174.917 66.3745 124.128 6.85373 19.857 39.0326 6.63455 6.38928 1.63712 2.03115 
369.171 305.372 23.8348 284.364 1047.28 0 1417.04 209.132 500.94 908.283 121.672 96.7457 427.525 9.96502 2.04668 12.704 315.081 114.995 27.5814 15.8308 3.23404 12.9668 8.42767 15.2035 277.708 11.1725 13.6415 7.21731 
81.4717 521.403 170.786 9.84847 4.53304 941.021 0 386.43 78.6126 110.281 483.217 117.187 27.9938 82.5308 134.481 42.5048 4.00891 176.955 10.8041 9.50065 107.947 56.9012 69.294 0.26595 70.7618 99.1916 11.0815 33.0854 
3.34135 54.3419 257.459 337.033 171.434 120.89 17.6084 0 381.162 4.19394 47.1828 56.1923 120.953 2.96725 183.153 253.817 97.2369 171.243 63.0849 20.1386 0.847555 61.4484 66.7825 130.67 130.616 20.6134 89.5616 128.872 
310.286 502.137 64.5655 469.979 296.882 504.323 1288.5 392.39 0 11.3195 997.295 3.92603 101.713 11.3223 65.9946 0.153964 346.789 212.747 15.7686 69.7516 2.82423 34.006 98.4325 95.4274 380.679 15.7827 34.8333 88.3111 
132.917 240.301 72.4093 102.301 4.20615 28.5702 51.7247 217.894 279.538 0 427.215 146.036 329.352 79.1721 88.5927 43.3776 83.5402 124.269 78.037 28.6577 99.2682 9.69407 38.8013 46.9274 34.464 19.9429 29.3964 36.9848 
137.931 8.29783 222.943 84.9108 214.208 214.532 10.3122 1.15265 68.43 335.304 0 517.955 136.127 180.575 341.478 210.486 19.057 79.7458 7.30525 79.6033 148.469 52.3442 61.4385 66.2133 59.655 2.82133 78.75 18.56 
6.63721 110.095 82.8929 36.2002 133.269 19.5224 233.719 717.351 194.042 227.083 170.439 0 34.4462 60.1532 231.599 202.465 13.1297 2.54657 84.5976 82.8459 155.837 2.4266 124.404 72.4948 14.9405 154.288 64.4783 11.7003 
87.7245 60.1728 25.7759 69.8172 133.496 135.426 62.7343 1.69488 14.8181 327.539 9.79148 82.5973 0 0.0530686 112.148 18.6223 0.0419066 101.887 51.7863 7.04697 57.8599 90.3539 8.19428 0.468774 6.34057 52.7478 10.6819 7.50359 
10.9866 49.5565 16.6726 0.00662814 41.2797 10.5081 77.5282 40.5051 3.71584 66.217 201.968 32.0853 94.7031 0 4.54657 2.64702 0.88989 51.2314 17.1734 4.65695 29.0549 10.1373 2.80026 3.8572 6.48458 9.28672 10.4469 6.00309 
71.3502 94.8225 1.26617 28 68.7592 0.499082 44.1018 37.3804 144.089 54.0574 388.268 18.0525 96.9828 22.1203 0 55.0281 25.4282 22.6011 37.9345 10.5566 7.82413 7.43798 23.0594 19.4023 5.0817 28.5654 14.2595 2.98536 
21.7876 19.3463 12.1174 17.2031 39.2359 8.2711 65.8143 259.123 151.342 0.175492 36.2831 488.066 80.6958 9.07163 64.2135 0 21.9134 57.0121 30.4687 4.37989 41.757 11.7657 0.678942 28.2857 28.8081 32.6857 1.54601 4.08411 
277.135 375.946 9.81509 301.843 85.6682 285.672 100.971 8.18172 311.823 57.2786 5.94481 16.7592 55.5882 11.783 17.8864 17.3097 0 143.772 557.068 17.6813 6.34515 18.9856 11.9398 9.53404 289.064 21.1623 4.03479 22.803 
133.316 93.1377 32.1003 39.1501 91.2318 52.687 230.592 19.2833 11.4778 5.44072 45.9419 1.84134 83.0755 53.3666 40.424 1.38137 269.354 0 16.3251 83.8006 37.1039 11.5499 23.0953 48.3891 52.766 6.69227 40.5301 0.263897 
66.7789 166.616 0.208602 0.00305601 279.762 53.858 156.853 4.90727 3.37622 104.302 1.42712 28.8575 17.8634 1.75327 1.20077 16.3512 36.3417 70.8353 0 18.1425 67.9748 13.8109 13.5289 22.0898 11.2268 24.8281 0.981236 0.723889 
218.944 116.732 18.0821 28.287 64.7995 20.264 3.79215 116.039 47.1678 20.5827 86.4738 70.7101 8.24914 1.97445 8.75269 0.755632 27.8149 86.3119 36.5522 0 163.47 5.61594 0.0212933 6.23932 12.4389 11.998 1.78664 8.59691 
65.992 175.346 11.1767 113.062 0.333568 31.723 2.75067 89.3688 130.406 93.5179 149.043 11.0783 6.42159 0.605373 17.4926 20.8382 62.3708 111.834 72.4851 4.37481 0 29.9952 0.0847222 21.383 38.92 58.3916 18.4512 29.1418 
40.0689 51.5448 8.42504 8.23778 56.5458 0.00187329 0.507857 65.7081 62.2628 12.8894 0.626191 26.8009 89.0218 2.43307 15.941 0.399444 0.619052 42.2059 16.3374 0.750286 14.3152 0 14.2931 4.0601 11.7324 10.7068 0.435825 7.50274 
31.6186 7.42667 9.78992 12.127 0.651991 15.4939 54.1978 0.109967 71.1802 58.3461 6.55198 115.034 7.757 5.08554 21.4165 11.653 3.88019 9.32033 17.8823 3.24108 38.2585 0.163386 0 19.4049 4.13223 7.52728 0.00753542 7.48262 
1.79474 36.5711 12.5187 22.2457 5.45381 6.57426 38.6833 36.7584 40.4134 7.06251 124.18 83.3065 21.8447 0.405247 20.1344 14.8783 16.4336 9.31548 5.15884 2.69286 44.2528 4.91804 4.72765 0 16.6048 16.6955 16.9782 11.3827 
348.486 351.589 23.4623 318.629 31.8151 285.907 90.9703 1.26478 331.744 59.0006 32.011 348.388 41.0269 12.3879 22.3238 40.8847 291.486 9.82203 3.41869 0.0508902 0.10153 20.1304 20.6718 62.4447 0 108.979 144.511 41.8097 
12.3542 0.884926 27.3492 9.22418 45.0822 20.6132 7.12675 71.4315 15.7182 75.481 129.154 349.913 53.0265 12.8234 26.6715 31.9818 24.6182 1.82772 1.784 8.01537 55.1852 1.69982 8.8978 6.4045 1.82312 0 34.5768 32.6319 
44.9773 20.8294 16.047 23.7574 32.6528 1.93669 27.3483 11.6881 10.0948 3.15747 49.4029 0.5804 36.5088 9.99209 17.4851 2.61689 11.0947 37.7942 14.7751 2.33682 38.1618 2.78731 0.229161 0.623534 24.2165 8.16011 0 25.7242 
5.69679 0.504211 0.162441 0.107441 41.963 3.56254 41.2101 124.16 75.2161 33.633 21.8427 139.158 43.1583 0.592288 13.7952 2.04723 23.2529 5.37162 2.06742 3.71436 47.3226 4.62388 1.60066 2.23134 13.0923 63.6339 24.4289 0 
