0 486.577 32.75 603.641 11.6324 485.346 267.496 207.268 358.999 31.5808 194.008 118.649 31.3765 33.6605 68.6193 74.0966 435.711 201.392 0.283754 21.7104 6.0512 33.6902 42.7737 0.554553 374.484 23.708 12.5938 14.3412 
788.556 0 239.2 357.541 179.915 416.316 496.552 65.4254 520.121 6.82358 266.395 217.848 0.491322 52.4281 94.7991 44.8127 389.492 483.744 160.871 72.029 167.678 46.0978 49.9863 9.05361 355.618 66.6673 26.8029 63.8289 
46.3603 346.267 0 205.113 173.324 65.3358 52.587 165.301 257.31 82.747 239.359 158.119 18.5182 8.75477 28.3421 23.7373 33.3574 2.59866 2.93442 1.90952 8.14658 7.48475 6.56487 15.6675 0.00512211 1.51991 3.97896 9.31103 
496.422 356.848 60.1598 0 4.31441 361.388 163.085 673.492 507.36 77.9529 51.2945 221.424 65.9523 7.03346 26.5633 40.3645 376.466 9.21479 34.1729 0.0695192 179.684 0.521579 8.12609 26.3625 376.907 41.4391 0.706565 24.4878 
16.2606 398.468 69.2958 39.4884 0 395.501 223.878 205.612 158.809 294.315 117.797 178.876 155.67 56.3876 18.9446 42.828 153.764 77.8416 160.521 94.6539 14.479 34.0728 50.5554 43.5683 39.2378 0.337369 21.485 48.4065 
471.073 366.169 8.74064 353.901 561.596 0 581.091 75.2993 374.017 601.638 54.2469 51.4138 647.644 0.346349 38.0011 5.59457 409.212 0.267172 15.8936 22.1576 77.0471 1.44934 15.5333 17.5765 374.439 25.7087 12.287 20.4728 
255.469 19.0106 249.618 173.264 380.472 297.839 0 408.684 1298.23 218.624 134.435 233.588 88.8256 96.8157 20.8541 38.2347 29.5651 203.237 61.5091 56.7249 53.4536 2.46176 7.44286 67.4368 73.1607 38.0297 57.2548 57.6538 
302.156 264.022 113.89 410.8 186.807 13.4904 3.85699 0 526.177 222.951 4.85384 349.385 140.211 85.4509 0.0163992 39.7645 20.7548 0.328216 6.17466 109.41 17.3651 4.73516 10.9731 137.219 190.031 30.0005 13.2827 131.969 
520.274 555.093 235.286 656.187 103.248 375.431 3.3138 535.274 0 2.85441 389.842 66.3757 39.9929 140.453 99.7356 47.3699 413.751 145.226 24.6492 31.6565 42.4252 61.2852 24.7128 70.2131 361.416 25.815 3.50428 37.6962 
155.965 197.331 22.1477 1.77527 258.848 101.133 4.47573 2.36244 353.717 0 563.312 128.748 1.26535 81.5086 77.4206 3.48151 67.6731 138.813 96.3201 55.7436 20.3107 25.4028 48.6033 50.8335 67.9236 45.8979 1.13343 5.85414 
76.374 23.7757 236.211 170.345 260.021 157.795 242.369 13.814 488.736 597.789 0 0.00128204 220.39 55.0024 0.00684725 75.3532 41.3068 142.986 5.66361 86.4283 0.452953 21.2397 87.9235 11.4852 29.3974 155.5 24.6698 106.687 
3.16369 216.331 166.796 175.578 49.727 57.9188 284.62 17.283 24.6827 7.21744 334.59 0 141.275 163.664 67.0663 395.526 33.8233 92.8694 1.09915 93.8905 63.4095 66.5243 0.0736125 147.668 22.1532 394.004 115.553 74.5492 
105.923 23.7958 13.1059 2.91087 42.4615 195.366 218.676 14.258 204.675 5.88468 75.0255 98.8246 0 32.2095 3.07715 72.8073 31.8401 40.9299 82.3607 1.50704 38.0674 67.7109 20.5955 21.5779 32.1798 52.1382 29.3482 31.2198 
47.8932 29.7854 15.1155 0.451545 41.4671 21.8814 44.0921 123.478 112.801 83.8093 89.055 166.013 150.83 0 21.3777 2.08362 1.76656 53.339 1.36088 1.0468 2.61814 3.83182 8.78729 9.3341 6.40188 3.76373 10.5388 6.11015 
0.00274134 87.6194 0.0946584 19.0565 15.1222 34.8451 16.6771 163.072 193.017 65.5101 14.4936 268.035 30.879 4.96065 0 88.9352 22.9062 12.4633 0.825877 10.479 53.436 0.551079 2.9419 7.98362 16.7105 25.813 5.41708 0.648756 
0.780197 84.4549 2.05286 29.7374 38.424 25.8849 61.5497 22.9434 88.3223 57.2291 15.5216 455.542 8.28694 8.21565 5.43056 0 13.3713 1.47261 19.7509 0.26444 56.9712 6.51385 2.71955 23.4146 5.00487 3.6203 12.8481 1.71918 
357.996 479.444 42.2613 401.963 76.7393 387.657 89.2179 88.4412 397.733 14.2813 0.000530553 29.1863 9.04664 20.6003 0.0402364 8.10389 0 9.45495 42.5075 0.585984 66.4828 6.94082 0.966366 9.40243 380.704 19.7758 8.99065 1.69594 
225.621 453.136 57.9851 124.04 89.0873 43.5947 217.389 135.212 85.9898 79.3007 3.45612 125.15 70.5433 47.6317 60.9029 42.895 33.7152 0 30.8769 0.0148997 80.6837 19.4051 4.5992 14.2424 48.8107 0.576452 4.48034 7.88924 
0.581575 5.34789 39.2084 26.1525 42.2308 81.0781 44.9341 16.6635 92.5393 116.407 14.8369 100.259 81.5014 4.81456 37.6069 29.6119 164.678 150.347 0 1.41552 67.1364 2.25191 17.3897 23.4675 0.435934 3.40619 11.2226 23.6913 
10.0258 123.82 10.318 28.8915 94.8496 18.4401 11.8271 35.5695 64.8787 56.3038 78.9906 19.4435 0.982672 4.12685 8.64248 8.32391 26.3894 8.65336 11.652 0 227.522 1.44011 0.153414 0.00128927 12.9608 0.0335244 4.57861 0.0663239 
0.755016 162.927 52.947 173.734 129.437 57.662 36.8201 160.358 186.783 3.76962 3.8986 107.608 77.7181 41.6158 5.96168 5.77834 12.5012 75.3667 49.6748 31.3507 0 22.687 8.98327 46.9912 0.265083 56.5771 41.8939 18.3564 
23.4405 8.60988 12.6007 7.3694 37.8551 7.32562 52.2824 10.7937 35.5292 61.0391 76.7732 76.1035 58.5377 10.7329 16.6813 4.76761 10.9716 4.45861 3.91942 0.839331 5.71018 0 13.0506 13.0912 16.058 0.0266645 0.119241 0.0496759 
45.6191 48.3233 5.66333 6.9297 12.9805 8.51278 0.00730944 95.2732 63.0819 22.8495 22.6442 27.2566 1.00496 9.63099 4.76323 9.50347 7.38144 1.74565e-05 20.8671 3.61368 24.9295 4.00473 0 12.7643 14.6125 8.07812 1.40578 1.04325 
36.9741 21.5725 2.1052 19.8939 8.84748 11.0262 54.4395 21.2083 1.21542 10.5575 9.35977 138.353 0.516967 10.2202 27.5453 7.12549 6.40013 47.5916 2.71822 4.40255 14.9387 13.5173 0.174918 0 12.9679 15.9533 15.3268 0.662129 
352.983 407.729 4.75812 356.437 58.7372 363.472 38.251 72.9418 447.97 70.0679 56.5153 848.504 1.71664 12.4615 1.60986 75.7808 380.608 7.846 1.0889 0.00106912 44.8953 20.2333 9.09892 61.5421 0 60.7212 137.467 128.866 
27.6846 0.460034 0.012734 11.2231 65.6325 0.43708 80.7134 57.8745 25.8942 72.0616 1.7835 14.6308 51.8114 0.199827 23.3236 9.63463 25.5001 4.06045 26.9544 2.65901 59.4722 10.0154 9.31675 9.69957 7.66384 0 36.3266 43.462 
20.755 53.8993 4.4507 24.178 7.95478 13.7198 60.3236 86.38 1.71416 24.4177 16.0086 39.7601 37.3509 10.8825 2.24754 18.7745 16.4382 7.01672 2.84455 11.0081 41.487 3.7793 2.91041 6.87216 0.444562 5.44984 0 16.8212 
39.2067 14.0904 0.0468572 17.5467 5.99915 14.159 16.5146 128.308 54.9274 3.93678 25.9395 2.75591 5.81278 0.639591 2.64676 3.63694 2.22311 19.3184 25.4096 11.5093 6.02879 10.0148 8.17945 2.98864 10.3566 2.45848 92.8044 0 
