0 284.094 47.6825 283.61 5.55696 209.094 267.642 187.708 87.8469 26.29 194.651 107.442 34.4201 35.0664 67.6254 72.3319 162.235 210.48 0.886844 17.6812 2.21525 34.2401 43.3952 0.917568 95.9075 26.3586 11.6568 12.9973 
576.134 0 153.965 93.0726 243.042 159.182 460.815 51.3675 277.513 2.68817 267.578 220.57 0.0524023 54.4066 95.7127 47.8516 107.304 1073.15 155.994 80.5208 171.176 45.3879 50.924 7.90338 78.3848 68.887 27.9396 64.1716 
63.0412 414.331 0 267.428 165.007 66.3772 73.5669 140.836 185.609 76.8698 234.712 165.984 16.2755 8.10704 27.0327 24.1538 31.3474 5.81502 1.96337 2.64483 11.8622 7.73866 6.18837 15.6502 0.0712253 2.08651 3.61768 9.95888 
266.084 91.7546 131.367 0 1.80003 82.5022 174.065 923.235 198.823 82.273 62.3937 234.548 64.5213 7.76948 24.9894 41.3563 98.2189 13.2138 36.3728 0.449485 763.89 0.641365 8.68377 26.5204 102.279 42.4794 0.500368 23.5169 
8.92364 450.052 56.3047 47.8817 0 327.21 266.867 210.651 133.454 274.124 131.691 177.683 149.854 58.1102 21.9285 40.453 154.026 89.9878 187.479 93.9952 17.2209 32.7446 51.399 44.7142 40.9857 0.11492 20.5731 47.4732 
198.812 81.8211 12.3812 76.7694 943.62 0 1526.5 89.2507 78.501 637.403 73.9179 44.2153 431.231 0.602758 36.6498 6.52667 133.208 1.06023 19.8843 21.6391 76.792 1.76157 15.2862 17.726 97.1979 25.1478 11.8592 20.0837 
261.724 49.4839 247.977 162.176 405.92 618.631 0 401.587 1155.95 285.878 93.5908 220.317 76.6935 96.3947 26.9431 33.8745 26.3941 194.216 54.2948 60.4119 48.6462 1.86391 8.93983 68.45 70.4461 34.1563 56.5928 55.8752 
295.174 273.847 90.1511 435.343 179.026 7.38126 13.2711 0 455.612 220.708 0.763177 180.617 137.774 90.7655 0.926569 24.4413 18.6933 0.00549506 4.68855 111.64 22.8382 5.55476 8.73369 138.302 192.526 43.303 15.5269 129.838 
229.17 244.813 306.364 394.957 127.362 78.9593 60.1509 466.096 0 11.6656 528.026 89.9913 32.6287 137.975 70.1521 40.0842 133.968 135.805 29.3896 28.1335 48.8714 60.1597 28.0419 66.9058 87.7945 20.7856 2.72497 40.842 
154.766 208.566 27.4192 0.727289 233.659 181.502 0.759562 5.28493 370.246 0 511.715 142.61 8.64561 79.8751 86.3233 5.46317 65.6074 141.125 100.708 55.3237 22.5678 23.4558 46.8168 52.3076 68.9476 48.8431 0.825406 6.87816 
84.384 32.7327 240.112 160.679 257.496 134.594 290.478 25.1608 667.826 569.165 0 4.55391 209.755 69.9989 6.98654 58.8438 43.6732 147.264 4.02175 86.2123 1.13055 23.1407 81.6637 15.0696 24.0757 159.617 26.8272 107.944 
1.08241 212.339 159.044 156.271 43.9373 65.5701 283.669 101.632 12.3274 3.27018 380.261 0 137.413 160.449 89.4722 453.965 31.8843 97.4195 0.620193 94.8785 57.5749 67.837 0.0625371 157.324 56.1932 374.753 113.505 64.6851 
104.689 28.1672 15.1859 2.06992 49.7196 177.839 219.191 11.4296 203.04 0.366366 61.9214 93.1261 0 21.385 5.80324 70.0029 30.3385 43.8058 81.2812 1.15636 36.3819 71.374 24.8659 24.2086 30.6529 52.8187 28.6981 30.2873 
48.7825 32.0477 15.4759 0.259339 39.2748 21.7421 48.3013 121.509 106.403 84.09 105.477 166.568 144.287 0 11.5836 1.10457 1.54751 53.479 1.65357 0.962653 2.1615 3.41029 7.92983 8.85049 5.77512 3.28224 10.6682 6.46143 
0.0475215 89.6982 0.35381 20.7101 17.8726 33.1419 11.7976 169.89 180.828 56.4065 41.5847 272.959 24.7259 12.5865 0 82.7173 22.3594 11.025 0.552435 10.6544 54.2252 0.774068 4.28043 6.29207 18.1449 24.5118 4.94686 0.945417 
0.293596 84.0072 1.48192 27.5734 40.81 25.3426 57.0182 11.4506 96.1961 61.6483 25.8624 397.819 6.10982 6.4708 0.285886 0 12.8446 1.01871 20.437 0.183354 58.0317 6.14711 2.09766 20.6901 4.82179 2.22235 13.3925 1.23842 
83.2274 197.652 43.9635 126.792 69.5983 113.16 91.9862 90.0334 124.593 12.423 0.0709543 27.3145 10.1139 20.3843 0.0997164 7.62087 0 2.62743 98.8523 0.837768 66.9603 6.63038 1.10903 9.75792 104.235 20.2482 8.67708 1.49895 
230.616 426.535 48.301 129.136 76.9702 49.1313 223.332 129.237 95.6611 73.7104 1.97722 128.634 73.2886 48.4167 62.093 44.37 51.3065 0 36.5579 0.0504413 84.1745 18.6651 4.05962 13.3197 49.8617 0.913622 4.02973 8.6472 
1.37115 8.88634 41.5812 28.351 62.8889 77.8043 51.8359 19.2119 98.6201 118.722 12.1854 99.9216 82.5523 4.33528 37.2615 29.3392 183.883 150.15 0 1.04898 68.0183 2.53044 17.7814 23.3266 0.299748 3.83878 11.6005 23.3741 
3.71836 117.762 11.63 26.0911 94.3261 17.6813 14.4473 31.2747 68.6731 56.3823 77.4736 22.0959 0.702473 4.05344 8.89406 8.13039 25.6394 10.6843 12.6108 0 177.023 1.35655 0.124606 0.000404945 13.1179 0.00815486 4.38547 0.0346393 
0.012147 167.099 59.8275 187.378 128.136 55.5089 41.2874 167.92 185.929 4.88774 5.56735 113.382 77.5161 41.059 6.90591 4.73899 13.6995 71.7314 51.2596 8.00062 0 22.2247 9.67036 46.6499 0.513891 57.6222 41.5083 17.2768 
24.1805 7.79863 12.5818 7.69601 39.1178 6.77299 53.4874 11.9502 37.1922 61.0438 77.3903 75.7245 62.6279 10.6036 16.9174 5.12954 11.3041 4.92549 4.27024 0.908771 5.33821 0 12.3736 12.7545 15.9646 0.00840234 0.171895 0.0271616 
45.2101 49.3531 5.29003 7.47332 14.2069 8.00371 0.132025 93.2506 66.7458 20.755 17.9822 22.5932 0.236975 9.30718 6.34999 10.1479 7.68946 0.0197688 21.1316 3.56024 24.1371 4.83062 0 9.60239 15.8332 8.36872 1.17705 0.890881 
35.3951 19.9919 2.45516 19.0498 9.88096 11.5449 52.4768 16.5379 2.11739 12.1828 6.52893 148.858 0.148075 10.3592 27.9669 4.60257 6.07405 47.8317 3.01951 4.53163 15.9877 13.2492 0.0770287 0 9.89081 15.6176 14.7603 0.48879 
76.6742 129.055 4.00655 81.0584 57.5023 86.1588 35.0321 61.4328 166.805 69.2664 49.8888 1093.31 1.22586 13.011 2.30544 71.5669 104.229 6.93196 1.33333 0.015404 46.2561 0.750263 10.509 70.2998 0 89.9547 181.515 41.5484 
30.4329 0.135472 0.0112423 13.1741 64.529 0.721607 83.7608 42.8146 20.8586 70.5514 4.193 1.37692 52.5279 0.354825 21.8397 7.46869 25.2235 4.86452 27.3805 2.93116 60.2528 9.88957 9.52509 10.4247 9.56124 0 35.3908 37.3422 
19.6776 54.1304 4.83924 23.6987 8.64513 14.1237 60.4584 84.0817 2.34716 23.3284 14.2165 35.4734 37.6599 10.9788 1.9196 18.6718 16.1521 7.58459 2.60592 11.0137 41.874 3.55377 2.5969 7.53491 0.637518 6.95637 0 9.38893 
40.7388 15.4691 0.0060539 16.4588 5.23934 14.7463 18.3167 125.415 58.1164 4.8012 29.3578 5.81439 6.50186 0.80698 2.14927 2.94939 1.9992 20.3222 25.1844 11.5036 6.77848 10.0941 8.38055 3.35649 11.7133 0.606251 90.7288 0 
