0 896.851 158.037 607.366 232.705 447.994 131.289 93.6168 585.519 2.42622 4.90919 128.847 0.45114 26.8152 1.62237 28.0972 395.614 171.345 65.0755 281.299 47.1895 38.784 46.219 32.7853 364.324 15.195 49.5526 59.2379 
807.281 0 183.478 615.977 440.718 367.994 0.381611 270.192 474.918 9.46525 197.356 42.1579 7.54134 26.2899 96.6162 7.76102 476.604 687.691 1.41612 0.000626237 171.836 21.5438 9.31115 50.1765 378.631 77.0257 0.00811352 38.6782 
142.213 174.486 0 237.51 151.437 11.5915 199.331 274.096 413.272 54.0557 181.128 0.0632301 73.359 4.38651 32.9183 14.8455 27.0556 15.8239 47.8384 7.78022 2.30406 0.731038 10.4529 0.145993 28.2981 26.6037 0.601718 8.55856 
354.298 614.413 197.404 0 18.6092 345.607 155.541 898.01 598.657 36.0369 94.8661 249.385 6.88981 10.6843 6.4397 42.8624 340.394 143.945 1.01466 0.178954 551.801 0.890531 13.3861 6.82335 361.379 40.3284 16.8658 0.813775 
239.583 531.632 40.1288 118.943 0 392.199 35.1997 30.6792 6.52364 19.0884 211.287 1.75261 25.7349 5.25188 73.6287 29.8791 0.0684938 77.8419 170.215 66.9827 123.776 6.70194 20.0956 39.2552 6.45151 6.59384 1.58009 2.11416 
419.006 351.721 23.0041 332.615 856.165 0 846.928 208.299 537.467 714.511 117.655 95.4103 163.13 9.81105 1.88582 12.5094 364.099 114.473 26.7815 15.9745 3.40592 13.0643 8.51617 15.2709 326.469 11.3438 13.7124 7.31575 
84.2651 523.296 166.845 8.78465 6.1933 929.509 0 389.149 109.855 120.099 481.591 114.362 29.4633 82.006 135.121 41.7226 4.2497 175.063 11.4714 9.9008 107.187 56.7315 69.4589 0.31563 71.2408 99.1117 10.8941 32.7188 
4.11593 56.7445 255.23 320.757 172.914 123.364 15.2668 0 367.213 4.75322 44.2435 72.6085 120.271 2.67002 183.541 254.983 97.0924 171.776 62.4722 20.7666 0.654315 61.5995 67.4097 131.216 128.638 22.4598 89.2123 128.42 
360.743 544.935 73.4156 524.24 300.172 540.837 1271.66 378.513 0 9.3984 550.684 2.96938 103.394 10.9948 78.5742 0.255894 394.915 212.15 15.1172 70.3991 2.51462 33.7167 98.1777 95.6873 428.652 16.5334 34.4859 87.954 
132.06 240.738 71.3328 102.647 3.16006 23.6811 44.8519 217.219 284.828 0 440.318 143.649 328.289 79.5074 90.0903 42.5742 83.6144 123.566 78.9526 28.9593 99.2388 9.94804 39.1651 47.2281 34.9016 20.4082 29.5806 37.2559 
136.64 7.43938 221.183 87.0389 212.336 217.83 8.028 0.708763 59.9728 349.727 0 517.375 133.561 182.617 348.421 208.738 19.3888 80.7821 7.65758 79.8446 148.583 51.9963 60.3121 65.1851 60.8346 3.25258 78.5181 19.0763 
5.99812 111.866 84.8647 33.811 134.271 20.4279 231.497 748.116 188.841 228.375 162.405 0 35.2833 61.8394 228.433 217.115 13.3792 2.34072 84.2625 82.4495 156.386 2.54977 124.104 70.3934 11.8351 163.387 63.6744 12.5894 
88.1817 61.1575 25.3388 69.9801 132.237 135.393 60.7753 1.51377 13.9603 328.724 8.8259 83.609 0 0.185747 111.534 19.189 0.056261 101.684 52.2334 7.17809 58.116 90.3646 8.69231 0.551622 6.51122 52.6338 10.5677 7.63408 
10.7824 49.1901 16.683 0.0120828 41.659 10.6627 78.1112 41.4476 4.05818 66.8074 203.22 33.477 92.2419 0 3.58401 2.43546 0.918555 51.1389 17.2816 4.663 29.2242 10.1767 2.6024 3.98074 6.37436 9.37179 10.422 6.06427 
71.4031 95.0007 1.15789 27.738 69.3227 0.419928 45.4198 35.806 141.402 52.4999 392.192 15.967 97.9629 24.0023 0 57.9208 25.5077 22.9141 37.9786 10.5871 8.00375 7.53894 22.867 19.0876 4.89812 28.4085 14.3432 2.89071 
22.2642 19.7939 11.9237 16.8125 38.8206 8.45101 65.0455 259.488 151.559 0.112178 34.0054 491.252 80.9642 8.75942 61.4706 0 21.8458 56.8614 30.4854 4.4268 42.0658 11.7814 0.618015 28.0744 28.569 32.6196 1.49006 4.21552 
325.938 425.78 9.54647 350.215 86.9032 334.623 100.622 8.43052 361.056 56.865 5.74648 17.0339 55.7691 11.7108 17.7781 17.223 0 148.101 580.956 17.5277 6.19233 18.9498 11.8867 9.47225 337.668 21.2397 3.992 22.7683 
130.974 87.2098 30.6825 37.9942 89.0866 51.7041 231.128 20.0099 12.2504 5.07861 45.0243 2.02473 82.6527 53.3936 40.0957 1.29922 271.396 0 15.595 84.0277 37.6955 11.6653 22.9361 48.3849 52.6106 6.52516 40.6093 0.290172 
67.5405 167.165 0.262096 4.29635e-05 277.259 54.7128 157.018 4.66345 3.70093 104.986 1.58911 29.2717 18.2369 1.80837 1.26422 16.2259 33.8134 72.0192 0 18.3196 67.8258 13.8936 13.6076 22.0462 11.1214 24.7362 1.00729 0.696994 
217.409 117.855 18.3034 27.8015 65.4169 20.3759 3.53757 115.855 46.4906 20.8736 86.4841 71.207 8.38855 1.99216 8.79642 0.730551 27.9332 86.1716 36.5482 0 154.441 5.60443 0.0193474 6.24581 12.4742 11.9891 1.81193 8.56011 
68.3691 174.949 11.8685 109.27 0.411328 32.1402 2.99502 90.9686 131.602 93.7402 148.979 10.5596 6.58393 0.565207 17.2528 20.5309 62.2192 111.452 72.5187 2.55452 0 29.9464 0.0982104 21.1891 38.6568 58.2276 18.3101 29.3368 
40.0915 51.5667 8.4675 8.2949 56.586 0.00430722 0.560319 65.7902 62.4428 12.6085 0.562604 27.1328 89.1989 2.4982 15.8817 0.376794 0.638678 42.1918 16.4169 0.739007 14.2295 0 14.3684 3.96501 11.6996 10.6995 0.451689 7.53246 
31.4354 7.59934 9.73527 12.2217 0.599746 15.5348 54.5536 0.0709034 70.5697 58.4884 6.07222 115.626 7.28436 4.86509 21.1734 11.7198 3.8362 9.19162 17.9489 3.22969 38.1991 0.132365 0 19.1091 3.98084 7.5827 0.0110719 7.4428 
1.69762 36.8571 12.4492 22.3678 5.59746 6.66418 39.0734 35.7158 39.8069 7.29662 123.777 81.1592 21.394 0.456025 20.4379 14.327 16.4848 9.45606 5.22535 2.6686 44.3564 4.81783 4.27258 0 15.9965 16.6909 17.0547 11.3192 
397.331 400.449 23.5977 367.413 32.1242 334.751 91.0786 1.62635 381.35 59.3319 33.0077 1119.88 41.263 12.4859 22.0954 37.6094 340.09 10.0017 3.3502 0.0439795 0.125205 25.9441 20.5913 64.0913 0 107.063 122.196 32.8015 
11.9967 0.988921 27.3801 9.53455 44.7411 20.4598 7.49238 68.5062 16.4676 75.5925 127.803 343.62 52.9188 12.7993 26.4691 32.1143 24.5624 1.73722 1.72982 7.96229 54.9783 1.72976 8.94122 6.53008 1.67155 0 34.3708 33.7384 
45.1023 21.0216 16.1066 23.8421 32.804 1.89226 27.1065 12.0478 9.86282 3.25233 49.8082 0.474337 36.4422 9.96209 17.5454 2.68841 11.0389 37.6961 14.7107 2.30893 38.0626 2.75159 0.212003 0.582053 23.8245 8.45357 0 27.4181 
5.53471 0.455212 0.143636 0.130064 42.1582 3.48623 41.5758 123.581 74.7332 33.9122 21.2982 140.58 43.089 0.61911 13.6546 2.14564 23.2231 5.48194 2.02297 3.7539 47.2182 4.59129 1.63372 2.17575 13.0984 63.6095 22.7969 0 
