0 789.567 90.8191 484.736 0.0576984 517.203 258.681 138.336 417.942 15.1324 193.377 80.6445 42.1194 38.3817 64.6733 67.2773 479.671 227.349 3.72827 56.8179 0.799221 35.496 44.7175 2.17114 401.927 33.0726 9.487 9.93715 
967.027 0 11.9057 459.852 394.787 520.483 331.649 23.2553 669.282 0.559875 263.804 223.386 0.847251 58.8874 96.7316 55.1001 405.863 493.91 141.091 100.384 177.086 43.5117 52.9546 5.39094 387.938 73.7481 30.6985 64.6619 
108.265 469.727 0 257.1 138.849 65.7979 130.96 82.4822 42.8472 61.6823 212.265 180.522 11.2776 6.54401 23.4652 24.7689 26.3964 18.5835 0.401302 4.859 23.3704 8.34585 5.27601 15.4772 0.548255 3.79671 2.79562 11.5483 
677.932 457.334 317.02 0 0.214281 389.115 194.154 568.171 440.875 91.6734 91.5107 255.531 60.5746 9.62855 21.0256 42.8079 404.849 25.5138 41.6021 2.7173 553.104 0.982126 10.0524 26.6218 417.433 44.1865 0.145354 21.0352 
0.158601 525.644 28.5855 69.99 0 156.85 360.182 219.419 76.635 212.868 165.149 172.821 133.614 61.9095 29.7824 34.6393 151.894 120.619 246.361 91.15 24.7056 29.4775 53.1981 47.3315 45.1494 0.0627931 18.3791 45.0458 
517.046 388.455 23.0293 387.938 290.694 0 1008.02 124.065 427.724 333.01 128.16 28.2593 663.228 1.50752 32.6753 8.98393 444.583 5.13816 30.797 20.18 75.5375 2.63404 14.5736 17.9597 406.035 23.5439 10.8053 19.0373 
267.845 170.189 225.173 130.46 435.374 922.633 0 362.061 386.713 431.435 21.5204 183.999 49.2531 93.8655 44.0216 23.9114 19.2242 168.778 37.7785 68.9932 37.4624 0.749176 13.0574 70.3752 63.3405 25.2027 54.7494 51.2919 
268.202 289.913 40.1168 515.779 157.884 0.120414 57.7796 0 262.285 210.54 5.60845 0.903321 130.64 102.653 8.8394 2.1971 14.0355 1.29795 1.903 115.589 38.7667 7.79397 4.28192 138.145 192.324 82.5271 21.5619 122.682 
503.647 479.28 440.82 717.419 189.445 425.859 757.382 273.464 0 55.9439 1663.29 156.612 17.4077 129.986 40.9487 24.1849 436.735 112.146 42.173 20.1608 65.6825 57.1867 36.644 58.5322 407.012 10.5488 1.22761 48.6312 
149.451 229.795 41.6712 0.102723 165.52 385.37 63.6291 17.0123 386.708 0 329.874 174.988 51.8547 74.3817 106.16 11.9575 60.2332 145.077 110.047 53.8763 28.3945 18.8572 42.1284 55.4471 70.746 55.6972 0.277317 9.65913 
104.153 59.3317 237.53 133.834 245.417 79.7034 396.267 65.0924 873.829 422.229 0 53.2437 179.504 109.413 80.6491 25.2402 49.4659 156.386 1.17772 85.0483 4.03255 27.9538 65.9558 25.4634 13.0245 165.601 32.2701 109.864 
0.583932 199.206 136.439 107.58 30.9352 84.6131 273.47 510.681 0.0103468 0.12124 470.104 0 126.769 148.047 148.961 487.859 27.2758 108.119 0.0226125 96.4095 44.0087 70.6909 2.2953 175.847 169.535 280.459 107.242 42.2032 
100.924 39.9138 20.6924 0.611643 68.6867 142.627 214.499 5.77502 195.396 14.5625 34.0264 79.0143 0 3.68416 15.6896 62.226 26.7068 50.909 78.0539 0.493196 32.3041 79.214 36.1725 30.8709 26.9107 54.1245 27.0637 27.956 
50.6742 37.5986 16.1708 0.0123276 33.8854 21.1105 58.4908 114.709 89.4659 83.0464 144.79 162.867 119.58 0 0.00323269 0.00413053 1.07113 53.5611 2.47563 0.769249 1.22588 2.44696 5.10555 7.39226 4.32138 2.20985 10.936 7.30744 
0.765123 93.6915 1.65506 24.6843 25.2595 28.4775 3.2826 181.456 145.821 35.3895 151.179 266.246 12.0867 38.472 0 48.0171 20.9762 7.83347 0.114414 11.033 55.8609 1.46429 8.27333 2.85356 21.5271 20.9346 3.86521 1.88567 
0.0851594 82.0198 0.467156 22.0661 46.5434 23.7014 45.8887 0.0172147 114.262 71.65 59.7093 201.635 2.13328 2.79683 14.3369 0 11.5655 0.259618 22.0567 0.0472803 60.2117 5.25416 0.877776 13.1611 5.33763 0.209103 14.649 0.386984 
399.095 494.029 47.7296 440.386 52.6002 428.601 98.0238 93.4503 443.623 8.36439 0.736136 22.909 12.9084 19.8037 0.354717 6.48328 0 3.79611 175.471 1.63143 67.85 5.89149 1.49446 10.6263 414.981 21.3552 7.92279 1.06745 
236.53 275.258 27.2475 138.947 49.7139 62.9719 232.595 113.873 119.521 60.1534 0.0883872 136.245 79.6974 50.1154 64.6286 47.7975 104.472 0 51.6169 1.13713 92.3141 16.8782 2.8752 11.1574 52.2353 2.04976 3.02402 10.6051 
4.6527 20.8982 47.0331 33.7442 123.669 68.2507 69.5278 25.9973 112.776 122.457 6.73888 98.5359 84.4761 3.2566 36.2052 28.5457 207.841 147.11 0 0.381952 69.866 3.26775 18.6927 22.9129 0.0740222 4.98221 12.5221 22.5491 
8.52234 100.393 14.8856 19.2352 91.7993 15.7236 21.6734 21.6261 77.5234 56.1277 73.2812 29.0196 0.214796 3.86214 9.47543 7.61744 23.7206 16.3643 15.0127 0 59.5957 1.16096 0.0667072 0.024476 13.4371 0.0184322 3.92165 0.00014269 
6.17383 174.766 76.6026 140.583 123.921 50.0024 52.7453 184.094 181.381 8.17362 10.7986 126.747 76.7228 39.5464 9.44818 2.61388 16.782 62.7584 54.9725 16.5463 0 21.0775 11.4122 45.6133 1.45538 59.8072 40.4587 14.7205 
25.9571 5.96561 12.4915 8.49482 42.0868 5.47761 56.1638 14.9521 41.2126 60.5161 78.4331 74.3791 71.8375 10.1458 17.3379 6.02139 12.1103 6.14487 5.17312 1.08726 4.47571 0 10.4633 11.765 15.7438 0.00686219 0.339419 0.000540102 
44.0113 51.6246 4.39873 8.82477 17.338 6.77165 1.07679 87.3758 75.2655 15.8839 8.64175 12.7765 0.59549 7.32999 10.7389 11.4371 8.44738 0.223171 21.7117 3.42086 22.1823 6.9833 0 2.78873 18.5549 9.0111 0.699018 0.566466 
31.4745 16.2868 3.39457 16.881 12.5778 12.7665 47.4416 7.38126 5.31386 16.4811 1.70918 170.036 0.185303 10.2684 27.876 0.604618 5.3022 48.2393 3.80841 4.83425 18.6101 12.4103 3.65866 0 4.30064 14.5673 13.2786 0.17439 
388.527 434.317 2.41282 395.029 54.2282 395.012 27.4609 36.0578 465.512 66.6317 34.7288 514.917 0.371722 14.2216 4.45867 33.4414 415.19 4.9177 2.02588 0.119909 49.3809 61.2431 14.1529 76.3683 0 2.1648 152.273 143.527 
37.2963 0.150812 0.406329 18.2534 61.4461 1.69779 90.211 14.4201 10.6029 66.0429 14.0687 27.8236 53.9252 0.907796 17.9518 3.12952 24.4777 7.0933 28.32 3.62921 61.7604 9.5479 9.94515 12.1108 14.8086 0 32.348 22.0262 
17.104 54.4979 5.8282 22.4255 10.4176 15.0742 60.5172 77.9304 4.28537 20.6853 10.2248 25.6961 38.3048 11.1632 1.22027 18.2714 15.439 9.03875 2.06405 10.9979 42.7012 3.02346 1.89325 9.18614 3.58057 11.1666 0 0.156542 
44.3411 19.0006 0.0675225 13.8207 3.58686 16.1344 22.9486 116.558 65.7085 7.22263 38.1966 17.6605 8.30973 1.28806 1.13905 1.54493 1.49994 22.7989 24.5736 11.4471 8.75487 10.2612 8.833 4.31052 15.6736 1.34508 76.265 0 
