0 609.903 135.171 87.3778 7.50695 189.925 238.33 92.2142 123.376 7.05085 188.393 56.5983 49.8039 41.3901 61.167 61.5197 164.518 235.637 8.23201 53.9416 10.0627 36.588 45.7231 3.85766 77.3384 39.742 7.56196 7.30755 
600.2 0 34.2581 216.214 499.976 246.281 184.838 6.06861 415.037 9.20934 251.499 220.909 4.0849 62.6755 96.0746 61.7216 76.2253 924.088 123.395 117.194 179.102 41.5195 54.5502 3.3868 67.0432 77.6081 33.3261 64.6681 
151.476 357.014 0 86.8147 108.267 61.1753 185.178 35.8934 1.29032 46.7086 178.287 187.469 7.19252 5.09722 19.6723 24.8077 21.6634 36.5534 0.0127209 7.46749 37.144 8.91203 4.41646 15.1382 1.41971 5.83514 2.08811 13.0726 
409.546 213.214 361.835 0 4.81685 67.0639 202.891 641.436 77.8971 98.8834 120.475 259.055 56.2203 11.4731 17.1501 42.8509 80.5826 40.2114 46.3582 6.55268 246.349 1.37428 11.3662 26.3385 100.789 44.6576 0.00427418 18.532 
4.4455 514.729 9.6421 92.2238 0 114.111 419.204 222.879 33.6044 145.922 195.244 165.629 115.797 64.9766 37.9399 29.0961 146.226 149.992 285.799 86.8279 32.872 26.3141 54.5703 49.5956 48.988 0.669111 16.3122 42.5193 
199.549 84.2406 34.6037 70.376 779.292 0 319.769 156.022 237.539 156.017 181.958 15.6581 344.948 2.72865 28.1224 11.5314 123.844 11.7842 42.3203 18.5428 73.5017 3.61307 13.7498 18.0072 83.5313 21.7153 9.78162 17.9086 
261.196 316.577 182.278 96.5114 416.164 300.13 0 299.475 3.36267 504.752 0.226455 145.806 27.1644 89.5015 62.5 15.5183 13.1869 140.913 23.9117 76.4951 27.6179 0.144664 17.5827 71.4728 55.9865 17.466 52.6786 46.6004 
231.035 293.938 9.01587 350.618 135.335 3.79307 123.697 0 97.5807 194.93 29.5102 215.293 122.299 112.267 23.5172 3.70581 10.085 5.29311 0.377721 117.305 57.041 10.2587 1.4371 134.272 183.803 125.145 28.0364 113.4 
149.234 102.335 469.058 372.871 248.032 234.3 1298.31 105.789 0 122.601 867.348 226.471 6.94516 119.941 98.5831 12.0929 108.625 89.2092 55.7939 13.4753 82.905 54.037 45.3913 50.2164 96.3243 3.77053 0.337089 56.1714 
141.303 240.634 56.5124 2.09736 99.7968 480.434 197.559 33.9248 369.039 0 142.084 202.559 118.963 67.3 121.211 20.1546 54.6781 146.543 116.931 51.9354 34.3786 14.6986 37.2626 57.8066 71.511 61.691 0.024581 12.6863 
122.959 89.9675 219.35 105.292 226.473 35.8355 465.26 116.572 862.219 229.86 0 141.772 146.342 147.114 201.174 5.25794 55.0303 163.249 0.0364904 83.0893 8.45477 32.7808 50.8451 37.3264 5.34667 165.662 37.7013 110.145 
6.22092 182.465 111.146 63.5222 20.1719 102.706 253.747 912.506 12.8421 5.86586 514.488 0 115.096 130.802 204.257 369.395 23.0255 117.745 0.215864 96.6845 32.0967 72.9495 7.38106 185.653 154.768 157.64 99.6588 23.8689 
96.3351 52.4027 26.4674 0.020848 87.981 163.255 202.329 2.08737 183.433 61.9005 14.1294 65.4227 0 0.611237 28.892 53.7571 23.2727 57.7972 74.1939 0.115819 28.4416 85.0127 47.7035 37.4506 23.3195 54.8944 25.4285 25.6466 
52.107 42.9084 16.5782 0.0749329 28.7151 20.1285 67.8959 105.727 72.1275 79.7819 177.689 152.812 87.9008 0 10.1631 0.793664 0.691071 53.2927 3.40705 0.599711 0.568464 1.63103 2.26752 5.74146 3.05578 1.34222 11.1281 8.09775 
2.25905 96.0071 3.748 28.3229 33.1143 23.5149 0.045399 185.148 108.269 18.3745 278.458 236.165 3.84576 58.4986 0 11.7127 19.5834 5.21573 0.00288308 11.3291 57.0355 2.31335 12.6897 0.72884 24.5142 17.1249 2.92091 3.06352 
1.19548 78.9486 0.0258931 16.7151 51.8668 21.7388 35.4124 12.3672 129.315 79.8336 100.057 39.9312 0.218804 0.563266 51.7202 0 10.3457 0.000654838 23.5344 0.000175452 61.7404 4.40824 0.178565 6.26027 7.09283 0.307119 15.746 0.0202613 
84.5784 158.166 50.7653 122.004 37.377 112.224 102.788 96.0882 131.065 5.1408 2.03209 18.9057 15.8388 19.1742 0.746362 5.44624 0 28.1956 339.797 2.62928 68.3344 5.20502 1.91532 11.4629 94.3168 22.3572 7.21048 0.717941 
233.571 226.299 11.7906 144.479 27.8233 76.2795 234.116 98.3423 142.101 47.5043 0.599182 142.289 85.422 51.4508 66.5539 50.8415 162.371 0 67.2305 3.49665 99.5521 15.1847 1.91518 9.20263 54.2527 3.5551 2.18226 12.6296 
9.55103 36.4342 51.6961 38.879 187.322 57.4496 87.0664 33.2072 125.15 123.39 2.94661 96.46 85.4483 2.34525 34.9115 27.6151 213.024 140.87 0 0.0500166 71.2277 4.05349 19.5083 22.4218 3.4059e-05 6.19595 13.4091 21.6875 
38.4557 81.2649 17.971 12.9919 87.7608 13.733 29.5682 13.6829 85.3253 55.2896 68.6364 36.1817 0.010139 3.66242 9.98796 7.074 21.7689 22.6867 17.3861 0 1.62882 0.983768 0.0276864 0.082639 13.6565 0.124768 3.48569 0.0243478 
22.2808 178.575 91.928 76.1219 118.528 44.4357 64.3237 196.127 173.823 12.0528 17.3121 138.393 75.5601 37.8915 12.1954 1.14163 19.9486 54.0849 58.3199 103.556 0 19.9473 13.1718 44.3478 2.80179 61.4012 39.3042 12.3747 
27.6254 4.40361 12.3456 9.26451 44.7796 4.31456 58.367 18.068 45.0106 59.2949 78.8091 72.5313 79.3406 9.52712 17.5288 6.88071 12.8795 7.42487 6.10347 1.27121 3.70538 0 8.39295 10.6162 15.5218 0.06295 0.55258 0.0128402 
42.5944 53.4722 3.57707 10.1451 20.5151 5.61445 2.82834 80.5838 82.7343 11.604 2.70958 5.73419 3.89205 4.47947 15.2213 12.2175 9.18513 0.626117 22.1812 3.27492 20.2773 9.11217 0 0.00551374 20.6956 9.52977 0.350665 0.319739 
27.6473 12.9538 4.40061 14.6868 15.3914 13.8701 42.3307 1.89935 9.66352 20.9923 0.00784365 182.976 1.47094 9.61993 26.3147 0.351948 4.59158 48.3915 4.63808 5.10773 21.2053 11.3801 10.5311 0 2.19811 13.2798 11.746 0.0207062 
69.8756 108.308 1.23044 78.141 50.7525 72.7822 20.6873 16.8529 132.798 63.2346 22.0061 948.869 0.0162176 15.1858 7.06793 42.7243 94.733 3.27743 2.81923 0.312864 52.1043 42.4295 17.7087 61.1628 0 81.4046 43.8823 29.959 
43.988 1.24378 1.30802 23.3739 57.9874 2.99568 94.9471 1.03538 3.80359 60.7096 28.3901 120.436 54.7869 1.65874 14.0372 0.61324 23.6662 9.58083 29.0868 4.34099 62.6653 9.17399 10.2247 13.5717 20.4175 0 28.5508 9.37891 
14.7105 54.5877 6.82981 21.0704 12.2385 15.939 60.2121 71.3661 6.66442 18.1732 6.92633 17.4068 38.7785 11.272 0.687784 17.6904 14.7319 10.5296 1.59633 10.9435 43.3392 2.54085 1.30505 10.7916 9.46382 15.7352 0 4.8828 
47.599 22.5998 0.341287 11.3419 2.27293 17.3995 27.674 105.899 72.6589 9.94724 47.2078 34.2551 10.2114 1.84304 0.456041 0.596816 1.0825 25.2132 23.904 11.3358 10.8461 10.3863 9.21416 5.29258 20.1543 8.79332 53.4756 0 
