0 596.738 152.159 29.6721 14.0119 143.968 227.145 74.8882 93.4805 4.59512 185.345 47.6078 52.9718 42.5514 59.5708 58.9676 124.255 236.606 10.532 46.1605 16.6743 36.9974 46.054 4.67261 33.7288 42.4699 6.82943 6.33638 
507.168 0 88.8982 207.201 522.677 220.476 129.539 2.20745 394.152 15.6017 244.216 218.456 6.07754 64.0484 95.3486 64.2708 31.2441 462.495 115.49 123.064 178.862 40.6611 55.0925 2.69585 24.9993 78.924 34.3815 64.539 
167.139 279.452 0 32.5115 95.123 58.2639 204.302 21.6126 18.3194 40.7571 161.971 188.155 5.76285 4.53606 18.0745 24.6661 19.7796 45.1132 0.173797 8.63268 43.3043 9.13602 4.07589 14.9533 1.88489 6.75744 1.8259 13.6845 
370.396 204.233 257.966 0 8.3546 25.0551 203.179 901.348 27.5116 101.215 131.976 255.597 54.3142 12.2282 15.5912 42.4828 37.0278 46.802 48.1845 8.51553 368.183 1.55116 11.8941 26.1173 60.1155 44.5107 0.00402585 17.495 
9.7276 486.509 4.67416 101.156 0 85.0867 431.251 222.837 20.603 118.979 206.449 162.042 108.126 66.042 41.3668 26.8849 142.956 161.474 295.187 84.6566 36.4239 25.031 55.0225 50.4376 50.4888 1.09881 15.4876 41.4441 
157.434 53.9517 39.3564 30.1425 133.014 0 371.092 167.845 261.677 284.488 202.292 11.4722 499.366 3.31443 26.1274 12.5974 81.4113 15.1868 47.1163 17.8216 72.4497 4.04679 13.3797 17.9761 40.582 20.9029 9.36494 17.4191 
255.055 374.005 160.847 82.627 395.538 92.7027 0 269.215 118.408 508.081 6.59449 130.008 19.7792 87.2214 70.2862 12.5268 11.009 129.029 19.0074 79.2708 23.934 0.0331848 19.5579 71.7002 52.8971 14.6332 51.758 44.6324 
213.551 292.242 2.55849 327.649 125.778 8.24778 154.764 0 49.5891 187.136 44.1472 383.418 118.537 115.556 31.2174 10.8712 8.64158 7.66945 0.0911077 117.398 65.1246 11.3422 0.707521 131.687 178.133 142.527 30.8255 109.036 
94.1867 44.1807 446.615 311.962 269.94 258.29 1266.61 55.7481 0 153.953 1211.15 254.548 3.99591 115.269 52.3821 8.25996 63.4847 80.0672 61.5951 11.0817 90.0645 52.6832 49.0206 46.8142 58.6027 1.96468 0.133267 59.2108 
137.208 242.086 62.6306 3.62333 75.566 468.742 261.598 42.1746 352.902 0 80.5769 212.3 150.176 63.9991 125.817 23.9349 52.3352 146.467 119.066 51.0001 36.8961 13.1048 35.2155 58.5648 71.5441 63.9104 3.55422e-05 14.0046 
130.379 103.391 208.017 93.4527 216.962 22.2089 480.281 139.985 843.724 155.578 0 185.678 132.276 161.222 253.497 1.32744 57.2735 165.457 0.0302701 82.0641 10.6915 34.7817 44.8833 42.5526 3.15065 164.065 39.9447 109.814 
10.1813 174.669 100.327 47.767 16.3629 109.772 243.245 1002.72 24.7685 10.606 518.273 0 110.022 122.597 223.831 293.09 21.3598 121.425 0.510885 96.4558 27.6543 73.7226 10.2276 187.128 218.489 109.57 96.1902 17.6595 
94.2166 57.7229 28.9132 0.0134194 95.9109 171.774 195.403 1.10537 177.395 88.4669 8.36084 59.9829 0 3.53043 35.0604 50.1256 21.9023 60.5873 72.4289 0.0370574 26.897 86.8067 52.4049 40.1205 21.8752 55.0667 24.7487 24.6944 
52.5749 45.0312 16.6668 0.18501 26.6428 19.6313 71.517 101.478 65.0205 77.8531 188.641 147.06 74.1251 0 19.1683 1.61388 0.559291 53.0862 3.82298 0.53583 0.371339 1.33764 1.3308 5.04143 2.58871 1.04357 11.1871 8.40903 
3.0862 96.4984 4.81202 29.7177 36.4619 21.4313 0.19449 184.458 92.916 12.7813 324.614 218.39 1.76968 61.7089 0 3.0659 19.0026 4.28927 0.0455342 11.4293 57.3964 2.70619 14.5191 0.255647 25.6211 15.528 2.56757 3.61248 
2.01023 77.3916 0.00279148 14.6024 53.9497 20.8488 31.3217 23.6135 134.559 82.646 117.391 7.49033 0.00372152 0.131133 67.1799 0 9.85509 0.0294898 24.1084 0.00490082 62.1943 4.07196 0.0439734 3.97159 8.13536 0.92759 16.1551 0.00289262 
45.177 109.548 51.8127 80.5798 31.675 71.6654 104.403 96.9684 92.1538 4.0374 2.7405 17.3543 17.091 18.8992 0.946107 5.04278 0 43.8818 321.369 3.09797 68.4252 4.93355 2.10005 11.8023 52.106 22.745 6.92531 0.59477 
229.956 210.946 7.19301 145.542 20.479 81.5436 232.61 91.9226 150.946 42.5658 1.46285 144.355 87.6033 51.9056 67.184 51.9971 185.62 0 73.7349 4.81198 102.295 14.5057 1.57741 8.44753 54.9926 4.27904 1.87664 13.4887 
12.0006 43.6682 53.3885 40.9194 211.991 52.7693 94.1431 36.2988 129.727 123.004 1.83576 95.413 85.5904 2.01286 34.3116 27.192 214.629 137.457 0 0.00391976 71.6601 4.39326 19.8212 22.1968 0.0105399 6.71877 13.7689 21.3193 
56.2758 73.1506 19.1753 10.664 85.6961 12.9061 32.9812 10.8989 88.2425 54.7849 66.5956 39.1959 0.00223281 3.57723 10.1817 6.84103 20.9519 25.4569 18.3597 0 2.09825 0.915016 0.0166019 0.11604 13.7202 0.194897 3.31197 0.0503505 
31.4097 179.076 97.6956 80.5716 115.984 42.124 69.1184 199.897 169.909 13.8185 20.3455 142.709 74.9771 37.1663 13.3886 0.711442 21.2854 50.5855 59.6083 151.708 0 19.4814 13.9074 43.7608 3.46929 61.8991 38.7958 11.4585 
28.2896 3.82888 12.2699 9.57647 45.8208 3.86977 59.1502 19.3913 46.5246 58.6029 78.7834 71.6298 81.9172 9.23028 17.5448 7.22642 13.1896 7.97369 6.49764 1.34926 3.40976 0 7.52272 10.104 15.4235 0.10189 0.653555 0.0285296 
41.9478 54.122 3.25679 10.6821 21.8434 5.15744 3.76956 77.5465 85.513 10.007 1.23637 3.62916 6.02257 3.29353 16.9853 12.3875 9.48661 0.847705 22.3462 3.2125 19.4996 9.95533 0 0.34848 21.3958 9.70947 0.242042 0.2387 
26.0906 11.676 4.83353 13.7783 16.5889 14.2937 40.2021 0.68323 11.7652 22.9061 0.167365 185.821 2.3375 9.21222 25.2967 1.31288 4.31261 48.3853 4.99388 5.21329 22.2741 10.9076 13.5282 0 2.3793 12.6906 11.1023 0.00102999 
28.7414 63.9302 0.857061 37.6241 49.2591 30.0156 18.1214 10.914 85.6617 61.6303 17.5062 998.966 0.00482009 15.5136 8.2535 61.8347 52.6057 2.699 3.17611 0.41686 53.1226 10.7748 19.1041 52.2658 0 87.0422 147.033 110.228 
46.6907 1.987 1.8146 25.4596 56.4561 3.61651 96.4169 0.0169714 1.98885 58.3013 35.3579 169.441 54.9973 2.01957 12.4544 0.138889 23.3112 10.6816 29.3581 4.63928 62.8755 9.01005 10.3014 14.1054 22.7686 0 26.8155 5.49647 
13.7659 54.5495 7.24853 20.4868 13.0086 16.2747 59.9865 68.5475 7.76959 17.1668 5.75044 14.4141 38.9289 11.2965 0.512859 17.4017 14.4392 11.1597 1.4218 10.9103 43.553 2.35328 1.09345 11.4389 12.5744 17.6726 0 10.4656 
48.8537 24.1088 0.512121 10.3643 1.81985 17.8896 29.6515 101.063 75.3485 11.1559 50.9577 42.2046 11.0259 2.09237 0.264364 0.334522 0.931038 26.1991 23.6095 11.2747 11.7452 10.427 9.35261 5.70541 22.0895 13.3926 43.193 0 
