0 983.87 187.005 441.127 37.6534 535.035 194.018 38.2628 529.146 0.76319 175.53 28.1776 60.7491 45.2173 55.2904 52.3099 530.737 232.981 17.2176 87.9153 39.0765 37.9108 46.6668 6.96698 433.334 49.0856 5.16876 4.21902 
736.227 0 281.12 683.464 518.89 653.212 28.8614 0.861497 830.454 37.5608 221.426 209.048 12.5303 66.9572 92.4749 70.0629 429.301 779.644 95.0246 134.427 175.68 38.4513 56.1485 1.32367 428.547 81.4775 36.921 63.9017 
196.949 87.5763 0 52.5014 63.3141 49.0915 238.549 1.51763 131.792 27.0827 118.84 184.503 2.88585 3.25379 14.1427 23.9409 15.3414 68.1167 1.34505 11.6606 59.2152 9.66647 3.27308 14.39 3.27825 9.1976 1.25059 15.1477 
734.078 681.12 108.736 0 20.7572 429.926 195.812 77.0815 434.622 105.294 158.179 235.726 49.3704 14.0637 11.898 40.6645 436.579 63.922 52.3235 14.1102 693.502 2.02538 13.1583 25.3234 466.064 43.3293 0.143903 14.9422 
30.6868 371.371 0.0355574 121.858 0 8.55702 427.771 219.174 1.88054 59.7689 230.389 151.77 88.7911 68.1729 49.8801 21.6404 132.787 187.447 299.507 78.4267 45.5826 21.9166 55.8615 52.2918 53.9852 2.59091 13.5152 38.7089 
557.236 495.752 50.303 439.05 615.882 0 674.126 192.323 816.635 681.274 243.857 3.83637 72.6251 4.93953 21.0518 15.2282 482.91 25.0247 58.6884 15.9462 69.3526 5.18604 12.3974 17.7769 441.323 18.7759 8.34894 16.1553 
232.346 484.638 104.602 50.5968 319.662 258.987 0 189.669 841.793 449.364 57.2575 92.2717 6.34687 80.5235 89.2538 6.41216 6.4275 99.5896 9.13528 85.2597 15.8323 0.0927262 24.6658 71.712 45.2059 8.60524 49.3245 39.7129 
167.218 280.077 3.50694 248.463 102.01 25.8386 234.791 0 0.0597675 165.111 89.9885 819.203 108.544 121.88 53.4565 42.7767 5.53651 15.2398 0.217479 116.133 86.038 14.1796 0.00162244 123.064 159.495 181.998 37.9556 97.1553 
468.688 428.074 323.603 652.06 315.414 814.009 632.003 0.0391866 0 233.776 924.974 317.835 0.178385 102.578 157.647 1.86283 459.129 58.6807 76.164 6.1159 107.637 49.2106 57.9361 38.5601 472.936 0.00436015 0.027114 66.4952 
125.489 238.197 77.24 9.01783 27.8319 303.439 408.529 65.0997 295.177 0 1.43455 231.605 226.833 55.1237 132.721 34.0032 46.4568 144.631 122.533 48.3772 43.2119 9.49162 30.1123 59.9004 70.94 68.7041 0.132671 17.4159 
147.603 137.439 172.635 65.202 190.037 2.16605 480.567 200.06 518.862 25.5471 0 300.625 97.8361 190.217 361.333 2.76473 62.6788 169.348 1.14128 79.0183 17.1794 39.7341 31.1578 56.0106 0.196351 156.313 45.4749 107.92 
23.6959 153.636 73.714 17.3421 8.58444 125.845 212.49 949.778 68.4938 27.6705 491.429 0 96.9957 100.475 259.765 103.02 17.46 129.753 1.75994 95.0657 17.9351 75.2433 18.9296 184.368 298.442 22.026 86.9016 6.13134 
88.4659 71.1068 35.0484 0.567922 115.023 143.175 174.263 0.00670002 160.124 163.49 0.533082 47.0941 0 20.1852 51.4406 41.0055 18.6313 67.3307 67.6758 0.0290998 23.1985 89.6882 63.5333 46.5193 18.4098 55.1383 23.054 22.3436 
53.4285 50.077 16.6901 0.658885 21.7024 18.1973 79.679 89.8743 48.0526 71.794 207.522 129.519 41.7135 0 44.6611 4.63642 0.293818 52.3445 4.92644 0.392674 0.0642227 0.728481 0.0502629 3.36121 1.58321 0.460913 11.2839 9.1386 
5.62729 96.5719 7.86337 32.851 44.8925 16.3375 4.14871 177.456 57.5718 3.13438 398.781 165.627 0.0542016 54.3935 0 6.1581 17.5518 2.38091 0.365515 11.6236 57.9862 3.7722 18.7641 0.126097 27.996 11.6406 1.78512 5.10892 
4.86291 72.8812 0.332069 9.76501 58.7876 18.4881 21.9595 63.7076 144.801 88.051 158.825 38.021 0.876546 0.356418 89.1753 0 8.67268 0.429392 25.4392 0.0750946 62.8818 3.27688 0.0988633 0.44161 11.387 3.7688 17.0539 0.285322 
455.221 496.209 53.8761 484.637 19.2811 477.931 107.514 98.6339 502.66 1.8752 4.90879 13.7669 20.287 18.1819 1.53231 4.10427 0 92.9304 183.865 4.39115 68.3854 4.28938 2.58452 12.6289 454.606 23.6424 6.23941 0.340684 
215.524 84.2468 0.641155 145.145 6.9652 93.7361 223.828 76.2055 171.245 31.1909 5.15952 148.394 92.5354 52.7947 68.3371 54.602 236.579 0 89.6465 8.85412 108.447 12.8727 0.883557 6.70552 56.5947 6.31355 1.22087 15.6708 
19.0195 63.0513 56.9484 45.7228 263.316 41.0324 110.858 44.1788 139.593 120.204 0.213549 92.3708 85.3121 1.29802 32.674 26.0526 219.978 127.155 0 0.110646 72.4141 5.27177 20.5376 21.5856 0.135964 8.06397 14.6453 20.3771 
107.897 53.3333 21.9153 5.72369 79.7008 10.8695 41.6747 5.31486 94.6405 53.1603 61.2777 46.7267 0.168194 3.35994 10.6164 6.24626 18.9097 32.6168 20.7428 0 62.0332 0.755235 0.00133516 0.221346 13.8125 0.431302 2.89685 0.153437 
59.0248 177.696 110.162 103.186 108.97 36.4122 80.8972 206.144 158.447 18.5661 28.6308 152.078 73.2863 35.2723 16.4742 0.083281 24.6609 42.1757 62.5642 266.375 0 18.3277 15.7499 42.1546 5.38584 62.7375 37.46 9.32053 
29.8744 2.57769 12.0451 10.3343 48.222 2.86042 60.7759 22.7507 50.1329 56.4497 78.2815 69.0706 86.8813 8.407 17.4321 8.05429 13.9404 9.38261 7.49807 1.54784 2.73095 0 5.41553 8.7672 15.1489 0.236405 0.934924 0.0930942 
40.2016 55.4511 2.51485 11.9844 25.1611 4.08445 6.60815 69.5569 91.5673 6.50965 0.0428389 0.47553 12.9954 0.929659 20.8545 12.4211 10.2264 1.52978 22.6846 3.05274 17.5966 11.8741 0 4.58007 22.6256 10.0665 0.0598261 0.0892271 
22.3139 8.76504 5.93959 11.5479 19.6321 15.2579 34.9279 0.283838 17.6528 27.7211 2.64158 186.465 5.26369 7.92068 22.0087 5.94496 3.65616 48.2027 5.90694 5.45641 24.9073 9.64479 19.3128 0 5.34492 11.121 9.49966 0.0586907 
434.482 461.2 0.22188 444.577 45.4351 431.374 12.3992 1.66931 476.292 57.2123 8.44193 256.112 0.304655 16.1431 11.3878 86.7886 455.308 1.50904 4.13023 0.73254 55.3768 34.8058 22.2554 35.4108 0 4.87674 36.2176 22.2278 
53.16 4.51646 3.37288 30.4252 52.4361 5.34165 98.8229 8.59275 0.0055713 51.9287 54.585 291.292 55.163 3.02087 8.73988 0.40774 22.3841 13.5764 29.9191 5.3853 62.9969 8.58153 10.3957 15.2322 28.4787 0 22.2456 0.254956 
11.5356 54.2726 8.29548 18.9894 14.96 17.0527 59.1883 61.3625 10.7947 14.7547 3.30364 8.14638 39.1918 11.3079 0.190495 16.574 13.7108 12.7562 1.03405 10.8023 43.9625 1.91724 0.648135 12.9864 21.4553 22.4451 0 30.8961 
51.7282 27.8875 1.0725 8.07608 0.916235 19.0201 34.5853 88.2676 81.5153 14.3347 60.2078 63.8418 13.1105 2.75483 0.0135796 0.00966404 0.60613 28.6125 22.8368 11.0868 14.0537 10.501 9.64836 6.73818 26.8946 27.1358 19.6514 0 
