0 968.409 188.05 430.188 38.7192 522.013 192.664 37.0995 517.888 0.68278 175.106 27.5398 61.0356 45.3107 55.1229 52.0546 518.317 232.685 17.492 91.4174 40.0575 37.9421 46.6839 7.05959 420.697 49.3266 5.11117 4.14815 
716.612 0 288.53 673.252 517.113 641.464 26.4044 1.03547 818.605 38.5283 220.461 208.611 12.81 67.0518 92.3395 70.2632 416.658 484.486 94.2495 134.757 175.493 38.3668 56.1799 1.28191 416.059 81.553 37.0134 63.8694 
197.766 81.7754 0 57.4571 62.1826 48.7068 239.402 1.21763 137.453 26.6105 117.21 184.224 2.79738 3.20927 13.9988 23.904 15.1832 69.0039 1.40926 11.7759 59.8164 9.68555 3.24439 14.3663 3.33631 9.29194 1.2312 15.2005 
718.954 670.945 113.94 0 21.3099 417.519 195.326 91.2844 422.919 105.399 159.075 234.702 49.1811 14.1308 11.7662 40.5732 423.935 64.5724 52.4662 14.3347 809.827 2.04399 13.204 25.2874 453.637 43.2637 0.152901 14.8481 
31.6643 366.188 0.0761189 122.578 0 8.69673 426.738 218.943 1.5695 57.8563 231.165 151.352 88.0696 68.2382 50.1958 21.4523 132.357 188.333 299.145 78.1734 45.932 21.8024 55.885 52.3544 54.109 2.65787 13.4437 38.6052 
544.513 484.876 50.676 426.781 335.659 0 507.678 193.083 808.761 534.437 245.105 3.62947 150.727 5.00424 20.8618 15.3252 470.316 25.426 59.1042 15.8745 69.2245 5.23005 12.3592 17.7662 428.715 18.6942 8.31157 16.107 
231.315 487.564 102.526 49.501 316.31 280.168 0 186.693 870.593 445.543 59.9972 90.9286 5.98686 80.2478 89.9396 6.22175 6.27976 98.5099 8.8334 85.457 15.5597 0.104029 24.8611 71.6975 44.92 8.40934 49.2299 39.5292 
165.448 279.416 4.00234 240.282 101.131 26.6567 237.743 0 0.267966 164.227 91.914 832.737 108.156 122.064 54.3543 44.2988 5.43378 15.5657 0.244786 116.046 86.834 14.2892 0.00532392 122.687 158.69 183.322 38.2256 96.6881 
455.221 415.431 317.738 636.875 316.821 806.193 601.75 0.00566863 0 236.682 1346.84 319.953 0.132285 102.078 162.739 1.71192 446.341 57.9259 76.7077 5.95801 108.282 49.0782 58.2639 38.2591 460.848 0.000267728 0.0339643 66.7587 
125.014 237.852 77.7607 9.26003 26.4609 294.459 413.157 66.0098 292.631 0 0.813586 232.182 229.515 54.7787 132.849 34.3924 46.2367 144.518 122.612 48.2717 43.4483 9.36671 29.9225 59.9352 70.8991 68.8622 0.142834 17.5465 
148.208 138.71 171.161 64.1986 188.957 1.82194 479.569 202.299 503.103 22.6992 0 304.866 96.5868 191.102 364.348 3.1205 62.8756 169.45 1.21291 78.8916 17.4456 39.9177 30.681 56.5206 0.154912 155.926 45.6796 107.821 
24.2935 152.814 72.7482 16.4791 8.34155 126.397 211.236 940.449 70.4595 28.4401 489.489 0 96.5006 99.6171 260.701 97.0713 17.3212 130.041 1.82039 94.9918 17.6101 75.2891 19.2948 184.093 295.986 19.9512 86.5394 5.81377 
88.239 71.6072 35.2775 0.603995 115.712 140.833 173.38 0.00210812 159.424 166.385 0.421943 46.6325 0 21.0343 52.0686 40.6662 18.513 67.5765 67.4891 0.0338651 23.0643 89.7519 63.9279 46.7497 18.2842 55.1313 22.9906 22.2565 
53.4519 50.2584 16.6856 0.681894 21.5244 18.1388 79.9581 89.4171 47.4471 71.5365 207.979 128.789 40.608 0 45.5285 4.77074 0.285581 52.3107 4.96946 0.387755 0.057708 0.709178 0.0356557 3.30172 1.55011 0.443646 11.2862 9.16456 
5.73478 96.5437 7.98689 32.958 45.2079 16.1523 4.39072 177.057 56.3654 2.89816 400.16 163.512 0.0845648 53.7433 0 6.93802 17.4976 2.32051 0.383193 11.6294 57.9999 3.81422 18.9095 0.149726 28.0736 11.4998 1.75857 5.16805 
4.99102 72.6966 0.354689 9.59825 58.9583 18.3966 21.635 65.4691 145.103 88.2073 160.276 42.0588 0.94676 0.399746 89.3693 0 8.62951 0.453113 25.4862 0.0792824 62.8954 3.24844 0.111403 0.376911 11.524 3.90694 17.0841 0.304558 
442.972 483.082 53.9381 472.14 18.8716 465.517 107.605 98.6817 490.408 1.81046 5.00052 13.6405 20.4085 18.1542 1.55659 4.07095 0 94.9627 265.233 4.44273 68.3768 4.26616 2.60328 12.6592 442.062 23.6741 6.21443 0.332603 
214.847 78.9964 0.533535 145.048 6.59628 94.1627 223.369 75.6283 171.95 30.7932 5.33867 148.515 92.7056 52.8214 68.3689 54.6918 238.219 0 90.2275 9.02499 108.658 12.8133 0.861599 6.64422 56.648 6.39568 1.1992 15.7534 
19.3045 63.8023 57.0627 45.8937 264.876 40.5983 111.451 44.4767 139.918 120.051 0.184018 92.2456 85.2848 1.27437 32.609 26.0078 220.106 126.725 0 0.120589 72.4336 5.30547 20.5626 21.5614 0.143322 8.11537 14.6775 20.3412 
109.909 52.6161 22.0095 5.5654 79.4553 10.7944 42.0025 5.14394 94.8548 53.0899 61.0732 47.0074 0.17939 3.3517 10.6314 6.22372 18.8334 32.8898 20.8305 0 65.5923 0.74957 0.00109668 0.22587 13.8141 0.441781 2.8818 0.158319 
60.1683 177.574 110.57 102.448 108.691 36.2008 81.3312 206.291 157.976 18.7525 28.9587 152.389 73.2167 35.1992 16.5924 0.0718113 24.7882 41.8707 62.6677 269.944 0 18.2847 15.819 42.0908 5.46422 62.758 37.4082 9.24457 
29.9318 2.53582 12.0357 10.3622 48.3064 2.82549 60.8278 22.8779 50.2633 56.358 78.251 68.9667 87.0256 8.3742 17.4238 8.08424 13.9679 9.43638 7.53596 1.55538 2.70709 0 5.33983 8.716 15.1376 0.242432 0.946235 0.0961934 
40.1327 55.4929 2.48872 12.032 25.2852 4.04626 6.72707 69.2485 91.7688 6.39255 0.0654731 0.415181 13.2972 0.865695 20.9806 12.4118 10.2537 1.55874 22.6953 3.04666 17.5264 11.9396 0 4.81122 22.6569 10.0773 0.0554092 0.0850629 
22.1759 8.66384 5.98154 11.466 19.7473 15.2914 34.7323 0.340027 17.8891 27.9015 2.78914 186.314 5.39296 7.86622 21.8685 6.16818 3.63267 48.1914 5.94176 5.46495 25.0048 9.59566 19.4555 0 5.5197 11.0601 9.44014 0.0637066 
422.074 448.466 0.206205 432.203 45.2897 418.793 12.2044 1.48036 463.318 57.0366 8.16458 87.2153 0.324665 16.1614 11.5087 86.3519 442.77 1.47131 4.16761 0.745839 55.4532 37.9513 22.3624 35.068 0 5.69259 40.1492 19.0961 
53.3933 4.62865 3.43864 30.6025 52.2807 5.41061 98.8784 9.20352 0.0006247 51.6819 55.3431 295.399 55.1595 3.06077 8.60917 0.456727 22.3483 13.6885 29.9369 5.41323 62.9906 8.56501 10.3966 15.2685 28.6848 0 22.0707 0.189757 
11.4556 54.2574 8.33467 18.9323 15.0337 17.0802 59.1521 61.0908 10.9149 14.6672 3.22532 7.94578 39.1987 11.307 0.181531 16.5403 13.6836 12.8167 1.02081 10.7976 43.9745 1.9018 0.633737 13.0421 21.8086 22.6195 0 31.7824 
51.8287 28.0292 1.097 7.99487 0.888544 19.0598 34.7696 87.7732 81.7305 14.4576 60.5493 64.6867 13.1897 2.78064 0.0103575 0.00647665 0.595393 28.7016 22.8068 11.0788 14.1417 10.5031 9.65807 6.77674 27.0704 27.6844 18.8914 0 
