0 472.791 204.335 71.5157 62.4261 104.489 164.25 17.3036 136.793 0.014674 165.797 16.1657 66.7199 47.0884 51.6544 46.8536 113.151 224.421 23.3314 169.417 61.5566 38.5279 46.9438 9.01973 11.7959 54.0579 4.02054 2.85003 
172.13 0 416.071 303.699 459.375 244.581 0.142534 7.81454 416.322 59.7964 199.648 198.628 18.9733 68.7343 89.218 74.0283 8.41251 920.99 78.6822 139.838 170.732 36.6429 56.6918 0.585252 10.1298 82.7674 38.8337 63.096 
209.08 5.59361 0 186.467 40.8951 40.5519 249.355 2.16279 259.703 17.8344 85.1548 176.595 1.30951 2.37102 11.1809 23.0232 12.1376 86.9362 2.99519 14.1011 71.8409 10.0576 2.68899 13.851 4.58748 11.2214 0.87369 16.2336 
247.337 302.285 59.3322 0 33.5785 13.6737 182.631 846.545 41.8023 106.76 175.511 210.499 45.3208 15.4504 9.22763 38.4127 14.8142 77.6558 55.1482 19.0072 334.611 2.4315 14.0988 24.471 48.5152 41.6383 0.389548 12.9799 
53.8105 256.273 4.06594 135.996 0 81.1285 393.445 212.923 1.26465 25.3275 244.774 142.496 73.7193 69.3317 56.4635 17.8009 123.023 204.656 284.303 72.8104 53.035 19.5484 56.2418 53.5125 56.4941 4.16699 12.0395 36.5022 
132.518 112.878 57.4373 25.4691 668.214 0 1531.92 205.722 469.74 546.155 264.768 0.686334 130.385 6.35749 17.0827 17.2392 61.8506 33.8995 67.1001 14.4112 66.4731 6.13535 11.5714 17.5034 20.1792 17.0219 7.57064 15.1211 
208.281 524.072 63.1306 29.5119 244.458 722.923 0 128.807 1276.52 350.874 125.093 65.3436 0.973352 74.3753 103.177 2.99156 3.66965 77.3688 3.82398 89.0031 10.5616 0.46561 28.8324 71.1851 39.2266 4.93294 47.2754 35.8448 
130.079 263.279 20.4712 78.6932 83.7654 45.1498 294.522 0 35.1494 145.788 132.913 1014.3 100.156 124.937 73.09 78.6384 3.57404 22.7169 1.12863 113.709 102.895 16.5443 0.527031 114.356 141.19 206.915 43.6995 87.0219 
31.5007 15.1586 194.207 174.379 340.051 468.586 101.337 30.2202 0 291.773 1077.63 357.724 0.653589 91.7031 148.4 0.0307283 34.3437 43.5543 87.5565 3.21916 120.991 46.3845 64.7403 32.3503 62.8702 0.949272 0.332197 71.9034 
114.987 228.065 87.6975 14.6987 6.05101 111.261 485.027 84.8808 237.654 0 24.8206 241.436 278.044 47.706 133.44 42.3226 41.8175 141.615 123.418 46.0434 48.2047 7.01653 26.1395 60.4062 69.8066 71.7081 0.424411 20.2112 
159.698 163.871 140.103 45.1724 166.44 1.20162 445.34 246.184 274.519 1.26266 0 385.512 72.4195 205.376 404.167 14.5712 66.747 170.824 3.09617 76.16 23.1306 43.5862 21.7306 66.7834 0.356817 146.804 49.7537 105.415 
37.5614 135.9 54.0439 3.71745 4.19078 136.665 184.85 673.55 113.924 45.6505 438.209 0 86.4937 82.2225 272.706 12.4651 14.6343 135.452 3.2371 93.1889 11.6778 76.0446 27.1714 176.126 267.095 0.0214563 79.0689 1.21235 
83.5117 81.6136 39.8614 1.55491 129.085 91.8933 154.533 0.452751 144.714 223.069 0.926394 37.7123 0 40.7863 64.7159 33.9266 16.198 72.4153 63.6155 0.204926 20.4325 90.3653 71.4263 51.2305 15.8218 54.8486 21.7167 20.5152 
53.7962 53.7824 16.5175 1.22117 18.0582 16.8987 85.1449 79.9675 35.8308 65.9497 213.172 113.237 20.8959 0 58.8406 7.67839 0.145326 51.5418 5.85905 0.295457 0.000575297 0.374774 0.268174 2.18352 0.956443 0.166256 11.3113 9.66521 
8.07589 95.5179 10.5848 34.9429 51.5221 12.5501 10.5889 167.116 34.4449 0.110713 404.384 120.501 2.09342 37.0285 0 29.9387 16.406 1.27166 0.823078 11.7225 58.15 4.68786 21.5565 1.03877 29.4528 8.77432 1.26614 6.39852 
7.87197 68.7631 0.958869 6.49606 62.2258 16.5235 15.5447 103.433 149.88 90.636 187.096 155.608 2.90642 1.75727 82.9162 0 7.77962 1.06033 26.3891 0.186577 62.9909 2.69652 0.515344 0.162119 14.4647 7.08564 17.6399 0.817695 
41.7798 64.3046 54.9526 65.6168 11.5063 60.679 109.059 99.4306 88.8708 0.751182 7.00191 11.2138 22.874 17.5852 2.07959 3.4293 0 137.278 383.905 5.52755 68.0967 3.81187 2.99036 13.2627 34.7558 24.283 5.72127 0.191146 
199.391 23.1771 0.458209 141.904 1.3028 102.219 212.302 64.2593 185.201 23.2596 9.53135 150.48 95.9156 53.2576 68.8379 56.3806 266.078 0 101.606 12.7345 112.602 11.6411 0.479825 5.46877 57.6214 8.1345 0.805645 17.4303 
25.3527 79.1385 59.0703 49.191 289.639 32.059 122.799 50.5128 145.749 116.27 0.0550165 89.5639 84.4832 0.845532 31.2511 25.0745 217.951 117.493 0 0.408517 72.6939 5.9954 21.0411 21.055 0.330756 9.16397 15.3182 19.6098 
149.433 38.8052 23.7635 2.8258 74.2359 9.30749 48.5913 2.29774 98.7732 51.535 56.8909 52.6214 0.478244 3.18404 10.9118 5.76644 17.3005 38.4307 22.5694 0 148.574 0.64022 0.00124782 0.32556 13.8207 0.676368 2.58648 0.271659 
84.3896 174.096 117.797 58.1478 102.837 31.9961 89.9109 207.919 147.918 22.6243 35.8029 158.029 71.7248 33.6982 19.0053 0.0207672 27.3604 35.8947 64.642 322.139 0 17.4233 17.2107 40.7528 7.13528 63.0054 36.3396 7.778 
31.0565 1.7675 11.8331 10.913 49.9228 2.16514 61.7368 25.4531 52.8109 54.3542 77.4647 66.7595 89.2828 7.68927 17.1967 8.66919 14.5122 10.5344 8.30461 1.70863 2.25062 0 3.88792 7.67665 14.8909 0.378529 1.18549 0.168667 
38.6982 56.2141 1.98858 12.9696 27.7736 3.30917 9.30043 62.9408 95.432 4.25418 1.51734 0.0687015 19.8975 0.0554378 23.169 12.0711 10.7993 2.19278 22.8811 2.92271 16.1309 13.1434 0 10.0301 23.0614 10.257 0.00263595 0.0225798 
19.4532 6.74566 6.83012 9.84446 22.0803 15.9244 30.8344 2.5155 22.8638 31.5179 6.54821 180.748 8.27114 6.70329 18.855 11.1505 3.17548 47.8974 6.65219 5.62848 26.9493 8.58739 20.8768 0 9.86018 9.81356 8.25344 0.206882 
17.7064 37.4275 0.0131697 28.3965 42.335 10.87 8.59422 0.0864755 47.6568 53.3659 3.5559 640.649 0.857011 16.4504 13.9717 60.6585 35.6109 0.816268 4.94458 1.03523 56.8725 73.8553 24.3279 33.3314 0 80.8015 160.021 122.245 
57.9382 7.14292 4.86326 34.0046 49.0899 6.85582 99.4726 25.4628 0.932537 46.6306 70.957 363.938 54.9464 3.8938 6.13773 1.99642 21.6121 15.997 30.2495 5.97322 62.7032 8.2249 10.3756 15.9048 32.6632 0 18.534 0.903107 
9.89914 53.8788 9.12218 17.7716 16.5298 17.6089 58.332 55.5939 13.4326 12.9494 1.85189 4.43052 39.291 11.2686 0.0473808 15.8224 13.1363 14.0421 0.773386 10.6926 44.1661 1.60386 0.378617 14.1275 29.0465 26.0215 0 50.2697 
53.7407 30.8735 1.64131 6.4332 0.423225 19.8192 38.4551 77.6822 85.8137 16.9867 67.3166 81.9641 14.804 3.31323 0.0374149 0.0761869 0.400441 30.4723 22.1893 10.9043 15.9366 10.5331 9.83297 7.5496 30.4846 38.6935 6.42248 0 
