0 449.925 205.711 71.1104 65.6766 94.7252 160.56 15.3194 131.697 0.0574212 164.528 14.9381 67.4223 47.2983 51.2063 46.1935 104.964 223.084 24.1065 178.072 64.4693 38.5957 46.9651 9.27864 3.22262 54.6349 3.89262 2.70398 
148.053 0 427.822 298.666 449.474 236.715 0.0497856 9.0959 407.344 62.6842 196.864 197.221 19.8164 68.9162 88.7741 74.4652 0.0260661 465.735 76.7435 140.266 170.005 36.423 56.74 0.516937 1.92896 82.8792 39.0572 62.9823 
209.792 2.24652 0 203.203 38.4499 39.4863 249.619 3.20847 275.244 16.8358 81.2819 175.375 1.16203 2.27359 10.839 22.8945 11.7738 89.1772 3.23294 14.3927 73.3323 10.1028 2.6222 13.7813 4.75534 11.4672 0.833098 16.3592 
229.577 297.381 50.4254 0 35.2611 5.79055 180.669 472.883 37.8358 106.833 177.349 207.024 44.8296 15.6119 8.92491 38.1001 6.20343 79.289 55.4588 19.6103 244.792 2.4819 14.2077 24.3566 40.3574 41.3945 0.426677 12.7492 
56.8955 242.244 4.98299 137.53 0 97.031 387.703 211.988 2.01986 22.1053 246.209 141.327 71.9462 69.4396 57.2378 17.3604 121.766 206.493 281.474 72.1032 53.936 19.2706 56.2711 53.6444 56.7791 4.378 11.8676 36.2356 
123.38 109.05 58.176 17.8696 389.677 0 924.485 206.942 466.013 530.055 266.468 0.480596 515.196 6.53363 16.6166 17.4741 53.2759 35.0146 68.0482 14.2253 66.1049 6.25146 11.4699 17.464 11.6241 16.8089 7.47893 14.9955 
205.11 525.509 58.61 27.3069 235.069 766.196 0 121.927 1294.97 337.155 134.396 62.3456 0.644947 73.5967 104.754 2.66731 3.39059 74.8088 3.33923 89.3909 9.99915 0.528883 29.3367 71.0915 38.5204 4.55963 47.0231 35.3839 
125.71 260.89 23.364 68.243 81.6348 47.7203 301.183 0 43.4425 143.396 138.306 1022.92 99.1276 125.188 75.5126 83.3578 3.36787 23.6927 1.28404 113.339 104.913 16.8341 0.651971 113.217 138.838 209.428 44.3907 85.7767 
21.3326 8.81997 178.886 158.935 342.255 465.065 64.6163 37.9757 0 298.107 363.674 361.761 0.911572 90.3611 137.937 0.00111252 25.3759 41.8638 88.9026 2.93374 122.547 46.0417 65.536 31.6286 55.6508 1.20523 0.391025 72.5283 
113.67 226.468 88.8656 15.4533 4.49069 91.3832 490.829 87.3126 230.377 0 32.5395 242.279 283.264 46.8058 133.248 43.3268 41.2646 141.166 123.416 45.75 48.801 6.7433 25.6702 60.4348 69.6338 72.0198 0.470044 20.5506 
161.047 166.958 136.073 42.9556 163.522 1.96337 439.265 251.483 258.778 3.46892 0 394.787 69.5363 206.676 406.162 16.5588 67.2215 170.908 3.39121 75.7929 23.8878 44.0428 20.6974 68.0679 0.519946 145.488 50.2595 105.058 
39.3855 133.734 51.8133 2.75015 3.76871 137.836 181.408 632.665 119.831 48.0274 430.286 0 85.2316 80.0355 273.272 7.32411 14.3111 136.082 3.44173 92.9204 11.0149 76.1173 28.2264 174.811 273.251 0.529917 78.109 0.876591 
82.897 82.8583 40.4321 1.7042 130.691 86.9194 152.037 0.581554 142.788 229.805 1.354 36.6418 0 43.5712 66.2926 33.0956 15.9158 73.0084 63.1137 0.23641 20.1106 90.3529 72.3043 51.7703 15.5214 54.7942 21.5568 20.298 
53.8224 54.2078 16.486 1.29895 17.6385 16.735 85.7365 78.7513 34.4568 65.1978 213.284 111.186 18.8073 0 59.8215 8.0631 0.131069 51.4334 5.97407 0.284742 0.00324929 0.340119 0.366094 2.05517 0.891612 0.140832 11.3118 9.72521 
8.3932 95.3286 10.9245 35.169 52.3088 12.1168 11.5387 165.625 32.0383 0.0258767 401.761 115.152 2.5297 34.6255 0 33.5183 16.2689 1.16211 0.88955 11.7312 58.1521 4.80121 21.8471 1.20433 29.6011 8.44835 1.20985 6.55823 
8.27347 68.2409 1.0544 6.14263 62.6139 16.2844 14.8406 108.44 150.304 90.844 190.099 173.053 3.22419 1.98878 80.8113 0 7.67515 1.15387 26.4968 0.203108 62.979 2.63003 0.585798 0.280315 14.8553 7.53278 17.7026 0.898733 
34.1626 54.497 55.0488 57.2861 10.7019 52.5601 109.19 99.4959 81.1723 0.650724 7.27392 10.9246 23.1869 17.512 2.14992 3.35238 0 142.69 197.917 5.66986 68.0473 3.7565 3.04028 13.3375 26.349 24.3557 5.66054 0.176178 
197.219 24.0734 0.726921 141.353 0.925546 103.157 210.678 62.8657 186.735 22.3775 10.1355 150.666 96.2896 53.2991 68.8741 56.577 268.825 0 102.988 13.2358 113.057 11.4969 0.439827 5.32882 57.7304 8.36443 0.761832 17.6429 
26.1511 81.0818 59.2825 49.5853 291.803 31.0197 124.14 51.2751 146.386 115.704 0.100783 89.2055 84.3492 0.79788 31.0738 24.953 216.781 116.26 0 0.456368 72.7093 6.08371 21.0977 20.9888 0.359571 9.29768 15.3977 19.5167 
154.132 37.1653 23.9639 2.54359 73.5447 9.1243 49.416 2.01989 99.2118 51.3215 56.3569 53.3207 0.525569 3.16275 10.9443 5.70858 17.1084 39.1312 22.7842 0 159.842 0.627088 0.00192533 0.339231 13.818 0.708995 2.55035 0.287913 
87.5687 173.524 118.568 50.5116 102.072 31.4751 90.9673 207.947 146.582 23.1266 36.694 158.654 71.5251 33.5055 19.3131 0.0382713 27.6852 35.1662 64.8756 325.675 0 17.3154 17.3858 40.5776 7.35782 63.0147 36.2018 7.6019 
31.194 1.68084 11.8057 10.9811 50.1148 2.08805 61.8329 25.7789 53.1212 54.0817 77.3429 66.4667 89.479 7.60014 17.1602 8.74029 14.5794 10.6745 8.40207 1.72811 2.1963 0 3.71652 7.54533 14.8571 0.397587 1.21711 0.179126 
38.5115 56.2888 1.9292 13.0847 28.0855 3.22086 9.64721 62.1359 95.8388 4.01505 1.83148 0.140932 20.7918 0.0215978 23.3937 12.0083 10.8672 2.27926 22.9005 2.90693 15.9577 13.2781 0 10.7217 23.0817 10.2745 0.000801966 0.0175737 
19.1187 6.5206 6.93726 9.64499 22.3755 15.9985 30.3506 2.92675 23.5163 31.9698 7.12386 179.718 8.66867 6.55015 18.4551 11.8232 3.1201 47.8516 6.74277 5.64791 27.1912 8.45847 20.8523 0 10.5051 9.65463 8.10625 0.230469 
9.69579 28.5649 0.00522502 20.4345 41.96 2.39977 8.18241 0.233314 38.2413 52.8873 3.10892 594.723 0.94112 16.476 14.2841 56.3491 27.2221 0.747673 5.0455 1.07448 57.0348 71.8927 24.5478 33.7408 0 89.0121 137.666 131.938 
58.4876 7.49185 5.0552 34.408 48.6806 7.04478 99.4776 28.0022 1.18639 45.9861 72.9532 370.278 54.9005 4.00216 5.85028 2.26085 21.5175 16.294 30.2825 6.04334 62.6457 8.18121 10.3678 15.972 33.137 0 18.0904 1.25983 
9.71055 53.8217 9.22098 17.624 16.7194 17.6721 58.2166 54.9007 13.7622 12.7393 1.70616 4.05979 39.2966 11.2611 0.036702 15.7272 13.0675 14.1974 0.744788 10.678 44.1836 1.56814 0.351176 14.2587 29.9616 26.4319 0 52.5997 
53.9662 31.2302 1.71645 6.24689 0.376978 19.9093 38.9153 76.3997 86.293 17.3114 68.1515 84.1553 15.0092 3.38189 0.0530362 0.102739 0.378732 30.6923 22.1096 10.8806 16.1653 10.5354 9.85221 7.64615 30.8935 40.0384 5.28477 0 
