0 559.232 210.133 299.804 82.0052 274.012 142.604 7.41892 333.562 0.652741 158.133 9.68538 70.7602 48.2659 49.0154 43.0052 291.855 215.778 27.9522 208.431 78.9993 38.9046 47.032 10.5618 188.519 57.3531 3.30513 2.05425 
267.192 0 466.135 496.153 395.323 422.88 9.58889 16.5363 586.915 77.1202 183.031 190.01 24.0761 69.699 86.484 76.4505 186.542 777.433 67.5208 141.66 166.12 35.3548 56.9221 0.247698 189.011 83.2902 40.1162 62.3852 
210.953 7.11277 0 269.844 27.5424 34.3007 247.797 11.0108 346.314 12.3854 63.393 168.752 0.57529 1.83044 9.24068 22.2224 10.0859 99.8229 4.49217 15.7858 80.3984 10.3154 2.31041 13.4313 5.59339 12.6561 0.651149 16.9496 
368.596 495.525 131.745 0 43.7306 194.557 170.212 613.947 248.255 106.873 185.416 189.199 42.4516 16.3744 7.52367 36.4776 191.289 87.0703 56.8696 22.5387 789.161 2.72977 14.7202 23.7706 227.466 40.1059 0.627908 11.6533 
72.5303 176.501 10.6244 144.381 0 174.728 355.912 206.962 8.05985 9.56018 252.217 135.532 63.5469 69.8678 60.9149 15.3022 115.492 214.615 265.138 68.6072 58.2903 17.9512 56.3635 54.2365 58.1051 5.4577 11.0545 34.9465 
305.438 317.113 61.341 207.883 546.539 0 1554.43 211.607 661.135 777.779 272.123 0.00189867 557.798 7.39752 14.4148 18.5835 238.394 40.5089 72.4057 13.3272 64.2662 6.81728 10.9754 17.2557 196.922 15.7774 7.04216 14.3864 
189.15 522.388 38.6889 17.7706 189.867 885.993 0 90.5984 1262.76 268.289 181.568 48.6979 0.00623885 69.7393 112.012 1.36545 2.20096 62.8657 1.46343 91.073 7.49974 0.888089 31.7741 70.551 35.1588 2.96457 45.7892 33.177 
105.126 248.376 39.5623 62.4112 71.5852 60.7185 331.234 0 94.0652 131.715 164.721 1015.93 94.122 126.044 87.2781 106.88 2.46063 28.6141 2.16716 111.329 114.579 18.2481 1.4344 107.48 127.144 219.946 47.7223 79.7182 
199.837 208.261 110.011 311.556 350.524 661.22 3.799 86.257 0 326.19 209.118 378.749 2.74024 83.8033 121.604 0.419489 208.759 34.1173 95.3108 1.74389 129.884 44.3814 69.2993 28.2303 247.383 2.85205 0.739548 75.4623 
107.179 217.722 94.1996 19.2874 0.226081 20.951 507.491 99.1379 194.873 0 82.5818 245.318 305.043 42.4614 131.514 48.1543 38.613 138.753 123.087 44.2988 51.6637 5.49909 23.4346 60.4779 68.695 73.3746 0.721084 22.1964 
167.219 181.488 116.565 32.9132 149.299 8.16527 405.24 276.027 195.788 28.8585 0 435.8 56.2394 211.32 405.957 27.6755 69.4668 171.036 4.98721 73.9558 27.6559 46.2249 16.0337 74.2033 1.72576 138.678 52.6718 103.18 
48.5986 123.233 41.5474 0.128703 2.05046 143.07 164.575 430.319 149.258 60.0419 388.393 0 79.1603 69.5963 273.029 1.645 12.8007 138.947 4.5077 91.5019 8.08704 76.3986 33.4818 167.577 329.302 12.2548 73.4377 0.0206379 
79.8798 88.7954 43.1578 2.51289 138.149 71.3737 139.717 1.42246 133.323 260.217 4.51974 31.6598 0 57.6294 73.7757 29.1638 14.5847 75.814 60.6558 0.418628 18.5894 90.0182 76.3056 54.2892 14.1048 54.4739 20.7873 19.2595 
53.8964 56.199 16.3028 1.70349 15.6713 15.9248 88.3868 72.8362 28.1473 61.4448 212.143 101.096 10.1697 0 61.9835 9.9345 0.072845 50.8756 6.53708 0.235902 0.0464462 0.196657 1.03125 1.48218 0.610656 0.0479855 11.3057 10.0044 
9.98893 94.2334 12.5914 36.1818 56.0622 10.1043 16.6018 157.76 21.6815 0.441273 379.877 90.0917 5.17827 23.0404 0 51.3501 15.6097 0.704137 1.24322 11.7637 58.1113 5.35652 23.0971 2.15777 30.2347 6.94069 0.956521 7.341 
10.3206 65.6482 1.57204 4.56445 64.4069 15.1267 11.6561 132.8 151.793 91.5394 203.195 260.828 4.96708 3.26762 67.5191 0 7.17945 1.6563 26.9974 0.291973 62.8478 2.31946 0.982458 1.2835 16.7857 9.80247 17.9823 1.33801 
224.01 233.901 55.4143 243.575 7.22361 239.866 109.664 99.7216 270.516 0.268329 8.64503 9.5823 24.7012 17.155 2.5023 2.99352 0 168.543 416.78 6.37298 67.7666 3.49511 3.28457 13.6943 212.34 24.6941 5.37217 0.112786 
186.138 44.8874 2.8663 138.229 0.00997271 107.423 202.188 56.2811 193.682 18.3419 13.2748 151.365 97.9966 53.4582 68.9782 57.4728 279.484 0 109.461 15.7499 115.119 10.8132 0.27184 4.67941 58.2137 9.50494 0.56834 18.6716 
30.1034 90.4303 60.1771 51.4155 299.079 26.1562 130.294 54.9468 149.145 112.713 0.511558 87.4155 83.6035 0.58793 30.2004 24.3563 207.378 110.129 0 0.72229 72.7292 6.51368 21.3597 20.662 0.514348 9.9468 15.777 19.0643 
175.304 29.6337 24.8611 1.38772 70.1199 8.25572 53.361 0.932333 101.152 50.2396 53.7641 56.66 0.783498 3.05968 11.0924 5.42919 16.187 42.5087 23.8057 0 213.416 0.565753 0.00721174 0.408522 13.7939 0.875519 2.37937 0.372325 
103.134 170.368 121.833 19.2464 98.3047 28.9944 95.974 207.537 139.952 25.5895 41.0712 161.395 70.5264 32.566 20.8069 0.195983 29.2519 31.7343 65.9544 332.202 0 16.797 18.229 39.7128 8.46621 62.9921 35.5276 6.78028 
31.8436 1.29425 11.6684 11.3054 51.0046 1.7353 62.2398 27.3538 54.5826 52.7089 76.687 65.0118 90.1492 7.16338 16.9605 9.07447 14.8996 11.3555 8.87382 1.82257 1.94417 0 2.93255 6.91325 14.684 0.495309 1.37398 0.233619 
37.5927 56.5986 1.65479 13.6292 29.5814 2.80993 11.3851 58.2373 97.6269 2.95753 3.74132 0.843755 25.2667 0.0773673 24.305 11.6466 11.1924 2.71618 22.982 2.83035 15.1309 13.87 0 13.9715 23.0842 10.3423 0.00675879 0.00226036 
17.5346 5.48782 7.45356 8.70095 23.8008 16.3374 28.0436 5.31918 26.7347 34.1315 10.199 173.793 10.6854 5.7997 16.4866 15.1128 2.85995 47.6041 7.18258 5.73793 28.3474 7.83376 20.1061 0 13.8592 8.88624 7.4052 0.360999 
197.674 212.408 0.0173301 208.575 40.1465 188.13 6.33525 1.92711 219.524 50.5367 1.37569 659.408 1.39842 16.5656 15.7887 38.6772 213.299 0.459846 5.54121 1.27205 57.7658 44.3944 25.5171 37.0412 0 91.07 25.406 87.2847 
61.06 9.27037 6.01509 36.2645 46.6886 7.97443 99.2872 41.5813 2.82318 42.8626 82.5972 392.359 54.6215 4.53306 4.5471 3.73625 21.0554 17.7431 30.4222 6.37979 62.3037 7.96803 10.3142 16.2545 35.3197 0 15.9729 3.76173 
8.8252 53.5171 9.69578 16.9096 17.6363 17.966 57.6239 51.5636 15.3868 11.7464 1.08869 2.50033 39.3054 11.217 0.00439081 15.254 12.7365 14.9493 0.614788 10.6039 44.2475 1.40157 0.233551 14.8724 34.3261 28.3417 0 63.4632 
55.0051 32.9439 2.09831 5.3826 0.191993 20.3257 41.1185 70.2072 88.4922 18.8933 72.111 94.6837 16.0037 3.71714 0.165699 0.284781 0.28284 31.7419 21.7201 10.7605 17.2743 10.542 9.93629 8.10815 32.7814 46.2325 1.32653 0 
