0 720.603 210.513 620.004 103.005 528.354 120.725 1.60961 615.245 2.2269 149.795 4.8036 74.7059 49.3436 46.291 39.1312 555.382 205.103 32.8518 217.815 97.5144 39.24 47.0354 12.1966 450.694 60.5039 2.65536 1.38475 
473.503 0 467.743 761.927 319.182 680.565 42.2408 28.2418 834.083 95.5542 165.482 180.359 29.6587 70.4418 83.3833 78.5912 450.894 565.25 56.6802 141.867 160.593 34.0391 57.0329 0.0528106 453.33 83.5079 41.3633 61.5514 
207.366 57.0984 0 298.942 16.4549 28.0156 238.92 26.257 416.909 7.82857 43.8212 159.168 0.137687 1.35221 7.42109 21.2966 8.18504 112.246 6.26392 17.4411 88.6383 10.5624 1.95445 12.976 6.6727 14.103 0.460291 17.6333 
574.009 762.133 328.926 0 54.6978 461.223 155.541 364.96 546.283 106.247 193.364 165.644 39.544 17.2633 5.9559 34.2711 453.141 96.2461 58.3878 26.1042 428.578 3.04181 15.315 22.9853 491.415 38.3019 0.921288 10.3602 
92.9264 105.071 20.0241 151.433 0 240.558 309.695 199.745 20.5179 1.24159 257.465 128.178 53.727 70.1841 65.2419 12.9469 107.434 222.789 239.994 64.1884 63.5958 16.3915 56.3692 54.8602 59.6092 6.90609 10.0997 33.3705 
562.59 605.961 64.2449 475.785 401.463 0 1222.31 214.539 905.172 508.683 273.268 0.549786 30.1982 8.47483 11.8596 19.875 499.973 47.4082 77.1808 12.2337 61.8967 7.51681 10.3627 16.9615 458.909 14.5172 6.52271 13.6387 
168.545 496.98 19.375 8.78449 137.03 804.427 0 57.4744 983.665 184.166 241.91 34.0561 1.30915 64.847 119.996 0.36459 1.1002 49.3565 0.211238 92.6976 4.93714 1.44334 34.7458 69.7006 31.1787 1.48371 44.2503 30.5285 
81.5319 231.154 63.617 91.4574 59.9288 77.6106 362.344 0 175.285 117.313 197.209 905.141 87.9416 126.313 101.592 136.31 1.55034 35.0525 3.53342 108.398 126.128 20.0036 2.77792 100.017 112.344 228.966 51.7609 72.2677 
455.82 494.603 44.291 536.413 355.23 906.483 188.983 165.331 0 354.011 905.05 393.58 6.23232 75.6778 201.845 2.15423 468.584 25.6424 102.882 0.712541 138.405 42.3447 73.6982 24.2857 517.146 5.74601 1.30576 78.8506 
99.0229 204.938 99.9642 24.3484 2.29438 11.1095 501.926 113.611 152.017 0 166.838 246.728 323.172 37.2097 127.666 53.949 35.4285 135.284 121.99 42.4573 55.1134 4.15032 20.7862 60.3222 67.3246 74.6885 1.09443 24.2149 
173.964 198.203 93.1807 22.2723 131.82 21.0308 355.037 303.189 97.408 89.4302 0 475.906 41.5798 213.294 384.466 44.2436 72.1016 170.586 7.30521 71.5774 32.4873 48.8324 11.1006 81.4958 4.10198 129.458 55.5446 100.555 
60.6396 110.413 30.276 1.47375 0.662071 148.488 143.822 206.064 186.422 75.7148 331.122 0 71.8324 57.2872 266.249 36.4289 11.0699 142.057 5.97707 89.5091 5.12737 76.588 40.2006 156.959 378.095 45.6364 67.6848 0.663344 
76.0999 95.8399 46.4012 3.68998 146.541 71.9161 124.278 2.92502 121.502 291.35 10.7457 26.0151 0 75.5808 82.5008 24.578 13.0323 79.1021 57.5888 0.706897 16.8068 89.0103 80.6125 57.1536 12.4546 53.9585 19.8554 18.014 
53.8705 58.482 16.0121 2.25873 13.4077 14.8992 91.1487 65.5755 21.2341 56.6365 207.111 88.5423 3.11052 0 58.806 12.1759 0.0250964 50.121 7.24017 0.182736 0.165555 0.074827 2.20651 0.897946 0.33991 0.000884931 11.28 10.3216 
12.0696 92.5076 14.6665 37.2369 60.5227 7.84587 23.7535 146.846 12.0476 2.74352 335.095 62.1219 9.55284 10.673 0 71.2607 14.8119 0.302025 1.7463 11.7826 57.9489 6.04948 24.2549 3.63837 30.8212 5.26547 0.688357 8.31751 
13.0466 62.3411 2.32379 2.93941 66.414 13.7143 8.26555 162.019 152.363 91.7042 215.744 363.63 7.53481 5.12919 46.8956 0 6.59447 2.38018 27.5642 0.419997 62.5272 1.96437 1.583 3.39322 19.2056 12.7572 18.2712 1.9762 
491.576 489.091 55.6412 506.562 3.89684 504.077 109.888 99.7995 537.23 0.0284045 10.4425 8.06436 26.5546 16.711 2.96022 2.58376 0 198.627 449.445 7.2641 67.3309 3.18947 3.58961 14.12 475.119 25.0786 5.03067 0.0549106 
171.471 72.0381 7.28115 133.447 0.887564 112.011 190.522 48.6031 201.094 13.9333 17.5777 151.79 99.859 53.5607 68.9497 58.4483 286.434 0 116.869 19.0096 117.333 10.0056 0.12231 3.94548 58.7085 10.9614 0.371903 19.9309 
35.1123 101.65 60.9775 53.4801 300.772 20.6258 137.05 59.4004 151.802 108.519 1.42714 85.1058 82.4786 0.376193 29.0994 23.6062 186.835 102.309 0 1.12265 72.6352 7.04582 21.6538 20.2483 0.737472 10.7461 16.2303 18.5073 
196.782 21.4072 25.7935 0.44697 65.7721 7.23549 58.0697 0.1704 103.118 48.8117 50.5776 60.6394 1.16203 2.93337 11.2533 5.08902 15.0771 46.598 25.0149 0 271.009 0.495471 0.018082 0.500186 13.7407 1.09812 2.17858 0.48822 
122.349 165.673 124.772 10.0763 93.5623 26.0534 101.852 205.844 131.511 28.6715 46.5577 164.119 69.2339 31.4009 22.6438 0.548582 31.1591 27.7455 67.1618 316.772 0 16.1701 19.2519 38.618 9.89132 62.8169 34.6861 5.8412 
32.6051 0.893011 11.4892 11.6907 52.0062 1.34905 62.6093 29.2756 56.2835 50.9144 75.739 63.1488 90.3528 6.61917 16.6662 9.46114 15.2804 12.1958 9.45166 1.9387 1.65883 0 2.08351 6.15155 14.4501 0.626931 1.57462 0.308853 
36.4362 56.8649 1.34741 14.2681 31.383 2.34363 13.6382 53.4708 99.4123 1.88611 6.91384 2.47083 31.0145 0.614877 25.0139 11.0847 11.5828 3.29165 23.0542 2.73615 14.1438 14.455 0 17.3972 22.8787 10.3889 0.0465028 0.00304718 
15.6738 4.34835 8.07943 7.59495 25.5384 16.709 25.3017 9.10693 30.793 36.7156 14.5739 164.594 13.3476 4.87715 14.0447 19.0407 2.55843 47.2443 7.72442 5.83935 29.7304 7.07112 17.9243 0 18.3612 7.95226 6.57494 0.556393 
463.032 472.686 0.142705 473.965 37.9302 450.693 4.39855 6.11933 476.946 47.5915 0.207925 41.4393 2.06759 16.6002 17.6044 33.0559 476.179 0.204466 6.16405 1.53056 58.5406 5.64078 26.4853 42.2628 0 33.7856 140.41 12.7775 
64.0076 11.6365 7.25254 38.3115 44.2276 9.14204 98.5853 60.6482 5.70564 39.0474 94.2487 399.059 54.1551 5.19417 3.15932 5.93181 20.4808 19.542 30.5491 6.78484 61.7459 7.70335 10.2143 16.5052 37.7245 0 13.4673 8.39801 
7.80075 53.0831 10.2694 16.0347 18.7583 18.2997 56.8231 47.5249 17.4402 10.5836 0.525228 1.11073 39.2755 11.1457 0.0072653 14.6493 12.3346 15.8708 0.473967 10.5049 44.2802 1.21133 0.12291 15.5752 39.4333 30.4905 0 75.2137 
56.1607 35.0122 2.6049 4.4088 0.0508344 20.7926 43.7592 62.7017 90.9134 20.8501 76.7662 107.267 17.2239 4.1335 0.384259 0.623616 0.185444 32.9959 21.2339 10.6025 18.6378 10.5403 10.0194 8.66142 34.8643 52.8586 0.0652007 0 
