0 725.103 210.728 607.839 100.783 523.138 122.982 2.01575 607.212 2.02114 150.686 5.23227 74.3026 49.2369 46.5764 39.532 549.221 206.296 32.3332 217.996 95.5633 39.2073 47.0389 12.0234 444.643 60.1852 2.71949 1.44804 
471.797 0 469.921 756.08 327.415 675.254 37.8579 26.8999 829.978 93.609 167.33 181.401 29.0608 70.3754 83.7202 78.3833 444.583 174.512 57.7816 141.921 161.205 34.1763 57.027 0.0663201 447.059 83.4996 41.236 61.6432 
207.987 49.9124 0 299.125 17.4854 28.6606 240.166 24.4023 410.678 8.25573 45.7213 160.234 0.169072 1.39864 7.60283 21.3978 8.37424 110.992 6.06837 17.2719 87.8054 10.5374 1.99016 13.0246 6.55792 13.9533 0.478545 17.5642 
573.696 756.199 317.845 0 53.5322 454.695 157.15 341.795 536.298 106.346 192.638 168.16 39.846 17.1731 6.11124 34.5108 447.127 95.3126 58.2405 25.7362 161.128 3.00892 15.2548 23.0703 485.202 38.5003 0.888429 10.492 
90.7544 111.867 18.9283 150.77 0 235.814 314.797 200.547 18.9776 1.74233 257.027 128.954 54.7226 70.1616 64.8013 13.1834 108.289 222.03 242.836 64.6542 63.0452 16.5508 56.374 54.8004 59.4588 6.7492 10.197 33.5343 
557.112 597.228 63.9942 469.143 70.4986 0 882.76 214.376 902.477 755.156 273.442 0.43605 113.295 8.36195 12.1173 19.7443 494.003 46.684 76.7143 12.3471 62.1488 7.44374 10.4267 16.994 452.887 14.648 6.576 13.7165 
170.729 500.658 21.0984 9.57694 142.315 824.016 0 60.6209 1022.05 192.664 235.599 35.4689 1.06952 65.3634 119.215 0.438741 1.19678 50.7004 0.288704 92.5507 5.17848 1.37981 34.4376 69.7984 31.5854 1.61371 44.4117 30.8012 
83.8893 233.032 60.9309 90.0504 61.1059 75.816 359.429 0 166.061 118.811 193.845 921.272 88.5869 126.324 100.116 133.255 1.63497 34.3631 3.37716 108.726 124.944 19.8198 2.61903 100.813 113.899 228.23 51.3433 73.0427 
450.303 485.718 49.9221 534.05 355.017 903.667 158.156 156.289 0 351.482 302.156 392.35 5.80705 76.5265 191.365 1.91314 462.778 26.4708 102.11 0.798323 137.543 42.5568 73.2516 24.6848 510.322 5.40195 1.23992 78.5085 
99.8797 206.365 99.4056 23.8046 1.71429 7.82524 503.809 112.112 156.391 0 157.173 246.698 321.746 37.7512 128.151 53.3538 35.7565 135.67 122.138 42.6518 54.7576 4.28177 21.0569 60.3488 67.4781 74.5694 1.0523 24.0048 
173.305 196.526 95.5656 23.2905 133.635 19.4414 360.611 300.528 108.895 81.8219 0 472.303 43.0167 213.278 387.716 42.3875 71.8332 170.663 7.0461 71.8311 31.9742 48.5644 11.5733 80.7501 3.81044 130.457 55.25 100.844 
59.353 111.742 31.3769 1.1058 0.770533 147.976 145.979 226.815 182.529 74.0445 337.298 0 72.5888 58.5375 267.272 30.8381 11.244 141.754 5.81596 89.7291 5.40344 76.5761 39.4891 158.145 377.165 41.2981 68.284 0.511926 
76.4973 95.1199 46.0689 3.55837 145.708 71.0615 125.895 2.74516 122.741 288.47 9.98281 26.579 0 73.7002 81.62 25.0421 13.1899 78.7675 57.9107 0.673648 16.9883 89.1449 80.1959 56.8673 12.622 54.0182 19.9519 18.1422 
53.8791 58.2524 16.0456 2.19801 13.6358 15.0074 90.8863 66.3299 21.9102 57.1458 207.813 89.8518 3.65797 0 59.419 11.9485 0.0288868 50.2031 7.16635 0.187936 0.149848 0.0847785 2.06924 0.952392 0.364342 0.00243463 11.2836 10.2899 
11.847 92.7061 14.4497 37.1366 60.0662 8.06958 22.9647 148.039 12.8886 2.41541 340.532 64.858 9.04338 11.7978 0 69.4129 14.8945 0.335897 1.69047 11.7817 57.9714 5.97683 24.1543 3.4697 30.7698 5.43046 0.714135 8.21513 
12.7523 62.6912 2.23991 3.09238 66.2149 13.8607 8.59188 159.048 152.367 91.7216 214.626 353.684 7.24677 4.9233 49.1374 0 6.65424 2.29942 27.5076 0.405722 62.5685 2.00005 1.51509 3.13306 18.9523 12.4435 18.2438 1.90492 
484.974 483.752 55.6286 500.447 4.19525 497.836 109.883 99.8013 530.728 0.0419081 10.2497 8.21599 26.3618 16.7575 2.91126 2.62491 0 195.611 501.408 7.16993 67.3809 3.22056 3.55756 14.0763 469.017 25.0401 5.06562 0.0599452 
173.046 70.4994 6.73434 133.991 0.696223 111.567 191.795 49.3813 200.38 14.3646 17.1076 151.767 99.6767 53.5546 68.9605 58.3529 286.026 0 116.127 18.662 117.119 10.0882 0.135056 4.01874 58.6619 10.8069 0.390321 19.7999 
34.5837 100.498 60.9092 53.2744 300.963 21.1774 136.388 58.9397 151.562 108.981 1.31131 85.3519 82.6062 0.395945 29.2155 23.6851 189.427 103.136 0 1.07727 72.6509 6.99018 21.6246 20.292 0.71257 10.6627 16.1837 18.5654 
194.811 22.2087 25.7052 0.520507 66.2313 7.33933 57.5867 0.220936 102.934 48.9653 50.9094 60.2314 1.11952 2.94652 11.2376 5.12427 15.1916 46.1756 24.8912 0 265.663 0.502542 0.0167312 0.490308 13.7474 1.07403 2.19905 0.47554 
120.355 166.202 124.521 9.25884 94.0621 26.3542 101.254 206.079 132.404 28.3478 45.9811 163.868 69.3718 31.5228 22.4523 0.503929 30.9612 28.1494 67.0419 319.512 0 16.235 19.146 38.7337 9.73978 62.8425 34.7744 5.93549 
32.5276 0.931157 11.5084 11.6512 51.9064 1.38692 62.5773 29.076 56.111 51.1067 75.8448 63.3467 90.3627 6.67616 16.6993 9.42207 15.2413 12.108 9.39152 1.92659 1.68736 0 2.1658 6.23001 14.4756 0.612633 1.55331 0.300592 
36.5581 56.8429 1.37793 14.2031 31.1971 2.39025 13.3977 53.9658 99.2471 1.98622 6.54289 2.26352 30.4055 0.536638 24.9613 11.1488 11.5425 3.22975 23.0481 2.74597 14.2452 14.4015 0 17.0824 22.9104 10.3859 0.0407434 0.00198761 
15.8634 4.46055 8.01467 7.7074 25.358 16.6726 25.5826 8.67101 30.3656 36.4502 14.0896 165.642 13.0615 4.9726 14.2985 18.6446 2.58896 47.2846 7.66791 5.82924 29.5882 7.15018 18.2076 0 17.8785 8.04888 6.65981 0.534295 
456.656 466.838 0.124139 467.594 38.1604 444.609 4.58336 5.57925 471.38 47.9009 0.28115 279.985 1.99253 16.6004 17.4174 32.6233 470.068 0.226164 6.09844 1.50284 58.4661 8.2555 26.3959 41.7421 0 39.7612 125.793 11.6307 
63.7113 11.3811 7.1209 38.1106 44.4845 9.01926 98.6817 58.5606 5.36256 39.4431 93.0495 399.416 54.2098 5.12499 3.29268 5.6857 20.541 19.3537 30.5381 6.74307 61.8109 7.73107 10.2264 16.4839 37.4888 0 13.7226 7.84375 
7.90439 53.1313 10.2101 16.1258 18.6416 18.2663 56.9101 47.9422 17.2236 10.7019 0.57416 1.22902 39.2807 11.154 0.0048386 14.7135 12.3763 15.7748 0.48771 10.5156 44.2791 1.23043 0.132741 15.5047 38.9179 30.2774 0 74.0956 
56.0464 34.7985 2.55028 4.50577 0.0612379 20.7462 43.4875 63.477 90.6754 20.6456 76.2924 105.98 17.0968 4.08993 0.357507 0.582624 0.194579 32.8669 21.2849 10.6194 18.4958 10.541 10.0117 8.60452 34.6603 52.2284 0.012008 0 
