0 342.138 204.631 413.576 127.145 248.956 97.0158 0.12009 365.47 5.02707 139.923 1.36086 78.9224 50.411 43.2072 34.8705 285.924 191.236 38.5276 210.297 118.634 39.5614 46.9408 14.0984 180.482 63.7827 2.0169 0.795983 
179.94 0 413.206 481.381 229.685 398.686 101.554 44.2965 537.857 116.625 145.434 168.662 36.3113 70.9983 79.5722 80.6057 183.953 725.148 45.3131 140.216 153.512 32.5594 57.0158 0.00437152 185.455 83.392 42.6943 60.4927 
197.303 155.557 0 252.229 7.30065 21.3094 221.278 49.5739 463.961 3.94408 25.6592 146.841 0.00328507 0.902232 5.58676 20.1442 6.28244 125.035 8.51549 19.2038 97.1763 10.8216 1.59043 12.4355 7.93771 15.6947 0.287281 18.3459 
247.447 482.487 294.015 0 67.4632 196.253 137.32 749.417 320.143 104.711 199.641 138.113 36.3138 18.1955 4.40523 31.5697 182.492 105.907 59.8128 29.9843 204.373 3.40117 15.9365 22.028 222.615 36.0293 1.30742 8.98293 
116.716 43.8931 33.3069 157.486 0 272.867 252.129 190.439 40.3333 1.17137 260.599 119.685 43.4627 70.2758 69.8243 10.5326 98.0628 229.555 206.893 59.1154 69.4668 14.7205 56.2411 55.429 61.1364 8.67807 9.08383 31.6137 
285.549 362.679 66.1662 211.801 708.226 0 869.803 214.251 580.135 581.94 267.272 2.5737 491.81 9.69355 9.22379 21.2224 228.631 55.2469 81.7227 11.0268 59.1111 8.30475 9.67158 16.5849 188.252 13.1213 5.96196 12.8024 
144.758 444.266 5.38283 2.41767 84.739 486.922 0 28.5884 516.041 100.72 308.462 20.602 5.34737 59.2223 127.621 0.000457663 0.321694 35.8973 0.136857 93.9536 2.71254 2.20719 38.0357 68.5174 26.9273 0.433767 42.4974 27.6448 
57.8658 209.938 94.4585 61.0687 47.86 97.2118 388.524 0 281.585 101.328 232.666 682.905 81.007 125.632 117.124 168.342 0.786022 42.7182 5.41173 104.564 138.541 21.9933 4.75239 91.2417 95.58 233.846 56.2053 63.9852 
181.491 258.849 4.60806 230.422 353.549 582.585 621.531 270.355 0 375.41 16.2613 402.142 11.657 66.5631 255.807 5.59302 195.747 17.5357 110.93 0.10005 147.27 40.0664 78.3199 20.1744 254.984 10.0394 2.11214 82.3644 
89.7379 188.387 105.332 30.3972 13.6067 103.456 464.096 129.543 107.192 0 278.294 245.384 331.518 31.5061 121.33 60.188 31.96 130.791 119.906 40.3262 58.8885 2.86845 17.9557 59.8878 65.525 75.7134 1.59394 26.4684 
180.419 215.219 68.6279 12.7054 112.521 41.3599 291.69 329.073 9.34442 185.663 0 505.585 27.5468 210.779 336.783 65.7472 74.8979 169.325 10.3385 68.7671 38.1358 51.6592 6.63231 89.2765 7.85239 118.234 58.6452 97.23 
74.8696 96.2935 19.5743 8.61649 0.0167793 153.22 120.903 40.6086 227.992 94.1183 263.25 0 63.8268 44.4146 250.961 119.757 9.28664 145.02 7.82118 86.9721 2.62316 76.6049 47.9782 143.2 328.302 102.431 61.2602 3.48432 
71.7834 103.373 49.8867 5.23391 154.883 84.7113 106.902 5.18806 108.159 316.361 20.508 20.3165 0 95.5137 91.4931 19.7978 11.3965 82.5829 54.1023 1.1103 14.9169 87.1495 84.6059 60.0538 10.7205 53.2298 18.8267 16.6563 
53.6958 60.828 15.6067 2.951 11.0701 13.7204 93.5995 57.5306 14.6417 51.069 197.148 74.5612 0.0268815 0 48.7803 14.485 0.00124679 49.1887 8.04219 0.131672 0.381506 0.00726213 3.82778 0.411196 0.131344 0.0321115 11.2285 10.6438 
14.5436 90.1113 16.9975 38.1736 65.3031 5.6181 32.7862 133.305 5.44005 7.48837 268.408 35.8377 15.7518 1.91246 0 86.0211 13.9325 0.0525675 2.39482 11.7773 57.6268 6.83641 25.0377 5.63752 31.2323 3.63785 0.442072 9.42544 
16.3457 58.5016 3.30252 1.53733 68.4111 12.1556 5.15203 192.284 151.422 91.0263 224.874 451.497 10.9146 7.46811 23.7868 0 5.96844 3.32365 28.1393 0.586769 61.9693 1.60062 2.38226 6.67913 21.9227 16.166 18.526 2.80823 
227.133 211.457 55.6167 236.752 1.38962 235.602 109.691 99.6376 271.552 0.0472388 12.5965 6.52745 28.6224 16.2063 3.50491 2.16305 0 228.736 378.458 8.29569 66.7293 2.8657 3.93817 14.5821 205.27 25.4708 4.66322 0.0149321 
154.015 64.1693 14.3451 126.985 4.35398 116.286 176.104 40.5593 207.919 9.7084 22.9351 151.721 101.65 53.5595 68.7226 59.3843 286.223 0 124.408 22.8565 119.408 9.13999 0.0256168 3.20235 59.1394 12.6613 0.203016 21.3372 
40.8846 113.715 61.4953 55.5533 293.554 15.0849 143.532 64.3065 153.842 103.216 2.96216 82.382 80.961 0.19664 27.8322 22.7444 153.408 93.2732 0 1.66252 72.382 7.64772 21.9489 19.7689 1.02886 11.6441 16.7233 17.8806 
213.602 13.6523 26.6142 0.0104538 60.7589 6.15645 63.1369 0.0393572 104.79 47.0925 47.0141 64.9286 1.66316 2.79219 11.4071 4.71223 13.8622 51.081 26.3103 0 315.595 0.422902 0.0357398 0.61108 13.6514 1.36971 1.96485 0.633396 
143.521 159.44 126.674 36.4791 88.1229 22.9008 108.069 202.481 121.749 32.1899 52.8231 166.355 67.7029 30.0817 24.7022 1.14109 33.2746 23.5703 68.3668 273.12 0 15.4787 20.383 37.351 11.5655 62.4367 33.7256 4.87652 
33.4135 0.535258 11.2753 12.1068 53.0142 0.975837 62.8601 31.4132 58.0712 48.7755 74.5002 60.9688 89.8052 6.00444 16.2763 9.86346 15.6921 13.1435 10.0977 2.06915 1.36898 0 1.29305 5.32363 14.1572 0.78889 1.80949 0.403615 
35.1065 57.0203 1.04093 14.9448 33.3556 1.8708 16.3013 48.1887 100.888 0.975901 11.4574 5.22796 37.668 1.7348 25.2699 10.3224 12.0095 3.98519 23.1004 2.63032 13.0726 14.9204 0 19.9827 22.3919 10.3951 0.131439 0.0283989 
13.6984 3.23457 8.76809 6.42896 27.4674 17.0687 22.3538 14.3583 35.4491 39.5099 20.1717 152.152 16.5405 3.87201 11.3536 22.9874 2.24266 46.7715 8.33402 5.94155 31.2331 6.22972 14.2668 0 23.6497 6.92794 5.68754 0.818492 
196.24 200.22 0.420397 206.987 35.4638 180.734 2.65429 13.3477 201.676 44.2348 0.113485 624.111 2.95046 16.5444 19.5772 49.983 206.44 0.0409779 6.87979 1.83976 59.2542 12.801 27.2808 46.1491 0 22.3361 74.0586 116.015 
67.0285 14.5034 8.70097 40.2856 41.4584 10.4759 97.2204 84.2116 9.98689 34.8294 106.843 380.415 53.4794 5.94018 1.89406 8.78811 19.8277 21.5798 30.6354 7.22777 60.95 7.40323 10.0604 16.6633 40.0287 0 10.8219 15.2207 
6.73126 52.5217 10.8999 15.0586 20.0113 18.6398 55.835 43.0898 19.8114 9.35168 0.138463 0.220158 39.1913 11.0445 0.0636368 13.9444 11.8896 16.9016 0.339446 10.3839 44.2598 1.01596 0.0414722 16.2951 44.6704 32.6159 0 85.3124 
57.3037 37.2815 3.21814 3.43139 9.00807e-05 21.2593 46.6294 54.4949 93.2677 23.0556 81.698 120.682 18.5895 4.60463 0.728139 1.14385 0.101608 34.3573 20.6789 10.4122 20.1674 10.5258 10.0871 9.26183 36.8551 58.6085 3.24147 0 
