0 265.679 203.133 362.095 130.959 186.606 93.4007 0.358927 307.652 5.563 138.325 1.01149 79.5659 50.566 42.7193 34.2088 225.094 188.892 39.4357 209.544 121.96 39.6069 46.9167 14.4041 119.605 64.274 1.92474 0.718426 
119.346 0 400.056 417.583 215.81 335.391 112.648 47.0758 472.099 119.947 142.266 166.746 37.3927 71.06 78.9424 80.8862 123.667 451.998 43.6086 139.782 152.319 32.3258 56.9999 0.0126237 124.939 83.3401 42.8977 60.3145 
195.187 173.573 0 238.61 6.18732 20.3016 217.85 53.749 467.791 3.45173 23.2027 144.77 0.0154346 0.839638 5.31875 19.9528 6.00486 126.921 8.89358 19.4712 98.4457 10.8608 1.53644 12.3477 8.14153 15.9415 0.263853 18.453 
178.868 418.822 286.725 0 69.5005 136.214 134.324 533.489 266.381 104.392 200.374 133.744 35.8084 18.336 4.18124 31.1259 121.54 107.36 60.0108 30.579 714.635 3.45867 16.0301 21.8703 161.907 35.6501 1.37353 8.77319 
120.506 36.4668 35.6254 158.258 0 277.339 242.78 188.867 43.957 2.03051 260.832 118.327 41.9236 70.2656 70.5189 10.1741 96.5631 230.389 201.339 58.3081 70.3829 14.4647 56.2084 55.5064 61.3621 8.97077 8.92889 31.3379 
223.493 305.672 66.3389 151.879 650.553 0 228.943 213.871 507.908 583.493 265.663 3.02231 103.747 9.88581 8.83295 21.4244 167.534 56.4845 82.3567 10.8389 58.6611 8.4292 9.56248 16.5213 127.283 12.9037 5.87562 12.671 
140.99 434.024 3.96014 1.77668 77.3944 428.142 0 24.9031 443.081 89.2943 318.54 18.7785 6.21922 58.3271 128.688 0.0141906 0.241847 33.9506 0.249492 94.098 2.42351 2.34066 38.5492 68.3099 26.279 0.325998 42.2187 27.1991 
54.4418 206.45 99.5712 51.9819 46.0616 100.324 391.747 0 299.028 98.8425 238.086 642.247 79.9163 125.433 119.497 173.178 0.689666 43.964 5.7395 103.911 140.436 22.3088 5.10631 89.8293 92.9511 234.11 56.8967 62.6931 
120.237 203.988 2.0402 164.642 352.635 510.501 697.221 287.713 0 377.785 874.506 402.713 12.6482 65.1331 250.582 6.27047 134.458 16.3954 112.152 0.0546215 148.598 39.7082 79.017 19.5575 195.328 10.8102 2.25513 82.8905 
88.2685 185.599 106.068 31.3799 16.1961 125.771 455.449 132.008 100.594 0 296.46 244.901 331.666 30.6304 120.156 61.1399 31.4242 130.029 119.5 39.9848 59.474 2.68848 17.5239 59.7952 65.2175 75.8324 1.68016 26.8221 
181.328 217.717 64.983 11.4346 109.53 45.0524 281.333 332.67 8.26479 202.647 0 508.697 25.5803 209.945 327.441 69.349 75.3234 169.056 10.856 68.3115 39.0459 52.0951 6.0318 90.4594 8.5416 116.396 59.122 96.6717 
77.1658 94.1039 18.0866 10.2516 0.000509112 153.835 117.357 25.7124 234.431 97.0711 252.499 0 62.5884 42.4934 247.886 135.968 9.02034 145.437 8.1298 86.5449 2.30572 76.5894 49.2205 140.886 315.872 112.737 60.2535 4.12145 
71.0975 104.521 50.4201 5.49767 156.091 86.3299 104.182 5.59793 106.06 319.253 22.2928 19.4799 0 98.5575 92.8216 19.0825 11.1485 83.1115 53.5494 1.1813 14.6293 86.7897 85.1518 60.48 10.4584 53.1011 18.666 16.446 
53.6547 61.1769 15.5356 3.06637 10.7211 13.5328 93.9233 56.2786 13.7185 50.1809 195.2 72.3881 0.00754527 0 46.734 14.8203 0.000258183 49.0338 8.1698 0.124426 0.423198 0.00310928 4.09893 0.351351 0.107474 0.0448635 11.2182 10.6914 
14.946 89.6919 17.3629 38.2976 66.033 5.29811 34.2922 131.072 4.80815 8.42911 256.911 32.2722 16.8398 1.16105 0 87.353 13.7953 0.0321125 2.5048 11.774 57.563 6.96103 25.1106 5.98006 31.2736 3.40685 0.408377 9.60079 
16.8865 57.886 3.46878 1.35732 68.7017 11.9133 4.72817 196.705 151.127 90.8396 225.823 461.467 11.491 7.85095 20.5566 0 5.87261 3.48456 28.2242 0.615179 61.863 1.54662 2.51852 7.26581 22.3469 16.7036 18.5596 2.94962 
167.137 149.455 55.5868 175.891 1.11104 174.948 109.618 99.5889 211.336 0.0770756 12.9486 6.30069 28.9472 16.1261 3.59366 2.10039 0 233.038 202.669 8.46106 66.624 2.81643 3.99372 14.6535 144.42 25.529 4.60671 0.0109579 
151.194 60.2496 15.6438 125.871 5.1283 116.875 173.724 39.3488 208.85 9.11206 23.8267 151.659 101.904 53.5485 68.6687 59.5169 285.439 0 125.519 23.4787 119.696 9.00734 0.0170027 3.09274 59.1957 12.9353 0.181186 21.5583 
41.806 115.554 61.5411 55.8565 291.585 14.2805 144.445 65.07 154.074 102.328 3.25105 81.9406 80.6983 0.173757 27.6297 22.6067 147.415 91.8312 0 1.75599 72.3283 7.74309 21.9921 19.692 1.07861 11.7857 16.7996 17.7817 
215.481 12.5798 26.7217 0.000185239 59.9591 5.99289 63.9128 0.0863668 105.002 46.8111 46.454 65.5869 1.74919 2.76999 11.4289 4.65338 13.6737 51.7758 26.5085 0 320.19 0.412044 0.039031 0.629303 13.6346 1.41452 1.93224 0.657681 
146.787 158.371 126.841 41.8517 87.2562 22.4186 109.011 201.817 120.188 32.7497 53.8189 166.63 67.4542 29.8728 25.0262 1.25274 33.6056 22.9412 68.5427 264.231 0 15.3708 20.5597 37.1477 11.8363 62.3598 33.5726 4.73279 
33.5366 0.487483 11.2404 12.1708 53.1623 0.922644 62.8844 31.7481 58.3415 48.4274 74.2887 60.6171 89.6468 5.90751 16.2094 9.92383 15.7556 13.2933 10.1993 2.08974 1.32607 0 1.18482 5.19625 14.108 0.815755 1.84743 0.41952 
34.8939 57.0314 0.99628 15.0475 33.6619 1.80108 16.7328 47.3644 101.071 0.86005 12.2613 5.74745 38.7279 1.9513 25.259 10.1913 12.0757 4.09894 23.1044 2.61363 12.9071 14.9751 0 20.2417 22.2918 10.3918 0.148572 0.0346738 
13.3981 3.07456 8.87516 6.25267 27.7693 17.12 21.9019 15.2741 36.1909 39.9396 21.1136 150.017 17.0613 3.71865 10.9397 23.5445 2.19497 46.6906 8.43028 5.95657 31.4653 6.099 13.6154 0 24.4872 6.76941 5.55212 0.863728 
135.887 138.976 0.476819 146.583 35.0771 119.881 2.42006 14.7111 140.031 43.7021 0.212268 81.516 3.10178 16.5268 19.8805 53.9576 145.608 0.0266966 6.99418 1.89026 59.3521 19.1525 27.3785 46.3531 0 30.4871 46.3297 126.564 
67.4768 14.9742 8.93401 40.5647 41.0217 10.6878 96.9522 88.0652 10.7555 34.1727 108.767 375.152 53.3587 6.05771 1.72345 9.26806 19.724 21.9027 30.6438 7.29642 60.8088 7.35562 10.0323 16.6766 40.352 0 10.4237 16.4173 
6.57021 52.4263 10.998 14.9054 20.2083 18.6901 55.6709 42.4009 20.1912 9.16435 0.100445 0.142665 39.1733 11.0265 0.0774726 13.831 11.8199 17.0638 0.320422 10.3639 44.2513 0.986847 0.0326361 16.4019 45.4381 32.9217 0 86.5495 
57.4694 37.6341 3.31884 3.2884 0.00213304 21.3275 47.0726 53.227 93.6042 23.4038 82.4458 122.712 18.8044 4.67917 0.791416 1.23857 0.0907592 34.5677 20.5906 10.381 20.4086 10.5224 10.0954 9.35439 37.1333 59.3297 4.1563 0 
