0 88.6692 194.784 284.659 147.736 64.5722 77.9137 2.91678 205.125 8.22828 131.14 0.0882648 82.3459 51.208 40.5589 31.3205 109.605 178.079 43.4906 212.618 136.558 39.7921 46.7811 15.7746 4.1358 66.3641 1.54391 0.423968 
17.8081 0 331.083 285.367 156.951 207.54 165.916 60.0865 332.855 134.537 128.292 158.072 42.2712 71.25 76.0704 82.0072 11.0412 258.459 36.3782 137.322 146.809 31.2921 56.8877 0.099685 11.0419 83.0043 43.7772 59.4902 
184.278 256.012 0 166.972 2.36131 16.0464 200.895 73.5353 472.451 1.6674 13.7451 135.26 0.175261 0.589808 4.20529 19.0779 4.85002 134.792 10.6368 20.6162 103.788 11.0288 1.3085 11.9515 9.05603 17.0183 0.172499 18.9095 
34.288 287.155 325.066 0 78.5401 24.4684 120.804 372.558 182.35 102.742 202.774 114.537 33.5882 18.9364 3.25814 29.1151 5.712 113.537 60.8011 33.14 532.137 3.71595 16.4297 21.1527 47.0052 33.9116 1.68272 7.86979 
137.279 11.6594 46.499 161.071 0 306.243 201.325 181.597 61.4333 8.55448 261.025 112.273 35.3901 70.1425 73.4965 8.65963 89.8771 233.318 176.09 54.7201 74.4007 13.357 56.0238 55.8096 62.3112 10.3069 8.25934 30.1218 
102.507 205.88 66.6799 40.5236 315.173 0 517.675 211.137 335.679 369.957 256.521 5.41265 16.169 10.7351 7.18967 22.2831 50.9529 61.9521 84.8844 10.0166 56.6368 8.97936 9.0799 16.2267 11.3374 11.9492 5.50035 12.091 
124.383 383.808 0.280279 0.124822 48.3864 189.859 0 11.5861 167.847 46.0121 360.972 11.7053 10.8047 54.3504 132.949 0.301334 0.0255251 25.9374 1.1422 94.5643 1.34269 2.97222 40.8008 67.3257 23.4852 0.0341708 40.9789 25.2565 
40.3976 190.651 122.648 28.3601 38.4612 114.053 402.946 0 376.215 87.9986 261.337 456.908 75.1058 124.268 129.69 193.573 0.340065 49.5857 7.28955 100.872 148.608 23.7097 6.80478 83.5116 81.444 233.656 59.9202 57.0357 
3.96939 116.646 3.02949 30.241 346.565 338.779 1009.85 364.906 0 384.946 456.056 402.734 17.4505 58.8526 205.588 9.68584 17.1709 11.8029 117.397 0.0168286 154.234 38.1264 81.9945 16.9313 85.091 14.5057 2.93791 85.1254 
81.7678 172.789 108.957 35.8064 30.062 237.873 409.905 142.721 73.3186 0 375.763 241.906 328.573 26.8455 114.441 65.237 29.0882 126.493 117.459 38.4583 62.0324 1.96288 15.6629 59.3097 63.7841 76.2223 2.08535 28.3812 
184.995 228.132 49.7506 6.60448 96.5259 62.7131 235.187 346.897 60.8724 280.818 0 517.233 17.7165 204.905 281.733 85.7752 77.157 167.646 13.2671 66.2579 43.1291 53.9917 3.71615 95.5354 11.8921 108.097 61.192 94.0984 
87.458 84.5636 12.1797 19.0285 0.200719 156.132 101.975 0.5313 262.268 110.226 205.567 0 57.1959 34.3919 232.377 213.44 7.89017 147.121 9.5521 84.5711 1.14996 76.4625 54.7466 130.258 278.207 161.1 55.8286 7.53729 
68.0453 109.47 52.7261 6.72795 161.073 88.1074 92.2769 7.57709 96.8198 328.446 30.9249 15.9824 0 111.499 98.3765 16.0504 10.084 85.3847 51.0951 1.51907 13.3898 84.992 87.2904 62.2624 9.33548 52.4878 17.9602 15.528 
53.4298 62.6527 15.1989 3.59571 9.24121 12.6982 95.1543 50.8085 10.0231 46.2334 185.467 62.9396 1.41352 0 36.7602 16.1887 0.00470327 48.3239 8.73788 0.0949277 0.632078 0.00546423 5.30831 0.142771 0.0307752 0.126074 11.1662 10.8915 
16.7627 87.7078 18.9666 38.7691 69.1823 3.9878 41.1768 120.943 3.34825 13.1692 204.703 18.5927 21.9745 0.0780667 0 89.6082 13.1933 0.0017003 3.01577 11.7517 57.2397 7.51366 25.2692 7.57011 31.3816 2.47126 0.275733 10.3775 
19.3409 55.1344 4.23932 0.695602 69.9075 10.855 3.07111 214.85 149.36 89.762 228.409 490.537 14.1718 9.56244 8.6325 0 5.45748 4.23424 28.5816 0.747566 61.335 1.31848 3.15038 10.0228 24.198 19.057 18.6872 3.60611 
55.4681 29.1693 55.3719 60.3388 0.253938 60.2926 109.162 99.2994 98.6197 0.294495 14.5458 5.34754 30.3796 15.7694 3.99528 1.83467 0 250.379 479.965 9.20165 66.1247 2.60397 4.24149 14.9649 28.9772 25.7748 4.36122 0.000759159 
138.563 46.6884 21.9385 120.66 9.26279 119.199 162.906 34.1834 212.497 6.69975 27.9164 151.224 102.937 53.4652 68.3723 60.0558 279.618 0 130.165 26.2768 120.849 8.43198 0 2.63166 59.4075 14.1656 0.0998431 22.5345 
45.9095 123.457 61.6291 57.1208 280.368 10.9619 148.126 68.4139 154.818 98.2471 4.67616 79.9511 79.4628 0.0898227 26.7254 21.9922 119.725 85.4194 0 2.1958 72.047 8.16643 22.1732 19.3468 1.31091 12.4125 17.1327 17.3432 
221.152 8.34247 27.1259 0.14157 56.3982 5.29165 67.263 0.509292 105.78 45.5338 43.9857 68.4378 2.15253 2.67194 11.5171 4.3949 12.8498 54.8052 27.366 0 331.738 0.365841 0.0552214 0.712293 13.5515 1.619 1.7913 0.769622 
160.901 153.385 127.153 60.6209 83.3957 20.334 113.052 198.461 113.233 35.2398 58.2458 167.597 66.3297 28.9451 26.457 1.8041 35.0626 20.2527 69.2761 220.329 0 14.8967 21.3367 36.2377 13.0549 61.9651 32.8909 4.12355 
34.068 0.30366 11.0822 12.4494 53.7823 0.705771 62.9428 33.2243 59.501 46.8537 73.3027 59.0362 88.7196 5.47981 15.8967 10.1809 16.032 13.9581 10.6484 2.18093 1.14518 0 0.761205 4.6439 13.8797 0.938788 2.0182 0.49299 
33.9446 57.0379 0.810576 15.4895 35.0001 1.50835 18.677 43.7535 101.719 0.436486 16.0834 8.30711 43.4284 3.00503 25.0479 9.57996 12.3656 4.61656 23.112 2.53973 12.1859 15.1567 0 20.8586 21.7772 10.3634 0.236244 0.0696824 
12.1044 2.41659 9.34366 5.49758 29.0979 17.3292 19.9457 19.5936 39.4909 41.8026 25.4586 140.086 19.415 3.06208 9.15689 25.7469 1.99057 46.3118 8.85676 6.01957 32.4773 5.52851 10.6225 0 28.1512 6.07981 4.96846 1.0762 
22.681 21.848 0.766351 33.0819 33.375 4.45701 1.51559 21.4157 21.2643 41.3381 1.00982 83.4486 3.80957 16.421 21.1936 71.1977 30.2377 7.11577e-05 7.50526 2.11921 59.7381 52.6416 27.7217 45.5275 0 80.0185 40.4541 93.6261 
69.3672 17.1132 9.97705 41.6928 39.0907 11.6288 95.5993 105.357 14.4436 31.3005 117.04 345.223 52.7807 6.57607 1.0642 11.4636 19.2625 23.3352 30.6643 7.59642 60.1347 7.14418 9.89596 16.6983 41.6476 0 8.72951 21.9966 
5.88134 51.9821 11.428 14.2299 21.0783 18.9028 54.9191 39.39 21.8897 8.35762 0.00549936 0.000637221 39.0786 10.9409 0.1544 13.3227 11.5132 17.7813 0.243166 10.2725 44.1965 0.863402 0.00630472 16.8521 48.6218 34.1746 0 90.7451 
58.1557 39.1775 3.77685 2.69189 0.0431487 21.6117 49.0026 47.7193 94.9813 24.9446 85.6553 131.372 19.7536 5.00946 1.09977 1.69697 0.0502792 35.485 20.1965 10.2391 21.4743 10.5035 10.1245 9.75702 38.2433 61.8679 9.42072 0 
