0 394.04 174.899 705.49 175.362 427.468 53.925 12.6369 598.748 13.7969 118.595 0.801651 86.8057 52.1397 36.8898 26.5782 482.817 158.348 50.4758 243.168 160.532 40.0472 46.4443 18.1636 378.214 69.5914 0.995686 0.102293 
458.626 0 194.033 618.862 72.6786 555.232 265.52 84.456 659.844 158.528 105.004 142.724 50.8584 71.2683 70.9025 83.4654 390.757 613.817 25.3623 131.236 136.675 29.5338 56.5443 0.431946 387.694 82.0472 45.1969 57.9608 
160.828 384.246 0 48.7681 0.00590283 9.73314 166.83 110.723 435.965 0.10945 3.23455 118.087 0.832646 0.266522 2.5949 17.4996 3.16465 146.212 13.8361 22.4049 111.761 11.2948 0.96238 11.2517 10.6485 18.779 0.0622463 19.6207 
380.738 621.38 308.638 0 93.7791 404.849 97.3847 418.789 607.38 99.0911 203.734 83.2024 29.8827 19.8749 1.94715 25.5654 379.105 123.004 61.8243 37.1737 187.568 4.16315 17.0548 19.865 421.404 30.7666 2.268 6.42966 
165.261 1.17587 66.7778 163.595 0 393.721 133.718 168.204 95.6754 29.1254 258.299 101.86 25.387 69.6484 78.1837 6.35727 78.4305 235.467 132.29 48.6013 81.0803 11.5649 55.565 56.1812 63.7433 12.7235 7.1811 28.0709 
466.242 600.461 65.7099 421.096 956.57 0 530.1 202.757 599.73 529.597 234.168 10.9101 168.156 12.1642 4.74287 23.6047 422.662 71.1254 88.118 8.65811 53.0878 9.91229 8.26237 15.6788 384.358 10.3672 4.88721 11.1127 
96.9143 286.498 3.72896 1.67854 13.8791 48.505 0 0.478534 5.07163 4.31006 422.073 3.47831 21.14 47.5845 138.422 1.61086 0.159072 14.6643 4.08258 94.7235 0.236901 4.19413 44.5431 65.4179 19.0299 0.216086 38.8477 22.0712 
20.985 162.894 162.132 119.169 26.9543 136.784 410.275 0 498.446 70.3362 297.333 174.202 67.0165 121.255 145.611 223.324 0.0277176 59.4913 10.28 95.2012 161.586 26.1073 10.1614 72.6335 62.6659 227.016 64.9187 47.7115 
379.899 542.56 48.339 383.549 329.124 603.107 1300.53 488.513 0 384.59 651.984 393.668 27.0618 48.4424 218.638 16.9428 388.191 5.71161 125.669 0.548292 162.889 35.4531 86.6422 12.8659 467.395 21.7721 4.27988 88.5755 
70.8038 149.647 112.463 43.5498 61.5541 421.535 312.669 160.021 35.5525 0 494.9 233.777 310.049 20.8059 103.05 71.7026 25.2623 119.917 113.132 35.8135 66.2536 0.99357 12.6937 58.2107 61.0911 76.3827 2.86011 31.003 
189.89 243.273 27.8113 1.40844 75.5217 96.5715 159.105 364.464 276.741 412.791 0 512.223 7.584 191.664 194.917 114.684 80.089 164.452 17.7938 62.6384 50.2545 57.0926 1.06202 103.517 18.6324 93.5519 64.5589 89.3645 
105.251 69.0198 4.76054 39.1436 1.53263 158.441 77.3214 106.755 306.048 132.616 131.425 0 48.3873 22.2898 200.094 347.565 6.14516 149.387 12.1714 80.9227 0.102081 76.0353 64.1733 111.147 311.179 246.427 48.4544 15.4356 
62.8152 117.343 56.428 9.04353 168.153 65.5149 72.7912 11.5341 81.4238 330.362 48.0628 10.8091 0 130.737 106.493 11.4239 8.39369 89.0007 46.907 2.17844 11.4053 81.216 89.8691 64.898 7.56489 51.2883 16.7787 14.0133 
52.8911 64.9038 14.5488 4.5613 6.96758 11.2739 96.4921 41.8437 5.2278 39.5281 165.341 47.7228 9.10273 0 19.0957 18.0057 0.0444759 47.0278 9.71534 0.0541657 1.07569 0.0850554 7.2374 0.000170728 0.00661801 0.35357 11.0534 11.1928 
19.9752 83.8859 21.6174 39.2848 74.2089 2.17118 53.5245 103.099 5.77619 23.1635 118.591 3.7695 31.7302 6.36047 0 80.129 12.188 0.169619 3.97133 11.6852 56.5405 8.45356 24.936 10.485 31.2894 1.21554 0.110708 11.6953 
23.7127 50.3763 5.66811 0.0744558 71.6615 9.11751 1.07356 239.435 144.714 87.0348 226.833 480.374 19.1646 12.4207 0.00363115 0 4.78523 5.64567 29.1213 0.996439 60.2284 0.971508 4.30978 15.041 27.2004 22.8682 18.8267 4.82629 
435.629 395.722 54.707 433.722 0.178958 435.142 107.906 98.5387 476.735 0.974738 17.4002 3.91102 32.7962 15.1559 4.71078 1.42568 0 272.742 227.738 10.4896 65.1552 2.263 4.67002 15.4779 402.752 26.1501 3.96002 0.0104404 
116.851 82.5818 34.4468 110.876 18.7846 122.095 143.689 26.1488 216.919 3.44994 35.3636 149.898 104.359 53.198 67.6591 60.7955 261.558 0 137.032 31.1739 122.348 7.49704 0.0481975 1.93609 59.6318 16.3206 0.017251 24.1859 
52.9473 135.881 61.3599 58.9781 252.923 6.26675 153.014 73.955 155.03 90.8073 7.62653 76.4403 77.1014 0.010484 25.1613 20.9285 73.8111 74.487 0 3.03772 71.4097 8.89135 22.4429 18.7438 1.75001 13.4776 17.6829 16.5956 
220.785 3.09945 27.546 1.05804 50.3024 4.18613 72.6248 2.00763 106.501 43.2525 39.8334 73.0422 2.91924 2.5061 11.6375 3.9634 11.4882 59.7687 28.7488 0 318.076 0.293998 0.0886572 0.861841 13.3788 1.98865 1.56414 0.976102 
183.277 144.028 126.123 54.3557 76.7646 16.9818 119.429 191.278 101.295 39.5151 65.8207 168.323 64.3338 27.3585 28.8763 2.94891 37.5082 16.0433 70.357 137.859 0 14.1024 22.6383 34.6526 15.1991 61.0989 31.7141 3.18639 
34.9216 0.0918519 10.7994 12.905 54.7078 0.404735 62.8636 35.7071 61.3351 44.0677 71.4444 56.2632 86.3325 4.76141 15.3056 10.5802 16.4858 15.094 11.4094 2.33634 0.869883 0 0.253099 3.75365 13.4515 1.1631 2.31902 0.629162 
32.3003 56.893 0.539009 16.1921 37.2134 1.06961 22.0971 37.7727 102.23 0.0442925 23.4832 13.5748 51.3604 4.99829 24.1075 8.4464 12.8466 5.54775 23.087 2.41399 11.0001 15.2397 0 19.9203 20.6522 10.2654 0.428187 0.155531 
10.0409 1.48289 10.1183 4.31202 31.3265 17.62 16.7886 27.8299 45.1442 44.8189 33.424 121.784 23.5732 2.05111 6.36761 28.3445 1.66717 45.5938 9.5833 6.11388 34.14 4.59426 5.68467 0 34.0147 4.95941 4.03678 1.48114 
400.405 392.989 1.40142 410.038 30.517 378.414 0.465276 35.0622 390.149 37.3112 3.66679 47.2274 5.14962 16.1408 23.301 82.3923 404.133 0.0884721 8.39172 2.52789 60.2222 72.6423 27.9813 37.4713 0 97.2576 132.371 16.8137 
72.2278 20.9413 11.7821 43.2014 35.8206 13.2334 92.7083 134.833 21.6982 26.5678 130.04 274.805 51.6386 7.4453 0.305606 15.363 18.4692 25.7822 30.6382 8.09136 58.8111 6.78188 9.62117 16.5991 43.3289 0 6.13341 32.0784 
4.79891 51.1472 12.1428 13.0922 22.5512 19.2264 53.5469 34.4229 24.8388 7.06816 0.111695 0.493486 38.8626 10.7725 0.342284 12.4373 10.997 18.9988 0.137045 10.1062 44.0415 0.673217 0.00827746 17.5329 53.1502 35.9148 0 92.8509 
59.15 41.7352 4.59874 1.81349 0.229549 22.0305 52.1613 38.7947 96.9049 27.5585 90.7238 144.72 21.3604 5.57134 1.72528 2.61372 0.00894541 36.9943 19.5162 9.98422 23.2824 10.4578 10.1462 10.4137 39.6622 63.6316 22.1974 0 
