0 442.991 162.294 782.13 188.929 485.144 42.896 20.1502 670.92 17.1559 111.99 2.26824 88.9789 52.544 34.999 24.2191 545.364 147.644 54.115 262.355 172.292 40.1506 46.219 19.4261 441.608 71.0967 0.759878 0.0223303 
573.761 0 126.354 656.762 40.1074 602.948 317.484 97.9344 696.52 170.309 93.3461 134.563 55.4184 71.1308 68.1065 84.0006 457.429 89.0832 20.3474 127.223 131.102 28.6236 56.2932 0.69248 452.368 81.3675 45.8951 57.1084 
146.838 432.819 0 14.5036 0.821543 7.00331 147.534 130.895 397.936 0.0268675 0.64885 108.871 1.35719 0.149115 1.9069 16.6461 2.43067 151.062 15.5944 23.2449 115.295 11.4229 0.803637 10.8781 11.4865 19.6501 0.0269536 19.9566 
441.772 659.536 160.951 0 101.477 471.437 85.3667 1299.41 694.609 96.8114 202.715 68.1158 28.0041 20.3189 1.3982 23.6893 442.107 127.345 62.1969 39.0726 83.8189 4.39946 17.3514 19.169 484.652 29.0649 2.59931 5.73322 
179.186 11.4879 77.8535 163.791 0 435.987 101.921 160.835 115.116 43.937 255.435 96.4383 20.7914 69.2561 80.4147 5.30079 72.5245 235.199 110.169 45.4457 84.4531 10.682 55.2579 56.3039 64.3959 14.0413 6.65178 27.018 
523.891 671.073 64.4744 487.554 493.852 0 429.459 196.714 606.267 578.156 219.743 14.4157 250.846 12.8917 3.65959 24.2173 484.604 75.7703 89.2542 7.97739 51.2048 10.393 7.84191 15.3734 447.087 9.57221 4.58196 10.6109 
83.36 234.229 10.1128 4.56689 4.09707 160.774 0 0.502646 101.598 0.153301 446.738 1.12064 27.6315 44.1081 140.356 2.67904 0.469667 10.0418 6.27518 94.4997 0.0198423 4.89707 46.4317 64.3202 16.877 0.636607 37.7341 20.4831 
13.3086 148.346 181.85 198.709 21.7336 147.995 408.279 0 552.376 61.6785 313.824 71.7958 62.889 119.213 153.021 235.698 0.00226643 64.7591 11.9949 92.0413 167.806 27.3555 12.1159 66.9982 53.5116 220.855 67.429 43.0672 
445.785 633.768 89.9903 442.253 316.9 609.495 1276.37 543.76 0 378.365 388.098 384.715 32.6848 43.2456 277.825 21.3499 450.022 3.41434 129.612 1.10912 166.893 34.0782 88.8349 10.9636 534.693 25.9688 5.06102 90.1864 
65.2176 137.245 113.572 47.624 81.045 483.359 257.463 168.426 20.9494 0 542.695 228.166 294.559 17.9055 96.4833 74.7683 23.3571 116.26 110.498 34.4248 68.3724 0.621063 11.2586 57.5122 59.58 76.2227 3.30226 32.3431 
191.758 249.763 18.7138 0.222119 65.3258 115.29 122.899 370.146 374.366 473.697 0 500.328 3.98601 182.763 149.952 129.641 81.5154 162.422 20.3342 60.708 54.019 58.6352 0.321503 107.299 22.5901 85.9228 66.2249 86.7533 
114.503 61.3739 2.25366 51.7444 2.69664 158.854 65.4889 223.378 326.371 144.041 97.5982 0 44.025 16.9419 181.245 407.162 5.32756 150.269 13.6223 78.9003 0.00458531 75.7125 69.0213 100.967 327.576 287.882 44.7312 20.4681 
60.0961 121.134 58.2293 10.3462 171.112 44.8674 63.2265 13.8596 73.6856 324.679 57.9769 8.5181 0 138.921 109.977 9.30715 7.57719 90.7487 44.7384 2.56055 10.4376 78.9349 90.6756 66.0629 6.71687 50.5932 16.1757 13.2519 
52.5373 65.9407 14.177 5.09072 5.91142 10.5391 96.8148 37.4083 3.4944 36.099 153.513 40.3946 15.465 0 11.2066 18.6579 0.0806017 46.3148 10.2265 0.0376038 1.34785 0.162424 8.08331 0.030495 0.0454336 0.513588 10.9834 11.3296 
21.6921 81.7031 22.9378 39.4117 76.638 1.44092 60.126 93.7319 9.37153 29.1496 79.6391 0.497225 37.1831 12.9803 0 69.7391 11.6767 0.362259 4.50708 11.6371 56.107 8.93831 24.4776 12.06 31.1092 0.736088 0.0546035 12.3731 
26.0591 47.8872 6.45824 0.000266545 72.4236 8.25417 0.443565 248.6 141.547 85.2082 223.161 447.092 21.9339 13.8086 2.0659 0 4.45335 6.44087 29.3677 1.13646 59.5564 0.812141 4.93927 17.6382 28.6566 24.6922 18.8613 5.50314 
501.975 455.574 54.2201 496.49 0.807154 498.637 107.027 98.0161 541.902 1.47564 18.943 3.25661 34.0368 14.8349 5.09675 1.23456 0 280.434 568.452 11.1692 64.5953 2.09611 4.89548 15.7356 465.821 26.3238 3.75994 0.0284827 
105.673 133.77 41.6653 105.426 24.8492 123.07 133.477 22.3725 218.33 2.18785 39.4396 148.93 104.932 52.9992 67.1897 61.0927 248.63 0 140.056 33.7626 122.9 7.03371 0.110323 1.61865 59.6822 17.4652 0.00133071 25.0366 
56.5998 141.743 61.0196 59.7941 235.283 4.32852 154.856 76.7462 154.633 86.7479 9.40212 74.5641 75.7569 8.19125e-07 24.3403 20.3694 53.7646 68.8637 0 3.51809 71.0034 9.26922 22.5642 18.4238 1.99855 14.0285 17.9602 16.2075 
215.771 1.37913 27.6323 1.85074 47.1475 3.65843 75.2208 3.15362 106.582 42.0224 37.7107 75.2991 3.35479 2.42069 11.6855 3.74439 10.8034 62.2336 29.4269 0 295.817 0.260012 0.108815 0.943283 13.2743 2.19028 1.45247 1.09073 
193.852 138.8 124.845 35.7892 73.3104 15.3448 122.476 186.881 95.1013 41.7439 69.7522 168.255 63.2603 26.5332 30.1201 3.63984 38.7583 14.0445 70.8359 96.9553 0 13.6964 23.3028 33.8146 16.3424 60.5572 31.0962 2.74902 
35.3396 0.0308269 10.6465 13.1322 55.1243 0.281875 62.7367 36.9786 62.2175 42.5774 70.3967 54.789 84.7187 4.39644 14.9722 10.7679 16.7131 15.685 11.8022 2.41704 0.742813 0 0.096966 3.31987 13.2094 1.28647 2.47979 0.705104 
31.4355 56.7429 0.420131 16.5315 38.3274 0.871624 23.9164 34.7702 102.208 0.000444497 27.7075 16.7172 55.3807 6.0333 23.3543 7.82572 13.0902 6.0544 23.0559 2.34886 10.4058 15.1729 0 18.5333 19.9579 10.1909 0.547997 0.212618 
9.0406 1.08962 10.5073 3.74849 32.4641 17.7388 15.2409 32.4767 48.0764 46.3008 37.7881 111.833 25.7869 1.59158 5.07491 29.0525 1.51129 45.1864 9.96019 6.1565 34.972 4.13162 3.51873 0 36.7527 4.40953 3.58604 1.71119 
465.581 454.809 1.79733 474.683 29.0574 441.649 0.159379 43.0755 451.072 35.2324 5.65577 924.355 5.90791 15.9482 24.3213 74.5134 467.26 0.198642 8.85899 2.74859 60.3893 51.9361 27.9623 30.6469 0 58.9109 28.0516 85.8893 
73.5307 23.0068 12.7249 43.7763 34.1381 14.0623 90.937 149.65 25.8895 24.2066 136.157 232.384 50.9718 7.88612 0.093089 17.4042 18.0544 27.0528 30.5953 8.33984 58.0419 6.59305 9.4588 16.4827 43.9345 0 4.9448 37.3115 
4.28147 50.6766 12.5047 12.5093 23.3107 19.3755 52.7919 31.9336 26.393 6.44081 0.295645 1.10124 38.7243 10.6745 0.466882 11.9702 10.7321 19.6283 0.0942309 10.0149 43.9314 0.584246 0.0318337 17.8429 55.0191 36.6152 0 91.4348 
59.5806 43.0253 5.04392 1.426 0.382245 22.2159 53.7337 34.4255 97.6959 28.9058 93.1471 150.857 22.1883 5.86163 2.09641 3.15081 0.000781723 37.7512 19.1588 9.84567 24.216 10.4277 10.144 10.7393 40.1602 63.2646 30.189 0 
