0 821.981 3.75225 289.25 266.787 257.601 17.6315 202.008 509.772 78.7328 33.5989 74.4471 107.382 53.1117 13.1824 2.73795 338.605 23.092 96.5248 94.8039 242.497 39.8335 40.5978 36.0567 266.508 79.391 0.516413 3.85971 
757.392 0 452.489 266.16 366.93 258.023 375.561 262.357 258.245 240.749 1.1865 36.6067 112.847 61.4479 30.2058 78.2075 335.66 930.947 5.97498 48.137 53.4343 17.3008 49.1474 8.76235 289.647 63.4054 52.5397 43.3162 
0.54486 0.578599 0 44.9359 101.423 12.4274 3.99255 273.226 77.5413 35.9188 112.554 10.3792 17.3901 1.5219 2.45512 5.60184 1.56115 140.706 40.5692 27.4094 119.154 12.4867 0.0368584 5.84453 21.7985 27.048 0.808668 22.1927 
594.137 265.19 308.174 0 163.128 321.139 0.321192 115.207 507.952 52.4102 118.487 17.6671 8.04723 23.2017 2.31228 3.37102 260.429 141.73 57.9469 46.9895 4.06389 7.62853 19.4159 9.57328 291.039 7.79318 8.21817 0.260214 
268.402 517.374 185.966 109.816 0 20.7564 109.952 59.6977 339.347 303.03 152.903 32.9008 3.12836 57.1224 95.0439 0.276757 11.4148 162.025 24.569 11.0285 119.511 2.31479 47.6364 53.925 67.3952 33.5559 1.62276 14.4615 
272.552 388.132 21.9758 324.63 804.999 0 1067.81 65.3567 548.456 642.076 14.2761 84.5178 484.312 20.2973 2.37049 27.1455 280.357 119.285 72.7924 1.37589 26.4499 16.052 3.00731 10.5219 257.703 1.7489 1.46797 4.76976 
1.68402 128.062 217.936 123.786 281.636 459.797 0 252.306 13.0099 492.217 267.172 74.7974 145.869 7.94474 113.116 34.8467 17.3197 27.056 64.2314 75.5726 16.8754 17.3704 65.9155 45.2908 0.483999 22.7976 23.4057 4.77379 
64.5888 8.30316 252.888 459.804 5.20059 212.736 144.202 0 293.509 0.100674 341.77 1013.91 18.1907 72.1889 177.433 171.21 7.26736 132.327 41.598 45.0221 207.938 43.1664 46.0761 9.12523 1.67363 57.3268 92.7661 2.78904 
370.732 664.735 380.705 483.559 77.0752 545.155 1238.58 304.845 0 91.1395 1381.77 123.469 125.475 4.39836 273.424 98.0616 257.374 24.146 155.104 22.9977 185.813 17.654 102.222 0.0928484 383.402 92.3244 19.4239 99.5212 
9.63518 9.49226 88.3435 93.8334 324.265 101.283 153.042 224.109 153.435 0 121.079 104.423 11.9861 0.0967847 12.2217 91.1816 4.83226 61.3421 61.3615 16.8589 90.2974 3.3317 0.322242 42.3458 35.7742 61.3806 11.0673 47.5202 
176.73 243.668 59.8905 64.2036 0.198738 273.513 112.832 252.575 600.314 205.422 0 77.0537 53.44 29.6773 189.185 226.288 93.9039 118.467 60.7134 34.5471 102.513 73.8754 25.7499 128.818 88.5109 8.3134 82.1161 48.0154 
211.488 1.42645 46.0657 236.101 41.7107 122.361 2.87953 421.952 364.137 243.393 136.477 0 4.85666 14.6008 0.0336476 25.0131 0.0142488 144.661 36.5655 47.9767 23.0516 66.1323 118.439 3.50756 90.4005 182.906 7.83616 115.021 
27.0933 148.395 72.6595 31.4126 165.085 23.3252 0.127442 56.0403 4.91639 47.1665 201.812 3.31021 0 104.434 105.399 1.6595 0.764025 105.003 18.9498 9.54748 1.75377 38.28 71.5126 68.3107 0.267614 38.1443 9.09237 5.08928 
44.0994 71.1038 8.09079 12.8583 0.0730913 2.52598 80.6602 1.29122 24.8477 3.34831 9.47449 2.01667 143.075 0 60.7639 9.87344 1.40879 35.1889 16.82 0.0861353 7.09494 2.9519 3.36497 5.18023 3.24296 4.52938 9.46602 11.9063 
44.8851 46.1956 33.734 33.3286 94.7063 5.02539 132.272 4.49138 145.226 115.562 267.16 167.103 105.554 31.7126 0 55.7569 5.80902 8.54578 13.2812 10.2821 46.8458 14.4987 8.21049 27.5707 22.2271 4.79677 1.00186 19.9542 
57.0309 17.9216 17.5718 11.944 73.3936 0.666602 15.0944 145.856 71.3555 45.2513 71.3531 125.565 60.8055 16.415 63.5353 0 1.21139 19.7144 30.5611 3.44538 46.0724 0.0353036 11.7951 24.0627 36.5761 30.724 17.2023 15.2555 
350.293 261.318 40.9197 299.434 42.4906 308.4 84.1725 84.4784 370.615 15.6386 41.4731 0.157378 48.7837 10.6078 10.7819 0.00291821 0 156.575 352.746 20.17 54.4146 0.521611 7.95619 18.5535 277.401 27.3458 1.63969 0.992833 
4.53807 447.38 140.132 31.3093 141.831 105.787 20.4588 0.10876 187 10.632 98.5869 121.994 102.817 47.1801 55.9746 59.9418 24.822 0 144.172 66.1486 117.154 2.35351 2.97395 0.0582567 56.635 33.0869 1.31379 35.4461 
98.3723 170.621 46.4684 61.2803 6.28546 10.8304 138.032 105.689 122.99 32.1436 43.6819 48.4444 53.0746 1.57972 13.7503 13.0001 65.6099 11.0304 0 11.7798 61.7304 14.1619 23.0519 13.9701 6.29564 20.8386 21.0548 11.2512 
21.9884 35.335 21.675 25.0427 12.1423 0.0199021 94.4522 35.7163 91.6487 24.7086 13.8779 94.7251 10.886 1.38348 11.4783 1.3431 3.57293 84.6499 35.5194 0 46.9997 0.00994534 0.521827 2.17856 11.1513 5.20791 0.380418 2.95378 
236.196 61.7795 74.5036 110.579 31.4563 1.4102 143.888 103.9 25.5365 69.5342 116.601 143.338 47.6667 16.098 44.813 17.3074 53.3642 0.141842 72.239 249.439 0 8.83728 31.0798 22.5011 32.1132 48.8859 22.8382 0.00114492 
39.2478 1.99704 8.36923 15.4934 56.763 0.629436 56.4134 51.9265 69.3398 22.4476 52.916 34.6751 48.2777 0.737648 9.58322 11.9565 19.1681 23.3145 16.6742 3.4546 0.00107731 0 4.01129 0.0542214 8.99455 3.22436 4.77974 1.96976 
20.0163 50.7374 0.198323 19.2548 50.1707 0.127194 47.9293 5.68457 86.434 8.14416 91.7107 71.6968 89.9754 5.68766 5.92796 0.821014 15.8649 13.7656 21.6427 1.5296 4.07971 9.10525 0 2.4316 7.68815 8.03078 3.11622 1.6124 
0.755189 1.32256 14.4432 0.0056746 45.5262 17.4047 1.69859 99.9843 82.1705 59.1414 96.6518 7.09434 53.7237 1.0756 2.10988 7.84637 0.192044 38.114 14.7296 6.33804 43.6312 0.227659 17.4611 0 38.885 0.107751 0.117355 5.56705 
305.701 258.165 9.95562 300.289 12.3979 259.408 9.57036 159.513 260.198 11.5674 58.6208 267.177 18.6543 11.2301 31.38 25.1748 279.459 5.15816 15.165 5.96495 57.7844 54.359 21.0323 46.5937 0 87.3616 2.29424 6.51992 
78.8253 51.6031 23.5219 38.9376 14.5091 23.4671 56.572 227.769 92.2256 2.63563 163.265 97.6836 38.7874 12.2401 7.23373 32.8316 12.6167 42.8128 28.4204 10.9263 44.1359 4.17733 6.47921 11.7861 36.2102 0 1.31142 56.6777 
0.255041 42.6554 16.5113 5.73463 32.6906 20.2013 40.9664 7.09371 46.9298 0.928222 9.67248 26.9854 35.4943 8.86033 3.49558 5.96391 7.48373 27.5411 0.235991 8.56866 40.8656 0.00242178 1.56034 19.1002 50.8055 33.1863 0 5.3706 
60.1422 56.9084 11.4583 0.568168 5.41966 22.721 69.1284 0.726556 95.7625 44.7908 110.095 169.208 32.2307 9.3026 8.95758 12.3078 0.644728 45.8483 14.3619 7.75044 35.6596 9.68058 9.36884 13.8091 34.0318 12.4867 87.8749 0 
