0 683.414 1.57735 127.246 264.718 107.902 22.3903 212.004 356.87 82.291 30.452 79.9804 107.804 52.9178 12.2698 2.18652 187.536 19.066 98.2435 76.4921 241.025 39.7388 40.1906 36.8785 117.913 79.2443 0.637636 4.27918 
576.392 0 467.029 123.708 397.238 107.867 344.854 267.84 107.854 239.269 0.389069 32.7597 115.386 60.6115 28.401 77.3339 189.833 950.949 7.80284 43.9757 49.7639 16.7563 48.611 9.37983 141.45 62.1251 52.7593 42.5061 
0.00281744 8.06214 0 19.1506 108.572 14.5223 7.77541 269.846 107.293 39.0556 122.325 7.83121 18.5738 1.72194 2.92785 5.12367 1.93124 136.862 41.7962 27.2642 117.31 12.5118 0.0611354 5.59509 22.2493 27.1927 0.906304 22.2003 
450.727 122.416 214.016 0 163.619 172.568 1.21255 77.1809 343.524 49.8109 112.08 23.313 7.30333 23.2011 2.73433 2.75543 111.449 140.321 57.3175 46.4877 455.928 7.79928 19.4316 9.0992 140.804 6.94495 8.55774 0.169456 
267.034 526.223 187.34 105.108 0 7.31088 130.172 55.0706 344.482 311.002 145.72 30.2815 4.36538 56.2081 95.035 0.448628 9.53731 155.824 32.9299 9.7844 120.771 2.04513 47.0879 53.6191 67.2835 34.618 1.45534 13.8864 
120.803 227.789 19.5591 175.074 638.411 0 1507.28 58.5699 433.918 101.848 9.36271 88.5978 326.165 20.5342 2.92507 27.0386 129.9 120.356 70.6721 1.17396 25.2505 16.3001 2.8047 10.2454 108.158 1.50329 1.35202 4.51471 
3.41859 157.43 225.863 131.166 302.904 609.337 0 269.546 2.00255 502.403 241.958 82.5095 151.966 6.78033 109.599 37.1214 18.7261 31.3874 68.0864 73.957 18.5984 18.1427 66.6034 44.1526 0.267388 24.5883 22.6973 4.24334 
73.4581 5.52667 245.211 457.769 6.9175 210.995 127.342 0 252 0.00698011 333.782 979.229 16.5025 69.1911 174.89 159.449 7.98507 135.412 43.3725 42.6195 207.758 43.9367 48.0515 7.44013 3.04399 49.2918 93.6329 1.97499 
229.077 512.843 349.166 349.582 66.2851 430.766 1295.74 263.104 0 76.4301 1282.85 109.315 130.363 4.45389 255.875 102.054 108.065 27.4455 155.037 24.7038 185.1 16.905 102.126 0.24015 234.571 95.6919 20.3332 99.4174 
7.99613 6.64163 85.4904 95.4905 328.281 134.628 186.186 223.839 171.063 0 88.1405 97.2745 6.35846 0.30055 9.61258 90.7457 4.23319 58.4707 58.5084 16.0363 91.1045 3.81834 0.177833 41.3432 34.4612 60.1023 11.5507 48.1537 
174.196 239.137 68.5285 70.2803 0.80039 272.577 134.804 239.798 514.819 165.216 0 59.6224 59.8579 23.9757 217.97 223.964 94.2266 115.572 62.9737 33.2312 104.81 74.3963 28.4778 128.437 92.0029 6.33387 82.622 45.9802 
214.435 0.705068 51.2753 241.792 44.6523 118.859 4.86078 324.193 354.413 244.865 159.782 0 3.86721 17.7049 0.360129 9.22062 6.01768e-05 143.584 37.889 46.2915 25.2762 65.4054 119.916 1.96583 95.2866 155.369 6.68851 119.988 
25.6121 148.599 72.907 32.6162 162.719 24.5309 0.636663 58.5988 3.49352 35.7079 207.905 4.23171 0 97.2322 102.867 2.27282 0.603905 105.3 17.8218 9.99114 1.5021 36.045 69.3507 67.802 0.16825 37.377 8.769 4.76259 
43.504 70.9571 7.75322 13.2671 0.166667 2.23736 78.985 0.754709 27.7926 2.54913 6.24761 3.32594 146.969 0 61.8496 8.93478 1.51671 34.5478 17.1463 0.101051 7.4868 3.1617 2.75036 5.56234 3.51621 4.80066 9.36179 11.8774 
46.0357 44.236 33.8816 32.691 94.8961 5.7901 134.357 2.84862 153.38 118.701 293.838 179.596 107.888 25.8947 0 64.1976 5.55069 9.2146 13.7978 10.1803 46.2175 14.7272 7.28703 27.8171 21.5349 5.44528 1.12766 20.2515 
58.4754 16.6381 18.0951 13.0315 73.0172 0.497895 16.8178 133.666 67.1682 42.839 62.731 166.02 62.6093 15.7113 55.046 0 1.09848 20.5069 30.5255 3.58128 45.1953 0.0591645 11.9696 22.7383 36.3244 30.0459 17.023 15.732 
202.086 113.127 39.9722 149.136 45.8656 158.308 82.547 83.4918 221.301 16.6844 42.7065 0.258216 49.4541 10.391 11.0996 0 0 143.602 141.01 20.6218 53.7673 0.469202 8.11856 18.6719 127.726 27.339 1.5536 1.07657 
2.80208 433.25 143.758 28.1432 148.27 103.624 16.909 0.348011 183.282 12.1962 101.656 120.02 102.261 46.7377 55.1843 59.648 18.0189 0 142.683 67.5879 116.265 2.17883 3.21561 0.10112 56.3079 33.8952 1.45249 35.9407 
100.024 169.546 45.3324 60.9181 2.86066 12.5863 135.385 106.739 120.306 29.6709 45.835 47.0757 51.7363 1.73963 13.2343 12.6282 69.7458 9.24848 0 12.2791 61.0797 14.4091 23.025 13.7309 6.56269 21.1635 21.1891 11.0035 
15.5322 39.2465 21.0893 26.5157 10.843 0.00241894 94.6358 38.0218 90.1996 23.8126 12.903 95.177 11.3496 1.33486 11.4287 1.24691 3.29539 85.2318 35.6884 0 67.4003 0.00622248 0.54986 2.24878 11.0098 5.37495 0.343853 3.06512 
233.158 57.9562 70.927 129.636 29.5993 1.09 144.032 99.0597 22.9066 70.8382 118.639 141.04 46.8064 15.59 45.4679 18.1904 54.0179 0.0411874 72.0807 271.699 0 8.60809 31.4314 21.9172 32.9338 48.098 22.4086 0.00238283 
39.3739 2.22627 8.24083 15.5848 56.6661 0.738396 55.8807 52.5985 69.4886 21.4525 51.875 33.6388 46.0091 0.62467 9.2779 11.9545 19.27 23.7001 16.9101 3.50711 0.00610185 0 4.43668 0.0221417 8.73829 3.33738 4.90601 2.04716 
19.4395 50.2491 0.25023 19.3073 50.6313 0.17795 49.0899 4.81036 84.9717 8.93631 94.8258 74.7267 90.5016 5.03043 5.10094 0.628763 15.988 14.2077 21.5236 1.48945 3.82676 8.63637 0 3.59354 7.06056 7.87256 3.28896 1.71268 
0.574125 1.58682 14.5786 0.000438157 46.0924 17.2997 1.36004 103.137 83.5749 59.4424 99.2917 4.82652 54.9498 1.31942 2.6756 6.42831 0.15822 37.6742 14.9648 6.32951 43.961 0.154874 18.5957 0 37.3378 0.0546824 0.0682901 5.79363 
157.457 108.483 10.4766 150.957 11.6873 110.231 10.6435 164.182 111.642 10.617 62.1601 270.166 19.4151 10.9102 31.3899 15.494 129.809 5.57242 15.4939 6.14097 57.43 70.3452 20.4922 50.0594 0 60.6068 42.5415 4.13755 
78.5211 53.0365 23.9353 38.1519 13.6603 23.8405 54.4841 224.257 95.5948 2.08838 161.828 122.573 38.028 12.3697 7.9853 32.721 12.3395 43.557 28.2348 11.023 43.2737 4.05798 6.29766 11.4301 35.1696 0 1.7278 54.4727 
0.180482 42.1615 16.678 5.438 33.1429 20.1902 40.2809 6.26126 47.9613 0.77772 10.4624 29.0238 35.2629 8.7444 3.71088 5.67886 7.32623 27.9315 0.276248 8.48288 40.6329 0.000165252 1.6925 19.0277 49.5649 32.4558 0 3.05308 
59.9317 57.4581 11.799 0.725172 5.8161 22.6558 69.6385 0.343224 95.0921 45.4879 110.197 166.989 32.6995 9.45375 9.37576 12.8159 0.713077 46.1746 14.111 7.63115 36.2001 9.62581 9.29525 13.902 33.291 9.95802 85.024 0 
