0 762.939 1.43362 199.127 252.457 199.941 43.4582 245.235 432.429 94.9225 20.26 100.438 108.874 52.0534 9.22153 0.71199 272.658 7.64139 103.871 13.4809 231.631 39.3395 38.6491 39.7613 212.412 78.266 1.17494 5.94371 
528.635 0 449.024 254.501 485.385 204.753 227.833 283.464 208.284 229.826 1.09369 20.4981 123.904 57.3922 22.2249 73.8066 293.831 693.179 16.2016 30.0449 37.3322 14.8443 46.5731 11.73 237.171 57.3384 53.4468 39.5485 
5.72185 98.8543 0 19.4348 133.214 22.8785 30.7746 248.703 234.651 50.7257 156.788 1.59245 23.0132 2.52538 4.91912 3.54858 3.56343 121.23 46.0164 26.4642 109.322 12.5784 0.197785 4.72328 23.7624 27.5009 1.29902 22.1416 
536.201 252.227 117.27 0 162.917 265.921 8.98879 809.376 376.13 40.6106 88.9705 48.9529 4.90817 23.079 4.50737 1.03909 204.554 133.7 54.7778 44.0153 241.361 8.41281 19.4147 7.45325 229.011 4.25104 9.80352 0.00337543 
257.171 523.186 187.78 87.6651 0 51.6049 208.785 39.6043 354.884 329.492 119.754 21.6369 10.4131 52.7513 94.3835 1.39918 4.13869 132.758 70.9265 5.88521 124.779 1.21204 45.0161 52.3866 66.6765 38.4225 0.928569 11.8931 
205.207 280.503 11.6918 264.843 228.868 0 1430.01 36.4231 627.632 106.027 0.198701 102.941 564.642 21.2404 5.33797 26.4555 217.566 123.066 62.4273 0.577548 21.0801 17.1436 2.12654 9.24681 199.143 0.769969 0.973377 3.64591 
14.459 272.855 245.306 155.964 370.05 901.061 0 326.398 342.637 499.509 153.635 111.741 172.429 3.32737 95.961 45.4933 24.1089 49.0136 82.0471 67.8073 25.3372 20.9877 68.7737 40.0099 0.0153551 31.35 20.1981 2.58704 
108.082 0.188552 210.667 313.876 14.9728 200.704 72.6631 0 118.34 2.30217 299.261 722.428 11.0614 58.3834 163.093 115.914 10.8047 145.887 49.8408 34.2768 205.273 46.6455 55.1468 2.76885 11.1687 24.5786 96.3387 0.204115 
348.324 583.066 219.082 488.524 33.2611 625.602 1101.29 127.188 0 32.7182 418.353 63.7149 147.25 6.65726 139.131 115.63 200.205 40.6877 153.672 31.1447 181.239 14.3156 101.149 1.32815 327.018 107.204 23.6992 98.5832 
3.3366 0.566616 74.5449 100.585 331.681 305.836 310.98 220.254 234.715 0 10.6293 72.5727 0.786483 1.94315 2.73636 88.1741 2.39968 48.4077 48.3844 13.1974 93.7089 5.81072 0.0104385 37.6425 29.7835 55.2295 13.3384 50.2791 
163.955 220.209 101.865 92.9219 6.22428 260.571 221.355 192.259 199.248 49.8677 0 14.4201 84.7124 8.19273 314.884 209.621 95.125 104.894 71.0704 28.6045 112.746 76.0352 39.0124 125.884 104.079 1.4112 84.1677 38.8104 
222.793 0.188092 71.1963 255.972 55.7037 105.515 16.0359 58.7308 312.503 246.649 249.662 0 1.23465 30.8704 11.4527 16.7334 0.153574 139.152 42.7008 40.2878 33.9114 62.64 124.109 0.0868675 19.7029 67.3762 3.29309 136.732 
20.5543 148.333 73.3739 36.9544 152.862 59.6533 5.61281 67.9037 0.376553 7.08572 227.147 8.4223 0 70.4581 92.4329 5.22373 0.183851 106.004 13.9996 11.6365 0.758197 28.266 61.0324 65.5196 0.000663576 34.56 7.64554 3.67185 
41.2647 70.1095 6.55565 14.7109 0.81216 1.3349 72.4913 0.00868546 39.3717 0.567139 0.159565 10.5768 155.494 0 56.8736 5.68942 1.93333 32.2135 18.2974 0.16397 8.95821 3.94523 0.941524 6.90089 4.55776 5.79559 8.97018 11.7287 
50.0567 37.2927 34.0421 30.2112 94.9563 8.88183 139.93 0.0170006 180.503 127.677 371.387 220.458 114.585 7.90032 0 86.0215 4.66339 11.7812 15.6809 9.79324 43.8663 15.4843 4.29271 28.1058 18.9556 8.01548 1.63493 21.2201 
63.3995 12.3496 19.8612 17.1196 71.3487 0.0937326 23.5768 90.4773 52.4792 34.3089 35.1362 322.66 68.6512 12.7732 23.7861 0 0.737671 23.4064 30.3224 4.07621 41.95 0.194415 12.3859 17.2784 34.8895 26.961 16.315 17.3615 
297.284 210.124 36.4412 237.182 58.5026 246.966 76.4652 79.7596 312.536 20.6318 47.1491 0.822243 51.7708 9.61681 12.2522 0.0369715 0 97.8695 411.517 22.2165 51.3642 0.303769 8.70357 19.075 218.098 27.2683 1.26291 1.40302 
0.00086036 426.143 154.421 17.9273 170.409 95.1197 6.83683 2.30931 168.703 18.5791 112.45 112.581 99.9366 45.0514 52.2147 58.4194 2.37969 0 136.134 72.4394 112.648 1.60572 4.15202 0.350645 55.0091 36.7703 2.00432 37.6745 
105.388 163.709 41.0631 59.2933 1.56165 19.7311 124.81 110.095 110.103 21.4079 53.721 42.1973 46.8753 2.37078 11.4271 11.3107 91.8031 4.09947 0 14.1066 58.6276 15.2887 22.8884 12.8684 7.5519 22.302 21.6505 10.1235 
2.32251 54.1716 18.8486 31.6803 6.73247 0.0784391 94.6149 46.5567 84.5764 20.6453 9.65744 96.3257 13.0598 1.1652 11.2214 0.927956 2.38487 86.8041 36.1723 0 157.585 1.73307e-05 0.655302 2.50425 10.4814 5.97682 0.227596 3.47439 
218.476 44.8414 57.9968 188.637 23.2924 0.278578 143.765 81.876 14.5318 75.3584 125.521 132.165 43.6942 13.8035 47.713 21.4539 56.2703 0.175986 71.336 325.027 0 7.8033 32.6484 19.8374 35.8535 45.16 20.8696 0.118942 
39.766 3.14434 7.77369 15.8877 56.1782 1.19647 53.826 54.9146 69.8466 17.981 48.0697 29.9594 37.903 0.293964 8.18134 11.8969 19.6162 25.0741 17.7417 3.6945 0.0577327 0 6.0506 0.0233185 7.80636 3.75068 5.3632 2.33355 
17.3962 48.3737 0.484134 19.4232 52.1501 0.428309 53.1166 2.25778 79.329 12.0144 105.341 85.3219 91.2025 2.73226 2.55987 0.14533 16.4134 15.8213 21.0622 1.34761 2.98077 6.93682 0 8.92839 4.95158 7.27894 3.93252 2.09111 
0.127963 2.72404 15.0024 0.133653 48.0219 16.8584 0.452381 113.647 88.215 60.2095 108.059 0.257069 59.0457 2.35512 5.16639 2.32 0.0637947 36.0463 15.7968 6.28508 45.0435 0.00858487 20.8206 0 31.0232 0.0110457 0.000919798 6.61599 
252.846 199.172 12.3825 242.231 9.2818 202.511 14.8814 178.429 206.947 7.49836 74.997 1174.17 22.1944 9.73188 31.1289 7.04845 220.261 7.17222 16.6713 6.77499 55.9976 61.7308 18.5409 54.7404 0 60.3217 80.5279 119.69 
76.9886 58.0433 25.2531 35.0117 10.7852 25.059 46.9601 205.99 107.115 0.642456 154.537 220.423 35.2348 12.7416 10.8564 31.5107 11.3518 46.1483 27.5152 11.3369 40.1037 3.63645 5.63722 10.1059 31.109 0 3.65463 44.739 
0.0188038 40.3359 17.2402 4.42573 34.7353 20.1081 37.7802 3.68436 51.6064 0.346556 13.5064 36.7174 34.3849 8.31414 4.52165 4.69243 6.76933 29.3149 0.446147 8.16721 39.7421 0.0137817 2.20279 18.6628 44.8037 29.509 0 0.111153 
58.9949 59.2812 13.012 1.43937 7.33703 22.3521 71.2189 0.137425 92.2725 47.8599 109.934 156.793 34.3324 9.96751 10.8958 14.6058 0.985187 47.2686 13.2104 7.19662 38.0886 9.41717 9.00723 14.1776 30.524 3.01977 70.5489 0 
