0 751.278 1.30036 186.269 252.826 187.066 42.9036 244.518 420.022 94.6327 20.4769 99.9547 108.857 52.0764 9.28829 0.737228 259.978 7.85116 103.75 14.4609 231.92 39.3498 38.6864 39.6955 199.506 78.2967 1.16065 5.90223 
519.321 0 450.666 240.528 483.786 191.652 230.565 283.176 195.024 230.116 1.01403 20.7546 123.717 57.4708 22.3627 73.8955 280.714 549.165 15.9751 30.3481 37.6068 14.8879 46.6224 11.6729 224.241 57.4529 53.4325 39.6181 
5.45509 95.7954 0 17.7231 132.667 22.6722 30.0854 249.344 231.514 50.4493 156.01 1.68446 22.9068 2.50523 4.8679 3.58255 3.52021 121.623 45.9218 26.4876 109.531 12.5772 0.193734 4.74313 23.7292 27.4975 1.28913 22.1445 
523.993 238.272 114.943 0 162.977 253.064 8.72915 896.222 364.718 40.8213 89.5052 48.2696 4.95892 23.0839 4.46171 1.06994 191.681 133.88 54.8416 44.0842 134.448 8.39848 19.4164 7.49046 216.258 4.30711 9.77406 0.00439939 
257.486 523.875 187.85 88.077 0 49.5568 206.9 39.9423 354.788 329.251 120.357 21.8243 10.2446 52.8346 94.4096 1.37122 4.23961 133.305 69.9191 5.96552 124.695 1.22898 45.0661 52.4175 66.6942 38.3343 0.939499 11.9383 
192.513 268.542 11.8578 252.07 108.911 0 1307.88 36.893 612.977 48.6949 0.256982 102.614 502.255 21.2265 5.27477 26.4726 204.821 123.023 62.6288 0.589128 21.1746 17.1249 2.1414 9.27009 186.321 0.784342 0.981514 3.66525 
14.1196 270.102 245.026 155.425 368.695 900.613 0 325.191 329.411 500.279 155.596 111.039 171.982 3.39433 96.2935 45.2962 23.9781 48.57 81.7221 67.9559 25.1709 20.9203 68.7286 40.1068 0.0118811 31.1873 20.2554 2.62116 
107.237 0.229401 211.576 318.545 14.7526 201.012 73.8091 0 121.043 2.2024 300.158 730.164 11.1767 58.6342 163.412 116.928 10.735 145.654 49.689 34.4655 205.363 46.5834 54.9821 2.85235 10.9248 25.0715 96.283 0.224694 
334.852 570.937 222.212 474.757 33.9179 610.913 1112.18 129.968 0 33.5522 615.49 64.6682 146.871 6.57016 139.947 115.33 187.35 40.3564 153.724 30.9899 181.352 14.374 101.183 1.29306 314.181 106.947 23.6191 98.6107 
3.42273 0.632613 74.8098 100.482 331.8 301.367 308.116 220.383 233.258 0 11.6069 73.1257 0.651976 1.88915 2.85013 88.2512 2.43659 48.6371 48.6167 13.2612 93.6537 5.76011 0.00809852 37.7302 29.8915 55.3475 13.2959 50.2324 
164.213 220.695 101.061 92.3852 6.04116 260.998 219.258 193.381 204.422 51.8856 0 15.1361 84.1071 8.47017 312.861 210.056 95.1088 105.147 70.8826 28.7103 112.567 76.0012 38.7553 125.964 103.808 1.48607 84.1366 38.9743 
222.639 0.163267 70.7162 255.759 55.4387 105.838 15.7061 62.7281 313.587 246.67 247.512 0 1.27941 30.5309 11.0234 15.4181 0.146381 139.266 42.5878 40.4262 33.6995 62.707 124.032 0.0651367 21.5544 69.1291 3.35892 136.365 
20.6672 148.357 73.3706 36.8533 153.115 58.4392 5.44212 67.6856 0.413345 7.51033 226.75 8.30946 0 71.0828 92.6975 5.14217 0.190864 105.994 14.0842 11.5973 0.772676 28.4416 61.234 65.5807 0.00120377 34.6265 7.67102 3.69575 
41.3186 70.1349 6.58318 14.6778 0.791687 1.35345 72.6503 0.00501475 39.0865 0.597195 0.201119 10.3639 155.397 0 57.1378 5.76095 1.9231 32.2686 18.271 0.162345 8.92287 3.92653 0.974497 6.87073 4.53251 5.77213 8.9796 11.733 
49.9652 37.4521 34.0449 30.272 94.966 8.8043 139.835 0.0277936 179.919 127.512 370.002 219.598 114.46 8.22738 0 85.72 4.68331 11.7186 15.6365 9.80263 43.9226 15.4678 4.35559 28.1097 19.017 7.95187 1.62214 21.1994 
63.29 12.4438 19.8224 17.022 71.3931 0.0995234 23.4101 91.4494 52.8125 34.5034 35.7082 319.112 68.5191 12.8473 24.451 0 0.745268 23.3381 30.3285 4.06459 42.0271 0.190386 12.38 17.4138 34.932 27.0432 16.3326 17.3251 
284.375 197.142 36.5255 224.432 58.2011 234.205 76.6107 79.8496 299.718 20.5367 47.0454 0.805555 51.7186 9.63474 12.2252 0.0352709 0 98.8974 428.216 22.18 51.4216 0.307213 8.68991 19.066 205.293 27.2708 1.26935 1.39496 
0.00457683 425.509 154.217 18.1427 169.915 95.3297 7.02191 2.24428 169.062 18.4175 112.203 112.761 99.9964 45.0924 52.286 58.4511 2.58 0 136.307 72.3323 112.739 1.61811 4.12903 0.343154 55.0415 36.704 1.99054 37.6349 
105.274 163.879 41.1654 59.3368 1.39536 19.5512 125.074 110.024 110.349 21.5886 53.535 42.3101 46.9891 2.35509 11.4682 11.341 91.1239 4.19661 0 14.0635 58.6868 15.2684 22.8923 12.8886 7.52836 22.2761 21.6401 10.1439 
2.44273 53.8119 18.9029 31.5633 6.81794 0.0742163 94.6274 46.3543 84.7145 20.718 9.72842 96.3074 13.0192 1.16906 11.2268 0.934904 2.4045 86.7768 36.1632 0 155.327 3.46614e-05 0.652765 2.49824 10.494 5.96278 0.230035 3.4647 
218.88 45.1342 58.2965 187.937 23.4324 0.291431 143.785 82.2714 14.7069 75.2563 125.369 132.382 43.767 13.8444 47.6627 21.3765 56.2196 0.164049 71.3565 324.349 0 7.8217 32.6209 19.8854 35.786 45.2304 20.9053 0.114243 
39.7579 3.12132 7.78466 15.8811 56.192 1.18465 53.8763 54.8623 69.8414 18.0599 48.1591 30.0441 38.0894 0.300303 8.20678 11.8991 19.6085 25.0423 17.7226 3.69016 0.0559362 0 6.01181 0.0212287 7.82819 3.74093 5.35249 2.32675 
17.4432 48.4193 0.477856 19.4218 52.1172 0.421293 53.0255 2.30661 79.4669 11.9389 105.109 85.0818 91.2074 2.78209 2.61047 0.152785 16.4038 15.7833 21.0735 1.35087 2.99937 6.97633 0 8.79157 4.99771 7.29318 3.91709 2.08197 
0.134704 2.69423 14.9936 0.127858 47.9789 16.8698 0.467987 113.418 88.1144 60.1973 107.869 0.298733 58.9561 2.32848 5.101 2.39491 0.0655131 36.085 15.7777 6.28636 45.0201 0.00993504 20.8054 0 31.1802 0.00945016 0.000553487 6.59675 
239.926 186.353 12.3378 229.41 9.33511 189.659 14.7762 178.146 194.011 7.56554 74.6974 1168.4 22.129 9.75975 31.1402 6.69686 207.454 7.13303 16.644 6.76023 56.0337 63.0755 18.5861 54.768 0 58.2941 86.423 120.406 
77.032 57.9297 25.2255 35.09 10.8489 25.033 47.1352 206.508 106.858 0.666737 154.744 218.108 35.3009 12.7346 10.7871 31.5528 11.3747 46.0895 27.5329 11.3302 40.1786 3.64614 5.65271 10.1374 31.2084 0 3.60249 44.9914 
0.0206833 40.3793 17.2278 4.44832 34.6988 20.1108 37.839 3.73691 51.5226 0.354654 13.4319 36.5327 34.4061 8.32438 4.50215 4.71466 6.78214 29.2831 0.441746 8.1747 39.7638 0.013079 2.19029 18.6732 44.9182 29.5828 0 0.0811117 
59.0199 59.2415 12.984 1.42013 7.29992 22.3604 71.1866 0.121436 92.3454 47.8072 109.951 157.068 34.2954 9.95608 10.8602 14.5649 0.978379 47.2445 13.2314 7.20684 38.0457 9.42224 9.01434 14.1722 30.5895 3.13853 70.9492 0 
