0 965.852 7.12006 455.025 241.598 448.647 58.8596 262.753 667.607 102.368 14.9951 113.079 109.183 51.4048 7.5597 0.209418 515.7 3.16469 106.837 2.5755 222.991 39.0528 37.6581 41.448 461.469 77.3368 1.57679 7.06749 
683.71 0 388.783 534.199 517.82 461.098 159.009 289.629 470.002 221.144 4.20687 14.3472 128.561 55.2916 18.7507 71.3929 548.216 406.838 22.5844 22.5765 30.4605 13.7219 45.2586 13.2478 486.806 54.317 53.7858 37.7271 
14.7589 188.279 0 86.0272 146.815 28.3731 50.8811 229.819 314.696 57.9525 176.331 0.104776 25.8229 3.07174 6.3276 2.71439 4.77283 110.642 48.405 25.7768 103.55 12.6006 0.317521 4.21657 24.5912 27.5256 1.56804 22.0412 
759.573 531.509 115.666 0 160.643 513.333 16.9828 497.134 586.302 35.2195 75.2458 67.8866 3.67501 22.9148 5.76371 0.39272 452.762 128.581 53.0402 42.0463 354.913 8.78396 19.3493 6.50696 473.985 2.91142 10.5753 0.0242962 
247.635 495.463 184.646 76.934 0 102.537 257.626 31.2332 354.899 332.485 104.196 17.0238 15.2374 50.5391 93.5241 2.22372 1.92971 118.455 98.6358 3.9784 126.798 0.811422 43.6884 51.5411 66.1544 40.7086 0.666242 10.7434 
449.171 505.818 7.72198 510.102 69.2226 0 613.756 25.0952 910.249 545.187 1.31005 111.256 451.722 21.554 7.09136 25.9556 462.398 123.826 57.0607 0.316524 18.6732 17.6167 1.75552 8.64075 446.003 0.441741 0.773137 3.15736 
24.5858 343.216 249.539 169.165 400.991 803.875 0 355.367 723.211 468.468 105.467 130.203 183.472 1.81276 87.1237 50.6544 27.5984 61.0488 90.467 63.8575 29.8046 22.7582 69.8523 37.4738 0.261551 35.653 18.7221 1.77717 
130.522 0.531361 185.63 215.032 21.2138 191.613 45.5589 0 57.2424 5.65604 274.625 507.734 8.25921 51.8962 154.117 90.0441 12.69 151.72 53.8101 29.4926 202.397 48.2384 59.4074 1.02702 18.3793 13.3643 97.6592 0.0160539 
611.882 808.667 140.396 756.519 18.2962 909.22 752.777 63.8024 0 14.5247 170.362 41.0762 156.825 9.52349 165.864 123.124 447.992 49.6566 152.006 35.2505 177.94 12.8278 100.088 2.40477 573.923 113.633 25.8063 97.7319 
1.47625 0.127533 67.5259 102.98 325.335 417.502 381.694 216.145 271.453 0 0.333491 58.6654 8.64575 3.60993 0.585248 85.8824 1.53553 42.5562 42.4223 11.5746 95.0579 7.19487 0.175454 35.3416 27.0002 52.0941 14.4574 51.4473 
156.958 206.967 122.971 106.912 11.9125 247.15 275.945 163.147 119.503 10.9238 0 1.84391 100.788 2.56149 361.334 196.793 95.4703 98.2669 75.9245 25.892 117.286 76.8486 45.851 123.463 110.936 0.142381 84.8949 34.6084 
226.093 1.44641 83.8784 259.493 62.7123 96.9853 25.7164 0.737198 282.806 245.064 305.336 0 0.349469 40.1716 25.2551 67.9344 0.400995 136.058 45.6481 36.7127 39.5876 60.854 125.774 1.74275 9.06688 28.8191 1.80472 145.825 
17.7049 147.419 73.3353 39.5784 145.95 91.9017 10.9378 73.5887 0.022018 0.366336 236.541 11.606 0 54.5102 85.2593 7.55151 0.0474008 106.156 11.8698 12.6695 0.42961 23.8123 55.6736 63.8073 0.0427539 32.8158 6.99473 3.07523 
39.8379 69.3567 5.84824 15.5608 1.43486 0.895314 68.2449 0.455567 47.0182 0.057341 0.76952 16.7844 156.247 0 47.9742 3.9359 2.20728 30.7799 18.9771 0.209085 9.89574 4.4374 0.273857 7.65883 5.22786 6.40716 8.72066 11.605 
52.3934 33.1989 33.8583 28.583 94.5226 10.9818 141.785 0.661644 194.701 131.21 398.781 240.797 117.266 1.59009 0 89.6362 4.15769 13.4535 16.8384 9.54314 42.376 15.8919 2.79342 27.8252 17.3443 9.72412 1.98287 21.7271 
66.1545 10.0164 20.831 19.6868 70.1046 0.00404403 28.0493 66.2228 44.0105 29.3309 21.6833 406.634 71.9297 10.7911 9.08017 0 0.553335 25.1962 30.1428 4.3799 39.9216 0.313355 12.472 13.7102 33.6372 24.6748 15.8405 18.2747 
546.232 461.448 34.2239 482.094 66.4387 492.156 72.6218 77.3643 559.112 23.1549 49.8404 1.3157 53.1017 9.15189 12.9579 0.0952289 0 72.2402 413.017 23.1581 49.8526 0.220895 9.05903 19.3021 464.475 27.1905 1.10092 1.61996 
0.934097 442.584 158.921 12.7214 182.816 89.482 2.87509 4.32035 159.058 22.9883 118.766 107.839 98.2859 43.9594 50.3242 57.547 0.0133433 0 131.312 75.1124 110.149 1.30001 4.77011 0.573829 54.131 38.4853 2.3789 38.6904 
108.179 158.745 38.3612 58.0715 9.09583 24.6028 117.69 111.804 103.559 16.9345 58.5802 39.282 43.9058 2.795 10.3716 10.5284 112.568 1.96732 0 15.2348 57.0594 15.8147 22.7754 12.3444 8.17273 22.9683 21.914 9.59846 
2.4338 63.6558 17.4088 34.6413 4.688 0.229097 94.0882 51.8655 80.882 18.776 7.89593 96.6583 14.1267 1.06644 11.0744 0.755626 1.90061 87.3567 36.371 0 215.583 0.00168412 0.722677 2.66108 10.1469 6.3414 0.168681 3.72891 
206.969 37.4602 50.2564 191.456 19.7695 0.0460867 143.011 71.7538 10.319 77.9619 129.335 126.364 41.7959 12.7527 48.9871 23.4908 57.5592 0.632567 70.7528 332.091 0 7.32991 33.3494 18.5942 37.595 43.3065 19.9414 0.274193 
39.9571 3.77084 7.48685 16.0516 55.7778 1.52326 52.4788 56.2404 69.9293 15.9689 45.7238 27.7708 33.0988 0.152471 7.5217 11.8241 19.8106 25.8971 18.2327 3.807 0.114413 0 7.06969 0.112 7.23845 4.00608 5.64251 2.51321 
16.1833 47.1493 0.661038 19.4382 52.9642 0.630588 55.4328 1.16911 75.6449 14.04 111.102 91.432 90.7207 1.55198 1.40484 0.0167234 16.6581 16.8163 20.7576 1.26361 2.51659 5.9204 0 12.5069 3.81028 6.90269 4.33795 2.33337 
0.0132936 3.55233 15.2101 0.32864 49.1081 16.544 0.139055 119.298 90.6996 60.4336 112.759 0.270589 61.269 3.08183 6.97227 0.771251 0.0271102 35.0254 16.2904 6.24778 45.6203 0.00804169 20.5755 0 26.833 0.096005 0.0427172 7.11789 
502.158 446.001 13.5535 488.903 7.94096 450.131 17.7187 184.93 456.975 5.8465 82.7544 953.962 23.9064 9.00296 30.7492 23.0375 466.681 8.22361 17.3802 7.15926 55.0122 23.5314 17.3762 52.2113 0 114.727 17.9831 34.9738 
75.7349 60.9484 25.9164 32.8991 9.18277 25.6988 42.4307 191.132 113.549 0.168094 148.607 278.681 33.5012 12.8939 12.6914 30.1928 10.7603 47.6512 27.0404 11.5013 38.1375 3.38706 5.23365 9.27928 28.4563 0 5.12511 37.8868 
0.00136647 39.193 17.5522 3.85478 35.6744 20.0269 36.2395 2.44495 53.7614 0.168804 15.4989 41.6159 33.8183 8.0437 5.0391 4.12673 6.43869 30.1382 0.568144 7.9705 39.162 0.0384505 2.53735 18.3644 41.8006 27.5138 0 2.5287 
58.293 60.2669 13.7351 1.98286 8.3291 22.1164 71.9814 0.899346 90.2639 49.1907 109.298 149.072 35.2805 10.2552 11.8231 15.6509 1.17008 47.8712 12.6661 6.92937 39.1896 9.28194 8.81543 14.2999 28.819 0.718579 59.4221 0 
