0 348.555 39.6236 126.328 203.63 42.7916 105.079 295.92 216.347 120.313 4.90924 145.342 108.793 49.3163 3.97525 0.291323 90.5408 0.615291 112.79 66.9233 191.91 38.1612 34.9229 45.5434 52.7185 73.8217 2.87183 10.3382 
77.076 0 150.429 217.92 512.181 88.2312 27.6197 293.295 120.88 189.943 21.1277 3.38557 138.569 49.4329 10.9136 64.3272 151.207 1045.17 42.83 7.71991 15.5144 10.9674 41.6214 17.4495 78.9772 46.2336 54.3874 32.9669 
54.1286 416.809 0 280.771 174.45 42.7974 116.23 166.351 459.133 76.2386 217.479 4.3693 33.3469 4.6555 10.5236 1.04206 8.59377 81.1683 53.8352 23.3677 86.1187 12.5949 0.750373 3.00234 26.3828 27.0279 2.36484 21.5606 
233.543 214.967 257.263 0 148.712 97.081 47.2176 510.08 86.7604 22.3995 42.7938 123.865 1.29405 22.1867 9.54882 0.153875 41.8435 112.095 47.9522 35.614 494.491 9.73542 18.9919 4.28755 53.9863 0.590915 12.6077 0.497802 
212.41 353.036 165.575 50.1158 0 166.728 368.552 13.7614 333.374 311.288 66.3934 7.51326 31.2798 44.5059 89.7494 5.17945 0.08221 82.063 177.026 0.750182 130.517 0.146279 40.042 49.0361 64.2861 46.472 0.189152 7.99683 
31.2307 47.9608 1.09779 88.66 579.72 0 725.478 5.05986 470.097 466.446 26.6127 130.616 121.429 21.9491 12.4309 24.1921 42.6419 122.684 42.5874 0.00256093 12.9656 18.6921 0.949437 7.09321 31.4376 0.0125333 0.360582 2.04003 
60.8356 486.113 233.224 194.252 435.562 143.613 0 403.314 1303.88 311.793 18.1942 177.962 205.87 0.0106612 63.4944 63.8859 37.2479 95.4026 111.313 53.1389 42.4556 27.4457 71.775 30.9335 2.26384 47.1959 15.0733 0.381641 
189.535 13.6738 114.946 152.424 41.5078 159.966 3.75598 0 2.17041 20.7311 202.955 51.7033 2.8602 35.9009 126.011 33.3909 18.121 164.693 64.0898 18.3866 190.471 52.1531 70.0436 0.452409 43.7294 0.0374614 99.9139 2.60007 
236.812 315.487 8.19509 361.44 0.109144 471.873 9.45282 1.06361 0 1.5289 898.024 4.73031 178.441 22.0505 97.6178 139.114 36.5787 75.3606 144.909 46.3353 166.317 9.29948 95.779 6.57375 156.566 127.761 31.4303 94.3733 
0.13764 10.2083 48.9536 106.568 282.166 500.376 499.284 199.292 348.556 0 103.559 28.187 63.9249 10.0657 2.35421 77.6705 0.189075 28.6325 28.0908 7.7811 97.7074 11.3238 1.51418 29.3041 20.1252 43.5614 17.4489 54.0137 
136.64 168.241 175.457 141.9 34.229 195.401 402.729 92.4814 59.6491 42.514 0 24.3248 143.61 2.8356 407.118 152.754 95.6645 80.924 88.0652 19.2954 127.902 78.3042 64.4337 114.4 126.448 2.92617 86.0276 24.4634 
228.215 10.0153 116.855 250.377 81.5144 74.2616 59.4174 259.32 197.946 231.993 432.983 0 0.564434 67.3815 80.4768 294.594 1.56976 126.763 53.2922 27.8548 55.4878 55.9064 126.903 15.3229 126.615 5.52534 0.0142745 164.489 
11.1946 142.509 72.1258 46.2336 125.454 121.181 31.9422 88.172 4.4308 21.7723 251.729 21.8872 0 19.6895 64.8828 15.2248 0.106606 105.592 7.09345 15.4406 0.00982582 13.6221 41.3707 58.3549 0.647295 28.2375 5.42588 1.76846 
35.9509 66.6155 4.12694 17.6315 3.81956 0.159291 56.5262 4.67411 68.1052 1.17441 16.9145 38.1484 142.912 0 16.8871 0.739328 2.98577 27.0407 20.6565 0.349011 12.4577 5.73552 0.43184 9.28255 7.05262 7.97443 8.0391 11.1734 
57.9894 23.2641 32.4327 24.0573 91.8027 16.9548 141.097 10.3461 220.658 133.126 384.553 271.559 119.056 7.91215 0 63.1935 2.97049 18.1275 19.852 8.84913 38.3383 16.7497 0.347855 25.5915 13.1529 14.4571 3.01215 22.7356 
72.3205 5.02541 22.911 26.3324 66.1359 0.314543 40.5534 18.01 24.5795 17.6438 1.52277 493.547 78.7943 5.67182 4.8989 0 0.198782 29.8848 29.487 5.168 34.541 0.744132 12.11 5.27494 29.2495 17.8641 14.4756 20.3101 
135.35 60.8711 28.3458 62.0039 87.2112 72.4569 62.3141 70.7774 142.318 30.0345 56.7269 3.10572 56.2589 7.97167 14.7947 0.368982 0 20.8616 179.379 25.4794 45.7843 0.0677243 9.97714 19.8267 48.2825 26.8695 0.732591 2.24477 
12.2765 330.61 163.078 3.22822 209.937 73.7317 0.480596 12.2473 132.13 35.9891 133.996 94.9539 93.2353 40.9192 45.1851 54.8737 18.8788 0 116.311 80.9485 102.719 0.657644 6.5322 1.39575 51.5648 42.7782 3.48146 41.1792 
113.64 141.546 31.1635 54.1572 54.4204 38.4506 97.4883 115.035 85.839 7.57362 71.1926 31.9702 36.2639 4.0264 7.81265 8.58058 185.719 0.0455807 0 18.1868 52.7568 17.1422 22.3805 10.9933 9.84054 24.5954 22.5371 8.27642 
30.2565 88.2878 13.5429 41.2983 1.08139 0.972062 90.986 65.7014 70.5475 14.1899 4.11632 96.2464 16.9658 0.827076 10.6236 0.388346 0.896007 87.371 36.5513 0 321.83 0.0247728 0.907802 3.07027 9.24145 7.27252 0.0571158 4.40455 
170.108 20.9033 31.5159 160.699 11.8446 0.351127 139.052 47.422 2.68773 84.1391 137.797 110.217 36.8837 10.1692 51.9459 28.8843 60.601 3.09279 68.8019 260.545 0 6.16041 35.0237 15.4683 41.9517 38.3246 17.5717 0.965312 
40.2874 5.62132 6.73741 16.405 54.3899 2.52723 48.6813 59.3697 69.676 11.172 39.5937 22.3181 21.5131 1.2675e-05 5.86379 11.5076 20.2578 27.9803 19.4503 4.09294 0.348333 0 9.69702 0.638229 5.79755 4.67827 6.36785 2.99627 
13.164 43.7144 1.23331 19.2852 54.6788 1.32026 60.8893 0.000130891 65.4179 19.7219 123.331 105.62 86.4107 0.00879965 0.00703789 0.270107 17.2429 19.4309 19.8886 1.05457 1.49236 3.48728 0 19.6818 1.4765 5.89143 5.42565 2.99787 
0.25945 6.14986 15.569 1.21746 51.601 15.5804 0.160504 130.869 95.8615 60.1689 122.385 9.8579 65.976 5.15352 12.3059 0.673065 0.00385876 32.2867 17.5222 6.11623 46.8244 0.310859 14.9016 0 16.0812 0.693245 0.43419 8.40783 
93.0755 31.8737 16.5703 72.6188 4.91888 37.4132 25.8321 193.366 52.2813 2.48399 102.026 492.742 28.3745 7.11293 29.036 54.0231 50.5826 11.2007 19.1843 8.14313 52.0876 57.4633 14.5705 40.4914 0 37.4868 15.7891 117.868 
71.4369 67.872 27.1161 26.9243 5.58024 26.9766 31.1309 143.47 127.698 0.360987 128.818 384.9 28.9369 13.0243 17.543 25.0874 9.2648 51.2629 25.6879 11.8315 32.9644 2.76837 4.19868 7.12661 21.2756 0 9.79593 19.6875 
0.23547 36.1325 18.2522 2.54188 37.9986 19.7092 32.2051 0.407616 59.0885 0.00234152 21.1003 54.7962 32.2428 7.31726 6.45143 2.79831 5.61048 32.2035 0.948153 7.44592 37.531 0.158685 3.47822 17.3409 34.2263 21.8701 0 21.6427 
56.0346 62.3766 15.5372 3.74619 11.1168 21.3348 73.2506 5.86857 84.1207 52.2173 106.041 124.839 37.5684 10.9068 14.195 18.1362 1.71509 49.2096 11.2714 6.22982 41.8633 8.90368 8.26519 14.4568 24.6019 2.15471 28.6606 0 
