0 533.821 56.2537 441.896 187.3 317.366 122.992 302.904 471.652 126.142 2.60161 156.42 108.239 48.4293 2.95348 0.802841 356.735 2.89347 114.289 83.2505 178.271 37.7898 33.8869 46.9067 325.021 72.1915 3.42378 11.6301 
312.24 0 74.1976 522.324 479.216 377.848 5.83282 290.259 421.86 176.267 30.0668 1.28281 141.383 47.2069 8.55454 61.5439 426.87 427.982 51.1519 4.19369 11.264 10.0352 40.2426 19.0417 351.409 43.2787 54.5064 31.2529 
72.3308 461.149 0 287.873 181.038 47.6676 141.441 140.836 473.076 82.3952 227.794 8.66139 36.095 5.27311 12.1762 0.626483 10.1849 70.4121 55.4832 22.3084 79.2272 12.5708 0.947123 2.60536 26.8923 26.657 2.68442 21.3128 
455.445 519.576 315.213 0 142.503 365.606 60.6763 479.623 333.824 18.3175 32.7672 144.824 0.732082 21.8229 11.0646 0.571876 313.385 105.246 45.9461 32.9402 76.1805 10.0728 18.799 3.58302 322.078 0.1832 13.3445 0.812058 
196.775 287.175 155.376 41.235 0 219.956 397.758 9.11441 318.643 294.316 54.1715 5.00195 38.1257 42.257 87.8769 6.51522 0.787562 69.6964 204.46 0.209961 131.311 0.0385059 38.6683 48.0317 63.4399 48.4687 0.0887732 7.0953 
301.695 308.553 0.168999 355.538 154.891 0 190.497 1.52393 692.376 361.393 42.6714 136.599 376.384 21.9427 14.5617 23.4081 311.018 121.198 37.3908 0.0177498 11.1222 19.0226 0.716955 6.55045 301.631 0.00750823 0.249978 1.69323 
76.6485 513.875 218.56 199.482 430.446 64.4352 0 409.508 1174.75 241.908 4.0036 194.361 211.418 0.118004 55.1022 68.4785 40.8838 108.406 118.256 49.1924 47.3126 29.1531 72.1535 28.6194 3.44827 51.3983 13.8298 0.129752 
209.851 22.454 90.1508 74.2599 50.0514 146.425 0.0293818 0 22.3327 28.1958 176.046 0.811989 1.59506 30.5857 114.707 18.8224 20.2494 168.532 67.7447 14.9243 184.73 53.4787 73.6626 1.62564 54.7086 1.12075 100.308 4.57758 
519.299 551.773 0.34687 625.421 1.20178 694.943 48.098 18.4054 0 9.25449 922.012 0.388157 184.881 28.196 63.2854 143.461 308.156 85.2294 141.44 50.4103 161.149 8.15221 93.713 8.5307 424.762 131.812 33.4955 92.7786 
0.881754 17.5588 42.4107 106.91 258.847 422.113 508.797 191.272 367.109 0 176.685 19.6153 93.3523 13.059 5.51248 74.0207 0.0211848 24.1477 23.4539 6.57561 98.3572 12.9788 2.30562 27.1378 17.8077 40.411 18.5507 54.7673 
128.732 153.311 192.071 153.44 44.6038 172.639 437.261 70.3075 79.062 97.3199 0 50.6602 158.743 8.11273 393.529 134.459 95.4896 74.7207 92.2192 17.0987 131.271 78.5962 71.2154 110.254 131.081 6.00459 86.1694 21.1311 
226.712 14.8665 128.19 240.993 88.3879 66.1277 74.014 451.419 166.873 224.361 467.577 0 1.51513 77.788 104.972 377.104 2.17168 123.014 56.0223 24.8535 61.5299 54.0292 126.189 23.1664 98.6443 25.912 0.102463 169.208 
9.1832 139.89 71.3111 48.5479 117.384 111.8 41.6913 93.2919 7.82938 41.9986 253.76 26.2325 0 10.8418 57.2856 18.4815 0.271672 105.056 5.65376 16.4641 0.0100696 10.5364 36.2756 56.0793 1.03552 26.5864 4.90457 1.38434 
34.4987 65.3662 3.55832 18.3197 4.93583 0.0405598 52.162 7.21792 75.8704 2.41367 27.3452 47.3083 133.32 0 7.71891 0.191342 3.28875 25.6964 21.2283 0.407121 13.4203 6.20045 1.13553 9.70989 7.72712 8.5197 7.78328 10.9811 
59.8174 19.9933 31.6049 22.359 90.2858 19.2132 138.944 16.4533 225.56 131.248 350.892 273.764 117.869 17.1469 0 45.7718 2.58841 19.9122 20.9319 8.58516 36.8359 16.9849 0.0370737 24.3127 11.6802 16.2016 3.42376 22.9865 
74.1585 3.62725 23.4891 28.6323 64.4661 0.613132 45.259 7.63614 18.7195 14 0.000313552 466.806 80.6271 4.04696 16.0224 0 0.114695 31.5756 29.1862 5.44929 32.5828 0.940063 11.7824 2.99299 27.3415 15.287 13.9433 20.9096 
406.248 336.804 26.2205 330.069 94.55 340.551 58.5349 68.2939 411.197 32.6009 59.1557 3.92413 57.2862 7.55718 15.455 0.50985 0 9.4556 351.225 26.2667 44.276 0.0342059 10.3056 19.9927 317.762 26.7128 0.618248 2.49077 
19.2947 262.72 161.878 1.3241 217.574 67.8222 2.39607 15.9975 122.016 41.1301 138.996 90.1657 91.1653 39.7595 43.2692 53.7761 33.7155 0 110.183 82.6319 99.7428 0.479511 7.21931 1.77488 50.5461 44.2586 3.92301 42.0206 
114.951 134.063 28.5592 52.5099 77.9596 43.6601 89.8209 115.766 79.3291 5.06872 75.6739 29.4456 33.5649 4.51269 6.96124 7.91187 211.439 0.628809 0 19.2488 51.1356 17.6057 22.2035 10.5115 10.4584 25.1431 22.7399 7.81577 
48.4558 96.7533 12.1473 43.2312 0.400116 1.35801 89.287 70.6029 66.6271 12.6489 3.04526 95.6561 18.0068 0.747168 10.4382 0.285081 0.624682 86.8818 36.499 0 332.267 0.0396035 0.977812 3.21765 8.90451 7.59993 0.0314328 4.65208 
155.07 15.9863 25.4929 181.352 9.44964 0.775878 136.951 39.5524 1.14363 86.1428 140.307 104.114 35.1282 9.29368 52.8825 30.8443 61.5854 4.41341 67.9512 211.707 0 5.76048 35.5737 14.3841 43.4523 36.4871 16.7346 1.31325 
40.3484 6.36283 6.46688 16.5068 53.7715 2.93972 47.2194 60.3818 69.4226 9.61423 37.3887 20.4481 17.7697 0.0210187 5.29359 11.3505 20.3987 28.7102 19.8676 4.19364 0.462652 0 10.5934 0.926438 5.30148 4.92246 6.62831 3.17561 
12.1278 42.3968 1.47665 19.1638 55.1533 1.6232 62.6364 0.16288 61.5653 21.8841 126.655 110.01 83.8516 0.109605 0.0988867 0.561105 17.4354 20.3799 19.5496 0.982672 1.18779 2.72279 0 20.7349 0.888497 5.5203 5.82596 3.24794 
0.536519 7.23356 15.634 1.66576 52.3794 15.1856 0.458653 133.83 97.2445 59.7805 124.865 16.4402 67.2676 5.91605 14.3325 2.01022 0.0205481 31.2736 17.9471 6.057 47.1535 0.523305 11.7261 0 12.6477 1.03414 0.671488 8.86284 
364.913 302.403 17.6312 341.777 3.9981 308.22 28.9699 193.312 326.527 1.61294 108.472 403.825 29.9784 6.44591 28.182 41.301 320.089 12.3534 19.819 8.49046 50.914 82.6461 13.6708 39.436 0 47.623 106.299 35.0259 
69.55 70.1165 27.3572 24.6667 4.48874 27.2964 27.303 124.516 131.758 0.924779 120.445 398.412 27.2861 12.9781 19.2558 22.7978 8.74196 52.4542 25.1614 11.916 31.0942 2.55654 3.83556 6.36795 18.69 0 11.7133 13.8521 
0.416615 35.0023 18.4646 2.13119 38.7936 19.5581 30.7475 0.0931982 60.901 0.0453391 23.2501 59.6203 31.6406 7.04864 6.98007 2.37408 5.32298 32.9207 1.10687 7.2526 36.9017 0.221391 3.83911 16.8913 31.7156 19.7509 0 31.7826 
55.0755 62.975 16.1537 4.49585 12.1899 20.9964 73.4564 8.65636 81.6119 53.1485 104.327 115.02 38.3281 11.106 15.0242 18.9316 1.93368 49.6112 10.7767 5.97695 42.7573 8.75835 8.05018 14.4568 23.2274 5.18583 18.8907 0 
