0 520.661 94.1362 360.028 182.341 146.076 189.942 162.894 277.475 0.11184 0.0386948 90.0738 0.186576 21.7607 4.81203 18.4506 96.3824 126.135 79.9735 187.597 94.9143 37.6107 44.8902 38.2993 61.9241 8.23121 50.6447 60.6272 
231.373 0 442.204 323.286 531.627 123.844 76.798 227.043 280.993 39.9979 236.498 72.8829 18.6401 18.9227 93.9403 2.77972 161.205 180.646 1.39475 6.21883 157.616 25.3865 13.3718 54.3752 59.9381 81.2827 0.197847 44.1546 
76.9788 0.0798782 0 212.963 107.673 27.0867 245.582 233.765 185.607 75.9758 118.84 6.88758 72.5794 2.57096 29.9303 18.4694 34.089 42.7201 40.0209 12.2384 0.377546 1.20864 9.38754 0.661255 27.7254 24.6455 1.26948 10.8095 
24.3907 323.949 397.862 0 44.0964 23.6735 107.558 73.4341 184.41 20.8321 53.7695 206.319 12.3023 13.4226 11.194 40.5269 35.7609 133.517 3.85629 3.31276 157.54 1.46957 15.1131 9.88515 45.526 43.7157 14.4308 0.0611686 
191.985 442.224 9.37993 144.648 0 315.805 1.48425 58.601 4.79908 1.17144 242.972 9.0707 48.9526 1.9451 83.1489 38.1399 5.07955 121.17 78.3112 78.1974 115.302 3.98854 24.9747 43.5176 3.29123 11.2618 0.647836 4.10256 
128.631 14.7261 8.57655 15.6716 359.082 0 166.178 180.999 36.7577 406.738 45.3231 68.2458 163.407 6.82038 0.0434342 8.71859 59.5724 101.384 12.5981 18.696 7.70283 14.9442 10.2656 16.4674 17.529 14.8197 15.0839 9.34753 
143.472 466.766 84.2081 0.340337 88.0004 126.707 0 408.684 1153.58 345.482 394.296 61.7518 64.6415 70.0679 142.336 26.82 10.4302 133.913 28.3985 19.3185 91.0432 52.9209 71.8314 2.18612 79.9035 95.4897 7.42369 25.5194 
35.4503 111.553 190.626 203.698 198.819 169.316 3.85662 0 107.759 22.8038 4.60339 660.158 105.404 0.022924 182.488 251.824 93.4146 179.504 50.2108 34.7355 2.03607 64.2367 79.244 138.161 87.1803 72.013 81.2792 116.552 
92.2931 120.211 306.365 308.449 347.215 38.2126 277.859 116.294 0 8.80512 668.926 11.8641 136.378 9.29562 53.9824 7.58306 72.7444 195.227 4.8223 82.6243 0.102526 27.9745 91.4919 99.3791 102.132 34.4177 27.6613 79.864 
112.607 237.307 49.2293 106.755 13.6072 234.385 12.8669 197.052 366.45 0 601.851 95.5001 268.879 83.7615 116.214 27.0444 84.1267 107.806 96.123 34.9265 97.6964 15.5353 46.0749 52.6753 43.5929 30.306 33.1713 42.4683 
109.457 0.134967 172.636 129.72 169.915 265.54 22.5674 14.2405 122.421 574.424 0 449.11 83.0765 210.243 405.596 160.817 26.4395 101.454 16.2633 83.8097 148.925 44.851 38.5984 44.933 84.6857 17.8838 73.2383 30.4617 
0.0142976 146.688 123.993 2.57399 152.582 41.8074 180.716 1017.52 91.1246 245.167 34.7993 0 53.3415 96.5414 150.701 465.453 18.7515 0.0423981 77.0099 73.6315 164.867 5.61582 114.945 32.3955 147.317 335.598 47.6661 36.1159 
96.474 81.1147 17.0568 72.351 105.163 192.3 26.6066 0.0423436 2.05143 310.605 0.0562924 103.495 0 18.9396 94.7772 31.5679 0.783912 96.7052 60.881 9.99114 62.9895 87.9376 21.1369 3.58096 10.3148 49.8464 8.37071 10.4205 
7.02368 41.5705 16.5736 0.459579 49.0211 13.7279 88.1783 61.1284 15.4337 76.8478 212.762 65.0465 43.3895 0 8.76294 0.0292636 1.58136 48.9398 19.3882 4.75693 32.5099 10.7524 0.0768537 6.50446 4.27183 10.9244 9.85921 7.27758 
71.5344 96.7384 0.00646327 22.2164 79.6559 0.27631 73.212 10.6159 86.5836 24.1816 378.645 1.40997 113.41 57.5474 0 89.5677 26.9749 29.3623 38.5124 11.1222 11.9348 9.57516 17.7323 12.4347 1.86317 24.3934 15.9262 1.29075 
32.3476 29.3925 8.13808 9.51521 30.5472 12.2224 49.2618 240.437 150.496 1.79973 3.25933 379.539 84.1393 3.13526 8.19607 0 20.4065 53.4096 30.6034 5.3674 47.9581 11.9541 0.000240154 20.4377 22.9174 29.0807 0.577235 7.1389 
19.0655 136.278 4.85068 33.3234 110.638 29.6957 92.4389 14.0863 61.6327 48.3125 2.4597 22.8605 59.0524 10.2647 15.5918 15.4509 0 228.737 427.347 14.4649 3.50002 18.1833 10.8096 8.24694 25.2898 22.7103 3.1753 22.0051 
84.3223 78.9965 8.34109 17.7127 49.2642 32.9339 233.374 36.8274 32.3726 0.433389 28.1003 7.45948 73.6762 53.5405 33.4625 0.181633 286.223 0 4.3151 87.1262 49.9898 14.0423 19.7578 48.0279 49.2045 3.59076 42.054 1.07382 
82.2647 172.419 2.58386 0.932084 204.835 70.6581 155.815 1.06969 13.1403 116.297 6.59508 37.8742 26.237 3.07135 2.85581 13.7166 24.6879 95.4704 0 21.8385 64.4141 15.5321 15.1547 21.0813 9.06676 22.7929 1.59587 0.26445 
161.969 135.45 22.3806 18.0366 76.8768 22.3256 0.287632 109.863 33.3252 26.8221 85.7125 80.4105 11.3497 2.34996 9.62283 0.313613 30.1021 81.9282 36.1094 0 13.9138 5.35944 5.39755e-06 6.33657 13.0917 11.7054 2.34612 7.79521 
119.689 163.077 29.228 18.7933 3.65035 40.5801 9.9592 123.106 153.67 97.3078 145.784 2.7213 10.2035 0.0505564 12.6843 14.6774 58.8475 102.752 72.6756 64.5046 0 28.8937 0.575176 17.366 33.2774 54.422 15.5285 33.1753 
40.3661 51.701 9.29054 9.43485 56.9884 0.261599 2.13862 66.9969 65.6317 7.5174 0.00596828 33.927 90.1052 3.909 14.5049 0.0611297 1.0927 41.7451 17.9695 0.529483 12.5306 0 15.2276 2.23506 11.1217 10.4905 0.825247 8.10687 
27.6753 11.3851 8.57251 14.0504 0.0124442 16.1702 61.1142 1.07977 57.814 60.3829 0.277266 124.448 0.874893 1.02946 15.3114 12.464 2.99786 6.76603 19.2142 2.9914 36.8251 0.199232 0 9.60238 1.70127 8.60931 0.223115 6.61111 
0.316481 42.4347 10.9533 24.494 8.8036 8.50243 46.7351 17.3145 28.1265 12.6211 112.73 41.0981 13.0483 2.01771 25.5167 4.40376 17.4615 12.4251 6.61607 2.19163 46.1367 2.94745 0.0770368 0 6.25043 16.1855 18.3323 9.96027 
88.8138 92.2903 25.9551 57.6395 38.3005 27.2379 91.7625 17.9226 89.0532 65.1537 54.8259 257.024 45.7013 14.2611 17.263 4.82779 27.6906 13.8517 2.11265 0.0117113 1.11414 40.0006 18.7272 73.9632 0 42.8532 103.727 61.5086 
5.8245 4.24121 27.3925 16.3972 37.7673 17.2075 16.4576 20.2574 34.3296 76.3069 97.9695 174.489 50.2525 12.048 21.7068 32.4417 23.3441 0.404113 0.814976 6.87176 50.3864 2.37057 9.68968 9.09231 0.337656 0 29.2327 53.6585 
47.3636 24.922 17.2029 25.3602 35.7458 1.10387 22.3319 20.1653 5.73398 5.4139 57.7369 0.601558 34.9652 9.30378 18.6036 4.27519 9.92552 35.6256 13.41 1.77828 35.9445 2.07455 0.0086893 0.0501055 15.9244 14.9513 0 63.8988 
2.75291 0.00120555 0.0106383 1.02817 45.8732 2.11091 48.7413 109.453 64.4967 39.353 11.6176 163.978 41.4485 1.26916 10.8095 4.51502 22.5543 7.88731 1.2293 4.56443 44.8693 3.94675 2.34835 1.19352 13.6831 55.4064 1.21756 0 
