0 119.87 105.707 327.909 141.398 97.804 169.385 307.663 197.549 139.265 0.00199045 182.722 105.82 45.8269 0.998947 3.27045 112.706 16.2644 116.522 83.1056 139.194 36.7087 31.0988 50.1292 97.0388 67.1634 5.0538 15.2231 
100.048 0 3.69976 357.162 338.297 199.171 24.878 272.246 276.891 137.135 59.0588 0.493821 146.588 41.2423 3.70783 53.8918 205.103 391.408 74.3041 0.0170142 3.31977 7.77859 36.5342 23.3175 123.275 35.646 54.5755 26.8518 
123.118 422.215 0 129.13 188.454 58.3597 201.009 76.6639 402.467 96.5144 240.972 25.8403 43.1728 6.9517 16.6391 0.0370108 14.7474 43.9779 58.8993 19.1981 60.7127 12.4553 1.54975 1.68961 27.8561 25.2558 3.58591 20.4967 
112.395 355.572 386.415 0 122.616 125.525 98.9169 873.739 67.9891 9.39802 12.3516 195.866 0.0152923 20.6498 15.2573 2.8321 83.5133 86.0232 40.4237 25.5212 428.875 10.9301 18.1494 2.02234 83.0275 0.207077 15.2488 1.96258 
151.832 121.17 123.109 21.3395 0 413.519 435.169 1.45714 266.695 232.868 27.3014 0.845946 57.8661 36.3286 81.8846 10.5841 5.88555 40.92 264.208 0.357036 132.011 0.0812918 34.9928 45.2016 60.8464 53.3911 0.00316697 4.98685 
72.5649 67.9329 1.52671 111.964 240.76 0 1044.45 1.9689 282.467 508.333 96.3707 149.107 552.671 21.5649 20.3509 21.0668 73.1207 114.866 24.6179 0.368032 6.92898 19.732 0.263367 5.1972 68.2332 0.358113 0.0572601 0.938276 
121.592 511.204 164.858 202.647 376.437 590.722 0 396.769 332.63 78.4197 15.1212 232.631 218.927 2.22633 34.7713 79.5974 50.5443 142.107 134.243 39.0059 60.401 33.5836 72.3562 22.8099 7.58453 62.1282 10.8009 0.0937175 
256.542 53.7474 35.6977 50.6058 74.4841 108.619 19.0591 0 159.999 51.6882 108.938 222.249 0.0226855 18.3427 84.2955 0.223474 26.1348 176.252 76.9767 7.48475 166.797 56.6866 82.3312 7.90601 85.8899 17.979 100.299 12.0935 
311.425 226.606 85.1183 346.081 22.4008 285.841 816.655 150.354 0 56.9965 1128.06 11.428 197.726 47.3569 111.222 150.8 78.9022 111.495 130.455 60.9581 145.702 5.50079 87.2213 14.6134 183.911 139.417 38.8986 87.7736 
5.73397 44.4501 26.6512 105.456 186.757 110.103 446.136 166.605 386.679 0 396.728 4.3741 180.524 22.1429 19.2216 63.2564 0.362064 14.07 13.0789 3.8846 99.2834 17.6093 5.0683 21.6427 12.2977 32.2556 21.4469 56.2836 
107.348 114.052 225.387 179.004 75.9712 110.463 485.42 25.1827 472.39 302.631 0 153.417 195.154 33.0873 294.85 85.9104 94.4457 59.0394 102.276 11.9138 138.772 78.7812 88.356 97.7181 140.354 18.6392 85.8865 13.4417 
217.454 31.3228 154.531 204.154 106.088 45.976 115.796 917.854 92.2162 198.465 516.373 0 6.05086 104.669 171.293 494.46 4.16069 112.459 62.9768 17.663 77.6481 48.9786 121.674 49.2461 201.038 134.205 2.10711 175.932 
4.84941 131.193 68.3189 54.2558 95.5036 120.984 70.9619 106.012 20.7349 116.493 250.374 38.8272 0 0.0489021 38.1368 27.838 1.04557 102.878 2.65468 19.1591 0.378482 4.25071 23.8183 49.5678 2.44526 22.3523 3.66491 0.605099 
30.6467 61.5402 2.24321 19.9328 8.41213 0.0962185 40.8352 16.0857 95.5507 7.53599 63.03 73.2351 100.174 0 0.98342 0.439731 4.12564 22.2442 22.6198 0.575574 15.9956 7.36796 4.04445 10.3461 9.47618 9.8487 7.10003 10.3992 
64.0289 12.4582 28.7772 17.9104 85.1364 25.0745 129.016 37.7055 226.338 120.494 219.095 257.088 110.521 46.143 0 6.74799 1.71403 24.7342 23.6893 7.87246 32.8606 17.4049 0.694098 20.0985 8.07903 20.6112 4.57904 23.3516 
77.8879 1.04478 24.525 34.098 59.6191 1.82079 57.5753 1.30373 6.96855 6.30802 10.4308 286.461 83.6637 0.955305 59.7002 0 0.0037463 35.9211 28.2553 6.16402 27.5231 1.53986 10.5079 0.0332846 21.8652 8.91135 12.4849 22.0946 
173.128 119.5 20.8038 90.9022 112.583 101.202 48.7367 61.6469 173.195 39.3806 65.2737 6.45286 59.663 6.51292 17.1541 0.975819 0 0.751149 248.124 28.1697 40.2881 9.49566e-05 11.1491 20.3658 82.2159 26.209 0.366793 3.17776 
43.671 206.492 152.403 0.279956 231.273 52.4411 13.8889 27.6871 95.6073 55.272 150.538 77.5688 85.2486 36.6198 38.1991 50.6307 87.1389 0 93.0448 85.8868 91.3989 0.148519 9.11857 2.95408 47.695 47.9029 5.1719 44.0571 
116.684 112.361 21.9517 47.7443 148.479 57.0444 69.6988 116.588 62.5649 0.880741 86.9462 23.2275 26.7951 5.86803 4.94768 6.27126 248.704 5.19171 0 21.9686 46.7911 18.7666 21.6623 9.27979 12.0939 26.4607 23.212 6.66379 
107.399 116.448 8.65567 46.836 0.179062 2.62673 83.5778 82.7865 56.1934 8.9794 1.00935 93.0778 20.7295 0.556596 9.90572 0.0908844 0.147786 84.439 36.0798 0 280.525 0.0937729 1.16657 3.59719 8.012 8.42072 0.000312815 5.30023 
114.256 6.15633 12.3825 238.826 4.45033 2.62576 129.963 21.9602 0.167576 90.7431 145.41 87.9109 30.6378 7.17303 54.9741 35.9004 63.8503 8.84756 65.4035 77.1114 0 4.77747 36.8634 11.6952 47.1379 31.6755 14.6124 2.44995 
40.3647 8.45568 5.76783 16.7072 51.893 4.12022 43.2367 62.7088 68.3767 6.05292 31.7389 15.8754 9.46577 0.258526 3.90548 10.8443 20.7137 30.5466 20.8933 4.44847 0.831426 0 12.6636 1.89192 4.10945 5.5565 7.29854 3.65187 
9.58744 38.8174 2.18967 18.6921 56.025 2.52982 66.5633 1.99426 51.3792 27.6589 132.321 119.259 75.078 1.9072 1.76434 1.75307 17.8894 22.8454 18.6116 0.805369 0.558555 1.12587 0 18.7052 0.0540468 4.5586 6.87197 3.91615 
1.70436 10.3733 15.6436 3.11704 54.0901 14.0591 1.92581 138.283 99.6035 58.0795 128.683 39.9104 69.5527 7.77484 19.4389 8.17834 0.124537 28.5978 18.9979 5.87566 47.7464 1.30946 3.72838 0 5.92868 2.19652 1.50893 10.0027 
134.909 70.2992 20.2624 104.753 2.0418 76.2632 37.4689 185.662 104.561 0.223206 123.391 562.577 34.0786 4.79065 25.4662 0.898974 84.5981 15.5148 21.4191 9.36626 47.6097 21.0002 11.6937 51.2249 0 102.826 40.1683 123.97 
63.9303 75.2286 27.5013 18.7802 2.19354 27.768 18.2193 75.8831 139.387 3.55186 96.7788 362.862 23.041 12.6349 23.4059 16.3046 7.43105 55.249 23.7093 12.049 26.2859 2.03765 2.93441 4.50203 12.3216 0 17.0283 2.91316 
1.11855 32.0203 18.9147 1.22743 40.7438 19.08 26.9855 0.309189 65.3002 0.406088 29.0852 72.0293 30.0018 6.34072 8.38488 1.42204 4.60519 34.7097 1.5703 6.74266 35.1757 0.430344 4.81686 15.5517 26.0305 14.2974 0 60.3695 
52.2601 64.1197 17.6525 6.6859 15.1204 19.9901 73.3728 18.0908 74.4906 55.1482 98.658 88.2364 40.1279 11.5299 17.0731 20.692 2.55282 50.4519 9.51773 5.32286 44.8924 8.36085 7.457 14.3194 20.1832 17.9134 2.21668 0 
