0 108.883 106.535 320.67 140.636 89.1043 170.113 307.579 187.932 139.451 0.000371396 183.111 105.77 45.7815 0.975742 3.32341 103.584 16.5639 116.539 83.3857 138.535 36.6899 31.0527 50.1773 88.1774 67.0732 5.08239 15.2839 
92.7462 0 4.39607 348.979 335.589 191.112 26.0601 271.842 269.403 136.477 59.5863 0.536316 146.646 41.1443 3.64524 53.7639 196.31 470.086 74.6911 0.0098717 3.22934 7.74421 36.473 23.388 114.405 35.5239 54.5738 26.7815 
123.935 419.843 0 125.746 188.455 58.5029 201.841 75.7062 400.215 96.7159 241.015 26.1827 43.2854 6.97949 16.7121 0.0333755 14.8256 43.5785 58.9438 19.1444 60.4119 12.4528 1.56053 1.67623 27.8674 25.2282 3.60131 20.4816 
102.082 347.413 387.243 0 122.257 116.444 99.5534 1076.7 58.8793 9.27574 12.0957 196.619 0.0125057 20.6283 15.3274 2.88185 74.6224 85.7006 40.3312 25.3984 311.032 10.9438 18.1372 2.00046 73.9868 0.220218 15.2794 1.98499 
151.075 118.82 122.537 21.0622 0 415.2 435.276 1.38687 265.723 231.72 26.9325 0.807163 58.2041 36.2323 81.7752 10.6565 6.00553 40.5029 264.985 0.377644 132.007 0.0857824 34.9322 45.1533 60.7999 53.4672 0.00384518 4.95556 
63.7265 59.0842 1.59236 102.837 277.616 0 1197.92 2.08955 270.467 561.051 97.339 149.27 618.768 21.5546 20.446 21.0257 64.1031 114.736 24.424 0.377284 6.8686 19.7416 0.257836 5.1761 59.2854 0.368036 0.0552618 0.927837 
122.344 510.27 163.859 202.574 375.138 603.153 0 396.231 319.517 76.3122 15.8593 233.186 218.964 2.2816 34.4669 79.7658 50.7021 142.641 134.474 38.8433 60.6169 33.6549 72.3503 22.7191 7.66341 62.298 10.7544 0.100397 
257.203 54.3418 34.982 53.4082 74.9008 107.995 19.6925 0 163.021 52.1101 107.919 229.27 0.0175809 18.1655 83.8032 0.167726 26.2339 176.349 77.1221 7.38396 166.475 56.7356 82.4615 8.04422 86.4139 18.4066 100.286 12.2415 
302.805 216.199 87.5415 336.084 22.9483 273.837 831.28 153.312 0 58.0548 985.512 11.8638 197.885 47.6983 108.702 150.87 70.0277 111.923 130.256 61.1271 145.43 5.46193 87.1039 14.7228 174.817 139.504 38.9861 87.6831 
5.84581 44.9655 26.4162 105.405 185.518 105.882 444.195 166.167 386.639 0 400.178 4.21581 181.965 22.3031 19.5015 63.0698 0.376709 13.9271 12.9329 3.84644 99.2894 17.6876 5.12091 21.556 12.2152 32.1255 21.4941 56.3028 
106.996 113.425 225.787 179.356 76.5211 109.47 485.652 24.6233 478.783 306.265 0 155.385 195.696 33.6086 292.694 85.1463 94.4219 58.7926 102.428 11.8365 138.878 78.7774 88.6232 97.4972 140.47 18.8942 85.8742 13.3296 
217.243 31.6311 154.909 203.434 106.37 45.6669 116.503 923.081 91.1254 197.985 516.625 0 6.14793 105.092 172.339 494.781 4.19777 112.28 63.087 17.5545 77.9119 48.8952 121.571 49.7231 204.307 136.404 2.16016 175.974 
4.79019 131.031 68.2607 54.3441 95.1437 121.856 71.4718 106.21 20.9886 117.877 250.218 39.0447 0 0.0292257 37.8416 27.9978 1.06212 102.834 2.61519 19.203 0.388737 4.17093 23.6296 49.4563 2.47269 22.2847 3.64622 0.5951 
30.5838 61.472 2.22403 19.9567 8.4748 0.101398 40.6542 16.2541 95.858 7.64004 63.6873 73.6692 99.5711 0 1.10885 0.463346 4.13978 22.1891 22.6411 0.578504 16.038 7.38617 4.09894 10.3505 9.50413 9.86892 7.08878 10.3888 
64.0903 12.3488 28.7242 17.8388 85.0398 25.1677 128.808 38.1045 226.208 120.256 216.7 256.567 110.354 46.566 0 6.35777 1.70131 24.8141 23.7331 7.86064 32.7957 17.4094 0.721647 20.022 8.02412 20.6797 4.59869 23.3541 
77.9354 1.01566 24.536 34.1788 59.5351 1.8452 57.7731 1.45167 6.82284 6.20639 10.7631 282.797 83.6919 0.9217 60.4053 0 0.00321891 35.9906 28.2385 6.17535 27.442 1.55057 10.4829 0.0246532 21.7726 8.81591 12.4606 22.1092 
164.166 110.823 20.7181 81.8587 112.858 92.1527 48.5795 61.5375 164.159 39.491 65.3699 6.49837 59.698 6.49643 17.1814 0.984496 0 0.86557 208.892 28.1987 40.2228 0.000165858 11.1626 20.3712 73.2299 26.1997 0.363263 3.18943 
44.1292 206.038 152.179 0.309327 231.418 52.1954 14.1485 27.8981 95.1833 55.5084 150.707 77.3644 85.1467 36.5677 38.1164 50.5765 88.1341 0 92.7567 85.9259 91.2573 0.144725 9.15063 2.97542 47.6466 47.9593 5.19331 44.0882 
116.692 111.988 21.8478 47.6619 149.669 57.2548 69.3752 116.588 62.2986 0.841091 87.1231 23.1314 26.689 5.89099 4.91752 6.24582 248.843 5.30054 0 22.012 46.7195 18.7848 21.6526 9.26015 12.1206 26.4807 23.219 6.64574 
108.421 116.732 8.60162 46.8763 0.193756 2.65021 83.471 82.975 56.0229 8.92429 0.985327 93.024 20.7736 0.553715 9.89653 0.0886191 0.142783 84.3861 36.0697 0 278.873 0.0948326 1.1697 3.60328 7.9974 8.43359 0.000228457 5.31075 
113.591 6.03395 12.2048 238.669 4.3844 2.66426 129.833 21.7122 0.187654 90.8102 145.476 87.6466 30.5662 7.14063 55.0038 35.9813 63.8835 8.93078 65.3584 75.2124 0 4.76225 36.8826 11.6534 47.1947 31.5976 14.5788 2.47103 
40.3633 8.49139 5.75657 16.7096 51.8594 4.14049 43.1705 62.7428 68.3552 6.00137 31.6487 15.8051 9.35039 0.264483 3.88429 10.835 20.7182 30.5756 20.9092 4.45252 0.838248 0 12.6933 1.90994 4.09156 5.56675 7.30928 3.65967 
9.54829 38.7579 2.20209 18.6827 56.0348 2.54582 66.6192 2.04012 51.2137 27.7534 132.377 119.381 74.9135 1.95131 1.80712 1.77699 17.8962 22.8852 18.5958 0.802617 0.550305 1.10521 0 18.6199 0.0490002 4.54317 6.88891 3.92716 
1.72839 10.4277 15.6419 3.14368 54.1141 14.0398 1.95753 138.316 99.6268 58.0441 128.713 40.3537 69.5766 7.80241 19.517 8.30216 0.126936 28.5541 19.0143 5.8724 47.7529 1.32481 3.62295 0 5.85178 2.21835 1.52501 10.0206 
126.005 61.3771 20.3031 95.7365 2.01541 67.3367 37.6095 185.453 95.8066 0.211164 123.607 789.885 34.1439 4.76508 25.417 0.806327 75.6128 15.5678 21.4443 9.38009 47.5536 19.9703 11.6664 51.5481 0 100.94 44.1497 123.668 
63.8314 75.3024 27.4979 18.6862 2.16296 27.7713 18.0839 75.1364 139.474 3.60766 96.3811 361.51 22.9731 12.6268 23.4682 16.1971 7.41046 55.2905 23.6849 12.0502 26.2091 2.02964 2.92043 4.47346 12.2249 0 17.1165 2.79857 
1.13259 31.9716 18.9208 1.21475 40.7739 19.0713 26.9251 0.324816 65.3674 0.414844 29.1823 72.2268 29.9744 6.32915 8.40795 1.40851 4.59392 34.7377 1.57839 6.73434 35.1467 0.434257 4.83307 15.5282 25.9494 14.2115 0 60.8161 
52.2108 64.1334 17.6754 6.72394 15.1694 19.9724 73.3641 18.2673 74.3688 55.1755 98.5527 87.7971 40.1549 11.5356 17.1047 20.7166 2.56343 50.4631 9.49769 5.31234 44.9246 8.35418 7.44704 14.3155 20.1408 18.1628 2.07568 0 
