0 49.9091 112.339 286.567 135.294 45.1477 175.174 306.854 137.537 140.728 0.025046 185.804 105.407 45.4605 0.82089 3.70549 56.6549 18.7314 116.635 86.2106 133.911 36.5568 30.7291 50.5108 43.0671 66.4354 5.28476 15.7109 
59.6101 0 10.919 308.255 316.425 151.586 35.059 268.92 233.913 131.853 63.3285 0.882422 147.034 40.4568 3.22151 52.8665 151.653 1032.05 77.399 0.0139888 2.63038 7.50458 36.0429 23.883 69.2329 34.6707 54.5593 26.2898 
129.624 401.967 0 102.554 188.354 59.4752 207.504 69.1144 383.679 98.1006 241.163 28.6311 44.0736 7.1743 17.2237 0.0131536 15.377 40.8228 59.2456 18.7654 58.3081 12.4349 1.63685 1.58396 27.942 25.031 3.70969 20.3737 
47.3045 306.866 381.991 0 119.716 69.7742 104.006 356.857 12.3693 8.43907 10.3762 201.798 0.000841836 20.4754 15.8196 3.24109 29.3073 83.4364 39.6828 24.5376 281.72 11.0389 18.0502 1.85038 27.6232 0.323483 15.4933 2.14534 
145.758 102.841 118.505 19.1649 0 424.562 435.564 0.943662 258.82 223.573 24.4118 0.560892 60.584 35.5576 80.9994 11.1696 6.87634 37.6302 270.212 0.538008 131.959 0.120552 34.5077 44.8135 60.4708 53.9969 0.0104062 4.7391 
18.8148 14.2547 2.09024 55.8558 975.427 0 1301.17 3.03444 203.528 1009.72 104.174 150.377 440.58 21.4788 21.111 20.7357 17.905 113.801 23.0802 0.445448 6.4523 19.8077 0.220752 5.02901 13.5718 0.441101 0.0422614 0.856248 
127.619 502.979 156.794 201.946 365.722 687.646 0 392.183 233.163 62.2463 21.5025 237 219.151 2.68682 32.3616 80.9305 51.8075 146.363 136.062 37.71 62.1302 34.154 72.3006 22.0841 8.22583 63.48 10.4311 0.15371 
261.735 58.5721 30.1511 73.1842 77.8309 103.625 24.4009 0 184.671 55.0961 100.876 280.52 4.41954e-05 16.9471 80.3663 0.00108415 26.9307 177.005 78.1367 6.69598 164.195 57.0759 83.3653 9.0422 90.0806 21.5274 100.189 13.301 
259.31 160.344 105.207 282.794 26.9555 206.851 930.5 174.547 0 65.6946 701.817 15.1368 198.954 50.1096 88.547 151.315 24.832 114.909 128.844 62.3058 143.514 5.19316 86.2719 15.4983 128.059 140.079 39.599 87.0403 
6.65839 48.6382 24.7912 105.026 176.783 78.5013 429.921 163.076 386.039 0 423.894 3.18676 192.01 23.4329 21.5076 61.7559 0.487156 12.9441 11.9308 3.58457 99.3231 18.2389 5.49649 20.9513 11.6442 31.2153 21.8242 56.4327 
104.529 109.04 228.455 181.754 80.4034 102.566 486.77 20.8735 520.322 331.688 0 169.35 199.437 37.3475 277.272 79.8387 94.2494 57.0726 103.49 11.3012 139.605 78.7451 90.484 95.9361 141.245 20.7208 85.7819 12.5565 
215.717 33.8227 157.515 198.306 108.34 43.5195 121.466 956.514 83.6162 194.562 517.893 0 6.84861 108.032 179.587 495.477 4.46185 111.017 63.8584 16.8029 79.7589 48.3094 120.821 53.1012 225.421 152.028 2.54953 176.201 
4.38522 129.881 67.8438 54.9578 92.6219 128.491 75.0666 107.585 22.8035 127.656 249.04 40.579 0 0.0324787 35.7928 29.123 1.18149 102.515 2.34654 19.5106 0.464481 3.63271 22.3241 48.6721 2.66877 21.8129 3.51669 0.527365 
30.1422 60.9881 2.09184 20.1216 8.91927 0.141435 39.3905 17.4517 97.9934 8.38564 68.3297 76.7172 95.3153 0 2.19087 0.645682 4.23904 21.8032 22.7895 0.599155 16.3358 7.51294 4.48232 10.3754 9.69969 10.0093 7.00991 10.3157 
64.514 11.5944 28.3472 17.3383 84.3505 25.8166 127.311 40.9391 225.177 118.538 199.902 252.715 109.151 49.4121 0 3.93491 1.61345 25.3746 24.0396 7.77772 32.3407 17.4389 0.92898 19.4804 7.64388 21.1561 4.73689 23.3685 
78.256 0.823383 24.6082 34.7363 58.9428 2.02033 59.1555 2.70801 5.84439 5.51754 13.2237 256.968 83.8699 0.702326 65.2045 0 0.000644249 36.4763 28.1196 6.25441 26.8751 1.62648 10.3038 0.00044624 21.1214 8.15714 12.2895 22.2069 
118.339 67.0114 20.1204 35.4745 114.77 45.7246 47.4804 60.7697 117.817 40.2644 66.0424 6.8213 59.9393 6.38134 17.3719 1.04646 0 1.89453 11.5529 28.4001 39.7656 0.00121481 11.2571 20.408 27.2467 26.1338 0.339016 3.27162 
47.3887 201.839 150.549 0.556255 232.364 50.4793 16.0257 29.3896 92.2269 57.1658 151.868 75.9328 84.4299 36.2015 37.5365 50.1946 95.1982 0 90.7331 86.1871 90.2614 0.119499 9.37589 3.12666 47.3056 48.3517 5.34405 44.3046 
116.73 109.373 21.1234 47.082 157.986 58.7198 67.1176 116.581 60.4371 0.589347 88.3552 22.4619 25.9498 6.05252 4.70892 6.06963 249.383 6.09224 0 22.3148 46.2166 18.9121 21.5839 9.12271 12.3083 26.6198 23.2674 6.51954 
115.581 118.684 8.226 47.1415 0.312781 2.81724 82.7122 84.2868 54.8301 8.54237 0.825442 92.6374 21.0828 0.533764 9.83172 0.073607 0.110141 84.0034 35.9962 0 266.757 0.102414 1.19169 3.64584 7.8951 8.52338 8.5343e-06 5.38446 
108.953 5.21008 10.9908 236.296 3.9355 2.94156 128.906 20.0156 0.360208 91.2725 145.918 85.7968 30.0653 6.91537 55.208 36.5471 64.1122 9.52296 65.0394 62.4051 0 4.65614 37.0155 11.3616 47.5908 31.0519 14.3436 2.62103 
40.352 8.74327 5.67793 16.7264 51.6222 4.28362 42.7042 62.9775 68.2012 5.64612 31.019 15.3159 8.55873 0.308028 3.73698 10.769 20.7492 30.7778 21.0198 4.48073 0.886638 0 12.8969 2.03782 3.96769 5.63835 7.38446 3.71451 
9.27548 38.3395 2.28985 18.615 56.0996 2.65893 67.0038 2.37614 50.0554 28.4159 132.731 120.211 73.7457 2.26994 2.11975 1.94817 17.9433 23.1638 18.4845 0.783451 0.494197 0.965746 0 17.9841 0.0212937 4.43543 7.00731 4.00429 
1.90151 10.8118 15.6282 3.33312 54.2783 13.9037 2.18681 138.51 99.777 57.7889 128.895 43.509 69.7329 7.99301 20.0579 9.18466 0.144323 28.2477 19.1282 5.84938 47.7955 1.43433 2.9197 0 5.34516 2.37369 1.63944 10.1449 
80.592 15.8481 20.5866 49.5304 1.83522 21.7708 38.5956 183.915 51.4541 0.136217 125.098 298.578 34.5998 4.58694 25.0683 0.926724 29.6343 15.9401 21.6207 9.47645 47.1571 14.278 11.4793 53.8643 0 86.0506 80.5039 113.74 
63.1346 75.8099 27.4692 18.03 1.9546 27.7908 17.1478 69.9641 140.052 4.00954 93.5893 351.435 22.499 12.5677 23.8994 15.4453 7.26665 55.578 23.5131 12.0572 25.6719 1.97393 2.82317 4.27511 11.554 0 17.7357 2.05808 
1.23336 31.6304 18.9622 1.12797 40.9838 19.0093 26.5025 0.44492 65.835 0.478675 29.8632 73.6054 29.7822 6.24828 8.56921 1.31534 4.51534 34.9332 1.6356 6.67593 34.943 0.462154 4.94692 15.362 25.3914 13.6129 0 63.8987 
51.8634 64.2245 17.8346 6.9926 15.5136 19.8471 73.2974 19.5235 73.5123 55.3619 97.8037 84.7251 40.3422 11.5746 17.3249 20.8847 2.63827 50.5393 9.3577 5.2387 45.1485 8.30736 7.37692 14.2873 19.8506 19.9376 1.21761 0 
