0 44.3175 113.167 284.327 134.53 41.5557 175.892 306.73 133.022 140.907 0.0337042 186.184 105.353 45.4142 0.799842 3.76182 52.6348 19.0509 116.646 86.7461 133.25 36.5377 30.6826 50.5579 39.307 66.3435 5.31393 15.7723 
57.7077 0 12.0841 305.069 313.659 148.621 36.4472 268.489 231.525 131.191 63.8691 0.938884 147.086 40.3584 3.16304 52.7378 147.953 929.76 77.7878 0.0223076 2.54963 7.47056 35.9814 23.9539 65.4634 34.5491 54.5569 26.2194 
130.431 399.239 0 99.3393 188.325 59.6097 208.291 68.1883 381.209 98.2948 241.163 28.9883 44.186 7.2022 17.2968 0.0110192 15.4562 40.4342 59.2874 18.7108 58.0075 12.4322 1.64788 1.57097 27.9521 25.0022 3.72527 20.3581 
42.236 303.706 379.595 0 119.349 65.7887 104.642 340.074 8.45772 8.32243 10.1405 202.523 0.000295839 20.4533 15.8901 3.29403 25.5183 83.1125 39.5897 24.4144 399.22 11.0525 18.0376 1.82938 23.6843 0.339834 15.5237 2.16864 
144.997 100.626 117.925 18.9001 0 425.554 435.54 0.88732 257.819 222.397 24.0603 0.52937 60.926 35.4612 80.887 11.2438 7.00554 37.2268 270.929 0.563214 131.95 0.126005 34.4469 44.7647 60.4233 54.0722 0.0116 4.70852 
15.0885 10.5625 2.16679 51.8274 917.877 0 1156.07 3.18359 196.676 1004.56 105.158 150.53 355.444 21.4675 21.2061 20.6939 13.9903 113.664 22.8903 0.455628 6.39376 19.8169 0.215684 5.0081 9.72584 0.452062 0.0405461 0.846243 
128.374 501.831 155.775 201.841 364.331 699.219 0 391.565 221.674 60.3384 22.3764 237.535 219.166 2.74735 32.0647 81.0956 51.9655 146.893 136.284 37.5483 62.3464 34.2253 72.2924 21.9939 8.30766 63.6484 10.3852 0.162228 
262.368 59.1862 29.4863 75.9565 78.2512 103.001 25.112 0 187.835 55.5274 99.8812 288.107 0.000128167 16.776 79.8764 0.00923849 27.0308 177.096 78.2811 6.60033 163.866 57.1242 83.4931 9.18932 90.6051 21.9922 100.174 13.4555 
255.769 155.06 107.827 277.836 27.5515 199.991 944.143 177.656 0 66.8152 935.52 15.6354 199.1 50.4576 85.4012 151.373 21.0606 115.337 128.64 62.474 143.238 5.15531 86.1516 15.6101 124.061 140.156 39.6866 86.9474 
6.77874 49.1715 24.5618 104.968 175.537 74.9148 427.788 162.63 385.907 0 427.217 3.05133 193.439 23.5959 21.8006 61.5673 0.504106 12.8064 11.7906 3.54792 99.3268 18.318 5.55106 20.8653 11.5635 31.0858 21.8714 56.4505 
104.176 108.416 228.817 182.088 80.9631 101.587 486.857 20.3614 525.797 335.303 0 171.371 199.964 37.8946 275.027 79.0867 94.224 56.8278 103.64 11.2256 139.707 78.7396 90.7484 95.7111 141.351 20.9876 85.7678 12.4477 
215.492 34.141 157.881 197.562 108.621 43.2149 122.177 960.817 82.5635 194.066 518.003 0 6.95158 108.45 180.611 495.354 4.50018 110.835 63.9683 16.6965 80.0231 48.2254 120.71 53.5894 228.121 154.286 2.60768 176.224 
4.32878 129.714 67.783 55.0447 92.2614 129.507 75.5837 107.78 23.0681 129.066 248.859 40.7996 0 0.0530825 35.5024 29.2846 1.19907 102.469 2.30925 19.5546 0.475828 3.55873 22.1394 48.5593 2.69736 21.7456 3.49836 0.518025 
30.0791 60.9179 2.07322 20.1449 8.98353 0.147693 39.2105 17.6257 98.2968 8.49476 68.9987 77.1544 94.7024 0 2.37394 0.674072 4.25329 21.7482 22.8105 0.602135 16.3784 7.53095 4.53731 10.3782 9.72752 10.0292 6.99864 10.3051 
64.5736 11.4882 28.2924 17.2669 84.2506 25.909 127.091 41.3502 225.012 118.285 197.503 252.136 108.973 49.8008 0 3.63404 1.60108 25.4549 24.0831 7.76584 32.2755 17.4428 0.960653 19.4023 7.59008 21.2237 4.75673 23.3701 
78.3003 0.797527 24.6178 34.8149 58.8576 2.04594 59.353 2.91888 5.71051 5.42241 13.5951 253.265 83.8926 0.673362 65.8682 0 0.00043703 36.5455 28.1024 6.26566 26.794 1.63748 10.2777 0.00217618 21.0279 8.06441 12.265 22.2203 
114.475 63.4377 20.0353 31.5324 115.041 41.7761 47.3237 60.6597 113.879 40.3749 66.1382 6.86799 59.9733 6.36496 17.399 1.05545 0 2.07348 10.5547 28.4287 39.7002 0.00144397 11.2706 20.4132 23.3618 26.1242 0.335621 3.28343 
47.8613 201.081 150.308 0.597318 232.489 50.235 16.303 29.6052 91.8049 57.4031 152.032 75.7283 84.3269 36.1491 37.4537 50.1396 96.2171 0 90.4434 86.2226 90.1182 0.116097 9.40821 3.14857 47.2566 48.4075 5.36576 44.3353 
116.733 108.997 21.0203 46.9986 159.17 58.9278 66.7961 116.578 60.1718 0.556957 88.5301 22.3667 25.8446 6.07574 4.6794 6.0446 249.399 6.20948 0 22.358 46.1447 18.9302 21.574 9.10314 12.3352 26.6395 23.2742 6.50158 
116.604 118.958 8.17263 47.177 0.332093 2.84145 82.6019 84.4728 54.6594 8.48839 0.803772 92.5806 21.1269 0.530947 9.82239 0.0715807 0.105818 83.9471 35.9853 0 264.947 0.103521 1.19484 3.65192 7.88045 8.53615 3.01983e-05 5.395 
108.293 5.09678 10.8218 235.782 3.87339 2.98227 128.772 19.7785 0.389367 91.3376 145.979 85.5323 29.994 6.88346 55.2367 36.628 64.1444 9.60904 64.9934 60.6501 0 4.64108 37.0343 11.3202 47.647 30.9741 14.3101 2.6428 
40.3501 8.77953 5.66669 16.7287 51.5879 4.30418 42.6373 63.0105 68.1787 5.59615 30.9291 15.2464 8.44842 0.314498 3.71607 10.7594 20.7535 30.8066 21.0355 4.48475 0.893675 0 12.9254 2.05641 3.95017 5.64858 7.39519 3.72235 
9.23681 38.2798 2.30249 18.6051 56.1084 2.67525 67.0578 2.4262 49.89 28.5107 132.777 120.326 73.5762 2.31683 2.16627 1.97314 17.95 23.2037 18.4685 0.780728 0.486414 0.946542 0 17.8878 0.0184235 4.42005 7.02418 4.0153 
1.92692 10.8671 15.626 3.36054 54.3012 13.8841 2.22059 138.532 99.7966 57.7514 128.917 43.9672 69.7536 8.01985 20.1344 9.31288 0.146896 28.2038 19.1444 5.84605 47.8012 1.45028 2.82435 0 5.27745 2.39624 1.65613 10.1626 
76.7875 12.0292 20.6268 45.6127 1.81017 17.9457 38.7367 183.685 47.8035 0.126841 125.307 188.52 34.6648 4.56164 25.0179 1.05385 25.75 15.9935 21.6458 9.49018 47.1003 13.6986 11.4532 54.2018 0 83.746 86.4926 111.289 
63.0341 75.8811 27.4644 17.9366 1.92565 27.7931 17.0156 69.234 140.129 4.06862 93.1894 349.912 22.4314 12.559 23.9604 15.338 7.2462 55.6186 23.4883 12.058 25.5954 1.96601 2.80935 4.247 11.4592 0 17.8243 1.96113 
1.24808 31.5816 18.9679 1.11583 41.0136 19.0003 26.4422 0.463613 65.9013 0.488152 29.9608 73.8018 29.7546 6.23673 8.59227 1.30227 4.50412 34.961 1.64384 6.66758 34.9138 0.466204 4.96322 15.338 25.3131 13.5279 0 64.3324 
51.8132 64.237 17.8572 7.03127 15.563 19.829 73.2869 19.7057 73.389 55.3878 97.695 84.2869 40.3686 11.58 17.3562 20.9082 2.64904 50.5499 9.33774 5.22819 45.1801 8.30065 7.36686 14.2831 19.81 20.1952 1.11317 0 
