0 612.615 203.133 225.862 2.92711 206.567 267.165 161.368 109.438 153.952 36.7236 227.544 83.505 31.9996 3.64255 26.8961 114.303 141.871 101.648 243.349 7.58362 30.8254 19.1368 57.564 157.566 39.0937 14.1079 31.9484 
661.769 0 361.221 215.525 78.1353 327.381 525.111 106.33 503.799 6.82379 208.238 59.1618 135.662 17.452 4.78163 21.8819 248.462 734.614 158.144 50.4685 19.1344 1.40853 20.848 41.1637 176.821 9.49046 51.4502 11.0079 
195.187 221.993 0 169.078 93.3226 53.9975 171.749 43.9549 99.5167 109.817 113.954 139.264 66.666 13.549 31.7632 4.63846 36.1406 3.19154 58.5162 5.44447 3.76475 11.2575 5.00633 0.0011309 26.2711 14.9248 8.02257 15.1335 
370.735 218.42 377.982 0 26.9528 121.311 203.219 725.588 340.552 4.38817 32.2732 234.182 7.67709 13.4223 32.1185 23.7446 138.424 14.12 17.088 1.52928 693.245 14.0033 13.7072 0.308873 103.994 14.2067 22.2617 10.6193 
5.49667 283.783 4.13097 10.7091 0 57.2182 108.385 35.6999 23.8578 0.954841 15.6847 18.7325 143.049 13.8918 46.5901 33.3678 63.8459 5.49488 197.971 21.5646 115.787 4.78301 19.6716 31.4004 45.6352 67.767 2.156 0.192198 
169.64 274.08 45.0104 108.839 857.496 0 1473.63 114.76 375.553 839.088 273.533 146.36 355.096 15.5106 39.5952 9.40779 102.481 63.3767 0.24033 5.79788 0.107772 20.2651 0.703155 1.05763 110.285 6.49688 0.651021 0.159536 
263.401 4.91232 2.55986 91.4372 5.68266 915.006 0 88.1329 651.318 374.793 439.51 274.759 152.819 32.9979 1.52401 103.692 87.6323 232.209 155.341 6.40189 112.31 50.0895 62.3631 4.72396 36.2203 94.6959 2.07198 8.54447 
282.386 231.526 87.4146 496.176 178.676 0.970817 333.574 0 617.544 169.891 11.5628 333.397 17.9396 1.39045 1.06743 171.252 53.1602 172.015 106.788 3.91877 71.5085 65.6246 101.848 67.7202 188.321 191.62 86.0535 66.9327 
338.185 123.042 357.352 105.48 264.123 372.204 487.059 623.117 0 368.62 467.94 275.544 185.834 133.965 51.2963 120.985 143.799 201.136 68.0878 96.3699 67.9253 0.0495124 49.9973 49.1987 171.293 124.218 59.7642 58.1093 
59.5013 197.331 1.19907 70.5987 2.72802 437.71 24.9086 48.5238 123.53 0 250.131 52.2241 293.642 65.1405 109.303 16.1898 12.3411 1.41541 2.69587 0.255967 92.1044 38.6062 24.1543 4.26411 0.155464 5.72272 32.9966 55.7255 
27.3767 3.83629 168.185 185.914 216.88 14.5655 134.027 81.0819 442.728 345.432 0 517.547 249.984 191.102 76.8609 9.02107 82.2362 10.4755 127.594 0.279299 148.308 71.4656 132.449 36.3472 132.288 109.186 75.7613 0.103971 
121.607 132.118 179.213 16.055 164.354 0.172291 267.161 21.9158 36.4399 56.924 164.407 0 49.5551 166.569 245.959 29.0694 17.7616 63.1722 87.0646 0.615829 138.693 27.6341 73.317 169.498 350.395 309.028 32.7286 124.718 
1.47691 76.7003 46.1468 70.4807 17.3661 180.854 193.831 142.688 112.402 324.258 135.785 99.5995 0 108.055 0.434398 67.8753 8.85564 83.8472 2.06262 29.9303 6.9917 8.03943 0.228393 20.1139 13.2561 7.5687 0.444936 0.700361 
15.2298 39.9007 0.0332009 23.197 28.8121 5.13885 5.27784 72.6679 144.029 46.7378 207.979 160.515 0.7901 0 47.1514 16.2464 8.10693 9.71062 26.5968 1.47206 26.907 10.6233 7.00973 6.15132 15.2421 12.9722 4.23694 7.13446 
71.6831 0.283886 11.8789 3.12622 51.5754 41.2341 50.5617 151.846 93.9372 31.9384 146.558 30.2122 41.9389 1.29675 0 84.9248 0.00538615 45.1462 33.279 4.79661 16.949 16.2721 17.6408 1.83061 0.0365535 30.9016 10.0771 20.7155 
76.3214 6.41942 21.6213 42.5192 35.2888 11.4968 97.2827 194.949 18.622 7.05168 176.924 350.317 70.4042 9.64081 1.01547 0 1.09542 51.5145 22.6105 8.5803 9.50215 4.95971 2.63498 24.1326 2.10783 2.28685 6.20327 20.9314 
194.899 225.614 3.71954 109.133 153.749 115.718 14.3784 34.0075 182.065 65.5113 85.6754 21.7982 64.6247 2.8903 23.4933 4.20263 0 200.621 340.961 33.3115 23.9874 0.620789 14.3464 21.0112 112.092 22.8707 0.0159298 6.57889 
180.961 66.6086 55.8421 46.9194 191.092 5.30095 126.871 93.7942 12.0299 113.356 170.946 30.0269 55.8431 22.9175 18.1634 34.7636 286.665 0 24.4 81.8323 52.6068 0.721832 18.1085 10.2555 33.9372 58.8081 11.5463 49.8564 
99.9397 23.3322 2.45162 24.6449 290.3 90.2127 7.06036 104.648 9.61548 18.3051 121.556 4.72469 5.69471 12.3269 0.217538 1.38344 116.053 59.1045 0 31.4712 28.3872 22.6956 18.4047 4.76003 18.8638 30.0456 24.3037 2.77388 
206.4 135.706 0.129598 38.3779 20.1556 10.613 47.4869 115.279 17.2586 0.337801 3.94202 69.6835 31.3593 0.0623059 7.17565 0.404405 1.54908 60.2849 30.59 0 84.4541 0.531829 2.00045 5.00754 4.39517 11.0641 0.384367 7.87709 
1.36045 13.9719 9.21539 103.442 3.41339 19.535 84.8394 4.77996 37.5386 99.3485 144.128 27.5535 14.3355 1.22113 58.0375 53.8012 68.4228 38.8462 50.9554 286.582 0 1.6689 39.9002 3.24502 57.9723 13.441 7.05456 10.0999 
38.4119 18.8791 3.11211 16.5824 40.9185 9.97901 25.7535 67.3394 58.9519 0.0627456 11.7891 2.74078 3.28759 3.46716 0.291157 7.66171 21.2387 36.9198 24.0777 5.36257 3.32325 0 14.5007 7.82241 1.8311 7.99282 9.82029 5.66976 
2.05648 23.1953 5.90008 14.7932 54.2469 7.44785 72.1038 27.2507 14.4136 49.6534 110.693 119.243 24.9416 8.77568 19.8647 9.59075 19.0253 32.4118 14.1523 0.248402 0.409856 2.01233 0 3.28556 6.49971 1.23261 10.7921 6.68792 
12.2363 26.5745 13.4882 12.0092 56.1905 8.56557 16.7392 109.575 90.9773 42.6963 106.092 162.555 62.7492 9.82354 27.4086 28.587 1.39865 17.6365 22.3456 4.79213 46.3194 6.90182 18.3303 0 21.4592 9.45245 7.40341 13.5351 
177 122.893 27.546 122.363 0.820189 121.331 71.4682 78.5888 195.253 7.29368 144.415 706.884 48.3403 0.336683 10.7 39.2354 114.458 29.9262 26.9358 12.3071 31.6574 86.8108 9.69935 17.7912 0 73.7101 175.677 75.5875 
34.8519 83.3249 21.5572 1.34591 1.27667 24.5106 0.00139933 13.6586 124.287 27.7885 11.3636 13.6069 8.05665 8.5633 30.7797 0.0359926 2.99461 61.5772 16.9335 11.3386 9.29349 0.483552 0.362809 0.0714273 0.132851 0 35.5673 37.0388 
7.09282 19.8338 19.1989 0.116695 46.7386 16.0261 12.9609 15.2902 77.5251 5.29429 54.2175 111.985 22.5343 3.50348 14.05 0.0707997 2.15788 40.7016 4.14068 4.62864 27.1191 1.89802 8.96036 8.59226 15.0257 0.235155 0 61.386 
37.2198 62.6909 21.6987 17.7684 28.3788 14.4547 64.485 76.4827 40.835 56.6772 62.592 4.81003 44.5874 11.7783 22.7424 22.2334 5.73487 50.8469 4.94311 2.83608 50.4499 6.51565 4.7444 11.9274 15.5959 63.3055 73.8662 0 
