0 1017.04 188.58 509.969 0.00732768 560.679 261.914 130.422 449.653 150.59 46.8756 224.022 79.1021 29.7986 5.32205 31.3887 456.707 161.632 96.8462 254.549 1.62884 29.8357 17.4753 57.7954 506.381 34.7632 15.6303 34.3912 
938.108 0 235.417 513.889 158.961 655.369 516.727 81.3428 829.936 1.27515 225.612 73.299 130.291 14.5559 7.56434 17.9462 589.549 224.556 164.733 63.1541 27.0291 0.910961 18.7224 43.5312 523.99 6.925 50.5967 9.19506 
176.702 349.605 0 56.5398 72.5245 47.537 136.066 74.4846 200.298 105.269 85.9344 153.634 68.7982 14.2837 32.8745 6.02792 39.0423 8.97721 56.6454 3.91795 1.02731 11.0035 5.57178 0.0503528 25.3799 13.1784 8.70862 14.1918 
765.696 516.354 274.074 0 17.1428 461.819 201.662 936.06 726.853 7.88327 47.1461 213.214 9.97911 12.2278 33.9703 27.1751 486.802 8.09243 14.1705 0.386762 773.129 14.3672 12.9115 0.695484 448.791 17.391 23.085 12.1932 
0.523893 378.524 0.260623 18.9245 0 65.1184 57.1278 47.7127 8.11326 2.03018 27.2102 25.2985 152.546 11.3061 41.0802 36.9967 74.6655 12.8048 157.198 26.6161 111.339 5.9813 17.6191 29.293 43.0632 68.8836 2.76654 0.0329865 
526.211 646.019 51.7775 451.413 418.29 0 574.05 136.263 819.77 724.662 269.953 139.191 647.73 14.2461 40.8491 7.82205 448.618 54.6844 1.66175 6.9599 0.561576 20.0339 1.04954 0.707072 457.259 7.83156 0.9057 0.35008 
267.604 3.92799 15.1651 69.7054 0.602282 801.032 0 49.4355 178.119 453.121 473.661 263.541 134.746 39.1948 5.12423 103.583 91.9119 234.379 151.859 3.8139 118.414 52.0467 59.7491 3.16999 41.1578 96.9713 1.36867 10.7182 
262.682 251.979 123.714 514.01 190.312 0.254865 369.749 0 537.38 184.119 28.9084 99.8753 23.228 3.82214 0.0561776 203.096 57.0779 166.961 109.562 6.93149 58.4318 66.2909 102.138 78.0806 192.601 210.884 82.4697 75.9771 
668.207 497.078 253.548 448.963 296.047 816.962 997.056 546.178 0 384.048 401.963 315.698 176.369 142.056 97.0956 110.528 494.456 208.515 58.7367 99.6071 57.1537 0.0064527 44.2261 54.6089 508.94 116.74 62.3569 53.247 
69.7153 213.886 3.98663 63.2616 16.1962 334.596 86.4483 34.9381 78.0445 0 132.935 70.5168 255.952 70.1646 119.054 11.1897 15.2028 3.56241 5.65878 0.732648 89.7856 41.4783 27.4371 2.788 0.00340756 3.5343 34.5045 54.7975 
19.3564 0.364392 140.906 173.86 231.562 34.3752 74.202 115.534 198.547 219.313 0 501.107 242.424 203.963 151.362 22.736 79.619 6.54985 128.706 0.0112462 146.818 69.4904 133.584 28.5536 125.576 122.143 73.3115 0.797815 
104.563 147.109 170.424 4.59422 169.51 0.283697 277.226 182.871 66.5484 40.1196 99.2852 0 57.9257 165.211 219.263 116.6 20.2724 56.1819 89.6677 0.0815574 145.399 24.7509 64.4126 178.982 328.278 233.857 39.1658 110.253 
2.86835 67.9428 42.219 71.6083 10.625 184.2 204.692 145.24 126.895 302.187 113.325 108.04 0 126.915 2.78297 72.3081 10.4854 80.1005 3.46755 31.3334 8.52784 12.1961 1.59178 16.3717 15.2967 5.98993 0.238428 1.12802 
13.2679 36.4365 0.178649 23.1742 32.1555 6.32687 2.75276 81.2553 144.537 52.9715 212.94 164.913 6.89631 0 30.9527 17.9658 8.72169 8.24703 26.9103 1.6191 28.4162 10.7987 5.16061 5.04142 15.7341 13.029 3.84709 6.60521 
71.4267 1.23891 9.50802 1.90485 46.0507 41.7628 39.0478 164.024 69.8853 20.9077 229.731 10.8585 31.7154 1.03745 0 67.1944 0.0104241 47.8757 34.3144 4.36891 14.9059 15.7707 20.1665 0.650347 0.0403517 30.8462 10.8907 19.8714 
73.9993 9.08939 20.3982 41.5113 31.6738 13.1959 100.236 223.006 27.3659 11.2463 198.014 449.366 65.7322 12.3455 3.05982 0 1.43893 53.279 21.6264 8.82831 7.54703 5.51438 1.72711 27.2345 0.845276 4.55463 5.37352 20.037 
536.662 579.041 2.32367 453.111 153.908 458.923 10.8542 30.3257 523.006 68.625 87.7855 24.4839 64.685 2.47699 24.2731 4.80776 0 233.037 555.616 33.6515 21.8009 0.802774 14.7563 20.9889 457.051 22.2544 0.052557 7.12371 
197.426 146.152 41.4786 57.9087 175.07 2.34699 145.73 103.975 6.15112 120.2 170.023 24.536 51.3758 20.9892 15.6588 32.3075 285.439 0 17.2584 79.1435 47.0808 1.04398 19.4826 11.5551 31.8362 59.7398 12.5845 50.3245 
94.941 14.8248 1.18525 21.3931 269.732 90.3768 3.11189 101.195 5.54792 24.5998 124.359 3.17837 3.86373 13.3038 0.0452287 0.963046 91.906 69.357 0 32.4948 25.8569 23.1295 17.8297 4.20923 19.7922 30.2999 24.3491 2.34365 
181.461 129.33 0.000781788 34.7003 25.101 11.9307 41.7248 116.777 13.0952 0.053017 5.74187 65.1674 32.7113 0.0317229 6.74425 0.58521 2.157 55.6145 29.402 0 159.842 0.61984 2.12194 5.17896 3.9208 11.3185 0.501678 8.21593 
0.104416 20.9517 15.4038 106.158 5.74513 22.841 77.2535 9.91364 47.0858 99.1706 141.158 21.061 12.4005 0.768056 57.7444 55.7279 68.4436 44.1655 48.5225 325.675 0 1.35227 40.0295 2.44042 58.8556 11.2765 6.16188 11.5069 
37.8896 20.5202 2.77798 16.4461 39.0415 10.8643 23.3127 67.3408 57.0476 0.405579 9.58892 1.72461 6.20868 4.1155 0.107273 7.11857 21.215 37.6525 24.3855 5.47301 3.79341 0 13.7927 8.73021 1.96124 8.30086 10.1363 5.95563 
1.41648 21.0197 6.47284 14.0438 53.3369 8.22151 71.4575 32.5051 10.6263 52.0903 102.776 114.41 18.5496 7.37708 22.0473 10.5351 19.0912 33.6445 13.4671 0.193722 0.696052 3.03835 0 7.44373 8.33169 0.903302 11.2499 7.05718 
14.3236 29.1079 12.9398 13.4561 55.849 7.75344 19.7184 100.696 87.6151 39.7477 98.8196 173.885 59.9129 9.21226 26.1882 26.377 1.68147 16.1535 22.682 4.60344 45.642 7.82264 20.5534 0 27.1265 10.557 8.42865 13.8382 
522.225 471.879 27.9726 465.302 1.51842 468.316 75.4667 60.9437 547.881 9.77013 141.486 907.675 49.8721 0.114834 8.67285 68.975 459.385 32.0366 27.5541 12.6151 29.2581 41.9294 10.1015 13.2983 0 7.94274 78.3084 114.75 
30.5795 82.6917 20.0575 0.443643 2.23184 23.4608 0.332942 29.576 116.819 32.2971 5.3121 57.5333 6.43228 7.7656 30.2204 0.710845 2.50694 61.7659 15.9161 11.0872 7.44452 0.346217 0.189996 7.31567e-05 0.848064 0 36.8602 46.2108 
8.29046 18.1859 19.04 0.297902 47.3082 15.4758 11.2597 18.952 78.4057 6.37972 57.6404 115.291 21.4169 3.13312 14.7774 0.22329 1.87858 41.3599 4.58234 4.33475 25.8906 2.17549 9.51051 7.56398 14.5107 0.000342006 0 45.2505 
34.808 61.7296 21.9515 19.4113 30.3186 13.5521 62.2618 85.3663 36.0675 56.0318 56.6119 1.09242 44.8191 11.6218 23.0859 21.6825 6.25679 50.516 4.38768 2.52386 50.7951 6.23463 4.35155 11.3932 15.4408 60.4881 85.1558 0 
