0 760.16 128.771 265.331 15.3991 391.374 228.224 60.2324 268.59 136.922 75.2606 204.989 67.3372 24.276 10.7042 42.9417 266.347 203.872 82.8426 126.576 5.8468 27.2486 13.5009 57.4486 328.849 24.3666 19.5853 40.3211 
466.971 0 3.60078 264.702 394.788 403.178 362.955 30.3056 552.103 6.61889 256.978 111.02 113.762 8.27854 16.8548 9.52672 388.485 752.316 172.379 94.892 51.0252 0.139103 13.7259 49.0146 341.894 2.212 48.078 5.3089 
111.465 461.449 0 112.948 27.5422 29.0918 49.9178 165.005 435.569 88.3034 27.7041 179.72 72.3916 15.7338 34.0564 9.93653 45.5802 34.3292 50.3699 1.11739 1.70675 10.2947 6.99313 0.483564 22.5853 8.93861 10.428 11.7602 
593.416 265.074 58.5968 0 1.97643 267.658 177.793 508.261 593.968 20.3489 90.975 144.212 16.7277 9.25717 37.5138 34.8701 308.633 0.261894 7.84716 0.840925 810.672 15.1785 10.84 2.28922 263.713 25.6253 24.8768 16.2594 
10.8991 525.644 10.6245 47.1316 0 60.7101 0.0178749 82.313 5.33048 51.8459 66.7905 44.9086 170.323 5.87645 27.9186 45.9638 101.299 42.5723 60.3347 40.3544 98.5225 9.45076 12.8167 24.0533 36.4487 70.5308 4.58693 0.208768 
366.877 499.15 63.8206 263.679 726.166 0 600.813 182.788 736.093 849.923 224.49 115.944 159.618 10.9307 41.7498 4.32501 266.715 34.061 10.3883 10.0832 3.19176 19.1486 2.17829 0.135476 276.262 11.4296 1.70797 1.13364 
255.692 140.066 83.3217 24.3421 70.5458 72.4861 0 0.585839 453.955 495.177 465.953 220.318 87.7573 55.0608 22.3819 99.3193 100.839 226.349 136.829 0.241293 131.191 56.3238 52.305 0.620785 53.5489 99.474 0.244413 16.9504 
196.826 286.518 212.721 342.853 212.291 17.2513 410.271 0 248.592 211.247 99.7485 156.666 38.5926 14.703 11.3004 254.415 66.5704 150.374 114.527 17.7045 30.0399 67.2548 100.04 102.503 188.229 234.11 72.3272 97.4789 
434.737 420.795 27.7618 320.03 347.879 736.568 1005.92 259.668 0 362.768 1.09832 386.719 146.801 153.415 119.064 81.3227 322.705 218.709 37.0095 105.069 33.0532 0.691921 30.42 67.6939 305.056 94.3865 68.1931 41.1178 
95.3698 239.254 17.3154 44.494 90.9115 27.1593 325.177 9.9007 6.59358 0 0.762814 121.477 135.378 79.6708 132.849 2.50211 23.2446 12.883 17.2769 2.94543 82.8348 48.0943 35.6615 0.448667 1.39263 0.337507 38.0146 51.6624 
5.10811 7.63166 71.5868 134.345 255.916 109.315 0.305225 211.227 108.071 9.06821 0 379.385 208.775 211.867 344.986 77.456 72.3596 0.719842 128.564 0.889504 140.192 63.7443 130.098 12.4975 104.558 148.791 66.3554 5.27529 
63.9307 180.836 138.201 6.55902 177.92 8.20243 283.669 859.763 167.05 9.86913 4.37092 0 79.6669 150.19 131.277 415.51 26.9797 39.6953 95.0282 0.91324 158.714 17.9911 42.5803 187.019 243.373 50.9048 56.2211 72.3855 
8.20703 46.8166 32.2717 72.9679 0.888553 98.8139 218.778 148.259 160.167 199.772 60.8209 127.294 0 154.822 16.7756 80.5698 14.9907 70.019 8.41736 34.5893 12.9033 25.3671 9.99448 8.3789 20.7214 2.80103 0.00180983 2.61171 
8.82234 27.8651 1.02464 22.5837 40.5188 9.54492 0.0022437 100.739 138.129 67.0997 200.052 163.828 44.2131 0 0.635928 19.2069 10.2786 5.05414 27.3974 1.9978 32.031 10.8707 0.97449 2.42168 16.4883 12.7201 2.92279 5.27732 
69.3476 6.422 4.45329 0.156002 32.5641 40.8017 15.3325 182.822 21.7901 2.89811 390.28 5.55041 11.1477 32.7043 0 8.85443 0.288885 54.2068 36.4382 3.34734 10.2344 14.2234 24.4719 0.333672 1.36203 28.9373 12.8738 17.3922 
66.3388 17.3778 16.7715 36.8109 22.9959 17.3936 103.726 259.321 54.0079 24.9461 227.442 440.289 52.309 17.7255 56.1197 0 2.47906 57.0232 19.0504 9.31631 3.57375 6.90026 0.249637 28.7291 0.198335 12.5479 3.48642 17.2134 
340.936 409.011 0.251745 265.503 147.727 269.297 4.10008 21.75 326.277 75.34 92.0162 31.5364 64.1361 1.57417 26.0417 6.44132 0 283.108 544.959 34.0447 16.6327 1.3509 15.7167 20.8126 270.933 20.5967 0.235016 8.5294 
227.063 294.747 13.2256 86.229 129.601 0.166048 188.299 128.283 0.00026805 134.294 163.651 12.9606 40.3907 16.3521 10.0505 26.1961 241.74 0 4.51517 70.6038 33.9712 2.09164 22.9374 15 26.5933 61.314 15.2749 51.0847 
80.562 1.75161 0.0123591 13.8862 184.402 85.3046 0.235855 91.101 0.220973 42.8936 128.579 0.640628 0.815741 15.731 0.175308 0.242094 18.767 94.899 0 34.583 19.8304 24.0579 16.3058 2.96093 22.0197 30.6434 24.3442 1.41993 
98.0486 105.68 0.97447 24.3704 38.676 15.1842 27.9455 116.658 5.02567 0.412986 11.5201 53.2941 35.8102 1.43047e-07 5.65665 1.16482 4.05993 43.4877 26.1223 0 317.517 0.863979 2.42204 5.56381 2.81972 11.7963 0.856421 9.01134 
15.873 43.1616 36.0632 84.2965 13.9516 31.6189 58.3275 29.9014 73.4853 97.2227 131.114 8.37018 8.10686 0.0924498 56.2514 59.6208 67.817 57.9254 42.2304 269.622 0 0.705124 40.0206 0.920991 60.2649 6.58481 4.17046 15.2666 
36.3491 24.6829 2.01006 15.986 34.1602 13.031 17.5014 66.6366 51.8351 2.5231 5.00881 0.206668 16.9151 5.79503 0.040831 5.73562 21.0521 39.2652 24.9838 5.72416 5.07612 0 11.2169 10.8314 2.84205 9.00821 10.863 6.65562 
0.333895 15.8383 7.87988 12.0486 50.4362 10.1299 68.3649 46.4442 3.55013 56.9612 80.1003 98.2866 6.16263 2.78207 25.1178 12.1337 19.1514 36.5146 11.739 0.086299 1.72379 6.15976 0 18.3645 13.1712 0.294696 12.2308 7.91834 
19.9428 35.4223 11.3829 17.0091 54.3338 5.79331 27.7004 76.053 77.4549 32.0388 78.2004 187.229 51.3785 6.9754 21.0042 16.2532 2.48481 12.6239 23.3548 4.10808 43.4913 10.0221 16.8972 0 39.5221 13.0869 11.0121 14.3367 
335.19 296.215 28.2792 274.498 4.13888 286.886 83.7971 23.933 378.088 17.1472 128.305 766.338 52.9948 0.0699267 4.30753 40.4115 273.155 37.2127 28.884 13.2391 23.3551 81.8142 11.5765 29.2538 0 66.7562 46.9814 129.458 
20.5395 79.2463 15.9464 0.327415 5.68773 20.3827 4.3672 88.0655 94.4837 43.7336 0.160461 243.349 3.11625 5.72407 27.1602 5.76732 1.46845 61.4515 13.3855 10.3215 3.65594 0.102369 0.000321361 0.477831 5.22963 0 37.967 61.7675 
11.5773 14.2621 18.4403 1.10074 48.4 14.0128 7.4548 29.2493 79.5979 9.43111 65.6633 120.205 18.622 2.27297 16.4345 0.960523 1.26203 42.77 5.75159 3.62101 22.7934 2.92736 10.7772 5.13794 14.1425 1.59306 0 9.96173 
28.7263 58.5961 22.2 23.3357 35.0845 11.2627 55.9257 105.754 24.8867 53.555 41.8231 3.3267 44.9486 11.0412 23.3718 19.5797 7.61491 49.2937 3.12723 1.8081 51.1545 5.5255 3.39905 9.91836 14.7275 43.1811 91.0063 0 
