0 854.684 119.791 393.544 19.5289 516.356 222.146 52.6888 394.484 134.706 79.0679 201.629 65.7887 23.5809 11.4961 44.4064 389.596 208.221 80.9033 111.107 8.29282 26.9104 13.0189 57.3115 453.374 23.117 20.0989 41.0477 
554.401 0 0.000169263 387.453 420.899 517.023 334.307 25.3677 660.793 9.20911 259.541 115.89 111.399 7.59195 18.2421 8.62386 509.68 503.602 172.411 98.6881 54.4114 0.0895166 13.1303 49.6587 465.804 1.79682 47.7214 4.88576 
102.341 445.045 0 150.243 23.0479 26.7315 40.9892 176.455 452.052 85.6904 22.2501 181.833 72.6624 15.8743 34.0386 10.4607 46.3199 38.4452 49.4324 0.878462 2.55314 10.1978 7.17178 0.569074 22.1808 8.4282 10.6449 11.4479 
706.624 387.507 22.2151 0 1.10777 390.577 172.981 754.548 718.073 22.2538 96.8808 134.619 17.6713 8.88858 37.8408 35.7123 433.124 0.0456027 7.15857 1.23197 343.812 15.2709 10.5721 2.55092 387.55 26.6576 25.075 16.7801 
14.4481 530.401 13.8705 51.2967 0 76.2486 1.27236 87.0216 8.74124 62.2232 72.6777 47.6675 171.896 5.30277 26.349 47.0732 104.52 47.3413 50.2234 42.1655 96.7502 9.93539 12.2466 23.3975 35.5995 70.6214 4.84652 0.288904 
493.452 624.185 64.7107 387.495 326.987 0 883.364 187.528 852.598 445.291 215.663 112.569 565.6 10.5053 41.6323 3.94044 390.928 31.6454 11.9664 10.4937 3.67171 19.0065 2.34601 0.094757 400.468 11.9034 1.82582 1.2631 
252 167.614 94.4068 19.9853 86.4874 96.3114 0 0.00207861 617.348 482.857 455.541 213.588 81.925 57.0515 25.2952 98.3905 101.773 224.011 134.349 0.0929808 132.53 56.7987 51.2841 0.437316 55.0947 99.4606 0.166941 17.812 
187.371 288.958 222.369 336.977 214.266 21.1666 409.712 0 211.776 213.687 110.846 229.265 40.7242 16.5243 14.0419 257.155 67.7328 147.915 114.948 19.3642 26.9881 67.3052 99.4937 105.332 186.176 234.213 70.9408 100.011 
551.588 560.535 13.8208 455.989 351.036 853.539 855.789 222.468 0 354.273 71.8956 391.924 142.583 153.906 136.136 77.4718 448.075 219.125 34.4906 105.48 30.3585 0.858311 28.7689 69.2772 426.476 91.2818 68.8615 39.6059 
98.5394 240.634 19.5679 42.1524 103.439 16.46 355.514 7.76398 3.02768 0 6.23483 128.142 119.895 80.5194 133.388 1.83173 24.3405 14.4389 19.1322 3.3255 81.8462 48.8631 36.6855 0.294018 1.74464 0.17237 38.4305 51.1871 
3.93798 10.13 63.5421 128.676 257.611 120.303 0.246557 223.408 123.504 1.93398 0 357.952 203.239 210.292 362.852 85.7755 71.3746 0.397424 128.25 1.15604 139.071 62.9413 129.03 10.8754 101.556 151.42 65.3985 6.10982 
59.1742 184.595 133.311 9.91374 178.511 9.94323 282.539 923.077 181.234 7.42302 1.11068 0 82.4512 147.214 119.438 443.119 27.868 37.7339 95.5853 1.23629 160.019 17.1875 39.9478 186.369 244.823 35.1184 58.4328 67.6603 
9.06311 44.2766 31.022 72.9901 0.417424 92.785 219.143 148.295 163.94 184.058 54.8932 129.499 0 155.892 19.2706 81.2962 15.6016 68.6822 9.18181 34.9736 13.5088 27.2587 11.5176 7.52836 21.4346 2.47808 0.000193283 2.84051 
8.31096 26.8034 1.17832 22.4562 41.5641 9.96773 0.0247846 102.927 136.572 68.674 195.991 162.47 50.5535 0 0.0140724 19.0277 10.4772 4.69959 27.4287 2.04666 32.4703 10.8424 0.640615 2.13188 16.5335 12.6362 2.81154 5.11055 
68.9424 7.34723 3.92544 0.0724817 30.9246 40.4532 12.9978 183.877 17.4449 1.76185 399.484 9.39087 9.20281 37.9991 0 4.5716 0.350872 54.9511 36.6578 3.22366 9.69164 14.0007 24.7617 0.56515 1.65714 28.5266 13.1176 17.0463 
65.2012 18.5718 16.2683 36.0204 21.9486 17.907 103.76 259.842 57.7226 26.9397 228.409 412.136 50.4871 18.1692 63.8586 0 2.62865 57.426 18.7145 9.36416 3.16903 7.07351 0.154925 28.2347 0.375861 13.706 3.26948 16.806 
463.136 534.032 0.137907 388.974 146.302 392.51 3.46575 20.7362 448.449 76.072 92.4426 32.4588 63.9962 1.47335 26.2464 6.65966 0 285.506 372.767 34.0479 16.0118 1.42966 15.8316 20.7781 394.49 20.3756 0.267287 8.71154 
229.453 298.868 10.6529 89.7554 123.55 0.426503 192.986 131.186 0.11111 135.735 162.446 11.731 39.0316 15.7874 9.41322 25.4315 232.709 0 3.46931 69.3594 32.4019 2.24852 23.3751 15.4541 25.9341 61.4355 15.6246 51.1391 
78.5881 0.996757 0.0693204 13.0154 171.555 84.1358 0.593652 89.6904 0.0528857 45.402 128.823 0.456214 0.589329 16.0351 0.248363 0.184742 11.9798 98.025 0 34.7972 19.1022 24.1594 16.1048 2.81638 22.2912 30.6571 24.3316 1.31856 
87.2066 102.069 1.22484 23.0171 40.4777 15.5847 26.3049 116.252 4.26029 0.566452 12.3724 51.7546 36.1719 0.000522552 5.51892 1.25044 4.33774 41.9361 25.6797 0 326.054 0.897299 2.45956 5.60788 2.68982 11.8402 0.907457 9.10642 
19.6714 46.3786 39.0867 66.5768 15.2169 32.7675 55.9749 33.0832 77.0068 96.8263 129.595 7.15132 7.62069 0.0535656 55.9869 60.0146 67.6695 59.6941 41.4174 249.084 0 0.637817 39.9859 0.779441 60.3612 6.0695 3.94325 15.7648 
36.1308 25.2137 1.92003 15.9159 33.5269 13.298 16.8009 66.4764 51.1335 2.91494 4.52688 0.119417 18.5689 6.0084 0.072347 5.56011 21.021 39.4469 25.0421 5.75341 5.24923 0 10.8269 11.0732 3.00989 9.09105 10.9483 6.74259 
0.249976 15.2134 8.05346 11.7863 50.0084 10.3659 67.8296 48.2557 2.91386 57.443 77.0388 95.9004 5.03006 2.2505 25.227 12.2459 19.1484 36.8553 11.5194 0.0756969 1.88503 6.58959 0 19.2673 13.7809 0.240616 12.3372 8.02028 
20.6878 36.2129 11.1696 17.4445 54.0764 5.55503 28.7521 72.7991 76.0134 31.0444 75.4237 187.275 50.1764 6.6422 20.1801 14.7405 2.5961 12.1968 23.4227 4.04327 43.1743 10.2827 15.6371 0 40.7094 13.3744 11.3355 14.3728 
458.474 421.121 28.2403 397.519 4.55649 410.992 84.6645 20.2564 503.376 18.1853 126.097 957.748 53.315 0.116008 3.84355 33.8716 396.694 37.8541 29.0299 13.3028 22.6227 89.8637 11.8004 31.4786 0 41.6424 73.7194 92.0304 
19.3559 78.6283 15.4025 0.530335 6.22883 19.9542 5.19064 96.6539 91.3805 45.1654 0.553364 267.877 2.77603 5.46733 26.6213 6.69386 1.35561 61.3325 13.0679 10.2115 3.26549 0.0816839 0.00123121 0.603093 6.02132 0 37.885 62.6568 
12.0213 13.787 18.3444 1.23695 48.5043 13.8195 7.02101 30.6511 79.6457 9.84958 66.6158 120.475 18.269 2.17137 16.6261 1.08869 1.19223 42.9244 5.90608 3.53295 22.3996 3.02815 10.925 4.85076 14.2131 2.00725 0 7.00283 
27.9574 58.1285 22.1923 23.8068 35.6765 10.9718 55.0531 108.077 23.5657 53.1572 39.9998 4.7673 44.9194 10.9493 23.3494 19.2472 7.79206 49.0995 2.98091 1.72439 51.1489 5.43523 3.28235 9.71982 14.5802 40.2884 89.261 0 
