0 870.476 117.321 419.582 20.7338 541.006 220.428 50.6995 419.477 134.085 80.1115 200.679 65.3645 23.3916 11.7161 44.805 413.812 209.36 80.369 107.586 9.03105 26.8178 12.8884 57.2706 477.924 22.7797 20.2394 41.2448 
569.196 0 0.286112 411.829 427.671 538.648 326.313 24.0901 680.948 9.98684 260.181 117.216 110.746 7.40919 18.6277 8.38458 533.312 790.703 172.383 99.708 55.3456 0.077882 12.9695 49.8323 490.185 1.69092 47.6227 4.77313 
99.8547 439.428 0 160.535 21.8814 26.0931 38.6765 179.533 455.766 84.9633 20.8561 182.358 72.7289 15.9109 34.0271 10.6043 46.5178 39.5963 49.1718 0.818129 2.81281 10.1711 7.22038 0.593553 22.0687 8.29037 10.704 11.3626 
727.668 411.796 18.7187 0 0.913915 414.71 171.609 126.921 742.258 22.7843 98.4954 131.996 17.9317 8.78852 37.925 35.9356 457.666 0.0174749 6.97556 1.35116 681.125 15.2957 10.499 2.62449 411.922 26.9376 25.1279 16.9221 
15.4978 531.078 14.8244 52.4496 0 82.1587 1.95669 88.3145 9.81312 65.182 74.31 48.4293 172.297 5.15098 25.9258 47.3742 105.39 48.6745 47.5936 42.6609 96.2619 10.069 12.0927 23.2191 35.3674 70.6415 4.91847 0.313017 
518.548 648.733 64.9257 411.875 698.79 0 878.506 188.764 874.169 679.411 213.163 111.636 584.97 10.3893 41.5912 3.83811 415.402 30.9961 12.4132 10.606 3.80818 18.9666 2.39265 0.0849058 424.936 12.033 1.85857 1.29955 
250.914 175.364 97.4792 18.8633 91.0491 109.001 0 0.0711375 662.763 478.851 452.366 211.714 80.3479 57.5918 26.114 98.1226 102.02 223.323 133.652 0.0645542 132.884 56.9255 51.003 0.39281 55.5144 99.444 0.148364 18.0495 
184.766 289.543 224.897 333.578 214.771 22.2959 409.332 0 202.002 214.31 113.933 250.798 41.3118 17.0369 14.8369 257.738 68.0474 147.231 115.055 19.8275 26.1797 67.3162 99.334 106.09 185.56 234.126 70.559 100.692 
574.033 589.279 10.8294 483.817 351.754 875.235 812.139 212.563 0 351.753 217.127 393.178 141.418 154.002 143.783 76.4204 472.859 219.203 33.8144 105.582 29.6401 0.906788 28.3235 69.7054 450.191 90.4271 69.0408 39.1954 
99.3978 240.935 20.2011 41.5178 106.936 15.5756 363.523 7.22486 2.29114 0 8.63226 129.959 115.739 80.7361 133.486 1.66657 24.6421 14.877 19.6517 3.43281 81.5725 49.0697 36.9636 0.257451 1.84736 0.136857 38.5426 51.0545 
3.64471 10.8704 61.3996 127.114 258.016 123.322 0.612293 226.706 127.069 0.897472 0 351.96 201.687 209.764 367.274 88.0751 71.1035 0.325996 128.153 1.23472 138.754 62.7195 128.716 10.4507 100.727 152.104 65.1349 6.34748 
57.8979 185.596 131.953 10.9437 178.653 10.4452 282.156 938.097 185.125 6.81439 0.594169 0 83.2098 146.365 116.228 449.763 28.1116 37.2048 95.7324 1.33275 160.36 16.9706 39.238 186.127 242.965 31.2701 59.0364 66.3823 
9.3034 43.5908 30.6823 72.9903 0.319388 91.6894 219.186 148.291 164.947 179.737 53.3148 130.09 0 156.079 19.9752 81.481 15.7696 68.3156 9.3953 35.0773 13.676 27.7812 11.9491 7.30323 21.6299 2.39326 0.000856302 2.90453 
8.17362 26.5152 1.22197 22.4194 41.8483 10.0834 0.0454948 103.511 136.119 69.0931 194.798 162.053 52.3225 0 0.0044685 18.9659 10.5314 4.60498 27.4361 2.05999 32.5893 10.8333 0.560806 2.05516 16.5439 12.6117 2.78144 5.06516 
68.8265 7.60948 3.78656 0.0551751 30.4814 40.3497 12.3913 184.111 16.3402 1.50008 401.432 10.6065 8.70214 39.4133 0 3.63372 0.368819 55.1516 36.7157 3.19021 9.54559 13.939 24.8296 0.638583 1.74239 28.4085 13.1837 16.951 
64.8851 18.9023 16.1299 35.7981 21.6652 18.0459 103.753 259.816 58.7444 27.4914 228.559 403.649 49.9875 18.2786 65.8689 0 2.67012 57.533 18.6226 9.37665 3.06253 7.12056 0.132946 28.0745 0.434208 14.0246 3.21128 16.6933 
487.051 558.698 0.112747 413.245 145.89 416.71 3.30166 20.4628 472.361 76.2667 92.5544 32.7113 63.9554 1.44639 26.3015 6.71962 0 285.992 264.364 34.0469 15.8439 1.4515 15.8627 20.7683 418.78 20.3149 0.276454 8.76138 
230.047 300.629 9.99626 90.7103 121.897 0.518413 194.231 131.969 0.176233 136.114 162.102 11.4056 38.6625 15.6343 9.24242 25.2236 230.136 0 3.20738 69.0145 31.978 2.29224 23.4945 15.5785 25.7547 61.4656 15.7203 51.1524 
78.0453 0.827285 0.0928833 12.7815 168.019 83.7979 0.719343 89.3009 0.0270646 46.0914 128.878 0.411288 0.533931 16.1178 0.270452 0.170413 10.3654 98.8703 0 34.8536 18.905 24.1865 16.0497 2.77749 22.3648 30.6597 24.3277 1.29154 
84.2954 101.066 1.29785 22.6485 40.9708 15.6933 25.8625 116.126 4.06201 0.612449 12.6094 51.3341 36.2692 0.000841976 5.48143 1.27422 4.41486 41.5134 25.5581 0 327.769 0.906477 2.46978 5.61971 2.65482 11.8516 0.921601 9.1321 
20.7715 47.2685 39.9226 61.7932 15.5702 33.0818 55.3364 33.9735 77.9719 96.7125 129.171 6.83459 7.49036 0.0447887 55.912 60.1179 67.6267 60.1769 41.1951 243.14 0 0.620032 39.9751 0.74286 60.3842 5.93232 3.88227 15.9015 
36.0704 25.3585 1.89576 15.8963 33.3537 13.3705 16.6114 66.4299 50.9407 3.02649 4.39944 0.0997421 19.03 6.06647 0.0824913 5.51235 21.0121 39.4955 25.0573 5.76129 5.29687 0 10.7187 11.138 3.05783 9.11335 10.9713 6.76622 
0.229186 15.0444 8.10056 11.7145 49.8894 10.43 67.6781 48.7507 2.75091 57.5689 76.2002 95.2388 4.73992 2.11225 25.2453 12.2726 19.1472 36.9473 11.4596 0.0729228 1.93018 6.70749 0 19.4817 13.9462 0.226801 12.3655 8.04775 
20.8921 36.4279 11.1109 17.5624 54.0037 5.49053 29.0401 71.9098 75.6153 30.7731 74.6624 187.222 49.8449 6.55006 19.9505 14.3271 2.62683 12.0813 23.4406 4.02553 43.0862 10.3528 15.2732 0 41.013 13.4513 11.4233 14.3816 
482.685 445.78 28.2267 421.666 4.67354 435.431 84.8932 19.3007 528.125 18.472 125.476 377.347 53.3993 0.130562 3.72092 32.4786 420.98 38.0285 29.0688 13.3196 22.424 90.7593 11.8627 32.0088 0 34.7362 88.8706 79.6614 
19.0373 78.453 15.2536 0.594017 6.3802 19.836 5.42689 99.0178 90.5266 45.5545 0.701292 274.39 2.68646 5.39754 26.4691 6.95557 1.32558 61.297 12.9815 10.181 3.16257 0.0764471 0.00245406 0.63967 6.24544 0 37.854 62.8506 
12.1433 13.6583 18.3175 1.27543 48.5315 13.7666 6.9046 31.0367 79.6547 9.96481 66.8728 120.535 18.1728 2.14394 16.6777 1.12496 1.17353 42.9656 5.94847 3.50903 22.2922 3.05585 10.9647 4.77345 14.238 2.12797 0 6.2787 
27.748 57.9983 22.1887 23.9341 35.8375 10.8926 54.8127 108.699 23.2096 53.0455 39.506 5.20359 44.9097 10.9236 23.341 19.1541 7.84056 49.045 2.94154 1.70186 51.1454 5.41063 3.25072 9.66531 14.5373 39.4849 88.6929 0 
