0 884.126 112.363 454.986 23.2421 572.996 216.919 46.8174 452.27 132.82 82.2048 198.736 64.5145 23.0139 12.161 45.6011 444.983 211.578 79.2943 101.503 10.5987 26.6321 12.6286 57.184 509.744 22.1094 20.5209 41.6373 
582.068 0 2.48663 443.699 440.718 564.612 310.147 21.6257 703.894 11.6324 261.384 119.868 109.429 7.04976 19.4081 7.91484 563.281 177.629 172.279 101.726 57.227 0.057025 12.6499 50.1765 521.667 1.48855 47.4236 4.55151 
94.892 426.813 0 180.922 19.6289 24.825 34.2179 185.623 462.148 83.4912 18.1907 183.342 72.8524 15.9816 33.9958 10.8923 46.9083 41.9318 48.6445 0.703686 3.36891 10.1174 7.31742 0.643993 21.8425 8.01678 10.822 11.1921 
751.966 443.493 22.5713 0 0.581924 445.726 168.791 762.249 773.028 23.8589 101.727 126.748 18.4564 8.58906 38.0867 36.3739 489.474 0.000934838 6.61593 1.60566 583.402 15.3448 10.3525 2.77442 443.403 27.4953 25.2321 17.2058 
17.7005 531.632 16.8204 54.7746 0 96.0891 3.76248 90.9099 12.1378 71.2491 77.6068 49.9638 173.061 4.8535 25.0856 47.9743 107.116 51.3823 42.5086 43.6533 95.2791 10.3387 11.787 22.8628 34.9035 70.6756 5.06368 0.364086 
551.441 680.367 65.3192 443.386 211.333 0 314.358 191.162 899.038 766.637 208.048 109.753 152.521 10.1578 41.4976 3.6369 447.084 29.7127 13.3273 10.831 4.0881 18.8855 2.48706 0.0668228 456.599 12.2929 1.92488 1.3739 
248.641 191.115 103.674 16.7077 100.426 141.886 0 0.502682 753.257 470.036 445.596 207.916 77.2129 58.6692 27.782 97.5688 102.502 221.888 132.234 0.0232219 133.576 57.1755 50.4377 0.310967 56.3514 99.3941 0.114492 18.5275 
179.535 290.607 229.813 323.838 215.738 24.6323 408.279 0 182.847 215.502 120.174 295.763 42.4946 18.0817 16.4865 258.692 68.6749 145.849 115.258 20.7667 24.5947 67.3344 99.0011 107.587 184.258 233.806 69.7919 102.041 
601.63 629.528 5.92151 522.38 353.001 900.349 722.729 193.115 0 346.463 729.837 395.469 139.071 154.148 161.923 74.3183 505.154 219.316 32.4771 105.769 28.2232 1.00768 27.4392 70.5562 480.355 88.7099 69.3956 38.3764 
101.107 241.44 21.4913 40.2533 114.013 16.5391 379.148 6.20248 1.12461 0 14.573 133.586 107.532 81.1493 133.617 1.35944 25.2485 15.7702 20.7071 3.65241 81.0204 49.479 37.518 0.191597 2.06132 0.0780896 38.7655 50.7857 
3.09161 12.4252 57.1916 123.97 258.752 129.379 1.83312 233.259 133.927 0.00354931 0 339.8 198.534 208.582 375.505 92.7071 70.5587 0.204271 127.945 1.39974 138.108 62.2727 128.057 9.6252 99.0557 153.427 64.6044 6.83533 
55.3722 187.567 129.212 13.1488 178.914 11.4834 281.293 965.002 192.92 5.67377 0.0416275 0 84.7259 144.62 109.845 461.814 28.6004 36.1544 96.0201 1.53641 161.02 16.5396 37.8283 185.559 236.042 24.1968 60.2443 63.8399 
9.79226 42.2293 30.0046 72.9831 0.162616 90.1984 219.199 148.266 166.934 171.068 50.2093 131.258 0 156.318 21.4146 81.8334 16.1074 67.5801 9.82891 35.2831 14.0125 28.8345 12.8321 6.86225 22.0215 2.2279 0.00360443 3.03438 
7.90182 25.941 1.31142 22.3432 42.4153 10.3149 0.105578 104.661 135.179 69.9174 192.303 161.161 55.9033 0 0.191486 18.8259 10.6398 4.41826 27.4492 2.08673 32.8262 10.8131 0.41628 1.90506 16.5619 12.5604 2.72161 4.9746 
68.588 8.14646 3.51523 0.0276281 29.6001 40.1318 11.2174 184.507 14.2375 1.03909 404.587 13.2495 7.73946 42.1825 0 2.0711 0.406013 55.5493 36.8289 3.12356 9.25634 13.8145 24.9512 0.798616 1.91885 28.1645 13.3154 16.7588 
64.2457 19.5697 15.8513 35.3453 21.1023 18.3222 103.719 259.549 60.7973 28.6038 228.711 385.758 48.9842 18.4822 69.7247 0 2.75392 57.743 18.4384 9.40089 2.85492 7.21452 0.0940023 27.7218 0.563754 14.6644 3.09617 16.4658 
517.605 590.728 0.0700055 444.521 145.035 447.846 2.98515 19.9202 502.912 76.6498 92.7726 33.2175 63.8702 1.39317 26.4106 6.84007 0 286.745 225.816 34.0427 15.5099 1.49563 15.9245 20.7479 450.089 20.1929 0.295235 8.86124 
231.16 305.295 8.74179 92.6102 118.587 0.7289 196.673 133.522 0.351303 136.853 161.396 10.767 37.927 15.3295 8.90498 24.8085 224.863 0 2.71374 68.3173 31.1358 2.38085 23.7331 15.8283 25.3962 61.5219 15.9121 51.1767 
76.9531 0.535498 0.150287 12.3184 160.92 83.098 1.00651 88.5167 0.00112326 47.4765 128.974 0.328439 0.43124 16.2829 0.317487 0.143531 7.47054 100.551 0 34.9638 18.5128 24.2397 15.9391 2.70041 22.5114 30.6634 24.3193 1.23828 
78.551 99.0382 1.44991 21.9121 41.9593 15.9094 24.9852 115.855 3.67923 0.709816 13.0889 50.4921 36.4623 0.00170856 5.4064 1.32237 4.57082 40.6684 25.3137 0 330.389 0.924952 2.49016 5.64312 2.58529 11.8734 0.95021 9.18319 
23.0536 49.0655 41.6095 52.5805 16.2877 33.7113 54.0636 35.7824 79.9065 96.4775 128.313 6.22228 7.23287 0.0295882 55.7582 60.3195 67.5376 61.1426 40.7501 230.879 0 0.585235 39.9519 0.672296 60.426 5.66193 3.76159 16.1757 
35.9484 25.6482 1.84762 15.8565 33.0068 13.5148 16.2345 66.3336 50.5532 3.25551 4.1497 0.0656879 19.9641 6.18235 0.104765 5.41683 20.9938 39.5917 25.0868 5.77691 5.39263 0 10.5 11.266 3.15648 9.15759 11.017 6.8134 
0.190299 14.708 8.19442 11.5705 49.6489 10.5576 67.3685 49.7409 2.43876 57.8134 74.5175 93.901 4.18404 1.84545 25.267 12.3212 19.1442 37.13 11.3398 0.0675291 2.02203 6.94386 0 19.8673 14.2751 0.200359 12.4211 8.10236 
21.3018 36.8571 10.9929 17.797 53.8551 5.36219 29.6173 70.1302 74.8118 30.2302 73.1362 187.031 49.1768 6.3646 19.4857 13.5014 2.68872 11.8511 23.4754 3.98996 42.9078 10.4918 14.5229 0 41.5934 13.603 11.5986 14.3977 
513.826 477.826 28.1956 452.693 4.9119 467.033 85.3404 17.4508 560.331 19.0495 124.21 708.29 53.564 0.162238 3.48092 30.2967 452.279 38.3761 29.1455 13.3523 22.0276 90.7596 11.9886 32.9546 0 21.9239 123.578 55.6247 
18.4055 78.0936 14.9554 0.732087 6.68794 19.5981 5.91419 103.767 88.8101 46.3296 1.04938 287.134 2.51156 5.25845 26.1581 7.48963 1.26647 61.222 12.8088 10.1194 2.96153 0.0664908 0.00615514 0.715971 6.70398 0 37.7809 63.1746 
12.3888 13.4023 18.2627 1.35408 48.584 13.6603 6.67447 31.8117 79.6675 10.1969 67.3831 120.636 17.9805 2.08955 16.7797 1.19913 1.13652 43.0468 6.03353 3.46133 22.0774 3.11151 11.0435 4.61997 14.2952 2.37947 0 4.94178 
27.3295 57.7345 22.1795 24.1869 36.1585 10.7341 54.3288 109.925 22.5032 52.8182 38.522 6.13206 44.888 10.8712 23.3213 18.9651 7.9378 48.9342 2.86349 1.65712 51.1358 5.36135 3.18767 9.55577 14.448 37.8628 87.441 0 
