0 790.09 99.0963 426.429 30.5522 531.308 207.109 37.1008 413.501 129.313 87.8191 193.289 62.2362 22.0105 13.3793 47.712 401.446 217.08 76.3893 91.4497 15.3565 26.1341 11.9443 56.9233 467.816 20.3531 21.2746 42.6736 
493.883 0 18.7631 404.485 471.936 507.114 266.306 15.6609 637.868 16.595 264.082 126.912 105.847 6.13046 21.5468 6.72243 516.336 129.778 171.692 106.956 62.3222 0.0172655 11.8119 51.0756 478.826 1.01103 46.8811 3.98464 
81.8024 384.988 0 231.022 14.1624 21.5124 23.4899 201.321 472.118 79.46 11.9175 185.527 73.1195 16.155 33.8573 11.6641 47.9153 48.3648 47.1997 0.439851 5.08876 9.97204 7.5749 0.788091 21.2254 7.30087 11.1358 10.7375 
686.885 403.821 101.166 0 0.0609664 401.838 160.826 647.38 726.22 26.8084 110.335 112.8 19.8792 8.06216 38.475 37.4852 447.529 0.215704 5.69797 2.38669 686.379 15.4721 9.96128 3.19202 400.66 28.9649 25.5 17.9616 
24.228 527.884 22.6847 61.0919 0 145.22 11.3865 97.8822 19.4845 88.3444 86.5912 54.1266 174.858 4.10065 22.8899 49.5597 111.63 58.8532 30.1629 46.3072 92.6185 11.0714 10.9862 21.917 33.6656 70.7278 5.46002 0.519026 
512.248 636.75 66.1275 400.828 127.486 0 547.593 197.052 832.409 709.925 193.755 104.636 468.37 9.54214 41.1734 3.12309 404.867 26.3822 15.8937 11.4331 4.88021 18.6599 2.74612 0.0291431 414.293 12.9881 2.10673 1.58158 
241.945 234.335 120.419 11.5515 126.909 271.972 0 3.5575 980.467 441.623 424.937 197.508 69.003 61.5149 32.415 95.9741 103.72 217.662 128.294 0.0141201 135.321 57.8188 48.9104 0.139225 58.5648 99.1529 0.045557 19.8224 
165.45 292.755 241.923 277.291 218.027 31.3474 403.585 0 134.922 218.314 137.223 424.864 45.6964 20.9915 21.2622 259.839 70.3315 142.063 115.73 23.3529 20.58 67.3597 98.0255 111.456 180.333 232 67.7199 105.547 
548.379 610.236 0.0173449 499.535 355.095 834.329 482.544 144.209 0 330.787 67.7425 400.15 132.709 154.227 216.746 68.7234 464.525 219.323 29.0096 106.175 24.588 1.3022 25.1255 72.7905 434.116 84.0815 70.3166 36.2087 
105.603 242.147 25.0773 36.9209 133.371 37.2008 417.695 3.84952 0.022613 0 37.6404 143.208 86.4948 82.1231 133.551 0.691547 26.8853 18.2636 23.6277 4.2687 79.5167 50.543 38.9834 0.0633903 2.68727 0.0014413 39.3493 50.0452 
1.83649 17.0503 46.4954 115.487 260.23 145.567 8.25151 250.428 157.309 5.3121 0 306.481 189.808 204.624 393.178 105.219 69.0868 0.0180761 127.294 1.88928 136.299 61.0594 126.108 7.57695 94.526 156.663 63.1681 8.21842 
48.8315 192.609 121.736 19.9501 179.448 14.4704 278.37 1014.63 213.741 3.13334 1.70789 0 88.7604 139.673 93.1575 485.306 29.9144 33.4043 96.7458 2.14886 162.648 15.4106 34.1449 183.508 198.181 9.59001 63.4644 57.1733 
11.1507 38.6636 28.2091 72.9146 0.000829593 90.4318 218.757 148.086 172.042 147.95 42.2799 134.281 0 156.069 25.4391 82.6589 17.02 65.6044 11.0262 35.8216 14.9254 31.6919 15.313 5.74685 23.0716 1.81477 0.0201916 3.39365 
7.19585 24.4231 1.56394 22.1237 43.917 10.9335 0.387493 107.61 132.452 72.0233 184.982 158.408 65.6837 0 2.01441 18.3479 10.9292 3.93762 27.4743 2.1582 33.4509 10.7474 0.133509 1.52702 16.5931 12.4098 2.56421 4.73429 
67.9074 9.65909 2.83616 0.000289189 27.2853 39.4814 8.35243 185.101 9.34702 0.221123 408.091 21.6347 5.43252 49.0179 0 0.0320177 0.513821 56.5881 37.1138 2.94814 8.50278 13.4751 25.1802 1.30922 2.42798 27.4651 13.6634 16.2383 
62.4945 21.3879 15.1 34.0861 19.6233 19.0482 103.495 257.436 66.3251 31.6272 228.159 333.034 46.2914 18.9222 78.6886 0 2.98292 58.2787 17.9448 9.46079 2.33552 7.46348 0.0229484 26.5819 0.991232 16.3811 2.79748 15.8473 
472.305 549.197 0.00557416 401.219 142.561 404.17 2.21716 18.5 457.637 77.6291 93.3172 34.5746 63.6203 1.25581 26.6948 7.16457 0 287.321 518.277 34.0162 14.6318 1.61629 16.087 20.6897 406.841 19.8645 0.348273 9.1287 
233.634 326.702 5.78892 97.6028 109.766 1.46365 202.878 137.587 1.10932 138.699 159.391 9.14812 35.9806 14.5258 8.03131 23.7072 210.016 0 1.59629 66.4146 28.9269 2.62486 24.3687 16.4992 24.4438 61.6459 16.4261 51.2279 
74.0073 0.0661908 0.370301 11.1157 141.921 81.078 2.00541 86.3885 0.0997344 51.2046 129.131 0.152916 0.210824 16.7215 0.461123 0.0830597 2.14451 104.961 0 35.2403 17.4804 24.3763 15.6419 2.49961 22.8985 30.6634 24.293 1.10149 
63.8324 93.5017 1.89383 19.9607 44.6064 16.4793 22.6945 115.008 2.74817 1.00394 14.4027 48.245 36.9659 0.00550088 5.20682 1.4544 4.99785 38.4223 24.6548 0 332.01 0.974965 2.54431 5.70392 2.40341 11.9261 1.0284 9.31734 
29.6489 53.9568 46.1918 32.4454 18.2675 35.3963 50.7 40.7839 85.0922 95.8035 125.952 4.72483 6.56603 0.00439988 55.3248 60.8226 67.2781 63.7184 39.5603 196.309 0 0.497213 39.8791 0.501117 60.5105 4.96907 3.44829 16.9131 
35.616 26.4208 1.72175 15.7468 32.0783 13.896 15.2436 66.0537 49.5084 3.90445 3.51757 0.00951773 22.5313 6.48965 0.177035 5.16286 20.9417 39.8405 25.1597 5.8177 5.65139 0 9.90377 11.5968 3.43739 9.2732 11.1364 6.93857 
0.104217 13.8238 8.44244 11.1847 48.9887 10.895 66.4987 52.3826 1.69637 58.4178 70.01 90.2496 2.86497 1.20559 25.2277 12.4183 19.1329 37.6092 11.0205 0.0541438 2.27676 7.57682 0 20.5988 15.1404 0.137734 12.563 8.24528 
22.4024 37.9957 10.6738 18.4151 53.4382 5.02426 31.1644 65.3856 72.629 28.7831 69.044 185.976 47.366 5.86291 18.2132 11.3245 2.85676 11.2448 23.5625 3.89461 42.4184 10.8539 12.4092 0 42.957 13.9934 12.0626 14.4318 
470.082 436.547 28.0874 408.717 5.57395 424.551 86.4654 12.9356 519.35 20.6168 120.685 907.229 53.9773 0.26332 2.87558 28.9007 409.003 39.2969 29.3423 13.4344 20.9778 79.6638 12.333 34.6211 0 1.58622 188.507 21.4911 
16.7581 77.0801 14.1578 1.16909 7.54002 18.9542 7.30862 116.524 84.1826 48.379 2.31569 318.876 2.07268 4.89056 25.2879 8.97918 1.11515 60.9966 12.35 9.95144 2.45615 0.043312 0.0241855 0.939254 7.99061 0 37.5139 63.619 
13.0513 12.7275 18.1103 1.57454 48.7128 13.3746 6.07758 33.9028 79.6678 10.825 68.7199 120.787 17.4684 1.94716 17.045 1.40767 1.04061 43.255 6.26231 3.33499 21.5046 3.26153 11.2487 4.21929 14.4993 3.11344 0 2.13059 
26.2167 57.0096 22.1421 24.8499 37.0094 10.3124 53.0194 113.085 20.6585 52.1862 35.9265 8.963 44.8153 10.726 23.2496 18.4429 8.19857 48.626 2.65986 1.54031 51.0936 5.22995 3.02124 9.26087 14.1859 33.4689 83.3833 0 
