0 472.157 81.8717 207.463 41.4357 286.957 193.341 25.863 174.662 124.427 95.2333 185.587 59.2263 20.7042 15.0452 50.4502 155.409 223.344 72.5018 89.2038 22.8254 25.4744 11.0652 56.5158 223.617 18.1217 22.2697 44.0085 
200.678 0 61.3568 169.399 503.849 242.873 208.829 9.22717 361.501 24.323 266.48 136.061 101.007 5.01293 24.472 5.29373 265.401 652.992 170.245 113.434 69.1573 9.24854e-05 10.7445 52.2122 233.414 0.522827 46.1442 3.29444 
65.2229 315.954 0 277.517 8.25478 17.3656 12.2331 220.423 469.175 73.9672 5.61845 187.407 73.3317 16.348 33.5552 12.6809 49.1576 57.1929 45.2255 0.186233 7.85387 9.7767 7.9094 0.997954 20.3878 6.3947 11.5454 10.1418 
406.566 168.16 252.279 0 0.185472 155.49 149.485 862.561 471.15 30.8478 121.534 94.8211 21.7958 7.3827 38.8875 38.8091 203.342 1.06687 4.58803 3.63086 249.175 15.6313 9.44739 3.77795 155.594 30.8459 25.8289 18.9485 
34.1648 511.645 31.4963 69.5817 0 224.149 27.3751 107.113 31.559 112.455 98.7421 59.7305 176.672 3.20353 20.1151 51.6039 117.333 69.1543 16.8972 49.7948 89.0479 12.0615 9.96788 20.6874 32.0415 70.7101 5.99986 0.763466 
271.333 387.734 66.6457 156.234 470.569 0 1462.45 203.6 543.643 654.507 173.818 97.7438 383.265 8.74144 40.5858 2.50119 160.467 22.2355 19.5243 12.2258 6.01814 18.344 3.10142 0.00306778 169.69 13.9039 2.35633 1.87456 
231.832 292.09 142.468 6.16127 164.234 502.402 0 11.7021 1206.99 394.868 392.64 183.312 58.6236 65.1756 38.8654 93.63 105.16 211.27 122.798 0.225289 137.385 58.61 46.8664 0.0170936 61.4216 98.5983 0.00244294 21.5632 
146.836 294.031 255.381 184.228 220.382 41.1482 393.356 0 80.7933 221.181 160.271 602.286 49.9938 25.0689 28.3137 258.244 72.4647 136.888 116.193 26.9167 15.8017 67.3407 96.5547 116.231 174.231 227.559 64.9485 109.931 
289.269 395.671 8.33665 282.295 355.103 546.239 207.348 88.3931 0 307.091 755.154 403.075 124.169 153.659 256.749 61.446 222.105 218.687 24.6918 106.498 20.1445 1.74468 22.1954 75.6375 184.502 77.924 71.4679 33.4063 
111.351 241.661 30.0763 32.6561 159.455 102.171 459.702 1.59945 3.02134 0 82.5797 155.641 61.2858 83.1107 132.548 0.153134 29.0739 21.7705 27.6787 5.14375 77.4767 51.8769 40.8731 5.58774e-05 3.62881 0.0778573 40.0917 49.0229 
0.67966 24.1385 33.786 104.215 261.088 166.592 23.4601 272.048 226.773 28.8553 0 261.575 177.742 197.718 406.162 121.786 67.117 0.0797315 126.232 2.64005 133.739 59.4215 123.139 5.24167 88.4434 160.238 61.2395 10.2094 
40.7133 198.731 111.633 30.7975 179.795 18.855 273.189 1027.04 240.836 0.927456 10.7608 0 94.0181 132.581 72.3544 495.477 31.6601 29.9154 97.6047 3.10391 164.482 13.9746 29.4975 179.655 127.831 0.44539 67.6757 48.7283 
13.0507 34.1421 25.8856 72.7164 0.354858 97.2244 217.133 147.599 178.29 118.205 32.7238 138.034 0 153.801 31.0909 83.4864 18.2419 62.9839 12.6854 36.5051 16.1565 35.5325 18.8276 4.42115 24.4604 1.33493 0.06238 3.89295 
6.31209 22.4651 1.92522 21.7998 45.8618 11.7452 1.02431 111.205 128.401 74.5689 174.012 153.992 78.8048 0 7.13744 17.5013 11.3091 3.3459 27.4852 2.25233 34.2542 10.6351 3.74662e-05 1.08496 16.5967 12.1823 2.36272 4.42212 
66.9185 11.8157 2.04684 0.0662653 24.3349 38.4797 5.20069 184.856 4.57309 0.0634249 401.761 35.4006 3.00101 56.2125 0 2.1797 0.674146 57.9014 37.4497 2.72313 7.55441 13.0142 25.2681 2.15768 3.17826 26.4448 14.1121 15.539 
60.1019 23.8536 14.0986 32.3291 17.7356 19.9741 102.904 251.629 73.6568 35.6989 225.331 256.964 42.7325 19.2636 86.7233 0 3.2955 58.926 17.2929 9.52878 1.73015 7.78597 0.00275619 24.681 1.72928 18.6317 2.42471 15.0116 
223.708 305.163 0.0305103 155.395 138.9 157.857 1.37946 16.6985 209.136 78.8186 93.9493 36.3698 63.2429 1.08574 27.0526 7.59751 0 284.917 476.103 33.9478 13.508 1.78116 16.2952 20.6047 161.008 19.4266 0.424421 9.48214 
235.766 373.894 2.81028 103.959 98.2646 2.80622 210.294 142.731 2.74255 140.841 156.495 7.21167 33.4651 13.4919 6.94454 22.2768 189.107 0 0.574087 63.8269 26.1151 2.96192 25.2007 17.3898 23.2025 61.7516 17.1059 51.2647 
70.0754 0.133877 0.805781 9.6121 117.238 78.1054 3.82458 83.5197 0.598841 56.156 129.123 0.0230799 0.0398303 17.2922 0.689593 0.0285934 1.01111 110.566 0 35.5644 16.1566 24.5435 15.2471 2.24646 23.3973 30.642 24.2499 0.933616 
46.2661 86.0032 2.55862 17.4432 48.0928 17.2108 19.8051 113.624 1.72773 1.46544 16.2022 45.297 37.6019 0.0137417 4.94614 1.63547 5.58202 35.4963 23.7757 0 322.303 1.04224 2.61482 5.78005 2.17274 11.9828 1.13521 9.48876 
39.3625 60.5692 52.3528 21.433 21.0087 37.6164 46.3624 47.7153 91.9368 94.8157 122.699 3.06475 5.73558 0.0052407 54.704 61.4061 66.8894 67.0932 37.9938 149.048 0 0.392421 39.7596 0.314232 60.561 4.12309 3.05619 17.8934 
35.164 27.4339 1.56226 15.5946 30.854 14.3877 13.9758 65.6365 48.1131 4.83877 2.7638 0.0122899 26.0535 6.88766 0.300119 4.83194 20.8657 40.1501 25.2425 5.86931 5.99824 0 9.09801 12.0064 3.84488 9.41948 11.2879 7.10125 
0.0302123 12.6917 8.76218 10.6748 48.0827 11.3302 65.2626 55.8439 0.923376 59.1039 64.0749 85.2917 1.50274 0.551456 24.9632 12.473 19.1103 38.2199 10.6022 0.0387934 2.63256 8.40731 0 20.8653 16.2428 0.0731262 12.735 8.42674 
23.8619 39.4747 10.2468 19.2069 52.8461 4.59118 33.2082 59.1906 69.6813 26.8894 63.6488 183.399 44.9327 5.19557 16.4867 8.58912 3.08378 10.4661 23.6641 3.76841 41.7466 11.3084 9.51663 0 44.3129 14.4731 12.6623 14.4566 
223.493 193.298 27.8903 161.992 6.50028 179.686 87.7891 7.97627 276.209 22.7284 115.75 842.047 54.4618 0.432195 2.1611 37.0875 163.133 40.4902 29.5836 13.5306 19.6185 49.4218 12.802 34.6751 0 17.6192 115.799 74.4123 
14.6831 75.63 13.1094 1.89185 8.72589 18.0899 9.34243 133.252 78.0264 51.0208 4.71295 354.134 1.55842 4.41621 24.0623 11.0554 0.930593 60.6448 11.7521 9.72278 1.86205 0.0203821 0.0658019 1.27509 9.81011 0 37.0068 63.2683 
13.938 11.8605 17.8966 1.88755 48.8569 12.9953 5.33214 36.6957 79.5933 11.6694 70.4175 120.726 16.7987 1.76634 17.378 1.70448 0.920844 43.5104 6.56683 3.17122 20.7534 3.46196 11.507 3.71369 14.8909 4.21055 0 0.197314 
24.7651 56.0117 22.065 25.6934 38.1137 9.76136 51.2614 116.973 18.3269 51.3011 32.5934 13.4378 44.6873 10.5234 23.1138 17.7196 8.54395 48.1943 2.40285 1.39252 51.0013 5.05756 2.80678 8.86825 13.7886 27.6668 76.6225 0 
