0 571.258 52.6461 335.971 174.634 149.979 12.115 68.1515 238.843 9.04057 19.2947 124.971 90.4164 18.7307 64.9399 0.494443 153.202 236.156 116.737 260.035 36.6653 12.2987 1.62922 37.9693 124.807 12.2201 0.017045 4.76791 
285.35 0 472.406 136.933 52.7818 245.699 513.558 251.147 465.238 95.5142 109.913 89.9075 91.3715 13.4844 56.711 22.2904 200.314 265.179 11.4179 55.987 125.005 19.7538 50.4224 19.8322 61.825 49.409 51.6986 28.9736 
38.2995 19.2086 0 186.614 44.672 58.264 218.646 161.087 470.24 12.1424 19.1831 85.1436 33.2831 0.301084 32.9444 21.0693 55.6597 48.8445 15.0961 9.06795 25.5015 9.68196 0.100022 13.8139 13.2413 16.9446 18.1777 19.369 
170.499 134.34 338.625 0 7.01177 117.024 71.3926 836.166 330.581 20.1492 202.182 0.0939627 71.4601 22.6938 23.6781 41.2395 115.231 145.746 45.2462 12.7043 248.831 12.0818 11.2763 25.8196 76.5513 40.769 9.07403 19.8805 
164.518 5.86477 155.663 33.3119 0 382.725 52.1293 75.9817 354.788 82.8692 151.562 110.869 51.8758 40.0089 90.8493 71.2921 6.37186 23.5886 35.3396 95.0696 5.89705 52.445 38.8995 17.0436 56.3215 70.5786 47.2813 50.6848 
111.371 80.828 39.3564 103.65 398.438 0 176.443 74.704 264.406 699.814 5.86685 96.4123 220.524 0.641992 6.35015 1.27886 109.81 97.4201 61.2099 22.9363 73.2029 12.2472 13.9277 7.94365 84.6059 27.7756 3.16847 18.0176 
39.5495 6.05215 141.312 201.963 1.29381 288.728 0 231.401 902.339 505.256 485.372 255.407 3.21063 49.6002 78.084 12.6568 97.5646 219.846 22.6509 59.9353 2.0977 3.15688 31.001 62.913 79.9401 65.6619 53.8764 21.7311 
206.109 14.797 109.685 21.5781 209.29 13.7948 193.084 0 348.209 0.080622 374.034 483.864 2.98187 0.751795 78.4351 220.412 0.697982 132.024 16.8339 82.3761 12.0108 2.30741 99.8485 131.744 184.152 234.041 1.40904 95.9838 
60.5946 67.3053 6.76691 258.625 33.9177 267.766 257.184 336.826 0 84.5089 1523.65 398.913 132.783 30.1192 198.619 5.24918 72.1609 173.938 9.92722 103.351 38.1324 40.0354 32.5589 62.0163 100.098 26.658 42.0501 1.93508 
79.9886 80.7537 108.196 106.816 127.256 528.492 200.42 223.584 382.571 0 602.4 232.107 331.645 78.7374 8.41655 49.2096 15.0444 28.2476 110.777 47.4066 2.37695 60.598 57.9667 48.4266 70.791 63.9104 12.946 33.7468 
46.9636 62.5752 0.74227 0.0600134 251.367 233.308 14.9778 346.331 549.702 598.672 0 487.711 244.48 68.8498 342.168 0.466654 77.3936 169.166 116.229 28.6045 38.8331 17.1425 54.7146 37.043 80.8277 11.5484 1.48601 101.823 
4.81455 162.998 0.0533722 179.467 166.398 19.7471 281.104 1025.58 207.238 136.237 75.1932 0 148.513 0.439864 100.389 259.983 66.2574 113.386 9.95771 2.53685 119.207 75.9571 112.276 181.449 75.756 399.284 1.52337 9.54964 
58.2272 142.772 3.61281 27.5874 101.958 44.5253 165.167 87.7417 2.87153 318.131 118.446 158.98 0 28.3358 92.8216 33.8847 63.753 0.0258931 65.2935 33.5545 8.52112 89.9182 0.0025744 28.1006 54.3992 0.0891106 38.1432 31.6597 
35.644 1.06111 10.922 16.3562 57.545 20.7209 96.1916 69.172 1.36705 65.4691 37.7719 9.54481 32.1391 0 32.9767 0.00216122 15.5247 3.37203 8.14815 0.00389489 10.5546 10.1563 2.44202 4.12505 0.00849502 12.969 1.32672 9.31138 
18.121 72.1223 1.18453 9.88308 92.658 3.34358 1.1963 163.766 103.168 120.171 275.199 17.731 16.8397 60.3878 0 81.2418 0.858191 57.6415 2.62193 1.11106 53.0323 17.1273 0.867179 17.4361 1.16799 30.924 8.27995 6.30328 
73.1889 80.6755 5.27178 27.8602 6.8549 22.0263 31.5047 200.039 139.008 1.05356 124.484 1.54927 84.2522 2.74201 32.8128 0 10.9683 2.04003 0.000304719 7.19558 41.4081 2.83122 10.0376 24.847 32.4068 0.000123353 10.8387 12.8606 
136.521 188.024 7.77753 65.0603 113.681 112.01 6.4547 95.3369 162.413 5.19648 89.3092 61.9682 5.27086 18.0273 19.2509 16.3201 0 287.365 572.93 13.7561 66.8819 13.1806 16.4497 19.7541 82.7973 0.722831 21.3251 12.4392 
224.999 104.296 154.924 58.2213 156.47 28.6357 199.833 147.182 55.7942 36.4092 23.4685 139.658 9.19419 0.0204564 16.2756 58.0257 214.77 0 0.814224 61.4064 116.188 12.1937 33.9997 2.70384 10.8803 54.0145 1.20337 44.7202 
116.702 152.696 21.1312 37.6566 150.234 20.8224 157.075 83.5754 68.7247 122.655 104.037 79.3955 84.8827 24.4491 38.4819 16.4583 6.87916 108.988 0 25.473 7.52664 3.21909 3.35387 8.17494 26.7878 10.7461 12.1749 24.9979 
215.005 28.5372 19.6023 47.6244 95.0635 19.6813 14.0932 71.6603 0.607751 52.5012 9.65751 76.5468 32.2134 1.86311 2.86289 7.54406 8.38861 32.8816 1.29992 0 306.339 4.05599 3.83042 0.0034926 1.31511 0.0306372 4.78142 5.43715 
20.7058 133.023 0.0451403 171.314 111.069 71.986 110.13 151.271 187.023 17.147 25.7191 51.6738 60.9003 44.986 36.5825 21.9982 13.4881 0.0355157 0.00803746 113.771 0 20.3741 35.9187 30.5495 16.9546 0.0918499 40.1 14.056 
3.51037 1.12923 1.48866 3.37887 0.0236348 19.5227 62.945 0.122472 5.28904 19.2789 74.985 55.8784 90.2168 7.97306 1.04872 8.52558 11.4415 10.0076 1.71204 6.09549 32.419 0 5.78037 0.322043 5.41085 0.778269 9.65958 0.188537 
18.0584 51.8873 0.323373 12.4737 55.0794 5.84647 53.1939 47.1022 4.44698 37.8758 3.93723 125.536 28.6578 0.756201 2.02812 2.20369 19.0874 43.4086 0.798323 2.19151 9.12227 7.2134 0 20.8746 12.4 8.78576 12.7506 2.19242 
49.1239 34.369 0.00797983 21.5425 50.7401 16.139 60.723 34.683 3.83291 56.2989 106.679 177.037 0.00915117 8.56479 1.66986 28.2594 0.000799054 29.1213 11.088 4.61987 1.84448 0.654001 9.79252 0 0.594177 14.8793 14.3247 0.136112 
86.2225 81.8867 24.3776 97.3662 42.5594 86.0132 47.362 89.5325 172.055 56.5942 51.0831 586.189 24.2692 16.3441 15.6335 64.9749 81.1288 45.4042 30.7573 13.7866 60.4549 66.8585 25.3982 64.4417 0 118.028 141.638 62.6598 
15.4403 65.2923 23.1529 10.1664 10.109 0.972931 55.1361 100.598 26.5778 58.3013 164.838 31.7192 0.15416 8.58566 30.7006 1.73614 10.1134 59.3492 30.5491 2.6823 0.965478 7.4222 7.38583 11.6732 13.8679 0 37.9558 27.9346 
1.18905 20.3582 2.26342 5.00439 2.73416 19.9412 39.3458 99.3489 67.6426 41.1295 51.0637 42.7677 14.2279 1.86359 4.48981 18.8423 22.123 27.2146 22.1167 10.9948 21.4696 12.5509 11.5309 8.03179 52.8289 1.66502 0 23.7691 
50.9607 63.6389 19.0661 26.4661 8.22812 17.2859 51.0918 87.0299 0.118526 37.0953 17.2648 55.9456 5.49484 11.9048 0.0293458 9.84482 11.4673 33.7998 26.2562 5.18616 9.31845 9.67415 8.92766 7.22109 26.9525 63.308 92.6985 0 
