0 438.732 21.1936 610.249 100.044 521.436 128.26 0.440178 451.985 100.888 126.279 147.415 46.4232 15.3765 22.818 61.3518 392.239 236.558 55.5021 44.6849 67.4235 22.6199 7.62051 53.9921 464.672 9.80371 26.5255 49.2813 
429.973 0 368.066 505.391 501.578 414.396 24.049 0.861532 475.284 69.7909 261.969 172.224 79.3211 1.47796 38.0205 1.08103 476.949 536.155 155.994 134.427 99.018 0.36776 6.68345 56.424 469.211 0.228855 42.7322 1.07708 
11.8814 27.8036 0 127.25 0.987137 3.92991 5.73188 272.416 285.213 49.4579 5.20315 182.681 72.4809 16.7139 30.8354 16.8908 53.3073 96.743 36.1193 0.307135 25.2657 8.89789 9.26192 2.13156 16.5741 3.08681 13.2343 7.66826 
472.625 502.511 399.064 0 10.6686 392.991 94.8438 795.089 619.756 49.4157 164.734 30.3798 30.3893 4.71438 39.3722 42.4731 444.875 11.5707 1.1698 11.2944 192.687 16.2022 7.29485 6.67929 395.56 37.8904 26.9227 22.9929 
90.0339 328.772 79.0373 105.935 0 363.859 154.953 145.802 107.834 221.846 152.159 84.6708 177.293 0.606882 9.9859 59.6565 137.834 116.757 3.76701 64.2176 73.1939 16.5749 6.11337 15.6735 25.2475 69.556 8.52153 2.30682 
521.645 579.18 62.0141 400.833 405.84 0 898.623 214.707 525.454 103.253 85.472 67.5702 128.854 5.53465 36.2037 0.597442 402.895 8.11141 37.3422 15.5417 11.9893 16.7755 4.7744 0.187302 410.217 17.7377 3.5428 3.35679 
175.783 490.395 222.025 2.17036 326.543 719.349 0 92.1315 696.729 145.786 216.756 120.022 22.0169 79.2561 69.2221 80.8997 109.174 175.063 96.3689 3.88028 143.107 61.2587 37.8731 0.801913 72.654 93.3461 0.41616 29.348 
72.3236 280.077 275.404 94.6716 221.927 91.6336 305.966 0 8.82193 222.562 258.234 1028.6 69.0334 44.9325 65.9133 215.16 80.8882 112.917 116.183 43.7034 2.35309 66.6083 88.0928 131.873 138.363 185.554 52.7669 125.191 
469.859 746.102 207.138 641.039 321.646 528.507 443.549 6.40223 0 182.441 623.432 375.033 86.9912 143.477 276.416 32.913 471.495 208.051 9.82273 105.199 5.93193 4.30442 11.4113 86.3772 406.288 51.8325 75.5725 22.2757 
132.984 222.314 53.7294 16.6028 264.139 504.056 489.272 2.90037 67.5432 0 379.284 203.022 1.03918 83.5108 117.407 2.16926 38.7081 39.1863 46.9781 9.62228 68.1113 56.6426 48.2814 1.05061 9.03437 2.60278 42.9103 44.1172 
2.04264 65.2391 1.6572 57.7878 251.137 242.073 157.947 345.115 775.632 284.446 0 86.4586 121.996 150.599 329.346 186.222 58.377 4.16379 119.225 7.12913 120.765 51.9963 105.969 0.0850293 61.9494 166.256 52.6231 20.6581 
13.543 217.557 67.9492 95.4455 176.801 42.4102 235.905 514.836 342.04 6.05205 125.265 0 115.322 97.0352 9.63212 300.363 39.2577 16.8884 100.03 8.96636 168.31 8.53781 12.8581 150.322 109.491 86.6393 84.886 18.7278 
22.4462 17.4649 16.6707 70.5326 8.8459 74.1042 197.722 142.444 198.116 20.5256 5.08459 150.885 0 122.28 58.0686 83.6758 23.6748 51.678 20.7034 39.0817 21.746 52.2724 36.1726 0.685287 30.4025 0.11259 0.496786 6.34028 
3.15263 14.7445 3.78937 20.0079 53.6344 15.0864 6.96017 122.455 106.2 82.1871 115.698 126.567 129.867 0 46.3813 11.8129 12.9102 1.3515 27.253 2.65203 37.4196 9.84615 2.29972 0.0327547 16.1445 10.874 1.58121 3.15954 
61.6018 22.8559 0.109346 1.60759 13.2471 32.5961 0.123821 171.269 6.29442 10.679 259.227 118.785 0.707554 53.0709 0 55.0285 1.58537 62.7628 38.379 1.84475 4.09283 10.907 23.0119 7.64525 7.26273 21.0704 15.8889 12.435 
49.04 35.0582 9.81163 23.9577 10.5518 23.4454 96.8112 193.931 104.173 53.4899 189.101 9.40838 27.9058 17.67 64.2137 0 4.76161 60.9385 14.5035 9.67966 0.163413 9.07774 0.822554 13.4353 6.8503 27.2213 1.11298 11.2869 
446.822 542.351 1.50284 391.901 118.825 392.394 0.0278569 9.93593 433.386 82.5809 95.5599 44.0857 61.036 0.49782 28.3674 9.50724 0 237.903 445.116 33.2398 9.14561 2.55853 17.1077 20.1376 396.483 17.4966 0.828181 11.003 
230.528 457.071 2.09813 127.21 52.9024 12.9928 231.128 161.636 17.3748 146.179 141.186 1.50748 23.4335 9.41751 3.1539 16.4713 94.5666 0 1.93123 51.9932 15.4776 4.59383 28.6719 21.2603 18.1013 61.4766 20.0369 51.0374 
53.0197 8.88644 4.42942 4.31384 30.2619 62.1949 17.5499 70.6143 7.26858 77.153 126.417 0.741096 0.809671 19.6267 2.14682 0.112837 63.0649 131.206 0 36.434 10.9926 25.0958 13.5265 1.31243 25.3807 30.2813 23.9598 0.372953 
6.12511 53.3331 6.28201 7.9499 62.6129 20.0365 9.36671 104.542 0.0232418 4.33478 24.6535 33.0588 39.9556 0.0894244 3.86834 2.48959 8.32598 23.675 19.9198 0 167.988 1.34658 2.90488 6.05376 1.30644 12.0649 1.63801 10.1508 
90.7719 90.0974 78.9515 63.4134 34.208 46.9724 29.3382 80.6438 120.597 89.3904 107.23 0.00334617 2.80663 0.434656 51.4567 62.8763 64.6529 81.1018 31.3557 5.46456 0 0.0851225 38.9556 0.00434249 60.0172 1.38098 1.64343 22.1677 
33.0625 31.6822 0.963264 14.851 25.644 16.3334 9.07756 63.2576 41.9562 9.76031 0.562602 0.983996 42.2766 8.45924 1.16486 3.48176 20.4516 41.2419 25.4293 6.0628 7.55336 0 5.60583 13.3782 6.02604 9.96591 11.8596 7.76694 
0.209489 8.31098 10.0245 8.50112 43.792 13.0482 58.9357 70.0799 0.244022 60.6053 39.7159 62.9993 0.595509 0.669774 21.3562 11.7937 18.9196 40.5586 8.84967 0.0020231 4.39908 11.7083 0 13.9589 20.2503 0.0250036 13.2751 9.1101 
30.1493 45.4707 8.3649 22.2457 49.8001 2.9152 41.8876 34.4261 56.4289 19.0985 41.302 158.651 34.201 2.49852 9.07772 0.685446 4.12245 7.406 23.9311 3.22526 38.5548 12.9145 0.474352 0 44.0464 16.0268 15.0331 14.3091 
454.521 439.573 26.3847 394.623 11.0979 418.728 91.3617 0.271239 519.242 32.1663 91.797 973.823 55.7623 1.58062 0.239813 85.6547 398.422 45.3097 30.3845 13.7882 14.1615 80.1991 14.9314 15.9274 0 13.9767 42.7584 70.9585 
7.18318 68.1118 8.78066 6.68077 14.5263 14.2718 20.2586 196.559 51.9314 61.3088 23.4276 387.559 0.184591 2.57168 18.0952 20.4799 0.330074 58.4683 9.29271 8.66301 0.247186 0.0180976 0.463161 3.18184 18.723 0 33.0249 50.9321 
17.8786 8.44828 16.8289 3.4944 49.1504 11.345 2.67929 48.9252 78.3426 15.4645 76.8084 117.215 14.0073 1.0843 18.5807 3.23036 0.492122 44.3613 7.90447 2.50673 17.5982 4.34964 12.4475 1.8713 18.4581 10.2878 0 14.276 
18.8015 51.2462 21.3909 28.867 42.5943 7.48562 43.4252 129.667 9.75222 46.9046 19.697 40.7152 43.7401 9.52732 22.0272 14.2798 10.0402 46.035 1.44798 0.840426 50.1517 4.33164 1.95816 7.16211 11.4768 6.78873 37.6211 0 
