0 392.396 19.24 579.063 103.005 482.157 125.242 0.213028 415.292 99.7499 127.627 145.545 45.853 15.1475 23.1897 61.8054 353.423 236.617 54.7329 39.4254 69.8165 22.4899 7.47758 53.8496 425.907 9.47975 26.7171 49.5014 
398.407 0 380.371 472.327 496.173 373.408 19.6567 1.22512 431.669 72.2106 261.214 173.705 78.3208 1.36699 38.661 0.96509 436.858 1009.01 155.067 135.079 100.36 0.400932 6.52014 56.5885 430.209 0.283404 42.5688 1.00515 
10.3975 21.1197 0 113.411 1.36378 3.53011 7.06032 273.392 272.873 48.3555 6.19203 181.994 72.3767 16.7129 30.6623 17.0711 53.448 98.5066 35.691 0.357955 26.2344 8.85667 9.3195 2.19112 16.3957 2.96189 13.3078 7.56036 
427.023 469.416 391.312 0 11.4981 354.28 92.3074 250.915 575.577 50.2808 166.416 28.1678 30.7883 4.60432 39.3454 42.5572 406.148 12.2886 1.0677 11.7141 619.122 16.2237 7.20019 6.82337 356.844 38.1614 26.96 23.1668 
92.9268 317.791 81.4088 107.509 0 365.033 162.213 147.477 111.978 226.541 154.542 85.8169 177.051 0.537598 9.60166 59.9903 138.59 118.964 4.89653 64.8381 72.4635 16.7882 5.9591 15.4577 24.9485 69.4637 8.64325 2.395 
483.097 537.283 61.5606 362.414 940.398 0 972.901 214.54 475.725 116.269 81.7415 66.2219 449.517 5.40085 35.9418 0.541675 364.276 7.6263 38.2027 15.6865 12.2979 16.697 4.85499 0.206698 371.474 17.9051 3.6007 3.43194 
172.902 495.753 224.611 2.72447 333.015 673.836 0 97.1658 636.177 135.297 208.404 117.187 20.7252 79.8182 70.6413 80.2362 109.272 173.151 95.0974 4.1461 143.245 61.3498 37.4619 0.886202 73.1169 93.0046 0.457309 29.7093 
69.3394 278.741 274.788 92.0265 221.673 94.1089 300.72 0 12.3357 222.212 262.364 1025.2 69.9073 45.8986 67.8124 212.043 81.24 111.782 116.107 44.5055 2.02401 66.5508 87.6346 132.378 136.454 182.936 52.2101 125.732 
428.593 711.156 219.62 606.979 318.967 478.699 501.747 9.44591 0 176.499 1279.43 372.32 85.3321 142.756 287.253 31.7665 433.132 207.284 9.29968 105.04 5.48286 4.44461 10.9977 86.801 366.815 50.6955 75.7259 21.8108 
133.827 220.832 54.842 15.9796 268.145 511.69 484.517 3.36996 72.1257 0 393.266 204.858 0.4926 83.3839 116.353 2.42056 39.1494 40.0508 47.9038 9.8504 67.6674 56.82 48.5859 1.14722 9.3272 2.79777 43.0236 43.8774 
2.34103 67.4342 1.16231 55.8562 250.188 244.612 165.88 347.48 783.718 298.992 0 80.1422 119.429 147.97 321.629 188.651 57.9727 4.48996 118.819 7.37824 120.108 51.6475 105.047 0.0404421 60.767 166.167 52.2226 21.1964 
12.6371 218.108 66.0493 98.8307 176.499 43.6236 233.72 480.905 345.73 6.82475 132.701 0 116.226 95.3064 8.10338 285.787 39.6044 16.3774 100.092 9.29496 168.329 8.32033 12.2481 148.584 102.909 94.4216 85.6199 17.6594 
22.9144 16.8247 16.2878 70.3846 9.48255 69.4177 196.41 142.099 198.727 17.8247 4.38968 151.337 0 120.185 59.3355 83.5576 23.9269 51.168 21.0968 39.1845 22.0097 53.019 37.0151 0.59264 30.6689 0.0891122 0.525922 6.46221 
3.03432 14.4241 3.88413 19.9126 53.9612 15.2295 7.34323 122.794 105.047 82.3974 112.837 125.063 131.723 0 48.0393 11.5064 12.9814 1.28215 27.2321 2.6699 37.5518 9.79958 2.49013 0.020022 16.1068 10.8035 1.5491 3.10576 
61.3233 23.4144 0.0787671 1.72329 12.8124 32.2789 0.22159 170.21 7.20686 11.5575 249.923 123.077 0.915413 51.6623 0 57.9223 1.63488 62.9523 38.4016 1.80844 3.95993 10.8079 22.8178 7.94835 7.47559 20.7983 15.9633 12.2925 
48.5172 35.5818 9.62248 23.5607 10.2643 23.5807 96.4077 190.353 105.472 54.2823 186.683 5.79018 27.2684 17.49 61.4698 0 4.83256 61.0003 14.3781 9.68115 0.131809 9.1322 0.891977 12.8869 7.14551 27.5417 1.06501 11.1167 
407.29 503.241 1.61982 353.024 117.775 353.433 0.0516626 9.66787 393.93 82.6992 95.5911 44.4341 60.9145 0.476573 28.4184 9.59549 0 234.592 485.455 33.1923 8.96619 2.59634 17.1414 20.1127 357.522 17.4075 0.849351 11.072 
229.759 451.501 2.52275 128.077 51.0716 13.6089 231.624 162.36 18.3084 146.272 140.393 1.34952 23.0113 9.24752 3.01641 16.2226 90.5202 0 2.20733 51.4381 15.0539 4.67465 28.825 21.4369 17.8796 61.4369 20.17 51.0126 
52.2531 9.58835 4.65646 4.1205 27.4655 61.383 18.3774 70.0128 7.73515 78.0728 126.195 0.821312 0.900703 19.7277 2.23025 0.128579 67.3353 131.989 0 36.4535 10.7792 25.1146 13.4477 1.27592 25.4645 30.2549 23.9428 0.353594 
5.90958 51.9018 6.47857 7.58789 63.2416 20.1509 8.97641 104.02 0.0477509 4.49687 25.0602 32.5267 40.0476 0.0943567 3.8213 2.5309 8.45842 23.1753 19.7433 0 158.953 1.36094 2.91752 6.06412 1.27205 12.0625 1.66242 10.178 
93.3518 91.4473 80.1187 60.971 34.8534 47.3854 28.6375 82.2189 121.844 89.1019 106.48 0.0194148 2.69827 0.470009 51.2886 62.9034 64.5307 81.7128 31.0598 3.40434 0 0.0765539 38.9084 0.00884936 59.9641 1.29116 1.5897 22.3632 
32.9614 31.8703 0.939419 14.814 25.4109 16.4147 8.87747 63.1281 41.6723 10.015 0.502386 1.06379 43.0324 8.5239 1.2162 3.42384 20.4296 41.2824 25.4314 6.07051 7.62622 0 5.45351 13.4244 6.13984 9.98752 11.8825 7.79583 
0.236217 8.13154 10.077 8.40407 43.5838 13.1196 58.6141 70.6916 0.312902 60.6181 38.6863 61.9773 0.741929 0.786089 21.1115 11.73 18.9074 40.6536 8.77212 0.00145464 4.48789 11.8411 0 13.4332 20.3975 0.0314618 13.292 9.1373 
30.4329 45.7272 8.2787 22.3679 49.6439 2.84682 42.2732 33.4063 55.8143 18.7629 40.3455 157.076 33.713 2.39041 8.76259 0.52872 4.17187 7.27845 23.9369 3.20071 38.3994 12.9728 0.323478 0 43.8038 16.0765 15.1313 14.2929 
415.316 401.085 26.2928 355.574 11.3283 379.905 91.442 0.45147 480.467 32.6021 90.637 254.124 55.7916 1.64763 0.198064 84.1868 359.451 45.5156 30.4118 13.7939 13.93 84.3372 15.0303 15.0767 0 8.13471 34.9266 87.6876 
6.90104 67.7267 8.595 6.95478 14.8136 14.0972 20.826 198.878 50.7939 61.7269 24.56 384.187 0.154163 2.497 17.8081 20.895 0.310138 58.3453 9.18575 8.61242 0.20974 0.0216039 0.489144 3.28367 19.1527 0 32.7829 50.0354 
18.0615 8.30575 16.7751 3.57665 49.1515 11.2696 2.58016 49.4824 78.2514 15.6422 77.0625 116.937 13.8842 1.05707 18.6263 3.30822 0.475908 44.3906 7.9662 2.47812 17.4581 4.39078 12.4834 1.80134 18.7012 10.6049 0 15.6534 
18.5431 51.0133 21.3477 28.9923 42.7868 7.38656 43.0622 130.078 9.42193 46.6847 19.174 42.2048 43.6824 9.47785 21.9597 14.1148 10.1085 45.926 1.41036 0.818592 50.0963 4.29933 1.92265 7.08478 11.3532 6.12029 35.7882 0 
