0 670.125 44.9548 657.983 134.529 495.416 229.297 217.711 613.937 3.40263 2.02639 60.8576 1.72124 17.8414 8.47182 11.8053 453.312 88.7283 90.8606 159.323 137.219 36.4605 43.4038 42.4609 417.14 4.05133 51.116 61.0092 
403.685 0 443.775 623.34 474.08 529.71 232.519 182.18 710.361 75.8847 257.469 100.413 30.4634 13.6077 89.3925 0.566513 501.195 444.945 9.32552 19.323 141.732 28.4725 16.9757 57.1459 402.242 83.1107 0.758908 48.2795 
31.5243 108.236 0 19.3628 69.618 40.9049 244.701 174.684 29.5611 91.6299 68.4761 23.4974 70.3414 1.41427 26.4324 20.9642 39.4463 69.8935 33.2116 15.9588 5.32753 1.66639 8.43663 1.32523 26.6288 22.4132 1.96622 12.6236 
455.662 625.575 189.237 0 69.0922 366.473 67.5244 766.065 446.514 11.0548 26.6912 155.446 17.4985 15.5474 15.538 36.7615 389.815 119.507 7.33426 8.32866 472.143 2.02539 16.3407 12.4962 389.711 44.6594 12.4645 0.0779738 
144.997 278.758 0.0853354 158.107 0 120.265 47.2794 84.8749 34.821 29.1258 257.465 18.7323 70.666 0.441472 88.9881 44.7447 14.4981 155.783 23.4101 85.4911 106.75 2.29177 28.9578 46.6102 1.494 15.7008 0.194144 6.12064 
489.064 373.842 1.6513 363.473 487.691 0 1201.15 147.508 380.835 129.719 8.99813 47.3068 226.63 4.65359 0.533298 5.96081 412.741 87.9329 4.62661 20.5908 12.2204 16.3204 11.601 17.1969 368.264 17.5696 16.1018 11.0282 
190.038 319.166 29.3198 11.5985 199.563 332.518 0 375.528 1115.16 481.581 271.358 28.6593 98.1362 59.0436 140.075 16.5254 17.0896 99.0496 45.9761 28.4521 77.2782 49.3566 72.4133 4.83918 85.3469 89.9708 5.06712 20.0713 
78.8124 160.291 123.432 15.5842 213.392 197.005 43.1024 0 3.76192 45.5088 2.4351 1016.3 92.2173 2.49379 169.908 215.159 89.4472 181.479 40.6339 47.3333 10.1978 65.7907 87.3953 137.982 54.9289 121.953 73.8165 103.725 
481.401 399.548 452.314 692.692 354.646 379.585 88.0567 5.66652 0 58.0565 1130.67 55.2066 160.351 14.0538 184.649 20.148 412.417 175.656 0.655448 91.0617 3.3939 23.5112 84.177 100.181 436.924 51.7397 22.4623 72.279 
94.6999 218.517 32.2469 106.038 61.5531 509.947 129.419 173.03 386.639 0 545.305 59.7011 184.368 83.6253 129.413 16.1899 83.2009 93.3937 107.59 39.4918 95.1849 20.5713 50.9135 56.1246 50.2347 38.6937 35.8791 46.2602 
86.8656 8.06079 122.267 160.684 131.821 272.451 109.299 53.6257 438.023 589.186 0 333.642 47.4405 211.36 329.344 111.666 32.5517 117.375 25.0646 85.731 146.549 38.9865 23.4254 30.0612 102.991 36.7174 68.2206 40.7018 
4.7332 172.191 151.83 3.46801 164.354 62.2225 135.199 665.449 32.6967 245.257 0.0063175 0 69.0671 122.926 83.0662 469.871 23.5118 0.732347 70.5608 65.5736 168.016 8.84721 103.752 10.9417 145.923 398.916 35.4546 61.0302 
101.783 96.7969 11.2884 72.9886 82.1688 185.849 8.3905 1.83217 0.194929 245.747 7.85724 118.364 0 51.6485 76.6896 42.3209 1.95996 91.552 67.2236 12.4688 66.5011 82.5402 33.6672 7.76621 13.8292 46.9739 6.75045 12.8617 
4.52082 35.2458 16.0566 1.26758 54.4472 16.035 93.6655 77.1182 29.9954 81.9649 198.633 92.8785 13.4797 0 37.3147 0.922535 2.22902 46.7315 20.9684 4.79407 34.9636 10.905 0.716296 8.32901 2.79718 11.9075 9.32652 8.21177 
70.3744 95.59 0.517299 17.6241 86.3256 2.11404 95.4354 0.931121 47.4396 8.11334 259.225 27.8165 118.962 58.7114 0 63.8753 27.9669 34.6699 38.4559 11.4421 15.4858 11.1782 12.5391 7.30611 0.435945 20.2485 17.0439 0.451909 
40.8498 37.6859 5.39107 4.81334 24.154 15.3389 36.74 193.931 142.43 7.0516 2.33842 152.031 83.5629 0.462725 4.56377 0 19.1501 50.1015 30.4015 6.10728 52.1737 11.8963 0.364031 11.7986 17.6678 23.7285 0.147654 9.76299 
373.06 498.921 2.14972 377.63 127.229 383.817 84.44 19.4587 419.885 41.2543 0.803767 27.9103 61.1814 9.11625 13.8324 13.9978 0 272.742 537.685 12.0699 1.87282 17.5049 9.93554 7.28857 372.9 23.7684 2.57887 21.3033 
50.5064 8.64721 0.435773 6.47036 24.0266 19.9732 223.6 52.9058 53.9449 0.393882 16.9456 14.1056 65.9306 53.1194 28.1715 0.0217789 261.558 0 0.292121 87.5499 60.2203 16.0221 17.2519 47.3716 46.1108 1.84046 43.0104 2.04714 
92.8976 168.578 6.06095 3.0041 130.096 80.8201 148.814 0.0156774 24.3661 121.673 12.8862 45.0643 33.1996 4.28699 4.54513 11.7367 45.0223 112.897 0 24.5637 61.1345 16.8098 16.3444 20.1897 7.51353 21.112 2.15611 0.0656647 
98.1653 141.637 24.9655 10.8691 84.4417 23.4396 0.300351 102.123 23.6917 31.6392 83.7755 86.5536 13.9198 2.63738 10.2074 0.102587 31.5342 76.7024 35.2762 0 17.146 5.14446 0.0114792 6.35497 13.4564 11.3369 2.80893 7.15087 
161.531 148.725 46.7721 63.9086 8.46653 47.2821 18.1777 147.642 168.04 98.9038 140.682 0.122318 13.5726 0.0391537 9.40488 10.5042 55.7218 94.4961 72.0947 201.145 0 27.9513 1.23611 14.4288 28.8948 50.7253 13.3807 36.1208 
40.3423 51.3939 9.90572 10.3343 56.7556 0.747827 4.10091 67.3542 67.5824 4.27976 0.546057 39.4768 87.218 5.1336 13.1767 0.00232937 1.53769 41.166 19.1484 0.38496 11.2017 0 14.9817 1.15244 10.7373 10.2387 1.19809 8.53512 
24.5802 14.8144 7.56887 15.3906 0.176094 16.415 65.4546 4.29305 47.2458 60.5494 1.07551 127.024 0.252413 0.0102398 10.0084 12.2039 2.38875 5.04997 20.1223 2.78834 35.4841 1.1714 0 2.0799 1.03721 9.29332 0.581882 5.90945 
0.00115304 46.6144 9.64406 25.7046 11.7826 9.99235 52.5118 6.85785 19.7117 17.6208 100.332 16.645 7.56573 3.83141 27.7415 0.275485 18.1737 14.9864 7.79998 1.82646 47.1409 1.70627 4.53697 0 3.20106 15.2429 18.9757 8.78036 
438.155 441.99 27.2949 405.96 43.1428 378.766 90.2708 41.77 452.138 68.564 73.7991 572.48 48.793 15.3695 13.258 52.6148 375.255 17.2377 1.31479 0.131122 2.59505 21.3413 16.9306 53.273 0 59.9561 171.534 142.944 
2.38816 8.36012 26.5786 22.4216 32.1055 14.4462 25.5609 1.50253 51.6407 74.7917 72.2935 46.8807 47.4655 11.1109 17.2315 29.5777 22.2403 0.00740862 0.323666 5.97671 46.1727 2.93405 10.106 11.1031 1.64053 0 24.0636 62.5875 
48.8246 28.0821 17.9371 26.3123 37.965 0.618341 18.6536 27.7424 3.18343 7.48051 63.7127 3.75733 33.5935 8.70534 19.233 5.72463 9.04349 33.8331 12.3585 1.39474 34.0821 1.58954 0.040566 0.0442215 10.3518 20.5986 0 86.3102 
1.19705 0.362772 0.238452 2.33328 48.5473 1.23749 54.1412 95.2836 55.7478 43.4156 5.78076 174.267 39.8062 1.93223 8.56289 6.8617 21.9229 10.0637 0.730541 5.23214 42.6579 3.44544 2.98323 0.604087 15.0661 40.5549 3.96455 0 
