0 344.205 0.0820767 656.616 158.323 443.511 72.4833 10.2902 431.466 78.3703 150.829 110.364 35.6854 11.1695 30.1999 69.3403 328.3 229.511 40.9391 16.0235 116.64 20.1074 5.0708 50.842 399.617 4.44179 30.1916 53.2192 
583.101 0 465.996 551.622 338.3 325.153 18.3349 18.7213 339.64 119.282 239.73 197.636 60.1276 0.0991194 50.5409 0.00469855 387.073 830.543 134.542 141.836 124.12 1.25347 3.86147 59.1774 399.641 2.28593 39.4539 0.127472 
0.841408 62.1185 0 12.8236 18.3703 0.00238267 52.5875 268.1 64.6312 29.242 37.8834 162.995 69.5163 16.4277 26.8545 20.121 55.2668 128.405 27.7895 1.93922 45.8916 8.08371 10.3066 3.39073 13.1061 1.10577 14.6032 5.66706 
326.18 548.923 156.01 0 31.2748 332.062 48.6157 400.314 445.994 65.991 191.379 2.08595 38.1417 2.7832 38.1325 42.8005 380.77 28.5678 0.0216293 20.0949 624.094 16.5536 5.52663 9.60596 332.868 42.2263 27.4543 26.1644 
147.948 121.173 124.606 133.792 0 431.593 297.48 176.039 192.217 298.621 195.768 106.661 168.692 0.0111113 3.8297 65.555 149.373 158.383 49.1662 75.4514 59.0887 20.8071 3.46183 11.6958 19.6454 67.1885 10.9776 4.27619 
457.491 446.847 50.2801 344.788 697.542 0 822.296 201.579 327.04 648.945 25.1714 42.6936 0.305911 3.17864 30.3861 0.00323864 341.833 1.33868 54.04 18.2115 18.4447 15.1629 6.38459 0.72377 346.261 20.8251 4.71809 4.91662 
118.367 516.233 249.618 23.1812 419.987 7.82142 0 200.459 7.12818 7.41181 73.0215 68.3913 3.75484 88.6952 96.0207 67.1164 109.79 135.535 71.4679 10.4113 143.909 62.5733 29.9856 3.1443 80.7556 85.3437 1.54268 36.3943 
24.2199 244.99 241.737 61.4411 212.29 139.178 195.545 0 166.058 209.815 327.934 634.012 85.8382 64.047 103.557 144.392 87.1825 90.6429 113.611 59.4733 0.381353 65.1389 78.2823 138.234 99.2622 128.659 42.0768 133.118 
362.207 729.888 421.303 644.026 256.29 327.498 1302.4 156.286 0 76.4297 1468.85 304.981 56.3168 126.539 220.592 13.8522 414.47 189.334 2.20068 100.686 0.372644 7.36 4.69652 93.4939 330.331 31.2579 78.0278 14.0054 
146.808 186.161 74.8746 6.4871 321.77 372.818 326.839 17.8153 171.064 0 582.265 232.182 25.3251 78.9614 92.8685 9.25944 47.2114 56.7014 65.149 14.3529 59.3147 59.444 53.591 3.62625 15.319 7.49745 44.8724 39.2626 
11.2288 110.863 7.48673 25.0309 226.062 272.558 316.971 373.343 917.871 532.88 0 5.28829 74.1668 96.7216 154.595 221.402 50.4897 12.4811 110.178 12.5746 107.229 45.124 86.5779 2.0924 40.0801 159.16 44.8107 31.8516 
1.52105 223.365 34.3896 162.048 168.571 67.2538 188.267 23.1322 394.044 28.4403 284.036 0 131.532 63.5964 3.61792 47.9659 45.9561 8.3211 100.493 16.1701 166.346 4.80232 3.58933 112.738 28.4622 257.641 98.1001 3.44667 
32.0238 7.08814 9.91788 66.9756 24.5741 13.1329 167.033 134.18 205.232 2.36623 0.708463 157.476 0 76.7197 81.914 79.5558 28.6073 41.93 28.6635 40.846 26.9769 66.0513 52.6169 0.0853544 35.4644 0.14248 1.20035 8.84759 
1.25893 9.07997 5.73846 17.9841 59.4888 17.6646 15.8924 126.262 82.537 84.0779 61.898 95.0697 154.305 0 61.5958 5.90462 14.2648 0.333458 26.6945 2.99258 39.7924 8.80465 6.38401 0.332686 15.1724 9.37411 1.01394 2.18246 
55.7253 34.3024 0.399644 4.47834 6.02918 25.9425 6.86485 145.232 35.1964 32.4983 83.4777 199.511 9.21162 18.4519 0 89.5885 2.66177 65.9276 38.5177 1.20055 1.90111 8.96379 18.1865 13.915 11.672 15.6007 17.2206 9.69696 
38.8191 45.2405 6.33648 16.3267 5.6394 25.6679 87.3084 118.395 127.01 68.0501 134.904 89.0411 16.4752 12.9947 11.4622 0 6.19422 61.6827 12.1084 9.62793 0.151187 10.0569 2.57385 4.06659 13.2195 31.8562 0.369351 8.05897 
367.854 468.215 4.47881 326.107 97.0323 325.103 1.75839 5.37259 356.163 84.0597 95.5311 50.7651 58.3769 0.16926 29.2223 11.231 0 163.029 51.9312 32.0998 5.96612 3.32713 17.7125 19.5991 328.504 15.7551 1.28032 12.3353 
208.331 428.155 16.7187 140.525 22.3832 26.8673 233.583 173.368 38.9842 145.699 124.634 0.00233936 15.832 6.3722 1.03147 11.9183 28.5919 0 10.3396 41.1794 8.2567 6.25389 31.5558 24.6761 13.9881 60.3047 22.609 50.3449 
38.5809 26.5261 9.66115 1.34443 0.105283 45.8248 36.1253 58.878 18.5571 93.952 120.711 2.99425 3.39032 21.4936 4.00743 0.594004 136.991 143.627 0 36.5086 7.20287 25.3636 11.9989 0.696819 26.8988 29.6241 23.5715 0.0903952 
27.0799 27.8475 10.3744 2.32794 74.0557 22.0046 3.23141 93.0276 2.01693 7.91096 32.7813 23.2638 41.5033 0.206762 2.99291 3.31872 10.9864 14.741 16.5157 0 23.1799 1.63238 3.1407 6.22231 0.719349 11.9283 2.13286 10.6298 
141.555 115.715 99.952 3.50043 47.2232 54.6843 17.0673 111.507 143.395 83.2267 92.201 2.63365 1.08798 1.35283 47.9185 62.803 61.9886 92.4163 25.7399 49.2172 0 1.95697e-06 37.8836 0.369217 58.5735 0.179134 0.762439 25.951 
31.0271 35.2324 0.553721 14.0888 21.2071 17.7845 5.56998 60.4467 36.431 15.0894 0.00213505 3.0501 56.7187 9.58106 2.32513 2.42445 19.9765 41.8879 25.3749 6.19568 8.99768 0 2.90138 14.0107 8.41366 10.3342 12.2553 8.30466 
1.00227 5.1598 10.9581 6.66585 39.5874 14.3154 52.2789 81.1745 3.04706 60.0187 21.5938 43.6617 6.1297 4.06428 15.7986 10.138 18.6322 42.2245 7.38357 0.00752419 6.23972 13.8926 0 3.90179 22.4516 0.277638 13.4818 9.57487 
35.5526 50.1564 6.70693 24.3338 46.529 1.72211 49.1318 16.9238 44.5418 12.9732 24.2081 123.327 24.9499 0.773899 3.72578 1.25643 5.11063 5.11723 23.9459 2.75364 35.4047 13.7919 2.57745 0 36.364 16.6513 16.762 13.8586 
381.275 380.426 24.2834 325.638 15.8416 353.056 91.6616 11.5426 452.469 40.5725 68.9518 299.712 55.876 3.07427 0.138463 34.0292 330.25 49.0815 30.7777 13.8107 9.95925 25.5263 16.8443 16.3297 0 92.6549 30.4092 31.9538 
2.69362 60.121 5.43618 12.6559 20.3884 10.9345 32.0676 229.014 31.3435 68.4918 48.6234 263.914 0.0802812 1.29721 12.5258 27.6616 0.0548786 55.7406 7.30169 7.65394 0.0668182 0.139681 1.07744 5.32868 27.0437 0 27.6156 31.0021 
21.4648 5.88724 15.714 5.21344 48.9876 9.88749 1.09097 59.5977 76.0717 18.9634 81.1323 110.151 11.6866 0.616595 19.3204 4.84753 0.227018 44.7875 9.11239 1.97752 14.9417 5.15612 13.0345 0.744683 24.489 16.7888 0 46.993 
14.0268 46.5298 20.3764 30.9765 46.1361 5.64833 36.3644 134.948 4.32977 42.3829 10.6869 71.9557 42.4099 8.51609 20.4708 11.0341 11.3635 43.7669 0.807388 0.467804 48.834 3.71766 1.3211 5.68557 8.97501 0.000341361 8.18467 0 
