0 452.491 0.0810516 757.143 165.799 535.15 65.8716 13.713 531.524 75.4039 153.75 105.496 34.3389 10.6586 31.1849 70.2489 422.496 227.359 39.1103 28.3885 123.289 19.7804 4.7728 50.3729 493.344 3.88925 30.6623 53.681 
712.143 0 453.786 658.394 310.891 418.809 29.7641 22.641 428.282 125.926 235.728 200.395 57.6777 0.0389448 52.1744 0.045251 477.75 421.646 131.267 141.975 127.211 1.40623 3.547 59.4689 492.795 2.70603 39.0095 0.0719936 
2.20968 89.7875 0 30.7423 22.08 0.0993091 61.4198 264.026 44.6636 26.8463 43.9954 159.525 68.9875 16.35 26.2488 20.4956 55.4024 132.014 26.7109 2.24763 48.8041 7.97515 10.4313 3.5702 12.6557 0.918037 14.7728 5.42103 
418.708 655.834 149.878 0 34.5846 426.78 43.2959 601.006 526.151 68.0883 193.835 0.815538 39.1503 2.56399 37.8623 42.6422 474.655 31.212 0.000640717 21.3131 339.27 16.5891 5.30708 10.0053 427.116 42.6408 27.4941 26.5451 
155.521 98.4328 130.219 136.921 0 427.281 314.725 179.584 203.355 305.815 200.938 109.472 166.988 0.0485774 3.23252 66.2325 150.379 163.515 58.2576 76.7786 57.2664 21.373 3.16854 11.2099 18.9462 66.7922 11.3131 4.57279 
550.821 531.369 48.3718 440.01 462.08 0 294.52 198.413 418.707 669.474 19.6303 39.7017 547.72 2.91128 29.5294 0.00132901 436.259 0.873328 56.1683 18.5361 19.3555 14.9392 6.601 0.818103 440.235 21.2002 4.87952 5.13545 
110.893 507.305 249.48 27.3762 426.231 46.9475 0 215.391 46.5363 2.0387 58.6496 62.3463 2.47328 89.6862 99.3159 65.2017 109.672 130.116 68.2342 11.4656 143.725 62.6748 28.9751 3.55707 81.6705 84.0984 1.74003 37.3163 
19.6647 239.137 234.325 98.1595 210.328 145.087 180.663 0 197.414 207.273 335.075 550.16 87.9947 66.5623 108.447 134.23 87.921 87.7213 113.108 61.5418 0.804669 64.8928 76.8708 138.523 94.0031 120.687 40.7052 133.743 
451.418 825.743 439.22 742.326 246.082 418.731 1301.86 187.077 0 64.9304 996.369 293.595 52.6083 123.945 233.406 11.904 509.279 186.339 1.60391 99.8823 0.138367 7.80992 4.02808 94.246 423.084 28.8438 78.2677 13.0464 
148.199 180.461 77.5005 5.49043 325.75 327.241 298.303 20.6137 185.904 0 593.915 234.905 33.5363 78.0584 89.1627 10.507 48.3078 59.0807 67.5207 15.0148 58.1417 59.7096 54.1876 4.06763 16.2263 8.3008 45.0921 38.6002 
12.9348 117.147 10.5687 21.6046 221.836 273.424 336.738 374.185 916.91 554.676 0 1.84383 68.393 89.6058 131.698 223.924 49.4553 13.8647 108.824 13.3768 105.348 44.2132 83.8601 2.79081 37.4361 157.433 43.786 33.4178 
0.831166 223.363 30.6407 170.445 167.142 70.6376 181.408 4.75239 397.526 32.4247 305.337 0 133.431 59.3741 6.49802 28.3598 46.8259 7.41468 100.44 17.2318 165.734 4.38987 2.79131 107.415 52.3968 279.442 99.6518 2.3369 
33.345 6.05915 9.14685 66.4081 27.1127 15.4412 162.328 132.869 205.42 5.42109 1.54762 157.998 0 70.4579 84.8211 78.7461 29.2571 40.6849 29.7487 41.0408 27.6772 67.711 54.7312 0.19154 36.1068 0.220855 1.3135 9.19674 
1.07403 8.4286 6.00739 17.6947 60.1747 17.9672 17.2726 126.326 79.315 83.9848 55.4901 90.7241 155.494 0 60.4545 5.19666 14.4374 0.251136 26.5983 3.03605 40.0724 8.64902 6.89512 0.453911 15.0099 9.16043 0.948507 2.06559 
54.8895 35.876 0.572299 4.94473 5.28214 25.0153 8.46434 141.094 40.5178 35.9692 64.9873 208.913 10.9735 14.1729 0 89.3712 2.82005 66.2611 38.4899 1.12577 1.67512 8.70864 17.425 14.7609 12.2818 14.8736 17.377 9.34631 
37.4846 46.563 5.91902 15.3635 5.10353 25.8931 85.8279 108.289 129.565 69.7899 127.094 119.169 15.1497 12.2495 6.94728 0 6.39001 61.7098 11.802 9.60882 0.241804 10.1723 2.85701 3.16197 14.126 32.191 0.301468 7.65441 
459.926 560.407 4.9725 419.96 94.0137 418.78 2.17765 4.87582 448.5 84.1264 95.4301 51.6242 57.9839 0.139179 29.3132 11.458 0 152.257 351.966 31.9176 5.59785 3.43304 17.784 19.5204 421.987 15.5257 1.34585 12.5085 
204.395 432.124 19.5429 141.69 19.2527 28.9455 232.798 174.532 42.3018 145.288 122.308 0.0459321 14.9332 6.01395 0.839258 11.367 22.4433 0 11.8895 39.7727 7.47117 6.48515 31.9192 25.1204 13.48 60.0905 22.9436 50.2219 
36.78 29.3977 10.4636 1.07926 0.129924 43.6441 38.8974 57.3414 20.3581 95.9557 119.755 3.39475 3.85075 21.723 4.28676 0.683724 143.919 144.799 0 36.4717 6.76236 25.3838 11.7993 0.630593 27.0808 29.5159 23.5119 0.067752 
33.3784 24.9656 10.9421 1.82882 75.4178 22.221 2.65933 91.3272 2.50791 8.44188 33.8744 22.0738 41.6687 0.225406 2.88443 3.43094 11.347 13.7008 16.0757 0 13.0215 1.67085 3.17007 6.23932 0.65511 11.8966 2.20084 10.6851 
148.087 118.927 102.381 8.23515 48.9902 55.6403 15.6801 115.524 146.125 82.3373 90.1746 3.32992 0.922494 1.50826 47.415 62.7014 61.5961 93.805 25.0271 66.3002 0 0.00132291 37.7198 0.459378 58.3219 0.105739 0.672072 26.4435 
30.7498 35.6807 0.508391 13.9824 20.6421 17.9541 5.17047 60.0338 35.7077 15.8409 0.0224145 3.3988 58.5378 9.70555 2.50088 2.29726 19.9071 41.9509 25.3531 6.2105 9.19116 0 2.59686 14.0516 8.7504 10.3744 12.2995 8.37147 
1.14769 4.79967 11.0664 6.43446 39.0143 14.4618 51.351 82.4927 3.63494 59.8146 19.5536 41.2514 7.24883 4.61241 14.984 9.86442 18.5867 42.4147 7.19797 0.0107817 6.49819 14.1094 0 2.88352 22.6316 0.329936 13.4904 9.6258 
36.2411 50.722 6.49375 24.5611 46.0657 1.58746 50.0366 15.0305 43.0067 12.2383 22.2338 118.151 23.788 0.61508 3.17107 1.87313 5.24436 4.84707 23.9331 2.69286 34.9734 13.8664 3.55408 0 34.9714 16.6795 16.9589 13.7791 
473.992 475.003 23.9626 419.1 16.5018 446.781 91.5074 14.1584 545.74 41.6545 65.9663 650.076 55.8212 3.29703 0.234075 32.3327 423.707 49.5389 30.8079 13.7999 9.45632 18.4731 17.0914 19.4283 0 86.8916 31.0478 59.0679 
2.26276 59.0042 5.04416 13.5229 21.1952 10.5097 33.7156 231.115 28.9264 69.2776 52.3272 241.519 0.141289 1.15946 11.8153 28.4211 0.0360894 55.3328 7.05483 7.51838 0.127161 0.163767 1.17399 5.63129 28.1013 0 26.8154 28.2408 
21.9384 5.58419 15.5577 5.45643 48.9381 9.69794 0.935142 60.9628 75.699 19.4279 81.6033 108.982 11.3937 0.564882 19.3945 5.07396 0.199939 44.8214 9.27198 1.91234 14.604 5.2627 13.094 0.634113 25.4774 17.6726 0 51.6695 
13.4414 45.8842 20.2172 31.201 46.5685 5.42196 35.4429 135.213 3.77704 41.7556 9.69357 76.2884 42.2039 8.37668 20.231 10.609 11.5365 43.4474 0.737377 0.427004 48.6247 3.63936 1.24607 5.49729 8.6489 0.133535 5.72719 0 
