0 245.793 8.6941 437.157 199.203 202.657 38.0296 35.7968 240.382 61.5906 166.419 82.9815 28.2156 8.38265 35.8495 74.0619 104.017 213.729 30.8301 98.2809 154.167 18.2462 3.48155 48.0002 171.687 1.7675 32.8484 55.6838 
547.63 0 331.085 386.304 180.497 106.454 114.916 45.4002 97.0853 156.627 214.005 211.434 46.4622 0.126011 59.7621 0.790627 142.581 438.751 114.756 140.048 140.947 2.23761 2.23901 60.6257 168.511 5.13092 36.8715 0.0221648 
16.9449 256.011 0 177.123 43.1512 2.42626 107.853 235.303 0.000282031 16.6389 76.9056 140.955 66.089 15.8651 23.1938 22.0833 55.6641 146.757 21.7319 3.96304 62.8271 7.45838 10.9786 4.45473 10.5677 0.265642 15.5404 4.31708 
122.497 384.69 28.6688 0 51.6042 111.026 21.6727 1019.87 148.333 77.5665 201.85 2.70401 43.8518 1.64266 36.2761 41.2961 153.837 44.6742 0.298935 27.0833 57.5332 16.7246 4.31538 11.9187 108.521 44.0835 27.5896 28.2198 
189.821 20.2126 154.288 149.63 0 306.361 384.052 194.729 253.627 328.472 223.034 122.364 157.329 0.577479 1.09126 69.1129 153.481 186.106 107.656 82.5133 48.8153 24.07 1.95634 9.03415 15.7714 64.6697 12.9359 6.08636 
225.749 168.182 38.6872 126.132 361.644 0 1004.16 179.622 138.967 977.02 2.57966 26.7101 121.795 1.79403 25.2951 0.225239 118.398 0.0131776 65.7512 19.9734 23.8183 13.852 7.63126 1.33387 120.046 22.8609 5.66192 6.20706 
77.1327 431.918 237.153 50.6846 434.173 607.67 0 283.543 587.152 21.6117 11.0628 36.9052 0.0232699 93.5324 113.739 55.9896 108.511 104.469 53.3687 16.9818 141.981 62.9358 24.3171 5.81276 85.4928 77.7026 2.82023 41.6342 
4.42585 208.548 192.604 246.567 199.092 170.838 113.742 0 358.738 192.88 361.152 180.625 97.9382 78.2445 130.594 87.1457 91.1282 74.081 110.236 71.1755 4.85809 63.5721 69.9007 138.182 69.6492 83.6064 34.3756 135.38 
112.332 500.174 472.4 426.661 195.158 137.066 884.359 347.373 0 22.0723 750.423 235.771 36.3976 110.948 313.238 4.62885 192.788 170.784 0.0588024 95.4791 0.561714 10.0776 1.55755 97.2055 98.288 18.5403 79.1447 8.94034 
153.364 151.58 89.097 1.88784 332.099 130.734 162.783 36.1033 254.797 0 591.066 244.008 84.3808 72.9467 70.9087 17.2381 53.3903 70.4289 78.4955 18.2438 52.5742 60.6418 56.6688 6.44922 20.7208 12.5369 46.0111 35.4124 
22.4052 146.95 31.4821 8.64409 199.512 267.511 418.039 369.156 690.035 604.501 0 9.44017 43.4995 57.7162 42.2698 228.653 44.5916 21.23 101.973 17.4075 96.2101 39.9055 70.7602 7.36341 25.8797 147.063 38.9757 41.0331 
0.363713 221.009 15.5419 206.841 159.397 86.6549 148.133 101.626 402.806 53.9135 398.837 0 141.595 40.6007 30.4766 5.97169 50.8924 3.83045 99.8465 22.5589 161.793 2.68819 0.373447 82.0753 89.0711 363.082 106.334 0.000467728 
39.7375 2.27804 5.89502 63.4417 40.3294 44.8551 138.669 126.042 204.005 35.4953 9.73474 159.388 0 42.3473 97.4036 74.1675 32.3236 34.9411 34.9608 41.8461 31.0176 74.9369 64.3205 1.25218 39.0577 0.816147 1.91044 10.9025 
0.39938 5.65771 7.30212 16.2669 63.1379 19.2673 24.3221 125.284 64.0996 82.5081 28.9307 70.2236 154.381 0 46.3127 2.33247 15.2359 0.0200924 26.0754 3.23713 41.2958 7.86643 8.84019 1.25308 14.1449 8.11442 0.668062 1.5518 
50.7756 43.4332 1.78298 7.38883 2.40819 20.5761 17.9925 120 69.1582 53.5301 7.28224 246.213 21.0005 1.03272 0 72.7629 3.61779 67.5781 38.2187 0.803749 0.800844 7.51364 13.6233 18.653 15.2048 11.4998 18.0561 7.73258 
31.2767 52.703 4.09913 11.0474 2.92432 26.7386 78.2381 63.5761 139.982 77.2961 90.1932 286.615 9.53967 8.60366 1.09233 0 7.33668 61.6218 10.3835 9.48146 0.948398 10.673 4.3098 0.376894 18.4885 32.8449 0.0740335 5.83182 
131.044 230.573 7.59418 99.5711 79.5379 97.6299 4.72794 2.85173 120.951 84.051 94.658 55.6151 55.9992 0.0370742 29.6756 12.5303 0 101.993 18.7637 30.9611 4.01262 3.94831 18.097 19.1243 99.6127 14.4414 1.67399 13.3214 
183.21 374.746 35.1834 145.28 7.537 39.3691 225.78 178.825 59.1737 142.297 110.957 0.986904 11.0126 4.45435 0.199608 8.91683 3.22846 0 20.4463 33.2411 4.28097 7.61692 33.5859 27.2021 11.1852 58.8982 24.5136 49.5434 
28.6615 44.3475 14.5569 0.220098 12.6288 33.527 52.7554 50.1472 29.7252 104.645 114.646 5.59751 6.38171 22.7555 5.70678 1.18727 168.151 148.833 0 36.1558 4.8626 25.4335 10.8614 0.362778 27.8863 28.9396 23.2044 0.0049541 
71.1811 13.2185 13.662 0.277999 81.3381 23.105 0.706747 82.8294 5.50273 11.1203 39.0856 16.7934 42.3323 0.323152 2.39361 3.96853 13.0775 9.2464 14.0287 0 4.78972 1.8554 3.30373 6.30387 0.391958 11.7054 2.53064 10.9224 
177.438 133.384 112.546 66.966 57.4455 59.9494 9.87556 134.076 158.047 77.9137 80.5164 7.6582 0.326397 2.34683 44.9287 61.9435 59.6162 100.026 21.7462 165.251 0 0.0456484 36.8771 1.01293 56.9489 0.0185522 0.322952 28.751 
29.4103 37.7398 0.320462 13.4616 18.0343 18.6868 3.47789 57.9562 32.309 19.5202 0.404187 5.27492 66.7226 10.2157 3.3954 1.73611 19.5582 42.1818 25.2059 6.27246 10.1168 0 1.36004 14.1127 10.3945 10.5393 12.4848 8.67506 
1.95863 3.26851 11.5309 5.37729 36.255 15.088 46.8389 88.2255 7.0529 58.4723 11.1544 30.4676 13.602 7.11023 11.0783 8.44638 18.3484 43.2245 6.34431 0.0338733 7.76807 14.8851 0 0.100023 23.124 0.633142 13.4737 9.83462 
39.4108 53.2289 5.50806 25.4803 43.7819 1.02253 54.1373 7.51526 35.9066 9.01033 13.9023 93.0208 18.5328 0.107026 1.12112 6.16824 5.88781 3.66625 23.8273 2.40999 32.888 14.0878 9.42578 0 27.6638 16.6454 17.7874 13.3434 
147.806 157.557 22.3265 96.9766 19.7205 125.361 90.1954 29.574 221.248 46.65 52.1734 1025.62 55.3512 4.41716 1.01112 55.1539 101.2 51.5784 30.8848 13.707 7.239 60.3107 18.2373 40.5704 0 6.85624 116.591 112.638 
0.732812 53.57 3.36352 17.786 25.0984 8.56477 41.6937 233.792 18.6098 72.4596 70.5587 133.842 0.655805 0.608718 8.60914 31.2549 0.000336598 53.2633 5.9362 6.87175 0.667079 0.302049 1.67448 7.1001 32.8511 0 22.856 15.9622 
24.179 4.25659 14.7913 6.65177 48.6192 8.80994 0.362098 67.2511 73.7186 21.6315 83.5203 102.788 10.048 0.350983 19.6727 6.17871 0.0955609 44.9142 10.0287 1.61781 13.0449 5.76764 13.3194 0.231197 30.677 21.8325 0 72.1768 
10.8158 42.7673 19.3911 32.0924 48.5078 4.40314 31.1324 135.136 1.67202 38.7069 5.62889 96.87 41.1377 7.70215 19.0016 8.63546 12.3505 41.8742 0.449952 0.259461 47.5276 3.27706 0.91936 4.63118 7.21399 3.90508 0.0178362 0 
