0 299.403 20.6832 370.13 217.679 151.847 24.0854 53.8439 215.893 53.304 173.255 69.6591 24.6343 7.09062 38.7327 76.0102 63.3148 202.661 26.0384 120.688 172.293 17.3047 2.77874 46.4077 128.242 0.863323 34.1705 56.7746 
578.464 0 224.073 360.834 108.458 76.2418 186.719 62.5807 59.817 174.521 198.539 216.542 39.8727 0.483216 64.3124 1.70145 91.6153 429.187 103.877 136.779 148.645 2.8418 1.576 61.1597 123.513 6.98298 35.5167 0.164946 
32.2022 359.445 0 259.861 58.5534 5.32634 138.307 210.914 17.1289 11.3662 99.6211 127.988 63.9799 15.4711 21.1755 22.9047 55.5152 153.735 18.7753 5.21919 71.5423 7.13522 11.2818 5.02973 9.31656 0.0576656 15.9875 3.68397 
117.568 359.981 220.901 0 63.0155 72.1395 11.6621 486.449 79.1962 82.9996 203.753 10.2385 46.6957 1.16915 35.0518 39.991 110.987 53.6472 0.807258 30.5789 491.702 16.782 3.74028 13.1168 67.4432 44.5413 27.573 29.1496 
209.186 0.976125 166.595 155.62 0 210.22 413.812 202.671 281.601 332.487 234.546 129.974 150.119 1.1911 0.332153 70.6252 154.029 198.462 141.521 85.5909 43.7379 25.7565 1.3489 7.78713 13.9143 63.1556 13.9718 7.11456 
178.976 102.168 32.4023 87.9699 375.359 0 945.627 165.251 158.304 434.227 0.0276404 19.7331 354.439 1.22839 22.5704 0.55272 77.695 0.581124 71.1697 20.7791 26.6992 13.1561 8.27272 1.70925 77.7528 23.7906 6.16231 6.8999 
58.1403 363.815 220.616 67.3959 421.247 909.464 0 321.531 1006.33 68.1722 0.328433 24.0788 1.48217 95.2025 121.527 50.2193 107.304 88.8712 44.6385 20.8013 140.194 62.9179 21.5435 7.45346 87.4342 73.3633 3.60929 44.2688 
0.414506 187.71 162.908 258.652 190.623 184.49 77.2807 0 457.498 182.186 370.484 37.8838 103.856 85.2155 143.154 60.5812 92.8779 65.8351 108.064 76.966 9.01232 62.6255 65.3727 136.584 55.4037 62.2013 30.5975 135.303 
61.5337 443.09 448.04 373.988 162.688 155.515 453.497 446.892 0 6.45792 1354.94 198.181 27.5801 102.478 239.524 1.78655 152.574 160.133 0.152583 92.2796 2.07196 11.5954 0.601939 98.54 54.1146 13.161 79.4772 6.75787 
155.376 132.625 95.4567 0.591666 325.694 64.3666 89.978 47.3709 293.873 0 543.123 246.447 123.142 69.1456 59.3952 22.0171 56.4453 77.4832 85.0151 20.3179 49.1161 60.9522 57.9185 8.15644 23.6553 15.4951 46.4823 33.3973 
29.3569 165.11 49.0034 3.46665 184.039 255.926 454.705 358.818 501.719 588.021 0 33.1596 30.4061 40.2753 9.98336 225.598 41.6043 26.437 97.3859 20.0905 90.3772 37.2414 62.5663 11.1942 19.5959 138.977 36.0293 45.8926 
2.35831 217.658 8.5709 225.688 153.827 96.4331 127.318 289.349 396.85 69.0943 446.84 0 145.957 30.2417 52.7921 51.1019 53.3734 2.19187 99.1976 26.0923 158.511 1.8388 0.00212042 66.7462 48.9037 391.957 109.904 0.959206 
43.8025 0.840276 4.21574 61.3804 49.3961 54.789 123.199 121.322 201.261 65.318 18.1243 159.363 0 27.2877 104.044 70.7584 34.2175 31.5083 38.2437 42.2499 33.1113 78.8377 69.81 2.35918 40.811 1.3675 2.33133 12.0038 
0.145464 4.20129 8.11621 15.3392 64.7371 19.9583 29.0672 123.552 54.8626 80.7627 16.2467 57.8924 148.277 0 32.8983 1.06853 15.7165 0.00643455 25.6961 3.35806 41.971 7.34823 9.50284 1.91381 13.5349 7.44402 0.518072 1.26623 
48.1058 48.1707 2.84265 9.08236 1.17996 17.8318 25.3619 106.038 89.0323 64.9725 0.547366 262.052 28.4294 0.597357 0 53.2133 4.15246 68.1794 37.9369 0.630235 0.418838 6.78662 11.2064 20.8912 17.0235 9.50424 18.4265 6.77541 
27.546 56.3882 3.11178 8.61944 1.87013 27.0779 73.1114 40.0936 144.953 81.2811 68.4431 385.885 6.64856 6.39706 10.7105 0 7.94062 61.3907 9.53025 9.37251 1.61202 10.9455 5.27675 0.0151311 21.1872 32.4771 0.0101102 4.78925 
83.6424 181.381 9.44146 57.459 70.5274 55.1053 6.76383 1.8653 74.4248 83.6847 93.9396 58.029 54.6671 0.00656126 29.8456 13.1943 0 73.1816 10.3489 30.2922 3.1582 4.28004 18.2711 18.8591 56.0778 13.7696 1.8928 13.8207 
168.288 286.399 46.4545 145.897 2.93799 46.2257 218.825 180.473 70.4634 139.608 103.68 2.16797 8.85852 3.59873 0.0244621 7.52923 0.00266353 0 26.6821 29.3222 2.73953 8.35047 34.577 28.4765 9.85201 58.014 25.4778 49.0439 
23.9967 54.5579 17.3122 0.0134999 29.9226 27.5513 61.829 45.7635 36.1687 109.322 111.017 7.21239 8.23284 23.352 6.66592 1.5638 179.631 150.07 0 35.8451 3.83606 25.4269 10.2847 0.233754 28.3405 28.5296 22.9923 0.00219453 
99.0662 7.65911 15.3501 0.000185239 84.5463 23.5351 0.122528 77.2408 7.89457 12.9102 42.3367 13.8224 42.6464 0.39155 2.10791 4.30634 14.1687 6.88661 12.7915 0 32.4007 1.97212 3.38235 6.33087 0.26228 11.5535 2.74215 11.0497 
193.852 141.645 117.638 89.831 62.7452 62.4353 6.91712 145.063 164.558 75.001 74.4962 11.1668 0.109289 2.95086 43.3042 61.249 58.2888 103.585 19.788 229.171 0 0.104293 36.299 1.45957 55.9502 0.177046 0.170283 30.1631 
28.5566 38.9657 0.225555 13.124 16.4723 19.083 2.59163 56.5668 30.2225 21.8919 0.873821 6.62109 71.3768 10.4645 3.99854 1.42271 19.3245 42.2703 25.0783 6.3043 10.7003 0 0.778566 14.0421 11.4475 10.6208 12.5801 8.85337 
2.56139 2.46191 11.7788 4.75438 34.5072 15.4202 43.955 91.3431 9.67566 57.3381 7.04885 24.3786 18.3244 8.3723 8.71896 7.49166 18.1814 43.6533 5.83431 0.0544772 8.59428 15.1506 0 0.313922 23.13 0.86556 13.4169 9.93765 
41.2998 54.642 4.91828 25.9191 42.2925 0.732394 56.5225 4.10538 31.6654 7.22394 9.62813 77.4185 15.5021 0.00169055 0.362304 9.69993 6.29614 3.01343 23.725 2.23844 31.5594 14.1169 13.3958 0 22.8143 16.4882 18.2138 13.0259 
101.767 116.871 21.2227 53.8868 21.7903 82.2612 88.9117 41.338 175.513 49.6268 44.017 273.07 54.8882 5.15976 1.75114 76.3768 57.5785 52.74 30.8787 13.6154 5.99957 90.3286 18.9253 54.9589 0 40.9849 22.2179 29.2567 
0.205748 50.0965 2.47422 20.5185 27.5811 7.41992 46.7401 229.478 13.2206 73.9778 82.1945 75.1292 1.15835 0.353151 6.78808 32.3204 0.0215741 51.8668 5.28287 6.46728 1.20869 0.40765 2.01861 8.02996 35.5258 0 20.308 9.57619 
25.5683 3.5201 14.2946 7.42926 48.3519 8.26655 0.141131 70.9937 72.3148 23.0021 84.4528 98.437 9.24553 0.243559 19.7856 6.8882 0.0501047 44.9165 10.5001 1.44631 12.1085 6.08146 13.4132 0.0811156 34.2614 24.3438 0 82.2482 
9.30828 40.7864 18.8207 32.503 49.6221 3.81517 28.5081 134.001 0.789909 36.7556 3.64329 109.404 40.4021 7.27297 18.1663 7.45633 12.8528 40.8482 0.307329 0.176388 46.7603 3.05871 0.740209 4.11637 6.46649 8.60298 1.61952 0 
