0 556.572 29.8017 545.406 227.496 344.119 17.254 65.7557 423.619 48.5803 176.875 62.1544 22.6154 6.37595 40.4155 76.9995 261.951 195.339 23.3644 123.663 182.362 16.7556 2.40134 45.4322 325.004 0.481064 34.934 57.3601 
805.778 0 161.095 562.866 72.6805 283.134 232.519 73.5767 264.399 184.411 188.883 218.896 36.1587 0.799343 66.9114 2.39201 284.308 464.337 97.3475 134.158 152.835 3.22739 1.23992 61.4077 319.391 8.18845 34.7118 0.310019 
42.9704 409.244 0 284.493 68.1829 7.49943 155.901 194.834 42.4254 8.69349 113.368 119.998 62.6383 15.2083 19.9606 23.3247 55.3182 156.981 17.0987 6.01673 76.5919 6.94466 11.4465 5.37537 8.60183 0.00615121 16.2395 3.33162 
343.082 562.495 280.194 0 69.9092 271.851 7.15076 1305.23 264.929 85.9996 203.759 16.7963 48.3332 0.927083 34.2535 39.0684 308.121 59.0692 1.21852 32.5668 486.337 16.8062 3.41783 13.8205 265.749 44.652 27.5365 29.6545 
219.633 1.17562 172.689 158.406 0 173.052 425.617 206.776 296.446 331.163 240.435 134.279 145.497 1.65098 0.0906887 71.4128 153.86 205.027 161.707 87.2154 40.8272 26.7499 1.04401 7.09238 12.8657 62.1994 14.5903 7.74911 
373.383 287.357 28.7191 287.943 295.394 0 1083.96 156.036 401.142 431.786 1.45358 16.0675 112.781 0.943775 20.9568 0.810358 276.195 1.30156 74.1172 21.2193 28.4241 12.741 8.64887 1.94856 275.273 24.298 6.46118 7.31574 
47.9168 319.167 208.194 77.7525 407.641 949.287 0 341.493 1190.33 105.487 1.09767 17.722 3.38252 95.9211 125.613 46.8419 106.425 79.9502 39.7404 23.169 138.9 62.8439 19.9627 8.49835 88.4161 70.7018 4.11408 45.7956 
0.0461614 175.031 144.827 278.908 185.166 191.499 58.4553 0 510.442 175.359 373.396 2.87161 107.228 89.1709 149.973 46.5878 93.8188 61.0977 106.654 80.2751 12.0106 62.0254 62.6575 135.164 47.5088 50.6003 28.4404 134.871 
255.273 628.127 418.985 560.965 143.818 398.004 229.956 500.754 0 1.58849 941.089 176.116 22.8949 97.4312 203.327 0.732662 351.235 153.582 0.579718 90.2461 3.39376 12.5249 0.248187 99.1424 250.883 10.3943 79.5972 5.61056 
156.124 121.346 98.8378 0.17082 318.38 51.6845 55.3233 54.4925 314.576 0 500.983 246.719 147.298 66.716 52.7265 25.0028 58.1985 81.6048 88.7067 21.5565 47.0889 61.0389 58.546 9.23537 25.4212 17.3375 46.7238 32.2042 
33.7881 175.5 60.5957 1.49908 174.501 246.549 470.177 350.327 425.806 562.026 0 53.2445 23.6792 31.1829 1.32627 221.726 39.8638 29.7046 94.586 21.7252 86.9076 35.6834 57.7848 13.7741 16.2578 133.715 34.3166 48.7787 
4.32566 215.04 5.40288 235.084 150.304 102.052 115.237 426.217 390.161 78.5247 470.105 0 148.256 24.7263 67.9979 95.3466 54.8139 1.43997 98.7181 28.2385 156.299 1.41398 0.186048 58.0833 55.0725 398.916 111.785 2.36791 
46.2165 0.32278 3.35458 60.0966 54.9734 51.7132 113.978 118.392 199.005 85.9191 24.1444 159.034 0 19.6893 107.457 68.5753 35.3251 29.5435 40.182 42.4528 34.3473 80.8974 72.8242 3.16364 41.8106 1.75469 2.59623 12.6651 
0.0548891 3.44206 8.59504 14.782 65.5881 20.3203 31.9603 122.161 49.5806 79.456 10.3812 50.919 142.912 0 24.6685 0.54362 15.9935 0.0442419 25.4543 3.42767 42.3373 7.03464 9.65852 2.35079 13.1533 7.04577 0.438596 1.11077 
46.5027 50.9517 3.56703 10.1314 0.659454 16.2449 30.1367 97.6829 101.139 71.7279 7.57258 268.341 33.1397 3.27241 0 40.5359 4.48026 68.4555 37.7317 0.537798 0.251623 6.36669 9.8083 22.111 18.083 8.38363 18.6256 6.23173 
25.4116 58.4963 2.58749 7.30192 1.35882 27.2101 69.9795 28.4103 147.304 83.3545 56.4942 433.202 5.17671 5.17954 20.2269 0 8.30095 61.193 9.03938 9.29813 2.08003 11.0915 5.85644 0.307773 22.7418 31.9918 0 4.21338 
278.276 374.561 10.5983 255.192 65.2786 252.618 8.1146 1.38237 269.585 83.3575 93.434 59.4229 53.8503 0.000243034 29.926 13.5835 0 57.7671 369.781 29.8734 2.70267 4.47913 18.3661 18.6965 252.911 13.3755 2.02674 14.1122 
159.036 240.674 53.4975 145.685 1.22222 50.3506 213.875 181.076 77.3231 137.745 99.3455 3.06998 7.69522 3.13664 0.000195319 6.76304 1.29143 0 30.6378 27.0815 1.99201 8.79231 35.1435 29.2181 9.1022 57.4447 26.0405 48.7231 
21.4056 60.8073 18.9947 0.00825647 43.0579 24.2015 67.2698 43.226 40.1495 111.79 108.734 8.24644 9.41531 23.6862 7.25537 1.80721 186.562 150.342 0 35.6225 3.28774 25.4098 9.94792 0.171126 28.591 28.2704 22.8603 0.0133553 
116.089 5.06641 16.3307 0.0827803 86.2523 23.7445 0.00383502 73.8706 9.4798 14.0029 44.2458 12.1935 42.796 0.434409 1.94706 4.50572 14.8143 5.65167 12.0785 0 58.55 2.04145 3.42697 6.34209 0.198118 11.4528 2.86874 11.1174 
202.665 146.206 120.155 87.9518 65.8636 63.8232 5.4158 151.271 168.039 73.2355 70.9647 13.5072 0.0358485 3.33469 42.3232 60.7633 57.4752 105.562 18.667 262.731 0 0.14975 35.9402 1.75794 55.3129 0.344978 0.103247 30.9844 
28.0474 39.6666 0.177515 12.9208 15.5764 19.2944 2.13016 55.7165 29.0068 23.3101 1.23123 7.4743 73.9299 10.5855 4.36814 1.25156 19.1811 42.3029 24.9907 6.32067 11.0462 0 0.509117 13.9626 12.0737 10.6611 12.6291 8.95453 
2.94988 2.03991 11.9097 4.40132 33.47 15.5947 42.2386 93.0076 11.3845 56.569 5.05658 21.0515 21.335 8.94111 7.39717 6.91559 18.0767 43.879 5.54198 0.0687876 9.09267 15.2271 0 1.13758 23.0272 1.01705 13.3671 9.98866 
42.3786 55.4197 4.581 26.1289 41.3938 0.583892 57.8617 2.56974 29.2458 6.25644 7.4596 68.4562 13.8163 0.0160959 0.110024 11.9585 6.53913 2.6586 23.6519 2.13924 30.7681 14.0956 15.5578 0 19.9662 16.3485 18.4319 12.8235 
297.088 315.296 20.5468 251.083 23.0288 279.294 87.9956 48.8934 370.75 51.3226 39.4187 1092.02 54.5565 5.60987 2.27283 82.3068 254.359 53.3846 30.8561 13.5497 5.32119 85.2298 19.3196 62.1472 0 79.7109 106.419 69.1323 
0.0471689 48.0303 2.01043 22.1358 29.0564 6.77321 49.7164 224.892 10.4481 74.702 89.0388 46.8809 1.51741 0.234707 5.79343 32.6812 0.0493691 51.0086 4.9139 6.22917 1.59885 0.476608 2.2316 8.57762 36.9759 0 18.8002 6.46552 
26.3829 3.11872 13.9958 7.8976 48.1704 7.95045 0.0590293 73.1269 71.4303 23.8072 84.9083 95.7184 8.78588 0.189503 19.8307 7.31176 0.030207 44.8983 10.7777 1.34958 11.5697 6.26584 13.4519 0.0287652 36.4563 25.7735 0 86.7849 
8.46788 39.6084 18.4664 32.6927 50.2442 3.48625 26.989 132.957 0.423858 35.5918 2.67331 116.562 39.9444 7.01792 17.6526 6.78576 13.1467 40.2282 0.236181 0.135011 46.2796 2.93278 0.64352 3.8231 6.09944 12.0636 4.35201 0 
