0 482.661 37.083 494.778 125.374 349.885 235.438 227.248 465.3 4.51749 2.97845 55.7586 2.17889 17.127 9.25795 10.6935 309.731 81.9355 92.7548 158.765 145.1 36.225 43.0854 43.2071 273.327 3.42158 51.1639 61.0076 
239.881 0 418.15 464.159 451.494 394.569 265.519 173.176 577.572 83.3745 260.181 105.71 32.9247 12.6841 88.3185 0.336476 354.114 73.4858 11.5529 22.4711 138.386 29.0482 17.6801 57.6013 256.057 83.2902 0.904042 49.0201 
24.7653 148.495 0 4.21393 62.7481 43.4214 240.565 162.143 14.0359 94.2363 59.8407 27.5703 69.7687 1.23185 25.6891 21.3773 40.4037 75.2551 31.9107 16.6472 6.86952 1.75919 8.25091 1.47293 26.3636 21.9389 2.11193 12.9607 
332.799 466.611 200.871 0 74.008 220.736 60.4368 753.465 287.291 9.52111 22.4846 145.082 18.5443 15.9323 16.3852 35.8944 245.85 116.414 8.09434 9.47436 749.395 2.13819 16.5526 12.9926 243.845 44.6523 12.0977 0.142762 
135.845 245.043 0.0539173 159.784 0 108.33 62.266 90.0432 43.2222 38.1722 258.972 20.8876 74.9204 0.277492 89.8813 45.9639 16.75 161.985 16.3543 86.6576 104.995 2.02336 29.7053 47.1533 1.23319 16.5929 0.138498 6.53862 
345.709 233.845 0.937862 218.727 206.911 0 908.276 140.464 252.227 647.572 5.1742 43.6046 424.683 4.2799 0.81929 5.48432 268.514 85.1921 3.54205 20.9111 13.1623 16.5627 11.8414 17.3093 223.699 18.0721 16.2835 11.3455 
198.134 286.497 21.6877 15.3901 222.19 465.258 0 364.911 970.518 495.198 246.164 23.6801 104.649 56.8875 138.86 14.8147 18.4887 92.5994 49.5658 30.2835 74.6594 48.6439 72.3895 5.44454 86.1995 88.6992 4.67048 19.0934 
88.2704 169.429 110.734 24.2453 215.422 200.922 54.697 0 0.0912116 50.4299 5.07636 1029.52 89.6586 3.40299 166.491 205.566 88.6089 181.422 38.8859 49.7797 12.3901 66.0246 88.7605 137.372 49.3306 131.507 72.3273 101.056 
344.278 245.179 464.975 549.102 352.832 250.508 199.757 0.554005 0 71.3794 1216.31 66.3762 164.455 15.4749 164.707 23.0807 265.758 171.492 0.300294 92.4775 4.5184 22.6942 82.6376 100.114 289.256 55.1792 21.5228 70.7681 
91.2032 213.574 29.2838 105.506 73.64 524.773 161.17 167.91 385.267 0 516.904 53.5858 167.041 83.2447 130.927 14.3905 82.8967 90.5702 109.45 40.3149 94.5924 21.557 51.7343 56.6692 51.4259 40.2761 36.3665 46.9249 
82.6559 10.8703 112.497 165.844 124.563 270.356 131.055 63.3987 534.446 572.506 0 308.591 41.5801 209.389 305.434 102.213 33.7339 120.244 26.8781 85.9619 145.846 37.884 20.9025 27.4938 106.23 40.8042 67.2113 42.6979 
6.54204 176.587 156.409 6.28751 166.23 66.2429 126.603 565.705 24.6831 243.924 1.47062 0 72.0845 127.462 71.4034 446.686 24.4433 1.11169 69.2995 63.9879 168.232 9.52433 101.333 8.09846 183.529 399.156 33.2749 66.0877 
102.632 99.6429 10.3133 72.9809 77.8634 174.512 6.06489 2.45784 0.628804 230.121 10.7453 120.993 0 58.8427 73.0135 44.3575 2.23768 90.4804 68.3387 12.9521 67.1165 81.2161 36.1727 8.70837 14.5276 46.378 6.46189 13.337 
4.10681 34.0552 15.919 1.46133 55.4032 16.4424 94.4079 80.0463 33.165 82.5956 193.982 98.0714 9.55976 0 42.8878 1.36365 2.36146 46.2764 21.2518 4.79722 35.4028 10.902 1.10028 8.62556 2.54778 12.061 9.21929 8.38104 
70.0341 95.1257 0.753619 16.7682 87.3892 2.64126 99.3954 0.280678 41.1738 5.9862 231.031 36.1284 119.254 55.6231 0 55.4108 28.1336 35.6684 38.3973 11.4908 16.1854 11.4712 11.5387 6.43384 0.277282 19.4113 17.2364 0.341544 
42.4526 39.272 4.91978 4.08415 22.996 15.9184 34.4714 183.02 140.254 8.39143 4.62688 112.764 83.1455 0.219448 9.2958 0 18.9055 49.4333 30.3345 6.24313 52.904 11.8661 0.515349 10.1981 16.6646 22.5517 0.098244 10.27 
229.255 356.148 1.75887 231.872 129.998 239.892 82.8202 20.5402 276.703 39.9274 0.59289 28.8883 61.5279 8.90291 13.5036 13.7236 0 277.918 207.308 11.6308 1.62228 17.3717 9.7711 7.11181 227.718 23.954 2.47303 21.1631 
44.8337 15.4519 0.0566446 4.94892 20.1691 17.8271 220.679 56.1207 58.4173 0.754061 15.1302 15.5626 64.4387 52.9876 27.1925 0.0651086 253.658 0 0.0628146 87.4224 62.1521 16.3994 16.7886 47.2126 45.4988 1.57474 43.1691 2.26291 
94.7337 167.076 6.85888 3.51769 116.081 82.3753 146.939 0.00207434 26.7873 122.283 14.2738 46.4293 34.5426 4.53343 4.89985 11.3714 48.5424 115.929 0 25.0599 60.4701 17.0448 16.5614 20.0115 7.23306 20.7865 2.26964 0.0431759 
86.1183 141.935 25.365 9.66013 85.6655 23.6 0.564035 100.413 22.0118 32.5354 83.2858 87.5646 14.4177 2.69102 10.3084 0.0756712 31.7699 75.5599 35.0738 0 31.0708 5.10241 0.0162919 6.35301 13.5113 11.2545 2.89882 7.02764 
168.991 145.623 50.2839 66.0449 9.57741 48.515 19.9547 151.988 170.34 99.0745 139.486 0.011072 14.2469 0.076784 8.83347 9.7829 55.0976 92.8401 71.9166 227.075 0 27.7653 1.387 13.8946 28.0734 49.9756 12.9877 36.6565 
40.3137 51.2955 10.016 10.5008 56.6572 0.86579 4.53463 67.3603 67.8854 3.76556 0.744224 40.5182 86.3324 5.36701 12.9093 0.0107535 1.62893 41.036 19.362 0.360252 10.9564 0 14.8435 0.985248 10.6696 10.1834 1.27494 8.61194 
23.9962 15.4909 7.37591 15.6265 0.26944 16.4339 66.1649 5.12342 45.2691 60.4453 1.76623 127.042 0.595528 0.0982443 9.03779 12.0711 2.2811 4.75245 20.2813 2.74924 35.2103 1.43699 0 1.19502 1.03569 9.40561 0.667133 5.77557 
0.0212856 47.3615 9.39108 25.8784 12.3772 10.2699 53.5438 5.39735 18.2565 18.6154 97.7233 13.1392 6.68179 4.20371 27.9407 0.0484541 18.2998 15.4818 8.0278 1.76013 47.2859 1.50555 5.97528 0 3.18985 15.0174 19.0562 8.55301 
293.16 297.069 27.4865 260.777 44.0315 234.313 89.793 47.0766 309.73 69.0671 77.3903 516.241 49.3205 15.5414 12.517 56.556 230.063 17.8978 1.1852 0.167739 2.93847 39.6642 16.5703 48.8759 0 32.1221 105.447 117.043 
1.90613 9.2703 26.3475 23.564 31.0489 13.9226 27.4191 0.360526 55.079 74.3057 67.5211 30.4739 46.8842 10.9061 16.362 28.7653 22.0218 0.000292809 0.25609 5.80844 45.3385 3.044 10.1645 11.4651 2.11219 0 23.0296 63.2636 
49.0621 28.6747 18.0595 26.463 38.3656 0.542342 17.9836 29.2494 2.78457 7.89848 64.7841 4.64122 33.3189 8.58694 19.3281 6.01033 8.87949 33.4851 12.1609 1.32724 33.718 1.50473 0.0658255 0.0850234 9.47901 21.6568 0 88.9082 
0.974944 0.501945 0.313881 2.6325 49.0154 1.098 55.108 92.4166 54.0773 44.1393 4.89781 175.249 39.4677 2.06919 8.15239 7.33473 21.7955 10.4943 0.650975 5.35842 42.2133 3.35331 3.10738 0.514687 15.4379 37.3181 6.54307 0 
