0 621.11 32.1511 589.953 229.685 393.363 15.8009 68.6847 476.486 47.4859 177.683 60.4271 22.1495 6.21271 40.81 77.2154 312.735 193.533 22.7506 123.716 184.658 16.6267 2.31636 45.1985 375.318 0.407161 35.1123 57.492 
861.676 0 146.915 613.831 65.1277 336.064 243.491 76.2513 316.992 186.662 186.556 219.38 35.3028 0.885128 67.5142 2.57105 333.705 985.854 95.7999 133.468 153.784 3.32147 1.16657 61.4589 369.501 8.48458 34.5213 0.350715 
45.6746 419.24 0 286.96 70.4973 8.05803 159.962 190.898 49.8629 8.11218 116.623 118.086 62.3116 15.1431 19.6722 23.4166 55.2601 157.649 16.7112 6.21034 77.7693 6.89974 11.4838 5.45752 8.43592 0.00162949 16.2977 3.25079 
400.675 613.574 280.701 0 71.5453 322.886 6.24298 701.032 313.12 86.6833 203.641 18.5587 48.7149 0.874057 34.0575 38.8353 358.526 60.3581 1.32736 33.0258 73.5958 16.8109 3.34363 13.986 316.443 44.661 27.5251 29.7688 
221.98 2.46881 173.993 158.981 0 166.844 427.748 207.679 299.745 330.457 241.723 135.273 144.37 1.76985 0.0558579 71.5872 153.767 206.492 166.44 87.5774 40.15 26.984 0.977862 6.93292 12.6237 61.9673 14.7369 7.90174 
423.102 335.159 27.8593 339.023 747.952 0 1482.78 153.795 462.997 394.954 2.10154 15.2532 434.874 0.882021 20.5767 0.877869 326.932 1.5124 74.7831 21.3192 28.8334 12.6427 8.73728 2.00688 325.775 24.4132 6.53207 7.41455 
45.6229 308.351 205.012 80.2329 403.828 941.416 0 345.899 1222.46 115.153 2.04046 16.3581 3.94023 96.0618 126.52 46.0499 106.201 77.8836 38.615 23.7387 138.569 62.8197 19.5962 8.75285 88.63 70.0641 4.23733 46.1524 
0.173749 172.012 140.544 287.945 183.833 193.032 54.3408 0 522.113 173.698 373.801 0.40538 108.009 90.0845 151.51 43.5023 94.0307 59.9954 106.308 81.0432 12.7752 61.8795 62.013 134.78 45.7094 47.9939 27.9396 134.728 
305.018 675.306 410.743 608.535 139.426 459.798 185.697 512.688 0 0.917888 556.516 170.959 21.8481 96.2392 200.558 0.551484 401.997 152.011 0.720005 89.7512 3.75128 12.7476 0.187297 99.2645 301.246 9.7873 79.6174 5.35516 
156.254 118.688 99.5928 0.108567 316.291 51.4956 48.2337 56.2173 319.157 0 489.791 246.658 153.061 66.1247 51.1757 25.7227 58.6064 82.5711 89.5591 21.8502 46.6122 61.0491 58.6821 9.49712 25.8411 17.7814 46.7768 31.9225 
34.867 177.908 63.444 1.15345 172.216 244.084 473.117 348.078 410.967 554.289 0 58.5817 22.2059 29.1832 0.458085 220.597 39.4555 30.4957 93.9156 22.1162 86.0871 35.3177 56.6658 14.4155 15.512 132.426 33.9159 49.4608 
4.87319 214.355 4.76046 237.098 149.449 103.358 112.42 459.85 388.254 80.792 474.985 0 148.768 23.4945 71.766 107.297 55.1511 1.2857 98.5948 28.7509 155.748 1.32195 0.272413 56.0915 61.668 399.428 112.204 2.78905 
46.7873 0.236262 3.16541 59.7868 56.3103 50.0509 111.802 117.687 198.406 91.0398 25.6729 158.923 0 18.055 108.205 68.0431 35.5853 29.0865 40.6391 42.4969 34.6389 81.3561 73.509 3.36923 42.0425 1.85258 2.6605 12.8222 
0.0398628 3.27393 8.70769 14.6498 65.7788 20.4006 32.6517 121.794 48.3564 79.1189 9.18087 49.3127 141.471 0 22.7758 0.444879 16.058 0.0580578 25.3954 3.44389 42.4203 6.96 9.66897 2.45828 13.061 6.9517 0.42082 1.07552 
46.1221 51.605 3.74803 10.3838 0.558686 15.8752 31.3047 95.7073 104.018 73.313 10.3807 269.48 34.2811 4.19751 0 37.5642 4.55887 68.5121 37.6792 0.517071 0.218401 6.2687 9.48396 22.3861 18.3308 8.12623 18.6704 6.10587 
24.916 58.9862 2.47042 7.00458 1.25011 27.2339 69.231 25.9168 147.794 83.8125 53.7923 442.695 4.85535 4.90453 22.7857 0 8.38634 61.1398 8.925 9.27952 2.19859 11.1243 5.9936 0.430304 23.1028 31.8493 0.000565206 4.08196 
328.112 424.013 10.8779 305.756 64.0508 303.132 8.44877 1.27907 319.545 83.2685 93.3061 59.7483 53.6544 0 29.9428 13.675 0 54.3359 268.827 29.7721 2.60049 4.52647 18.3877 18.6575 303.256 13.2828 2.05884 14.1807 
156.813 232.031 55.1931 145.573 0.925623 51.3297 212.621 181.179 78.9589 137.276 98.3197 3.30459 7.4325 3.03224 0.0029195 6.58798 1.93525 0 31.5979 26.5613 1.83307 8.89747 35.2751 29.3919 8.92934 57.3054 26.1727 48.6446 
20.8126 62.301 19.3971 0.0194905 46.4403 23.433 68.5593 42.6335 41.1058 112.341 108.181 8.49883 9.70371 23.7632 7.39693 1.8669 188.276 150.356 0 35.5658 3.16471 25.4043 9.86891 0.1578 28.6481 28.2075 22.8285 0.017353 
120.108 4.53104 16.5598 0.128557 86.634 23.7891 3.38882e-05 73.0695 9.87204 14.2644 44.695 11.8229 42.8275 0.444793 1.90998 4.55275 14.9667 5.37749 11.9122 0 65.5913 2.05786 3.43731 6.34424 0.184312 11.4278 2.89881 11.1325 
204.64 147.246 120.695 86.0791 66.5979 64.142 5.08808 152.702 168.821 72.8142 70.1348 14.0873 0.0243649 3.42818 42.0893 60.6407 57.2801 106.015 18.4064 269.943 0 0.161621 35.8537 1.83204 55.1575 0.392516 0.0898909 31.1768 
27.9267 39.8296 0.167035 12.8724 15.3677 19.3418 2.02795 55.5127 28.7218 23.6465 1.32401 7.6818 74.5098 10.6112 4.4567 1.21271 19.1467 42.3085 24.9686 6.32427 11.128 0 0.453732 13.9399 12.2218 10.6699 12.6399 8.97796 
3.04508 1.94617 11.9389 4.31966 33.2248 15.6335 41.8327 93.3811 11.8044 56.3772 4.63395 20.297 22.0666 9.05331 7.09516 6.77897 18.0513 43.9293 5.47392 0.0723936 9.21134 15.2365 0 1.4018 22.9917 1.05427 13.3536 9.99963 
42.629 55.597 4.50263 26.1731 41.1798 0.551306 58.1701 2.25958 28.6847 6.03775 6.98692 66.3793 13.4303 0.0276679 0.0718107 12.5022 6.59665 2.57813 23.6334 2.11606 30.5806 14.0864 16.0327 0 19.302 16.3106 18.4797 12.7742 
347.073 366.008 20.3849 301.524 23.3227 329.68 87.7629 50.7331 420.689 51.7158 38.3598 735.323 54.472 5.71711 2.4047 82.6365 304.692 53.5322 30.8487 13.5329 5.16708 81.4625 19.4112 63.6161 0 87.0145 127.297 85.497 
0.0260965 47.5414 1.90773 22.517 29.4053 6.62396 50.4169 223.601 9.83935 74.8541 90.6454 41.0646 1.60875 0.210273 5.56811 32.737 0.0575559 50.8026 4.82868 6.17307 1.6983 0.493579 2.28285 8.70647 37.3031 0 18.4452 5.81158 
26.5745 3.02757 13.9247 8.00906 48.1251 7.87632 0.0448245 73.6217 71.2158 23.9966 85.0055 95.0618 8.67892 0.177758 19.839 7.41215 0.0262531 44.892 10.8432 1.32724 11.444 6.30927 13.4592 0.0202999 36.9801 26.1039 0 87.6844 
8.27497 39.3297 18.3809 32.7318 50.3873 3.41061 26.6339 132.67 0.354078 35.3161 2.46626 118.219 39.834 6.95761 17.5295 6.63052 13.2158 40.0805 0.220791 0.126072 46.1633 2.9034 0.621688 3.75508 6.0219 12.9439 5.17826 0 
