0 846.126 51.1957 667.559 244.019 511.421 7.10074 91.1783 620.507 39.7795 183.025 48.4017 18.8839 5.08433 43.6493 78.5837 442.382 179.599 18.4952 125.089 200.352 15.6974 1.74378 43.4587 501.251 0.0552263 36.3886 58.379 
1008.32 0 58.4633 737.674 21.8609 483.305 322.868 96.4909 464.174 201.964 169.173 222.07 29.3175 1.63509 71.7736 4.05404 453.465 784.334 84.5186 127.672 160.212 4.04079 0.700595 61.7499 493.993 10.7676 33.1299 0.720153 
66.87 467.285 0 265.338 87.6388 12.5972 187.922 161.087 117.974 4.46794 140.16 103.956 59.8281 14.6347 17.5634 24.0019 54.7068 161.372 13.9898 7.67556 86.1246 6.57327 11.7372 6.06103 7.26282 0.0554864 16.7059 2.6902 
583.256 738.254 259.462 0 83.4954 454.318 1.47935 627.502 429.313 91.369 201.432 33.6584 51.4342 0.534829 32.5475 36.971 485.143 69.7967 2.25087 36.2302 574.607 16.8333 2.82532 15.1807 445.301 44.5322 27.4094 30.5451 
237.582 25.6775 181.846 162.197 0 141.32 435.538 213.497 321.226 320.939 249.892 142.253 135.787 2.75065 0.0545633 72.7248 152.499 216.156 199.996 89.9643 35.3422 28.6834 0.56204 5.82447 10.9224 60.2061 15.8123 9.04509 
544.281 445.529 21.7713 470.568 491.857 0 1075.35 136.879 676.768 765.572 10.2786 9.93298 223.689 0.494837 17.8324 1.44466 456.075 3.50253 79.2681 22.0004 31.8323 11.9235 9.37578 2.45169 453.163 25.1975 7.05166 8.14062 
30.405 228.755 179.457 98.519 369.826 716.919 0 374.046 1298.23 192.727 17.3879 8.03869 9.21509 96.754 132.41 40.3595 104.37 63.3509 30.8029 27.9994 135.884 62.5669 17.0054 10.6929 89.9807 65.3297 5.18038 48.7099 
3.52742 149.88 109.686 395.478 173.647 202.711 28.5435 0 595.24 161.104 373.521 48.7262 113.527 96.4926 161.813 23.8504 95.4593 52.1676 103.644 86.4677 18.9595 60.7683 57.2937 131.425 33.4388 30.7597 24.3952 133.225 
428.473 774.561 337.982 709.944 108.491 673.387 3.31283 588.195 0 1.52897 1210.67 134.395 14.9207 87.5929 242.159 0.00642538 531.168 140.342 2.18696 85.9916 6.86058 14.4072 0.0017399 99.9244 428.062 5.9012 79.6716 3.67348 
156.655 99.5336 104.567 0.0776429 297.211 79.551 10.7412 69.2231 348.556 0 397.399 244.795 194.865 61.6332 40.253 31.1146 61.5067 89.5177 95.5284 23.9979 43.1692 61.0058 59.5344 11.4821 28.925 21.1125 47.1178 29.8722 
43.0668 194.835 85.2101 0.000364528 155.264 223.55 486.062 329.101 302.322 482.008 0 103.482 12.8422 16.4425 7.62252 210.056 36.5179 36.4639 88.9452 25.0156 80.1012 32.6781 48.6586 19.4353 10.579 122.556 31.0361 54.4246 
9.78265 208.63 1.30285 249.296 142.968 112.589 92.434 701.628 370.793 97.6621 502.95 0 152.143 15.3881 100.786 206.115 57.5729 0.427447 97.5818 32.5401 151.423 0.746322 1.3863 42.3167 147.25 390.276 114.959 6.84312 
50.9466 0.0119817 1.95338 57.4579 66.2379 31.2233 96.049 112.394 193.309 130.48 37.9565 157.738 0 8.15102 112.949 63.9928 37.464 25.8448 43.9569 42.7743 36.7587 84.3702 78.1616 5.04071 43.6842 2.63815 3.14798 13.9784 
0.00265217 2.1758 9.52088 13.679 67.0494 20.9261 37.7606 118.694 39.7444 76.352 2.63779 38.1666 129.175 0 10.4669 0.0234916 16.5199 0.214058 24.9452 3.55973 42.9847 6.41038 9.44565 3.28263 12.3671 6.26833 0.302589 0.835516 
43.3264 56.3173 5.17392 12.2698 0.0773977 13.2522 40.2146 81.4046 124.986 84.637 43.0474 273.737 42.8644 13.7816 0 17.7937 5.14534 68.8279 37.2503 0.378457 0.0477807 5.5692 7.21148 24.2275 20.1037 6.34357 18.9723 5.2196 
21.4094 62.453 1.69512 5.00387 0.596108 27.3239 63.6924 11.0365 150.616 86.7753 35.708 488.944 2.82001 3.0778 43.5073 0 9.01211 60.679 8.10885 9.13211 3.15122 11.3444 6.98681 1.9056 25.6498 30.5075 0.0381832 3.18002 
450.827 543.487 12.9846 433.721 55.2699 430.765 11.0539 0.649171 443.171 82.4876 92.2772 62.0765 52.1933 0.0124059 30.0409 14.3373 0 32.0706 277.231 29.0071 1.91624 4.87495 18.5357 18.3662 429.559 12.6115 2.29843 14.6748 
140.303 197.323 67.8156 144.065 0.00637945 58.4949 202.564 181.473 91.017 133.547 90.8364 5.25532 5.65545 2.32547 0.118713 5.38021 10.3989 0 38.8696 22.8808 0.876681 9.67346 36.2101 30.643 7.71741 56.2356 27.1261 48.0423 
16.7148 73.3331 22.3766 0.242551 73.833 18.1216 77.9688 38.3917 48.2428 115.96 103.996 10.4312 11.9052 24.3007 8.45303 2.32638 201.924 149.905 0 35.1069 2.33944 25.3487 9.29848 0.0772605 29.0427 27.7291 22.5881 0.0619495 
148.746 1.52821 18.193 0.757873 89.1693 24.0583 0.247288 67.1842 12.9228 16.2058 47.9435 9.28672 43.013 0.523266 1.64976 4.8941 16.076 3.58382 10.7254 0 124.142 2.17781 3.51036 6.35412 0.0989744 11.2332 3.11971 11.2338 
217.729 154.378 123.981 66.0339 71.9127 66.358 3.01032 162.71 174.04 69.699 64.1399 18.6192 0.00721381 4.14075 40.3646 59.6585 55.8248 109.152 16.5539 311.848 0 0.261216 35.2033 2.41272 53.971 0.827934 0.0206951 32.5614 
27.0424 40.987 0.100501 12.5158 13.8831 19.659 1.35991 53.9945 26.6694 26.1081 2.09572 9.26008 78.4587 10.7661 5.11556 0.947527 18.8898 42.3255 24.7936 6.34756 11.7253 0 0.14602 13.7294 13.2993 10.7239 12.7095 9.14346 
3.77647 1.33065 12.1323 3.74438 31.4368 15.889 38.8706 95.8732 15.0403 54.8661 2.10891 15.173 27.6049 9.59224 5.03398 5.78491 17.859 44.2618 4.98946 0.101224 10.0878 15.2061 0 4.02075 22.6068 1.34157 13.2363 10.0675 
44.404 56.8167 3.94723 26.4337 39.6005 0.342407 60.3245 0.602591 24.7188 4.5576 4.00447 51.8273 10.761 0.203889 0.0378863 16.4859 7.01782 2.03006 23.4829 1.94993 29.2095 13.9734 18.9294 0 14.6351 15.9797 18.7854 12.3981 
470.721 494.863 19.1829 428.649 25.4777 456.212 85.8841 64.6652 543.689 54.4906 30.9787 353.277 53.7876 6.5079 3.46013 72.4062 430.904 54.5558 30.7722 13.3972 4.11103 39.5766 20.0613 71.0062 0 90.1163 89.265 146.301 
0.0585772 43.9784 1.23912 25.2707 31.9504 5.57734 55.4845 211.931 5.94223 75.7465 102.171 9.84688 2.34754 0.0729643 4.04433 32.806 0.135606 49.2645 4.22914 5.76636 2.50654 0.624987 2.66645 9.63593 39.499 0 15.8853 2.05806 
27.9614 2.40524 13.4012 8.83034 47.7666 7.34339 0.000218313 77.1185 69.5883 25.3693 85.5967 90.126 7.918 0.103678 19.8733 8.14625 0.00587131 44.8221 11.3186 1.17013 10.5469 6.62399 13.4921 0.00294829 40.8245 28.4189 0 92.1276 
6.93363 37.2942 17.7393 32.9514 51.3838 2.88319 24.0933 130.147 0.0355799 33.2997 1.21136 129.833 39.0023 6.51767 16.611 5.53933 13.7156 38.9887 0.124623 0.0703339 45.2838 2.6931 0.474052 3.27443 5.57466 19.9377 13.0788 0 
