0 655.205 100.729 207.532 264.584 155.751 0.0533963 145.166 317.426 24.7562 191.289 25.9723 12.5359 2.99226 49.6192 80.3213 113.746 145.354 10.5557 197.323 227.244 13.7155 0.772833 39.4377 162.77 0.411135 39.047 59.8755 
594.231 0 9.81206 356.053 8.79806 201.081 467.422 143.78 196.448 227.718 129.562 222.871 17.866 4.0193 80.1988 8.34528 104.783 989.178 60.3709 110.836 171.176 5.82057 0.0938247 61.8883 152.654 16.4871 30.0567 1.9664 
118.191 404.653 0 74.3345 124.858 24.7545 233.806 94.4683 308.748 0.237108 187.541 72.9146 53.8081 13.331 12.9981 24.757 52.7253 162.394 8.7183 11.1438 102.61 5.86269 12.179 7.40581 4.9309 0.691729 17.5061 1.63584 
366.661 358.211 306.806 0 108.996 128.993 2.52707 933.189 105.189 99.6652 188.744 78.1052 56.987 0.0811786 28.7984 32.0081 148.298 90.2696 5.04245 42.1891 474.727 16.8118 1.82955 17.7113 114.107 43.0929 26.963 31.8926 
261.443 147.512 188.427 163.236 0 51.9462 405.861 221.435 350.648 276.018 260.082 155.796 115.108 5.57744 1.56519 74.4037 146.226 230.706 261.839 93.6226 25.6251 32.3647 0.0519023 3.71902 7.58355 55.9425 18.2125 11.737 
193.212 91.9635 10.2411 144.253 688.729 0 719.742 97.9323 508.794 395.864 47.169 2.1776 62.3255 0.0345785 12.1173 3.11714 125.357 10.5031 86.6221 23.1985 38.4684 10.3368 10.7335 3.54158 118.389 26.5714 8.2095 9.76479 
7.31124 76.0679 115.05 137.787 266.753 72.395 0 408.129 621.045 372.204 96.8932 0.0270926 27.6317 96.2551 140.685 28.5817 99.2264 35.5044 16.3391 37.8747 128.381 61.5548 11.8481 15.432 91.6685 54.5531 7.51752 54.0306 
24.9435 102.262 49.5818 475.99 148.896 214.171 0.579236 0 662.685 131.222 353.803 466.919 124.466 108.775 178.213 0.956498 97.8839 36.4086 96.9664 97.181 35.9787 58.0481 46.9099 120.94 12.5476 5.64819 17.3006 127.227 
94.6993 359.321 146.16 296.962 50.5292 506.56 516.516 662.705 0 34.9769 789.584 64.6678 4.23119 69.268 174.68 3.46541 199.621 113.853 8.02497 76.9013 16.6175 18.2589 1.14649 99.9781 94.6794 0.780433 79.2323 1.08799 
154.285 60.4313 112.014 2.53909 235.942 273.849 23.6593 99.6351 384.439 0 174.024 232.392 275.896 50.9223 19.6477 43.5275 67.3969 104.006 106.949 28.7332 35.8203 60.2069 60.5502 16.2591 35.7769 28.8921 47.5917 25.4113 
62.8244 227.226 135.963 5.68584 117.325 166.746 462.194 274.083 7.62421 265.623 0 227.753 1.15255 1.02702 96.471 174.759 30.3053 50.673 77.5956 31.6477 67.027 27.066 32.3611 32.3093 2.97893 98.7243 24.9956 65.1727 
25.8168 191.909 1.28509 259.77 127.405 130.689 53.2383 1023.14 313.587 135.633 514.234 0 157.328 3.39929 168.147 420.892 62.6675 0.153357 94.6806 41.1215 140.16 0.0576248 6.68034 17.8039 184.443 301.132 119.162 21.3191 
60.0236 1.96116 0.313591 51.9544 88.7021 16.628 63.2263 99.9865 177.969 220.344 70.823 152.909 0 0.078729 118.799 54.2458 41.4763 19.2789 51.1138 43.1187 41.378 88.88 86.0794 9.69648 46.9801 4.78786 4.33344 16.578 
0.355805 0.54939 11.239 11.527 69.105 21.7041 49.2174 109.478 23.1705 68.5623 2.14546 17.866 94.0883 0 0.31475 0.922536 17.4793 0.888514 23.8349 3.79913 43.9783 5.18911 7.3472 5.24394 10.7324 4.80315 0.11173 0.413122 
37.1112 66.2309 8.86967 16.6238 0.550559 8.06954 61.5304 51.7026 168.505 106.985 169.939 258.605 62.595 43.0849 0 0.374228 6.51307 68.9338 36.037 0.150252 0.10384 4.13456 3.06049 27.1014 23.72 3.09463 19.4827 3.47778 
14.4344 69.3766 0.493831 1.72809 0.000285945 27.0155 51.2519 0.405503 152.154 90.8829 8.04879 435.536 0.27371 0.462746 83.1029 0 10.4055 59.2312 6.42744 8.73948 5.76598 11.7102 9.04568 8.1142 30.5452 25.9399 0.321321 1.56517 
106.982 190.094 17.9713 100.969 37.3768 97.46 17.741 0.00933935 101.294 79.9906 89.4459 66.9169 48.7913 0.124954 30.109 15.7626 0 3.05565 122.216 27.1735 0.782937 5.66215 18.8037 17.6844 92.7793 11.1643 2.85836 15.7328 
103.331 146.771 96.0006 136.701 5.45535 74.0912 175.63 179.394 117.819 123.574 74.5157 10.9595 2.59968 1.10316 0.948055 3.14769 49.6584 0 56.1638 15.5548 0.00064125 11.4349 38.1142 33.2932 5.35207 53.5665 29.1648 46.5378 
9.17211 97.8006 29.1094 1.57471 144.918 8.53179 98.2685 29.6092 64.6866 121.441 93.9743 15.2123 17.3086 25.3392 10.9122 3.48042 233.317 145.59 0 33.8275 0.966955 25.1305 8.08079 0.000337098 29.7746 26.5622 22.0113 0.252904 
200.579 0.518161 21.484 3.85206 93.1756 24.3082 2.42962 54.1786 20.7085 20.6553 54.8843 4.75333 43.1551 0.712524 1.14135 5.63246 18.4933 0.911988 8.28306 0 260.154 2.44371 3.65684 6.34123 0.00416072 10.7304 3.61561 11.4001 
237.569 167.099 127.143 96.0965 83.2805 70.5486 0.352571 181.731 182.476 62.6178 51.4046 30.2806 0.369806 5.89176 36.4623 56.9837 52.4355 115.015 12.7809 321.997 0 0.558524 33.6562 3.92985 51.0489 2.31347 0.03807 35.4886 
25.0719 43.3442 0.0137327 11.708 10.8437 20.1806 0.362306 50.4698 22.3235 31.5358 4.35416 13.1117 85.2791 10.9052 6.62998 0.477446 18.2878 42.2193 24.3206 6.38083 13.0452 0 0.0656742 13.0075 15.6284 10.7854 12.8084 9.47532 
5.60664 0.390598 12.4366 2.6083 27.5163 16.2814 32.401 99.9053 23.1225 50.9057 0.00717699 6.38736 40.6447 8.98659 1.6022 3.69854 17.3925 44.7865 3.99545 0.179881 12.0784 14.5542 0 12.2349 21.0373 2.06232 12.8643 10.1431 
47.9787 59.0457 2.83071 26.631 36.0265 0.0579855 64.4621 0.655067 16.8452 2.02098 0.343435 24.7467 5.84723 1.11472 1.4157 24.2914 7.95374 1.05799 23.0621 1.60306 26.1747 13.4519 20.6379 0 6.20499 14.9391 19.1936 11.4772 
127.986 162.951 16.4372 94.3674 30.2728 119.519 80.7061 97.1821 197.766 59.9837 17.1188 722.659 51.8782 8.2754 6.29739 22.7506 93.9152 56.4823 30.4664 13.0171 2.21112 49.325 21.3657 65.7775 0 31.7427 142.803 90.7408 
1.24516 36.2173 0.271678 31.0431 37.5234 3.55215 66.2161 174.65 0.795757 76.3812 125.623 17.1799 4.4012 0.019915 1.49735 30.9546 0.417534 45.677 3.0453 4.88956 4.76952 0.959632 3.56124 11.5843 43.0539 0 10.5824 0.552433 
30.9449 1.29172 12.2219 10.6812 46.8104 6.21586 0.256644 84.0879 65.6458 28.3276 86.1822 78.5129 6.35806 0.0109658 19.7898 9.76248 0.0118696 44.5266 12.355 0.859497 8.68856 7.30499 13.4407 0.231217 49.0015 32.8002 0 88.3728 
4.38728 32.814 16.2244 33.0379 53.294 1.87266 18.8222 122.076 0.482257 28.8515 0.00539386 151.776 37.0195 5.55516 14.4931 3.42145 14.7915 36.5026 0.00972013 0.00482023 43.165 2.25495 0.219991 2.31578 5.43567 37.0629 38.7769 0 
