0 927.009 118.121 425.65 267.863 405.116 1.43812 163.779 582.504 20.3858 192.968 19.8379 10.6703 2.41041 51.5244 80.5143 372.424 133.175 8.35207 234.486 233.588 13.0688 0.534444 38.0364 417.67 0.869153 39.8934 60.2391 
792.918 0 44.6973 586.958 30.0557 476.095 498.696 159.878 480.539 233.609 116.266 221.596 14.5899 5.03412 82.7042 10.0789 357.356 491.559 52.6903 104.171 173.835 6.4768 0.0166246 61.7836 406.695 18.5987 29.0223 2.51363 
135.238 340.36 0 24.5967 136.461 29.2352 242.832 73.8037 367.882 0.00357143 201.048 62.9178 51.6421 12.8436 11.5254 24.8453 51.838 160.564 7.19077 12.3543 107.403 5.62665 12.2917 7.85896 4.23197 1.05757 17.7447 1.33779 
653.284 589.492 167.955 0 117.015 388.486 6.33363 209.898 375.267 101.785 182.295 95.4146 58.7075 0.0183285 27.4322 30.1318 403.784 96.8661 6.19808 43.7876 624.703 16.7833 1.54053 18.5221 371.677 42.2737 26.756 32.2329 
265.932 202.863 187.281 161.755 0 15.2408 382.882 222.583 354.575 254.976 261.059 159.745 107.774 6.7205 2.52099 74.7151 143.116 233.422 277.042 94.3534 22.6468 33.5804 0.00285984 3.1144 6.58859 54.4018 19.0288 12.6923 
443.393 348.09 7.17365 403.054 378.059 0 189.184 84.973 799.623 305.067 64.2453 0.827195 50.6448 0.000159004 10.3497 3.79779 383.049 13.5933 88.2547 23.5059 40.6909 9.80558 11.172 3.93866 374.677 26.9217 8.60212 10.3159 
3.04086 40.203 93.2764 149.926 227.536 78.83 0 410.268 319.521 422.824 134.397 0.532699 35.652 95.4824 141.956 24.9247 97.1787 27.6771 12.4117 41.2921 125.409 61.0792 10.2946 17.153 91.843 50.8815 8.37945 55.7148 
36.0181 87.2118 33.5705 442.762 140.051 214.867 0.619354 0 653.098 120.806 341.771 643.777 127.745 112.267 181.609 0.121866 98.4789 31.6217 94.4942 100.355 42.6077 57.0536 43.4656 116.572 7.66756 1.65989 15.1487 124.44 
354.206 585.073 89.5666 523.498 35.247 798.148 831.275 655.636 0 54.9004 737.712 45.9214 2.091 63.4526 137.926 5.99502 456.777 104.889 10.7407 73.6392 20.7214 19.6094 1.99326 99.5756 352.219 0.132139 78.9174 0.562076 
152.525 48.7829 113.378 4.10862 211.289 356.238 56.0727 110.111 386.725 0 109.644 225.867 296.658 47.1663 14.1169 47.7524 69.2138 108.567 110.194 30.3147 33.4328 59.7294 60.6288 17.9703 38.0735 31.6014 47.6674 23.9366 
69.8645 236.301 152.72 9.99549 104.768 145.725 439.265 252.574 19.1717 191.749 0 272.839 0.0518247 0.00030512 142.144 160.095 28.3011 55.7188 73.695 33.9363 62.701 25.2486 27.417 37.0937 1.46272 90.3465 23.0658 68.69 
32.6434 185.169 3.56472 258.117 121.849 135.95 41.9891 1020.93 289.892 148.21 502.45 0 158.376 1.29199 189.709 467.199 64.3044 0.547361 93.5081 44.0501 135.895 0.00100247 9.27559 11.7151 183.239 256.475 119.995 27.6838 
63.0286 3.34132 0.0779363 50.0069 96.2701 33.987 53.1392 95.6303 171.692 247.973 83.2206 150.637 0 1.77332 119.302 50.7912 42.7841 17.2552 53.4569 43.154 42.9135 89.7205 87.9582 11.5311 47.9865 5.63228 4.76543 17.466 
0.604632 0.245059 11.7866 10.8066 69.5674 21.8476 53.0589 105.727 18.4744 65.4998 6.18317 12.5888 81.0242 0 3.39574 1.7462 17.7844 1.21391 23.427 3.87475 44.2367 4.78195 6.29557 5.91085 10.1588 4.33081 0.0686236 0.303924 
35.0215 69.3771 10.248 18.1231 1.16817 6.55562 68.9539 42.6667 181.471 113.331 220.178 246.602 69.2087 51.6758 0 5.07042 6.99505 68.7923 35.5502 0.096932 0.252309 3.68864 2.01225 27.6607 24.8232 2.23977 19.6071 2.96158 
12.3458 71.4635 0.250196 0.999728 0.055279 26.7613 47.077 3.84091 151.25 91.5007 3.0748 376.386 0.0182184 0.0953919 88.7919 0 10.878 58.6166 5.89859 8.58778 6.79413 11.7964 9.66894 10.8146 31.9159 24.0158 0.475926 1.14373 
360.617 439.892 19.7318 358.157 31.9265 354.514 20.2537 0.0196037 355.565 78.9236 88.3277 68.454 47.5953 0.188364 30.0873 16.2313 0 0.168136 401.12 26.5147 0.514807 5.93296 18.8765 17.443 348.511 10.6874 3.05659 16.0795 
91.1554 95.4352 105.177 133.078 9.47818 79.1671 165.411 177.884 126.724 119.737 69.1359 13.2853 1.83558 0.793841 1.39793 2.52875 67.9515 0 62.2423 13.357 0.0776723 12.0429 38.7071 34.1513 4.65018 52.5786 29.8321 45.979 
7.11526 105.847 31.3887 2.27019 169.82 6.04699 104.81 26.846 70.3475 122.499 90.3959 16.9707 19.2781 25.6438 11.7748 3.91001 239.699 143.17 0 33.319 0.640395 25.0285 7.68334 0.00465438 29.9791 26.1366 21.803 0.344944 
212.389 1.87741 22.4719 5.36747 94.0281 24.2883 3.64433 49.8612 23.6148 22.1924 57.1375 3.55971 43.1228 0.780971 0.990427 5.87533 19.2949 0.409134 7.51793 0 294.956 2.5337 3.70173 6.32649 0.000360494 10.5399 3.78518 11.4389 
241.25 170.399 126.947 131.243 86.9688 71.7388 0.0447857 187.092 184.35 60.1834 47.2991 34.6601 0.611736 6.53362 35.1248 55.937 51.243 116.659 11.6081 299.418 0 0.681995 33.1021 4.51005 49.978 2.96821 0.0948753 36.434 
24.4027 44.0778 0.00254669 11.4299 9.89421 20.3017 0.170573 49.2332 20.919 33.3465 5.27762 14.5139 86.9538 10.8904 7.15325 0.354789 18.0743 42.1404 24.1355 6.38661 13.4907 0 0.219391 12.6916 16.3874 10.7889 12.8253 9.5771 
6.28597 0.200713 12.5017 2.26802 26.2085 16.3612 30.2611 100.806 26.0927 49.3994 0.357639 4.24876 45.1459 8.28014 0.856555 3.05869 17.2226 44.9004 3.68344 0.21086 12.7649 14.1674 0 14.9913 20.3101 2.32861 12.7059 10.1463 
49.0731 59.6541 2.4904 26.5834 34.8004 0.0157613 65.6599 1.78522 14.4861 1.39416 0.0123582 17.5797 4.51029 1.56142 2.29167 26.269 8.27103 0.802246 22.8938 1.49236 25.1526 13.1978 19.6352 0 4.17263 14.5023 19.2497 11.1421 
381.702 420.083 15.4958 351.135 31.8924 375.156 78.6727 108.201 449.916 61.6248 13.2848 142.24 51.1189 8.86889 7.38502 20.5138 349.575 57.0299 30.3226 12.8654 1.70297 78.9246 21.7594 59.4828 0 78.7955 35.8052 149.406 
1.97457 33.6599 0.103702 32.8477 39.376 2.96331 69.6392 159.494 0.138467 76.1916 132.667 42.2098 5.21561 0.0773132 0.910841 29.7681 0.545307 44.4154 2.68907 4.60178 5.67108 1.08553 3.87402 12.1968 43.8241 0 8.9545 2.14577 
31.9251 0.99508 11.8185 11.3138 46.4391 5.85126 0.449134 86.1917 64.2179 29.3005 86.1628 74.4389 5.86865 0.00103394 19.7141 10.3014 0.0291674 44.3848 12.7006 0.765683 8.09913 7.53015 13.3863 0.387156 51.4962 34.013 0 83.2104 
3.65756 31.3145 15.6878 32.9474 53.8493 1.57982 17.1584 118.659 0.97602 27.3624 0.0726792 157.801 36.3089 5.23555 13.7602 2.80804 15.1459 35.6431 0.00018808 1.68072e-05 42.3996 2.11517 0.156268 2.02593 5.68365 42.6784 48.5832 0 
