0 1010.92 126.311 492.495 268.763 485.014 2.75249 172.611 669.476 18.4313 193.573 17.1794 9.82915 2.15437 52.4133 80.5376 456.77 127.311 7.38647 249.401 236.1 12.7637 0.436145 37.3607 500.138 1.14611 40.2888 60.3879 
844.828 0 69.1803 656.781 44.3362 568.12 509.673 167.501 577.57 235.894 109.988 220.72 13.1338 5.55442 83.837 10.9543 438.916 970.412 49.1359 100.852 174.917 6.79975 0.00197544 61.7074 488.771 19.636 28.5289 2.79689 
143.1 305.173 0 11.5081 141.734 31.4012 245.845 64.5283 392.741 0.102478 206.928 58.2841 50.5872 12.6034 10.839 24.8581 51.3775 159.318 6.50835 12.9354 109.535 5.51455 12.3391 8.0748 3.91466 1.25784 17.8531 1.20574 
748.222 659.459 142.809 0 120.7 473.154 8.72925 225.224 466.6 102.672 178.871 103.917 59.5008 0.00411104 26.7652 29.2084 486.537 99.9358 6.78559 44.4703 129.325 16.766 1.4109 18.9006 455.451 41.8269 26.6474 32.375 
267.418 230.48 186.15 160.734 0 6.49044 369.968 222.86 355.358 244.144 261.09 161.516 104.231 7.29815 3.05345 74.8191 141.467 234.324 283.085 94.613 21.2801 34.1559 0.000873748 2.84436 6.13661 53.6495 19.4198 13.1566 
523.548 432.263 5.88223 487.333 705.531 0 926.229 78.9081 893.895 252.38 73.0203 0.408536 600.166 0.00489183 9.54096 4.14166 466.877 15.1869 88.8781 23.6354 41.7473 9.55291 11.3775 4.13309 457.83 27.0688 8.78999 10.5793 
1.64927 26.8114 83.2146 155.426 208.667 130.647 0 409.603 199.402 443.64 153.596 1.33454 39.7594 95.0098 142.29 23.2438 96.1488 24.2471 10.7155 42.9319 123.916 60.829 9.58683 17.9945 91.8572 49.1299 8.80365 56.4988 
41.9088 80.2871 26.8936 437.02 135.766 214.637 2.31964 0 642.879 115.814 335.167 723.866 129.234 113.81 182.835 0.961663 98.7239 29.4356 93.2775 101.788 45.91 56.5657 41.8366 114.357 5.74825 0.589043 14.1652 122.984 
439.383 653.383 66.3583 592.319 28.8316 892.823 970.949 646.578 0 65.6927 254.675 37.9799 1.33185 60.7549 143.815 7.43135 540.306 100.628 12.1623 72.0523 22.814 20.2626 2.47646 99.3106 436.104 0.0133567 78.738 0.371826 
151.521 43.5648 113.822 4.98288 199.12 393.555 75.7185 115.112 386.039 0 83.0682 222.372 305.042 45.3611 11.7675 49.7604 70.0503 110.68 111.629 31.0659 32.3102 59.4656 60.6203 18.8027 39.1644 32.9047 47.6889 23.2386 
73.2758 240.27 160.493 12.4488 98.8681 135.606 426.032 241.948 50.6949 158.768 0 294.244 0.0307965 0.258685 165.396 152.755 27.3606 58.165 71.8252 35.0362 60.6544 24.3948 25.1695 39.4419 0.926603 86.3259 22.1641 70.3458 
36.1279 181.777 5.04219 256.426 119.151 138.297 37.0213 998.468 278.011 154.115 494.217 0 158.753 0.637765 199.502 481.903 65.0716 0.819868 92.915 45.4511 133.784 0.00456477 10.6485 9.23375 199.406 233.853 120.29 30.9515 
64.4511 4.12393 0.0211102 49.0629 99.8598 45.085 48.545 93.5259 168.521 260.216 89.3059 149.444 0 3.34651 119.281 49.1231 43.4004 16.3235 54.5615 43.1569 43.6426 89.9999 88.7084 12.4494 48.4481 6.05572 4.97732 17.8918 
0.745889 0.142644 12.0414 10.4645 69.7475 21.8951 54.8794 103.834 16.4078 63.9724 8.81678 10.3744 74.7515 0 5.94188 2.2204 17.9269 1.38622 23.2264 3.90997 44.3467 4.58925 5.76162 6.22502 9.88214 4.11014 0.0517511 0.257657 
34.0269 70.8389 10.9245 18.8409 1.54183 5.87989 72.5027 38.5781 187.251 116.103 243.944 239.807 72.3216 55.0314 0 9.06904 7.22879 68.6938 35.3046 0.0755982 0.345694 3.48284 1.5838 27.8512 25.3265 1.87755 19.6581 2.72824 
11.3982 72.4136 0.162738 0.721016 0.126073 26.6142 45.0982 6.68532 150.572 91.6589 1.52272 343.385 0.00249608 0.0171797 89.6357 0 11.104 58.3014 5.65284 8.51207 7.3099 11.8311 9.95016 12.1596 32.5142 23.047 0.559902 0.965032 
442.577 519.926 20.5834 441.776 29.4431 438.079 21.4954 0.0638496 437.823 78.3757 87.7657 69.1713 47.016 0.223081 30.0692 16.453 0 0.0521829 85.7469 26.1935 0.406699 6.06329 18.9082 17.3257 431.42 10.4616 3.15295 16.2435 
85.4535 69.4299 109.443 131.163 11.7651 81.5437 160.376 177.025 130.929 117.83 66.596 14.464 1.51755 0.664148 1.64204 2.25683 77.3562 0 65.171 12.3586 0.179274 12.3357 38.9816 34.5548 4.33178 52.0919 30.1474 45.7032 
6.22177 109.62 32.4738 2.64422 181.53 5.00353 107.858 25.5632 73.059 122.863 88.6568 17.8349 20.2425 25.7813 12.1921 4.1221 241.171 141.853 0 33.0631 0.50825 24.9748 7.49582 0.0119791 30.0694 25.9278 21.7011 0.393715 
216.787 2.81745 22.9189 6.16601 94.3462 24.2606 4.30537 47.8207 25.0464 22.9313 58.1966 3.04973 43.0934 0.814449 0.92197 5.99005 19.6749 0.239307 7.16328 0 308.004 2.57675 3.72239 6.31765 0.00345003 10.4454 3.86658 11.4544 
242.455 171.794 126.632 146.537 88.7009 72.2672 0.000871669 189.453 185.072 59.0145 45.3758 36.8227 0.74803 6.84898 34.4828 55.4128 50.6653 117.385 11.0657 284.726 0 0.745019 32.8319 4.79891 49.4521 3.30713 0.130873 36.878 
24.0823 44.4174 0.000349104 11.2961 9.45401 20.35 0.104301 48.6345 20.2594 34.2056 5.74633 15.2007 87.6383 10.8727 7.40471 0.302567 17.9705 42.0953 24.0426 6.38844 13.7037 0 0.323707 12.5289 16.7437 10.7875 12.8305 9.62395 
6.62107 0.132205 12.5262 2.11324 25.5871 16.39 29.2492 101.155 27.5483 48.6528 0.709172 3.37819 47.2939 7.87171 0.580337 2.76838 17.1394 44.9438 3.53844 0.226426 13.0955 13.9555 0 16.1928 19.9317 2.45945 12.6246 10.1439 
49.5756 59.9193 2.33458 26.5409 34.2116 0.00498735 66.1963 2.51554 13.4148 1.13556 0.0132395 14.5536 3.93049 1.79583 2.77572 27.0559 8.4229 0.692683 22.8089 1.44059 24.665 13.0635 18.9019 0 3.37177 14.28 19.2621 10.9781 
463.65 503.617 15.0451 434.57 32.6654 457.998 77.6546 113.405 531.037 62.3691 11.6131 358.206 50.7367 9.15065 7.92413 23.4785 432.449 57.2735 30.2468 12.789 1.48361 86.9936 21.9382 56.252 0 98.5279 3.10792 139.005 
2.37912 32.4523 0.0515226 33.6782 40.2547 2.69942 71.2318 151.952 0.0154348 76.031 135.846 57.5337 5.62516 0.11774 0.681114 29.1132 0.611999 43.8045 2.52646 4.46595 6.12501 1.14788 4.02487 12.4799 44.1131 0 8.21236 3.25656 
32.3885 0.867182 11.6249 11.6169 46.2532 5.67999 0.55946 87.1511 63.5193 29.7605 86.1158 72.4729 5.64131 5.73102e-06 19.6697 10.5572 0.0400923 44.3097 12.865 0.722775 7.8241 7.63687 13.354 0.47516 52.6167 34.5403 0 80.1577 
3.33195 30.601 15.4275 32.8835 54.0991 1.4485 16.3849 116.915 1.27107 26.6544 0.187366 160.407 35.9624 5.08404 13.4079 2.53424 15.3139 35.229 0.000713903 0.000730941 42.0255 2.04977 0.12969 1.89361 5.85786 45.2369 53.2471 0 
