0 1027.7 132.772 499.806 269.173 501.714 4.1044 179.635 691.631 16.9298 193.965 15.1802 9.1788 1.9595 53.1153 80.5242 477.029 122.602 6.65408 259.034 237.865 12.5211 0.364668 36.8162 518.858 1.39478 40.6015 60.4956 
837.764 0 91.875 664.934 57.5526 594.425 516.515 173.56 608.175 237.473 105.004 219.896 12.0189 5.98745 84.7141 11.6767 457.004 237.227 46.3461 98.1378 175.694 7.06295 0.00053551 61.6342 507.186 20.4799 28.1337 3.03382 
149.222 275.722 0 6.83302 145.816 33.1402 247.638 57.4248 410.677 0.279121 211.349 54.6483 49.7336 12.4078 10.2981 24.8548 50.9919 158.152 5.98413 13.4014 111.167 5.42507 12.3741 8.24734 3.66836 1.42993 17.9375 1.10479 
775.531 667.708 144.161 0 123.578 493.636 10.9081 991.277 493.117 103.324 175.977 110.811 60.1228 5.04804e-05 26.2248 28.4577 505.487 102.353 7.27231 44.9782 561.827 16.7504 1.31097 19.1996 475.231 41.444 26.5559 32.4794 
268.3 252.875 184.976 159.773 0 5.3353 358.809 222.957 355.476 235.156 260.914 162.881 101.379 7.7754 3.51488 74.8816 140.071 234.861 287.326 94.7793 20.2115 34.6149 0.009213 2.63658 5.78555 53.0394 19.7337 13.5322 
540.392 452.861 4.93318 507.475 35.5953 0 495.273 74.1242 919.404 482.352 80.2926 0.178679 126.495 0.0184883 8.91066 4.42556 486.697 16.5162 89.3039 23.7309 42.5907 9.35108 11.5403 4.29098 477.108 27.1771 8.94055 10.7904 
0.838791 17.9572 75.3741 159.675 193.614 190.957 0 408.291 120.535 458.493 169.444 2.23502 43.1705 94.5837 142.43 21.9294 95.3002 21.6485 9.44183 44.2477 122.688 60.6179 9.03597 18.6772 91.8365 47.7294 9.14923 57.117 
46.8902 74.8773 22.032 438.835 132.31 214.191 4.4542 0 632.174 111.814 329.501 783.951 130.391 114.987 183.631 2.20513 98.9022 27.7325 92.2867 102.895 48.6158 56.1688 40.5404 112.524 4.40638 0.12257 13.3986 121.76 
460.506 660.724 49.9232 600.154 24.1261 918.668 1070.77 636.774 0 74.8773 222.975 32.1157 0.846694 58.6325 157.119 8.68524 559.867 97.2282 13.3575 70.7691 24.551 20.7898 2.8998 99.0648 456.029 0.00685045 78.5811 0.247739 
150.642 39.5573 114.081 5.73938 189.244 421.258 93.1547 119.108 384.667 0 64.0722 219.404 310.99 43.912 10.0275 51.3622 70.7054 112.341 112.724 31.6653 31.419 59.2379 60.592 19.4759 40.0348 33.952 47.6994 22.6827 
76.0284 243.273 166.581 14.5917 94.1958 127.514 414.459 233.304 83.3418 133.857 0 311.204 0.247992 0.811843 184.399 146.749 26.6155 60.1407 70.3243 35.9202 59.0248 23.7176 23.4253 41.3485 0.585046 83.1032 21.4512 71.6595 
39.0176 178.984 6.40199 254.66 116.972 140.095 33.2398 971.008 268.274 158.784 486.461 0 158.996 0.278509 207.058 489.914 65.6794 1.07711 92.4246 46.5736 132.06 0.0215953 11.8087 7.45127 219.738 215.411 120.477 33.6678 
65.5839 4.80749 0.00145663 48.301 102.719 54.5846 44.9769 91.8301 165.905 269.499 94.2453 148.439 0 4.95238 119.143 47.7802 43.8902 15.5935 55.4392 43.1526 44.2247 90.1669 89.2399 13.2038 48.809 6.40412 5.14966 18.2338 
0.869401 0.0804822 12.2424 10.1914 69.8728 21.9233 56.3299 102.274 14.8368 62.7208 11.2417 8.74767 69.7476 0 8.42666 2.63508 18.0396 1.53214 23.0632 3.93776 44.4286 4.43584 5.32541 6.47361 9.65946 3.93587 0.0399584 0.223335 
33.2321 71.99 11.4738 19.416 1.8774 5.3615 75.34 35.4168 191.668 118.196 262.576 233.907 74.7863 57.2935 0 12.9918 7.41762 68.6008 35.1017 0.0604276 0.430874 3.32144 1.27565 27.9677 25.718 1.60938 19.6951 2.54761 
10.663 73.1524 0.106213 0.530302 0.203405 26.4847 43.5226 9.50812 149.917 91.7221 0.667934 315.406 0.0391789 0.000128521 89.4118 0 11.2853 58.0389 5.45917 8.44995 7.73409 11.8558 10.1671 13.2517 32.966 22.2512 0.631823 0.832562 
460.936 536.701 21.2699 461.445 27.5118 457.708 22.5088 0.117518 456.417 77.9195 87.3026 69.7379 46.5483 0.252939 30.0511 16.6296 0 0.546229 132.589 25.9331 0.32932 6.16814 18.9322 17.2308 450.514 10.2816 3.23095 16.3741 
80.9499 50.2935 112.796 129.547 13.7621 83.4219 156.28 176.273 134.269 116.269 64.5764 15.4389 1.28464 0.568627 1.85112 2.05003 85.1543 0 67.5251 11.5833 0.290634 12.5715 39.1976 34.8751 4.08466 51.6952 30.3984 45.4782 
5.54781 112.604 33.3404 2.96308 190.765 4.23584 110.262 24.5537 75.2318 123.089 87.2505 18.5384 21.0258 25.8876 12.5287 4.29517 241.477 140.725 0 32.8521 0.413446 24.9296 7.34669 0.0202852 30.1383 25.758 21.6183 0.43503 
219.698 3.70327 23.2649 6.83852 94.5596 24.2301 4.87185 46.1981 26.2126 23.5251 59.0364 2.6692 43.0634 0.841636 0.868828 6.08137 19.978 0.135965 6.8842 0 316.57 2.61127 3.73858 6.30973 0.00819702 10.368 3.93198 11.4654 
243.161 172.826 126.279 156.741 90.0739 72.6715 0.013483 191.249 185.569 58.0754 43.8539 38.5863 0.866838 7.10557 33.9671 54.9817 50.1986 117.938 10.6395 271.382 0 0.797404 32.6129 5.03571 49.0245 3.59075 0.163819 37.2303 
23.8253 44.6843 4.54699e-05 11.1885 9.10774 20.3841 0.0629424 48.1514 19.7361 34.8909 6.13455 15.7588 88.1324 10.8535 7.6067 0.263724 17.8865 42.0557 23.9661 6.38946 13.8745 0 0.421356 12.3932 17.026 10.785 12.8333 9.66067 
6.89423 0.0876587 12.5428 1.99289 25.0909 16.4089 28.4438 101.396 28.7309 48.0425 1.07557 2.75167 49.0097 7.51627 0.397188 2.54366 17.0716 44.9735 3.42422 0.239259 13.3615 13.7737 0 17.0823 19.6148 2.56588 12.5569 10.1401 
49.9687 60.1199 2.21295 26.4976 33.7386 0.000711789 66.6091 3.18778 12.583 0.947411 0.087631 12.3229 3.49374 1.99259 3.19252 27.6068 8.5447 0.610737 22.7387 1.39967 24.2747 12.95 18.2077 0 2.81314 14.0957 19.2655 10.845 
481.974 523.191 14.684 454.099 33.2842 477.028 76.8181 117.533 548.662 62.9467 10.3501 1018.79 50.4215 9.37538 8.36426 27.4485 451.514 57.4603 30.1828 12.7259 1.31877 89.0243 22.077 53.6868 0 108.163 10.2617 113.448 
2.72903 31.4922 0.0227694 34.3277 40.9554 2.49625 72.487 145.801 0.00549906 75.87 138.3 71.1869 5.96264 0.156114 0.520854 28.5501 0.66807 43.3112 2.39971 4.35784 6.4994 1.19888 4.1463 12.7019 44.3075 0 7.63556 4.30104 
32.7575 0.771069 11.4695 11.8602 46.1003 5.5441 0.656367 87.8983 62.9523 30.1268 86.0607 70.8907 5.4621 0.000903478 19.6304 10.7612 0.0500713 44.2461 12.9965 0.68928 7.60683 7.72201 13.3251 0.551862 53.4766 34.9378 0 77.468 
3.08176 30.0308 15.2172 32.8227 54.2919 1.34726 15.7753 115.468 1.53473 26.0889 0.31741 162.363 35.6816 4.96328 13.125 2.32412 15.4477 34.8956 0.00349028 0.00269669 41.7217 1.99801 0.110187 1.79048 6.02382 47.2109 56.9294 0 
