0 1024.06 134.374 494.399 269.232 498.495 4.48366 181.382 689.746 16.5631 194.05 14.6984 9.01943 1.91213 53.2895 80.5165 474.698 121.424 6.4768 261.07 238.272 12.4605 0.347775 36.6797 516.138 1.46068 40.6791 60.521 
828.446 0 97.9351 659.518 61.0923 593.589 517.95 175.068 608.456 237.833 103.764 219.673 11.7473 6.09805 84.9293 11.8602 454.14 353.895 45.6572 97.4518 175.877 7.12947 0.00160483 61.6142 504.392 20.6927 28.035 3.09454 
150.728 268.239 0 6.49988 146.815 33.5754 247.998 55.6972 414.861 0.336747 212.412 53.7506 49.519 12.3584 10.1641 24.8521 50.8932 157.837 5.85611 13.518 111.564 5.40273 12.3824 8.29046 3.60787 1.47458 17.9582 1.08017 
774.757 662.313 146.502 0 124.287 491.356 11.4883 652.609 492.441 103.478 175.232 112.542 60.2765 5.11719e-05 26.0888 28.2685 502.825 102.951 7.39635 45.0998 353.946 16.7463 1.28653 19.2738 472.778 41.3447 26.5324 32.5041 
268.478 258.493 184.646 159.512 0 5.93046 355.911 222.963 355.435 232.868 260.842 163.214 100.664 7.89683 3.63519 74.8944 139.712 234.97 288.302 94.8151 19.9478 34.7293 0.012671 2.58585 5.69928 52.8858 19.8122 13.6267 
537.201 450.681 4.70765 505.107 60.731 0 797.887 72.9388 918.003 332.904 82.1427 0.135824 59.4101 0.0232506 8.75553 4.49769 484.255 16.8558 89.4001 23.7537 42.8013 9.30066 11.5808 4.33076 474.53 27.2029 8.97828 10.8432 
0.678498 16.0094 73.4486 160.715 189.866 208.249 0 407.855 103.587 461.94 173.465 2.49593 44.0397 94.4705 142.448 21.6051 95.0847 21.0193 9.13519 44.5771 122.376 60.5637 8.90039 18.8493 91.8269 47.3791 9.23651 57.2702 
48.1711 73.5441 20.8862 440.099 131.443 214.044 5.09504 0 629.156 110.814 328.033 798.285 130.675 115.273 183.804 2.59472 98.9443 27.3134 92.0367 103.167 49.301 56.0686 40.2177 112.058 4.09777 0.0603808 13.2097 121.446 
458.42 655.157 46.1365 594.723 23.0101 917.352 1093.6 633.976 0 77.2439 3.04422 30.7206 0.742451 58.1071 161.172 9.01313 557.357 96.3805 13.6642 70.4465 24.9936 20.9224 3.01069 98.9986 453.621 0.0175086 78.54 0.220628 
150.412 38.5793 114.132 5.93656 186.759 427.794 97.7339 120.106 384.211 0 59.6609 218.638 312.368 43.5498 9.61249 51.7615 70.8672 112.751 112.991 31.8149 31.1972 59.1787 60.582 19.6451 40.2521 34.2145 47.701 22.544 
76.7196 243.999 168.084 15.1523 93.036 125.495 411.436 231.125 92.1107 127.863 0 315.412 0.334748 0.998188 189.183 145.231 26.4302 60.6371 69.9488 36.1417 58.6187 23.5492 22.9969 41.8291 0.51182 82.2973 21.2743 71.986 
39.7545 178.276 6.76652 254.162 116.424 140.534 32.322 962.881 265.812 159.943 484.364 0 159.049 0.211597 208.905 491.378 65.8304 1.14688 92.2998 46.8545 131.624 0.0278225 12.107 7.03418 225.622 210.776 120.517 34.361 
65.8663 4.98625 0.000131228 48.1096 103.431 56.9899 44.1007 91.4046 165.24 271.742 95.4886 148.181 0 5.40138 119.092 47.4434 44.0121 15.413 55.6574 43.1507 44.3701 90.2008 89.363 13.3951 48.898 6.4925 5.19315 18.3194 
0.901733 0.0677166 12.2921 10.1233 69.9016 21.929 56.6914 101.877 14.4558 62.4041 11.8917 8.36116 68.501 0 9.10479 2.74351 18.0676 1.5697 23.022 3.94466 44.4483 4.39761 5.21556 6.53526 9.60365 3.89262 0.0372462 0.215132 
33.0335 72.2751 11.6122 19.5599 1.9663 5.23508 76.0483 34.6422 192.742 118.7 267.159 232.37 75.3983 57.7952 0 14.064 7.46509 68.5755 35.0501 0.0568975 0.453612 3.28155 1.20353 27.9918 25.8143 1.54537 19.7038 2.50332 
10.4824 73.3339 0.093945 0.487143 0.225608 26.4506 43.1299 10.2882 149.738 91.7291 0.50835 308.248 0.055195 0.0022056 89.231 0 11.3307 57.9719 5.41116 8.43421 7.84167 11.8616 10.2201 13.5265 33.0751 22.0496 0.650472 0.800922 
458.132 533.497 21.4422 458.966 27.0367 455.22 22.7648 0.133458 453.672 77.8028 87.185 69.8784 46.4308 0.260696 30.0461 16.6736 0 0.751183 209.149 25.8676 0.311216 6.19444 18.938 17.2069 447.89 10.2367 3.25056 16.4066 
79.8333 45.9095 113.625 129.131 14.2842 83.8884 155.247 176.076 135.1 115.873 64.0735 15.687 1.22936 0.545881 1.90534 1.99982 87.1392 0 68.1147 11.3929 0.32267 12.6306 39.251 34.9548 4.02393 51.5951 30.461 45.4213 
5.38486 113.345 33.5569 3.04542 193.053 4.05344 110.858 24.3036 75.7754 123.136 86.8972 18.7159 21.223 25.9137 12.6134 4.33891 241.424 140.433 0 32.7985 0.391265 24.9179 7.30956 0.0227006 30.1551 25.7152 21.5974 0.445672 
220.34 3.94311 23.3497 7.01119 94.6072 24.2213 5.01865 45.7941 26.5073 23.674 59.2453 2.57786 43.055 0.848484 0.855764 6.1041 20.0536 0.114662 6.81509 0 318.436 2.61991 3.74258 6.30763 0.00970038 10.3484 3.94837 11.468 
243.302 173.072 126.177 158.934 90.4155 72.7701 0.0232645 191.685 185.682 57.84 43.4758 39.0315 0.897906 7.17035 33.838 54.8725 50.0813 118.073 10.534 267.846 0 0.810761 32.5577 5.09571 48.9165 3.66342 0.172631 37.3179 
23.7609 44.7504 0.000171358 11.1615 9.02188 20.3921 0.0542269 48.03 19.606 35.0618 6.23334 15.8995 88.2486 10.848 7.65734 0.254428 17.8653 42.0453 23.9467 6.38965 13.9172 0 0.447734 12.3586 17.0962 10.7842 12.8338 9.66975 
6.96342 0.0779532 12.5465 1.9633 24.9669 16.413 28.2429 101.451 29.0289 47.8883 1.17895 2.60492 49.4377 7.42379 0.356723 2.48859 17.0545 44.9802 3.39589 0.242517 13.4282 13.7266 0 17.2933 19.5337 2.59274 12.5397 10.1389 
50.0657 60.1685 2.18294 26.4855 33.6202 0.000246388 66.71 3.36813 12.3785 0.903014 0.116462 11.7919 3.38836 2.04297 3.30071 27.7332 8.57522 0.59105 22.7209 1.3895 24.1771 12.9208 18.0202 0 2.68508 14.0488 19.2654 10.8115 
479.158 520.685 14.5936 451.587 33.4389 474.387 76.6059 118.559 545.667 63.0886 10.0449 827.035 50.3414 9.43142 8.47557 28.6276 448.884 57.5058 30.1663 12.7098 1.27901 88.8698 22.1111 53.0571 0 109.488 16.6865 105.543 
2.82009 31.2527 0.0173895 34.4881 41.1302 2.44656 72.7979 144.247 0.015303 75.8252 138.901 74.7789 6.04831 0.166545 0.484078 28.404 0.682462 43.1873 2.36848 4.33093 6.5946 1.21176 4.17677 12.7568 44.351 0 7.49376 4.58332 
32.8495 0.747923 11.4306 11.9212 46.0616 5.51022 0.681766 88.0822 62.8093 30.2183 86.0445 70.4943 5.41767 0.00136702 19.62 10.8121 0.0527388 44.2297 13.0293 0.68102 7.55288 7.74326 13.3175 0.571919 53.6862 35.0339 0 76.7633 
3.02069 29.8882 15.1644 32.8061 54.3391 1.32249 15.6243 115.1 1.60446 25.9476 0.355243 162.834 35.6108 4.93316 13.0541 2.27286 15.4811 34.8119 0.00451072 0.00338202 41.6452 1.98517 0.105555 1.7651 6.06899 47.6933 57.8407 0 
