0 285.798 29.2442 321.276 115.505 197.554 241.566 237.186 309.388 5.89715 4.21229 50.4083 2.7341 16.3619 10.1429 9.54218 159.693 74.7243 94.746 155.194 153.525 35.9631 42.7269 44.0015 123.073 2.79692 51.2012 60.9797 
74.5168 0 382.91 295.941 423.667 253.177 301.21 163.307 437.957 91.672 262.656 111.463 35.6674 11.7125 87.0808 0.154328 200.187 105.722 14.2138 26.0957 134.648 29.6702 18.452 58.0706 103.256 83.4257 1.07533 49.8091 
18.2559 195.709 0 1.13498 55.5143 46.0774 234.748 148.327 3.56689 96.9167 50.9377 32.2825 69.0958 1.04738 24.8581 21.8028 41.4202 81.0941 30.4993 17.3848 8.74666 1.86207 8.04756 1.64079 26.056 21.4077 2.27491 13.3238 
206.535 298.59 205.014 0 79.3655 68.5537 53.0219 959.656 121.518 7.97706 18.2885 133.744 19.6995 16.3431 17.3101 34.9047 95.454 112.921 8.95352 10.7774 357.782 2.26334 16.7752 13.5308 91.3806 44.5787 11.7016 0.234772 
125.924 208.912 0.639667 161.279 0 102.521 80.3923 95.6961 53.191 49.1502 260.156 23.3364 79.567 0.142492 90.773 47.274 19.3491 168.545 10.0701 87.8437 103.044 1.75082 30.5139 47.7275 0.97839 17.5784 0.0887747 7.00494 
195.75 88.7342 0.389127 67.6269 321.013 0 828.23 132.652 123.907 243.539 2.203 39.7015 603.278 3.88861 1.19649 4.9851 117.8 82.1623 2.52471 21.2444 14.2139 16.8188 12.0976 17.4219 72.6634 18.6097 16.4767 11.6893 
206.572 250.708 14.613 20.0456 246.642 610.289 0 352.037 786.692 504.752 218.847 18.7781 111.725 54.5323 137.27 13.0503 20.0534 85.6993 53.5352 32.301 71.8187 47.8573 72.3163 6.13709 87.0598 87.2432 4.25757 18.0522 
98.8691 179.229 97.2485 48.4926 217.357 204.652 68.5506 0 2.1702 55.9601 9.00031 1021.18 86.8648 4.54203 162.449 194.421 87.6687 181.207 37.0144 52.4477 14.989 66.2571 90.1755 136.51 43.4944 141.746 70.6864 98.085 
201.317 85.0271 472.177 397.14 349.735 121.726 359.785 1.06357 0 86.9827 1191.74 79.3905 168.732 17.1842 137.958 26.4401 112.452 166.829 0.0698594 93.9458 5.91274 21.818 80.9163 99.9637 134.832 58.9503 20.5193 69.1045 
87.3849 207.768 26.1815 104.79 87.5839 522.782 197.558 162.183 381.934 0 481.113 47.2355 148.261 82.7077 132.198 12.5398 82.5214 87.4808 111.348 41.1925 93.9083 22.6366 52.5894 57.2208 52.6925 41.9863 36.8865 47.627 
78.1273 14.3642 101.975 171.144 116.723 266.9 155.981 74.7069 625.643 548.099 0 280.909 35.5874 206.498 277.27 92.069 35.0255 123.3 28.8949 86.1652 144.995 36.691 18.3032 24.8083 109.649 45.3926 66.0959 44.8798 
8.81991 181.184 161.087 10.2517 168.135 70.6378 117.356 455.535 17.2009 242.008 5.93819 0 75.3656 132.177 59.4348 414.383 25.4649 1.61087 67.9172 62.2488 168.331 10.2819 98.6132 5.4821 228.099 395.037 30.9626 71.6548 
103.498 102.679 9.29889 72.9271 73.2299 161.521 3.96075 3.23721 1.37632 212.403 14.3572 123.772 0 66.8364 68.9703 46.5576 2.5585 89.2844 69.517 13.4815 67.7669 79.679 38.9209 9.78083 15.2967 45.7135 6.155 13.8576 
3.67901 32.7675 15.7559 1.68565 56.4141 16.8727 95.1053 83.1748 36.7305 83.1561 188.302 103.63 6.03173 0 48.444 1.92978 2.50871 45.7695 21.5538 4.79925 35.8705 10.8875 1.59479 8.92584 2.28846 12.2156 9.10067 8.56185 
69.6227 94.5359 1.05829 15.8474 88.4698 3.27368 103.571 0.00333832 34.8752 4.03183 199.899 46.15 119.297 51.2971 0 45.7732 28.3071 36.749 38.3168 11.5394 16.9538 11.7848 10.4629 5.53388 0.145468 18.4903 17.4385 0.239173 
44.185 40.9951 4.42778 3.35524 21.7596 16.5414 32.0555 170.674 137.676 9.95998 7.95502 75.1572 82.585 0.0565411 16.0218 0 18.6377 48.6938 30.2517 6.38894 53.6717 11.8266 0.707388 8.52891 15.5825 21.2345 0.0559936 10.8217 
79.0919 206.883 1.37838 79.5513 132.858 89.5486 81.0277 21.7361 127.152 38.4925 0.400385 29.9575 61.8839 8.67273 13.1483 13.4261 0 282.288 418.723 11.1596 1.37066 17.2253 9.5929 6.92154 76.0044 24.1502 2.36055 21.0084 
38.9855 34.6354 0.0482177 3.52363 16.3386 15.618 217.149 59.6616 63.3881 1.27417 13.2689 17.2123 62.812 52.8262 26.1388 0.138132 244.088 0 0.00403738 87.2108 64.2444 16.8099 16.2896 47.0277 44.8254 1.30968 43.3337 2.50827 
96.6584 165.181 7.7716 4.11684 101.251 83.9196 144.719 0.0531302 29.5113 122.797 15.8467 47.9112 36.0071 4.80662 5.29685 10.9782 52.0886 119.112 0 25.5909 59.7337 17.2975 16.7941 19.8149 6.93349 20.4307 2.39556 0.0241062 
73.4382 141.943 25.7643 8.41185 86.9154 23.7558 0.94192 98.4766 20.2441 33.5012 82.7113 88.6061 14.9619 2.74896 10.4145 0.0510964 32.013 74.2687 34.8385 0 50.1936 5.05628 0.0224498 6.34896 13.5659 11.1606 2.99721 6.89346 
176.845 142.133 54.1364 61.8322 10.8517 49.8385 21.9576 156.578 172.681 99.2131 138.109 0.0255051 14.9916 0.131684 8.23118 9.02529 54.4086 91.0119 71.6992 253.319 0 27.5606 1.55989 13.3227 27.1856 49.1451 12.5659 37.2302 
40.2741 51.1746 10.1336 10.6802 56.5312 1.00287 5.02709 67.3451 68.1908 3.24338 0.99306 41.6445 85.2558 5.62003 12.6138 0.0268043 1.73048 40.8876 19.5905 0.334358 10.6921 0 14.6621 0.817893 10.597 10.1206 1.36059 8.69383 
23.3632 16.2343 7.16565 15.8759 0.392758 16.4448 66.8952 6.10096 43.1377 60.2846 2.70372 126.894 1.12941 0.293431 8.012 11.8986 2.16693 4.43919 20.4492 2.70657 34.9059 1.75183 0 0.500325 1.07828 9.52115 0.765699 5.62997 
0.0713541 48.1561 9.11509 26.0468 13.0332 10.5693 54.6406 4.00539 16.7295 19.7098 94.8119 9.7781 5.78005 4.61304 28.0747 0.0122677 18.4336 16.0234 8.27642 1.68913 47.4273 1.30068 7.65942 0 3.38172 14.757 19.1289 8.3052 
141.6 145.591 27.6719 109.013 44.9855 83.3839 89.2064 53.0631 160.961 69.5616 81.2686 688.118 49.8721 15.7139 11.7225 56.5875 78.3359 18.6209 1.05211 0.212418 3.3333 59.0995 16.1734 44.566 0 10.3204 51.4817 64.4639 
1.44389 10.3025 26.0703 24.7979 29.9087 13.3554 29.4769 0.00610161 58.849 73.7092 62.4112 16.4267 46.2351 10.6749 15.417 27.7995 21.7811 0.0166109 0.19173 5.62633 44.4211 3.16449 10.2206 11.8497 2.70031 0 21.8953 63.6092 
49.306 29.3159 18.1863 26.616 38.7936 0.465502 17.2656 30.9081 2.38157 8.3615 65.9247 5.6994 33.0154 8.45666 19.4227 6.32397 8.70239 33.104 11.9469 1.25574 33.3187 1.41514 0.100015 0.144055 8.61565 22.7937 0 91.0212 
0.759659 0.677926 0.407081 2.97514 49.5098 0.955861 56.1366 89.2522 52.2621 44.908 4.02022 175.961 39.0907 2.22171 7.71305 7.85633 21.6543 10.9683 0.569834 5.49543 41.7217 3.25427 3.24345 0.425642 15.883 33.7453 9.99428 0 
