0 797.485 152.156 264.744 268.669 288.878 10.0169 201.165 494.57 12.6067 194.663 9.68527 7.27828 1.40825 55.2525 80.2997 275.255 107.879 4.59972 272.41 241.947 11.7712 0.18223 35.0964 312.083 2.32526 41.5564 60.7668 
545.687 0 176.13 423.296 107.964 410.699 526.297 192.149 439.463 240.951 89.7282 216.624 8.83049 7.43448 87.2806 14.0563 248.808 763.319 37.9804 89.3738 177.617 7.91224 0.0549314 61.3356 299.509 23.1914 26.8983 3.83289 
167.138 181.82 0 26.5029 157.66 38.557 249.614 37.346 453.327 1.38576 223.401 43.7669 47.0161 11.7782 8.66177 24.7667 49.6914 153.56 4.47492 14.8584 115.816 5.14667 12.4663 8.78488 2.9434 2.03391 18.1867 0.816449 
586.914 426.265 161.514 0 132.113 292.345 19.1545 871.882 314.329 105.018 166.104 132.61 61.9902 0.0292634 24.5027 26.0545 299.445 109.648 8.88614 46.3372 46.1146 16.6919 1.02092 20.1095 271.845 40.1059 26.244 32.7514 
269.28 322.717 179.81 155.96 0 37.9375 319.832 222.539 352.932 205.612 259.21 166.835 92.3979 9.35079 5.15591 74.9583 135.294 235.477 297.002 95.0607 17.0206 36.0374 0.0921031 2.03607 4.74959 51.0881 20.7194 14.729 
327.65 254.832 2.47599 304.977 656.774 0 968.735 59.6854 717.994 168.413 104.174 0.0646921 157.93 0.117034 7.04692 5.36009 283.43 20.9662 90.2092 23.9834 45.2121 8.72312 12.0389 4.79711 272.137 27.4615 9.41272 11.4513 
0.0564218 1.58323 52.4812 171.971 147.651 448.401 0 399.783 0.461875 493.243 220.899 6.51419 54.4785 92.982 142.139 18.0083 92.5123 14.4006 5.95596 48.3708 118.66 59.8965 7.40646 20.8623 91.5887 43.3665 10.2639 58.9948 
63.8689 58.8239 9.7925 465.356 121.393 211.32 15.4657 0 585.192 99.339 309.748 937.314 133.801 118.321 185.043 9.29746 99.3559 22.6852 89.0949 106.126 57.4012 54.8919 36.5394 106.483 1.34711 0.910865 11.121 117.616 
262.547 418.52 12.7849 360.157 11.9895 718.338 1277.76 592.364 0 106.299 150.446 16.7716 0.0352985 52.2261 200.974 13.1845 355.678 86.6982 17.4132 66.6892 30.3181 22.462 4.42973 98.1047 253.427 0.49313 78.0136 0.0216892 
147.472 28.0794 114.331 8.4241 158.009 487.121 155.738 131.516 375.745 0 19.6194 209.193 324.904 39.3783 5.43677 56.3136 72.6702 117.348 115.828 33.5271 28.6797 58.432 60.3815 21.6178 42.7363 37.2422 47.6932 20.9613 
84.7348 251.619 184.664 22.2753 79.9471 102.566 373.305 205.696 192.396 67.0242 0 362.388 2.26147 4.50363 244.128 127.429 24.328 66.405 65.6182 38.7012 53.9862 21.6378 18.3029 47.4514 0.0212747 73.0555 19.2751 75.695 
48.5988 169.834 11.6442 246.837 110.052 145.246 22.5961 837.066 236.822 172.995 455.95 0 159.428 0.102133 228.739 492.386 67.5426 2.10453 90.8032 50.0851 126.482 0.155967 15.7735 3.08112 299.112 157.635 120.788 42.6941 
69.0906 7.26634 0.0879118 45.884 111.549 82.8889 34.5109 86.4712 157.306 295.056 109.989 145.016 0 11.8785 118.023 43.5519 45.4007 13.4025 58.1424 43.1021 46.0354 90.3627 90.4981 15.6678 49.887 7.54652 5.7042 19.3087 
1.31506 0.000102005 12.8513 9.3441 70.1564 21.9553 60.8079 97.1474 10.4238 58.6582 20.5655 4.52378 54.4265 0 18.2741 4.11249 18.3839 2.03339 22.5373 4.02236 44.6494 3.96242 3.95281 7.22794 8.9579 3.40584 0.0129009 0.131666 
30.7588 75.4716 13.2295 21.2124 3.13284 3.87694 84.1433 26.2355 204.165 123.965 316.736 213.092 82.2931 61.5645 0 28.5335 8.01817 68.2282 34.4324 0.023926 0.756864 2.83644 0.520564 28.1232 26.8737 0.899227 19.7885 2.01872 
8.50247 75.3341 0.00691869 0.121742 0.563028 26.0129 38.6554 21.3224 147.231 91.5554 0.237611 223.646 0.435393 0.207565 83.6851 0 11.8541 57.1607 4.87124 8.24712 9.12518 11.9157 10.794 16.6884 34.2168 19.6719 0.88344 0.479894 
253.29 323.89 23.4407 257.792 21.818 253.954 25.7843 0.389617 249.486 76.3923 85.78 71.4658 45.0632 0.358165 29.974 17.1769 0 5.42096 65.7745 25.1011 0.139924 6.49922 18.9992 16.9282 245.02 9.72341 3.47971 16.7786 
67.2919 13.0863 122.853 124.034 20.9303 89.1411 143.156 173.559 144.54 111.199 58.3507 18.6648 0.680618 0.317511 2.58261 1.46598 110.758 0 74.9206 9.30099 0.810503 13.3164 39.8508 35.8608 3.35591 50.4151 31.1753 44.7501 
3.68067 121.691 36.0329 4.06916 218.43 2.235 117.54 21.4971 82.0267 123.418 82.7805 20.8031 23.5356 26.1991 13.5955 4.85484 236.8 136.785 0 32.1579 0.179995 24.7747 6.88598 0.0602284 30.3346 25.2121 21.3525 0.577099 
225.154 7.21897 24.275 9.12056 94.9891 24.0867 6.85275 41.1972 29.9684 25.3934 61.6154 1.63994 42.9325 0.92883 0.712205 6.36351 20.9184 6.26697e-05 6.04017 0 331.53 2.71959 3.78717 6.28016 0.0360469 10.1168 4.13789 11.4919 
243.878 175.558 124.598 171.951 94.2852 73.8285 0.326154 196.313 186.658 55.1222 39.1991 44.2781 1.29368 7.93186 32.3466 53.5705 48.716 119.509 9.35292 222.464 0 0.972225 31.9126 5.80774 47.6489 4.54696 0.290444 38.3127 
23.0182 45.4913 0.00742813 10.849 8.05971 20.4654 0.000654692 46.6185 18.1287 37.0161 7.42147 17.5496 89.3635 10.7652 8.24153 0.159238 17.6183 41.9117 23.7148 6.39016 14.4097 0 0.805868 11.9391 17.8903 10.7692 12.8346 9.771 
7.77723 0.00720813 12.5771 1.63722 23.5472 16.4432 25.954 101.933 32.5194 46.0657 2.70382 1.20201 54.329 6.27642 0.0469396 1.88941 16.8535 45.0373 3.0773 0.281476 14.2009 13.1385 0 19.3403 18.5492 2.90793 12.3305 10.1181 
51.1441 60.6802 1.85066 26.3101 32.2508 0.0122432 67.8045 5.78424 10.1331 0.468089 0.741017 6.48803 2.28785 2.65475 4.65256 28.8441 8.92708 0.387582 22.5069 1.27453 23.0552 12.5619 15.5168 0 1.55879 13.4854 19.2379 10.4187 
274.081 319.085 13.5541 250.049 35.2183 271.281 74.0828 130.145 338.389 64.6454 6.84352 978.137 49.3841 10.0717 9.78625 45.2988 245.933 57.9971 29.9637 12.5178 0.86511 69.7685 22.4846 46.5373 0 92.3736 133.65 29.8959 
3.97019 28.5309 0.00756984 36.2645 43.1294 1.90829 76.2885 126.109 0.481134 75.1821 145.42 120.437 7.07206 0.310224 0.157179 26.5833 0.858638 41.746 2.02303 4.02398 7.73177 1.36439 4.52937 13.3681 44.7011 0 5.93871 8.39779 
33.8999 0.506741 10.981 12.6242 45.5992 5.12607 1.00828 90.1121 61.1351 31.2611 85.7884 65.9031 4.91797 0.0135593 19.4855 11.3943 0.0883866 44.0275 13.4066 0.589413 6.94358 7.98646 13.2179 0.827148 55.9238 36.0344 0 67.8493 
2.36001 28.2543 14.5494 32.5778 54.854 1.05328 13.9257 110.665 2.51523 24.329 0.942261 167.703 34.7837 4.58885 12.2361 1.72054 15.8633 33.8423 0.0256373 0.0168202 40.748 1.83961 0.0593972 1.4845 6.69688 52.8584 67.8954 0 
