0 768.468 153.641 236.966 268.512 262.362 10.5979 202.851 469.229 12.2857 194.685 9.29635 7.13491 1.36793 55.4196 80.2699 249.619 106.705 4.45101 272.332 242.178 11.7118 0.170324 34.9578 286.034 2.4096 41.6313 60.7842 
512.667 0 183.477 394.38 112.525 386.435 526.305 193.608 416.494 241.133 88.5301 216.317 8.59524 7.55628 87.4742 14.2545 222.681 473.6 37.3369 88.6572 177.737 7.98183 0.0631341 61.3072 273.391 23.4129 26.7994 3.90066 
168.478 174.486 0 30.2053 158.541 38.9861 249.533 35.8929 455.766 1.51031 224.242 42.9316 46.7959 11.7267 8.53478 24.7545 49.5813 153.133 4.36284 14.9746 116.157 5.12447 12.4726 8.82773 2.88839 2.08647 18.2057 0.795161 
561.718 397.357 157.713 0 132.763 266.732 19.904 458.852 290.733 105.131 165.263 134.359 62.1345 0.0343412 24.363 25.8591 273.455 110.213 9.02117 46.4305 229.818 16.6866 0.999193 20.1806 246.071 39.9899 26.2174 32.7696 
269.242 328.2 179.301 155.603 0 42.6802 316.482 222.458 352.539 203.173 258.999 167.13 91.6767 9.48211 5.29991 74.9566 134.886 235.456 297.534 95.0675 16.7753 36.1504 0.102435 1.99127 4.67081 50.9294 20.7985 14.8261 
301.118 229.665 2.31413 279.258 404.386 0 753.815 58.5697 691.325 103.561 106.144 0.0951845 312.909 0.128562 6.90523 5.43786 257.666 21.3405 90.2536 24.0005 45.4206 8.67308 12.078 4.83841 246.236 27.4806 9.45057 11.5042 
0.108764 1.03717 50.7763 172.883 144.088 471.123 0 398.82 0.0249978 495.199 225.093 6.95105 55.4222 92.8364 142.068 17.7077 92.2806 13.8798 5.71016 48.7008 118.326 59.8349 7.28237 21.0401 91.5569 43.0197 10.3553 59.1415 
65.3123 57.601 9.01561 467.265 120.514 210.995 16.6233 0 580.614 98.3457 308.042 946.794 134.06 118.565 185.085 10.0693 99.3854 22.2999 88.8336 106.368 58.1246 54.7873 36.2229 105.98 1.1777 1.12079 10.9467 117.265 
237.286 389.669 10.8292 331.533 11.1929 691.756 1285.97 587.971 0 108.967 67.6513 15.7477 0.0166972 51.7293 202.023 13.581 329.833 85.8643 17.758 66.3584 30.8008 22.5971 4.56546 98.0154 227.738 0.565056 77.9632 0.0142142 
147.192 27.2344 114.314 8.65941 155.506 490.606 161.17 132.5 374.734 0 17.1221 208.319 325.698 39.0159 5.12688 56.705 72.822 117.736 116.056 33.6751 28.4635 58.3615 60.3567 21.7916 42.9509 37.5059 47.6901 20.8248 
85.437 252.216 186.039 22.9522 78.8337 100.61 369.724 203.461 200.148 62.5226 0 366.319 2.50927 4.92556 248.824 125.859 24.1479 66.9116 65.2413 38.9247 53.5869 21.4739 17.9159 47.9478 0.00927504 72.2561 19.1047 76.0129 
49.3989 169.076 12.1267 246.064 109.493 145.626 21.825 823.643 234.257 174.102 453.124 0 159.441 0.150037 230.329 491.095 67.6891 2.20121 90.6677 50.3658 126.024 0.172023 16.112 2.81215 304.664 153.106 120.794 43.4484 
69.3689 7.48381 0.104488 45.6885 112.247 84.8156 33.7216 86.0393 156.591 296.85 111.263 144.724 0 12.5521 117.889 43.2127 45.5202 13.2335 58.3559 43.0956 46.1797 90.357 90.5721 15.8718 49.9699 7.64136 5.74953 19.395 
1.35459 0.00113056 12.8987 9.27676 70.172 21.9542 61.1621 96.7222 10.1044 58.324 21.4206 4.24349 53.2339 0 19.1677 4.24144 18.4109 2.07641 22.4943 4.02897 44.6648 3.925 3.8446 7.28642 8.90151 3.36447 0.0113788 0.125362 
30.5618 75.7421 13.3721 21.3558 3.24672 3.76742 84.8406 25.5496 205.073 124.373 320.707 211.288 82.878 61.7089 0 29.9379 8.06691 68.1931 34.3766 0.0217212 0.786869 2.79897 0.474193 28.1219 26.9614 0.850989 19.7945 1.97877 
8.3389 75.5002 0.00406795 0.101434 0.599492 25.9708 38.2704 22.4544 146.975 91.5183 0.350238 216.283 0.485417 0.241098 82.9167 0 11.8996 57.0867 4.82537 8.23034 9.24051 11.9193 10.8406 16.9607 34.3059 19.4609 0.905282 0.455735 
227.188 297.362 23.6157 232.002 21.3859 228.158 26.0532 0.418207 223.439 76.2637 85.6534 71.6011 44.9429 0.367356 29.9665 17.2203 0 6.02603 91.7545 25.0335 0.12822 6.52592 19.004 16.9036 219.081 9.67904 3.49997 16.8108 
66.2308 12.0309 123.626 123.564 21.5624 89.5878 142.088 173.319 145.348 110.782 57.8587 18.9341 0.640497 0.300549 2.64622 1.42337 112.87 0 75.513 9.12782 0.863288 13.3765 39.9015 35.9386 3.30053 50.3101 31.237 44.6903 
3.54724 122.399 36.2466 4.16476 220.541 2.10158 118.106 21.2592 82.5701 123.42 82.4185 20.9884 23.7403 26.2226 13.6817 4.90083 236.036 136.443 0 32.1001 0.16544 24.7614 6.84948 0.0643422 30.3491 25.1675 21.3308 0.589313 
225.346 7.54797 24.3509 9.31417 95.0079 24.0721 7.02469 40.8027 30.2756 25.5435 61.8186 1.56823 42.9196 0.935943 0.700298 6.38586 20.9932 0.00145446 5.97454 0 331.917 2.72829 3.79093 6.27748 0.0391245 10.0961 4.15444 11.4935 
243.838 175.744 124.426 171.999 94.6166 73.9139 0.369064 196.682 186.714 54.885 38.8339 44.7448 1.33147 7.99954 32.2163 53.4535 48.5958 119.624 9.25303 218.187 0 0.986949 31.8554 5.87157 47.5363 4.6279 0.302122 38.3981 
22.9534 45.5541 0.0085645 10.8216 7.97822 20.4703 5.62773e-05 46.4943 18.002 37.1848 7.5293 17.6959 89.4412 10.7563 8.29251 0.151991 17.5965 41.8989 23.6938 6.39005 14.4526 0 0.841682 11.9009 17.9582 10.7674 12.8342 9.77954 
7.84976 0.00462749 12.5787 1.61014 23.4244 16.4444 25.7568 101.961 32.8281 45.9033 2.86531 1.10513 54.7504 6.17076 0.0336606 1.84048 16.8357 45.0405 3.05021 0.284989 14.2686 13.0835 0 19.4817 18.4594 2.93588 12.3115 10.1157 
51.2346 60.7206 1.82286 26.2917 32.1312 0.0147956 67.8938 6.02394 9.94721 0.436899 0.820735 6.09822 2.20198 2.71055 4.77905 28.91 8.95776 0.371882 22.4876 1.26472 22.9576 12.5287 15.2732 0 1.49155 13.4345 19.2332 10.384 
247.95 293.249 13.4638 224.23 35.3731 245.317 73.8566 131.131 312.056 64.7742 6.59261 669.185 49.2978 10.1269 9.9027 46.8379 219.986 58.037 29.945 12.5004 0.832843 66.9339 22.5154 46.0578 0 88.5728 139.274 28.2938 
4.07897 28.297 0.011244 36.4129 43.3021 1.86438 76.584 124.515 0.552209 75.1151 145.951 124.725 7.16434 0.324769 0.137168 26.4136 0.874885 41.6193 1.99418 3.99757 7.83428 1.37802 4.56022 13.4195 44.7185 0 5.81032 8.7763 
33.9905 0.487945 10.9418 12.6855 45.5576 5.0931 1.03961 90.2811 60.987 31.3511 85.7601 65.5024 4.87553 0.0152165 19.4725 11.4446 0.0919219 44.0088 13.4394 0.581745 6.89157 8.0075 13.2082 0.85148 56.1022 36.1124 0 67.0126 
2.30627 28.1126 14.4953 32.5546 54.8963 1.03125 13.7816 110.264 2.60371 24.1889 1.00648 168.078 34.7106 4.55912 12.1648 1.6758 15.8964 33.7573 0.0282904 0.0184725 40.6686 1.82717 0.0560041 1.46111 6.76088 53.2707 68.7229 0 
