0 762.289 195.211 405.819 252.825 421.252 39.6318 255.616 659.676 3.64706 192.278 0.713625 3.02959 0.332191 60.7798 78.173 437.675 67.6954 0.796147 220.252 241.306 9.72088 0.00591797 30.1071 458.908 6.18551 44.0718 60.9912 
472.223 0 418.517 472.078 296.37 611.826 458.987 239.763 692.771 238.501 50.4122 201.864 2.36973 12.2631 92.9992 21.7085 396.28 636.201 17.9013 63.2976 178.782 10.5307 0.693314 59.9207 444.204 31.3937 23.4025 6.56639 
203.15 4.80478 0 243.383 181.722 52.7218 225.786 2.82634 440.871 8.92953 240.868 18.1878 39.0117 9.87326 4.59749 23.8853 45.2748 133.472 1.33536 18.8798 124.85 4.37045 12.585 10.2785 1.28767 4.2553 18.7718 0.230488 
708.537 474.668 159.4 0 151.607 454.036 52.6936 857.653 560.399 106.906 132.62 192.061 66.6002 0.455602 19.4443 19.0061 448.434 127.562 14.1584 48.1711 347.166 16.445 0.388387 22.4526 428.753 35.2646 25.1511 33.0684 
257.486 484.595 153.996 139.001 0 225.798 190.065 215.487 322.642 117.778 245.138 175.325 67.0218 14.459 11.365 74.1966 118.678 228.489 293.125 93.8871 9.29529 39.9568 0.793837 0.744326 2.33631 45.2371 23.5484 18.2956 
457.38 447.477 0.094816 462.183 502.235 0 1388.88 25.0951 757.656 911.774 175.212 4.6942 492.397 0.851045 2.79918 8.34812 440.628 35.6886 89.2151 24.3078 52.4455 6.97924 13.3532 6.32327 424.498 27.8104 10.7585 13.321 
12.163 51.1023 7.73027 196.693 41.5022 876.793 0 342.345 677.913 481.552 364.643 30.0908 90.5901 86.3249 135.404 8.68154 83.585 1.6842 0.378258 59.9352 105.844 57.3567 3.59485 27.413 89.3904 31.358 13.6946 63.8288 
120.934 22.2137 2.02754 286.24 90.2196 191.613 78.8652 0 370.709 65.2836 240.387 950.512 141.659 124.72 180.121 53.0376 99.784 10.8521 79.3498 113.22 84.4496 50.9894 25.7783 87.2632 2.30847 21.0682 5.71031 103.506 
444.166 474.757 42.7898 430.62 0.547338 760.532 797.398 381.993 0 208.748 920.358 0.229445 3.56491 36.2131 63.9325 30.2567 509.391 58.303 31.331 54.7231 49.1588 27.3778 10.3996 93.8433 415.215 5.98111 75.7801 0.718352 
135.21 5.59963 110.464 18.4603 74.5176 390.736 358.197 164.932 315.761 0 35.9013 173.739 322.553 26.8454 0.00888713 69.5003 77.5045 129.807 121.829 38.657 21.3441 55.3982 58.7888 27.9229 50.1346 46.5428 47.3558 16.255 
109.785 265.98 224.571 51.1227 43.7787 40.75 230.98 127.127 483.374 4.65452 0 477.078 18.6129 30.0307 379.302 72.3997 18.2285 84.6737 52.3063 46.6644 40.3008 16.083 6.87995 65.4982 2.58841 45.8097 13.5786 86.3991 
79.48 141.057 33.9239 207.7 89.8545 155.573 3.20577 270.373 145.325 208.607 329.052 0 157.921 7.32451 268.635 332.386 72.5018 6.82595 85.5043 59.9465 109.339 1.20293 29.5112 1.09107 283.053 27.6284 119.389 71.6553 
78.6564 16.7708 1.54462 38.8139 135.093 96.1391 11.5572 70.9856 130.098 331.39 155.329 133.134 0 44.7003 109.378 31.6093 49.4966 7.98705 65.4069 42.6521 51.0793 88.2342 90.6586 23.4 52.5096 11.1998 7.40296 22.3934 
3.06049 0.710968 14.3934 7.01999 70.0624 21.5838 72.7953 80.9356 2.3664 46.2333 59.139 0.0730774 17.999 0 50.7769 9.30836 19.293 3.82049 20.9244 4.24261 44.9824 2.69476 0.784497 9.05655 6.95654 2.05289 0.017363 0.0024605 
23.9076 84.2254 18.3846 26.1979 8.33207 0.910398 107.612 7.05215 226.751 133.158 405.791 140.992 101.027 49.0032 0 77.4331 9.79957 66.5074 32.2572 0.0109296 2.1675 1.63807 0.206512 26.8494 29.5128 0.000596393 19.8688 0.832685 
3.60219 80.3879 0.366259 0.533549 2.54203 24.1521 25.641 75.4296 134.654 88.1206 17.1477 20.6425 3.83597 2.81202 38.6758 0 13.4781 54.2102 3.35612 7.6051 13.5684 11.9409 12.0722 25.2355 36.3127 12.1122 1.80979 0.0038591 
399.813 454.401 29.7109 414.644 8.88271 410.708 35.8511 2.0161 397.824 71.2721 80.8672 75.9895 40.6816 0.753934 29.5858 18.6847 0 44.6643 490.147 22.6076 0.0376948 7.46425 19.1235 16.0226 396.38 8.18005 4.22621 17.8945 
33.4698 78.0266 146.573 105.133 48.122 103.712 104.576 162.999 171.598 95.5009 41.638 29.1878 0.00291392 0.000423116 5.28233 0.334479 186.655 0 95.6965 4.0815 3.68461 15.4906 41.5173 38.5192 1.66109 46.4749 33.3124 42.4883 
0.438998 144.666 43.3898 8.06443 279.471 0.0161227 135.717 13.7283 100.965 121.243 69.6382 27.7275 31.0938 26.9054 16.7182 6.58901 177.437 122.486 0 29.9182 0.0392184 24.2264 5.62778 0.288552 30.7312 23.5444 20.5417 1.08638 
209.743 22.8406 26.4776 16.7911 94.2354 23.2916 14.0931 27.8619 41.3639 30.7395 68.483 0.0729007 42.2575 1.19336 0.348595 7.13068 23.5119 1.15726 3.89736 0 273.801 3.02986 3.90815 6.15702 0.221796 9.33114 4.73282 11.5013 
233.698 179.096 115.285 142.508 105.436 76.1942 3.44713 205.833 185.879 46.6641 26.9872 61.661 2.95728 10.4641 27.7049 49.0771 44.3325 122.62 6.09871 69.6168 0 1.55935 29.8024 8.24964 43.4544 7.81092 0.843875 41.2178 
20.7054 47.5444 0.0970038 9.86298 5.38688 20.4843 0.376786 42.1027 13.8233 42.8399 11.6533 22.9793 90.1968 10.2877 10.0484 0.00516508 16.8137 41.3387 22.9027 6.37158 15.9397 0 2.49503 10.4326 20.1512 10.6585 12.7759 10.0466 
10.5064 0.26485 12.5295 0.805924 19.2562 16.338 19.2061 101.641 43.8565 39.9682 11.1429 0.261451 68.539 2.48758 0.914799 0.514109 16.1844 44.9789 2.18031 0.418324 16.6415 10.8695 0 20.0863 15.0273 3.94239 11.5712 9.97098 
54.0131 61.707 0.981712 25.3555 27.9763 0.249551 70.3759 16.9856 4.51801 0.0198761 5.99584 0.0593481 0.236766 4.80339 9.8292 28.0456 10.023 0.0287844 21.7484 0.944337 19.6149 11.2115 6.05794 0 2.24875 11.5124 18.8488 9.13697 
418.757 473.4 10.3899 406.085 40.6645 421.472 65.4457 161.882 474.881 68.5201 0.768453 774.514 46.0343 11.9628 14.0967 57.1518 397.033 59.1259 29.1874 11.8416 0.0940831 28.1741 23.3856 42.5212 0 69.404 113.01 89.407 
8.6521 20.5672 0.577689 40.8356 49.1096 0.651207 85.8709 70.6962 5.93996 71.7512 160.374 280.811 10.6421 1.0188 0.28186 19.7221 1.52405 37.1399 1.11974 3.11653 11.7103 1.8826 5.63041 14.9866 44.0323 0 2.15734 25.205 
37.0375 0.0566319 9.57967 14.8058 43.9886 4.00173 2.406 95.3232 55.6426 34.3737 84.1976 51.6476 3.50991 0.130453 18.8975 13.1329 0.255732 43.2449 14.5622 0.346628 5.1988 8.72065 12.7765 1.88902 60.3228 37.8461 0 35.5119 
0.823085 23.2954 12.5851 31.4403 56.1071 0.409922 9.18501 95.0468 6.55169 19.444 4.48298 175.961 32.0838 3.56148 9.71173 0.480593 17.0168 30.7724 0.199474 0.122531 37.799 1.4189 5.83612e-05 0.759557 9.87853 62.7939 89.7057 0 
