0 780.928 198.915 462.533 249.379 468.942 44.5777 261.488 710.102 2.88534 191.519 0.307891 2.61788 0.248629 61.4156 77.7499 488.935 62.9521 0.536221 215.842 239.931 9.47029 0.0198275 29.469 508.069 6.79697 44.3683 60.9617 
501.867 0 438.349 510.616 321.332 666.154 441.573 245.018 754.298 236.895 46.0165 199.456 1.83821 12.9445 93.5462 22.7595 446.024 94.9262 15.8188 59.9927 178.472 10.8829 0.824845 59.6828 493.143 32.4737 22.9627 6.95969 
205.734 0.397445 0 265.899 183.581 54.2803 219.927 1.21753 425.215 10.3205 241.159 15.6366 37.9808 9.62324 4.15734 23.7092 44.6465 130.288 1.06565 19.3645 125.517 4.27404 12.5848 10.4623 1.12344 4.58529 18.8326 0.181528 
746.958 513.064 218.948 0 153.487 504.952 57.7857 231.862 623.003 106.83 127.964 198.856 67.1049 0.545289 18.7973 18.1161 497.874 129.472 14.8908 48.1803 258.155 16.4053 0.329152 22.7202 479.22 34.5563 24.9916 33.0599 
254.512 497.956 149.727 136.277 0 237.152 173.317 213.992 316.566 107.117 242.43 176.096 63.8924 15.1668 12.3038 73.9975 116.297 226.705 289.335 93.5322 8.4679 40.4376 0.931481 0.625382 2.08857 44.4693 23.9088 18.763 
504.437 504.243 0.299553 512.439 162.817 0 595.58 21.5996 783.317 502.489 183.864 5.79025 186.667 0.990493 2.387 8.75546 491.13 37.7334 88.7154 24.3068 53.3304 6.76428 13.5074 6.52429 474.396 27.8055 10.9287 13.5556 
15.1492 66.7098 4.78825 198.571 32.0729 833.805 0 332.066 812.597 468.467 380.69 34.1835 95.4334 85.2747 133.954 7.71499 82.3599 0.955002 0.145822 61.361 104.094 56.9851 3.20343 28.2711 88.9574 29.9023 14.1551 64.3834 
128.771 18.7029 4.00251 252.715 86.3365 188.008 89.7213 0 339.148 61.2327 230.631 905.138 142.45 125.188 178.575 60.6172 99.7469 9.63858 78.0546 113.883 88.0293 50.4684 24.4981 84.6713 3.44892 25.3617 5.14367 101.506 
498.634 514.389 60.3223 473.079 1.62382 786.377 662.291 350.529 0 222.057 1294.06 1.12807 4.61943 34.4423 74.2411 32.8116 559.367 54.9402 33.3187 53.188 51.7668 28.0148 11.3171 93.148 466.571 7.09512 75.4333 0.947221 
133.341 3.94369 109.505 19.9588 65.3379 348.863 381.695 168.857 305.103 0 52.9095 168.713 317.817 25.3348 0.163044 71.0338 78.0324 131.175 122.276 39.2841 20.4688 54.9393 58.4845 28.7357 51.0312 47.6976 47.2795 15.6829 
112.936 266.753 228.089 55.3813 39.7876 34.48 212.123 117.653 549.375 12.1103 0 486.934 21.7386 34.66 389.365 65.8734 17.5024 87.0096 50.6448 47.6712 38.6509 15.4215 5.79917 67.8113 3.34749 42.6063 12.9134 87.6573 
83.6836 137.195 37.4217 201.257 87.2729 156.392 1.98462 206.06 134.174 212.465 310.236 0 157.443 9.0235 270.939 300.359 73.092 7.60912 84.764 61.17 107.059 1.405 31.4754 1.95665 282.215 17.9769 118.973 75.5514 
79.8152 18.2235 1.85481 37.9054 137.847 92.4297 9.46575 69.0184 126.436 331.63 160.937 131.421 0 49.8858 107.746 30.1369 49.9923 7.39156 66.2749 42.5631 51.7049 87.6868 90.3165 24.441 52.793 11.702 7.63057 22.7858 
3.33076 0.899419 14.5659 6.73776 69.9556 21.4886 74.2068 78.7512 1.84838 44.6058 65.0036 0.33097 14.5548 0 53.9404 10.0127 19.4005 4.08415 20.7084 4.26828 44.9933 2.54509 0.535316 9.24277 6.706 1.90064 0.0265184 9.62943e-05 
23.0668 85.1972 19.0391 26.8058 9.15381 0.677596 110.321 5.44912 228.082 133.502 407.89 131.269 103.033 45.2703 0 81.6742 10.0323 66.2209 31.9545 0.0188766 2.39631 1.5069 0.363661 26.5141 29.7718 0.00869978 19.8593 0.717722 
3.12126 80.8988 0.478726 0.750737 2.89147 23.8653 24.1108 83.8854 132.583 87.3833 21.0754 9.40717 4.49807 3.32647 32.0925 0 13.684 53.7905 3.18151 7.51742 14.1783 11.9287 12.1741 26.0541 36.4155 11.1865 1.94841 0.000328044 
449.166 501.633 30.5054 465.184 7.62317 461.254 37.193 2.31106 447.38 70.5463 80.1864 76.5193 40.112 0.814158 29.519 18.8701 0 51.945 320.808 22.2798 0.0708524 7.58887 19.1322 15.9032 446.203 7.98964 4.32482 18.0321 
29.8584 82.4843 148.938 102.461 52.1867 105.34 99.6954 161.378 174.731 93.4039 39.6494 30.6525 0.0273896 0.00233592 5.6875 0.247814 195.845 0 98.2489 3.56307 4.19331 15.7716 41.7078 38.8397 1.48705 45.9466 33.5751 42.1823 
0.252356 147.195 44.2755 8.6545 284.664 0.111085 137.702 12.8496 103.286 120.643 67.9451 28.6511 32.0878 26.9756 17.1208 6.82278 166.514 120.384 0 29.6082 0.0766723 24.1457 5.47427 0.329528 30.7642 23.3217 20.4333 1.16191 
204.706 25.3428 26.6794 17.854 93.9327 23.1511 15.1663 26.2928 42.865 31.4145 69.297 0.0200204 42.1405 1.22852 0.311381 7.2235 23.8301 1.46506 3.65485 0 257.537 3.06937 3.92162 6.13735 0.256461 9.22468 4.80906 11.4956 
231.166 179.089 113.661 146.246 106.748 76.3936 4.07383 206.499 185.372 45.593 25.5624 63.9629 3.21477 10.803 27.1164 48.4615 43.7615 122.868 5.73087 53.8261 0 1.64316 29.5232 8.58368 42.896 8.27906 0.934261 41.5663 
20.4111 47.7781 0.115556 9.73621 5.08214 20.4642 0.482598 41.5164 13.3082 43.5474 12.2465 23.6989 90.0178 10.2042 10.2752 0.000917208 16.7073 41.249 22.7897 6.36705 16.1342 0 2.76433 10.2224 20.4128 10.6377 12.7618 10.0774 
10.8737 0.348682 12.5082 0.720398 18.7258 16.3034 18.3944 101.413 45.3335 39.1548 12.5898 0.511289 70.1894 2.06687 1.21603 0.398376 16.0946 44.9462 2.07641 0.437395 16.9555 10.5436 0 19.5435 14.5431 4.07855 11.4635 9.94349 
54.3241 61.7764 0.889651 25.1915 27.4328 0.300979 70.6114 18.7746 3.9577 0.0603476 7.00698 0.359008 0.126519 5.08977 10.5613 27.4957 10.1626 0.0125807 21.6421 0.905356 19.1839 11.0174 4.96133 0 2.77966 11.2422 18.7673 8.96861 
467.757 523.49 9.99931 456.552 41.3451 471.102 64.2734 165.305 522.717 68.9044 0.427762 112.928 45.5703 12.1894 14.6596 50.4496 446.823 59.2262 29.0731 11.7474 0.0517488 40.6618 23.4683 43.8529 0 90.3892 143.097 53.281 
9.35987 19.6173 0.713547 41.3018 49.8405 0.537729 86.9361 64.1853 7.05024 71.1672 161.649 299.452 11.135 1.13565 0.41983 18.7692 1.62118 36.543 1.02341 3.00667 12.2609 1.95303 5.76962 15.1584 43.7611 0 1.80267 27.6599 
37.4219 0.0316113 9.40158 15.0817 43.7654 3.86658 2.6243 95.8629 54.9159 34.7545 83.9112 49.859 3.34657 0.153732 18.8049 13.3447 0.283072 43.1288 14.7073 0.32027 4.9931 8.81158 12.7066 2.05145 60.5596 37.9306 0 31.4631 
0.683913 22.6801 12.3312 31.2511 56.2289 0.349229 8.64362 92.8978 7.19001 18.8422 5.11272 176.239 31.7275 3.43627 9.39597 0.376712 17.1597 30.3766 0.233157 0.142799 37.4077 1.36882 0.00156275 0.683811 10.4101 63.2673 91.0735 0 
