0 169.245 21.1937 227.093 104.251 129.774 247.915 248.072 237.212 7.70708 5.89404 44.4797 3.45071 15.4915 11.2055 8.28497 94.7822 66.6329 96.9601 145.149 163.047 35.6522 42.2959 44.8989 57.9561 2.15186 51.2254 60.9137 
0.865631 0 334.537 208.735 387.892 197.475 341.476 151.83 383.304 101.429 264.9 118.101 38.9239 10.6305 85.5597 0.0312008 130.675 103.516 17.592 30.5334 130.201 30.385 19.3531 58.5807 35.2363 83.5055 1.29102 50.7016 
11.8811 252.243 0 15.1242 47.4999 49.027 226.402 132.269 0.0737511 99.8111 41.3365 38.0784 68.253 0.851997 23.8691 22.2637 42.564 87.8327 28.8718 18.2223 11.1705 1.98378 7.81044 1.84433 25.6757 20.7737 2.46946 13.7397 
170.039 211.56 155.154 0 85.5593 1.42257 44.8689 1149.61 40.247 6.35294 13.9382 120.631 21.0595 16.8083 18.3839 33.7023 30.2054 108.723 9.98927 12.3534 160.964 2.41145 17.0226 14.1513 23.7368 44.4088 11.2468 0.368973 
114.54 168.602 2.11107 162.58 0 98.9809 103.457 102.27 65.7296 63.2048 260.938 26.304 84.9607 0.0420552 91.7013 48.7698 22.5451 175.879 4.65885 89.1088 100.734 1.46011 31.4445 48.3712 0.720518 18.7389 0.0450626 7.56007 
130.715 30.7782 0.0505289 1.7489 303.566 0 890.703 123.463 90.3288 292.5 0.3227 35.353 210.453 3.45566 1.71705 4.43238 52.1408 78.5987 1.55955 21.6105 15.4657 17.106 12.3872 17.54 6.69035 19.2203 16.6949 12.0858 
215.819 209.74 8.09923 26.086 274.381 757.157 0 335.555 560.76 508.793 187.735 13.7847 119.876 51.7968 135.093 11.1349 21.9196 77.8832 58.2052 34.6671 68.5418 46.932 72.1706 6.98255 87.9687 85.4657 3.80317 16.8755 
111.479 190.35 82.2143 79.9431 219.242 208.265 86.0462 0 12.3357 62.5744 14.8706 982.834 83.6182 6.05142 157.367 180.735 86.5436 180.762 34.886 55.542 18.2687 66.4982 91.722 135.258 37.0921 153.315 68.7603 94.5643 
144.633 10.5772 471.812 327.545 344.728 87.6927 576.261 9.44617 0 106.3 684.835 95.4704 173.434 19.365 124.18 30.5365 43.862 161.267 0.00398919 95.5527 7.7455 20.8186 78.8649 99.6904 64.9258 63.3457 19.3811 67.153 
82.9525 200.522 22.7571 103.787 104.601 498.156 241.074 155.366 375.745 0 434.445 40.2953 126.887 81.9293 133.178 10.5394 82.0296 83.8836 113.384 42.1855 93.0654 23.8953 53.5301 57.8065 54.1207 43.9498 37.4756 48.4126 
72.9559 18.9603 90.0174 176.851 107.741 261.419 186.092 88.5992 702.798 512.517 0 248.673 29.1656 202.217 242.692 80.5922 36.5283 126.753 31.2856 86.339 143.899 35.3176 15.4868 21.8424 113.463 50.8718 64.7815 47.418 
11.8506 186.257 166.094 15.962 170.166 75.7419 106.824 332.109 10.1846 239.196 14.7475 0 79.1606 137.333 46.6444 369.394 26.6588 2.30005 66.3033 60.2176 168.271 11.1862 95.3559 3.08122 268.168 384.755 28.3635 78.163 
104.426 106.115 8.18476 72.8064 67.9392 147.922 2.08043 4.26616 2.59475 191.23 19.129 126.887 0 76.2079 64.2511 49.0808 2.95418 87.8604 70.8364 14.0995 68.4958 77.7787 42.1224 11.0824 16.1992 44.9231 5.80851 14.4651 
3.21259 31.2866 15.55 1.9627 57.5469 17.3537 95.7697 86.7174 40.9989 83.6421 180.976 109.925 2.93779 0 53.9405 2.68901 2.68343 45.1673 21.8954 4.79983 36.3991 10.8563 2.25293 9.24281 2.00394 12.3783 8.96076 8.76694 
69.0934 93.7444 1.47154 14.7959 89.6215 4.07964 108.22 0.23707 28.2949 2.24405 164.145 58.892 118.993 45.2704 0 34.627 28.498 37.993 38.202 11.5901 17.8533 12.1413 9.24203 4.56065 0.0456168 17.4138 17.6629 0.143476 
46.1748 42.986 3.88567 2.59651 20.3585 17.2526 29.3296 155.91 134.429 11.9147 12.8577 39.932 81.8005 0.000849505 25.4416 0 18.325 47.8209 30.1429 6.55526 54.526 11.7722 0.964036 6.71797 14.3466 19.672 0.0218754 11.46 
14.1893 142.727 0.995673 12.1087 135.966 24.372 78.9143 23.146 62.8725 36.8421 0.224917 31.2025 62.2694 8.40847 12.7396 13.0826 0 285.676 222.549 10.6222 1.10621 17.0539 9.38729 6.70365 9.23762 24.3702 2.23366 20.8262 
32.6523 68.2093 0.558291 2.17335 12.3869 13.2263 212.621 63.8144 69.2702 2.04098 11.2613 19.2052 60.9233 52.6161 24.9332 0.256012 231.857 0 0.181427 86.8722 66.6551 17.2856 15.718 46.7981 44.0356 1.03359 43.5138 2.80618 
98.7914 162.656 8.88474 4.86222 84.7934 85.5123 141.921 0.196983 32.7782 123.201 17.7486 49.6236 37.7069 5.1296 5.77099 10.5284 55.9819 122.64 0 26.1945 58.8634 17.5865 17.0592 19.5833 6.5934 20.0164 2.54461 0.0089566 
59.5103 141.547 26.1804 7.05776 88.2566 23.9121 1.49619 96.1385 18.2757 34.6076 81.9927 89.7364 15.5957 2.81556 10.5327 0.0286933 32.2775 72.7126 34.5467 0 76.7075 5.00232 0.0307706 6.3418 13.6225 11.0465 3.11201 6.73782 
185.562 137.95 58.6254 49.5779 12.4116 51.3476 24.3653 161.707 175.178 99.313 136.416 0.216528 15.8687 0.213249 7.55843 8.18297 53.5978 88.8612 71.4169 280.176 0 27.3203 1.77145 12.6722 26.1645 48.1643 12.0845 37.8831 
40.2174 51.0165 10.2667 10.8857 56.361 1.17285 5.62396 67.2996 68.5132 2.6868 1.32405 42.9404 83.8662 5.9115 12.2662 0.0542492 1.85113 40.7067 19.8504 0.305615 10.3893 0 14.4129 0.643076 10.514 10.0447 1.46245 8.78658 
22.6329 17.105 6.92186 16.1556 0.563581 16.4449 67.6857 7.32751 40.6963 60.0375 4.02612 126.508 1.95243 0.642055 6.87123 11.6636 2.03837 4.08958 20.6374 2.65695 34.545 2.14831 0 0.0654375 1.18434 9.64634 0.887311 5.4614 
0.165578 49.0529 8.79462 26.2153 13.8047 10.9124 55.8767 2.65052 15.0345 20.9922 91.3526 6.48804 4.8141 5.0898 28.1228 0.242021 18.5844 16.654 8.56547 1.60838 47.5701 1.08118 9.70163 0 3.86384 14.4366 19.1936 8.01766 
74.9461 79.0344 27.8569 42.1286 46.0739 17.5168 88.4415 60.2395 97.5086 70.0656 85.7137 1042.73 50.4822 15.8949 10.8192 51.312 11.5527 19.4648 0.90806 0.270402 3.81782 73.7922 15.7084 40.4768 0 6.99807 79.865 22.4446 
0.988954 11.5511 25.7164 26.2121 28.6002 12.7022 31.9038 0.740927 63.2434 72.932 56.6187 5.43663 45.4618 10.3967 14.3271 26.5834 21.4985 0.066475 0.128966 5.41669 43.3459 3.30519 10.276 12.2824 3.4755 0 20.5734 63.5029 
49.57 30.0544 18.3253 26.7792 39.2795 0.383965 16.4483 32.8531 1.95459 8.90856 67.2138 7.04778 32.6577 8.30386 19.521 6.69068 8.49887 32.6594 11.7001 1.1754 32.8518 1.31477 0.148237 0.23121 7.73746 24.0879 0 92.5074 
0.544231 0.913373 0.529334 3.39379 50.0637 0.803598 57.2978 85.5354 50.1636 45.774 3.11167 176.327 38.6427 2.40285 7.21396 8.4685 21.4873 11.5246 0.482786 5.65371 41.1419 3.14102 3.40236 0.333116 16.4519 29.5949 14.7502 0 
