0 423.231 199.31 637.58 178.03 417.953 128.269 307.555 661.813 1.40652 171.797 11.2264 0.00352926 0.310381 68.3116 68.9187 477.56 13.1506 2.06746 169.294 195.672 6.31977 1.00678 20.9195 466.585 17.421 47.8304 59.2919 
516.321 0 276.84 419.536 530.983 643.359 129.538 291.002 821.363 189.943 5.05501 157.265 1.31237 23.3983 96.6841 38.1838 423.215 5.33247 0.176332 20.452 164.5 16.0308 3.68642 55.2426 449.77 47.4407 17.1631 13.2082 
190.048 311.48 0 62.9729 178.925 66.5273 104.585 43.1742 85.1941 36.6966 203.281 0.159387 24.2395 6.21557 0.307202 20.068 34.996 78.9204 0.424437 24.8797 123.284 3.0291 12.2443 12.7497 0.000924544 9.86266 19.3452 0.0954936 
492.708 418.872 238.007 0 163.339 482.536 133.366 459.188 729.224 98.9778 63.515 257.467 71.9616 2.49996 10.4089 7.24919 460.187 145.22 25.8162 43.4453 68.7239 15.6881 0.01039 25.5435 455.293 23.6456 22.4145 31.8771 
187.807 454.482 80.4419 90.9556 0 453.112 10.2387 181.939 200.2 6.84903 188.976 179.368 26.4033 25.7735 27.7503 69.129 80.2955 185.241 181.925 84.4483 0.984253 46.4889 3.83335 0.0356639 0.0926244 33.7684 28.776 25.334 
439.202 580.44 13.4124 480.129 356.78 0 595.347 0.219056 437.639 222.092 266.786 30.5882 364.438 3.7988 0.0539396 14.5964 467.777 67.4192 74.4893 23.3686 64.2249 4.0624 15.2573 9.33613 443.36 26.6609 13.1935 16.6046 
81.472 374.007 33.5856 192.851 27.4714 208.51 0 160.151 696.725 153.806 486.207 107.543 159.857 67.4059 103.437 0.183319 64.2907 11.232 7.60975 78.7797 78.5854 50.967 0.108083 40.1422 79.94 12.7044 20.851 70.4089 
232.952 1.18017 86.4198 13.9037 38.7951 122.309 263.931 0 14.7435 16.855 97.9012 44.5397 148.237 123.582 140.2 179.836 97.2369 0.236369 59.7101 117.212 136.632 42.9434 9.77607 48.9126 38.9871 109.177 0.350302 71.4924 
541.768 415.496 402.399 432.905 67.94 439.094 443.552 18.2895 0 364.659 1744.78 75.2895 31.1627 17.1144 56.123 72.7946 527.307 17.5361 63.7298 32.9111 90.0648 36.7958 26.7229 80.7022 459.964 30.2056 69.4209 7.04214 
102.715 10.2084 87.6398 43.7624 2.97267e-05 49.8431 492.512 210.681 131.932 0 446.753 96.0906 181.49 8.21014 20.0666 87.0729 83.1006 144.196 121.061 47.0077 10.1073 47.2927 52.28 39.6165 61.7793 62.002 45.5207 8.67323 
152.656 253.403 233.677 119.219 3.6414 2.13808 18.0215 19.3549 853.615 356.903 0 484.6 82.2971 115.144 313.654 4.79485 8.90049 117.856 29.5302 60.8558 18.9184 7.60896 0.310881 97.5453 22.3739 9.02972 5.37468 101.823 
142.482 83.7053 93.7765 99.0178 53.3592 155.919 14.1051 274.199 19.3674 245.069 70.7069 0 144.955 46.3064 236.173 0.202937 80.0993 21.9603 73.4431 76.5583 75.1094 5.61586 61.1075 36.1226 255.869 90.5013 108.365 127.613 
93.8667 42.3787 8.645 25.7385 167.47 168.352 1.91704 43.2748 75.7068 243.199 225.543 104.662 0 122.891 76.6895 12.4903 56.0718 1.52879 76.5069 40.6691 59.7531 74.7611 78.2351 39.1522 55.4544 19.1895 10.9522 28.0463 
7.98704 5.53567 16.2843 3.33041 66.4597 19.2113 89.7824 48.3509 6.41805 23.1695 150.091 21.2293 4.98314 0 42.8156 17.9253 20.6703 8.40789 17.5822 4.56104 44.4457 0.870423 1.89127 10.3847 3.55233 0.377779 0.338312 0.278286 
12.6642 94.6834 27.2242 34.038 23.3301 0.928094 137.327 4.31332 210.165 119.775 240.519 21.4028 118.962 0.274609 0 50.9962 13.295 60.9291 27.357 0.336601 6.53299 0.251395 6.3105 18.929 31.3839 2.76538 19.3006 0.00239636 
0.00149773 84.6726 3.36861 7.01531 9.64227 19.0762 7.32134 202.72 96.6772 71.6312 101.624 242.296 17.8987 12.2702 12.2104 0 16.4396 47.2278 1.24514 6.22058 23.2351 11.4303 12.0745 27.7219 34.1925 1.61893 4.23319 1.20136 
415.334 439.228 40.7964 444.165 0.0743925 440.664 56.1799 8.18182 415.566 59.3205 69.8609 82.6092 32.2169 1.84357 28.2363 21.2226 0 175.968 231.207 17.6813 1.53306 9.31541 19.0939 14.2004 415.329 5.55678 5.74194 19.7942 
0.828512 218.812 162.945 63.3888 115.522 121.077 40.0028 134.19 207.919 64.001 16.6367 52.7502 2.78889 0.958984 12.4318 0.354545 281.77 0 128.73 0.00381502 14.0684 19.6579 43.7925 42.755 0.0736909 38.297 36.9202 37.663 
2.77468 170.083 54.6039 18.1619 283.275 9.45475 155.638 3.64032 131.315 105.952 45.2447 41.8962 45.9318 27.481 22.5992 10.2435 51.4004 87.4703 0 24.9404 1.79822 22.8165 3.55313 1.14423 30.8245 20.0996 18.8501 2.41724 
95.4991 66.6088 27.5082 32.6081 85.4972 20.4545 32.3539 8.83435 63.543 40.223 78.756 2.54136 39.8845 1.73371 0.0132106 8.35194 27.8149 8.99318 1.09521 0 19.8444 3.60426 4.06079 5.78525 0.962907 7.66397 5.84981 11.2642 
174.35 169.011 84.124 207.293 121.712 76.7927 17.3157 203.108 169.909 31.4672 9.62799 95.9838 7.6835 15.7132 19.3194 39.35 35.8084 122.894 1.82577 54.1281 0 2.97871 25.5338 13.5728 34.9096 15.6565 2.59323 45.7751 
16.4428 50.3118 0.52289 7.99957 1.78176 19.704 3.1686 33.398 7.13725 52.1256 21.3535 33.927 81.5536 8.63225 13.1847 0.282311 15.1828 39.6659 21.0551 6.25821 18.7637 0 7.18833 7.12411 23.2389 10.2067 12.4287 10.4 
16.2311 2.59067 11.8911 0.031246 11.9902 15.3787 8.74689 94.2477 65.3212 27.7101 38.9243 11.7393 87.1223 0.440153 8.63153 0.300884 14.7765 43.949 0.903544 0.730788 21.2556 5.80473 0 4.9169 7.83165 5.96293 9.79137 9.38422 
57.2649 61.3544 0.082218 22.1154 20.1763 1.44872 71.7047 49.1614 0.0135976 2.7304 27.3246 27.8772 1.99988 8.65327 20.5883 13.5013 12.05 0.44411 19.9921 0.449316 13.558 8.04299 1.81591 0 17.4763 7.37432 16.9987 6.62807 
426.624 493.758 5.17069 435.023 50.1348 436.708 47.3622 192.841 464.205 71.5477 5.54075 122.631 38.5716 14.8193 22.1224 33.215 415.484 59.6184 27.1945 10.3096 0.715175 11.4299 23.7045 53.0957 0 96.1955 14.803 58.0177 
21.0615 8.5462 3.84449 44.6496 58.8763 0.0749588 97.3104 4.22783 30.1212 60.3886 163.685 385.923 18.5257 3.22214 4.7718 6.41603 3.20437 28.3314 0.140531 1.66704 20.5457 2.99805 7.57519 16.6096 36.4104 0 0.162277 57.3351 
42.2598 0.40638 7.02202 18.7247 40.3534 2.22474 6.43982 100.266 44.6055 39.5256 78.2513 27.1948 1.49507 0.650798 17.1798 15.934 0.787306 41.1992 16.6292 0.0646316 2.5802 9.98075 11.4768 4.77346 55.5817 35.8097 0 0.00307749 
0.0707602 14.815 8.88141 27.7839 57.0303 0.00661827 2.81737 61.9269 18.3378 11.2815 17.2649 162.903 26.6661 1.89789 5.38159 0.222384 19.0088 24.9366 0.942866 0.565524 31.8026 0.76961 0.221017 0.0454857 19.7829 51.3527 73.6743 0 
