0 143.142 188.58 408.64 160.331 143.578 146.377 308.184 380.449 3.06542 166.048 16.8147 0.152549 0.5839 69.2518 66.5761 208.599 7.43426 3.46201 121.328 182.359 5.76001 1.37267 19.2983 191.532 19.9453 48.3804 58.6918 
315.352 0 186.615 159.163 527.147 360.447 77.3549 293.611 550.961 176.266 1.74687 147.372 2.67421 25.6611 96.3388 41.3629 154.036 700.625 0.0853682 14.6198 159.763 17.1123 4.47499 54.1213 174.595 50.3596 16.0716 14.6161 
176.703 390.082 0 18.26 171.654 66.6181 80.235 63.3709 35.9215 43.0623 188.029 1.60064 21.6876 5.56982 0.0647485 19.1187 32.9227 68.1906 0.963587 25.6612 120.42 2.80077 12.1052 13.1421 0.0300983 11.0253 19.3762 0.205483 
183.991 157.845 154.767 0 161.68 209.98 147.459 444.557 468.222 96.0375 51.8817 259.744 72.4548 3.03349 8.92499 5.54704 185.86 145.868 28.1075 41.5456 605.759 15.5092 0.0552563 25.903 183.529 21.3604 21.826 31.4179 
170.53 401.405 66.4161 81.0614 0 441.127 1.08459 173.431 173.35 0.954802 175.658 178.416 20.5603 28.0224 31.2576 67.7239 72.8352 173.988 153.635 81.8088 0.371716 47.5574 4.62074 0.145715 0.00616368 31.649 29.7199 26.6595 
161.024 326.949 17.8245 205.612 1083.17 0 1217.76 2.21397 144.59 248.993 272.267 37.2979 658.074 4.52594 0.34119 15.7601 196.163 73.3341 70.3101 22.9881 66.066 3.58946 15.5177 9.89433 170.4 26.2081 13.6237 17.164 
98.5811 429.88 52.574 185.108 53.4375 525.109 0 126.043 345.91 93.8016 476.896 124.486 171.084 63.2858 95.6277 0.00167913 60.5278 17.4894 11.303 81.6322 73.3487 49.5913 0.00150203 42.4635 77.5421 10.0335 22.2479 71.2394 
250.44 4.64539 111.011 16.8973 31.1083 107.37 297.201 0 0.330835 11.0822 75.2326 0.138411 148.259 121.547 129.666 201.403 96.3127 0.00117906 56.0234 116.597 145.671 41.3839 7.5707 42.2284 49.5755 128.33 0.0668979 65.279 
284.728 147.326 446.865 178.483 90.2788 145.049 801.949 1.03515 0 378.227 1681.05 101.059 38.7309 15.3018 99.8859 81.1997 253.695 12.3876 70.1928 29.1919 97.8966 38.5275 30.2831 77.6806 192.597 36.2072 67.9727 8.86027 
95.8581 17.5589 81.7891 48.9182 2.72764 143.696 458.991 215.806 99.2885 0 516.404 82.1273 146.823 5.81076 27.3377 88.9618 83.6144 145.441 119.246 48.3158 8.44267 45.5223 50.6497 41.6551 63.5115 64.3944 45.0211 7.48958 
159.426 245.799 225.441 131.786 1.0273 8.51356 3.92159 9.20286 836.45 439.332 0 454.857 97.0273 132.121 261.354 0.890699 7.51028 123.533 25.8184 63.2822 15.7264 6.35651 1.30606 102.692 27.7886 5.15818 4.24724 103.875 
153.652 73.5601 105.649 79.1166 47.1815 153.302 22.5157 468.303 8.24207 246.6 39.2297 0 141.275 55.984 216.651 19.5126 81.24 25.5239 70.9778 79.227 68.832 6.75045 67.2373 46.8841 267.467 140.827 105.278 136.732 
96.1946 47.9042 10.4971 23.4465 171.255 182.968 5.10854 38.5791 66.1226 211.012 234.536 98.825 0 134.344 69.283 9.73732 57.1092 0.884915 78.1295 40.152 61.2201 71.1838 74.4322 42.045 55.7082 20.7767 11.6508 29.0539 
9.10131 6.8769 16.4721 2.77389 65.3435 18.5685 91.903 42.5559 9.77802 19.3864 165.183 28.7069 11.594 0 31.4396 18.7417 20.8764 9.40893 16.9331 4.60578 44.1873 0.634327 3.03754 10.2765 3.01205 0.211247 0.439786 0.399602 
10.8948 95.6622 28.5725 35.1689 26.6673 1.71728 140.023 8.60545 199.347 113.431 183.131 9.62853 119.303 0.916222 0 33.1727 13.9523 59.6024 26.3628 0.44405 7.55792 0.126706 8.11708 16.9795 31.2669 3.84017 19.0987 0.0510879 
0.156815 84.6978 4.20303 8.87239 11.3728 17.9822 5.06582 221.573 88.469 67.5001 120.545 329.687 21.3403 14.0195 26.8037 0 16.9675 45.7704 0.964508 5.94745 25.1441 11.2619 11.7345 25.9089 33.0246 0.688834 4.75894 1.69826 
142.848 161.507 42.6382 173.403 0.762833 170.051 59.972 9.7247 143.3 56.8652 67.6255 83.5504 30.6494 2.09071 27.9045 21.6449 0 200.621 408.417 16.7597 2.03853 9.66083 19.0521 13.8495 142.656 5.1159 6.0366 20.1157 
7.75734e-05 278.791 161.45 55.6642 128.746 122.601 30.6333 127.909 212.043 58.2428 13.1304 57.4704 3.85237 1.34794 14.0033 0.655787 286.665 0 133.475 0.0899519 16.6138 20.4328 44.089 43.4214 0.00705706 36.7125 37.5254 36.7028 
4.35603 171.751 56.1733 20.2957 267.521 12.8899 156.979 2.46783 135.823 101.788 40.9778 44.6101 48.6628 27.4813 23.6591 10.9607 44.6774 80.4093 0 23.9403 2.39731 22.5061 3.21446 1.35961 30.7513 19.4299 18.5159 2.71269 
71.8693 75.4947 27.244 35.3 82.9667 19.7699 36.1578 6.39505 67.5262 41.8339 80.2246 3.73042 39.3013 1.83804 0.000745218 8.54049 28.5117 11.1502 0.76217 0 2.32079 3.70861 4.07834 5.69824 1.15129 7.33744 6.05427 11.1857 
159.526 164.953 77.1638 182.725 123.951 76.3645 20.8692 199.762 165.127 28.8348 7.3244 102.227 8.7651 16.7344 17.854 37.4352 34.2194 122.17 1.30661 99.3938 0 3.28341 24.7131 14.6398 33.2773 17.3 3.01142 46.4787 
15.6746 50.6645 0.636193 7.65772 1.3248 19.451 3.96084 31.7876 6.12043 53.5403 23.3415 36.0036 78.6797 8.24154 13.7029 0.410369 14.8667 39.2768 20.6728 6.22654 19.276 0 8.13846 6.49225 23.6153 10.0907 12.3325 10.4419 
17.3507 3.2655 11.7009 0.001899 10.7889 15.1021 7.20325 92.0034 69.09 25.4503 45.2228 15.5267 88.9878 1.1485 10.5741 0.604549 14.4972 43.6338 0.727007 0.795531 22.1011 4.89792 0 2.42299 6.59697 6.32959 9.42366 9.23535 
57.5512 60.9745 0.0243518 21.3457 18.7979 1.76747 71.4543 56.0669 0.0647156 3.70223 32.5271 37.7179 3.08842 9.18537 22.3131 10.2613 12.4174 0.670611 19.6254 0.376714 12.5162 7.41358 4.08893 0 21.3356 6.6115 16.5181 6.16727 
152.193 220.762 4.35945 164.232 51.7349 163.168 43.9325 193.541 186.209 71.4878 8.60944 86.8744 37.069 15.2172 23.4652 49.8801 142.719 59.4822 26.7571 9.99634 1.11412 34.5737 23.529 45.5398 0 125.124 137.51 137.914 
23.74 6.83496 4.71187 44.6136 60.4209 0.222682 98.3667 0.654618 36.1173 57.7374 160.722 358.738 20.1007 3.72226 6.09818 4.50208 3.5708 26.7191 0.0618743 1.44162 22.3176 3.22055 7.90055 16.6868 34.2922 0 0.557805 60.721 
43.1171 0.635625 6.56877 19.4068 39.6042 1.94786 7.36672 100.47 42.513 40.3644 76.7724 23.2689 1.21387 0.786754 16.7859 16.3673 0.915177 40.7445 16.9947 0.0370766 2.19242 10.1944 11.1788 5.40351 52.8556 34.7134 0 1.22957 
0.231453 13.3999 8.2177 26.9255 56.9998 0.0457284 2.02991 55.7669 21.0116 9.95975 20.3596 156.793 25.6339 1.63753 4.67801 0.467826 19.3503 23.8624 1.13666 0.680052 30.6494 0.670233 0.306984 0.00834763 21.9267 45.7209 63.8501 0 
