0 18.5632 175.523 303.1 142.924 2.01269 163.524 306.034 230.012 5.23842 160.048 23.1274 0.50067 0.925416 70.0137 64.1743 71.3746 3.44138 5.12164 80.459 168.628 5.24405 1.77471 17.7755 48.484 22.4687 48.8646 58.0362 
252.867 0 106.808 37.2398 507.738 206.755 38.2671 293.955 406.637 162.259 0.184577 137.587 4.41879 27.8713 95.7111 44.4153 17.2141 102.393 0.948572 9.8586 154.682 18.1651 5.29588 52.9774 31.5063 53.1164 15.0453 16.012 
161.533 444.594 0 17.8153 162.991 65.9408 58.5968 85.1588 7.55587 49.3444 171.747 4.36937 19.3211 4.96798 0.00112153 18.1541 30.9075 58.1236 1.68056 26.2964 116.985 2.588 11.9506 13.4963 0.135915 12.1592 19.3841 0.349518 
18.2618 35.3606 176.624 0 158.996 68.8926 160.001 328.789 332.35 92.8408 41.4848 258.749 72.7784 3.58536 7.58023 4.10146 43.4938 145.694 30.3198 39.4787 466.909 15.3269 0.131374 26.1817 43.539 19.1798 21.2404 30.9118 
153.347 342.335 53.5796 71.5891 0 391.809 1.07649 164.751 147.705 0.362339 162.369 177.016 15.5663 30.2067 34.7161 66.2517 65.722 162.536 126.408 79.0534 0.0588495 48.5378 5.43752 0.320721 0.0190349 29.6304 30.6172 27.9336 
15.6029 202.53 22.4108 62.708 393.264 0 1198.56 6.04482 5.19258 420.347 273.52 44.149 671.138 5.26625 0.845833 16.8609 56.3345 78.9036 65.9894 22.5671 67.7186 3.15823 15.7386 10.4261 29.3494 25.7087 14.0292 17.6837 
115.589 473.633 73.5507 175.922 84.9869 817.562 0 95.6 95.5525 47.7082 458.576 140.97 181.026 59.2225 87.8151 0.240446 56.8963 24.6587 15.4647 84.1416 68.3236 48.2221 0.0572023 44.6622 75.0784 7.73952 23.604 71.9183 
265.483 10.0603 135.471 71.7418 24.4201 93.0525 326.469 0 6.56731 6.63517 55.6743 32.2997 147.93 119.097 118.999 219.711 95.2997 0.284212 52.4987 115.618 153.996 39.8734 5.70263 36.0901 60.478 146.411 0.00371655 59.343 
158.861 16.5746 469.712 60.3884 113.571 4.65352 1104.67 4.50318 0 385.327 1384.16 128.025 46.5626 14.0994 69.6815 89.1992 111.882 8.24954 76.4357 25.7613 105.375 40.1786 33.8134 74.6428 57.0615 42.2856 66.5112 10.7776 
89.1502 26.2878 75.866 53.9009 10.3472 254.202 412.215 219.602 70.9983 0 566.561 69.2816 114.36 3.87584 35.0615 90.3244 83.9517 146.205 117.044 49.4917 6.97588 43.7607 48.9795 43.5538 65.0314 66.5187 44.4972 6.42521 
165.471 237.148 214.963 143.382 0.0234541 18.4142 0.0442691 2.92383 753.634 507.745 0 419.071 111.561 147.778 206.918 0.0657369 6.28007 128.785 22.4397 65.5346 12.9139 5.25339 2.89349 107.299 33.3891 2.4357 3.28549 105.587 
163.971 64.1596 116.855 61.2796 41.4956 150.058 32.2269 661.466 1.9276 246.461 17.2128 0 137.412 65.667 195.254 65.4046 82.2538 29.1369 68.5573 81.6442 62.8973 7.92545 73.0806 58.0411 293.429 193.396 102.05 144.823 
98.269 53.3619 12.4103 21.3037 174.157 182.008 9.55931 34.2461 57.2678 178.293 241.67 93.1259 0 143.374 62.0368 7.3829 58.0487 0.431029 79.5481 39.6143 62.5832 67.5086 70.4414 44.7726 55.8657 22.3206 12.3318 30.0061 
10.2229 8.28265 16.6023 2.28231 64.1508 17.9015 93.5992 37.1786 13.6912 15.9883 178.223 36.6869 20.2436 0 20.4566 19.204 21.0597 10.4093 16.3039 4.64447 43.8942 0.441218 4.26278 10.0698 2.52743 0.0962524 0.54894 0.535578 
9.3033 96.3079 29.7499 36.1421 29.9903 2.68767 141.684 14.0108 187.154 106.459 129.633 2.61446 118.723 5.50204 0 17.7931 14.5843 58.2516 25.389 0.560337 8.59919 0.0467322 9.95528 15.0537 31.0203 5.00924 18.8779 0.156374 
0.544408 84.4973 5.07021 10.7993 13.1397 16.904 3.27688 236.609 80.4607 63.3153 138.527 403.772 24.8214 15.5432 43.5081 0 17.4669 44.3316 0.728192 5.68216 26.9966 11.0801 11.3188 23.6339 31.7164 0.160953 5.28153 2.24758 
2.56455 16.4362 44.3224 34.5073 2.09422 31.3113 63.5837 11.3138 3.17133 54.4566 65.433 84.3679 29.151 2.34053 27.5635 22.0353 0 222.512 586.353 15.8772 2.58815 9.99282 19.0015 13.5092 1.95697 4.70662 6.32332 20.4153 
0.792011 305.412 158.707 48.4492 141.291 123.533 22.6703 121.681 215.158 52.814 10.1303 62.066 5.02557 1.78086 15.5742 1.02958 286.981 0 137.533 0.417495 19.219 21.1764 44.3367 44.0249 0.0091491 35.179 38.0874 35.7643 
6.18918 172.405 57.5073 22.3972 248.488 16.5885 157.543 1.55374 139.756 97.4762 36.9973 47.2269 51.2574 27.4508 24.6619 11.6579 41.596 73.5979 0 22.9639 3.04908 22.1945 2.90336 1.58231 30.6551 18.7802 18.1894 3.00993 
51.0331 83.9453 26.8617 37.7225 80.3076 19.0741 39.877 4.40863 71.2651 43.3251 81.4974 5.07347 38.7023 1.93909 0.00321336 8.70939 29.1478 13.4007 0.498502 0 1.75542 3.80808 4.09206 5.60977 1.34606 7.02071 6.24951 11.1007 
144.714 160.483 70.3281 174.296 125.855 75.8002 24.5291 195.776 160.072 26.3768 5.39846 108.115 9.85942 17.7252 16.4803 35.5782 32.6966 121.254 0.889151 149.46 0 3.58773 23.9189 15.6833 31.7049 18.9224 3.43923 47.1111 
14.9447 50.9558 0.754596 7.33127 0.949022 19.1782 4.79691 30.2485 5.21276 54.7967 25.2939 38.0002 75.6076 7.84787 14.1769 0.554625 14.5595 38.8811 20.2948 6.19308 19.7642 0 9.04168 5.89084 23.915 9.97045 12.2311 10.4753 
18.4381 3.98068 11.4988 0.00707403 9.68374 14.8101 5.85021 89.621 72.6004 23.3103 51.4692 19.5765 90.2563 2.0857 12.4848 0.987651 14.2241 43.2961 0.575305 0.859521 22.908 4.06844 0 0.785438 5.47863 6.67557 9.06223 9.08151 
57.7324 60.5208 0.000938996 20.5661 17.5001 2.09916 71.0715 62.8172 0.371659 4.76201 37.7882 48.1584 4.34057 9.61458 23.8052 7.36321 12.7672 0.930586 19.2622 0.312796 11.5434 6.80764 6.8687 0 25.0588 5.89437 16.022 5.72977 
9.90626 79.5852 3.63588 25.3178 53.2176 21.5917 40.656 192.669 40.53 71.2498 12.1358 53.9714 35.6009 15.5552 24.6851 55.1539 1.93062 59.2861 26.3186 9.68847 1.57731 68.4607 23.2853 35.6661 0 95.8926 110.146 95.7719 
26.3912 5.35995 5.6076 44.3601 61.8163 0.437089 99.0532 0.153162 42.1917 55.0706 156.899 321.092 21.6354 4.22132 7.48142 2.94266 3.93772 25.1847 0.0163212 1.23903 24.0463 3.43804 8.19936 16.6937 32.1123 0 1.15423 62.7883 
43.9056 0.902579 6.14148 20.0455 38.8647 1.69805 8.30481 100.456 40.5005 41.1331 75.2523 19.7295 0.971094 0.928172 16.388 16.7547 1.04634 40.2869 17.3402 0.0177917 1.84898 10.3934 10.8781 6.02921 49.7839 33.4776 0 4.88264 
0.471787 12.0938 7.59178 26.0568 56.9124 0.116046 1.39334 49.9573 23.6969 8.75486 23.5076 150.018 24.6382 1.40338 4.039 0.785421 19.6697 22.8357 1.33855 0.79904 29.5343 0.581036 0.402125 0.000652468 24.0031 39.7536 53.4759 0 
