0 553.004 142.28 782.446 107.233 440.568 196.711 293.473 644.331 11.38 146.475 38.6799 1.83067 1.86006 71.1347 58.8491 516.12 0.00340618 9.4545 52.1452 138.534 4.25491 2.74829 14.7793 481.481 27.888 49.719 56.4598 
853.288 0 6.70585 530.637 425.922 610.282 0.381564 288.114 820.123 131.852 1.94444 117.013 9.27464 32.4774 93.5435 50.6019 464.574 348.567 5.55466 2.9247 142.824 20.3587 7.16198 50.4436 464.651 58.5731 13.0163 18.9916 
125.452 465.715 0 132.72 140.947 62.3125 22.8794 134.107 15.9765 62.4008 135.098 14.0572 14.7766 3.80523 0.3855 16.0485 26.7503 38.8909 3.7341 27.2239 108.048 2.1732 11.5724 14.1481 0.586241 14.5022 19.3339 0.758999 
440.722 527.922 5.04948 0 150.343 504.569 181.625 505 760.292 85.277 23.1641 247.229 72.9815 4.82562 5.1074 1.77918 477.831 142.939 34.8447 34.6294 746.01 14.9217 0.386526 26.5458 482.444 14.8403 19.9847 29.6866 
117.563 211.665 30.3279 52.7996 0 290.882 27.3738 145.726 97.8309 14.4573 134.26 172.709 7.38117 34.7218 41.9941 62.8866 51.5529 137.668 74.1779 72.8103 0.258011 50.3997 7.28718 0.887992 0.336253 25.5724 32.423 30.5382 
445.834 665.299 32.4289 494.967 510.815 0 1127.97 19.3905 506.847 430.715 263.878 59.1441 186.536 6.89001 2.54933 19.0355 495.62 89.788 56.4279 21.5439 70.728 2.34935 16.0998 11.495 466.365 24.5002 14.8344 18.6898 
150.987 523.296 121.47 152.612 164.232 875.329 0 43.7529 93.6369 0.82528 395.945 174.473 198.32 50.699 71.2871 1.97347 49.4664 42.5158 25.6991 88.5211 58.1373 45.2863 0.649642 49.0387 69.5942 3.92306 26.4162 72.94 
289.92 27.1393 184.889 113.34 13.0467 64.86 374.936 0 77.5539 1.0364 23.821 295.766 146.204 112.657 96.144 247.517 92.8525 2.40052 45.3763 112.466 169.7 36.7489 2.67513 24.6077 84.3247 180.662 0.509203 47.4642 
625.884 490.683 449.427 556.237 164.799 504.507 1280.75 70.3827 0 381.127 754.345 187.487 64.0326 13.3393 18.0431 104.997 546.939 2.34939 89.172 19.2337 120.366 43.5121 41.3036 68.0669 505.667 55.4683 63.3175 15.1933 
75.2431 48.6384 63.117 64.0225 40.0378 440.601 286.705 223.809 25.9162 0 604.018 45.3423 55.7692 1.10643 52.5247 91.692 84.1643 146.441 111.217 51.6396 4.38819 39.9948 45.2757 47.2281 67.6798 70.2905 43.2941 4.47749 
176.304 215.764 186.813 165.001 2.57205 48.8679 21.6904 1.02712 405.057 594.569 0 329.511 141.697 176.334 99.3223 7.26778 4.08902 138.834 16.1414 69.8816 7.96534 3.30787 7.99578 115.559 45.8719 0.00926536 1.693 108.273 
183.469 46.2599 138.543 30.3583 30.7189 141.325 56.5232 965.004 2.7418 241.32 0.0720411 0 128.589 86.0968 146.396 217.115 84.0748 37.0629 63.4627 86.1106 51.148 10.5798 84.7132 82.567 199.489 298.154 94.7148 158.944 
102 64.8701 16.6992 17.1253 177.787 154.902 22.6288 25.9849 40.5032 111.32 251.346 81.2927 0 154.695 47.2375 3.51858 59.794 0.00555892 82.0097 38.3927 65.2285 59.394 61.4357 50.1361 55.925 25.5239 13.7547 31.9034 
12.6641 11.4975 16.7139 1.41425 61.36 16.4021 95.9929 26.9153 23.6108 9.87541 199.257 54.972 43.6491 0 3.58378 19.1184 21.3898 12.5688 15.0021 4.71049 43.1593 0.152752 6.79489 9.35337 1.65026 1.32021e-05 0.807198 0.871403 
6.394 96.7228 31.7597 37.7651 37.0777 5.27519 142.195 28.6281 157.812 90.0659 40.9287 2.09614 114.823 24.0032 0 0.426432 15.877 55.2692 23.3469 0.837352 10.8946 0.00490826 13.8565 11.0993 30.1169 7.76187 18.3469 0.547439 
2.05207 83.4094 7.01811 15.0911 17.05 14.6406 0.809852 256.16 64.0455 54.2599 172.904 491.253 32.3634 17.9757 75.5788 0 18.4644 41.2804 0.346732 5.13274 30.8251 10.6494 10.2252 17.8187 28.5579 0.229888 6.39803 3.57503 
442.091 447.032 47.4802 476.037 6.8046 473.198 70.8292 14.8793 442.84 49.4045 60.8236 85.7749 26.1138 2.88905 26.7984 22.7872 0 259.278 270.512 14.0859 3.90464 10.6728 18.8665 12.8037 439.919 3.91341 6.92146 20.9998 
7.17166 325.958 149.322 34.5962 165.923 123.803 9.86463 108.464 218.877 42.1247 5.15579 71.6042 7.87586 2.84419 18.9595 2.04779 274.413 0 144.202 1.82342 25.0071 22.6949 44.7304 45.1471 0.213944 32.0157 39.1779 33.7973 
10.8562 170.851 59.6804 26.8194 200.374 25.1873 156.488 0.336683 146.511 87.83 29.269 52.5924 56.4497 27.295 26.6594 13.1063 38.5464 59.7796 0 20.9267 4.6109 21.5168 2.3106 2.08554 30.38 17.4333 17.5045 3.65864 
17.6636 100.506 25.7039 42.0551 74.2358 17.5463 47.6015 1.47058 78.5809 46.1882 83.6693 8.41125 37.3616 2.14804 0.0520613 9.01631 30.3446 18.5039 0.131982 0 48.586 4.00934 4.11055 5.41423 1.78539 6.36569 6.64526 10.8974 
113.591 149.732 56.1988 208.974 128.978 74.1891 32.707 185.398 148.448 21.5831 2.35364 119.725 12.2633 19.7781 13.7823 31.746 29.5975 118.724 0.283524 251.388 0 4.24591 22.2772 17.8696 28.4839 22.3583 4.39323 48.2707 
13.4769 51.4068 1.02556 6.66986 0.373631 18.5326 6.72928 27.1289 3.56957 57.0389 29.4037 42.077 68.4861 6.99618 15.0683 0.912402 13.92 38.005 19.4899 6.11543 20.7519 0 10.8109 4.69354 24.3368 9.69782 11.9969 10.5228 
20.6931 5.64199 11.0288 0.118808 7.5771 14.1363 3.49362 84.1055 79.3831 19.0618 64.6191 28.98 91.2113 4.50238 16.3526 2.02349 13.6507 42.4999 0.319447 0.995789 24.5408 2.54312 0 0.28113 3.44887 7.35907 8.30099 8.735 
57.817 59.3267 0.0508776 18.8623 14.9323 2.85173 69.8618 76.7375 1.77601 7.29665 49.1871 71.7706 7.50057 10.2118 26.2478 2.62632 13.4734 1.5904 18.4868 0.199898 9.64241 5.58001 13.2628 0 32.2492 4.49503 14.9107 4.85514 
444.951 516.069 2.33766 466.815 56.0756 457.637 34.0628 186.274 468.833 70.2198 20.9858 335.707 32.5338 16.1053 26.931 28.4089 439.712 58.688 25.3671 9.03928 2.76418 63.989 22.551 13.8661 0 41.2361 117.509 66.8728 
32.0084 2.8758 7.60723 43.1883 64.3901 1.09172 99.4478 8.00174 55.3675 49.3088 146.307 220.87 24.8268 5.28665 10.5795 0.735041 4.73283 22.0982 0.0143097 0.868207 27.6481 3.89359 8.76439 16.504 27.318 0 3.00298 63.132 
45.4099 1.58979 5.29363 21.2976 37.2922 1.23675 10.3655 99.7944 36.3887 42.59 71.8518 13.2604 0.557552 1.24965 15.5179 17.4555 1.34012 39.2871 18.0304 0.000152961 1.23492 10.7809 10.2222 7.36086 42.3661 30.4503 0 18.9335 
1.22263 9.59049 6.35294 24.1577 56.5573 0.358749 0.459956 38.5607 29.5105 6.49711 30.4253 133.761 22.5924 0.974957 2.85368 1.67464 20.2976 20.7537 1.79924 1.06936 27.2336 0.417598 0.634267 0.0698344 28.1819 26.8447 31.7321 0 
