0 464.821 118.145 600.777 85.3101 260.276 215.736 280.071 444.768 16.4218 137.037 50.2343 3.10618 2.61875 71.5374 55.2056 337.861 1.18896 12.8418 62.2967 118.631 3.67145 3.47321 12.9627 295.913 31.4879 50.1674 55.2942 
756.861 0 6.84009 391.433 351.717 402.124 8.86546 279.926 611.282 111.941 6.50775 103.739 13.235 35.4507 91.5592 54.4657 289.169 356.931 10.411 0.612731 134.356 21.782 8.47791 48.7001 279.335 61.893 11.7744 20.9707 
100.683 412.449 0 231.478 124.565 58.5507 8.09339 166.054 66.2906 70.6352 110.705 22.8461 12.1171 3.12097 0.985849 14.6365 24.1036 28.0307 5.43684 27.5427 101.163 1.92352 11.2894 14.5094 1.03421 15.9908 19.2554 1.09906 
275.028 388.464 147.087 0 142.78 319.797 191.929 1154.18 558.273 79.827 13.9383 233.658 72.7882 5.68738 3.7489 0.781055 293.073 139.543 37.7002 31.1989 426.234 14.6414 0.61796 26.631 300.363 12.2168 19.1468 28.7787 
95.1997 133.164 18.3445 41.5939 0 262.831 60.9501 132.921 69.3895 33.5129 116.141 168.98 3.68309 37.6122 46.7213 60.5095 42.9561 121.213 45.8732 68.4581 0.97235 51.4819 8.58728 1.39509 0.741525 23.0491 33.5523 32.1931 
260.067 491.697 38.9283 308.293 438.407 0 718.676 31.4067 399.122 217.103 249.612 69.1871 652.602 7.98804 4.07929 20.3482 313.819 96.2417 49.9931 20.7847 72.3722 1.88798 16.2647 12.159 283.294 23.6065 15.3295 19.2883 
173.113 522.848 152.816 135.301 220.3 517.581 0 20.1462 439.595 8.89944 342.163 195.029 206.892 45.2046 60.6789 3.93256 44.7675 55.8457 33.3026 90.7474 51.7699 43.3278 1.35986 51.7244 65.8216 2.13664 28.2307 73.3305 
300.442 41.8771 213.621 119.398 7.54211 48.3923 395.845 0 157.003 0.00028054 10.1092 543.257 144.375 107.624 81.3469 257.155 91.0363 4.81257 40.9267 109.676 178.614 34.7389 1.32267 18.1945 100.069 199.333 1.27401 40.1994 
460.664 340.96 392.812 415.575 198.38 396.035 1018.57 147.422 0 365.559 1087.88 226.471 75.9722 14.0941 102.152 114.425 362.345 0.449416 97.1583 15.4608 129.583 45.5992 46.2144 63.6625 330.097 64.2297 61.1451 18.3323 
66.3889 65.5186 54.7738 70.3057 67.4964 484.327 199.249 223.937 8.22419 0 578.259 32.1558 27.4154 0.211918 64.343 91.5498 83.9644 145.66 106.635 52.819 3.03614 37.4992 42.7372 49.4024 69.0289 72.2622 42.4369 3.40356 
182.035 199.914 165.174 176.851 7.37965 74.1028 54.8622 7.53381 252.87 602.927 0 265.88 160.607 191.102 45.2398 17.8077 2.92567 144.695 12.591 72.4528 5.39835 2.29132 12.4814 119.917 54.3965 0.70621 0.945758 109.397 
194.511 35.9822 151.044 15.6364 24.5208 134.408 74.6449 1029.74 12.8414 234.734 9.56731 0 122.375 99.1265 114.095 326.831 85.0554 42.4557 60.1282 88.599 44.0088 12.4407 91.7686 98.764 127.118 351.686 89.5812 165.981 
104.003 72.3585 19.6683 14.6257 178.439 147.618 33.4942 21.1864 30.9657 72.643 253.883 73.704 0 156.337 38.1362 1.76747 60.7796 0.0883415 83.2597 37.5309 66.8105 53.9064 55.2542 53.3595 55.7781 27.5861 14.6816 33.0746 
14.3161 13.7691 16.6756 0.962135 59.3477 15.3647 96.7398 21.0057 31.1244 6.64944 207.978 67.6165 61.3695 0 0.00323454 18.3479 21.5687 14.0203 14.1644 4.7433 42.5973 0.0461221 8.16414 8.71202 1.17813 0.0369609 0.99585 1.12465 
4.79616 96.3489 32.7344 38.5269 41.7457 7.30699 140.489 40.1215 136.938 78.5709 8.60761 11.4559 110.521 38.4719 0 2.92545 16.6996 53.2233 22.0162 1.04075 12.468 0.063846 16.3089 8.679 29.2718 9.72416 17.9542 0.917518 
3.50304 82.248 8.36044 18.0029 19.7311 13.1775 0.098951 259.842 53.8153 48.2693 191.856 487.094 37.3778 18.9222 87.4699 0 19.0825 39.2681 0.175769 4.77962 33.2774 10.3356 9.3831 13.7101 26.2768 1.07531 7.13792 4.55097 
261.263 261.209 49.2704 295.895 11.144 293.302 75.3103 17.3635 261.985 46.1165 57.8086 86.4832 24.2027 3.26463 26.2644 23.233 0 275.465 280.642 12.9586 4.87696 11.1069 18.7583 12.3473 257.606 3.43914 7.31105 21.3527 
14.452 381.251 140.916 26.6083 180.5 122.825 4.349 99.7974 219.347 35.6818 2.82933 77.7376 9.99963 3.64455 21.2277 2.8719 257.724 0 147.235 3.22577 28.9955 23.6605 44.9019 45.7822 0.484746 29.9883 39.8314 32.5123 
14.4399 167.857 60.6572 29.6972 165.659 31.2421 154.281 0.023603 149.855 81.2043 24.6742 56.0071 59.6565 27.1307 27.8892 14.0424 35.7628 51.2062 0 19.6067 5.76381 21.057 1.96385 2.4394 30.1498 16.5641 17.0559 4.10038 
5.0282 110.212 24.7177 44.295 69.9734 16.5089 52.5416 0.411837 82.9618 47.8699 84.7427 10.935 36.4285 2.28253 0.113802 9.18394 31.0311 22.0715 0.020686 0 104.83 4.13608 4.11561 5.27966 2.09319 5.94506 6.89482 10.7476 
93.8834 141.859 47.327 223.473 130.412 72.8492 38.3556 177.336 140.235 18.7066 1.05398 126.747 13.9082 21.1017 12.1476 29.2943 27.6377 116.662 0.0727706 300.997 0 4.69057 21.2206 19.2957 26.4364 24.619 5.0562 48.9142 
12.5599 51.5919 1.21819 6.25325 0.143484 18.0618 8.11167 25.1662 2.67511 58.2274 32.0929 44.6597 63.4505 6.42831 15.5767 1.18289 13.5046 37.4002 18.955 6.05947 21.374 0 11.8473 3.96503 24.4698 9.50576 11.8288 10.5384 
22.148 6.83588 10.6913 0.260538 6.34757 13.6559 2.29166 80.1778 83.3806 16.4716 73.091 35.649 90.6555 6.13981 18.6577 2.83636 13.2749 41.9193 0.194743 1.08631 25.5676 1.72219 0 2.00565 2.37193 7.77393 7.80315 8.49264 
57.6703 58.3826 0.151078 17.7105 13.3619 3.38042 68.7969 85.502 3.20667 9.15488 56.77 87.7951 9.90843 10.3787 27.3096 0.771226 13.9169 2.10003 17.9701 0.14062 8.49646 4.81784 16.9342 0 36.197 3.66519 14.1416 4.3156 
261.022 332.467 1.64636 286.638 57.7671 274.023 29.9781 179.112 280.817 69.1888 27.6665 680.297 30.5436 16.3527 28.162 6.14995 257.283 58.1697 24.7232 8.61324 3.68565 19.6072 21.9163 4.13271 0 100.6 112.551 132.197 
35.6885 1.6795 8.98079 41.999 65.8251 1.65624 98.9883 18.9269 64.1268 45.4686 137.801 151.654 26.8864 5.9872 12.6914 0.0886847 5.27039 20.1747 0.0769681 0.663482 29.9771 4.19084 9.08896 16.2423 24.1125 0 4.59181 60.6175 
46.2908 2.1261 4.77313 22.0546 36.2488 0.978147 11.7744 98.9314 33.7805 43.4355 69.4909 9.72577 0.352499 1.47654 14.9265 17.8347 1.54539 38.6055 18.4588 0.00421135 0.905933 11.0139 9.77765 8.23777 37.0623 28.2201 0 31.3388 
1.88093 8.11908 5.59696 22.8713 56.208 0.582107 0.126958 31.755 33.4131 5.21077 35.1264 122.024 21.285 0.738866 2.19069 2.40062 20.6796 19.4412 2.12613 1.26025 25.7568 0.326829 0.807975 0.173181 30.7061 18.9018 19.2697 0 
