0 925.593 44.2767 641.847 28.4899 432.931 258.127 216.314 543.236 37.0297 104.962 92.256 9.14743 5.76394 71.1937 43.0051 507.453 21.3562 26.1644 17.1804 59.2575 2.10172 6.23051 7.87236 444.234 43.0889 51.0664 50.9088 
974.75 0 277.397 679.979 101.741 477.211 178.847 234.606 648.541 53.5744 36.7817 63.7243 29.4587 44.6814 82.5832 65.7292 472.813 948.275 34.0821 4.52735 104.653 26.3039 13.1562 42.7082 429.192 71.1574 8.1954 27.4537 
30.9351 90.5348 0 189.614 69.0389 41.3985 11.4011 249.164 337.894 93.8102 41.3361 60.6316 5.27881 1.3522 4.51534 10.1081 16.1392 4.57994 12.5011 27.1168 75.4039 1.22613 10.2145 15.3367 3.19191 20.4058 18.7792 2.53522 
584.79 677.787 407.097 0 111.054 466.478 202.674 403.486 606.456 60.6287 0.0534216 167.323 70.5778 8.65578 0.790049 0.296069 443.636 121.494 46.1887 19.7617 446.786 13.6622 1.67154 26.151 457.872 5.24819 16.3842 25.3843 
35.2508 0.387462 0.0617241 13.4937 0 34.2983 220.102 91.6979 9.14875 130.536 62.7399 152.803 0.375114 46.471 61.369 52.1114 19.7864 70.7061 0.270777 53.5689 6.09757 54.2893 13.1906 3.68823 3.00793 15.6567 36.9394 37.2721 
416.097 637.581 56.8281 450.955 669.277 0 1212.48 81.9154 822.101 560.958 173.817 100.976 181.721 11.586 10.7313 23.9007 472.376 112.863 29.8142 17.9548 75.9988 0.749146 16.4392 14.0988 438.874 20.2909 16.7665 20.9092 
232.496 371.403 231.132 76.4193 377.937 279.625 0 5.7571 1281.91 198.434 149.738 249.625 219.198 28.5791 30.0139 14.0142 30.6948 104.051 61.0461 94.5789 33.14 36.8782 5.18816 59.3751 53.0383 0.0338417 33.9339 73.2117 
304.585 102.693 271.678 391.37 0.00021928 10.352 400.68 0 473.576 9.61409 5.07632 1029.47 135.169 88.1292 38.5309 241.783 84.1688 17.4128 27.8115 97.4254 199.527 28.4492 0.146963 3.94996 146.94 232.91 5.82531 20.1909 
661.082 629.733 118.055 694.964 293.516 819.708 0.0750712 463.206 0 264.13 707.089 336.158 115.13 23.0208 109.046 138.515 511.887 4.1328 120.388 6.03665 155.466 51.8384 61.6858 49.288 508.676 91.7573 53.7855 29.5041 
40.1561 125.815 29.7716 87.9751 178.228 273.742 9.1196 211.572 17.6916 0 308.083 4.69996 4.63768 1.94318 100.159 86.0778 81.6672 138.643 88.722 55.4593 0.391675 29.4395 34.1824 55.143 71.4057 75.9995 39.3395 0.96162 
193.239 143.204 90.0172 200.732 37.1375 166.592 225.548 63.4002 12.5276 401.897 0 81.7033 212.978 213.263 18.335 74.4812 0.523875 159.683 4.15383 79.2962 0.544864 0.299924 31.7849 128.245 82.3151 13.8664 0.00402242 109.834 
219.911 11.2821 179.791 1.22275 9.2066 107.441 139.36 531.816 86.952 199.424 130.828 0 100.682 135.99 28.8764 492.387 87.1705 60.5976 49.4569 94.3454 24.2195 19.0035 110.781 146.335 65.6329 384.756 71.8608 176.32 
108.227 95.6 29.8124 7.84286 172.064 196.884 77.1401 8.99448 8.6327 1.95638 243.078 50.5945 0 133.381 14.1243 0.163609 63.1772 2.12365 85.4647 34.4571 71.1703 36.2307 35.2264 62.0286 54.3993 33.9948 17.6533 36.495 
19.8622 21.7961 16.0121 0.100822 52.0504 11.8533 95.0598 6.72115 58.8717 0.567122 208.038 108.261 118.221 0 27.6302 13.0129 21.9632 18.8665 11.5438 4.79781 40.3926 0.114638 9.50729 6.05719 0.198296 0.63948 1.69796 2.09527 
1.2256 92.0268 34.0561 39.4323 56.5277 15.1077 125.516 83.2794 69.9942 41.8734 64.0287 81.4717 89.3865 61.6376 0 60.7564 19.2338 46.2301 17.7896 1.80178 17.8533 0.672661 22.6576 2.55432 25.432 16.4195 16.4773 2.64322 
10.3205 76.3929 12.8379 27.2996 28.8378 8.70566 2.30219 226.386 25.3578 29.7075 226.928 223.649 53.1971 18.3044 58.6527 0 20.9038 32.7514 0.0129843 3.68391 40.8243 9.18133 6.30893 2.74713 18.5298 7.26339 9.53225 8.10235 
426.885 415.429 53.5504 460.639 30.618 458.853 88.2192 26.056 426.972 35.746 48.1486 87.7169 18.4403 4.5586 24.381 24.4428 0 281.033 440.017 9.56995 8.54656 12.4585 18.3106 10.8981 416.279 2.12986 8.56438 22.3483 
51.2185 453.177 105.402 7.59217 216.984 114.193 1.59623 72.4688 211.236 18.1811 0.0320537 96.6957 18.0486 6.72558 28.7276 6.28271 173.445 0 150.109 9.99011 42.67 26.6429 45.0306 47.3401 2.0259 23.7011 41.6489 28.3795 
28.2687 149.184 61.532 38.6916 60.4662 51.4918 140.126 1.39596 155.041 59.185 12.4068 66.4613 68.9118 26.2962 31.4413 16.9899 42.0122 27.0313 0 15.4576 10.1071 19.4919 1.04813 3.70136 29.1625 13.8278 15.6021 5.61211 
17.6192 133.463 20.5869 48.0722 55.2535 13.0568 67.4126 1.32558 94.7478 52.2743 86.4543 20.5815 33.16 2.70441 0.457941 9.55612 32.7539 34.3993 0.295646 0 296.372 4.52185 4.0974 4.8145 3.17969 4.63921 7.65488 10.1826 
39.2759 113.374 22.4311 122.972 131.98 67.1973 57.6317 146.221 111.634 10.7978 0.326035 146.033 19.5541 25.2594 7.55854 21.7665 21.6706 108.104 0.306841 298.055 0 6.19898 17.9022 23.852 20.1784 31.8898 7.38593 50.4178 
9.81293 51.6482 1.91388 4.989 0.123116 16.3233 13.1133 19.2449 0.691198 60.6281 40.689 52.5082 46.1985 4.60725 16.8191 2.22085 12.175 35.2902 17.1883 5.85305 23.2685 0 14.3311 1.97241 24.2053 8.82083 11.2143 10.5128 
26.7149 11.1816 9.47081 1.04854 3.13974 11.9374 0.148791 66.2838 93.781 9.24414 98.3684 58.6917 83.2557 9.54781 23.9965 5.86613 12.0564 39.7556 0.00266011 1.38495 28.6716 0.147481 0 13.5782 0.362023 8.92546 6.21777 7.64 
56.2107 54.5672 0.799595 13.9024 8.86629 5.24079 64.078 110.612 10.2186 15.9999 80.7444 136.92 19.0883 9.77912 27.7722 2.22424 15.2593 4.12303 16.2587 0.0217005 5.29781 2.65332 20.255 0 42.9476 1.51724 11.5129 2.76165 
416.003 485.462 0.246432 451.076 62.3011 428.348 18.2355 143.735 424.731 64.1912 52.5162 229.919 24.2692 16.5768 30.7924 49.4321 415.601 55.8818 22.5443 7.24125 7.34399 79.9928 19.1444 15.8123 0 39.3816 36.8474 121.368 
47.3008 0.000920904 13.5729 36.3102 69.1771 4.09903 94.0511 76.6261 91.6588 33.1245 104.652 5.43648 33.3121 8.18415 19.467 2.10033 7.08865 14.4837 0.592672 0.194877 37.2708 5.143 9.89303 14.7621 14.1708 0 11.2244 41.6377 
48.6178 4.27879 3.27031 24.173 32.8108 0.358489 16.5992 94.0881 25.8305 45.6223 61.2823 2.06233 0.0126454 2.286 12.928 18.6499 2.27425 36.2677 19.7312 0.0939856 0.201525 11.6651 8.28606 11.0277 19.9129 20.2827 0 73.3359 
4.8055 4.22345 3.45779 18.5833 54.5109 1.61294 0.426961 13.8678 46.262 2.04459 50.7868 81.6578 17.2353 0.204088 0.650607 5.35591 21.7745 15.4551 3.30714 1.94359 21.1482 0.113118 1.47124 0.786078 37.1244 1.76629 0.000152351 0 
