0 348.413 9.03696 432.754 83.1858 389.427 257.842 267.07 487.662 11.8464 9.91072 33.8483 5.06272 13.8506 13.3793 6.08161 360.63 51.8459 100.968 106.038 180.62 35.0253 41.4118 46.5715 323.543 1.13947 51.215 60.6838 
277.552 0 227.85 429.067 310.891 478.307 413.021 129.619 663.146 120.612 267.347 130.849 45.4687 8.66385 82.3511 0.058352 387.328 235.488 25.0027 39.7904 121.248 31.7565 21.1238 59.4689 295.336 83.4269 1.76225 52.3693 
3.30833 356.198 0 86.8778 33.2736 54.2803 205.804 101.643 19.5499 104.749 25.1595 50.2423 66.4286 0.529033 21.8803 23.0582 44.6781 100.699 25.7446 19.7887 16.5952 2.22783 7.3458 2.26654 24.8662 19.4907 2.86462 14.5323 
490.551 432.063 3.79164 0 97.4436 263.773 30.5839 378.924 280.773 3.71208 7.11549 95.6637 23.762 17.6779 20.4684 31.2152 295.632 100.163 12.1187 15.5872 329.068 2.70874 17.4711 15.3446 284.529 43.825 10.3761 0.71265 
93.0141 98.4329 7.31718 163.782 0 79.4183 153.146 115.051 92.7053 93.9309 260.664 32.4484 95.4155 0.016492 93.1828 51.604 29.2791 189.213 0.0316846 91.2282 96.0986 0.971285 33.2325 49.5562 0.332821 21.0476 0.00217088 8.68342 
395.649 313.521 0.299545 266.51 423.225 0 810.355 105.414 431.258 754.245 1.45375 27.4801 618.416 2.67922 2.97371 3.44027 316.643 71.5499 0.344586 22.2593 17.995 17.6343 12.9276 17.7318 270.763 20.3661 17.1019 12.8498 
231.983 135.128 0.862453 39.5988 324.904 898.302 0 299.474 178.116 495.178 130.688 6.24319 135.433 46.4854 129.884 7.8197 25.6992 63.351 67.4417 39.334 62.2325 45.0932 71.7042 8.75292 89.4647 81.751 2.9931 14.6818 
136.674 211.039 55.4623 98.471 221.804 213.058 123.695 0 54.4655 75.9636 30.1171 831.479 77.294 9.54247 146.397 152.46 84.2506 179.307 30.8778 61.542 25.422 66.8809 94.4379 132.073 25.8741 174.504 64.9487 87.5177 
426.395 264.782 445.152 577.095 330.86 428.029 997.058 48.3738 0 146.696 1074.34 129.239 181.756 24.1642 187.486 39.0541 302.894 150.034 0.484389 98.3799 11.9505 18.9261 74.7176 98.8607 321.36 71.9155 17.2447 63.2956 
74.3538 185.036 16.6726 101.324 139.53 397.062 325.176 141.666 356.989 0 333.499 28.187 87.7681 79.9541 133.573 7.11282 80.9035 76.8618 116.825 44.04 91.2773 26.3608 55.2019 58.7805 56.7696 47.6977 38.5799 49.8537 
63.1769 29.4748 67.8943 186.523 90.7248 246.548 246.578 117.612 778.885 425.559 0 187.249 18.3772 191.229 173.419 59.5352 39.466 133.181 36.0846 86.4893 141.438 32.6781 10.6371 16.5493 120.392 61.9221 62.1638 52.3677 
18.8861 195.304 174.471 30.2345 173.568 85.6348 87.0896 131.087 1.75229 231.994 42.3361 0 86.4935 146.324 25.6425 267.381 29.0095 3.97224 63.1318 56.2304 167.626 13.0226 88.7409 0.376971 276.151 349.362 23.5712 90.8714 
105.997 112.519 6.2105 72.3956 57.9492 133.518 0.143121 6.64211 6.01376 149.389 30.0885 132.598 0 94.2873 55.0717 53.879 3.79537 84.9808 73.2577 15.3137 69.8378 73.747 48.3471 13.7808 17.9861 43.3271 5.16245 15.6582 
2.39567 28.4472 15.1005 2.55165 59.6275 18.2322 96.6209 93.317 49.6491 84.0864 164.741 121.592 0.0698835 0 60.7638 4.43728 3.03542 43.9521 22.534 4.79558 37.3864 10.7521 3.7202 9.75661 1.5011 12.6434 8.68146 9.15159 
67.9075 91.8848 2.45154 12.8076 91.5491 5.85587 116.6 2.36228 17.8658 0.254672 99.4821 86.453 117.343 31.713 0 15.4659 28.8384 40.3838 37.9143 11.6717 19.6278 12.8118 6.98638 2.90489 0.0123807 15.3098 18.0696 0.0272505 
49.9757 46.8271 2.92197 1.39248 17.7357 18.5964 24.2792 126.533 127.38 16.1026 25.3642 2.48709 79.8758 0.29598 46.5032 0 17.7104 46.0779 29.8928 6.87015 56.0777 11.6407 1.56026 3.69292 12.0236 16.5761 0.000565206 12.6916 
280.515 409.597 0.429864 273.389 141.352 289.97 74.7049 25.9571 330.154 33.6768 0.0280594 33.6406 62.9364 7.90225 11.9548 12.4188 0 287.074 205.295 9.60457 0.674255 16.715 8.99009 6.28776 271.745 24.7759 1.99725 20.4628 
21.7934 139.348 3.10746 0.477389 6.23689 9.11069 202.564 72.013 81.0147 4.02254 7.81966 23.3177 57.2448 52.138 22.6394 0.585528 205.17 0 1.26627 85.9335 71.2916 18.2111 14.6267 46.3059 42.4722 0.591236 43.8321 3.42651 
102.63 156.79 11.2076 6.46168 55.7775 87.988 135.836 0.732208 39.4371 123.397 21.677 52.9345 41.0142 5.77653 6.73423 9.67208 64.092 128.98 0 27.3312 57.1208 18.1369 17.5612 19.1219 5.95398 19.2047 2.84394 0.000510617 
35.6249 139.561 26.8431 4.72972 90.5293 24.1414 2.9211 91.3272 14.7028 36.7157 80.4376 91.6971 16.8364 2.94333 10.7478 0.00356589 32.7392 69.5164 33.922 0 137.385 4.89582 0.050532 6.32042 13.7124 10.8087 3.33758 6.43492 
201.158 129.437 67.3545 17.582 15.6889 54.2017 29.2953 171.053 179.366 99.3234 132.841 1.11361 17.616 0.426013 6.32806 6.65586 51.9846 84.589 70.777 317.881 0 26.8437 2.21659 11.4447 24.2049 46.2043 11.1708 39.1158 
40.0743 50.655 10.5159 11.2785 55.9568 1.53654 6.86242 67.1263 69.0447 1.7538 2.09569 45.4294 80.752 6.47055 11.5757 0.134251 2.09472 40.3279 20.3405 0.253544 9.81067 0 13.8158 0.36256 10.3538 9.88729 1.66836 8.9604 
21.2242 18.8238 6.44811 16.6698 0.97986 16.4071 69.0508 9.98789 36.0508 59.3746 7.29412 125.114 4.15667 1.651 4.83553 11.1062 1.79974 3.45064 20.9839 2.55995 33.8187 3.0068 0 0.384839 1.55997 9.86282 1.14578 5.13444 
0.457978 50.722 8.17089 26.4613 15.3376 11.5672 58.1701 0.813455 11.974 23.5221 84.405 1.99812 3.18221 6.01057 27.8916 1.48919 18.8647 17.8891 9.13036 1.45606 47.7838 0.710505 13.6602 0 5.56031 13.7602 19.2604 7.45857 
337.479 341.762 28.1251 304.228 48.136 281.74 86.7019 74.7589 366.135 70.8346 94.1567 217.51 51.5789 16.1882 9.12549 30.6421 274.024 21.1227 0.658868 0.401826 4.84063 63.2858 14.7937 36.0931 0 58.5941 191.065 91.8488 
0.351072 14.1312 24.933 28.896 26.0993 11.4481 36.7309 5.59647 71.8126 71.1672 45.8436 1.07094 43.8967 9.82729 12.2407 23.966 20.9379 0.256931 0.0427136 5.01375 41.2223 3.58192 10.354 13.0804 5.25217 0 18.0017 61.7782 
50.0268 31.4759 18.5709 27.0533 40.1937 0.248242 14.9044 36.6956 1.24629 10.0034 69.6174 10.0296 31.944 8.00144 19.6773 7.41213 8.10814 31.7854 11.2235 1.02677 31.9316 1.13009 0.267857 0.456849 6.4464 26.5136 0 92.39 
0.228798 1.46603 0.809705 4.27116 51.0821 0.54557 59.459 78.1944 46.1082 47.3805 1.67791 175.64 37.738 2.76772 6.27656 9.67631 21.1527 12.6273 0.334639 5.95981 39.9845 2.92542 3.7147 0.185803 17.7191 21.7399 25.8893 0 
