0 609.806 23.7521 200.859 14.5855 67.2288 265.401 187.708 147.711 45.9184 92.9413 108.694 12.0443 7.16695 70.4734 38.4634 137.392 34.1762 31.8173 21.0541 41.0453 1.63541 7.39473 6.29309 67.3065 47.2665 51.1988 49.077 
534.446 0 392.09 337.142 38.6343 78.7322 271.03 212.384 224.854 36.1006 52.8587 50.6054 36.5266 47.9008 78.4325 69.3535 109.378 960.861 45.2081 9.9737 93.2413 27.9436 15.0269 40.3839 53.078 73.9849 7.03186 29.8654 
13.8658 15.316 0 73.942 50.1268 34.0832 30.775 266.848 420.904 100.545 22.7239 76.8425 3.44468 0.876947 6.32763 8.51497 13.4796 0.907261 15.5945 26.4405 65.2307 1.00829 9.76448 15.5146 4.22693 21.8389 18.5234 3.18153 
278.152 335.728 271.141 0 97.5672 87.6917 198.022 467.634 184.931 53.2776 1.10371 138.113 69.2001 9.79791 0.251961 1.11894 67.3892 112.647 48.9896 15.7314 460.129 13.2739 2.16707 25.7044 83.5361 3.34888 15.3505 23.9853 
19.6875 12.3202 1.52655 6.81269 0 13.0661 283.251 77.1616 1.03075 172.837 46.0771 145.475 2.33335 49.5201 66.4085 48.7985 13.271 54.1793 3.25688 47.9368 8.98063 55.0723 15.0261 4.76755 4.18524 13.2309 38.0971 39.0459 
45.0279 245.689 61.4584 71.5656 732.092 0 1164.89 102.902 503.181 1003.09 139.865 111.88 291.243 12.8917 13.6631 24.9213 98.4672 117.206 23.0804 16.7961 76.708 0.460213 16.373 14.732 64.2938 18.9391 17.2375 21.39 
247.97 281.003 245.307 56.1937 413.896 674.202 0 23.6591 970.523 297.484 88.6656 264.018 217.854 23.0759 20.8091 18.9508 25.9894 122.612 71.9673 94.735 27.1034 34.4689 7.13344 61.7885 48.2062 0.608973 35.9752 72.6686 
295.174 128.133 276.55 401.626 1.0371 3.20729 379.527 0 570.095 17.655 17.6116 941.225 130.64 80.0647 25.8513 220.414 81.2884 23.6926 23.487 91.8707 204.089 26.208 0.87925 1.2969 161.291 233.873 8.23317 14.3376 
297.306 305.656 40.7047 350.964 319.569 502.028 199.753 562.056 0 215.145 190.313 365.631 129.147 28.7286 181.708 144.577 134.695 8.99198 127.772 3.64039 163.326 53.9498 67.1159 44.0412 141.88 101.166 50.96 33.9358 
31.6889 148.177 21.8745 93.2593 219.849 148.667 1.93501 202.639 44.59 0 187.344 0.744095 23.0674 4.22136 111.118 82.3518 80.2322 134.494 81.2391 55.9974 0.0480837 26.5131 30.9663 56.7567 71.5478 76.3864 38.0803 0.441067 
194.592 121.623 64.2612 203.619 52.6029 198.893 296.658 94.3849 131.05 280.104 0 36.127 227.725 211.079 65.9204 100.506 0.132855 163.677 2.19303 81.2623 0.0256619 0.0384122 40.3036 129.109 92.2918 22.3433 0.192362 108.837 
225.105 5.61946 185.331 8.61637 5.38973 96.3189 163.717 255.566 125.823 182.216 198.603 0 92.2713 146.609 10.4444 442.18 87.568 67.4638 45.5803 95.5995 18.2625 21.6093 116.128 160.427 16.5179 341.414 65.081 175.382 
108.953 103.603 33.6746 5.84464 166.743 179.366 95.1968 5.77506 3.82698 1.6915 232.513 42.7676 0 116.415 7.94216 1.06364 63.7747 3.50832 85.6042 33.2217 72.5055 30.0354 28.2775 64.5031 53.5672 36.2443 18.7435 37.6235 
21.9687 24.9628 15.5785 0.00568561 49.1076 10.539 92.9816 3.4091 69.7842 0.00658899 197.899 121.98 134.839 0 43.781 10.4208 22.0427 20.7049 10.6107 4.79927 39.4399 0.288574 8.68967 4.97775 0.0441384 1.02943 1.98973 2.50472 
0.503765 89.3479 33.8583 39.1922 61.7338 18.2681 116.963 100.058 48.4603 29.9258 132.888 116.645 79.6143 55.0199 0 80.8002 20.1239 43.5326 16.2677 2.11905 19.938 1.04488 24.1197 1.15216 23.6732 18.865 15.861 3.45903 
13.5426 73.5181 14.4758 30.4827 32.309 7.1997 4.71259 200.04 17.139 23.5068 228.529 106.612 58.646 16.7966 33.5361 0 21.5127 30.3569 0.0941309 3.29952 43.4405 8.71007 5.14787 0.665596 15.7719 10.4978 10.405 9.51063 
56.9536 43.115 54.5496 89.2807 39.4675 87.7783 92.3356 29.4853 56.6343 32.0576 44.6307 87.7893 16.4687 5.06612 23.629 24.806 0 265.858 454.177 8.41901 10.0897 12.9411 18.1093 10.3706 43.059 1.72681 9.0276 22.6648 
68.6093 411.787 90.4494 3.42385 225.779 109.163 6.09219 62.8655 204.877 13.0887 0.728135 103.288 21.4236 8.03761 31.5336 7.80405 136.859 0 148.621 13.2357 47.9427 27.6969 44.9242 47.7359 2.8342 21.4881 42.2154 26.8605 
34.0571 139.428 61.0196 41.8329 31.7063 58.7196 132.6 2.75901 154.864 51.148 8.89184 70.0854 71.8831 25.8794 32.5899 18.0463 64.1119 19.7483 0 13.9817 11.9284 18.8846 0.783942 4.21068 28.7098 12.8454 15.0614 6.20208 
40.2726 138.433 18.7942 48.11 49.6391 11.7736 72.345 3.22092 98.1395 53.5061 86.4428 24.6207 31.8656 2.85536 0.636782 9.63093 33.2066 39.1313 0.625912 0 328.763 4.65626 4.07815 4.63212 3.6122 4.18002 7.91937 9.94483 
24.1635 102.139 15.1895 133.448 131.44 64.6625 64.9762 133.354 100.644 8.40505 1.31771 151.765 21.7555 26.7473 6.12572 19.1634 19.6044 104.297 0.724182 239.109 0 6.78437 16.7116 25.51 18.013 34.535 8.31551 50.7634 
8.87523 51.4728 2.19721 4.55151 0.377449 15.609 15.1412 17.2171 0.289619 60.9792 43.805 55.2065 39.7764 3.96126 17.1248 2.65829 11.6866 34.4529 16.5211 5.76726 23.9293 0 14.863 1.39371 23.8658 8.54505 10.9613 10.4758 
28.346 12.953 8.97855 1.45584 2.23923 11.2513 0.000628003 60.8427 96.6173 7.04782 106.487 67.3728 78.6687 9.6071 24.9427 7.03049 11.6035 38.8527 0.00802924 1.49753 29.7403 0.00157434 0 17.6009 0.202319 9.27409 5.64693 7.30195 
55.3204 52.8929 1.15304 12.4955 7.42394 5.97454 61.8979 118.257 13.617 18.7826 89.0332 152.292 22.8839 9.17142 26.8518 5.29416 15.7236 5.00551 15.611 0.00416669 4.30326 1.99054 17.7289 0 42.8055 0.948014 10.5111 2.26411 
41.99 109.624 0.0433422 79.4908 63.6262 53.4904 14.5206 127.388 47.5575 61.781 62.4562 597.831 22.0292 16.4491 31.235 60.1826 42.2565 54.8178 21.7042 6.7388 8.93246 45.8419 17.8931 29.1982 0 105.869 166.655 9.8729 
51.3934 0.18389 15.2678 33.6464 69.9368 5.20478 91.0349 102.974 101.072 28.7233 91.1871 2.60809 35.5772 8.94449 21.7944 4.22719 7.78998 12.5838 0.89614 0.0929985 39.8529 5.49096 10.0957 14.0074 10.898 0 14.0642 32.3865 
49.2877 5.22512 2.78219 24.8316 31.5153 0.208184 18.4735 91.5833 23.0845 46.2302 58.0675 0.66694 0.00383637 2.61138 12.1642 18.7982 2.56855 35.353 20.1625 0.154962 0.0708771 11.8688 7.72109 12.0202 14.3502 17.2684 0 84.5228 
6.16627 3.10432 2.78682 16.9794 53.6797 2.10268 1.03462 8.9986 51.0175 1.24556 56.6133 66.937 15.8064 0.0914154 0.311556 6.62852 22.1296 14.0754 3.78928 2.21977 19.5091 0.0628441 1.75153 1.11031 38.6763 0.0240526 2.74549 0 
