0 589.313 16.0289 137.598 9.55674 39.677 267.166 173.735 105.967 50.296 87.2969 116.49 13.5275 7.87177 70.0274 36.3308 107.262 41.0682 34.5978 39.1897 33.4002 1.43535 7.9707 5.6039 34.1317 49.2063 51.2254 48.175 
458.543 0 432.184 315.008 18.6351 37.2069 314.788 201.171 169.898 28.8642 61.18 44.801 40.0298 49.3795 76.3381 70.9555 82.5794 870.684 50.7955 13.2124 87.8388 28.7124 15.935 39.2684 20.3287 75.2046 6.5106 31.0062 
8.02896 1.32624 0 32.1202 41.8888 30.6061 42.6713 272.153 447.996 103.314 15.6942 84.6943 2.7102 0.686931 7.26167 7.78738 12.2843 0.152132 17.1285 26.0315 60.4117 0.912523 9.54308 15.575 4.75536 22.4721 18.3883 3.50678 
275.221 314.017 184.091 0 91.0369 53.4676 194.308 482.574 131.136 49.8107 2.72716 124.123 68.4507 10.3425 0.101839 1.68335 34.5075 108.15 50.2425 13.9146 583.039 13.0854 2.41963 25.4459 51.4356 2.59095 14.8606 23.3016 
13.8088 29.4138 3.72454 4.42119 0 33.5322 311.328 70.5199 0.00412122 192.765 38.9358 141.796 3.82549 50.9135 68.7005 47.2027 10.6137 46.9347 8.35309 45.28 10.5152 55.396 15.9162 5.31883 4.80177 12.1437 38.6277 39.8652 
15.14 203.344 63.1719 37.2274 626.966 0 1093.05 112.889 483.061 879.39 123.688 116.786 594.869 13.4978 15.1071 25.345 66.5732 118.898 20.1065 16.232 76.9272 0.347973 16.3181 15.015 32.1617 18.2821 17.4492 21.5953 
253.834 236.967 248.613 47.333 425.105 812.674 0 36.0044 741.925 342.741 64.2391 269.574 216.15 20.6259 16.9622 21.4736 23.8686 131.328 77.1662 94.5787 24.4243 33.3281 8.14387 62.8485 45.9204 1.12397 36.9272 72.3225 
288.854 140.36 275.538 437.827 2.21817 1.23828 365.79 0 605.502 22.2025 25.9838 851.177 128.309 76.1531 20.6201 208.031 79.868 26.9308 21.5467 89.0869 205.638 25.1644 1.43443 0.54331 167.313 232.153 9.4968 11.8893 
269.1 296.247 17.164 329.169 329.643 482.581 401.057 598.942 0 191.368 959.163 376.85 135.583 31.8592 161.986 146.86 101.263 11.8946 131.007 2.71459 166.69 54.9116 69.6083 41.5919 113.257 105.398 49.6077 36.0741 
27.9638 158.422 18.48 95.4906 238.383 97.9901 11.9623 197.701 60.8962 0 135.96 0.0603847 36.1998 5.57835 115.675 80.3122 79.4506 132.268 77.5943 56.1714 0.000772773 25.1474 29.4481 57.4222 71.4808 76.3865 37.465 0.264979 
194.716 111.542 53.0859 203.846 60.5748 212.857 328.906 110.383 233.348 222.821 0 20.6153 233.659 208.151 96.4688 113.106 0.0381199 165.271 1.48177 82.0859 0.0125374 0.000923076 44.5137 129.107 96.8688 26.9184 0.378166 108.159 
226.749 3.61534 186.934 14.3232 3.93489 90.9455 175.004 148.53 145.496 173.521 232.499 0 88.2572 150.927 4.84568 400.211 87.6864 70.7227 43.7641 96.0309 15.7156 22.8709 118.31 166.201 37.6314 312.891 61.864 174.073 
109.143 107.242 35.5067 4.99733 163.726 162.544 103.868 4.49644 2.22192 6.57723 226.442 39.2283 0 107.368 5.60413 1.75526 64.0047 4.27514 85.5475 32.6205 73.0865 27.2184 25.1504 65.5276 53.1167 37.2824 19.2577 38.132 
22.9719 26.4878 15.3413 0.00149367 47.679 9.9216 91.7466 2.22636 74.9572 0.0554062 191.441 128.034 141.273 0 50.4 9.16913 22.0684 21.5811 10.1766 4.79659 38.965 0.396924 8.09602 4.4702 0.00982238 1.24203 2.13331 2.70667 
0.272674 87.8975 33.6409 38.9754 64.1245 19.7819 112.469 107.902 39.3313 24.7966 169.936 133.859 74.7698 49.3969 0 86.5888 20.5362 42.2409 15.5575 2.27526 20.9384 1.24643 24.6115 0.676056 22.7926 19.9896 15.5577 3.87421 
15.1792 72.0409 15.2359 31.9079 33.9607 6.52268 6.1274 185.796 13.7588 20.7527 227.108 62.3561 61.1095 15.8928 22.4762 0 21.789 29.2303 0.157969 3.12211 44.6407 8.48024 4.61209 0.169079 14.5267 12.1314 10.8133 10.1853 
27.1744 12.5481 54.9122 58.6327 43.8875 57.2595 94.1509 31.1419 26.6369 30.3477 42.9798 87.7543 15.5662 5.31148 23.2635 24.9626 0 255.876 101.236 7.89453 10.8524 13.1665 18.0075 10.1224 11.6065 1.5508 9.24699 22.8055 
77.3183 408.569 83.2723 2.01737 228.982 106.485 9.18251 58.4548 201.3 10.9537 1.36872 106.314 23.0863 8.68825 32.8625 8.56859 119.65 0 147.463 14.8924 50.4641 28.1871 44.8461 47.8904 3.25901 20.464 42.4645 26.1439 
36.8913 134.387 60.6279 43.2735 21.0128 62.0074 128.682 3.55544 154.4 47.4216 7.42551 71.7513 73.1997 25.663 33.1017 18.5393 79.2081 16.6574 0 13.2965 12.8274 18.5921 0.672427 4.4593 28.48 12.3864 14.8048 6.48683 
53.4438 140.046 17.913 47.8769 46.9817 11.1703 74.549 4.39046 99.5543 54.014 86.3208 26.6036 31.2389 2.92579 0.730507 9.65483 33.3868 41.3811 0.822918 0 332.341 4.71841 4.06678 4.54408 3.82192 3.96779 8.04155 9.82726 
18.1848 96.7698 12.2047 143.863 130.983 63.3898 68.463 127.109 95.4277 7.37331 2.01242 154.199 22.8165 27.4414 5.49735 17.9704 18.6535 102.388 0.980958 205.151 0 7.06662 16.1552 26.2881 17.0182 35.7738 8.76757 50.8887 
8.44568 51.3545 2.33586 4.35003 0.544792 15.2596 16.1299 16.2886 0.159946 61.047 45.2629 56.4426 36.7846 3.66427 17.2405 2.87386 11.4559 34.0463 16.203 5.72493 24.2352 0 15.036 1.15245 23.6641 8.41066 10.837 10.4534 
29.1058 13.8183 8.73941 1.66865 1.86594 10.9193 0.0477045 58.2372 97.7634 6.10407 110.034 71.4432 76.2092 9.38637 25.1757 7.57133 11.3886 38.4071 0.0243446 1.55117 30.2313 0.0150405 0 19.0389 0.236029 9.42381 5.38083 7.13833 
54.8374 52.0558 1.33984 11.8356 6.78286 6.32833 60.7936 121.507 15.3578 20.1351 92.7883 158.78 24.7325 8.82408 26.2308 7.09022 15.9377 5.44695 15.3019 0.000654768 3.86755 1.70628 15.993 0 42.2399 0.72365 10.0357 2.04391 
10.2675 76.8436 0.00522418 48.7096 64.1877 21.2615 12.8917 119.298 14.5294 60.5479 67.2169 358.42 20.9878 16.351 31.3442 55.0947 10.746 54.276 21.3009 6.50251 9.72439 21.5819 17.2694 34.8065 0 118.34 167.385 30.6147 
53.2768 0.415534 16.0591 32.3071 70.2079 5.76022 89.4079 115.725 105.307 26.6935 84.7525 11.9705 36.6242 9.29023 22.8373 5.4438 8.12693 11.7241 1.0599 0.0578714 41.0487 5.65467 10.1736 13.6177 9.46234 0 15.4481 27.9659 
49.57 5.69964 2.56389 25.1198 30.898 0.151379 19.3751 90.2761 21.8239 46.4811 56.5192 0.274732 0.020734 2.76973 11.7995 18.8402 2.71241 34.9109 20.3597 0.188823 0.0324666 11.9584 7.45253 12.4789 11.9815 15.8601 0 88.3155 
6.85854 2.63422 2.49255 16.2222 53.2503 2.35324 1.4107 7.04577 53.2539 0.936341 59.3532 60.1948 15.1437 0.053739 0.194215 7.25527 22.2887 13.44 4.02564 2.35457 18.7462 0.0442365 1.89011 1.28058 39.2396 0.160068 5.84219 0 
