0 704.637 10.4289 225.784 5.99939 158.028 267.821 161.368 211.912 54.2119 82.3849 123.306 14.886 8.51075 69.5817 34.4733 223.1 47.5024 37.0849 61.7156 27.2619 1.27063 8.48867 5.03015 147.411 50.8842 51.2298 47.3662 
529.405 0 456.892 435.045 6.91338 144.287 351.93 191.046 264.576 23.1142 68.8074 39.9425 43.1779 50.6514 74.438 72.2984 201.428 1024.48 55.8368 16.3777 83.1156 29.3834 16.7428 38.2827 134.002 76.2104 6.06884 32.0055 
4.18356 1.64273 0 9.41341 35.1222 27.5862 54.3145 275.111 463.961 105.507 10.5448 91.6211 2.13726 0.538955 8.11697 7.16538 11.2713 0.0105519 18.5068 25.6279 56.2094 0.832345 9.34471 15.6156 5.2378 23.0021 18.2624 3.80181 
412.361 434.445 169.296 0 85.2728 165.753 190.296 852.612 227.024 46.7896 4.72964 111.933 67.7434 10.8213 0.0252535 2.26699 148.029 104.066 51.3015 12.3803 811.63 12.9177 2.65036 25.1952 165.577 2.00297 14.4308 22.6919 
9.47795 49.9364 6.41849 2.74172 0 59.0308 334.446 64.8426 0.590108 209.895 33.0997 138.464 5.42438 52.1076 70.6569 45.7904 8.51525 40.9204 14.6737 42.96 11.9483 55.6553 16.7079 5.82332 5.37322 11.2229 39.0842 40.5731 
131.561 307.649 64.4056 149.504 711.711 0 1227.91 121.593 599.616 417.49 109.676 120.934 460.821 14.0217 16.396 25.6845 180.897 120.186 17.6264 15.7302 77.0583 0.26239 16.2579 15.2541 146.319 17.6983 17.6291 21.7636 
258.166 198.996 249.662 40.023 431.655 879.517 0 48.694 530.888 379.929 45.6573 273.756 214.107 18.5656 13.8783 23.7748 22.0668 138.892 81.7217 94.3217 22.1715 32.3278 9.07572 63.734 43.9198 1.70129 37.7546 71.9727 
282.386 151.101 272.923 479.502 3.61078 0.267627 351.976 0 630.043 26.5583 34.5284 753.039 126.17 72.6868 16.4719 196.182 78.593 29.9034 19.9025 86.5714 206.671 24.2587 2.02923 0.148148 172.144 229.523 10.6683 9.91811 
386.057 429.406 4.60758 450.02 337.193 599.744 606.409 624.934 0 170.576 954.993 385.136 141.1 34.8244 132.93 148.543 214.248 14.7461 133.699 2.0131 169.448 55.7353 71.7486 39.4657 230.392 108.978 48.4147 37.968 
24.8551 167.153 15.7019 97.2974 253.75 63.0068 27.5011 193.021 76.8212 0 95.9823 0.0866799 49.7704 6.90838 119.301 78.3879 78.7125 130.183 74.3545 56.2815 0.0195503 23.9611 28.1212 57.9534 71.352 76.2909 36.9153 0.147372 
194.555 102.825 43.9516 203.448 67.8661 224.208 355.808 124.965 320.286 175.032 0 10.4796 238.281 204.624 126.358 124.148 0.00221919 166.511 0.972376 82.7515 0.122559 0.0131274 48.2816 128.891 100.79 31.1992 0.59147 107.458 
227.758 2.21822 187.796 20.4188 2.84587 86.1986 184.708 75.4656 163.208 165.658 262.567 0 84.7264 154.314 1.67009 356.266 87.7537 73.5828 42.182 96.324 13.6284 23.9916 120.033 170.747 65.693 284.69 59.0459 172.481 
109.229 110.349 37.1123 4.30648 160.831 146.385 111.487 3.50514 1.17043 13.3999 220.593 36.2167 0 99.052 3.8782 2.49809 64.1788 5.00552 85.4337 32.0846 73.5695 24.8196 22.5091 66.3472 52.6923 38.1782 19.7079 38.5648 
23.8544 27.8375 15.1171 0.0191625 46.4092 9.38398 90.5356 1.39445 79.473 0.262319 184.983 133.075 146.054 0 55.2034 8.08008 22.0846 22.3527 9.79976 4.79247 38.536 0.505269 7.48703 4.03172 3.95784e-06 1.44258 2.26209 2.88791 
0.128048 86.5331 33.3864 38.7319 66.1786 21.1117 108.321 114.676 31.9725 20.6195 203.388 148.969 70.4408 43.5143 0 89.2285 20.8932 41.1014 14.9404 2.41538 21.8222 1.43618 24.9322 0.361015 21.998 20.9527 15.2858 4.25279 
16.6695 70.6871 15.8921 33.108 35.4114 5.94939 7.50707 172.604 11.0781 18.4438 224.735 32.2363 63.2002 15.0158 14.0771 0 22.0253 28.2462 0.227224 2.969 45.6725 8.27539 4.15355 0.00304421 13.4747 13.6 11.1684 10.7792 
143.471 128.332 55.172 174.068 47.8689 172.805 95.6712 32.6114 142.731 28.8685 41.5403 87.6873 14.7909 5.52939 22.9379 25.092 0 245.802 418.462 7.4453 11.5383 13.3628 17.9148 9.90539 126.378 1.40411 9.43953 22.924 
85.1535 413.154 76.9798 1.08714 231.273 103.992 12.3809 54.6658 197.878 9.22977 2.09212 108.916 24.5778 9.27419 34.0269 9.26199 104.87 0 146.213 16.4051 52.6869 28.6125 44.7632 48.0089 3.65357 19.5783 42.6732 25.5166 
39.421 129.769 60.2073 44.5103 13.3427 64.8031 125.074 4.33217 153.796 44.2039 6.24458 73.1857 74.3061 25.4632 33.5337 18.9677 94.497 14.1436 0 12.7032 13.635 18.3329 0.581672 4.68131 28.2703 11.987 14.5792 6.73959 
65.9909 141.063 17.1264 47.5426 44.6576 10.6444 76.4085 5.55574 100.693 54.4196 86.153 28.3779 30.682 2.98704 0.817421 9.66976 33.527 43.3549 1.01679 0 329.04 4.7722 4.05564 4.46597 4.00837 3.78441 8.14719 9.72152 
13.5999 92.048 9.83454 149.218 130.478 62.2368 71.5218 121.569 90.8583 6.5217 2.73862 156.184 23.7568 28.0447 4.9728 16.9456 17.8336 100.66 1.23708 173.876 0 7.31691 15.6709 26.9671 16.1622 36.8521 9.17053 50.9787 
8.07634 51.2323 2.45987 4.17615 0.716119 14.9473 17.0118 15.4905 0.0777701 61.0551 46.532 57.5047 34.1972 3.40916 17.3268 3.06714 11.2538 33.6842 15.9227 5.68689 24.5 0 15.1455 0.95854 23.4665 8.29079 10.7256 10.4311 
29.7655 14.591 8.52667 1.86561 1.56628 10.6246 0.150151 55.9414 98.6638 5.32795 112.975 74.9782 73.9146 9.06894 25.2647 8.0362 11.1998 38.0069 0.0458473 1.59841 30.6544 0.0699565 0 19.9827 0.322629 9.54689 5.14981 6.993 
54.3821 51.2989 1.51368 11.2611 6.24246 6.64167 59.7884 124.15 16.9509 21.3374 95.9801 164.001 26.3766 8.49138 25.5947 8.80345 16.1225 5.84653 15.0295 7.25415e-05 3.50373 1.47316 14.2669 0 41.4906 0.551158 9.61884 1.85903 
124.857 190.406 0.00217976 164.013 64.6456 135.352 11.5333 112.079 128.077 59.4201 71.4037 728.863 20.0849 16.2456 31.3873 46.4296 125.467 53.7809 20.944 6.29615 10.4393 7.48717 16.7085 38.8285 0 105.472 93.4483 85.418 
54.8971 0.694085 16.7452 31.0968 70.3993 6.2631 87.8807 126.9 108.891 24.946 79.1137 25.5034 37.5287 9.58515 23.7158 6.60749 8.4251 10.9911 1.21403 0.033906 42.0828 5.7977 10.2325 13.2602 8.27055 0 16.6755 24.1558 
49.7994 6.12968 2.37909 25.3601 30.3544 0.109013 20.1733 89.0674 20.739 46.6819 55.1486 0.0717467 0.0465566 2.91089 11.4783 18.8623 2.84106 34.5183 20.5291 0.221144 0.0109982 12.0335 7.2166 12.8744 10.0662 14.6422 0 90.745 
7.49048 2.25341 2.2469 15.5601 52.855 2.58267 1.78638 5.52302 55.2055 0.701375 61.7431 54.4393 14.5696 0.0289061 0.114043 7.8159 22.4238 12.8919 4.2373 2.47491 18.0842 0.0306161 2.01469 1.43848 39.6414 0.782167 9.4205 0 
