0 986.909 1.17745 487.7 0.476428 491.056 265.399 127.797 511.79 65.1497 69.2851 141.573 18.8408 10.3447 68.1172 29.5065 548.225 66.6071 44.05 129.305 13.4737 0.872826 9.95686 3.61667 466.116 55.323 51.1531 45.0855 
720.025 0 466.898 757.786 3.98526 452.022 440.993 162.544 536.581 10.5055 90.8573 27.909 52.05 53.9827 68.9989 75.6461 535.081 522.743 70.076 26.3832 70.4246 31.1908 18.9914 35.5702 453.87 78.6385 4.93928 34.7175 
0.0139929 59.586 0 28.0043 19.264 19.7035 90.355 274.998 467.269 110.302 1.62955 110.383 0.91834 0.225843 10.5912 5.56138 8.69336 2.06563 22.3884 24.3292 45.0193 0.632201 8.78661 15.6671 6.63436 24.317 17.8857 4.64872 
778.973 758.279 137.093 0 69.6248 481.488 176.084 990.109 503.71 38.7254 12.8043 79.9546 65.5903 12.1253 0.0762517 4.25261 467.317 92.4084 53.9835 8.53907 477.14 12.4501 3.32011 24.4027 486.251 0.77768 13.2623 20.9895 
1.76204 127.816 17.164 0.188416 0 114.818 387.655 50.2018 9.09169 253.417 19.3888 128.955 11.1001 55.218 75.7031 41.9009 3.93996 26.3318 39.8962 36.736 16.2439 56.2451 18.9095 7.29251 7.0695 8.87673 40.2845 42.448 
459.955 598.506 66.4256 465.635 36.9731 0 864.819 144.581 889.152 262.965 73.5288 131.394 271.21 15.4026 19.9711 26.4523 502.068 122.747 11.5596 14.337 77.1274 0.0905041 16.037 15.8609 467.231 16.0796 18.0906 22.166 
265.961 105.109 243.786 22.7142 433.46 766.394 0 90.8889 80.383 461.94 10.4446 281.745 206.052 13.411 6.95266 30.4113 17.4539 158.865 93.9945 93.0643 16.522 29.6114 11.8166 65.9297 38.5203 3.85186 39.9687 70.806 
260.776 179.978 257.999 521.249 9.04321 1.21076 307.263 0 662.413 40.0092 62.9377 440.066 119.928 63.1605 7.41275 160.441 74.9917 38.577 15.7087 79.4195 207.944 21.8385 4.14599 0.327174 182.99 217.322 14.1435 5.41791 
711.501 796.239 10.9932 777.426 351.283 890.852 1126.08 661.709 0 116.158 880.708 399.919 155.389 43.8864 156.961 151.586 531.828 23.8791 140.308 0.631581 176.002 57.8812 77.3321 33.8055 558.894 118.022 45.1386 43.192 
17.1989 189.338 9.16756 101.475 290.104 36.2401 97.7344 178.783 126.281 0 19.6191 3.08664 94.6554 11.1496 127.245 72.5692 76.4622 123.919 65.4034 56.3817 0.35319 20.7989 24.5482 59.1478 70.6747 75.5839 35.3736 0.000796708 
192.852 79.9617 22.822 199.583 88.8959 249.976 419.5 166.445 486.338 67.0266 0 0.116928 247.956 190.79 215.573 153.366 0.126043 169.136 0.127331 84.2928 0.990959 0.257757 58.798 127.3 110.936 43.9635 1.40696 105.058 
228.451 0.133994 187.559 41.6804 0.770501 73.2404 209.843 1.58236 212.442 143.414 342.777 0 75.1127 161.528 1.40871 219.276 87.7658 81.3502 37.9338 96.7188 8.66182 27.1027 123.794 180.472 77.2333 199.158 51.4287 166.124 
109.088 118.358 41.4577 2.67816 151.842 113.342 132.014 1.42702 0.000967419 42.9649 202.448 28.492 0 75.466 0.768959 5.14223 64.5228 7.26042 84.8246 30.588 74.7582 18.6838 15.8768 68.1941 51.4021 40.5412 20.929 39.6786 
26.264 31.554 14.4341 0.167138 42.884 7.94817 86.6649 0.110347 91.5375 1.58847 164.137 145.326 154.582 0 61.891 5.26625 22.0994 24.4642 8.79405 4.77301 37.3112 0.860742 5.54428 2.89384 0.0684658 2.05099 2.62545 3.39909 
0.00787359 82.4077 32.4014 37.8235 71.5372 24.7014 96.2122 132.335 15.4259 10.9723 291.675 188.718 58.4601 25.4146 0 84.2329 21.8422 37.9738 13.2904 2.81095 24.2555 2.01155 25.2681 1.8439e-05 19.7491 23.4355 14.5197 5.34688 
20.9615 66.7454 17.6158 36.1046 39.3585 4.49427 11.8852 134.686 5.19007 12.7223 213.198 0.343772 68.5192 12.3249 0.723014 0 22.6388 25.5917 0.477727 2.56489 48.3746 7.70399 2.97883 0.824274 10.8411 17.6699 12.1181 12.3951 
470.543 454.828 55.6022 498.342 59.1069 497.359 99.457 36.683 469.202 24.9494 37.666 87.3354 12.7591 6.13516 22.0287 25.4065 0 213.1 93.4676 6.27541 13.4822 13.8903 17.6465 9.31791 449.042 1.04099 9.96485 23.2244 
107.122 414.077 60.1461 0.000173923 235.008 96.5785 23.269 44.7713 187.303 5.25829 4.8103 115.731 28.7846 10.9388 37.1869 11.2532 67.3829 0 141.744 20.7825 58.7723 29.7494 44.4696 48.2507 4.82931 17.2301 43.195 23.8151 
46.4746 116.41 58.709 47.7379 1.16031 71.9062 114.537 6.80768 151.236 35.7542 3.53581 76.9578 77.0827 24.8736 34.6278 20.1143 141.787 8.27698 0 11.1269 15.9198 17.615 0.367832 5.30401 27.6614 10.9157 13.963 7.44125 
103.159 141.93 14.9413 46.0379 38.4006 9.23413 81.0959 9.36221 103.297 55.3337 85.4125 33.351 29.1339 3.15111 1.07582 9.68203 33.8243 48.7061 1.64238 0 291.467 4.9152 4.0198 4.24934 4.52716 3.29922 8.42749 9.42149 
4.4021 79.2374 4.62038 125.828 128.618 58.936 79.812 106.321 78.5175 4.45883 5.25668 160.86 26.3605 29.6596 3.67114 14.2646 15.6705 95.7173 2.07827 90.8536 0 8.01187 14.3706 28.7961 13.9123 39.7434 10.2971 51.1296 
7.10563 50.8135 2.80837 3.71656 1.29674 14.0729 19.4765 13.3977 0.00249063 60.8355 49.9345 60.2868 27.3892 2.74426 17.489 3.61151 10.7041 32.673 15.1538 5.57901 25.2046 0 15.2409 0.517679 22.8362 7.95537 10.4112 10.3582 
31.5286 16.7552 7.93508 2.44864 0.88248 9.80895 0.714864 49.6736 100.611 3.46731 120.115 84.3587 67.0957 7.69699 24.9632 9.23647 10.6843 36.8734 0.138107 1.72785 31.7694 0.418925 0 20.8375 0.822439 9.84203 4.5334 6.58957 
52.9963 49.1358 2.03213 9.72472 4.87667 7.50662 56.889 130.311 21.5782 24.6737 104.125 175.771 30.932 7.47396 23.4706 13.8728 16.6117 6.99142 14.282 0.0102162 2.60089 0.919058 9.10396 0 38.3375 0.198915 8.48962 1.39581 
447.286 509.579 0.136374 487.854 65.7274 456.17 8.18255 92.1574 448.172 56.1467 82.7546 1043.18 17.6817 15.8691 31.2565 19.1115 447.997 52.3416 19.9589 5.7393 12.4785 28.1895 15.134 44.1124 0 29.0053 134.962 78.7512 
59.1413 1.8032 18.5636 27.6672 70.7012 7.69957 83.2798 156.494 117.944 20.3709 63.9758 84.0525 39.9192 10.3439 25.9095 10.1508 9.24889 9.09772 1.68246 0.000947779 44.8223 6.18424 10.3477 12.2206 5.38249 0 20.0419 14.5441 
50.338 7.36471 1.90802 25.9552 28.8644 0.0289303 22.3779 85.4977 17.8883 47.1377 51.3659 0.183253 0.168457 3.30509 10.599 18.8531 3.20297 33.4267 20.9737 0.321407 0.00992395 12.2215 6.57411 13.9155 5.71911 11.445 0 92.8185 
9.32385 1.36532 1.63833 13.774 51.6918 3.25146 3.02199 2.29959 60.4514 0.233312 68.1516 39.7206 13.0419 4.27975e-06 0.00330501 9.3824 22.7698 11.4434 4.83352 2.81226 16.3158 0.00623081 2.36742 1.90732 40.2951 4.74026 22.5986 0 
