0 686.505 0.159154 218.985 0.269679 257.293 260.258 105.452 256.233 72.8046 60.6154 153.687 21.7571 11.6774 66.9073 26.2021 308.262 80.7889 48.9518 158.319 6.68767 0.642697 11.0103 2.77541 222.236 58.2376 51.0263 43.4599 
388.779 0 425.223 504.663 26.2785 206.018 486.605 142.624 265.407 4.6142 106.793 20.7545 58.3397 56.1462 65.0753 77.6675 301.168 587.4 80.1172 34.2632 61.9513 32.4126 20.5706 33.6918 210.859 80.0335 4.22702 36.5646 
2.56008 138.066 0 98.8229 10.8824 14.7627 117.28 268.1 435.965 112.545 0.00738849 122.888 0.374164 0.08814 12.3867 4.54857 7.08846 5.48609 25.1359 23.283 37.6873 0.510317 8.39041 15.653 7.65489 25.1027 17.5994 5.26393 
550.425 505.876 7.59181 0 59.1437 235.428 163.887 933.75 237.305 33.3975 20.4181 59.8293 63.9301 13.0146 0.328512 5.92432 223.773 84.0846 55.6426 6.2396 572.368 12.1203 3.81246 23.7707 243.401 0.263507 12.4645 19.7933 
0.0141979 194.7 27.1506 0.16384 0 129.897 413.81 40.9621 20.5183 279.3 11.9668 122.108 16.0533 57.2225 78.9019 39.2084 1.79382 17.9906 63.0219 32.5798 19.5059 56.5512 20.4547 8.37816 8.34765 7.40826 41.0713 43.6875 
223.587 333.682 66.6445 220.196 288.875 0 180.182 159.334 596.698 400.423 51.5032 137.771 617.148 16.3034 22.4401 26.8427 259.552 123.688 8.04736 13.3649 76.9331 0.0242659 15.8386 16.2383 224.705 14.9529 18.3831 22.3941 
267.824 54.3491 232.698 13.3814 421.247 501.948 0 124.99 3.36201 496.128 0.583293 284.271 198.545 10.2948 3.52586 35.2235 14.5533 171.815 102.193 91.7416 13.0772 27.7595 13.8575 67.2479 34.8811 5.79903 41.4519 69.8292 
242.991 199.058 241.737 450.309 14.1016 4.84283 271.961 0 653.923 50.4297 86.1804 235.045 115.32 56.629 3.20997 134.231 72.4197 44.9694 13.083 74.3041 207.513 20.2211 6.0044 1.50036 188.321 205.047 16.7544 3.09081 
469.443 579.048 48.3404 529.343 355.23 599.265 1298.31 656.342 0 82.4456 675.567 403.213 164.455 50.8725 240.099 152.346 286.905 31.2222 144.196 0.133844 179.656 59.2687 80.9291 30.0574 321.093 123.554 42.8743 46.8132 
12.6802 202.867 5.63002 103.682 309.315 89.1018 163.904 167.91 163.685 0 0.367453 7.55983 130.174 14.537 130.927 68.1508 74.7235 119.162 59.2212 56.2826 0.818402 18.6976 22.1475 59.7507 69.939 74.7285 34.2804 0.0463219 
190.636 65.2847 11.9902 194.662 104.068 262.579 452.579 195.579 598.405 20.0155 0 7.792 252.024 178.104 276.393 171.934 0.396685 170.293 0.00554669 85.1177 2.06083 0.602402 66.1294 125.383 117.363 53.4884 2.16156 103.012 
227.199 0.16328 185.236 59.6388 0.103736 64.4481 225.664 64.818 245.932 127.745 393.36 0 68.5658 164.685 8.24365 128.068 87.6303 86.6369 35.0782 96.6498 5.87928 29.2808 125.561 184.747 28.9412 139.671 46.2921 160.153 
108.676 123.431 44.3956 1.77862 144.829 109.598 145.644 0.530893 0.628822 71.1683 188.388 23.6299 0 59.3389 0.0152901 7.45471 64.6489 9.02472 84.1576 29.532 75.4662 14.8632 11.875 69.1276 50.4072 42.0921 21.7618 40.3872 
27.917 34.1263 13.9086 0.351796 40.4212 6.9954 83.5565 0.062451 99.4879 3.12464 147.63 152.314 156.377 0 60.2998 3.5645 22.0849 25.9182 8.12262 4.75276 36.425 1.15304 4.11592 2.18353 0.194865 2.51664 2.88484 3.76321 
0.155404 79.257 31.4904 37.0008 74.9879 27.0992 87.3849 143.519 7.35358 5.98612 343.104 213.449 50.2611 13.7657 0 71.5758 22.4729 35.8154 12.188 3.09335 25.9418 2.45323 25.0408 0.175351 18.1534 24.9924 13.9743 6.1455 
24.0791 63.8456 18.732 37.8986 42.0501 3.59438 15.3763 108.291 2.39976 9.32887 201.338 23.7727 71.8094 10.3233 1.44542 0 23.0342 23.7969 0.701145 2.29939 50.1303 7.30241 2.25391 2.40862 9.2674 20.4253 12.752 13.4911 
232.496 217.062 55.6629 258.007 67.055 257.197 101.743 39.5267 230.71 22.3637 35.053 86.9521 11.4346 6.56074 21.3871 25.5902 0 187.287 196.658 5.52 14.8775 14.2462 17.4492 8.91805 207.779 0.822666 10.3259 23.4115 
122.432 367.183 49.1243 0.478389 235.43 91.0319 32.4395 38.3898 179.074 3.16091 7.29086 120.157 31.7816 12.1361 39.3378 12.7015 45.1457 0 137.82 23.9802 62.957 30.511 44.2116 48.3488 5.71937 15.6769 43.5138 22.655 
51.4153 106.734 57.3939 49.8198 0.493529 76.2649 106.806 8.8002 148.728 30.2829 2.11326 79.4258 78.7803 24.4315 35.3071 20.8823 174.101 5.11965 0 10.0824 17.556 17.1127 0.249239 5.74599 27.2126 10.1956 13.5385 7.9336 
129.452 140.919 13.4262 44.5287 34.2054 8.29145 83.968 12.481 104.656 55.7981 84.6688 36.863 28.0478 3.26123 1.27086 9.6666 33.9567 52.33 2.15192 0 245.92 5.01036 3.99063 4.09771 4.89139 2.97932 8.61347 9.20586 
0.993013 70.5784 2.14325 84.4426 126.941 56.5476 85.4314 95.8374 70.2137 3.26324 7.42876 163.433 28.18 30.742 2.88694 12.5254 14.2476 92.141 2.77469 44.2208 0 8.49956 13.4953 30.0317 12.4418 41.6812 11.094 51.1541 
6.46983 50.4544 3.05625 3.41324 1.78998 13.4548 21.2155 12.0318 0.07554 60.4831 52.2164 62.0977 22.9806 2.31729 17.5388 3.9984 10.3277 31.9586 14.6221 5.50144 25.6741 0 15.1353 0.291329 22.3314 7.71809 10.1865 10.298 
32.7067 18.2857 7.52074 2.88623 0.525415 9.24076 1.33986 45.3915 101.513 2.41152 124.218 90.5103 62.0205 6.43343 24.3083 9.98543 10.3295 36.0603 0.229598 1.81724 32.5022 0.82033 0 19.9203 1.38035 10.0097 4.12286 6.30713 
51.9268 47.5712 2.42384 8.70092 4.0306 8.1073 54.7737 133.609 24.9744 27.0006 109.187 181.581 34.0959 6.70327 21.7271 17.4383 16.9355 7.82343 13.765 0.0270015 2.05642 0.610413 5.68471 0 35.3463 0.0584249 7.72522 1.11329 
206.078 265.763 0.347258 247.156 66.3288 213.651 6.19105 78.5886 205.8 53.7457 90.402 1187.79 16.0851 15.538 30.9597 13.2843 206.645 51.2796 19.2728 5.36255 13.9505 65.7777 14.0323 42.8804 0 39.4138 164.992 4.64754 
61.8916 2.8534 19.7574 25.2343 70.7235 8.73444 79.7808 175.34 123.484 17.4128 53.9618 137.821 41.4923 10.8222 27.2226 12.8119 9.82329 7.88822 2.04417 0.00550323 46.6303 6.44646 10.3884 11.4601 3.73622 0 22.3328 8.98976 
50.6347 8.26451 1.61257 26.3123 27.8351 0.00365152 23.9139 82.8273 16.0249 47.3733 48.7366 0.816165 0.295286 3.5832 9.99404 18.7886 3.46093 32.6593 21.2646 0.400421 0.0573425 12.3363 6.13507 14.5945 3.54881 9.38842 0 90.3411 
10.6721 0.882947 1.27319 12.5695 50.8226 3.7457 4.04462 0.885702 63.9745 0.0575254 72.4368 30.6167 12.0257 0.0127379 0.0180678 10.4795 22.9889 10.488 5.25903 3.05139 15.134 0.00017375 2.62006 2.26005 40.3743 9.17895 33.7499 0 
