0 580.653 0.63754 127.622 0.713466 172.981 258.404 99.6037 166.231 74.8778 58.3342 156.872 22.5692 12.0462 66.5537 25.3291 222.187 84.724 50.285 162.374 5.25085 0.586659 11.3004 2.56707 135.176 59.0024 50.9818 43.0141 
279.66 0 408.077 413.531 35.4587 119.167 496.186 137.259 171.813 3.42883 111.164 18.9902 60.0561 56.711 63.9957 78.1724 216.74 905.421 82.8413 36.5064 59.7123 32.7389 21.0006 33.184 124.042 80.3708 4.04398 37.0596 
3.98723 162.707 0 122.326 9.00652 13.5182 124.645 265.329 423.305 112.999 0.205275 126.172 0.268466 0.0618864 12.881 4.28931 6.68011 6.67692 25.8846 22.9813 35.7761 0.479635 8.28203 15.6423 7.93774 25.2974 17.5185 5.43415 
464.822 414.927 3.02238 0 56.381 147.771 160.307 228.654 145.247 31.999 22.7375 54.7519 63.4584 13.2529 0.426332 6.41425 136.794 81.8128 56.0632 5.67265 597.733 12.0303 3.9494 23.5886 156.575 0.171221 12.2504 19.4678 
0.0426899 213.84 30.1648 0.397522 0 134.172 419.203 38.5976 24.3314 285.567 10.2586 120.225 17.5276 57.7433 79.7239 38.4814 1.35693 15.993 69.9198 31.4807 20.4264 56.6199 20.8752 8.68111 8.70736 7.03284 41.278 44.0148 
138.659 240.861 66.5397 132.753 386.871 0 804.695 163.117 493.356 605.155 46.0798 139.366 181.134 16.5384 23.1025 26.9285 172.814 123.826 7.19946 13.1014 76.8473 0.0136168 15.7788 16.3343 137.986 14.648 18.4584 22.4488 
267.834 43.1801 228.802 11.259 416.164 421.566 0 134.714 22.5972 501.733 0.00927475 284.534 196.264 9.51759 2.79532 36.5496 13.8104 175.173 104.359 91.3229 12.2117 27.2628 14.4282 67.576 33.9128 6.38705 41.8462 69.5419 
237.847 204.046 236.612 426.752 15.6422 6.22473 261.994 0 647.395 53.3827 92.8828 187.122 114.036 54.8794 2.3695 127.097 71.7137 46.7473 12.4119 72.9027 207.217 19.7916 6.55975 1.96028 189.448 201.254 17.4876 2.57269 
382.485 498.164 62.4307 439.77 355.48 496.109 1306.52 650.634 0 74.0722 1376.33 403.131 166.78 52.8525 252.289 152.365 199.527 33.3399 145.149 0.0626165 180.521 59.6304 81.8625 29.0691 235.576 124.941 42.2627 47.7919 
11.5706 206.236 4.8166 104.182 313.579 113.039 183.366 164.849 174.024 0 0.184564 9.09014 140.127 15.5101 131.659 66.9091 74.2288 117.822 57.5589 56.2326 0.976226 18.1425 21.5098 59.8826 69.7038 74.4474 33.9812 0.0788194 
189.897 61.5019 9.63374 193.033 108.228 265.194 459.746 203.419 637.638 11.9138 0 11.8776 252.752 174.298 291.844 176.642 0.495248 170.515 0.0363133 85.3073 2.41407 0.719635 68.1084 124.754 119.01 56.1398 2.39157 102.407 
226.624 0.373715 184.316 64.8646 0.0297161 62.1085 229.689 96.6227 254.773 123.503 406.003 0 66.8142 165.278 11.0236 106.05 87.5739 88.0523 34.3179 96.5842 5.21862 29.8727 125.922 185.55 20.3452 124.37 44.9258 158.335 
108.521 124.733 45.179 1.56698 142.832 111.101 149.221 0.363573 0.995578 79.6563 184.41 22.3848 0 55.1087 0.00629738 8.14352 64.6677 9.52948 83.9436 29.2437 75.6419 13.894 10.8814 69.3318 50.1244 42.4996 21.9855 40.5703 
28.3616 34.8206 13.7597 0.412959 39.7531 6.74431 82.6606 0.165314 101.569 3.62277 142.95 153.98 156.281 0 59.0171 3.14958 22.0776 26.3103 7.94442 4.74635 36.18 1.23818 3.73696 2.00466 0.239824 2.64823 2.95607 3.86299 
0.226928 78.3666 31.2138 36.7524 75.883 27.7313 84.9562 146.371 5.66923 4.88761 354.918 219.599 48.0783 11.0426 0 67.1947 22.6398 35.233 11.8954 3.17088 26.3978 2.57844 24.9167 0.280908 17.7184 25.3882 13.8248 6.36676 
24.94 63.0395 19.0219 38.3418 42.7712 3.36664 16.3797 101.292 1.82732 8.49461 197.648 36.068 72.6411 9.77588 3.05969 0 23.1372 23.3177 0.768441 2.2296 50.5888 7.19312 2.07207 2.96482 8.87995 21.1506 12.9199 13.7832 
147.016 131.749 55.6467 171.862 69.2174 171.096 102.314 40.2988 145.108 21.6829 34.3561 86.8293 11.0878 6.67675 21.2119 25.6352 0 180.01 14.8808 5.32326 15.2618 14.3413 17.3941 8.81077 121.409 0.768119 10.4233 23.4593 
126.553 347.643 46.2615 0.77632 235.245 89.4818 35.1275 36.7318 176.733 2.68497 8.04264 121.313 32.6033 12.466 39.914 13.1027 39.7707 0 136.65 24.8659 64.0835 30.7134 44.1342 48.3657 5.97043 15.2669 43.5942 22.3437 
52.7559 104.074 57.0013 50.3606 1.39546 77.3578 104.665 9.37676 147.95 28.8618 1.79143 80.0733 79.208 24.3073 35.4799 21.0866 182.144 4.39394 0 9.80659 18.0057 16.9761 0.2212 5.86706 27.0875 10.0039 13.4239 8.06779 
136.423 140.426 13.0183 44.0596 33.0935 8.04172 84.6908 13.3882 104.961 55.9004 84.4361 37.8204 27.752 3.29053 1.3258 9.65915 33.9824 53.2966 2.30013 0 231.699 5.03558 3.98214 4.05651 4.99056 2.89504 8.66269 9.14644 
0.488183 68.2749 1.63416 73.1727 126.435 55.8886 86.9312 93.0254 68.0076 2.97213 8.07417 164.036 28.6744 31.0299 2.69111 12.0716 13.873 91.1538 2.97869 34.0418 0 8.63244 13.2618 30.3615 12.0564 42.1961 11.3118 51.1497 
6.30279 50.3478 3.12421 3.33324 1.93593 13.286 21.6901 11.6739 0.112483 60.3605 52.8231 62.5713 21.8363 2.20678 17.5436 4.10427 10.2265 31.7633 14.4784 5.48004 25.7987 0 15.0833 0.241187 22.1861 7.65322 10.1247 10.2804 
33.0197 18.7039 7.40815 3.00913 0.444874 9.08682 1.54076 44.2442 101.695 2.15861 125.206 92.1184 60.6087 6.06448 24.0722 10.1746 10.2339 35.8364 0.258144 1.84139 32.6951 0.949939 0 19.475 1.55927 10.0499 4.01415 6.23032 
51.6227 47.1391 2.53416 8.43023 3.8155 8.26984 54.1875 134.363 25.9173 27.6309 110.471 182.812 34.9503 6.48845 21.2238 18.3786 17.021 8.05388 13.6251 0.0328812 1.92029 0.537591 4.84397 0 34.4426 0.0348156 7.52132 1.04221 
119.753 178.684 0.420381 160.904 66.4711 126.944 5.69888 74.9862 119.222 53.0792 92.4307 337.748 15.6628 15.439 30.8515 14.74 120.251 50.9835 19.0866 5.26189 14.3566 72.4736 13.735 42.0133 0 52.9799 127.766 11.9452 
62.608 3.17573 20.0702 24.5719 70.704 9.01929 78.7943 180.126 124.873 16.6439 51.3383 153.479 41.9061 10.9446 27.5469 13.5497 9.97931 7.57511 2.14711 0.0104943 47.1068 6.51664 10.394 11.2496 3.34299 0 22.9426 7.68286 
50.7045 8.51399 1.53688 26.4013 27.5569 0.000954586 24.3304 82.0789 15.5361 47.426 48.0246 1.06332 0.335422 3.65913 9.83097 18.7631 3.53176 32.4501 21.341 0.423123 0.0767866 12.3652 6.01723 14.7721 3.08457 8.85773 0 89.1495 
11.0473 0.770769 1.18225 12.2486 50.5787 3.88356 4.34382 0.617489 64.9107 0.0303843 73.5722 28.3243 11.7564 0.0206747 0.0346165 10.7767 23.0454 10.236 5.37591 3.11686 14.8202 2.04227e-05 2.68952 2.35921 40.3455 10.5819 36.9341 0 
