0 411.81 6.24886 45.7612 4.99115 108.86 248.304 75.6494 78.7993 83.7718 48.8613 170.057 26.1704 13.6717 64.9082 21.6858 150.135 101.994 56.038 166.703 1.04316 0.375105 12.5713 1.76247 59.2475 62.1713 50.7422 41.0684 
121.743 0 313.451 313.271 88.3495 47.9151 522.565 114.503 72.4125 0.330633 130.119 12.2531 67.4899 59.0375 59.2766 80.1374 151.788 855.356 94.5183 46.6036 50.3701 34.1238 22.863 31.0027 49.1981 81.6271 3.30202 39.1678 
13.5149 274.788 0 221.716 2.92477 8.68282 155.901 249.345 352.472 114.202 4.08556 139.698 0.013639 0.00178126 15.0358 3.24909 5.05174 13.0188 29.1216 21.6014 27.9558 0.358562 7.81045 15.5637 9.18281 26.0456 17.1538 6.18325 
382.14 315.367 162.754 0 44.9434 69.2827 143.782 827.533 53.6964 26.2142 33.8615 35.0198 61.3245 14.2646 0.986988 8.6876 61.1703 72.006 57.7331 3.51809 805.78 11.6387 4.55617 22.7546 81.4357 0.000183689 11.3376 18.0613 
2.55984 297.779 44.446 2.54314 0 176.931 433.729 29.1209 43.9576 308.472 4.38973 111.995 24.4805 59.8789 83.0442 35.365 0.172049 8.69574 101.995 26.887 24.5625 56.8482 22.6964 10.0283 10.3206 5.524 42.1395 45.384 
72.3288 140.272 65.3117 55.3996 387.897 0 680.722 178.213 336.884 65.4924 25.7594 145.573 483.54 17.5062 25.9084 27.2018 98.0427 123.867 4.06702 11.9694 76.3203 0.00259167 15.4923 16.7184 63.4077 13.3394 18.7651 22.6507 
265.522 9.31304 208.194 4.16865 386.394 128.478 0 178.135 278.253 507.269 7.60341 283.649 185.343 6.50252 0.615877 42.3454 10.8197 188.818 113.374 89.2358 8.81193 25.148 16.969 68.8509 29.8325 9.20042 43.5091 68.1978 
214.368 224.483 211.577 363.104 23.0602 14.0121 217.935 0 600.304 66.6514 123.329 37.8887 108.35 47.4716 0.205177 96.8905 68.6285 54.6082 9.71503 66.8091 205.088 17.9827 9.19446 4.60969 192.741 182.935 20.7664 0.884399 
305.134 443.354 138.03 346.828 352.635 340.174 1153.27 606.799 0 42.4002 801.143 398.137 176.129 61.758 224.349 151.553 122.057 43.0362 148.766 0.0602151 183.629 61.1209 85.6783 24.952 165.783 130.361 39.6368 51.9894 
7.35582 219.195 2.03029 105.856 327.088 249.27 270.387 151.182 218.585 0 23.3978 17.154 183.404 19.9427 133.513 61.3783 71.9886 111.813 50.4821 55.9076 1.80816 15.8208 18.8283 60.3002 68.5211 73.0055 32.6775 0.314973 
186.055 46.2476 2.39792 184.674 126.267 272.431 481.23 236.516 827.292 0.95282 0 38.6172 254.081 156.398 350.105 195.035 1.04042 171.029 0.473189 85.9619 4.23712 1.3384 76.5552 121.537 125.624 67.8158 3.50421 99.5629 
223.033 2.24317 179.001 88.7519 0.220338 52.2843 245.643 289.337 291.22 105.386 454.093 0 59.3904 166.555 27.1615 31.8993 87.2369 94.0633 31.1082 96.0774 2.82325 32.4325 126.905 187.282 47.4073 65.6469 39.1745 149.609 
107.65 129.991 48.4844 0.809629 133.809 122.707 163.952 0.00407924 3.50709 119.262 166.614 17.3767 0 37.9631 0.899544 11.3946 64.6748 11.8309 82.8649 27.9912 76.3225 10.0553 7.06373 69.9763 48.8429 44.1926 22.9402 41.3169 
30.2616 37.7967 13.0885 0.72904 36.8733 5.69919 78.5565 1.15939 110.132 6.14868 122.113 160.015 153.097 0 49.956 1.6235 22.0299 27.9908 7.19466 4.71433 35.1013 1.63216 2.22094 1.30846 0.484021 3.23915 3.26746 4.29788 
0.685501 74.3674 29.8869 35.5644 79.5394 30.3547 74.3939 157.696 0.906585 1.41741 393.107 242.877 38.939 2.44962 0 45.7727 23.3412 32.7369 10.6652 3.50979 28.3584 3.14342 24.0915 1.00714 15.8408 26.9576 13.1727 7.34103 
28.7178 59.4781 20.2061 40.0342 45.8357 2.46512 20.9616 72.5336 0.252697 5.328 179.752 112.895 75.9225 7.44724 16.0217 0 23.5612 21.2875 1.09059 1.93933 52.4805 6.72035 1.36581 5.88737 7.41244 24.1286 13.6245 15.0142 
77.8849 63.7536 55.4211 99.6518 78.5334 99.0593 104.54 43.6327 75.4391 18.8463 31.4064 86.2094 9.65012 7.18021 20.4496 25.8068 0 147.933 6.28683 4.51368 16.9469 14.7448 17.1495 8.35314 48.359 0.555095 10.8413 23.6514 
144.038 254.376 34.6392 2.8562 233.026 82.6087 47.601 29.95 166.162 1.08017 11.6562 126.077 36.1876 13.9137 42.3633 14.8717 20.1758 0 131.114 28.7648 68.8985 31.5688 43.7656 48.3932 7.10022 13.5526 43.9129 21.0154 
58.5257 92.5082 55.1414 52.5755 10.3544 81.613 95.2675 12.034 144.145 23.0532 0.710723 82.7606 80.8947 23.7511 36.1708 21.9475 211.118 1.90058 0 8.65308 19.9757 16.3846 0.119851 6.39539 26.5309 9.19303 12.9317 8.6497 
164.818 137.274 11.2828 41.7682 28.4335 6.99498 87.5329 17.5817 105.974 56.2286 83.2857 41.9684 26.4713 3.41435 1.57264 9.61142 34.0446 57.3779 2.98674 0 165.73 5.14174 3.94272 3.87807 5.42022 2.54357 8.86935 8.88558 
0.334808 58.5898 0.229908 41.0245 124.009 52.9943 93.2761 81.0888 58.7426 1.87486 11.1239 166.181 30.8127 32.2444 1.92657 10.2011 12.3108 86.8165 3.93069 4.90462 0 9.20941 12.2737 31.7599 10.4569 44.3645 12.2612 51.0783 
5.6073 49.8438 3.421 2.99856 2.62329 12.5531 23.7505 10.1895 0.353529 59.7029 55.3807 64.5307 17.1717 1.75703 17.5232 4.56501 9.79298 30.9128 13.8599 5.38598 26.3234 0 14.7499 0.0794341 21.5212 7.37082 9.85421 10.1982 
34.3369 20.5221 6.92189 3.55897 0.175175 8.42424 2.55601 39.3739 102.181 1.22912 128.85 98.7399 54.3937 4.42448 22.7907 10.9158 9.82306 34.8543 0.399138 1.94518 33.4995 1.60308 0 16.7464 2.45724 10.198 3.55832 5.89832 
50.2447 45.2391 3.02866 7.29772 2.95632 8.96845 51.6027 136.926 30.0812 30.3421 115.556 186.416 38.6066 5.54582 18.9345 22.1765 17.3797 9.07132 13.0235 0.0645841 1.38775 0.276462 1.86771 0 30.1837 0.00249131 6.65979 0.76248 
47.0367 102.505 0.810999 88.1899 66.9854 52.4661 3.80833 59.969 45.7263 50.1368 100.924 1164.42 13.8938 14.9697 30.2542 33.8513 47.1001 49.6671 18.2827 4.83493 16.1414 66.9676 12.4692 36.9137 0 106.643 68.0862 115.177 
65.5501 4.74248 21.362 21.7182 70.4971 10.2649 74.3747 198.879 130.303 13.4974 40.546 222.733 43.6286 11.4361 28.7844 16.7597 10.6534 6.29619 2.6146 0.0499269 49.0936 6.81505 10.3922 10.3257 1.91322 0 25.5002 3.14901 
50.9546 9.61708 1.23154 26.7477 26.3607 0.0091556 26.1282 78.739 13.5086 47.6004 44.9604 2.4862 0.536094 3.98901 9.1332 18.6159 3.84199 31.5412 21.6592 0.527169 0.192106 12.4799 5.5152 15.5047 1.6929 6.71302 0 81.7288 
12.7115 0.375451 0.828986 10.8947 49.488 4.49644 5.73823 0.0141042 68.8528 0.0113625 78.3328 19.3555 10.6259 0.0762775 0.165696 12.053 23.2754 9.18278 5.88751 3.40219 13.498 0.00646237 2.99352 2.80297 39.9887 17.4174 50.9209 0 
