0 614.855 15.1481 345.543 11.4232 407.528 237.377 57.4427 359.632 91.1347 41.4022 180.357 29.3091 15.0773 63.3826 18.7888 441.822 116.68 60.8519 167.963 0.00182459 0.234513 13.6629 1.20421 348.148 64.6629 50.482 39.4082 
363.581 0 220.295 574.606 146.245 345.298 525.185 96.1246 347.966 0.242334 145.989 7.70881 73.7418 60.8525 55.2564 81.5208 449.383 424.933 104.142 55.4841 42.9631 35.2584 24.4349 29.1844 339.049 82.435 2.73768 40.902 
25.3787 362.665 0 276.255 0.386941 5.3659 180.518 231.414 279.058 114.277 10.9748 150.114 0.0475023 0.0169105 16.8583 2.47739 3.85274 19.7419 31.8355 20.3553 21.9818 0.270756 7.41033 15.4578 10.2557 26.5585 16.8285 6.82991 
650.09 577.155 240.829 0 36.0466 356.1 128.854 705.923 337.323 21.6978 44.4489 21.4941 59.4151 15.092 1.62567 10.7738 350.268 63.8396 58.9537 2.08912 195.374 11.3061 5.08448 21.9966 370.734 0.136677 10.5851 16.8804 
7.57723 365.642 57.754 5.71931 0 252.704 434.758 22.1038 63.9977 322.073 1.3553 104.98 31.0061 61.5312 85.5429 32.7782 0.0447659 4.2531 130.877 23.2295 28.2307 56.9559 24.2328 11.2083 11.7501 4.39501 42.8253 46.4814 
369.712 409.403 63.3521 343.416 208.137 0 189.579 189.171 551.949 424.664 12.9562 149.911 542.973 18.2575 28.1781 27.311 387.628 123.216 2.11147 11.0269 75.6855 0.0362943 15.2173 17.003 353.287 12.2521 18.9998 22.7782 
260.717 0.003341 186.899 0.869846 352.816 51.0279 0 215.392 632.471 488.925 26.0324 280.435 174.947 4.40054 0.00175771 47.2755 8.57813 199.13 120.488 87.1467 6.37747 23.4076 19.1939 69.7453 26.5377 11.8916 44.8583 66.9416 
193.404 240.085 187.638 359.642 30.1974 22.6784 180.662 0 540.123 78.3391 150.321 0.177663 103.406 41.4655 0.206904 73.0401 65.9912 61.4195 7.69882 61.6595 202.267 16.5178 11.6919 7.63329 193.543 165.535 23.6555 0.148264 
590.591 742.791 213.37 614.527 345.483 555.32 841.343 548.844 0 22.072 825.315 388.342 183.082 69.6248 186.397 149.78 409.456 51.8169 151.181 0.433024 185.467 62.2863 88.6106 21.6842 459.172 134.182 37.4487 55.4767 
4.54069 227.98 0.604356 106.66 332.112 377.236 341.897 139.248 254.797 0 70.4916 25.6421 218.679 23.923 133.44 56.5597 69.9786 106.511 44.6957 55.5003 2.69133 13.9661 16.6699 60.4635 67.3245 71.5179 31.5669 0.631041 
182.047 34.8789 0.0574189 176.113 141.377 273.38 487.024 262.927 929.22 21.599 0 71.3873 252.956 139.908 385.142 207.757 1.64547 170.916 1.21294 86.3095 6.13214 1.99644 83.4807 118.234 130.532 77.8037 4.58576 96.8964 
218.678 4.9837 172.945 109.978 1.00697 44.4358 257.143 493.709 319.086 90.5697 485.086 0 53.3416 166.042 45.3375 2.39125 86.8387 98.9838 28.5003 95.3783 1.37803 34.5868 127.019 186.584 121.436 28.8199 34.5416 141.282 
106.67 133.941 51.1614 0.366303 125.783 127.687 175.322 0.148607 6.74224 154.815 151.071 13.6331 0 25.4096 2.78288 14.4488 64.5901 13.9134 81.7687 26.9286 76.7986 7.27732 4.46635 70.2245 47.6926 45.533 23.7299 41.8906 
31.8327 40.2663 12.4918 1.05801 34.4636 4.87271 74.8379 2.66456 116.744 8.71474 104.232 163.595 147.129 0 39.132 0.709612 21.9698 29.3879 6.58842 4.68205 34.1687 1.99412 1.18252 0.827661 0.749985 3.7614 3.53393 4.66795 
1.25406 70.8284 28.6176 34.4291 82.3446 32.4091 65.5276 165.873 0.0604384 0.110749 407.238 257.803 31.7156 0.000886681 0 27.5072 23.9067 30.6635 9.67218 3.79968 29.9953 3.64717 23.0594 1.93789 14.2735 28.0922 12.617 8.18111 
31.9549 56.3935 21.1125 41.1714 48.3463 1.81158 25.0952 50.9217 0.0427935 3.22274 162.666 198.153 78.2817 5.6007 32.4352 0 23.8924 19.6293 1.40025 1.70917 53.9602 6.32271 0.87776 8.86432 6.4458 26.3888 14.1905 16.006 
372.453 359.769 55.0409 391.387 86.2858 390.918 106.113 46.4333 369.552 16.5919 29.0011 85.5782 8.51559 7.60694 19.8021 25.9229 0 120.965 52.5907 3.88277 18.3958 15.0759 16.935 7.97497 339.55 0.40347 11.1901 23.7957 
158.188 198.318 25.9192 5.56211 229.437 76.6488 59.0457 24.7289 156.757 0.289298 15.1364 129.799 39.2428 15.1591 44.3737 16.4035 8.61238 0 125.901 32.1226 72.8793 32.265 43.4128 48.36 8.10588 12.1808 44.1458 19.9181 
63.3354 82.7722 53.3828 54.2839 23.8341 84.5816 87.2374 14.4698 140.41 18.604 0.184007 84.8852 82.1136 23.259 36.6832 22.6459 226.62 0.603438 0 7.73038 21.6652 15.8848 0.058842 6.84658 26.0431 8.53247 12.5205 9.14267 
185.56 133.404 9.86636 39.5395 24.7082 6.15643 89.5678 21.4292 106.447 56.3643 82.1412 45.4638 25.3896 3.51509 1.79181 9.55223 34.0369 60.6841 3.62073 0 110.339 5.22769 3.90618 3.72755 5.78303 2.26357 9.03603 8.66094 
2.69123 50.8163 0.0354582 42.9201 121.678 50.5072 98.4316 71.3707 51.3089 1.14979 14.0046 167.412 32.6148 33.2307 1.38396 8.7407 11.065 83.0845 4.81842 0.772076 0 9.69886 11.4668 32.9033 9.19367 46.1179 13.0702 50.9538 
5.05391 49.3662 3.67469 2.73032 3.27141 11.9326 25.4954 9.0163 0.656344 58.994 57.4526 66.0712 13.6194 1.4144 17.4552 4.95592 9.43271 30.1884 13.3423 5.30474 26.749 0 14.3395 0.0113929 20.9198 7.13057 9.62203 10.1215 
35.4031 22.0655 6.51357 4.04416 0.044583 7.87095 3.58884 35.3977 102.219 0.650112 131.126 103.87 49.0751 3.08614 21.4165 11.4371 9.48036 34.0093 0.539543 2.03191 34.1412 2.25973 0 13.6972 3.35759 10.2908 3.1921 5.61878 
49.0078 43.6012 3.46597 6.39357 2.31983 9.55101 49.3676 138.214 33.6841 32.6016 119.241 187.3 41.6261 4.75001 16.9023 24.8982 17.6684 9.95441 12.52 0.0990086 1.00819 0.123665 0.395393 0 26.2788 0.0609585 5.9611 0.561056 
338.681 390.983 1.2302 379.447 67.2945 342.488 2.51256 48.1836 337.094 47.5915 107.684 1094.48 12.4745 14.5251 29.5962 57.0253 338.21 48.5143 17.6065 4.48558 17.6792 30.6618 11.4403 32.7219 0 88.5872 189.739 86.3896 
67.8305 6.27085 22.3705 19.3456 70.1733 11.328 70.4799 211.928 134.133 11.0763 32.23 278.683 44.9958 11.8016 29.6143 19.4301 11.2212 5.31109 3.03583 0.105021 50.676 7.06024 10.3588 9.53504 1.05305 0 27.5362 0.845882 
51.1022 10.5763 1.0013 26.9921 25.3606 0.0404431 27.6381 75.8041 11.906 47.6813 42.3985 4.11465 0.738539 4.2688 8.55463 18.4462 4.10833 30.7699 21.9125 0.622135 0.32768 12.5635 5.10205 16.0768 1.2849 5.108 0 73.0603 
14.1631 0.153088 0.580777 9.79785 48.5242 5.0328 7.03466 0.191371 72.035 0.116001 82.147 13.0443 9.71422 0.149153 0.3488 13.111 23.4517 8.33956 6.32651 3.64543 12.4267 0.0206156 3.25399 3.19468 39.4171 23.8809 62.3209 0 
