0 670.247 22.6982 470.104 16.8476 524.027 229.29 46.8171 465.607 95.7912 36.867 186.562 31.3766 15.9988 62.3361 17.011 553.727 126.107 63.9263 175.189 0.523991 0.161701 14.3757 0.901491 458.49 66.179 50.2869 38.3299 
456.342 0 161.094 664.647 187.939 463.143 517.451 84.7978 452.989 1.37923 156.071 5.33326 77.7478 61.9505 52.656 82.2805 565.037 381.179 110.189 61.3157 38.4358 35.9739 25.4478 28.0235 450.019 82.8356 2.40284 41.9988 
34.6259 409.245 0 286.99 0.00590283 3.62822 195.042 218.062 229.112 113.88 17.037 156.28 0.186656 0.0576813 18.0271 2.03267 3.16462 24.6683 33.5694 19.5187 18.4595 0.220889 7.15161 15.371 10.9559 26.8317 16.6104 7.25308 
740.591 667.41 223.631 0 30.7264 465.162 118.927 9.6659 448.168 18.9757 51.7627 14.4267 58.1345 15.6119 2.11373 12.1866 460.709 58.6664 59.6495 1.36141 261.354 11.0904 5.43242 21.4837 481.208 0.356567 10.1086 16.123 
12.1348 405.71 66.7769 8.39056 0 311.477 430.075 18.0673 78.3395 327.906 0.320467 100.437 35.4985 62.5239 87.0051 31.1337 0.374955 2.22309 149.834 20.9847 30.6755 56.9854 25.2227 11.9894 12.7031 3.73598 43.2484 47.1615 
485.664 507.862 61.6759 453.355 176.726 0 443.436 195.292 615.664 118.375 6.95865 152.263 525.987 18.709 29.5834 27.3238 498.273 122.475 1.18703 10.4267 75.1873 0.0782795 15.0245 17.1676 464.182 11.5612 19.1397 22.8401 
256.314 3.46761 171.764 0.048173 327.904 112.987 0 239.134 870.586 466.869 43.2077 277.218 167.756 3.26088 0.188134 50.4552 7.26894 205.155 124.812 85.6505 5.01697 22.3071 20.6635 70.2355 24.4897 13.7693 45.7028 66.0751 
179.534 249.256 171.289 349.574 35.1872 29.1759 157.157 0 493.628 86.0493 168.066 21.5181 100.155 37.7305 1.07131 58.8661 64.2762 65.8814 6.52324 58.3487 199.973 15.6025 13.4265 9.94065 193.12 153.629 25.5724 0.000843668 
697.683 856.348 263.454 708.453 338.704 618.909 601.756 503.462 0 12.3455 1277.91 379.503 187.095 74.8259 205.572 148.133 518.735 57.7291 152.431 0.849346 186.276 62.9938 90.3598 19.6806 572.073 136.274 36.0518 57.695 
3.08445 232.557 0.130558 106.888 332.251 448.394 384.224 131.422 276.863 0 111.912 31.8557 240.042 26.5838 132.62 53.4046 68.6289 102.995 41.0719 55.1755 3.34568 12.8223 15.3317 60.4792 66.4615 70.4347 30.846 0.889679 
179.113 28.3244 0.359578 169.945 150.984 271.537 484.785 278.975 934.326 48.2664 0 96.6902 251.179 128.83 399.538 214.464 2.10372 170.586 1.86392 86.4367 7.51966 2.48454 87.8197 115.839 133.358 84.2463 5.34946 95.0558 
215.265 7.28958 168.344 123.899 1.80762 39.6188 263.554 628.613 335.361 81.3331 499.9 0 49.5555 164.965 58.8854 1.24548 86.5283 102.079 26.868 94.8004 0.720475 35.9722 126.756 185.119 154.161 12.6426 31.6684 135.513 
105.923 136.248 52.8293 0.173294 120.446 123.673 182.078 0.452769 9.34177 177.952 140.906 11.4544 0 18.4579 4.51687 16.5529 64.4926 15.3208 80.9755 26.2411 77.0593 5.71572 3.10109 70.2444 46.9192 46.3545 24.2317 42.2339 
32.8295 41.8359 12.0943 1.29897 32.9225 4.36828 72.3318 3.94391 120.683 10.5625 92.7916 165.164 141.838 0 31.439 0.314996 21.9218 30.2784 6.21003 4.65876 33.5569 2.24042 0.668326 0.573078 0.949085 4.10776 3.70747 4.90773 
1.70552 68.4775 27.7342 33.6377 84.015 33.6479 59.8915 170.429 1.02405 0.0472918 407.137 264.922 27.3421 0.916355 0 17.1993 24.259 29.3433 9.05359 3.98835 31.0417 3.98393 22.2478 2.67898 13.2768 28.7277 12.2564 8.72984 
34.0581 54.3729 21.6498 41.761 49.9265 1.4426 27.8724 38.6321 0.436676 2.14304 150.944 257.118 79.6006 4.50164 44.257 0 24.0936 18.587 1.61769 1.5679 54.8582 6.0672 0.618028 10.9475 5.95779 27.6991 14.5413 16.6202 
486.409 474.873 54.707 503.409 91.203 503.009 106.981 48.2321 483.217 15.2065 27.4899 85.1203 7.82118 7.88312 19.3823 25.9843 0 104.071 355.09 3.5007 19.3428 15.285 16.7927 7.73473 451.302 0.318925 11.4133 23.8804 
166.932 181.825 20.883 7.74225 226.332 72.7527 66.7963 21.6097 150.499 0.0468193 17.5779 132.053 41.2246 15.9731 45.6419 17.4089 3.70093 0 122.303 34.3128 75.4034 32.7021 43.1656 48.312 8.77878 11.3319 44.279 19.2214 
66.3975 76.5561 52.1646 55.3065 35.0814 86.184 82.0449 16.1293 137.765 15.9641 0.0267673 86.1867 82.8019 22.931 36.98 23.0829 232.028 0.152582 0 7.15996 22.7673 15.5621 0.0310445 7.14018 25.72 8.11767 12.2572 9.4617 
196.9 130.365 8.98187 37.9786 22.4136 5.63844 90.7032 24.0459 106.572 56.385 81.3223 47.7099 24.6921 3.5783 1.9382 9.5052 34.0036 62.7441 4.05482 0 77.8641 5.28144 3.88107 3.63053 6.01696 2.09101 9.13992 8.51391 
5.36568 46.0172 0.378728 54.3907 120.045 48.8849 101.653 65.3075 46.7166 0.777371 16.0031 167.931 33.7756 33.8484 1.08256 7.85592 10.2961 80.6479 5.4305 8.12624 0 10.016 10.9591 33.6231 8.42045 47.211 13.5958 50.8432 
4.71273 49.0336 3.83986 2.56401 3.72141 11.5319 26.6225 8.29752 0.898386 58.4653 58.747 67.0106 11.5252 1.21182 17.3877 5.20871 9.20288 29.7177 13.0105 5.25143 27.0155 0 14.0169 2.98729e-05 20.5148 6.97471 9.4704 10.0686 
36.069 23.0641 6.25167 4.36659 0.00613472 7.51749 4.33656 32.9048 102.067 0.374643 132.207 106.943 45.6412 2.29729 20.4089 11.7198 9.26106 33.4566 0.640202 2.08746 34.5375 2.72818 0 11.5366 3.99996 10.3352 2.96496 5.43891 
48.1763 42.5296 3.75684 5.83649 1.95128 9.92278 47.9038 138.627 36.0424 34.0417 121.317 186.842 43.5346 4.24507 15.5651 26.3524 17.848 10.5355 12.1972 0.124813 0.796418 0.0575028 0.0213836 0 23.6799 0.138907 5.52516 0.447734 
450.803 500.953 1.54192 491.138 67.4348 453.503 1.82059 41.0987 449.219 45.9254 111.824 334.629 11.5949 14.2166 29.1017 69.1641 449.911 47.7512 17.1715 4.26561 18.6846 9.79122 10.8028 31.0236 0 52.1431 157.704 23.0749 
69.201 7.3514 22.9793 17.8433 69.8944 12.0171 67.9008 218.856 136.231 9.63182 27.2923 311.285 45.8356 12.0131 30.0435 21.1016 11.5869 4.72062 3.32006 0.150794 51.6507 7.21524 10.3223 9.02273 0.667073 0 28.7799 0.134166 
51.1674 11.2084 0.865786 27.1271 24.7196 0.0721059 28.6081 73.8605 10.9245 47.7023 40.76 5.36266 0.884706 4.44987 8.18668 18.3156 4.28244 30.2701 22.0688 0.686783 0.433186 12.6113 4.84093 16.423 1.38087 4.17876 0 66.591 
15.1208 0.0621601 0.44448 9.1136 47.8825 5.38739 7.92596 0.628856 74.0152 0.240296 84.5041 9.60991 9.14638 0.20832 0.500738 13.7808 23.5571 7.8171 6.61322 3.80348 11.7569 0.0338564 3.4237 3.45493 38.9303 28.234 69.1334 0 
