0 482.316 2.55003 569.39 66.1209 571.613 263.753 280.947 661.292 16.06 14.1542 25.6643 6.68605 12.4849 15.3707 4.43552 548.784 40.2 104.111 61.0828 194.61 34.4585 40.5977 47.942 511.62 0.520296 51.1455 60.3782 
503.082 0 136.518 577.571 240.853 675.861 463.902 110.773 856.75 137.176 267.427 141.642 51.3341 7.10912 79.3215 0.362049 567.308 714.388 32.2394 48.3513 113.222 32.925 22.6754 60.1285 478.837 83.1133 2.22503 53.7415 
0.156575 426.248 0 172.898 22.6562 58.2154 184.125 76.6637 61.9983 108.249 14.125 61.56 64.6592 0.310519 20.1045 23.6346 46.386 111.411 23.09 21.0682 21.9868 2.44706 6.94033 2.65914 24.0944 18.3334 3.22454 15.2005 
721.433 580.529 81.615 0 107.432 449.775 20.1272 401.643 454.641 1.98615 3.01306 75.1511 26.1584 18.3919 22.2596 28.9281 483.672 92.4079 14.0777 18.5273 432.418 2.97615 17.8246 16.3604 468.597 43.0576 9.63679 1.0965 
75.3386 50.279 14.1851 163.415 0 44.5195 199.365 126.037 118.275 123.237 258.543 38.142 104.365 0.172864 94.1201 53.9747 35.613 199.659 2.34727 92.6959 91.9449 0.628463 34.7575 50.5118 0.116949 23.0989 0.00927092 9.70259 
582.297 519.273 1.46222 454.544 703.87 0 1177.79 89.8812 692.544 948.224 7.42258 21.3361 236.551 2.07909 4.30758 2.67259 503.751 65.3656 0.000199511 22.7529 20.2807 18.0596 13.3705 17.8576 457.692 21.3114 17.4362 13.5035 
243.83 79.9845 0.54212 52.9018 363.163 813.016 0 264.943 10.1743 461.903 87.0464 2.07641 148.426 41.9231 124.408 5.39814 29.1222 51.6037 75.5397 43.4249 56.8527 43.4603 71.1088 10.4156 90.4703 78.2795 2.36889 12.8839 
158.81 227.717 35.6969 79.4341 222.849 214.79 159.122 0 111.887 87.9991 47.0831 642.243 71.8222 13.1279 135.896 127.096 82.1556 177.433 27.5501 66.6929 32.3902 67.1218 96.4741 128.552 17.605 191.002 61.5855 81.2446 
628.047 450.334 397.469 744.112 314.782 689.158 1245.15 103.485 0 183.458 1325.13 160.427 188.043 28.8547 257.394 46.9323 485.516 139.932 1.5379 100.506 16.2476 17.3407 70.9743 97.8313 501.718 79.3007 15.4765 59.8973 
66.976 170.372 12.0707 98.6678 170.725 281.415 391.713 129.449 334.254 0 242.982 19.2891 57.9509 77.7742 132.321 4.66002 79.7515 70.7797 119.24 45.5627 89.5736 28.5093 56.4791 59.448 58.9214 50.8536 39.4928 51.0089 
55.0473 40.1333 50.4116 193.276 76.6212 229.655 298.709 144.342 832.261 338.218 0 137.5 10.9434 179.162 116.245 43.1121 42.0256 138.427 40.3868 86.4221 138.966 30.4268 7.13217 12.4973 125.831 71.7925 59.8338 56.6541 
26.1259 202.221 180.195 45.6038 175.928 94.0916 71.0116 25.7131 0.0877259 224.012 76.2315 0 92.7711 152.909 12.1626 175.786 31.0758 5.76656 60.3522 52.7472 166.514 14.6938 82.7598 0.139657 247.574 305.108 19.7143 101.792 
107.109 117.75 4.70891 71.8557 49.6767 136.715 0.292403 9.08807 10.0545 114.063 41.218 137.164 0 109.211 47.2373 57.8889 4.59928 82.3733 75.1986 16.3783 70.9209 69.9312 53.6764 16.2819 19.5654 41.8849 4.63164 16.7043 
1.78352 26.0364 14.6611 3.11303 61.2973 18.929 96.89 98.6866 57.432 83.9416 148.951 130.946 0.978 0 61.792 6.17888 3.35338 42.8538 23.0601 4.78624 38.1986 10.6166 5.08838 10.0847 1.12069 12.8179 8.43204 9.46929 
66.718 89.945 3.47797 11.1548 92.8832 7.59786 123.071 5.92945 11.5174 0.126029 53.1721 112.381 114.823 19.8014 0 4.24808 29.1007 42.422 37.5973 11.7243 21.1901 13.3669 5.20491 1.74801 0.152927 13.4969 18.39 0.000377675 
53.1815 50.1101 2.18816 0.64613 15.5767 19.713 20.1974 101.291 120.569 20.1018 39.0222 6.64926 77.802 0.964648 64.5339 0 17.1709 44.5215 29.6357 7.13356 57.3038 11.5 2.17023 1.72875 10.1272 13.8986 0.0294947 13.7416 
469.568 598.153 0.129238 457.971 145.291 478.191 70.9644 28.4632 519.768 30.9866 0.00942444 35.77 63.4272 7.47149 11.2851 11.8478 0 282.8 348.009 8.75262 0.386591 16.4151 8.64846 5.93541 457.294 25.1041 1.80305 20.1384 
14.0398 175.636 6.91445 0.000173923 2.58191 6.1355 192.635 79.2144 91.4381 6.24681 5.33481 27.1213 54.057 51.651 20.7082 0.976148 179.767 0 2.97669 84.8293 75.2463 19.0135 13.7025 45.8311 41.0895 0.307714 44.0745 4.00716 
105.615 150.757 13.3752 7.99995 34.6831 89.4535 129.93 1.46354 45.4961 122.948 25.3113 55.78 43.8746 6.3566 7.61108 8.94973 73.6768 133.886 0 28.2755 55.5591 18.6016 17.9818 18.7105 5.42285 18.4955 3.11351 0.0152913 
19.2818 136.588 27.2584 3.06154 92.1353 24.2612 4.5139 86.9041 11.8883 38.4924 78.9273 93.1412 17.9196 3.05221 10.9183 0.00121778 33.0832 66.5801 33.3213 0 193.612 4.80184 0.0714249 6.29407 13.7688 10.5862 3.53557 6.17223 
213.03 121.711 74.8285 4.00445 18.7774 56.5833 33.8123 178.433 182.272 99.1391 129.454 2.44029 19.1736 0.667254 5.34507 5.45208 50.5489 80.8011 70.1272 331.812 0 26.4207 2.6378 10.4215 22.5363 44.4535 10.4023 40.1447 
39.9157 50.285 10.7215 11.6116 55.5298 1.88594 8.01601 66.8872 69.4044 1.1048 2.898 47.5508 77.6448 6.94395 10.9644 0.231399 2.31541 39.9711 20.7494 0.212407 9.31953 0 13.1878 0.183576 10.2138 9.74064 1.85505 9.10422 
20.0162 20.3387 6.03889 17.0835 1.4286 16.3344 70.0492 12.5721 32.1512 58.6107 10.832 123.24 6.67853 2.80286 3.30724 10.5258 1.60476 2.94002 21.2636 2.47537 33.1637 3.83162 0 1.84553 2.05925 10.0214 1.39241 4.85233 
0.825709 52.0875 7.6313 26.5877 16.6991 12.1203 60.036 0.0745616 9.58025 25.7443 78.2001 0.183236 2.03503 6.78484 27.3543 3.35086 19.0939 18.9683 9.62284 1.32907 47.9016 0.450488 16.7153 0 7.7735 13.1224 19.2558 6.97538 
522.85 527.307 28.2601 489.243 49.8632 468.739 84.9352 87.7275 556.618 71.2765 101.2 115.213 52.4335 16.3794 7.73545 13.4536 459.54 22.5762 0.47546 0.535235 5.81052 26.7218 13.9971 36.2948 0 91.8514 71.652 135.217 
0.0600275 16.5192 24.1582 31.1306 23.9821 10.3829 41.0029 13.2863 79.1984 69.3798 37.1376 15.3429 42.4787 9.30688 10.4887 21.4884 20.4405 0.520115 0.00564329 4.67004 39.3512 3.82491 10.3902 13.7212 7.05463 0 15.7977 58.7606 
50.3629 32.6922 18.7577 27.2452 40.9539 0.154663 13.615 40.0794 0.761472 10.9841 71.5887 12.9787 31.3066 7.73401 19.776 8.04439 7.77454 31.018 10.8138 0.905908 31.1209 0.981079 0.39849 0.710626 5.82028 28.4959 0 89.1494 
0.0646562 2.04409 1.097 5.09552 51.9025 0.362299 61.2263 71.7594 42.6306 48.6887 0.790641 173.585 36.9194 3.09653 5.50224 10.7343 20.8521 13.6049 0.228423 6.22326 38.9505 2.74339 3.98855 0.0927561 18.9833 15.4634 36.9347 0 
