0 181.525 47.6819 164.228 35.0454 174.933 205.2 23.9303 93.1947 107.39 26.213 200.86 36.8547 18.4284 59.4213 12.7662 192.624 149.896 71.7131 224.377 6.05186 0.0366152 16.2458 0.32371 94.1851 69.7549 49.6865 35.5221 
96.3981 0 40.0543 242.869 301.948 124.649 466.176 57.9305 87.1273 8.46181 181.18 1.21679 87.9408 64.5215 45.9526 83.7654 213.295 801.205 125.038 76.4695 27.7208 37.7646 28.0585 25.0715 87.3839 83.4411 1.64084 44.7509 
63.0405 472.161 0 222.223 3.46922 0.686955 225.872 178.799 107.906 111.305 37.8836 169.969 0.958487 0.271839 20.9873 1.08124 1.69702 39.2108 37.9595 17.266 10.6607 0.115966 6.48305 15.0822 12.7837 27.3294 16.0185 8.36533 
308.42 245.873 375.995 0 18.6893 97.8743 92.9406 697.87 98.9372 12.6891 72.0103 2.58073 54.6659 16.9002 3.63338 16.0221 96.5604 45.8092 61.1159 0.198153 531.554 10.5292 6.35427 20.0802 116.818 1.38337 8.91046 14.1905 
28.3027 487.739 90.9671 17.3692 0 417.367 399.9 9.46679 119.332 332.038 0.937301 88.698 47.9894 64.8227 90.2338 26.9844 2.67379 0.000378977 197.745 15.6265 37.2467 56.92 27.7734 14.0754 15.2712 2.28099 44.2739 48.8205 
136.169 117.332 56.0242 88.6677 826.695 0 988.056 207.406 149.5 316.456 0.0195277 156.697 551.655 19.7506 32.9585 27.1533 134.266 119.447 0.0230031 8.91218 73.5911 0.258009 14.474 17.525 101.032 9.82172 19.4607 22.9277 
240.59 44.7634 129.78 2.58039 255.655 572.315 0 297.126 1280.89 379.872 103.703 265.023 147.765 1.10409 2.71507 58.6009 4.38267 218.285 134.932 81.2861 2.25771 19.5458 24.5683 71.1916 19.4954 19.0871 47.792 63.6431 
143.295 269.368 127.699 205.398 49.3176 48.7632 100.623 0 356.709 106.316 213.955 222.241 91.5798 28.6665 6.30344 28.1268 59.8009 77.5871 3.93538 49.8957 192.434 13.3427 18.3192 17.0946 188.733 121.485 30.697 0.778775 
321.541 487.555 381.134 294.553 314.065 151.813 93.384 368.049 0 0.183451 1643.81 348.473 195.694 88.5285 308.564 142.162 151.36 73.7421 154.551 2.54034 187.027 64.665 94.3512 14.8961 213.163 140.307 32.4976 63.2953 
0.623748 240.301 0.498181 106.446 321.7 529.966 469.594 111.016 326.887 0 245.858 50.2574 287.278 33.7072 127.83 45.1875 64.9611 93.628 32.1761 54.1192 5.33209 10.0619 12.0816 60.2038 63.9197 67.2184 28.9683 1.74978 
170.359 14.3882 7.48684 152.034 174.967 258.331 458.36 315.914 814.697 156.196 0 173.399 242.955 99.5827 404.348 225.924 3.52694 168.827 4.15218 86.4221 11.6761 3.96803 98.4539 108.778 139.391 100.635 7.55314 89.8993 
204.416 15.0878 154.232 159.5 4.9009 28.1864 276.283 917.848 370.179 58.9793 518.095 0 40.2312 159.6 98.7061 60.4685 85.5377 109.776 22.8307 92.8655 0.000190636 39.5322 124.891 177.852 133.946 1.42236 24.6984 119.452 
103.595 141.326 56.909 0.0046921 106.226 85.564 197.209 1.9801 17.7967 235.105 114.603 6.68742 0 5.35935 10.7385 22.4081 64.09 19.1776 78.6278 24.4583 77.569 2.53727 0.718781 69.8008 44.8134 48.3201 25.5026 43.0262 
35.3425 45.7949 11.029 2.02041 28.9998 3.17518 65.5344 8.30514 129.579 15.9591 64.5178 166.528 123.75 0 12.7436 0.0279351 21.7648 32.5404 5.27786 4.58986 31.9402 2.91737 0.0100545 0.12832 1.55738 5.02923 4.16128 5.52939 
3.16757 62.2011 25.2509 31.4004 87.8137 36.5005 45.8607 179.447 8.7564 2.63197 374.811 273.672 17.2714 11.4321 0 1.09629 25.1251 25.9995 7.53586 4.48139 33.708 4.89251 19.7029 5.04035 10.7776 30.006 11.3186 10.165 
39.5133 49.0692 22.8586 42.7556 53.8565 0.681742 35.377 14.0909 3.30657 0.369352 119.222 397.943 82.2582 2.12022 72.7488 0 24.5691 15.9942 2.24161 1.22901 56.9712 5.41299 0.154921 16.5517 5.19613 30.4623 15.3944 18.1038 
131.255 123.389 53.5359 142.911 103.484 142.648 108.697 52.8459 127.333 11.8786 23.7334 83.7584 6.16039 8.60027 18.2906 26.0951 0 63.9567 107.782 2.60334 21.8323 15.8107 16.411 7.12649 90.3903 0.147256 11.9848 24.07 
187.804 168.236 10.2131 14.8331 215.644 62.6055 87.8301 14.4734 133.8 0.369077 24.5503 137.345 46.3768 18.1119 48.8114 20.064 0.476266 0 112.263 40.0261 81.7537 33.7902 42.4572 48.094 10.6019 9.2686 44.5637 17.4604 
74.1226 60.9348 48.7431 57.6568 71.7972 89.1597 68.7296 20.7166 130.142 10.0159 0.266691 89.3011 84.2289 22.0469 37.6264 24.1632 231.801 0.359918 0 5.77634 25.6553 14.7271 3.58171e-05 7.90813 24.8546 7.08612 11.5824 10.2899 
217.278 120.749 6.82543 33.5821 16.9089 4.38761 92.9916 31.233 106.254 56.2027 78.9273 53.4603 22.8909 3.73529 2.33382 9.35263 33.8174 67.7806 5.26309 0 16.7548 5.41449 3.8107 3.38014 6.62061 1.67423 9.39576 8.12664 
16.2025 34.4835 2.90533 76.0708 115.38 44.6451 109.572 50.503 35.6469 0.153637 21.6464 168.294 36.7695 35.3785 0.477095 5.77829 8.43197 74.265 7.15 59.2294 0 10.8411 9.6918 35.4192 6.57214 49.8964 14.968 50.4506 
3.8864 48.0876 4.27201 2.15777 4.99568 10.4978 29.5365 6.57488 1.68838 56.8521 61.9368 69.2427 6.86891 0.757296 17.1297 5.86164 8.61721 28.4891 12.1597 5.11035 27.6766 0 12.9947 0.0856926 19.4165 6.56903 9.07191 9.91931 
37.7107 25.6516 5.58193 5.23125 0.0686682 6.61939 6.54898 26.7546 101.057 0.0127657 133.602 113.967 36.8879 0.714817 17.46 12.2459 8.70018 32.0016 0.936009 2.22959 35.4997 4.07463 0 6.01038 5.85103 10.3955 2.41154 4.97639 
45.913 39.7128 4.53707 4.49656 1.14847 10.8668 44.0553 138.203 42.2283 37.6842 125.57 182.068 48.292 3.00408 12.1046 28.8093 18.2894 12.0772 11.37 0.204196 0.366344 0.00226613 1.17703 0 16.9716 0.480489 4.45652 0.214413 
91.1238 135.339 2.48883 129.697 67.5878 90.756 0.549972 24.9818 90.1729 41.5543 121.629 708.476 9.45339 13.3484 27.5894 72.9582 88.8725 45.7121 16.0511 3.71659 21.3277 21.512 9.27945 32.9649 0 24.076 101.067 85.9646 
72.3704 10.4655 24.3932 14.1054 68.928 13.8004 61.0486 230.928 140.281 6.33831 16.2353 374.936 47.8519 12.4692 30.7622 25.1086 12.5306 3.35558 4.09847 0.30507 54.0007 7.60442 10.1756 7.70288 0.279835 0 31.7019 1.11007 
51.2298 12.8882 0.561862 27.3953 23.0778 0.19447 31.0992 68.6771 8.57485 47.6462 36.5821 9.26559 1.31775 4.91924 7.25623 17.9046 4.74088 28.9699 22.448 0.865907 0.769658 12.7129 4.18682 17.2324 2.84944 2.18675 0 48.0622 
17.6665 0.0131357 0.177295 7.43452 46.1541 6.3327 10.4182 2.88969 78.8565 0.76131 90.1975 3.12677 7.75107 0.40374 1.01088 15.4527 23.8006 6.54293 7.36676 4.21581 10.1021 0.0826101 3.86761 4.15221 37.302 39.5018 83.5274 0 
