0 449.116 104.046 665.236 79.2085 556.754 154.612 1.74019 448.881 125.907 11.4428 219.359 46.9378 22.8738 53.5889 6.58514 553.681 187.92 84.7129 277.222 29.3942 0.0320997 19.6483 0.0104446 452.519 74.8161 48.292 30.4991 
618.28 0 36.2432 505.078 473.7 544.663 296.532 21.2272 484.276 34.256 220.402 1.05684 105.098 68.1095 34.3713 84.7127 589.322 917.138 147.612 102.06 12.6113 40.7344 32.6392 20.0362 448.799 83.0234 0.646789 49.3252 
121.48 353.744 0 13.8807 24.0455 1.17626 249.645 102.676 0.201864 101.687 88.4998 185.167 3.71924 1.01687 25.8365 0.120843 0.206302 69.4485 45.2549 13.1039 1.91941 0.0125903 5.30836 14.3543 16.031 27.4756 14.8746 10.3836 
531.265 507.404 182.515 0 4.31448 452.531 49.7053 585.52 525.785 4.45967 110.335 5.24753 48.0372 18.963 7.14546 23.1481 454.824 25.6996 62.5358 0.687331 760.457 9.52061 8.05363 17.3649 473.604 4.70284 6.91096 10.8906 
69.8365 527.398 132.972 39.4882 0 376.204 295.797 0.943735 198.909 301.931 13.1977 68.2552 72.4337 67.9367 93.9582 20.0575 11.5599 6.53867 267.268 7.85929 49.6356 56.3172 32.2481 17.992 20.1612 0.576519 45.8594 51.4158 
520.761 450.802 42.5063 448.795 1027.41 0 1172.88 214.769 452.622 650.856 17.8064 158.653 12.2259 21.1264 37.8141 26.1607 491.464 110.444 2.22981 6.39394 69.7315 0.81926 13.3278 17.9187 460.433 6.94745 19.8895 22.8339 
199.921 204.46 57.7202 22.3786 123.212 830.155 0 376.548 771.83 175.752 246.122 231.363 109.385 0.0827598 13.9164 72.3821 1.03805 232.209 148.665 72.0136 0.0382289 14.9611 31.7741 71.8011 11.8105 29.8946 51.1655 58.7026 
82.3167 290.771 56.3227 97.5828 77.8304 90.4002 26.3063 0 121.045 141.953 289.011 798.287 75.9817 15.1052 25.1874 0.725504 51.7609 98.5713 0.939614 35.6019 173.932 9.71191 28.2444 33.3746 170.285 65.7618 40.2648 6.08483 
648.434 796.556 472.972 556.5 250.198 452.04 373.395 129.97 0 24.6856 1484.96 270.946 204.375 112.55 238.8 126.192 503.162 103.813 154.421 7.59576 183.731 67.0763 99.4852 7.90034 576.703 142.523 26.4172 72.6527 
0.837989 239.293 6.53489 102.161 268.977 283.309 499.748 75.6821 380.517 0 492.081 89.2027 330.459 46.7063 110.974 30.9731 57.9054 76.3756 18.4607 51.5203 9.84622 5.90136 7.12987 58.6367 58.4147 60.2104 25.5964 3.92257 
151.211 1.0618 40.1585 115.487 212.721 209.593 351.276 360.964 563.866 409.394 0 325.856 216.827 50.845 307.512 224.404 6.86123 162.648 10.2366 85.2159 20.92 7.34677 114.651 93.6648 145.38 127.375 12.2254 79.5321 
178.96 34.7802 123.154 215.039 13.8026 12.1384 284.592 962.88 401.882 26.5149 478.853 0 25.5643 141.888 175.459 301.852 83.1361 122.239 16.337 87.9638 2.10393 45.7397 117.643 154.119 274.075 84.7285 14.1411 88.5417 
98.1389 147.11 63.2335 0.843542 80.3724 26.055 214.721 7.19606 38.2291 310.438 70.3785 1.34442 0 1.64293 27.0133 33.8846 62.8585 26.7233 73.4846 21.2861 77.9061 0.0278601 0.592432 67.3346 40.7372 51.2364 27.6673 44.101 
39.5516 52.3973 9.04772 3.62063 22.3284 1.4866 52.71 19.4054 140.306 27.2901 23.7434 159.679 81.651 0 0.556344 2.02473 21.3728 36.4004 3.78729 4.4379 28.9591 4.22784 1.31899 0.123837 2.93486 6.71365 4.9819 6.62895 
6.74401 50.6127 20.3266 26.8749 92.6413 40.1556 24.1062 185.103 38.921 16.1477 233.411 254.96 4.66765 44.4157 0 19.9151 26.5067 20.3488 5.13953 5.37087 38.2812 6.61308 14.1217 10.4031 6.74709 30.9293 9.64629 12.7291 
49.0653 39.5423 24.3232 42.6368 60.2168 0.0246258 49.4233 0.58235 14.4855 0.815984 64.1444 492.494 84.2522 0.0408881 87.5895 0 25.2593 11.7688 3.55788 0.722618 59.9715 4.28528 0.0928692 25.2354 5.60935 32.8037 16.7066 20.31 
504.938 505.593 50.438 506.07 123.105 505.898 109.89 60.8632 499.88 6.90426 17.6127 80.7349 3.68461 9.88441 16.3334 26.1271 0 13.695 283.073 1.32994 26.383 16.6936 15.6847 6.08967 453.821 0.00421278 12.9826 24.3054 
217.002 28.0374 0.483412 31.8557 188.473 44.9124 126.87 5.21618 103.257 4.18305 39.0031 144.791 55.5517 22.0124 54.0205 24.9406 27.0665 0 92.4686 50.1573 92.314 35.5784 40.9626 47.3843 14.1156 6.07525 44.8637 14.4748 
86.9084 35.9078 41.878 60.7527 153.235 90.211 46.2704 29.7973 114.239 2.75998 2.90598 93.9361 85.5243 20.3584 38.3505 25.9044 208.009 5.41031 0 3.65238 30.8983 13.241 0.0857538 9.30133 23.2173 5.39946 10.4033 11.7732 
217.453 98.6983 3.57981 24.9857 8.82221 2.50691 94.7456 45.1427 103.503 55.0717 73.7624 63.3351 19.7132 3.9914 3.09214 8.97739 33.1446 75.5657 7.68725 0 22.4853 5.63085 3.66709 2.9383 7.68322 1.04021 9.80636 7.41546 
47.4975 17.5607 12.7593 6.41763 105.679 37.0468 122.006 27.9837 19.1959 0.220522 33.1753 165.568 42.0473 37.8565 0.00539505 2.84703 5.55771 62.7584 10.6634 212.103 0 12.328 7.60138 38.3734 3.82918 54.1391 17.4501 49.3879 
2.61137 46.1153 5.05593 1.51872 7.63167 8.68213 34.679 3.99416 3.65075 53.1783 67.0233 72.5055 1.48456 0.206821 16.3927 7.00684 7.60496 26.2649 10.6741 4.84815 28.757 0 10.6461 0.627316 17.3395 5.84097 8.34247 9.61176 
40.3393 30.2408 4.42997 6.85941 0.736235 5.09587 11.385 17.0484 97.1776 0.582678 131.208 122.895 22.4922 0.175636 11.5764 12.4255 7.72368 29.331 1.58332 2.4768 36.9911 6.78619 0 0.165494 9.62186 10.3127 1.55375 4.16858 
41.5377 34.5859 6.00253 2.50189 0.245957 12.4675 37.0806 132.393 53.335 43.7776 129.068 162.065 55.9451 1.20133 6.43863 28.0456 18.9945 14.9453 9.92672 0.388387 0.00975274 0.303167 9.01363 0 6.67034 1.54811 2.79049 0.00963748 
457.64 490.167 4.62327 490.918 67.137 451.192 0.109793 5.65744 459.896 33.7014 135.384 374.264 6.13493 11.5971 24.1912 29.2935 452.097 41.8764 14.0794 2.81438 26.1414 57.8165 7.17989 57.6566 0 64.1829 78.1277 14.0343 
76.6187 17.0137 26.292 8.21383 66.3837 16.9185 48.5354 230.541 142.527 2.13162 3.39418 388.339 50.8687 12.9489 30.648 30.4914 14.1982 1.49991 5.62738 0.700714 57.5546 8.25408 9.73929 5.44418 1.69975 0 35.6535 11.8285 
50.975 16.0243 0.183964 27.5905 20.2154 0.550696 35.4503 59.0414 5.07365 47.167 29.4188 18.3725 2.27648 5.75409 5.68733 16.9309 5.58602 26.6308 23.0372 1.22545 1.58674 12.8179 3.10757 18.3518 9.1286 0.208138 0 16.8214 
22.3981 0.566532 0.000160776 4.80198 42.8547 8.09834 15.45 10.6531 86.3879 2.36524 98.7641 0.367734 5.53107 0.893418 2.3048 18.1362 24.1327 4.54636 8.74817 4.9595 7.43555 0.219278 4.6691 5.46073 33.4502 56.1467 92.8045 0 
