0 92.2254 137.551 338.059 108.973 166.754 123.735 0.563318 53.415 134.958 5.59669 225.573 52.8278 25.4659 49.9361 3.90271 152.777 205.882 91.498 229.757 49.3084 0.152062 21.6292 0.234586 51.7477 76.9231 47.3124 27.6301 
360.819 0 154.493 67.3965 524.067 182.698 184.839 7.93641 126.216 55.2722 238.506 4.99554 114.124 69.5789 28.1034 84.2913 195.729 309.484 157.712 114.905 6.4719 42.3089 35.2074 17.2993 49.8264 81.9483 0.282068 51.746 
153.703 204.125 0 28.7156 42.6474 4.64036 243.124 62.7254 29.2076 93.6842 121.509 188.093 6.04715 1.63727 28.2516 0.00254775 0.00104681 87.8331 49.0237 10.7385 0.0861765 0.000326932 4.65221 13.8232 17.8467 27.1412 14.1716 11.5483 
74.5662 68.811 129.076 0 0.5819 50.835 29.232 1077.71 180.165 1.59714 131.976 19.9322 44.0406 19.9943 9.54873 27.1751 53.818 16.322 62.6644 2.38672 135.619 8.93795 9.04948 15.7193 71.2265 7.35705 5.84837 9.10954 
98.7748 483.325 153.825 54.7748 0 372.347 220.186 0.0571258 243.344 266.308 26.1108 57.0556 87.1233 69.1455 94.9034 16.4055 19.1438 15.9713 291.445 4.52746 57.016 55.7002 34.7575 20.3367 23.12 0.107894 46.6326 52.6963 
134.217 50.6707 33.7074 50.4927 464.341 0 519.608 210.632 106.528 609.872 43.4075 156.387 38.4009 21.6234 39.804 25.2216 89.1279 103.459 5.82272 5.08085 66.9798 1.27305 12.5866 18.0054 59.7105 5.46006 20.0542 22.6401 
171.455 316.576 26.0161 41.1208 60.8691 291.592 0 402.11 199.406 74.2298 330.447 206.638 87.2239 1.10056 23.6884 79.5975 0.16102 234.438 153.8 66.0032 0.303405 12.5399 35.9795 71.5315 8.1753 36.6643 52.8958 55.5593 
52.4273 294.076 25.6377 62.4078 95.4381 115.922 4.65757 0 32.7024 161.105 324.172 1004.95 67.0163 9.0789 40.5772 3.0157 47.147 110.405 0.149902 28.068 160.861 7.86011 34.4841 44.272 154.558 38.6976 45.9155 11.2219 
225.062 348.623 433.907 107.542 206.277 104.347 970.945 37.8117 0 62.3725 464.15 218.989 205.424 125.215 315.875 114.531 98.0848 121.295 152.156 11.5766 179.292 68.1343 101.252 4.82766 176.389 140.949 23.0955 77.5868 
3.53762 230.452 12.8068 97.8396 224.38 102.452 442.23 57.0039 386.365 0 580.874 113.608 327.028 53.9893 97.5475 23.4512 53.6179 66.4092 12.0718 49.6473 12.9577 3.97809 4.82071 57.1505 54.7717 55.583 23.656 5.51513 
138.574 0.315269 67.795 93.4529 230.402 171.663 268.814 372.671 250.268 530.515 0 405.613 196.394 28.2036 214.115 211.332 9.20977 157.464 14.7921 83.8701 27.173 9.68108 121.987 83.9091 146.003 140.407 15.2996 73.0467 
161.58 48.9002 103.292 238.559 20.6978 5.78225 280.977 705.492 400.999 13.1857 420.384 0 18.4282 127.886 215.224 431.18 81.4073 128.587 13.0338 84.3843 5.18595 49.1967 111.447 135.657 278.946 172.561 9.28132 70.6612 
94.3157 148.512 66.2546 1.95686 65.8438 43.1257 218.824 11.5342 52.481 329.71 48.1778 0.115048 0 10.9004 38.5728 40.793 61.8671 31.3885 70.0354 19.4781 77.7783 0.420999 2.83521 65.0186 38.239 52.5622 28.8523 44.5263 
41.7937 55.8734 7.89375 4.6985 18.7363 0.791274 45.2036 27.396 143.265 34.4506 8.60765 150.824 56.2266 0 10.1627 4.37172 21.0852 38.5066 3.03204 4.33461 27.1995 5.01586 3.19213 0.563765 3.86899 7.67417 5.45697 7.24771 
9.30977 43.9098 17.3512 24.0574 94.2523 41.3414 14.2501 182.262 63.5612 28.1706 136.383 226.808 0.968452 58.4983 0 49.1198 27.2063 17.3106 3.94985 5.88417 40.7849 7.64005 10.71 13.8305 4.76214 30.6687 8.69465 14.1747 
54.3148 34.1501 24.7458 41.5113 63.4501 0.0509673 57.575 11.0978 23.9579 3.08421 37.4448 425.534 83.8125 0.277077 69.4277 0 25.5663 9.58616 4.4239 0.489723 61.2421 3.6684 0.488355 28.2686 6.81243 32.5423 17.3318 21.2883 
112.278 118.616 48.1326 106.924 132.643 106.717 109.515 65.3129 106.713 4.62379 14.446 78.6731 2.54244 10.624 15.2067 26.0524 0 1.23583 335.54 0.787738 29.0483 17.1707 15.2416 5.52086 55.4064 0.0136514 13.545 24.3832 
228.19 15.9595 0.558306 43.5857 169.2 35.3796 148.901 1.9685 85.9365 8.1353 48.2707 147.891 60.7607 24.2875 56.7333 27.7976 58.1042 0 80.4705 55.809 97.8725 36.5202 39.9766 46.7981 16.2703 4.52694 44.9195 12.8507 
93.5156 23.8674 37.622 61.8801 200.964 88.3925 34.6394 35.4479 104.071 0.622627 5.6347 96.061 85.5574 19.3311 38.5222 26.795 195.417 10.8256 0 2.63754 33.9449 12.3903 0.213964 10.1137 22.2265 4.52014 9.7386 12.6285 
197.306 84.1877 2.13496 19.9607 5.28021 1.64576 94.4197 53.5127 100.735 53.9794 70.3324 68.6931 17.9174 4.12458 3.55446 8.70624 32.5702 79.2626 9.21643 0 88.4215 5.74351 3.57456 2.68824 8.28179 0.740549 10.0165 6.99674 
70.7709 10.2164 21.0909 12.9327 99.419 32.7277 128.058 17.6994 11.8598 0.919798 40.5153 162.144 45.0338 39.1327 0.0775982 1.61876 4.1661 56.1654 12.9208 289.654 0 13.1921 6.49839 39.9218 2.57674 56.2428 18.8942 48.5768 
1.99102 44.8262 5.51242 1.20021 9.34099 7.66685 37.578 2.79451 5.08182 50.6559 69.5811 73.9617 0.164338 0.0459657 15.8215 7.64473 7.04089 24.969 9.83945 4.69143 29.3232 0 9.09799 1.14604 16.1149 5.42177 7.91365 9.41198 
41.6731 32.8419 3.80063 7.83205 1.42867 4.27722 14.6161 12.312 93.8362 1.58442 127.158 125.8 15.3767 1.25768 8.2459 12.095 7.17575 27.7582 2.02152 2.61504 37.7197 8.40733 0 0.688265 11.9195 10.1594 1.13915 3.71758 
38.8612 31.6104 6.87295 1.60193 0.0277473 13.3289 33.0712 126.376 59.6236 46.9849 128.708 145.155 59.7513 0.500306 3.78334 24.8289 19.3536 16.654 9.11694 0.51764 0.036135 0.694188 14.5662 0 2.64349 2.39621 1.98815 0.0121517 
61.4562 86.7478 6.07134 90.543 66.4745 51.2297 0.886061 0.704995 66.6282 29.25 140.862 974.178 4.52841 10.5042 21.9229 44.2403 53.5749 39.5731 12.9645 2.34266 28.94 3.41434 6.43181 72.5849 0 6.05337 140.071 116.434 
78.2194 21.2631 26.9995 5.41849 64.4788 18.6356 41.3926 218.059 140.971 0.716732 0.322176 337.016 52.2571 13.0289 29.8034 32.2362 15.146 0.766225 6.58113 0.993507 59.2165 8.60095 9.3955 4.24704 3.64599 0 37.0899 21.7335 
50.6239 17.8993 0.0601048 27.5431 18.6097 0.831962 37.8853 53.3728 3.46359 46.6804 25.5052 24.6742 2.93104 6.22976 4.84516 16.245 6.0879 25.2756 23.3271 1.45438 2.17726 12.8354 2.54376 18.7995 14.2635 0.0178693 0 4.94167 
25.1999 1.24137 0.0675206 3.51848 40.846 9.14845 18.6365 17.0466 90.0264 3.65476 102.69 3.82128 4.41181 1.25037 3.2484 19.4588 24.2664 3.55671 9.56233 5.39002 6.06959 0.325615 5.13145 6.23831 30.9431 61.7758 87.4408 0 
