0 103.404 152.158 333.151 123.336 140.06 109.51 2.91648 26.6071 138.702 3.57078 227.309 55.5683 26.6734 48.1783 2.88508 121.395 213.011 94.444 205.984 59.8322 0.237663 22.5526 0.437032 20.8418 77.6951 46.8147 26.3075 
396.593 0 224.638 26.2371 531.439 169.359 136.725 3.90236 118.999 66.2078 245.589 7.7834 118.06 70.1112 25.3239 83.8607 167.37 782.238 161.58 120.21 4.29203 43.0064 36.3798 16.0726 19.7565 81.2487 0.163435 52.8152 
167.138 135.499 0 77.6857 52.5391 6.9585 235.244 46.5563 64.1283 89.4618 136.938 187.967 7.29906 1.96901 29.2574 0.0552288 0.066515 96.3015 50.6461 9.66945 0.0457883 0.00615572 4.35404 13.5508 18.6686 26.8855 13.8348 12.0871 
28.2633 27.1454 21.1505 0 0.0225402 19.8283 21.2816 526.486 176.532 0.752487 141.587 29.6549 42.1524 20.4312 10.7429 28.9804 22.7567 12.6084 62.5549 3.50204 95.0974 8.66689 9.51405 14.9418 39.4161 8.74744 5.37795 8.31749 
112.941 448.444 162.196 62.2923 0 360.378 184.455 0.639879 262.626 246.347 33.4032 52.0454 93.9747 69.5607 95.0439 14.8027 23.2088 21.6388 297.786 3.27897 60.4812 55.3483 35.9035 21.4452 24.5247 0.0165078 46.9577 53.238 
109.546 23.8643 29.5825 21.0728 971.547 0 707.423 206.71 118.851 659.774 58.3379 154.521 6.08835 21.779 40.5079 24.7011 57.2802 99.8277 8.01921 4.50993 65.5806 1.51483 12.2245 18.0112 28.689 4.81672 20.1106 22.5163 
157.489 366.456 15.1116 51.236 38.2367 87.0142 0 408.129 42.3835 39.5058 366.463 194.178 77.2134 1.96007 28.9155 82.7191 0.0131032 234.021 155.458 63.0815 0.803112 11.4724 37.9329 71.2553 6.69563 39.9025 53.6464 54.0333 
40.3986 293.331 15.0922 24.2025 103.77 127.673 0.5792 0 10.0042 169.462 337.785 1029.78 62.8894 6.76637 48.5994 8.55538 45.0146 115.785 0.0136656 24.7848 154.295 7.0598 37.4811 49.6042 146.248 28.111 48.5573 14.0817 
182.866 292.598 395.154 58.2866 185.094 116.111 1184.02 12.9711 0 84.507 1114.51 194.276 204.931 130.62 280.893 108.639 65.0554 129.324 150.581 13.6695 176.634 68.544 101.773 3.647 145.075 139.532 21.6006 79.7521 
5.40433 224.447 16.3292 95.4132 201.57 54.8391 400.456 48.9362 382.571 0 600.203 125.113 318.39 57.2509 90.6554 20.1966 51.5826 61.8226 9.52203 48.6905 14.5224 3.20647 3.89066 56.3231 52.9787 53.3147 22.7565 6.3349 
132.39 1.68574 82.1085 83.3142 237.411 152.781 228.88 374.333 149.184 569.501 0 437.37 185.858 19.6343 168.682 202.569 10.4026 154.679 17.1489 83.0893 30.2856 10.8562 124.837 79.1975 145.592 145.711 16.8157 69.9359 
153.003 56.0288 93.8838 246.752 24.3029 3.60103 277.273 548.787 395.838 8.4932 386.523 0 15.4658 120.655 231.117 470.543 80.5212 131.315 11.611 82.5491 7.06176 50.7685 108.123 126.239 257.621 216.624 7.34766 62.5771 
92.3836 148.683 67.493 2.62466 59.3048 53.5068 219.199 13.8596 59.5894 331.654 38.9828 0.00173934 0 17.7289 44.3017 44.018 61.3385 33.6244 68.3232 18.6445 77.6405 1.05194 4.42114 63.7365 37.0464 53.0888 29.3876 44.6763 
42.787 57.3975 7.3607 5.23351 17.1393 0.5403 41.7409 31.4356 143.815 37.8633 4.05676 145.631 45.0844 0 17.8316 5.67376 20.9365 39.4544 2.70704 4.28283 26.373 5.38526 4.2081 0.868729 4.33229 8.11195 5.67779 7.53013 
10.6173 40.8249 15.9634 22.7149 94.7063 41.653 10.4646 179.479 76.2541 34.5672 95.3898 210.377 0.188544 61.4809 0 62.836 27.5076 15.958 3.44559 6.12231 41.9128 8.12234 9.1616 15.4362 3.9388 30.3555 8.25704 14.8328 
56.6654 31.6919 24.8356 40.741 64.8368 0.162265 61.3173 20.2173 28.9984 4.60983 27.0346 369.994 83.2218 0.740146 56.4986 0 25.6868 8.63668 4.8517 0.396345 61.7173 3.39153 0.772191 29.0125 7.58898 32.0257 17.5886 21.6643 
84.9325 94.0278 46.9446 76.4865 136.562 76.2414 109.083 67.3326 79.1785 3.71281 13.0661 77.6386 2.082 10.9676 14.684 25.9951 0 0.0101574 388.895 0.583322 30.2952 17.385 15.0295 5.26335 25.4486 0.0404097 13.8037 24.4053 
231.846 43.2345 1.99812 49.3847 159.58 31.1905 158.765 0.985135 78.0879 10.3809 52.7702 149.031 63.1521 25.3491 57.9185 29.1321 75.4445 0 74.8441 58.363 100.313 36.9364 39.4882 46.4828 17.3013 3.88062 44.9169 12.1199 
96.3665 18.9899 35.596 62.2387 221.591 86.9727 29.6585 38.1612 99.1609 0.146547 7.18813 96.9119 85.3984 18.8413 38.5418 27.1805 189.99 13.9142 0 2.21898 35.3638 11.9963 0.292709 10.4933 21.7549 4.1346 9.43301 13.0261 
183.787 77.2182 1.58152 17.68 3.92859 1.30374 93.9428 57.4384 99.1723 53.3672 68.6366 71.0828 17.0931 4.18289 3.77496 8.56741 32.2586 80.77 9.95627 0 128.53 5.793 3.5292 2.5733 8.55588 0.617828 10.1078 6.80018 
82.4973 7.44608 25.5152 35.8087 96.3663 30.7479 130.575 13.6584 9.01853 1.40462 44.0734 160.116 46.4065 39.6879 0.194962 1.16358 3.58485 53.1275 14.0243 313.971 0 13.5958 6.01094 40.6024 2.07674 57.1328 19.5686 48.1519 
1.7306 44.1907 5.72557 1.06437 10.18 7.20464 38.9049 2.30797 5.81852 49.393 70.6741 74.5328 0.000740602 0.0105121 15.5222 7.93396 6.7832 24.3631 9.45676 4.61717 29.573 0 8.3535 1.4342 15.546 5.22729 7.71235 9.31361 
42.2475 34.0361 3.51817 8.29023 1.82445 3.91353 16.2154 10.3432 92.0291 2.21018 124.658 126.577 12.4457 2.04056 6.79698 11.8397 6.92453 27.0194 2.24093 2.67824 38.0262 9.15103 0 1.92483 12.9887 10.0629 0.966853 3.51219 
37.5852 30.228 7.28116 1.24849 0.00018997 13.7121 31.2222 122.981 62.492 48.3886 127.961 136.281 61.3503 0.273582 2.75554 22.7934 19.5091 17.461 8.74611 0.583265 0.104894 0.926536 16.8253 0 1.39309 2.84114 1.65719 0.0427405 
32.6369 54.4651 6.79094 59.5143 66.0694 20.5993 1.49532 0.0148298 39.3976 27.2177 142.759 146.704 3.85942 9.98196 20.8112 60.7517 23.57 38.4821 12.452 2.13575 30.2421 3.39875 6.21691 76.4841 0 33.8074 46.1506 52.3226 
78.7491 23.3384 27.229 4.29344 63.4908 19.4063 38.1325 209.531 139.562 0.314412 0.00066429 301.846 52.814 13.0173 29.2291 32.6656 15.583 0.508084 7.0415 1.14488 59.8909 8.75525 9.2145 3.72525 4.8029 0 37.5335 26.8379 
50.4112 18.7863 0.0255498 27.4821 17.8742 0.981035 38.9973 50.7279 2.81675 46.4034 23.746 27.8285 3.26009 6.44897 4.47038 15.8978 6.32509 24.6439 23.4499 1.56609 2.48088 12.8331 2.29719 18.9575 16.8861 0.165622 0 1.73018 
26.5158 1.64084 0.140023 2.98344 39.8878 9.6427 20.1802 20.4419 91.534 4.3404 104.251 6.62363 3.93142 1.43367 3.7315 20.0094 24.3146 3.13628 9.94517 5.59038 5.47737 0.381767 5.34579 6.60326 29.7585 63.1308 82.5123 0 
