0 386.998 0.640105 467.094 57.1443 492.785 265.943 287.59 577.473 18.6659 16.8326 21.5156 7.6868 11.7418 16.5296 3.62076 473.528 34.1962 105.737 38.2855 201.871 34.1309 40.1217 48.6786 436.382 0.277693 51.0822 60.1639 
458.78 0 91.4225 480.81 202.08 604.275 486.606 100.468 781.764 146.339 266.649 147.565 54.6928 6.29838 77.5268 0.644838 487.403 635.945 36.5991 53.3231 108.631 33.5728 23.5527 60.454 401.105 82.8389 2.50669 54.4817 
0.163078 452.951 0 218.904 17.4852 60.1365 170.771 63.6254 94.4562 109.881 9.25249 68.1573 63.5931 0.21301 19.0933 23.9113 47.2918 117.176 21.6283 21.7504 25.2658 2.57323 6.71196 2.88985 23.6341 17.6683 3.43351 15.5676 
666.805 483.671 170.457 0 112.858 373.669 15.127 611.349 374.68 1.24978 1.46534 64.3044 27.5228 18.7757 23.2544 27.6017 408.453 87.9518 15.2201 20.2164 121.772 3.1302 18.0086 16.9216 391.174 42.5244 9.22829 1.3461 
65.9383 29.6839 18.9281 162.644 0 26.9596 225.766 132.134 133.28 140.382 256.604 41.4766 109.315 0.332355 94.5047 55.2683 39.3485 205.027 6.17164 93.3681 89.563 0.468636 35.6031 51.0192 0.0442154 24.2692 0.0310735 10.2929 
505.907 454.82 2.48593 379.543 563.498 0 1057.71 81.3239 658.617 783.301 12.7134 18.1837 633.381 1.77289 5.14927 2.28058 427.956 61.8836 0.0941964 23.0016 21.5989 18.2848 13.6085 17.9119 381.875 21.8211 17.6164 13.8668 
249.525 54.3483 2.77654 60.8938 381.721 686.424 0 244.666 7.12904 435.555 65.6684 0.715553 155.454 39.3912 120.976 4.22764 31.0987 45.4048 80.0952 45.7309 53.8763 42.5286 70.6983 11.3989 90.916 76.237 2.04994 11.9177 
171.193 236.475 26.2622 83.5793 222.959 214.772 179.702 0 151.059 94.8794 57.9835 524.703 68.7616 15.3549 129.667 112.878 80.9371 176.137 25.744 69.5528 36.591 67.2205 97.4856 126.282 13.6033 199.333 59.6774 77.6741 
560.171 376.652 362.699 654.485 304.264 655.295 1302.4 141.612 0 204.292 1680.31 178.414 191.178 31.68 260.149 51.5194 407.31 134.144 2.38353 101.566 18.9132 16.4732 68.8196 97.1301 422.247 83.4038 14.518 57.9714 
62.8843 161.738 9.78146 96.9756 188.195 217.439 424.344 122.503 319.187 0 194.109 14.9831 43.4066 76.3701 130.985 3.50114 79.035 67.3789 120.36 46.3819 88.5562 29.7176 57.1248 59.7507 60.0681 52.5811 39.9874 51.6189 
50.6431 46.6888 41.4639 196.369 69.0273 218.769 326.933 159.769 871.832 287.372 0 111.79 7.58418 171.487 87.2293 34.8113 43.4667 141.234 42.8538 86.3049 137.444 29.179 5.45856 10.4508 128.638 77.4021 58.5026 59.052 
30.6233 205.711 182.753 55.2823 177.011 98.7597 62.4882 1.92455 1.44763 218.871 98.748 0 96.2533 156.079 6.70256 128.066 32.247 6.91091 58.7811 50.7854 165.669 15.6631 79.3215 0.858036 248.666 276.187 17.6761 107.826 
107.632 120.548 3.95279 71.4791 45.2154 142.908 1.11249 10.6135 12.7433 95.2491 48.062 139.564 0 117.062 42.937 60.0673 5.08051 80.8661 76.2229 16.9806 71.4966 67.6731 56.6168 17.7458 20.4633 41.0526 4.34531 17.2962 
1.47885 24.706 14.3952 3.44789 62.1791 19.2926 96.8516 101.543 61.8831 83.6475 139.557 135.836 2.84679 0 60.2999 7.22126 3.53711 42.2194 23.3442 4.77871 38.637 10.5227 5.85275 10.2188 0.930251 12.8931 8.28911 9.64106 
65.9866 88.7279 4.12168 10.2594 93.494 8.64987 126.35 8.6054 9.09702 0.698674 32.6872 127.383 112.983 13.7663 0 0.937877 29.2349 43.5513 37.3924 11.7466 22.0762 13.6674 4.29274 1.22025 0.2996 12.4919 18.5569 0.015068 
54.9393 51.929 1.81925 0.350317 14.4127 20.3177 18.0366 87.5743 116.493 22.4799 47.6777 23.7732 76.4812 1.49672 73.331 0 16.8653 43.6302 29.4752 7.27743 57.9432 11.4105 2.54617 0.934089 9.12167 12.4242 0.0647844 14.3213 
395.01 522.922 0.037395 380.871 147.195 403.084 68.8322 29.8969 445.418 29.5002 0.0601293 36.9715 63.6675 7.23284 10.9135 11.529 0 278.241 164.486 8.28684 0.260051 16.2442 8.45763 5.74079 380.696 25.279 1.69827 19.9523 
10.3969 183.032 9.67033 0.134299 1.22215 4.71325 186.618 83.2827 97.3569 7.69525 4.14406 29.3492 52.2694 51.3484 19.6481 1.2375 164.924 0 4.24189 84.0943 77.4372 19.4644 13.1924 45.5452 40.3023 0.188858 44.1972 4.35042 
107.148 147.013 14.6492 8.92228 24.789 89.9948 126.381 1.98106 48.9996 122.447 27.4392 57.3663 45.4752 6.6899 8.11972 8.55239 80.8767 136.386 0 28.7885 54.6622 18.8577 18.2123 18.4748 5.13397 18.0952 3.26902 0.0324826 
12.1917 134.432 27.4259 2.27544 92.8867 24.2963 5.54857 84.3292 10.4269 39.4677 78.0154 93.8473 18.5306 3.11256 11.0076 0.00772133 33.2536 64.8701 32.9608 0 224.133 4.74837 0.0846698 6.27613 13.7919 10.4549 3.64777 6.02469 
218.952 117.255 78.9517 8.22559 20.6077 57.8807 36.4394 182.264 183.606 98.9579 127.44 3.40396 20.0653 0.825504 4.82726 4.82559 49.728 78.6438 69.7242 331.344 0 26.1791 2.88853 9.86361 21.6124 43.451 9.98034 40.7062 
39.8127 50.0545 10.8329 11.7957 55.2594 2.0956 8.69535 66.7173 69.5656 0.805495 3.40168 48.7262 75.7471 7.2041 10.6167 0.297039 2.44323 39.7593 20.9725 0.190906 9.04784 0 12.7944 0.109411 10.1339 9.65422 1.96319 9.18223 
19.3437 21.1985 5.81009 17.3025 1.71574 16.2776 70.5341 14.1302 30.02 58.107 13.0895 121.925 8.32881 3.52616 2.55989 10.1647 1.50001 2.6707 21.4124 2.42766 32.7855 4.32241 0 3.0866 2.40702 10.0985 1.53978 4.69457 
1.07788 52.8205 7.3294 26.6235 17.4762 12.4244 61.0325 0.00632544 8.34435 27.0005 74.6624 0.015652 1.50118 7.20333 26.9212 4.67312 19.2172 19.5776 9.90051 1.25982 47.9405 0.329882 18.1465 0 9.28499 12.7455 19.2282 6.70515 
446.07 450.628 28.2965 412.275 50.8078 392.938 83.8421 95.0782 482.629 71.4334 105.019 134.237 52.874 16.4609 6.9909 8.71945 382.92 23.3986 0.3856 0.617929 6.38814 9.83862 13.5515 37.7811 0 81.6587 50.4475 92.285 
0.00251912 17.9175 23.6865 32.3399 22.8153 9.79543 43.4268 18.9269 83.3024 68.2765 32.5491 30.2357 41.659 9.00518 9.5361 20.0375 20.1566 0.707238 1.82779e-06 4.47949 38.2898 3.96257 10.3978 14.0585 8.16317 0 14.5806 56.5041 
50.5275 33.3687 18.8519 27.3344 41.3678 0.111816 12.9111 41.9967 0.541425 11.5474 72.6491 14.7754 30.9411 7.5818 19.8165 8.40145 7.58916 30.583 10.5851 0.841242 30.6604 0.901862 0.482577 0.876127 5.68613 29.551 0 86.1356 
0.0165664 2.40823 1.27585 5.58304 52.338 0.275757 62.1744 68.1359 40.6975 49.3881 0.437061 171.855 36.446 3.2859 5.08409 11.3298 20.679 14.1625 0.177707 6.37039 38.3578 2.64311 4.14342 0.0545535 19.757 12.2677 43.4304 0 
