0 554.873 196.496 572.143 178.985 361.834 58.2271 28.7472 262.378 150.151 0.000371396 226.959 66.1565 31.3591 41.0518 0.367558 327.818 232.211 104.468 185.789 106.042 0.750173 26.1504 1.80935 231.57 79.412 44.6274 21.2561 
793.187 0 450.909 244.786 461.292 438.071 11.346 1.76899 435.394 113.307 264.081 24.0678 131.544 71.2555 15.5056 80.8029 383.048 502.326 171.145 135.853 0.0451896 45.5095 40.7916 11.5992 233.704 77.3621 0.00819812 56.6204 
204.066 0.344296 0 289.423 95.4323 19.4392 180.387 5.09287 275.247 70.7463 192.207 178.644 13.1175 3.49688 32.3461 0.899328 1.282 126.921 56.0564 5.82028 4.7403 0.0981233 3.24438 12.3477 21.684 25.3105 12.4686 14.1518 
255.945 243.599 219.953 0 4.95732 232.227 1.94317 832.92 488.089 0.466326 174.384 81.334 34.6975 21.8554 15.7492 35.3339 232.608 2.53517 61.1205 9.5724 614.051 7.61142 11.318 11.8848 245.784 14.921 3.69706 5.48457 
168.966 259.084 184.411 92.6332 0 132.575 62.3246 8.79973 323.826 157.148 68.3805 34.0175 120.024 70.2793 93.7896 9.19822 41.8142 50.4735 290.677 0.313908 74.0366 53.5927 40.2182 25.8511 30.1376 0.422696 48.0165 55.0202 
341.357 271.332 14.6313 239.402 612.21 0 1389.34 180.542 546.096 686.163 128.159 142.646 316.961 21.92 41.8255 22.2144 263.115 83.8014 19.3452 2.55736 59.4684 2.63401 10.7237 17.8269 238.141 2.63849 20.2086 21.8347 
102.023 506.305 1.00466 95.9772 0.171687 484.293 0 394.557 512.424 10.5026 467.615 142.212 41.7518 7.53821 52.4116 93.1744 1.00278 223.784 157.361 51.1688 4.97906 7.68742 45.4409 69.2866 2.28068 52.7983 56.2359 47.7497 
7.58492 276.99 0.715087 195.001 136.198 169.826 21.652 0 46.9902 197.57 370.926 690.91 47.2709 0.934995 83.3366 53.8616 36.8299 135.666 0.873989 13.5729 126.462 4.31643 49.5364 71.2798 109.743 2.39693 58.8242 27.7587 
347.015 396.827 178.88 231.824 104.381 542.888 953.482 41.3125 0 187.92 900.237 102.441 197.209 147.648 264.455 83.7667 266.847 159.174 141.44 23.1384 162.926 69.6402 101.969 0.603219 350.556 130.082 16.1049 87.3175 
16.1582 191.123 33.0632 83.7415 110.276 132.793 193.537 22.3237 331.156 0 529.315 168.861 248.543 68.7898 61.7696 9.41238 43.4772 44.5581 2.36384 44.4839 21.2815 0.971861 1.18525 52.3253 45.4997 43.9531 19.2794 9.97965 
106.997 17.0505 141.601 46.5213 256.41 79.7044 86.6964 357.91 75.9678 580.161 0 513.214 140.607 0.750463 27.573 155.713 15.6307 141.734 27.6476 79.1439 43.5062 15.9449 132.227 60.3032 139.854 160.973 23.2011 57.4281 
117.712 86.4074 58.1258 259.655 40.5057 0.00988634 251.476 43.9788 349.203 0.00580905 233.184 0 6.24592 89.6545 270.246 444.453 76.5865 140.498 6.77861 74.4649 16.911 56.6442 92.8931 86.9191 376.864 361.734 1.90376 33.907 
83.9998 146.457 71.2457 6.09868 35.858 29.6812 211.446 24.6494 89.3426 297.061 11.5963 2.3146 0 55.8197 67.551 56.3017 58.8806 42.6767 61.0708 15.4517 76.6341 6.11166 13.5879 57.6135 32.246 54.5848 31.3785 44.9722 
46.3344 62.7175 5.34321 7.49257 11.4236 0.0161622 28.7459 48.675 140.941 51.2098 2.59645 120.049 11.1175 0 51.5163 11.3354 20.2676 42.9417 1.60275 4.05906 23.1132 6.81123 8.0008 2.56743 6.27662 9.72637 6.53446 8.58943 
16.3433 29.2223 10.7095 17.4097 94.674 41.3885 1.15338 160.508 129.222 62.589 1.95498 134.509 2.90787 48.2023 0 89.5147 28.535 11.0859 1.78803 7.04264 46.0626 10.006 3.86293 21.3306 1.41716 28.0387 6.59215 17.2755 
65.1165 22.5562 24.5374 36.3846 69.4827 1.17964 75.2348 76.3566 51.6734 13.1583 2.07933 109.669 78.6763 4.3879 7.76949 0 26.0218 5.35268 6.66309 0.124683 62.8596 2.38297 2.40928 27.53 11.7321 27.8399 18.3747 22.6219 
308.076 328.149 41.6948 287.293 148.301 286.775 105.873 74.8601 301.929 1.09547 8.27214 73.1671 0.719076 12.3036 12.6581 25.636 0 22.6693 217.954 0.0777036 35.1878 18.1751 14.1666 4.3015 238.958 0.279013 14.796 24.4069 
236.219 83.0217 15.6436 73.199 119.691 16.7921 193.402 0.373999 49.5482 21.4179 71.1895 151.628 72.2213 29.4899 62.043 34.3377 152.676 0 53.2395 67.7062 108.868 38.4276 37.4094 44.9998 21.479 1.81752 44.7357 9.42256 
105.952 4.99458 27.5858 62.6228 283.006 78.2547 13.3996 49.1449 79.3289 1.43818 14.8705 99.385 83.7395 16.868 38.2561 28.5049 154.337 29.0318 0 0.920039 40.8849 10.4719 0.714126 11.9831 19.8544 2.77662 8.26191 14.575 
115.517 50.1237 0.201129 9.56175 0.539538 0.341092 90.1738 72.6214 91.5301 50.38 61.4815 79.6672 13.959 4.38783 4.66334 7.95373 30.7843 85.2775 12.9909 0 282.788 5.96854 3.33856 2.13481 9.59339 0.242488 10.4243 6.0247 
130.99 0.774207 45.3241 63.9851 83.75 23.2889 138.455 2.76575 1.58669 4.23875 58.6517 149.715 51.6457 41.6138 1.15261 0.102058 1.72227 41.5661 18.6313 309.414 0 15.1828 4.26754 43.0073 0.633743 60.043 22.2126 46.2149 
0.885084 41.5033 6.55983 0.609266 13.7024 5.47765 43.9185 0.847778 9.10616 43.9902 74.3281 76.1083 2.07503 0.110943 14.1696 9.00585 5.80559 21.9823 7.99964 4.31914 30.4659 0 5.45349 2.81081 13.3732 4.47427 6.91757 8.89759 
44.2005 38.5733 2.4887 10.0962 3.80226 2.61281 22.9541 4.20036 83.5864 5.57007 111.539 126.08 3.74623 5.92619 2.21815 10.2964 5.96638 24.1019 3.18883 2.91773 39.0246 11.8412 0 10.7219 16.9778 9.54136 0.424036 2.74214 
32.462 24.8824 8.87513 0.282675 0.337268 15.088 24.1856 106.623 73.1681 53.2579 121.661 97.8863 66.4309 0.042357 0.256734 13.0897 20.0461 20.673 7.33687 0.871281 0.711098 2.11268 20.8523 0 0.75269 4.83205 0.639798 0.337266 
251.122 259.002 9.82623 267.963 63.9181 231.784 5.32176 7.07294 265.274 19.6398 146.043 239.22 1.7398 7.90093 16.2611 79.1169 236.913 34.1262 10.4935 1.40804 35.2929 71.1175 6.26745 65.2675 0 30.8703 42.9702 112.638 
79.495 31.9117 27.5075 1.09764 59.0582 22.198 26.0616 163.194 130.14 0.308749 5.40455 136.041 54.4327 12.6819 25.9994 31.9388 17.2622 0.0060035 8.93193 1.82237 61.9086 9.31277 8.39202 1.95397 10.613 0 37.854 46.7023 
49.287 22.3274 0.0298335 27.0121 15.0772 1.67032 43.1922 40.4809 0.922475 45.0229 17.3034 41.2337 4.68943 7.2883 3.1204 14.3893 7.27361 22.1709 23.8568 2.03291 3.83728 12.7608 1.43794 19.2625 27.6477 2.128 0 5.09396 
31.6901 3.70378 0.667172 1.29444 36.0202 11.5922 26.5178 35.8614 96.2359 7.50729 108.65 24.1713 2.30593 2.24555 5.85188 21.7179 24.4181 1.73919 11.4623 6.37039 3.43433 0.640787 6.17241 8.03135 25.3126 60.2437 53.0121 0 
