0 995.983 210.513 687.753 230.223 580.165 17.627 81.6214 519.445 156.206 4.00895 214.083 77.0972 36.2697 33.1107 0.341458 535.881 235.715 112.214 91.3896 158.633 1.61778 29.9682 4.29322 448.455 78.8988 41.8549 16.0993 
975.22 0 394.502 545.894 260.501 684.359 37.8573 23.4662 763.883 165.406 266.136 50.036 142.122 70.7989 7.21262 75.1895 596.18 677.372 170.886 141.98 3.24321 47.793 45.18 7.42415 453.89 71.2579 0.390541 60.0053 
207.366 180.896 0 143.889 141.216 36.3989 98.3801 8.26738 459.134 48.6309 231.911 154.364 20.8093 5.48365 33.956 2.87943 4.24144 151.529 59.9769 2.53925 17.8316 0.319787 2.17261 10.8383 24.4683 22.6824 10.9215 16.2588 
603.451 543.12 364.054 0 22.1504 454.409 4.68561 716.254 771.335 5.47841 197.419 150.023 26.7322 22.8424 21.4732 40.3644 448.096 0.328119 57.8444 18.4076 64.2093 6.48517 13.204 8.66983 456.783 22.3985 2.18968 2.98087 
222.561 62.3796 186.28 123.648 0 73.4794 0.741114 27.4141 354.575 64.6522 114.191 18.0451 145.041 69.4327 89.306 4.48019 65.3805 90.5248 231.171 0.642296 88.293 51.0431 44.5178 30.6772 36.3186 2.20649 48.7776 56.3296 
573.272 553.448 3.36368 466.818 783.626 0 983.558 137.479 917.725 560.513 205.817 122.729 347.601 21.2411 40.6179 18.8641 472.756 64.3719 35.2044 1.01736 51.9029 4.12758 8.99179 17.265 452.228 0.967013 20.0955 20.7597 
48.4975 500.658 38.0112 145.389 55.9395 795.72 0 320.005 1305.07 164.745 476.896 86.27 13.7287 17.1321 80.5521 100.736 4.81603 198.648 151.234 38.0332 13.2694 4.35321 53.0908 65.6389 0.104581 66.4812 58.3901 40.539 
1.62427 237.935 34.4597 309.348 168.808 202.421 102.365 0 271.177 217.493 366.698 90.0464 31.8455 0.676347 122.32 130.197 28.3973 154.271 4.25022 4.90692 94.3742 2.0695 62.6466 94.4333 68.1388 6.82733 69.5059 46.082 
514.423 509.934 8.1954 478.785 35.2467 916.989 12.1897 260.014 0 300.598 251.458 28.6803 179.236 156.54 140.618 55.9899 473.158 186.788 126.773 35.2503 142.961 69.912 98.9181 0.210838 555.643 113.709 10.8725 93.6671 
33.2066 142.496 54.5637 68.1145 31.3977 411.027 20.7726 4.52593 227.449 0 268.135 209.308 136.802 78.1932 31.7964 2.06364 34.6651 27.8645 0.0290799 39.2261 29.5878 0.0107797 0.0137361 46.798 36.8684 33.4314 15.6336 14.6183 
78.8215 49.617 199.701 16.2987 260.439 20.0471 3.92149 303.223 364.833 363.35 0 490.681 89.7733 9.24602 17.3524 93.6185 22.2058 124.587 40.9122 73.397 59.2617 22.2253 133.055 40.3397 126.808 166.314 30.7895 43.7892 
79.2861 121.595 25.6913 238.184 61.0771 5.08071 206.792 196.036 262.099 8.95212 79.7965 0 0.830448 55.2182 262.746 179.345 71.544 147.537 2.93779 64.3864 31.6086 62.4122 73.5696 45.9897 293.862 390.276 0.00672502 11.201 
73.6888 139.045 73.2283 11.2793 15.8983 17.2735 187.837 38.9433 122.792 201.187 0.0425108 9.59068 0 105.134 91.225 68.1432 55.5595 52.824 52.438 12.1601 74.725 15.7477 27.7844 49.3448 26.9108 55.1695 33.3369 44.7726 
49.5037 67.1754 3.37559 10.1521 6.34662 0.283223 16.4504 68.671 129.293 64.5571 29.2934 86.3576 0.407752 0 59.4188 16.7449 19.3928 46.2749 0.718992 3.78147 19.5764 8.24392 9.66305 4.98907 8.51848 11.2109 7.43719 9.62893 
23.4484 18.0427 5.75521 11.8741 91.4496 38.5311 1.69225 128.356 182.681 93.6228 62.2904 54.1701 15.5381 11.7974 0 51.7376 29.3683 6.66059 0.585038 8.00488 50.0161 11.9757 0.47421 26.0783 0.0918745 23.8512 4.90663 19.5933 
72.5615 13.8858 23.0925 29.7375 72.9901 3.25131 88.145 156.06 79.2623 26.2096 7.3866 5.82273 70.1516 10.3448 11.7008 0 26.1393 2.62196 8.84371 0.00261071 62.796 1.45138 4.87227 19.2792 17.5787 20.406 18.8162 22.6975 
535.279 566.463 35.1681 501.158 153.866 500.145 99.8154 82.2113 529.459 0.00707917 4.23171 67.6273 0.0398342 13.7266 10.5182 25.0108 0 87.9044 539.86 0.0613302 40.4515 18.9426 13.1762 3.34526 457.161 0.773623 15.8344 24.2575 
223.151 217.342 42.4519 98.8319 76.4526 5.71096 220.638 5.45376 24.3328 36.8304 91.8832 151.06 81.3371 33.8908 65.5132 39.8496 232.385 0 32.02 76.2732 116.15 39.7912 34.8772 42.9656 26.2029 0.443764 44.2355 6.81271 
113.125 0.0164899 19.188 61.2228 299.697 64.1965 2.67521 61.3966 57.7963 8.30149 25.762 100.498 80.1528 14.6565 37.3095 29.5942 71.7474 49.7142 0 0.142295 46.7324 8.86137 1.36849 13.5929 17.7155 1.58837 7.04028 16.2316 
41.7483 24.4038 0.191751 3.12183 0.393503 0.000752704 82.9311 87.9458 80.8822 46.1802 52.9997 87.3163 10.7691 4.56635 5.65724 7.17784 28.7614 87.509 16.459 0 325.167 6.12598 3.11016 1.68501 10.6389 0.0292416 10.6935 5.18119 
181.543 1.29303 69.1567 67.0863 69.2865 15.9408 143.216 0.326773 0.419746 8.90923 75.1525 134.525 57.0299 43.239 3.05704 0.254447 0.458003 29.9236 24.0692 158.062 0 16.9111 2.68551 45.1216 0.00858419 62.1144 25.0685 43.6513 
0.282928 38.2643 7.45626 0.255652 17.8926 3.79095 48.9395 0.0719489 13.3387 37.4954 77.1087 76.6166 8.92443 0.635623 12.4293 10.0307 4.80405 19.3976 6.50225 3.98396 31.281 0 2.68683 4.65776 11.2079 3.68098 6.04994 8.39385 
45.7659 43.1651 1.53498 12.032 6.67154 1.45763 30.8858 0.57123 72.391 10.6824 92.5151 119.366 0.0223948 9.22835 0.0336727 7.89199 4.97645 20.9191 4.36671 3.16148 39.7403 14.0462 0 19.6818 20.5403 8.74051 0.0817575 1.98116 
26.7974 19.3145 10.5478 0.0119183 1.48664 16.3238 17.1211 84.8329 83.3441 57.2519 109.341 55.7419 69.6002 0.961946 0.587502 3.55512 20.4984 24.2168 5.895 1.23541 1.95809 3.81353 14.9017 0 7.44932 7.29941 0.0682873 0.957615 
475.446 467.927 13.3729 479.371 60.6242 448.048 11.8614 30.7184 499.102 12.3844 142.09 506.066 0.371727 5.68368 11.2989 32.5517 454.967 29.3125 8.47308 0.776527 40.5908 7.79689 8.00048 31.4299 0 88.3352 25.526 122.213 
77.9286 41.6958 26.7022 0.00779081 53.359 24.7111 14.8329 100.604 113.792 3.06873 22.3177 9.84655 55.1558 11.8261 21.1026 27.1637 19.0134 0.37186 11.1167 2.69399 62.9458 9.82843 7.32928 0.625332 18.5272 0 35.6962 61.2721 
47.5627 26.2537 0.282049 26.1009 12.2101 2.59783 47.4043 29.8765 0.0314545 43.0182 11.2397 57.0048 6.4805 8.1527 1.89218 12.5347 8.3364 19.5023 24.1653 2.58888 5.59763 12.5712 0.714796 19.0277 38.3264 6.48222 0 33.1228 
37.2409 6.7898 1.65622 0.236462 31.6671 13.694 33.7578 55.3402 99.0618 11.7226 110.222 52.7033 1.01588 3.27226 8.47444 22.6807 24.3787 0.678666 13.1313 7.20048 1.73177 0.989836 7.03196 9.53839 21.3607 44.4631 17.7726 0 
