0 990.168 209.376 648.604 235.445 559.534 14.0684 89.564 505.125 156.468 5.07513 211.618 78.4042 36.8637 32.1193 0.537082 514.477 234.838 112.928 72.5263 164.92 1.74848 30.435 4.67259 428.436 78.6617 41.4814 15.4855 
932.812 0 364.42 539.94 232.469 664.911 53.3059 27.7911 755.781 171.52 265.042 53.7755 143.112 70.6184 6.37653 74.3346 575.036 369.226 170.067 141.887 4.20502 48.045 45.6938 6.95789 434.263 70.3714 0.47826 60.3697 
204.888 218.221 0 110.129 146.317 38.557 88.1974 12.3021 467.792 45.8886 234.785 150.475 21.8508 5.74974 34.0196 3.1967 4.7234 153.736 60.3096 2.21248 19.9744 0.356234 2.05028 10.6378 24.7724 22.2961 10.7249 16.5088 
603.347 537.068 299.21 0 25.0501 435.27 6.7831 1164.45 754.752 6.47391 199.169 158.614 25.7624 22.9224 22.1882 40.8228 427.873 0.711664 57.3174 19.6103 485.414 6.34643 13.4313 8.28415 435.965 23.3507 2.02629 2.71537 
228.2 45.4512 184.813 127.148 0 73.3997 0.00186927 30.3761 355.358 55.0366 120.208 16.3576 147.809 69.2095 88.5302 4.00027 68.4629 95.9198 220.895 0.943003 90.0119 50.68 45.022 31.2785 37.0897 2.52485 48.844 56.4465 
554.45 542.343 2.47596 448.202 290.81 0 1049.63 131.436 902.03 42.9041 214.36 119.827 261.768 21.0974 40.2789 18.4096 451.708 61.8843 37.342 0.871467 50.9043 4.33234 8.77114 17.1693 431.761 0.813497 20.0655 20.6023 
42.8188 487.51 45.8754 151.041 69.1589 705.533 0 307.339 1277.62 192.729 470.025 79.7375 11.2096 18.5524 84.0578 101.37 5.4848 194.627 149.894 36.4215 14.5604 3.99732 53.9936 65.0796 0.0303844 68.12 58.6095 39.6211 
3.16024 231.783 41.8398 350.392 172.545 205.177 115.551 0 306.038 219.082 363.196 48.0544 30.0662 1.09311 126.955 140.378 27.3869 156.324 4.84482 4.11201 90.3635 1.84398 64.2485 97.1756 63.1593 9.76935 70.7852 48.5511 
488.657 479.518 2.0398 467.311 28.8313 901.723 0.480487 294.698 0 312.657 337.847 22.3525 176.369 156.842 154.786 52.6336 451.771 189.766 124.642 36.8645 140.161 69.8786 98.306 0.376446 533.743 111.293 10.2783 94.3108 
35.6632 135.927 57.3475 66.0179 24.4638 437.916 10.7408 3.22662 212.708 0 232.316 213.551 122.682 79.0864 28.4744 1.50922 33.5786 25.9804 0.147889 38.5283 30.6847 4.54915e-05 2.16828e-05 46.0334 35.7741 32.1254 15.1907 15.2407 
75.3613 54.6504 205.664 13.498 259.687 15.0954 1.05867 294.214 440.706 327.354 0 480.233 83.6793 12.3863 28.3093 85.909 23.0859 122.26 42.6764 72.5818 61.3011 23.0571 132.622 37.9768 124.738 166.11 31.7747 42.1164 
74.6788 125.996 22.3829 233.11 63.8085 6.35032 200.305 266.734 249.562 11.3562 64.9047 0 0.5059 51.1393 258.11 144.617 70.862 148.19 2.56522 63.0542 33.6994 63.0812 71.0386 41.4158 310.025 382.013 0.0703139 9.15618 
72.3303 137.775 73.3173 12.0196 13.9033 26.6445 183.929 40.8851 126.895 186.932 0.0388156 10.8294 0 110.93 93.868 69.4572 55.0997 54.1004 51.3195 11.7646 74.4282 17.2089 29.7809 48.2203 26.2426 55.1656 33.5658 44.7098 
49.8455 67.627 3.15229 10.4933 5.80488 0.377154 15.0975 71.1729 127.275 66.0682 34.4027 81.9829 1.2971 0 57.1378 17.2547 19.2731 46.655 0.632369 3.74446 19.1376 8.40935 9.60132 5.30764 8.80108 11.3712 7.54713 9.74902 
24.3869 16.7853 5.21796 11.2196 90.8222 38.0008 2.54729 123.75 188.411 97.2168 80.4992 45.8275 17.7323 8.22744 0 44.274 29.4513 6.17691 0.479931 8.12138 50.4651 12.2118 0.274347 26.4958 0.0365507 23.231 4.70721 19.8526 
73.3422 12.9173 22.8355 28.8067 73.3087 3.57391 89.542 165.953 82.7593 28.0459 10.4311 16.4839 68.8614 11.1227 17.186 0 26.136 2.3451 9.12981 0.000175452 62.6928 1.34865 5.20893 17.9532 18.3582 19.3551 18.8403 22.6357 
516.292 548.732 34.3099 480.54 154.006 479.453 98.8834 83.0609 510.576 0.00132954 3.81624 66.8899 0.0140055 13.9017 10.2567 24.9159 0 98.0285 218.999 0.0982149 41.1015 19.0317 13.0488 3.2325 437.182 0.852336 15.9612 24.2279 
220.289 248.089 46.4547 101.869 71.3336 4.71331 223.098 6.49561 21.7166 38.9614 94.4686 150.742 82.4098 34.4295 65.8682 40.5213 240.641 0 29.628 77.2035 116.901 39.9424 34.5423 42.6819 26.8027 0.336911 44.1511 6.51134 
113.762 0.180782 18.1898 60.9182 297.62 62.1951 1.89954 62.9293 55.1793 9.53239 27.2853 100.521 79.5805 14.3771 37.146 29.7039 60.4335 52.5211 0 0.0924825 47.4467 8.66413 1.46425 13.7927 17.4441 1.46168 6.89148 16.4361 
34.4787 21.6732 0.300669 2.54362 0.635521 0.0108218 81.819 89.7222 79.4091 45.5931 51.9023 88.1323 10.3891 4.58532 5.78251 7.07399 28.4803 87.5861 16.9001 0 317.148 6.1432 3.08017 1.63106 10.7625 0.0170719 10.7216 5.07625 
187.256 1.92734 72.1509 82.8227 67.4524 15.092 143.521 0.724333 0.785311 9.60267 77.2298 132.383 57.6765 43.4067 3.35581 0.368703 0.356337 28.5555 24.7753 135.635 0 17.1271 2.51145 45.3476 2.1659e-05 62.2906 25.4231 43.2994 
0.230973 37.8385 7.56704 0.221909 18.439 3.59648 49.5299 0.0347659 13.9119 36.6515 77.3658 76.5917 10.0851 0.729899 12.1958 10.1467 4.68347 19.0755 6.32202 3.9413 31.3714 0 2.39178 4.90713 10.9571 3.58424 5.94162 8.32731 
45.9195 43.7091 1.42945 12.2689 7.07969 1.33425 31.905 0.351385 70.8753 11.4149 89.8829 118.102 0.00566802 9.42964 0.000305013 7.55882 4.85671 20.5223 4.52412 3.19063 39.8024 14.2507 0 20.2418 20.9038 8.62516 0.0575943 1.89245 
26.0905 18.6435 10.7493 0.0358502 1.68627 16.4573 16.2941 81.9278 84.4852 57.6466 107.453 50.862 69.813 1.15444 0.853838 2.70564 20.5453 24.6613 5.72209 1.28437 2.15576 4.04975 13.6152 0 8.73423 7.61982 0.0374671 1.05599 
456.268 446.836 13.8246 458.467 60.1468 427.871 12.8364 34.658 481.175 11.5674 141.061 883.514 0.270922 5.41674 10.7 35.2051 434.972 28.7092 8.22958 0.709864 41.2326 19.7571 8.33751 28.6471 0 88.5761 40.073 116.009 
77.5627 42.9302 26.5231 0.0532512 52.5909 24.9804 13.6069 92.7393 111.379 3.6077 25.1347 3.93975 55.1694 11.6861 20.4194 26.328 19.226 0.483711 11.3976 2.81171 62.9894 9.88593 7.18658 0.508748 19.5802 0 35.2545 62.2064 
47.3118 26.7477 0.331405 25.9588 11.8656 2.72609 47.9019 28.6109 0.00628283 42.7325 10.5587 59.0159 6.72088 8.25647 1.75768 12.2906 8.47148 19.1708 24.1941 2.66172 5.83779 12.5395 0.640915 18.9575 39.4815 7.16346 0 37.6728 
37.9226 7.23358 1.80866 0.163389 31.1154 13.9529 34.6775 57.8947 99.242 12.2997 110.179 56.7641 0.890373 3.40946 8.81898 22.7315 24.3627 0.580043 13.3408 7.30241 1.55805 1.03826 7.1356 9.72075 20.9552 41.8773 14.2381 0 
