0 822.238 205.719 429.557 244.019 374.91 8.62926 104.382 332.55 156.658 7.30017 206.738 80.7141 37.9188 30.343 0.999367 328.75 232.532 114.063 43.9731 175.899 1.99595 31.2678 5.39196 245.349 78.1394 40.7952 14.4007 
701.537 0 302.631 383.049 183.163 481.02 86.7795 36.3855 592.396 182.13 262.328 60.7313 144.697 70.2252 4.99331 72.7177 389.569 720.458 168.163 141.234 6.24123 48.479 46.5969 6.15226 251.869 68.713 0.65828 60.9914 
198.894 285.941 0 57.1955 154.952 42.3797 70.5717 21.4501 473.096 41.024 238.636 143.088 23.7615 6.23601 34.0553 3.80276 5.6495 157.151 60.8157 1.67675 24.0747 0.426623 1.83733 10.2717 25.2925 21.573 10.3701 16.9496 
455.769 380.068 206.95 0 30.6282 253.869 11.4884 425.67 574.778 8.4593 201.632 173.721 24.0376 23.0415 23.4664 41.5423 244.403 1.76842 56.3071 21.8027 369.453 6.0983 13.8346 7.60241 251.417 25.0589 1.74699 2.26611 
237.583 21.3009 181.253 133.15 0 65.3871 2.7871 36.0245 354.987 39.3519 131.086 13.5103 152.546 68.7431 87.0201 3.2014 74.0444 105.744 201.34 1.62752 93.0585 50.0028 45.9087 32.3566 38.4726 3.14952 48.9473 56.6303 
373.106 375.253 1.21119 267.656 657.867 0 898.146 120.368 716.813 180.839 228.638 114.42 117.245 20.8073 39.5684 17.5766 266.709 57.4084 41.2328 0.636469 49.084 4.70985 8.37308 16.9832 247.818 0.569797 20.0025 20.3067 
33.3392 457.761 61.4059 160.715 95.6974 509.41 0 283.218 1146.15 244.903 453.441 68.391 7.29149 21.2153 90.2821 102.327 6.79166 186.973 147.177 33.5552 17.0165 3.39257 55.5822 64.0184 0.00885607 71.011 58.9753 37.9643 
7.18013 220.139 56.5503 427.861 179.028 209.3 140.435 0 369.236 221.405 355.31 4.93969 26.9613 2.09104 135.043 158.497 25.5975 159.847 6.00834 2.85293 83.202 1.47025 67.0967 101.98 54.4555 16.3143 73.0473 53.0644 
295.605 279.694 1.35828 301.818 18.7951 717.287 66.6589 357.9 0 332.538 1120.84 12.8609 170.901 156.911 191.213 46.7224 266.206 194.818 120.662 39.8112 134.979 69.7809 97.0802 0.793938 347.065 106.774 9.24467 95.3806 
40.2373 124.004 62.3533 62.1938 14.029 473.885 0.899126 1.43541 185.942 0 170.736 220.632 98.1636 80.5195 22.8439 0.726833 31.6383 22.7211 0.592069 37.2541 32.686 0.0423381 0.0501993 44.6223 33.8052 29.7936 14.4019 16.3814 
69.2095 64.1501 215.401 9.08325 257.636 7.87703 0.472156 277.051 554.931 262.017 0 457.649 73.0006 19.1017 54.0347 72.3995 24.6987 117.988 45.8977 71.0648 64.9969 24.5762 131.548 33.8316 120.794 165.255 33.5649 39.1383 
66.5726 133.857 16.9346 222.816 68.7904 8.97419 188.266 409.548 226.526 16.3595 41.5354 0 0.123023 44.0281 247.887 88.3999 69.6079 149.23 1.95693 60.6259 37.587 64.2531 66.4557 33.6317 333.533 361.022 0.353567 5.9715 
69.8548 135.309 73.3874 13.3989 10.6249 46.1772 176.441 44.4524 134.174 160.939 0.850504 13.2335 0 120.81 98.3767 71.7095 54.2491 56.397 49.2916 11.0632 73.8625 19.9612 33.4597 46.1572 25.0426 55.1154 33.9686 44.5757 
50.4286 68.3771 2.76539 11.1098 4.88557 0.579308 12.7841 75.6417 123.361 68.6739 44.4083 74.1261 4.13965 0 51.4574 18.0451 19.0521 47.3174 0.490188 3.67666 18.3512 8.69741 9.33524 5.87934 9.30796 11.6436 7.74299 9.95892 
26.0981 14.6141 4.30653 10.0706 89.5729 36.9583 4.51434 115.244 197.97 103.405 117.399 32.2729 21.9748 3.26402 0 31.019 29.5885 5.3485 0.316675 8.32858 51.2457 12.6295 0.0509567 27.1329 0.000109456 22.0724 4.3555 20.3 
74.6548 11.2471 22.3334 27.093 73.8128 4.18677 91.9152 183.16 89.0136 31.4359 17.147 48.4615 66.4307 12.4956 28.8824 0 26.1199 1.88442 9.65116 0.00301096 62.454 1.17213 5.82227 15.5008 19.7678 17.4352 18.8662 22.4849 
334.911 369.51 32.7494 296.257 153.941 295.029 97.1143 84.5474 329.418 0.0642794 3.12045 65.5398 0.000778832 14.215 9.7899 24.7359 0 116.866 572.599 0.186288 42.2651 19.1883 12.8177 3.03355 254.098 1.00331 16.1876 24.1684 
214.505 292.742 53.9201 107.182 62.3833 3.15088 226.944 8.59035 17.3451 42.8908 99.0998 150.033 84.2972 35.3905 66.461 41.7173 254.087 0 25.5026 78.7903 118.157 40.2036 33.93 42.1555 27.8852 0.181462 43.987 5.9837 
114.757 0.918871 16.4333 60.2994 291.586 58.4961 0.834527 65.6797 50.5407 11.9427 30.1061 100.497 78.4845 13.8737 36.827 29.8859 41.4417 57.66 0 0.0297272 48.7207 8.31182 1.64415 14.1509 16.9538 1.24626 6.62619 16.8025 
23.0994 17.1011 0.557232 1.64533 1.21529 0.0584762 79.7129 92.821 76.6908 44.5054 49.9127 89.5165 9.71695 4.61753 6.00816 6.88385 27.9596 87.6104 17.6957 0 295.817 6.17279 3.02548 1.53544 10.9806 0.00336525 10.7691 4.88796 
197.037 3.3827 77.4866 112.512 64.1487 13.6092 143.903 1.83127 1.72776 10.9089 80.9634 128.406 58.8236 43.688 3.92657 0.627164 0.205333 26.1504 26.0587 96.9557 0 17.5156 2.21188 45.732 0.0237184 62.56 26.0591 42.6495 
0.15068 37.0616 7.76537 0.16711 19.4331 3.2568 50.5689 0.00153775 14.9663 35.1205 77.7763 76.4972 12.328 0.914634 11.7684 10.348 4.46921 18.4972 6.00191 3.86418 31.5277 0 1.8967 5.36343 10.5188 3.41175 5.74705 8.20568 
46.1717 44.6689 1.24785 12.6913 7.83998 1.12484 33.7478 0.0893499 68.096 12.7798 85.0441 115.608 0.230334 9.64032 0.0791301 6.94967 4.64356 19.8096 4.81257 3.24227 39.8988 14.5734 0 20.8114 21.5039 8.40989 0.0247182 1.73674 
24.8229 17.4532 11.1062 0.111273 2.07613 16.6848 14.8426 76.6436 86.4563 58.2951 103.886 42.4485 70.0904 1.53877 1.45296 1.44704 20.6241 25.4609 5.41517 1.37428 2.53426 4.48532 11.1752 0 11.238 8.19889 0.00510712 1.24414 
274.643 261.787 14.6382 273.687 59.2527 244.456 14.6714 42.2038 301.815 10.1545 138.92 23.0957 0.129439 4.94515 9.6427 45.441 251.86 27.6246 7.79708 0.597038 42.3738 47.2682 9.00765 25.2573 0 62.6076 135.079 52.688 
76.8115 45.149 26.1585 0.237117 51.1816 25.4375 11.5141 78.8901 106.863 4.68155 30.5433 0.0110258 55.1506 11.4172 19.1629 24.7192 19.6047 0.72168 11.907 3.02793 63.0195 9.98534 6.92534 0.328454 21.4889 0 34.3708 63.3046 
46.841 27.6373 0.430064 25.6878 11.2539 2.96353 48.7796 26.3754 0.00947649 42.1995 9.37899 62.6392 7.16236 8.44046 1.52699 11.8461 8.71563 18.5762 24.2404 2.79454 6.28067 12.4781 0.517636 18.8086 41.4315 8.45361 0 46.0558 
39.1395 8.06331 2.0983 0.0656971 30.12 14.4153 36.3355 62.5271 99.468 13.3635 109.968 64.2641 0.684929 3.66064 9.44577 22.783 24.3278 0.421847 13.7179 7.48455 1.26773 1.12801 7.31952 10.0444 20.2798 37.0451 8.7236 0 
