0 847.078 177.364 390.111 264.782 447.796 0 160.237 454.137 154.396 18.2507 185.205 88.4152 41.4975 24.1684 3.76173 400.68 217.095 116.488 36.9075 210.058 2.99939 34.1342 8.31103 328.097 75.3167 38.2216 10.7789 
566.276 0 76.9705 556.959 43.1278 542.389 246.24 74.2428 722.729 214.382 245.282 87.3088 148.206 68.1333 1.40763 66.2245 460.329 651.341 157.12 133.988 16.5078 49.8125 49.5606 3.65641 336.913 62.2329 1.5259 62.8299 
163.626 459.924 0 50.3192 178.531 54.6172 20.5074 70.7127 388.539 24.9812 238.063 113.745 30.8436 8.01549 33.364 6.27881 9.50893 163.116 61.6288 0.356576 40.7539 0.725773 1.16242 8.92762 26.8327 18.7549 9.10437 18.4102 
640.483 554.312 74.011 0 53.532 343.41 36.9266 902.102 636.417 17.3752 203.014 220.8 18.1852 23.2004 27.8433 42.9416 325.646 9.2147 52.1186 29.6257 644.64 5.23518 15.1942 5.33753 328.777 30.9339 0.913877 0.982848 
261.698 9.90978 159.814 150.77 0 75.1403 53.306 58.9902 335.491 4.01586 169.214 5.48463 166.52 66.4311 80.5477 1.06413 93.81 140.88 126.408 5.50608 103.29 47.3628 48.8247 36.1293 43.3096 5.89069 49.1441 57.0037 
457.597 510.147 0.36055 359.241 647.439 0 409.374 80.7186 696.832 391.084 264.768 93.7349 455.47 19.4652 36.0734 14.5084 342.104 41.8507 55.1071 0.0966228 42.4351 6.13537 6.9613 16.1846 327.013 0.0518647 19.6879 19.1362 
8.59237 305.633 125.682 188.295 208.978 72.5266 0 189.667 268.942 418.385 357.306 33.5912 0.131186 31.6159 110.84 103.758 12.4591 156.18 134.579 23.879 27.0225 1.62912 60.7927 59.7168 1.09505 80.5218 59.9698 32.078 
33.7711 174.277 119.459 452.671 199.093 214.744 234.793 0 567.642 223.893 312.273 201.645 17.0575 8.13123 160.149 215.959 19.5795 170.419 11.0777 0.224001 58.7941 0.479729 76.7183 117.314 27.3231 50.9867 80.5928 69.5229 
347.825 326.876 100.041 463.653 0.322822 699.61 888.725 559.517 0 379.487 1470.89 0.295732 148.689 152.211 75.1781 27.6051 340.038 209.243 105.236 50.581 115.378 69.0438 91.4918 3.49909 415.094 89.284 5.96861 98.2224 
57.7784 82.1796 79.5669 48.3631 0.388488 415.688 52.453 0.879568 95.4133 0 18.3496 239.332 28.2175 83.6894 7.29486 0.240943 24.9587 12.6693 4.52494 32.5738 40.0335 0.830659 1.00267 39.2966 26.894 21.8275 11.7023 20.6186 
48.4854 101.538 237.891 0.386971 243.344 1.20149 44.6761 209.044 788.188 64.7581 0 345.905 39.2302 52.5106 189.184 30.9348 30.7011 102.103 57.707 65.2026 78.2686 30.1705 124.751 20.5097 104.828 157.251 40.0472 29.0178 
40.3408 160.624 3.4597 176.396 86.9542 21.5841 143.103 901.501 144.076 40.5902 0.237578 0 0.867321 21.9926 195.254 0.901751 64.8941 151.523 0.454162 51.7671 52.5259 68.0572 50.2023 11.715 196.735 238.426 3.09627 0.116932 
60.8132 124.796 72.6977 18.7421 2.43654 85.1035 145.942 57.7435 158.413 73.8434 12.076 23.4786 0 147.517 111.293 78.3835 50.9981 64.4812 41.9927 8.69147 71.531 30.792 47.0598 38.5296 20.8352 54.4891 35.2977 43.8826 
52.1523 70.3674 1.56553 13.3011 2.2282 1.6296 5.9628 90.8563 106.902 76.5392 86.2329 47.3276 26.0255 0 22.3074 19.3382 18.2112 49.4303 0.129869 3.42434 15.6039 9.60562 7.00976 7.79795 11.0665 12.4287 8.41445 10.6342 
32.3493 7.95901 1.71335 6.35452 83.948 32.4381 15.7017 83.8606 222.539 121.574 267.16 2.61439 39.551 4.44546 0 0.791351 29.9483 2.85759 0.00975881 9.03428 53.718 14.0212 0.69415 28.1228 0.526304 17.63 3.18964 21.6717 
78.3002 6.14398 20.1729 20.7684 74.8658 6.6638 98.7378 233.619 110.25 44.0666 52.243 253.412 56.848 16.7047 73.9055 0 25.9576 0.647076 11.5624 0.0879978 61.0626 0.637097 7.99398 7.06872 24.6639 10.6801 18.7743 21.5498 
422.063 463.082 27.1055 373.543 150.442 371.771 89.942 89.3542 417.766 1.04697 1.20243 60.5281 0.299681 15.3049 8.17985 24.0032 0 185.38 387.926 0.722912 46.3132 19.7025 11.9797 2.36985 336.143 1.63459 16.9715 23.8942 
188.057 334.181 82.1379 124.039 34.1567 0.124084 234.221 18.2159 5.59994 57.6408 115.145 146.117 90.5114 38.6993 68.0737 45.8077 284.145 0 12.9902 83.4474 121.606 41.0145 31.664 40.1292 31.7453 0.0154047 43.279 4.26856 
116.665 8.04486 10.7031 57.3961 248.486 44.7342 0.554426 75.2825 35.0413 22.3594 40.851 99.7326 73.9375 12.087 35.4454 30.3707 3.69581 76.463 0 0.0876629 53.1015 7.09202 2.36022 15.4063 15.2021 0.615493 5.71048 18.0812 
3.97267 4.93 2.07442 0.0241543 4.73769 0.532157 71.2571 102.645 66.462 40.3499 42.7504 93.5035 7.46349 4.71138 6.80679 6.17851 25.9685 86.5092 20.5234 0 170.25 6.26313 2.82412 1.21236 11.705 0.0401171 10.9042 4.22752 
225.381 11.7089 95.3776 140.795 52.4984 8.85396 143.527 9.74207 7.97285 16.1217 94.0445 113.215 62.7082 44.4707 6.28326 2.08691 0.00347632 18.2684 30.7235 6.05435 0 18.8907 1.29433 46.8593 0.513905 63.017 28.2896 40.178 
0.00348412 34.2028 8.4569 0.0348446 23.0583 2.16513 53.9928 0.23429 18.9293 29.6082 78.6846 75.6482 21.7174 1.71726 10.1906 10.9787 3.73836 16.4601 4.91257 3.58697 32.014 0 0.56761 7.03333 9.11103 2.81854 5.06143 7.7552 
46.8117 47.8589 0.694211 14.1378 10.7954 0.518224 40.3191 0.556731 57.8139 18.0523 67.1837 104.63 3.63569 8.7757 1.76442 4.76896 3.91328 17.3027 5.88923 3.41674 40.0787 15.2144 0 18.1726 23.0164 7.57376 0.018892 1.22815 
20.397 13.4306 12.3043 0.711369 3.77229 17.3557 10.1154 57.7251 92.5161 59.9311 89.7049 17.5796 69.9666 3.2283 4.71566 0.172938 20.846 28.2868 4.37495 1.71087 4.10916 6.11402 3.11427 0 21.4434 10.2446 0.131347 2.02205 
361.961 337.248 17.4996 349.442 55.7346 325.59 21.9476 72.7154 397.18 5.78671 128.5 599.641 0.0451632 3.38207 6.17351 82.3689 333.822 23.8018 6.32546 0.272665 46.2559 42.996 11.9873 28.8789 0 36.6437 59.8346 126.061 
73.2136 52.9176 24.4473 1.93042 45.9306 26.7557 5.36799 35.661 89.3835 9.51499 52.702 54.307 54.635 10.3014 14.5448 18.2359 20.904 1.94347 13.7462 3.83665 62.6214 10.2947 5.96134 0.0049433 28.2156 0 30.3997 60.9607 
44.976 30.7909 0.88111 24.5726 9.17541 3.87181 51.6966 18.9454 0.524909 40.1198 5.6993 75.3674 8.81677 9.0621 0.830464 10.2262 9.59314 16.4876 24.3471 3.28323 7.96178 12.2144 0.183554 18.0532 46.8803 13.5762 0 74.0954 
43.3327 11.3142 3.27838 0.0730363 26.5734 16.0132 42.215 79.0442 99.2404 17.3765 107.833 92.0546 0.170908 4.58975 11.7161 22.55 24.1399 0.0623794 15.0547 8.11556 0.474339 1.47299 7.94234 11.1374 18.4388 19.6652 0.0119886 0 
