0 829.725 155.865 415.134 268.891 508.714 2.17638 188.336 541.76 151.579 25.3695 172.352 91.9171 43.1674 21.2073 5.76917 462.766 205.503 116.734 57.5652 223.364 3.57111 35.5005 9.96554 396.341 73.3657 36.8647 9.12314 
527.695 0 11.9055 661.835 7.56552 590.232 333.548 96.4902 799.351 226.433 232.79 101.295 148.682 66.6964 0.430866 62.6012 520.678 455.566 149.312 127.672 23.2762 50.352 50.8845 2.63675 406.196 58.703 2.09024 63.5235 
139.87 469.727 0 148.195 185.303 59.4753 6.00633 102.384 300.436 18.0369 229.501 98.0214 34.4906 8.9164 32.5522 7.67033 11.734 162.331 61.4496 0.0592297 49.9788 0.903054 0.877174 8.24021 27.4079 17.2353 8.4739 19.0694 
733.103 659.744 30.4387 0 66.2456 415.319 53.8122 128.536 676.732 22.7844 199.369 238.54 15.4634 23.1241 29.8806 42.9375 393.064 14.9546 49.7116 33.3675 547.201 4.81702 15.8229 4.31804 394.272 33.6582 0.594655 0.534377 
267.664 48.3066 144.77 157 0 176.911 98.6762 71.8293 315.864 0.036108 187.213 2.77238 171.622 64.9085 76.7323 0.421597 103.356 157.865 90.0385 8.24655 107.984 45.9171 50.1314 37.9642 45.6579 7.54968 49.1423 57.0252 
524.05 598.831 2.0903 431.541 462.676 0 588.112 61.9359 674.126 874.162 272.533 82.8873 118.308 18.6278 33.8258 12.9476 406.406 34.5059 61.7742 0.00434598 39.0532 6.88884 6.26685 15.71 393.209 0.00136837 19.4783 18.4866 
2.15572 217.859 158.934 197.136 268.892 264.456 0 142.857 13.0112 477.486 294.197 20.2312 0.662566 37.2247 119.737 103.304 15.8469 139.305 126.76 19.4492 32.6861 0.981838 63.1038 57.2858 2.30837 84.7204 60.2841 29.1706 
53.4352 149.881 153.65 447.047 207.097 211.929 280.857 0 631.549 221.724 283.425 450.048 12.8485 12.5197 169.922 237.444 16.7996 174.462 14.1255 0.0190033 47.5434 0.186148 81.143 123.703 16.7082 73.4919 84.0218 77.7731 
404.314 392.862 191.656 575.642 1.77845 677.448 1238.58 626.548 0 386.654 1277.71 6.81845 136.305 147.071 89.639 19.5233 403.819 214.192 96.9508 56.0369 105.106 68.4502 88.0323 5.5419 475.002 79.9843 4.57819 99.0607 
67.0671 62.7458 87.4616 41.5177 7.89724 278.207 121.83 4.0055 57.7065 0 0.184582 244.491 8.04273 84.0965 2.62476 1.34705 21.7888 8.64256 7.81331 30.1768 43.8035 1.5921 1.92297 36.4967 23.5497 18.1202 10.4234 22.8197 
39.0458 121.57 241.146 0.341933 232.392 9.23007 90.6176 173.195 921.378 11.9123 0 278.764 25.5805 73.3879 265.049 15.8206 33.8329 93.8882 63.7276 62.0335 84.8874 33.0527 119.725 14.8691 95.9523 150.524 43.3239 24.3212 
29.1714 172.933 0.502006 149.384 96.1303 29.5932 120.193 1020.15 105.655 55.9309 6.40463 0 2.46356 13.4217 162.46 38.3844 62.4054 151.829 0.0959804 47.2743 60.513 69.7292 42.3392 4.77631 181.501 164.476 5.45439 0.5119 
56.2101 118.628 71.8103 21.6337 0.490087 74.3437 129.117 64.6386 169.204 39.3747 22.2927 29.4997 0 154.426 115.602 80.8427 49.2521 68.4343 38.3384 7.58598 70.1855 36.6448 53.8876 34.6289 18.788 53.9178 35.8987 43.4119 
52.801 70.9531 1.08073 14.3787 1.27521 2.33658 3.46193 97.8496 97.4926 79.5216 109.064 35.2653 42.5278 0 9.04939 19.0277 17.7607 50.3369 0.0360374 3.29245 14.2687 9.98128 5.32539 8.62555 11.9017 12.7048 8.73302 10.9262 
35.5285 5.32326 0.838409 4.75723 80.5005 29.7878 23.4894 68.3203 228.453 127.841 334.083 0.220929 49.3404 15.4339 0 2.66502 30.0521 1.89143 0.0178349 9.36607 54.7653 14.6518 1.82671 27.8422 1.16478 15.3098 2.66201 22.2179 
79.489 4.12629 18.9033 17.5951 74.9525 8.04777 101.113 249.811 119.876 50.4984 74.796 366.889 51.6489 18.1692 87.2328 0 25.8156 0.2688 12.5443 0.173843 60.0582 0.427225 9.01506 3.69294 26.9124 7.60638 18.6215 20.8609 
491.5 534.862 24.2803 438.392 146.836 436.327 85.894 91.4553 488.042 1.97614 0.576714 57.9164 0.65042 15.833 7.40878 23.5848 0 217.004 270.525 1.11939 48.2718 19.934 11.5527 2.0649 403.63 2.00385 17.3501 23.7208 
171.997 379.184 96.4428 130.971 22.7076 0.131657 233.983 24.211 2.10753 65.3228 122.786 143.368 93.2947 40.2774 68.582 47.7386 287.314 0 8.17004 85.1565 122.714 41.3492 30.4853 39.0316 33.6674 0.159288 42.8536 3.51001 
116.649 14.1025 8.20377 55.5581 216.809 37.7886 2.46684 79.9198 28.0464 28.5072 46.5578 98.9566 71.3136 11.2023 34.6166 30.5162 7.48413 85.9091 0 0.280726 55.1881 6.50432 2.76096 16.02 14.3258 0.381245 5.27035 18.704 
8.23287 1.5284 3.16177 0.169453 7.31358 0.942676 66.5576 106.748 61.1128 38.1308 39.1618 94.9202 6.42512 4.74592 7.20065 5.81265 24.9003 85.2748 21.9212 0 99.8321 6.29943 2.71995 1.06179 12.0343 0.108321 10.9519 3.90463 
235.033 17.6049 103.328 122.317 46.8112 6.81135 142.327 15.9111 12.7178 19.0334 100.38 105.14 64.5246 44.7318 7.64217 3.12404 0.0992587 14.7676 33.0977 2.2418 0 19.5722 0.924463 47.2786 0.994163 62.95 29.3816 38.8567 
0.0111648 32.7262 8.79263 0.00567865 24.9104 1.69331 55.5306 0.555113 21.0208 26.8521 78.8117 74.9276 27.0883 2.19438 9.37974 11.2403 3.39222 15.4572 4.39909 3.44709 32.2158 0 0.187134 7.87477 8.50331 2.53563 4.7241 7.52041 
46.9791 49.3095 0.474682 14.8203 12.4076 0.299605 43.5674 1.60381 52.5375 20.8865 58.1613 98.0724 6.79081 7.51625 3.35783 3.7299 3.56561 16.0723 6.45436 3.49817 40.073 15.2237 0 14.6019 23.3782 7.12118 0.0809752 1.00246 
18.2561 11.5624 12.8535 1.20022 4.79452 17.6063 8.03719 48.5041 94.9383 60.3443 81.9431 8.83796 69.2574 4.20373 6.89936 1.48916 20.9225 29.681 3.88717 1.88789 5.02466 6.9545 0.702259 0 26.7671 11.2319 0.334442 2.46967 
432.092 401.717 18.8853 413.698 53.7941 392.777 25.9608 89.3001 471.204 4.02371 121.809 175.323 0.248416 2.68376 4.65887 68.6262 401.277 21.9244 5.63259 0.156758 48.0765 3.10703 13.7674 35.0189 0 93.2996 137.229 35.4822 
70.9045 56.6693 23.3697 3.35608 43.1949 27.2235 3.12174 19.3686 80.0863 12.4729 65.0164 114.087 54.1178 9.6635 12.2407 14.8025 21.5227 2.76879 14.6763 4.2604 62.1291 10.4226 5.46668 0.0331141 31.3998 0 28.0088 56.3284 
43.9377 32.3527 1.16358 23.9313 8.19767 4.36054 53.0254 15.5855 1.07523 38.9792 4.17928 81.5122 9.68964 9.3515 0.558089 9.40404 10.0361 15.4624 24.3664 3.5361 8.86044 12.057 0.079391 17.5499 48.6945 16.3487 0 84.5229 
45.3309 13.1014 3.94924 0.284043 24.8081 16.7772 45.1114 87.1099 98.5254 19.4956 105.975 105.98 0.0422753 5.06988 12.8563 22.1933 24.009 0.00245239 15.7179 8.4194 0.219989 1.65984 8.23271 11.643 17.8226 12.0499 2.74577 0 
