0 841.178 156.59 424.563 268.829 517.326 2.04273 187.468 549.523 151.683 25.1314 172.771 91.8116 43.1164 21.298 5.70043 471.326 205.9 116.736 57.1567 222.993 3.55254 35.4587 9.91194 404.701 73.4318 36.9078 9.17317 
539.121 0 13.1194 669.2 8.24579 599.314 330.886 95.7704 807.617 226.104 233.216 100.854 148.68 66.745 0.45291 62.7178 529.303 602.959 149.577 127.894 23.0497 50.3365 50.8448 2.66625 414.525 58.8157 2.07134 63.5042 
140.652 470.352 0 144.734 185.148 59.3396 6.33337 101.35 303.455 18.2402 229.847 98.5169 34.376 8.88834 32.5821 7.6256 11.6619 162.394 61.4611 0.064745 49.6847 0.897246 0.88553 8.26175 27.392 17.2837 8.49356 19.0496 
741.044 667.088 25.8547 0 65.8404 423.564 53.2521 228.125 686.117 22.607 199.526 238.058 15.5461 23.128 29.8189 42.9448 401.45 14.7566 49.7896 33.2539 448.687 4.82992 15.8039 4.34864 402.718 33.576 0.603614 0.546372 
267.544 46.703 145.275 156.834 0 173.124 97.1004 71.417 316.568 0.0147147 186.666 2.84348 171.483 64.9596 76.8565 0.437266 103.063 157.346 91.1278 8.15328 107.842 45.9635 50.0921 37.9076 45.5854 7.49511 49.1434 57.0262 
532.493 606.63 2.01509 439.781 600.2 0 681.069 62.5025 685.529 937.972 272.403 83.2282 171.793 18.6555 33.9005 12.9963 414.892 34.7299 61.571 0.00541382 39.159 6.86505 6.28834 15.7256 401.636 0.00082467 19.4854 18.5075 
2.29275 220.579 157.919 196.916 267.056 254.559 0 144.285 16.1876 476.063 296.256 20.6022 0.604149 37.0465 119.477 103.33 15.7357 139.841 127.018 19.5825 32.5031 0.99965 63.0348 57.3642 2.26383 84.5955 60.2761 29.2607 
52.7637 150.648 152.585 445.978 206.869 212.072 279.464 0 630.043 221.826 284.386 441.624 12.9716 12.3698 169.649 236.868 16.884 174.349 14.0253 0.0141011 47.8823 0.193284 81.0093 123.518 17.0046 72.7516 83.9184 77.5171 
413.002 401.131 188.583 582.642 1.62389 688.842 1231.7 624.934 0 386.606 1052.46 6.48695 136.702 147.258 87.4554 19.7582 412.318 214.062 97.2137 55.8668 105.429 68.471 88.1465 5.47135 483.632 80.2779 4.61902 99.0406 
66.7739 63.3287 87.2253 41.7293 7.5201 283.12 119.338 3.87406 58.7702 0 0.0793281 244.375 8.49402 84.0959 2.73626 1.29916 21.8859 8.7575 7.69792 30.2519 43.6854 1.56467 1.88987 36.5854 23.6526 18.2324 10.4626 22.7503 
39.3299 120.936 241.129 0.299308 232.77 8.86801 88.9836 174.312 918.312 12.9462 0 280.908 25.9686 72.7068 262.754 16.2232 33.7338 94.1466 63.5394 62.1347 84.6815 32.962 119.898 15.0337 96.2367 150.76 43.2213 24.4636 
29.4975 172.562 0.554553 150.248 95.8436 29.328 120.903 1018.44 106.802 55.4241 5.93806 0 2.40153 13.6606 163.52 36.427 62.4843 151.828 0.10317 47.4149 60.2595 69.6795 42.5802 4.94855 180.573 166.771 5.37107 0.465726 
56.3542 118.829 71.8434 21.5414 0.528573 74.7868 129.653 64.4215 168.883 40.3158 21.9304 29.3034 0 154.284 115.492 80.7754 49.3079 68.3118 38.4524 7.61966 70.2293 36.4591 53.6767 34.7508 18.8513 53.9382 35.8806 43.4278 
52.783 70.9391 1.09461 14.3453 1.30107 2.31277 3.5303 97.6391 97.7955 79.439 108.345 35.6231 41.9705 0 9.39606 19.0471 17.7751 50.3102 0.0380918 3.29661 14.3099 9.97041 5.38026 8.60151 11.8762 12.6974 8.72325 10.9176 
35.429 5.39806 0.861186 4.80418 80.6142 29.8738 23.2266 68.7978 228.337 127.677 332.224 0.163849 49.0286 15.0145 0 2.41673 30.0496 1.91877 0.0159454 9.35594 54.7345 14.6329 1.78371 27.8589 1.14118 15.3825 2.67791 22.2023 
79.4586 4.18366 18.9446 17.6934 74.9542 8.00333 101.05 249.415 119.589 50.2986 74.0569 363.626 51.8141 18.1316 86.9843 0 25.8207 0.27815 12.5134 0.170732 60.0927 0.433171 8.98426 3.78483 26.8451 7.69728 18.6274 20.8846 
499.833 543.132 24.3681 446.865 146.967 444.81 86.0248 91.3929 496.347 1.94264 0.592875 57.9989 0.637436 15.8167 7.43244 23.5984 0 216.071 305.867 1.10576 48.2113 19.927 11.5661 2.07414 412.018 1.99177 17.3384 23.7266 
172.522 377.044 96.0008 130.772 23.0342 0.115923 234.03 24.0127 2.1916 65.0806 122.552 143.461 93.2114 40.2289 68.5692 47.6796 287.341 0 8.305 85.1097 122.686 41.3394 30.5225 39.0667 33.6076 0.152513 42.8676 3.53266 
116.659 13.8898 8.27771 55.6191 217.871 38.0038 2.3866 79.7768 28.2557 28.3074 46.3772 98.9848 71.3989 11.2298 34.6438 30.5126 7.15 85.6155 0 0.273048 55.124 6.52245 2.74802 16.001 14.3532 0.387727 5.28391 18.6848 
7.95964 1.6058 3.12475 0.155206 7.2253 0.928156 66.7082 106.629 61.2817 38.2013 39.2738 94.882 6.45668 4.74497 7.18842 5.82416 24.9343 85.3201 21.8778 0 101.912 6.29838 2.72323 1.06636 12.0244 0.105688 10.9506 3.91463 
234.783 17.4045 103.093 122.613 46.9867 6.87142 142.374 15.6975 12.5541 18.9396 100.184 105.396 64.4692 44.725 7.598 3.08865 0.0942747 14.8722 33.0232 1.88674 0 19.551 0.935096 47.267 0.976801 62.955 29.3477 38.8988 
0.0101034 32.7727 8.78226 0.00621455 24.8521 1.70721 55.4844 0.543052 20.9544 26.9379 78.8111 74.953 26.9147 2.17879 9.40517 11.2327 3.40282 15.4883 4.41477 3.45147 32.21 0 0.195956 7.84866 8.52127 2.54432 4.73457 7.52785 
46.9754 49.2656 0.48094 14.7995 12.356 0.305541 43.4668 1.56299 52.7028 20.7962 58.4414 98.2865 6.67853 7.562 3.30136 3.76136 3.57628 16.1103 6.43649 3.49569 40.0742 15.2266 0 14.7286 23.3711 7.13558 0.0783803 1.00921 
18.3222 11.6192 12.8369 1.18312 4.76091 17.5994 8.09904 48.7879 94.8691 60.3356 82.1906 9.06905 69.2859 4.17246 6.82665 1.42925 20.9204 29.6378 3.90208 1.88229 4.99484 6.92817 0.753024 0 26.6034 11.2016 0.326693 2.45514 
440.398 410.197 18.8427 422.187 53.8564 401.173 25.8322 88.7754 479.39 4.07429 122.032 346.62 0.239599 2.70459 4.70358 69.3951 409.666 21.9826 5.65381 0.159907 48.021 3.68655 13.7096 34.8418 0 92.801 141.056 39.0861 
70.9815 56.5538 23.4055 3.30604 43.2812 27.2109 3.18317 19.8109 80.3804 12.3756 64.6234 111.992 54.1365 9.68414 12.3118 14.9093 21.5037 2.74092 14.6472 4.24698 62.1475 10.4189 5.48217 0.0303083 31.3032 0 28.0868 56.5042 
43.9712 32.3041 1.15418 23.9521 8.22753 4.34495 52.9853 15.6866 1.05506 39.0158 4.22346 81.3234 9.662 9.3427 0.56583 9.42977 10.0223 15.4942 24.3662 3.52812 8.8318 12.0621 0.0819988 17.5668 48.6469 16.2609 0 84.2518 
45.2696 13.0441 3.9275 0.27538 24.8631 16.7537 45.0215 86.8618 98.5537 19.4285 106.041 105.549 0.0449897 5.05472 12.8208 22.2069 24.0135 0.00311095 15.6972 8.41003 0.226497 1.65386 8.22387 11.6277 17.839 12.2678 2.58904 0 
