0 704.631 149.182 310.14 269.255 410.09 3.56632 196.069 450.803 150.59 27.5515 168.532 92.8553 43.6207 20.3942 6.40482 364.652 201.83 116.686 60.1477 226.566 3.73999 35.8756 10.4523 300.038 72.7557 36.4757 8.67782 
404.885 0 3.60036 573.991 2.74951 487.223 357.097 103.029 703.404 229.252 228.852 105.268 148.661 66.2473 0.256936 61.5438 421.948 780.231 146.87 125.603 25.3583 50.4881 51.2364 2.37865 310.171 57.6815 2.26429 63.6906 
132.73 461.448 0 179.293 186.538 60.645 3.44768 111.775 272.871 16.2479 226.155 93.5596 35.5219 9.1691 32.2704 8.07596 12.391 161.656 61.3288 0.0206214 52.639 0.956143 0.803629 8.04606 27.545 16.7987 8.29743 19.2453 
639.528 572.095 82.5017 0 69.9088 320.055 58.9367 664.286 570.812 24.4029 197.837 242.654 14.7266 23.0839 30.4299 42.8509 296.521 16.7901 49.0017 34.3796 60.3573 4.70128 15.9928 4.04696 297.195 34.3885 0.516908 0.4323 
268.561 63.816 140.133 158.406 0 211.078 113.246 75.5635 309.292 0.65262 192.067 2.17217 172.812 64.4384 75.5975 0.293254 105.967 162.496 80.4057 9.10778 109.246 45.4967 50.4792 38.4723 46.3074 8.04893 49.1298 57.0113 
426.924 507.32 2.82601 336.309 567.339 0 1362.7 56.9089 550.158 536.934 273.36 79.8157 541.689 18.3742 33.1424 12.5094 308.97 32.5168 63.585 9.41785e-06 38.1003 7.10475 6.07391 15.5681 296.302 0.0124272 19.4133 18.2969 
1.11104 193.667 167.941 198.947 285.234 361.307 0 130.194 0.0250757 488.95 275.538 17.0335 1.30911 38.8353 122.027 103.036 16.8607 134.454 124.404 18.2633 34.3482 0.828713 63.7145 56.572 2.7281 85.8235 60.3502 28.3608 
59.6093 142.976 163.188 458.673 209.077 210.48 293.177 0 643.567 220.708 274.627 526.287 11.7614 13.9058 172.276 242.32 16.0484 175.441 15.0402 0.0959261 44.527 0.128113 82.3312 125.322 14.1459 80.244 84.9395 80.0722 
305.186 297.849 219.626 491.491 3.48529 553.53 1285.98 639.565 0 386.567 840.863 10.1674 132.709 145.312 109.817 17.4642 306.266 215.295 94.5722 57.5688 102.185 68.2567 86.9862 6.19576 376.257 77.3333 4.21816 99.225 
69.7155 57.579 89.5577 39.6234 11.6917 233.291 145.032 5.28484 48.49 0 3.097 245.408 4.52644 84.0668 1.72426 1.81739 20.9223 7.63957 8.88839 29.4992 44.8713 1.84933 2.23356 35.6979 22.6287 17.1197 10.0732 23.446 
36.5275 127.275 241.05 0.853427 228.898 12.8005 105.805 163.149 942.116 4.5313 0 259.427 22.2058 79.5802 285.288 12.4063 34.7264 91.56 65.4249 61.1179 86.7365 33.8704 118.133 13.4239 93.3783 148.334 44.2463 23.0529 
26.3069 176.226 0.147017 141.569 98.7032 32.0224 113.827 1029.25 95.5175 60.5634 11.382 0 3.05676 11.357 152.85 58.062 61.6916 151.814 0.0429901 46.0108 62.806 70.1701 40.1855 3.36248 191.314 144.119 6.23145 1.02484 
54.9118 116.797 71.4969 22.469 0.209057 70.542 124.278 66.5961 172.042 31.3477 25.6731 31.2885 0 155.48 116.528 81.4201 48.7481 69.5309 37.3154 7.2857 69.7865 38.3231 55.7808 33.5307 18.2215 53.7267 36.0598 43.2649 
52.9571 71.0675 0.959385 14.6777 1.05393 2.55563 2.87586 99.7202 94.7414 80.234 115.511 32.1024 47.6417 0 6.18471 18.8258 17.6307 50.5731 0.0201128 3.25475 13.8988 10.0765 4.82999 8.83584 12.1293 12.7676 8.82027 11.0025 
36.4242 4.67147 0.646685 4.34374 79.4619 29.0062 25.9073 64.0571 229.288 129.213 349.974 1.11751 52.1601 19.3653 0 5.42214 30.072 1.65453 0.0395556 9.45656 55.036 14.8202 2.23472 27.6707 1.38773 14.6556 2.52087 22.3536 
79.7442 3.62734 18.5272 16.7152 74.9237 8.45104 101.649 253.043 122.421 52.2963 81.5365 394.977 50.1541 18.4822 88.9321 0 25.7684 0.191757 12.8228 0.203107 59.74 0.375464 9.28804 2.9099 27.5068 6.806 18.5659 20.6424 
395.408 439.314 23.491 341.059 145.609 338.911 84.7068 92.0077 392.216 2.28876 0.441465 57.1713 0.772983 15.9793 7.19649 23.461 0 225.207 274.18 1.24596 48.8133 19.9959 11.4318 1.98249 307.068 2.11394 17.4548 23.6678 
167.217 399.799 100.402 132.71 19.8618 0.317891 233.446 26.0277 1.42389 67.5031 124.875 142.503 94.0354 40.7106 68.6885 48.2659 286.705 0 7.00329 85.5588 122.95 41.4347 30.149 38.7135 34.2056 0.226942 42.7256 3.30902 
116.527 16.0846 7.55128 54.998 207.046 35.86 3.24664 81.1977 26.1877 30.3317 48.1938 98.6918 70.5372 10.9553 34.3678 30.5453 11.0389 88.5416 0 0.354552 55.7606 6.34203 2.87857 16.1906 14.08 0.325301 5.14886 18.8769 
11.0919 0.917121 3.50351 0.325821 8.13028 1.07831 65.1903 107.794 59.5911 37.4928 38.1566 95.2467 6.14465 4.75412 7.31042 5.70857 24.5923 84.8476 22.3107 0 81.7257 6.30855 2.69028 1.02088 12.1227 0.133428 10.9628 3.81492 
237.139 19.4555 105.408 121.223 45.2368 6.28036 141.869 17.8951 14.2367 19.8857 102.127 102.827 65.019 44.7894 8.04482 3.45136 0.149792 13.8409 33.7684 6.78996 0 19.7629 0.831349 47.3788 1.15705 62.8956 29.6854 38.4758 
0.0230951 32.3062 8.88564 0.00193938 25.4344 1.5701 55.9405 0.669717 21.6205 26.0813 78.8079 74.69 28.6611 2.3365 9.15047 11.307 3.29731 15.1775 4.25867 3.40765 32.2676 0 0.116774 8.10985 8.34459 2.45794 4.63006 7.45336 
47.0076 49.6985 0.420125 15.0065 12.8755 0.248641 44.4713 1.99419 51.0482 21.702 55.6452 96.1202 7.84034 7.08989 3.88399 3.45032 3.47004 15.7298 6.6162 3.52032 40.0599 15.1884 0 13.4331 23.4304 6.9905 0.106182 0.942667 
17.6653 11.0563 13.0011 1.35952 5.10208 17.6662 7.49026 45.9744 95.5416 60.411 79.7038 6.88937 68.9814 4.48656 7.56494 2.08046 20.9398 30.07 3.75419 1.9386 5.29684 7.19167 0.323458 0 28.2288 11.5022 0.408065 2.60198 
336.269 304.343 19.2667 316.223 53.2285 296.149 27.1269 94.0264 376.446 3.58199 119.771 836.384 0.334904 2.49899 4.26441 61.0768 304.707 21.4021 5.44335 0.129842 48.5719 0.795132 14.2952 36.49 0 92.4967 89.7185 11.7349 
70.1981 57.7019 23.0427 3.82197 42.4157 27.3311 2.59546 15.5941 77.4362 13.3631 68.5708 133.417 53.9417 9.47611 11.6036 13.8429 21.6926 3.02596 14.9385 4.38144 61.956 10.4552 5.32688 0.0639236 32.2584 0 27.2977 54.666 
43.6337 32.7891 1.24962 23.7414 7.93062 4.50184 53.3824 14.6886 1.26467 38.6472 3.7919 83.2001 9.94022 9.43008 0.490941 9.1726 10.1611 15.1769 24.3677 3.60813 9.11972 12.0097 0.0578039 17.3941 49.0968 17.142 0 86.7847 
45.879 13.6216 4.14673 0.368038 24.3139 16.987 45.9169 89.3318 98.253 20.1026 105.361 109.83 0.021645 5.20613 13.1754 22.065 23.9678 4.58391e-05 15.9034 8.50324 0.165778 1.71403 8.31157 11.7795 17.6808 10.1597 4.35211 0 
