0 500.219 94.1359 336.843 260.76 423.396 24.5252 249.473 522.328 140.508 46.2719 137.497 99.2092 46.7897 14.5983 12.1401 384.072 169.226 114.671 37.6547 242.178 5.12655 38.5621 14.4041 334.1 67.3426 33.4441 5.62809 
325.758 0 91.8736 638.104 42.7928 460.981 494.894 154.519 711.837 241.654 194.044 135.195 146.301 62.2556 0.389313 53.1232 435.109 416.424 125.491 106.441 43.2959 51.2892 53.5885 0.848847 346.109 49.6516 3.79069 64.5506 
76.9793 275.724 0 293.585 185.956 66.2135 7.06053 183.604 75.7678 5.48954 189.373 60.5894 43.2855 11.0377 29.4416 11.2776 17.7244 150.386 59.4383 0.371268 73.0344 1.40102 0.347761 6.58346 28.2165 13.4281 6.98333 20.4286 
633.822 638.021 227.176 0 97.849 361.699 100.826 564.872 514.796 37.722 179.573 259.548 9.62817 22.5204 34.1677 41.0131 328.682 33.3881 43.2389 41.1809 76.6816 3.85659 17.1661 2.24711 325.479 39.2612 0.104218 0.00984836 
264.048 227.694 101.38 163.792 0 349.033 237.069 104.91 247.655 29.1247 224.726 0.000476958 178.139 60.3312 66.2879 0.0752415 124.234 194.359 22.153 16.7744 117.852 42.142 52.8136 42.1758 51.0243 12.2508 48.8645 56.6254 
450.394 561.106 11.5469 377.072 432.41 0 742.615 24.2986 392.242 892.109 260.227 56.9144 367.211 16.2374 27.4043 9.26894 334.219 18.9059 75.9221 0.273467 30.9504 8.77877 4.66493 14.3865 325.426 0.452071 18.8373 16.7741 
4.31836 44.7037 224.611 202.414 388.951 934.269 0 48.4669 662.774 490.046 136.321 1.61579 13.0241 51.2316 135.736 99.0741 25.2982 97.4305 104.808 10.3063 47.7237 0.0895822 67.722 50.8078 6.96706 92.9139 60.5311 22.41 
113.187 92.1578 228.196 364.39 219.889 190.831 370.636 0 639.124 207.536 201.836 983.497 5.02293 26.2841 183.804 259.839 10.8434 180.489 22.6995 2.56906 24.3338 0.0392828 90.387 134.724 1.52752 133.884 91.1362 96.779 
325.294 367.576 411.108 605.727 33.8428 394.62 812.129 643.165 0 356.707 1635 55.2058 104.578 128.144 20.3144 5.37779 331.061 219.368 76.2215 68.9387 80.0461 66.4265 78.1664 12.1927 390.799 57.2991 1.95835 99.4387 
89.829 24.3651 103.12 26.0837 61.5531 1.32521 339.137 20.3257 3.86562 0 129.351 244.575 10.5857 81.8129 1.04362 7.52141 14.7908 2.01178 18.9602 24.3835 52.9743 4.38021 5.28041 29.5754 16.041 10.2844 7.57755 28.2394 
19.7819 170.028 226.235 11.9381 197.446 56.0377 240.265 91.5141 699.736 60.7525 0 120.763 4.14713 127.922 394.927 2.0449e-05 41.6149 73.9487 78.1446 53.9207 100.38 40.1017 103.879 4.74595 73.287 128.11 51.1673 14.3526 
9.11943 198.173 4.27211 83.1706 117.761 52.3944 68.5386 759.313 32.6967 98.8493 90.4396 0 9.5208 1.21638 81.0859 283.628 56.1311 150.261 0.321476 36.5766 80.5512 73.06 25.0931 0.718139 95.6358 24.1946 13.6215 10.4234 
45.1498 101.829 68.2606 29.0238 1.89497 91.5367 87.4575 81.458 190.195 0.0826733 57.4389 45.9793 0 150.39 119.226 84.0693 44.7762 77.5297 29.7305 5.18063 66.4935 51.1486 69.2609 25.36 14.1049 51.8651 37.1597 41.9534 
53.7531 71.2109 0.269512 16.8518 0.0610564 4.46751 0.191991 112.172 73.0758 83.6937 161.537 12.3586 89.4322 0 2.7619 15.8476 16.6038 52.0795 0.0488493 2.96283 11.1996 10.6355 1.44681 10.028 13.718 13.0244 9.44247 11.4903 
43.141 1.09344 0.00200861 1.78349 70.761 22.7591 46.7483 34.642 223.662 133.616 408.022 29.1363 73.557 50.5656 0 47.626 30.0913 0.371527 0.477809 10.0957 56.7299 15.9511 6.38302 25.1387 3.64694 9.84136 1.56525 23.1126 
80.5231 0.876236 15.4772 10.4422 73.9565 11.6416 103.744 257.03 138.809 65.3621 134.653 494.713 38.6613 19.2609 70.6665 0 25.3108 0.0294916 14.9476 0.494898 56.8503 0.0908545 11.065 1.83386e-05 31.2793 2.01129 17.971 18.6727 
429.282 475.515 17.6881 366.37 133.545 363.589 75.1474 95.6053 428.511 5.35739 0.00299506 51.4213 2.03304 17.0474 5.66531 22.4451 0 272.741 512.744 2.40818 52.7495 20.4175 10.5099 1.4096 338.537 3.03082 18.2201 23.2072 
128.628 484.477 128.155 142.523 4.28834 4.29187 222.9 41.3921 0.585977 84.0068 139.601 134.747 98.9878 43.8139 68.9695 51.9972 261.558 0 1.0461 87.4457 123.64 41.9555 27.5522 36.1882 38.2118 1.11971 41.6422 1.97248 
113.964 34.5434 3.41979 50.2128 127.743 22.1079 12.4129 90.3866 13.9182 45.1725 60.8362 96.0456 64.1851 9.12475 32.2801 30.5969 57.0678 107.658 0 1.18455 59.8583 5.16258 3.83284 17.4453 12.2377 0.0455274 4.26579 20.1459 
53.2439 1.33113 6.52807 3.08953 15.4961 2.37437 54.3918 114.035 48.0156 32.5252 30.6902 96.6656 4.2013 4.7943 8.12015 4.91244 22.1731 80.5363 25.1791 0 1.05862 6.36202 2.46199 0.733664 12.7259 0.405638 11.0114 3.15587 
243.838 35.8846 118.416 197.899 33.8312 2.92615 136.76 36.0873 28.1228 26.7456 114.692 85.0036 68.5027 44.997 11.3535 6.40528 0.864059 7.72392 38.8486 107.764 0 21.1869 0.285815 47.8804 2.77297 61.985 31.9244 35.4806 
0.251449 29.083 9.56498 0.037073 29.4147 0.781415 58.6956 1.87557 26.2857 20.3865 78.2196 72.4133 41.1439 3.50345 7.42075 11.7091 2.61687 13.1045 3.25902 3.10903 32.5859 0 0.12062 9.82931 7.32347 1.90003 3.93457 6.93372 
46.9596 52.3497 0.113909 16.3189 16.5943 0.016561 51.0841 6.25841 39.8875 28.0373 37.4103 80.179 17.8105 3.45119 8.71082 1.60386 2.782 13.2037 7.87471 3.67647 39.7983 14.3983 0 4.45499 23.1134 5.96839 0.404798 0.545898 
13.3981 7.53569 14.0075 2.85579 7.69439 17.9651 3.93189 28.231 98.9364 60.2067 62.3633 0.00212675 65.8504 6.63239 13.0638 9.05724 21.0108 32.949 2.81252 2.33275 7.54872 8.95995 2.13987 0 37.8995 13.4001 1.19019 3.68264 
373.199 330.249 21.9904 340.865 48.7062 327.377 36.3479 129.156 420.81 1.05365 102.523 562.438 1.39841 1.29083 1.7954 19.8184 336.132 17.5576 4.09916 0.00819825 52.0567 74.5683 18.5245 35.2583 0 18.3772 125.775 93.9726 
64.1268 65.088 20.2786 8.16858 36.4404 27.7931 0.17949 0.197039 57.4 20.7999 95.8437 287.135 52.1894 7.97316 7.09142 7.1114 22.9134 5.3103 16.9177 5.3156 60.1673 10.6535 4.27507 0.615162 38.0164 0 21.544 38.4294 
41.1778 36.0313 1.98976 22.1835 6.03244 5.61795 55.8281 8.66477 3.17806 35.9939 1.4587 95.1861 11.8973 9.98011 0.121109 7.43883 11.1083 13.0653 24.3195 4.16329 11.1637 11.6114 0.00526506 16.0324 50.7311 23.1409 0 92.3154 
49.7912 17.7769 5.75071 1.34437 20.6317 18.4893 51.8257 105.109 95.2074 24.804 99.4856 136.986 0.0869205 6.2439 15.5337 20.7178 23.5949 0.186762 17.2871 9.11095 0.00372441 2.14533 8.86317 12.7206 16.953 0.840293 26.3101 0 
