0 544.562 74.6592 476.845 253.19 533.115 35.9508 265.242 651.96 135.927 53.6855 125.941 101.118 47.7904 12.723 14.5225 496.746 156.121 113.277 44.1499 243.828 5.66045 39.4417 15.901 452.277 65.1222 32.3413 4.69293 
448.864 0 172.478 751.066 86.2673 555.666 518.625 172.804 809.737 242.089 180.063 145.462 144.558 60.6115 1.04417 50.0148 544.994 1029.64 116.951 98.4801 50.4166 51.4746 54.2827 0.490782 464.848 46.7243 4.41574 64.6818 
58.4278 185.51 0 250.84 181.607 66.6779 17.785 206.971 29.559 2.99115 172.484 49.765 45.9725 11.6686 28.1773 12.4386 19.7328 144.003 58.372 0.761875 80.1076 1.57574 0.230621 6.07509 28.2964 12.2327 6.5307 20.7805 
715.572 751.674 371.505 0 107.432 482.288 116.044 472.96 597.358 42.7623 170.596 259.145 8.04717 22.2146 35.2862 39.8883 446.159 40.2113 41.0677 43.1292 455.745 3.57241 17.5297 1.72607 441.676 40.6609 0.0332889 0.00965618 
257.797 294.987 86.9972 163.415 0 356.746 281.445 115.491 222.209 48.2638 234.179 0.24156 178.429 58.6646 62.748 0.315862 129.899 203.908 9.64737 19.9182 120.462 40.8908 53.5072 43.416 52.595 13.9001 48.6994 56.3714 
563.088 678.592 15.7482 496.893 902.889 0 1144.52 15.6444 466.524 585.398 247.866 49.191 130.796 15.4046 25.2021 8.17735 449.222 14.818 79.5539 0.497511 28.4776 9.38195 4.19371 13.9276 441.727 0.754872 18.5995 16.2036 
10.0568 15.0764 237.657 199.279 413.068 805.66 0 27.832 1006.32 454.898 93.5888 0.0624215 19.8723 55.6049 138.88 96.8919 28.565 84.6474 97.3189 7.97253 52.7209 0.00689209 68.8631 48.6407 8.89047 94.8447 60.4604 20.4006 
134.034 75.5475 246.064 266.678 221.866 180.604 389.187 0 598.236 200.716 174.925 1029.52 3.29704 31.3483 185.066 257.348 9.22001 181.254 25.6888 4.22176 18.4623 0.155527 92.7957 136.758 0.108988 152.555 92.9873 102.263 
441.804 508.077 452.315 743.981 51.2263 468.057 453.498 604.829 0 334.909 1563.42 78.3572 94.5014 120.714 23.842 2.71126 446.076 218.98 69.7086 72.8017 72.3493 65.6299 74.7177 14.7229 501.761 50.4122 1.36043 99.0806 
96.8146 15.6362 106.775 21.7502 86.4833 23.5199 401.439 27.7313 0.0232008 0 207.145 241.031 26.0997 80.1866 3.38767 10.379 12.8252 0.880284 23.2544 22.5992 55.8241 5.51006 6.63431 27.408 13.9053 8.221 6.76527 29.9412 
14.9525 184.444 215.468 18.7152 184.59 76.8176 290.48 69.432 595.326 122.54 0 80.1412 1.1525 144.445 407.459 1.55518 44.0859 67.8116 82.5316 51.2892 105 42.3048 98.0511 2.70044 66.1095 119.689 53.5692 11.6982 
5.09846 204.497 8.52623 64.2759 124.221 60.2284 54.3645 565.705 17.7306 113.242 132.702 0 12.6009 0.0844453 58.5466 367.489 54.1101 149.113 0.705086 33.3378 86.8959 73.886 20.3964 3.20846 46.4222 4.72984 16.8243 15.9352 
41.7613 96.1612 66.7697 31.4127 4.07789 121.216 74.8488 86.6642 195.053 2.61624 70.8233 51.5763 0 143.311 118.33 84.2601 43.3144 80.2071 27.1438 4.51153 65.2205 55.6135 73.5091 22.5831 12.734 51.0383 37.4968 41.4084 
53.8702 70.9571 0.125844 17.5728 0.000833606 5.23743 7.21911e-05 115.752 65.2994 84.0709 175.523 7.43192 104.035 0 9.45216 14.2951 16.2243 52.4904 0.121739 2.85739 10.2928 10.7615 0.640634 10.2578 14.2136 13.0214 9.64503 11.6234 
45.4618 0.419732 0.119147 1.13575 67.3828 20.4812 54.9032 25.8914 216.794 132.578 398.453 46.9618 80.8195 58.0363 0 64.8703 30.0426 0.136509 0.746735 10.301 57.1747 16.2853 8.19526 23.7766 4.66642 8.25457 1.27754 23.2644 
80.3093 0.349516 14.3383 8.46012 73.3032 12.806 103.645 249.753 143.207 69.6179 152.94 471.785 34.6227 18.8446 54.3153 0 25.1075 0.149638 15.7014 0.626722 55.6368 0.0364047 11.5429 0.366577 32.2463 0.956762 17.6899 17.8585 
546.64 592.912 15.7398 481.086 128.219 478.087 71.5691 96.6222 546.894 6.72614 0.0952884 49.3538 2.6157 17.4073 5.15833 22.054 0 281.998 368.685 2.90201 54.066 20.5464 10.182 1.22901 455.549 3.38882 18.4785 23.02 
114.493 450.251 136.582 144.479 1.4716 6.73987 216.573 47.4187 2.11814 89.7446 144.28 131.524 100.449 44.8301 68.8472 53.197 244.86 0 0.197056 87.6157 123.421 42.086 26.6164 35.2502 39.592 1.59332 41.2122 1.57968 
112.383 42.3198 2.3259 48.3155 100.132 17.7736 16.9405 93.3987 10.4174 50.7356 65.359 94.847 61.7634 8.49806 31.4618 30.5441 74.5719 113.917 0 1.5895 61.199 4.7678 4.19579 17.8718 11.5972 0.0075844 3.96971 20.5764 
74.8171 3.58598 7.75237 4.69059 18.5505 2.93925 50.4552 115.495 43.9619 30.7291 28.1364 96.7186 3.59396 4.79922 8.39564 4.62986 21.2874 78.5828 26.1508 0 3.77221 6.37431 2.37997 0.642121 12.91 0.535683 11.0139 2.93242 
242.223 42.5845 121.712 220.819 30.06 2.03328 134.287 43.706 33.9463 29.3224 118.807 78.6613 69.6195 44.9741 12.6246 7.63954 1.25484 5.9607 40.6352 160.732 0 21.6809 0.160775 47.9487 3.50118 61.4563 32.6877 34.3803 
0.389962 27.9302 9.79372 0.0761372 30.8192 0.565669 59.516 2.44199 27.9782 18.4554 77.7779 71.4133 45.6812 3.9464 6.81938 11.8064 2.39283 12.3924 2.93338 3.00368 32.6674 0 0.346945 10.3991 7.03859 1.71654 3.69646 6.74555 
46.8316 53.1568 0.0515774 16.7379 17.9741 5.3916e-06 53.298 8.29265 36.0507 30.3128 31.4794 74.1922 22.0667 2.25053 10.6566 1.09443 2.55416 12.3424 8.33187 3.7266 39.6379 13.9111 0 2.07973 22.7071 5.59781 0.554709 0.430164 
11.9891 6.4315 14.3127 3.4992 8.71608 18.0047 2.93231 22.7239 99.6268 59.8375 56.2161 0.98726 64.3256 7.34933 15.0931 12.23 21.0106 33.9349 2.50833 2.47568 8.42088 9.56062 4.53701 0 40.4339 13.9934 1.55732 4.09392 
492.055 445.555 22.87 455.534 47.0178 444.407 39.7266 140.743 541.962 0.515022 95.8155 504.016 1.94325 0.951148 1.16078 29.313 453.134 16.2526 3.66319 2.34836e-05 53.1675 65.1299 20.0594 28.9291 0 69.8377 6.36331 14.0832 
61.7071 67.4847 19.1993 10.0072 34.3152 27.8059 5.92934e-06 0.653857 50.5105 23.6756 105.294 333.267 51.3991 7.41681 5.68031 5.10955 23.3157 6.25447 17.6117 5.65084 59.3395 10.7027 3.91068 0.939264 39.6684 0 19.4214 31.8325 
40.2488 37.1465 2.28721 21.5856 5.41575 6.03024 56.5798 6.88109 4.05128 35.0019 0.892252 99.0205 12.6123 10.1546 0.049676 6.84022 11.4432 12.342 24.278 4.36312 11.9182 11.4541 0.0334976 15.481 50.785 25.1896 0 89.1495 
51.0645 19.3267 6.35811 1.82849 19.3618 18.9802 53.8156 110.127 93.7298 26.4965 96.9228 145.391 0.203037 6.60996 16.3317 20.0938 23.4378 0.338719 17.7658 9.31343 0.0512118 2.30618 9.03778 13.011 16.7915 0.00733546 36.9349 0 
