0 326.917 3.53604 524.985 180.192 309.275 121.486 308.261 515.786 104.273 97.7099 64.7748 108.025 51.9542 4.58812 29.7027 292.319 81.3747 100.198 207.654 217.898 8.88465 43.4472 24.5841 278.965 51.0958 26.2382 1.07049 
613.994 0 467.743 431.688 420.9 274.294 380.519 257.441 460.998 209.98 99.4464 193.244 127.747 50.0712 9.70689 33.011 322.552 430.488 67.5204 51.6741 92.6177 51.5857 56.7018 0.241286 293.597 30.9338 8.48238 63.8366 
0.463871 57.0988 0 48.7175 127.949 55.8208 132.011 276.367 151.899 2.61161 70.6915 7.43988 59.1594 14.5927 19.7444 18.427 31.0352 94.6021 49.5188 4.99294 112.346 2.65559 0.0129051 3.52806 27.313 6.22675 4.25414 22.019 
297.351 434.669 39.3429 0 149.35 316.802 184.296 409.818 270.813 70.3672 107.784 203.463 1.84927 19.7044 39.0867 30.4054 268.986 81.2451 28.7942 48.1829 151.893 2.19362 18.9675 0.0860676 258.744 44.6263 0.326931 1.32745 
189.904 530.401 20.5336 141.888 0 324.847 432.921 169.408 83.1879 196.467 260.905 10.3677 165.905 48.159 42.6489 4.36813 150.747 234.245 31.4613 39.5347 130.101 33.7273 55.9738 49.3176 59.9553 23.9336 47.1882 53.9866 
347.953 436.206 42.7408 323.916 422.5 0 737.396 2.21403 407.59 202.614 135.816 15.0526 646.048 10.5439 13.1644 3.18549 259.089 1.0938 90.2937 2.7646 16.1946 12.6236 1.99463 11.1835 257.593 3.59807 17.0398 12.9337 
75.2868 123.363 224.543 148.711 389.92 440.556 0 17.1836 386.706 115.099 5.21556 26.6469 75.2929 77.2338 138.748 79.2283 47.8682 26.6272 55.8466 0.458852 80.6555 1.15886 72.2972 36.2997 22.4478 99.4686 58.8904 10.7856 
242.633 11.033 269.42 10.5392 215.422 107.371 386.922 0 192.356 149.11 47.9292 256.757 0.246473 62.2854 166.491 176.009 2.63824 176.137 43.6697 19.3643 0.567131 2.08017 101.147 135.35 19.9503 225.746 99.5289 125.732 
288.196 501.031 302.844 566.726 181.606 404.448 757.391 202.776 0 160.265 163.567 236.769 44.0601 74.9215 79.7239 4.007 257.429 201.023 36.778 91.0615 34.8138 60.1097 54.2978 31.2588 289.318 18.5409 0.00921292 93.3999 
130.378 2.27292 114.017 4.48558 241.749 501.297 473.55 81.4986 85.3025 0 587.422 196.232 186.28 65.0723 35.7636 31.4963 4.42877 2.71865 50.9339 13.5823 70.5606 13.4056 15.9769 16.282 4.70155 0.944543 3.10608 38.8643 
0.418836 246.462 124.709 74.4039 108.337 202.474 478.727 1.28026 39.7708 542.019 0 8.87278 16.6536 207.165 230.847 58.033 57.3749 37.2216 104.089 36.8695 127.021 53.8208 62.8485 1.60476 30.3639 69.0693 65.7036 1.88374 
3.56465 223.04 52.1614 1.92738 154.606 103.683 4.53276 53.003 16.75 188.013 397.018 0 35.2829 16.1196 0.220513 408.823 42.9668 137.88 5.24337 17.5545 119.841 76.4751 2.94313 43.6432 7.91283 143.051 38.2264 60.6129 
24.7614 64.2093 56.1082 44.3706 28.6845 142.264 19.6045 112.936 205.17 122.048 151.557 83.6086 0 74.2119 98.2626 78.6618 35.1038 92.844 14.5973 1.65643 57.5289 76.7434 89.1127 9.60161 6.33042 45.2422 38.8265 37.8115 
53.0244 66.9542 0.283196 20.8489 2.2629 9.92924 5.69394 126.158 27.0671 78.5026 213.295 2.63133 154.84 0 60.4787 4.65111 14.0626 53.5718 1.06275 2.2801 5.93403 10.7611 2.0242 9.60585 16.13 12.1823 10.5563 11.9667 
56.9576 2.2272 3.7024 0.164912 47.6305 8.98814 99.7213 0.280678 146.153 105.817 152.45 177.538 111.339 32.6855 0 67.1945 29.292 0.848545 3.16262 11.1953 58.1386 17.4224 18.6175 13.8697 11.6113 1.74105 0.219023 23.0113 
74.9168 1.59974 8.18357 1.09202 67.179 18.9584 95.7828 150.9 152.003 86.9557 222.324 69.9177 15.0195 11.6409 3.05978 0 23.6605 2.35317 19.6908 1.56789 47.643 0.163404 12.398 12.7041 33.4105 2.02088 15.6104 12.7734 
362.417 401.879 6.7385 286.692 92.7981 282.705 51.417 99.6866 369.542 16.333 2.77523 38.1467 6.90294 19.1606 2.78209 19.6982 0 253.819 244.732 6.22394 60.3411 21.0544 8.4168 0.463065 274.109 5.58883 19.7511 21.8049 
44.3729 345.587 162.576 140.645 11.5256 27.8993 163.911 83.2834 25.7252 117.92 163.549 110.596 105.501 49.4551 66.2445 58.4167 116.455 0 7.03537 84.0942 118.19 42.3028 21.503 29.8876 46.5381 5.47997 38.5054 0.207654 
98.4252 90.4307 0.0622345 36.8117 3.3401 1.97224 50.3125 106.909 0.200943 81.0327 89.0546 86.2403 47.6721 5.37983 26.4753 29.6342 146.277 140.384 0 4.68928 67.2949 2.86891 6.34684 19.983 8.3029 0.349062 2.53358 22.7044 
196.266 32.1813 15.06 17.4981 37.8616 6.76223 29.6151 116.252 23.6916 21.0821 15.6523 93.0241 1.10476 4.74278 9.74752 3.14724 16.3788 64.8699 30.8402 0 230.438 6.38084 1.93355 0.247924 13.619 1.51528 10.8968 1.8353 
200.561 83.6835 125.955 204.648 12.9145 0.0150879 115.747 91.7695 71.2601 44.1078 137.124 45.9944 74.4974 43.9968 20.1812 15.7252 4.54529 0.352315 49.9526 330.462 0 24.234 0.10173 47.3385 8.70543 56.8695 36.491 28.204 
1.63987 21.7212 10.903 0.520308 38.1867 0.00121972 62.4477 6.67131 37.2644 9.2396 73.3961 64.4457 68.8527 6.43227 3.82088 11.9136 1.34497 8.79036 1.45162 2.44385 32.8262 0 3.33425 12.8997 6.14765 0.869773 2.50291 5.70559 
45.1723 56.2293 0.134988 18.5167 25.7816 0.494067 63.5993 23.2636 17.5346 42.2254 7.17579 41.7308 48.5808 0.511677 20.727 0.0365513 1.47799 8.06414 10.8643 3.94737 38.1841 9.87308 0 5.4059 18.2475 3.61882 1.72733 0.0413421 
5.53327 1.90968 15.4403 7.79076 15.0161 17.6249 0.0549379 2.73226 98.6497 55.3227 25.834 34.7285 52.9789 10.0755 24.6239 27.3403 20.7843 38.8634 1.14946 3.26209 13.6886 12.3335 19.7839 0 42.6031 16.2466 4.23084 6.48127 
319.291 257.531 26.6056 262.872 37.392 263.904 58.0022 185.982 377.388 0.899569 57.6845 663.266 6.28308 0.00798545 0.130261 25.0854 271.707 9.85934 1.70404 0.266324 57.908 77.9531 27.4307 6.84381 0 94.5464 116.684 120.845 
46.961 77.879 12.91 21.5644 23.1471 26.5429 5.03585 52.446 18.6101 40.3216 148.018 357.32 45.7742 4.41619 0.598359 0.00920935 25.1896 12.4197 21.2248 7.44688 53.2986 10.7772 2.11082 3.6762 44.1147 0 8.58061 3.14898 
34.7991 42.7711 4.1709 18.0358 2.625 8.36656 59.5364 0.739932 10.3786 29.2955 0.228086 114.864 16.6128 10.8957 0.202635 3.87444 13.2321 8.69782 23.8387 5.4574 16.2076 10.4737 0.595048 12.049 48.0135 34.2808 0 40.1147 
56.7499 28.1707 9.86937 5.54763 12.9444 21.1899 63.2836 130.078 82.5704 35.5757 79.5684 174.171 1.64249 8.50306 20.0939 15.6924 22.3755 1.90806 20.2187 10.2745 1.23299 3.23588 9.77173 14.1389 15.7696 17.4175 87.7693 0 
