0 145.843 0.26511 316.113 162.576 57.009 139.595 307.299 274.498 97.4576 106.189 54.5066 108.645 52.4835 3.48912 32.8283 43.7314 68.2293 96.8461 203.269 207.249 9.5433 44.0435 26.2741 36.2291 48.2118 25.088 0.673775 
447.826 0 431.862 150.522 470.148 19.7533 318.255 268.708 180.623 198.413 84.9615 200.126 123.396 47.8618 12.1918 29.9331 70.4054 1120.38 58.5175 43.2921 100.695 51.4413 56.8974 0.507673 51.0594 28.1015 9.3593 63.3943 
0.474914 127.863 0 121.217 114.165 51.7062 156.919 275.302 225.25 4.97636 53.623 3.50581 61.2707 15.0219 18.0016 19.4177 33.1359 83.8664 47.3834 6.11329 116.66 2.87976 0.0502823 3.10495 26.8756 5.25385 3.86765 22.1212 
26.9468 153.509 22.1175 0 154.468 74.2206 192.22 546.325 15.5895 75.2165 94.8662 185.273 1.1641 19.0947 39.3398 28.1736 25.5384 88.9939 26.4966 48.0039 506.35 1.96811 19.1312 0.0101983 14.4651 44.6414 0.505898 1.80893 
172.733 528.34 12.4553 134.716 0 243.84 435.279 178.178 61.5681 225.37 260.914 13.8077 161.126 45.9831 38.8965 5.60905 152.554 235.424 50.9353 43.4879 131.015 32.3385 56.188 50.2506 61.0909 25.9643 46.7944 53.3608 
95.7874 171.425 47.614 79.4814 1065.2 0 1376.55 6.25317 233.709 620.827 111.663 10.6043 642.895 9.61895 11.0964 2.47311 13.386 0.26091 90.4479 3.36572 14.1747 13.2101 1.66098 10.6367 12.7767 4.32969 16.7018 12.3022 
92.0718 183.202 207.408 134.702 358.657 754.379 0 34.3329 111.922 62.2472 20.646 37.5218 87.916 80.6481 135.557 75.0569 51.6495 18.8838 48.4987 0.0734555 85.836 1.66516 72.4108 33.9522 25.4588 99.2101 58.3823 9.26808 
259.167 5.11769 259.057 33.3694 211.132 92.4335 367.629 0 121.045 137.592 31.4319 104.954 0.859636 68.3197 158.764 152.461 1.84102 173.514 47.2661 23.1881 0.00668693 2.67355 101.773 132.813 28.257 231.436 100.07 128.691 
53.9015 290.057 228.475 302.081 208.363 230.331 1082.29 129.969 0 125.822 75.4227 266.992 36.0772 66.3426 119.393 7.13238 12.244 194.958 31.3775 93.8354 28.9284 58.872 50.3282 34.7489 39.6147 14.0305 0.109829 91.6821 
135.476 6.36829 112.912 2.63402 267.149 482.897 429.922 93.1988 116.607 0 604.177 184.016 220.049 61.3116 44.5003 36.1541 3.31875 4.51716 56.5933 12.0657 73.1227 15.1606 18.0222 14.3933 3.48485 0.373421 2.5689 40.4368 
0.0015088 253.944 105.199 87.0384 94.1964 222.641 486.665 0.0675571 91.7391 584.528 0 27.1262 25.0822 211.586 173.423 75.2217 59.7963 32.2125 107.569 34.2171 130.452 55.8501 56.1072 3.25717 24.7464 59.6561 67.7598 0.966185 
7.03869 223.371 63.1232 0.00763408 159.194 111.343 1.2351 176.43 31.3841 199.923 437.713 0 40.451 22.8454 4.12791 332.388 40.8784 134.917 6.52863 15.0324 125.482 76.6011 1.38299 55.0618 62.3137 198.048 42.7868 70.7934 
21.9243 58.2946 53.7199 46.7195 35.3194 142.691 12.8037 117.313 203.934 156.26 166.474 89.6599 0 59.3399 92.1675 76.4644 33.5386 94.8064 12.5908 1.27323 55.9628 79.8289 90.3797 7.68 5.3493 43.9426 38.9811 37.0294 
52.5966 65.7445 0.483906 21.3228 3.15051 10.8561 7.93607 126.311 21.2734 76.1408 211.923 5.88333 156.377 0 61.9199 3.14956 13.6427 53.5592 1.3367 2.17245 5.23314 10.6351 3.19214 9.15414 16.3288 11.8823 10.6896 11.9594 
58.8399 3.55602 4.86305 0.46219 43.8423 7.18927 107.306 0.116725 129.125 97.6942 99.4854 201.424 114.708 21.175 0 50.2532 29.0635 1.34501 3.78158 11.3194 58.0483 17.5033 20.2999 11.8479 13.0826 1.02542 0.117747 22.7673 
73.174 2.58141 7.11089 0.466214 65.5929 20.0174 93.0539 126.533 150.721 88.8703 227.065 20.6433 12.0318 9.77586 12.7289 0 23.3291 3.04328 20.4074 1.78159 45.9272 0.264353 12.2166 16.0041 32.8373 3.43307 15.1309 11.7551 
116.512 153.49 5.41426 39.7118 85.4305 35.5944 47.6373 99.7968 125.131 18.4831 3.66954 36.0812 7.90087 19.4492 2.41156 19.2188 0 235.429 378.293 6.95196 61.3403 21.1137 8.09095 0.360043 29.5801 6.04412 19.9646 21.5421 
33.8821 270.766 163.156 137.328 17.8976 33.0381 151.607 90.2879 32.6761 122.406 165.891 106.159 105.896 50.1429 65.4111 59.1362 91.5293 0 10.3397 82.6447 116.492 42.2525 20.5496 28.8454 47.7187 6.43693 37.9331 0.0934461 
94.9409 99.7295 0.337494 34.5199 0.0351751 0.736116 57.7237 108.845 0.00572262 86.3643 93.1789 84.2738 44.935 4.85717 25.461 29.3517 163.953 143.627 0 5.42245 68.2007 2.56139 6.77889 20.3369 7.72617 0.513032 2.2975 23.0613 
211.401 39.9108 16.4454 20.3814 41.7945 7.58882 26.0097 115.066 20.378 19.3467 13.6314 91.6226 0.794709 4.71701 9.9699 2.8855 15.4591 61.8411 31.5903 0 276.179 6.37098 1.85051 0.194016 13.6959 1.7453 10.851 1.65363 
187.717 91.785 124.158 228.25 10.4175 0.169758 111.465 101.426 78.9383 46.9608 139.706 40.4521 75.1812 43.6594 21.6896 17.4538 5.36859 0.0606939 51.5999 313.782 0 24.6863 0.204951 47.0454 9.89138 55.7151 37.1344 27.0256 
1.96367 20.5818 11.084 0.645437 39.4974 0.00983232 62.7055 7.66454 38.994 7.80357 72.2274 62.8832 72.5956 6.88768 3.32783 11.8554 1.18076 8.16921 1.22921 2.34178 32.8035 0 4.1516 13.2309 6.08954 0.740748 2.29976 5.5089 
44.6889 56.5525 0.22788 18.7502 27.2753 0.691441 65.1485 26.6686 14.6448 44.2846 4.42925 36.0805 53.6957 1.25768 22.1578 0.179295 1.30719 7.34471 11.343 3.97886 37.8073 8.94945 0 8.51911 17.0838 3.26785 2.00758 0.0140197 
4.57269 1.35229 15.5475 8.70936 16.3144 17.4461 0.00182748 1.10784 97.6037 54.0459 21.0813 45.3499 50.3968 10.2866 25.85 28.6576 20.7006 39.6974 0.951375 3.40929 14.7582 12.7321 20.7694 0 40.7879 16.4635 4.8371 6.94397 
76.075 12.2864 27.084 16.6107 35.5409 19.6862 61.275 190.103 134.788 1.5783 50.7431 747.957 7.33225 0.0059615 0.39533 8.13777 27.191 8.80743 1.41622 0.372565 58.5406 61.6296 28.4554 14.3303 0 111.195 3.52933 118.205 
44.0147 79.2736 11.7186 23.8494 21.1757 26.0706 7.03661 69.2288 14.0918 43.4726 153.622 317.366 44.5009 3.88908 0.213112 0.297324 25.4799 13.7447 21.8643 7.77185 51.9096 10.7555 1.81897 4.33622 44.0329 0 6.86847 0.910534 
33.7164 43.7332 4.56775 17.3276 2.2095 8.81653 59.8748 0.278214 11.8338 28.1829 0.550526 116.776 17.3774 10.9943 0.330264 3.38804 13.5606 8.07203 23.7174 5.66252 17.0398 10.2685 0.772811 11.351 47.1397 35.4481 0 29.2655 
57.5671 29.8753 10.5492 6.42174 11.8469 21.5114 64.7669 132.238 79.9696 37.215 75.8151 175.876 2.05744 8.83106 20.6664 14.7302 22.1392 2.33602 20.6476 10.4269 1.62154 3.41908 9.86718 14.2614 15.4209 23.6129 91.675 0 
