0 619.943 21.1783 515.287 93.9436 200.501 204.567 277.992 439.694 70.6691 137.193 22.0877 109.015 53.7355 0.660121 44.9379 199.099 26.3354 82.1409 265.236 155.445 12.1784 45.8334 32.7149 213.075 36.9861 20.7561 3.45473e-05 
759.771 0 126.354 205.217 522.103 186.709 85.3232 292.995 232.595 144.346 37.2738 218.516 104.25 39.0767 23.623 19.0428 213.098 1014.93 28.1844 16.4701 129.946 50.4307 56.8943 2.38695 228.133 18.1028 12.9772 60.94 
32.8012 432.819 0 272.401 60.4963 32.9955 231.689 230.62 453.329 20.0257 8.04139 1.98547 67.93 16.2331 11.4562 22.5524 40.719 44.3769 38.3492 10.9724 126.425 3.78356 0.410631 1.70302 24.5654 2.20652 2.53666 22.1294 
214.442 206.88 291.907 0 163.79 247.053 202.807 956.646 206.776 91.3688 48.6321 107.612 2.82787e-05 16.4678 38.9333 19.2046 199.801 115.953 18.128 44.1526 651.005 1.21307 19.4361 0.393738 186.31 42.605 1.52444 4.24247 
104.043 381.597 0.165594 101.52 0 116.805 363.075 205.375 7.13895 310.381 246.557 30.702 137.315 37.3878 25.3647 11.5422 152.901 226.494 149.835 58.5006 131.834 27.0161 56.2812 53.2401 64.6217 33.9097 44.9979 50.5093 
235.217 257.851 62.0278 244.811 871.678 0 647.583 38.305 629.223 535.558 33.2844 0.686282 242.185 6.25448 4.50447 0.555378 179.876 2.30459 85.6188 6.05734 7.54628 15.3227 0.655012 8.52429 181.833 7.55823 15.3047 9.90089 
159.932 421.206 119.254 77.6531 199.251 430.939 0 140.353 617.35 14.0967 155.555 91.1107 137.017 90.9741 115.657 57.7733 65.9764 1.33495 23.9119 1.60766 104.588 4.37425 71.3187 25.2101 37.7627 95.0671 55.8746 4.46078 
301.521 3.23895 186.637 102.66 187.131 40.8018 256.232 0 1.13159 92.4128 0.167961 175.391 6.47794 90.312 120.887 63.1848 0.112539 159.245 61.179 39.7418 6.01497 5.55474 101.363 117.435 68.9096 224.956 100.109 135.093 
272.35 558.947 12.7843 357.201 298.536 627.67 855.787 0.386336 0 24.9165 1135.39 361.761 12.2107 37.3844 150.249 26.1753 181.301 165.731 14.1632 102.06 11.0365 53.6715 35.5219 48.5798 192.328 2.40025 1.48963 83.5129 
150.215 38.9344 102.064 0.0776079 327.996 180.87 182.215 138.368 249.121 0 453.712 131.615 315.615 45.542 80.159 54.3451 0.541203 15.1722 78.0371 6.96778 82.0602 22.3865 26.3058 8.05084 0.49576 0.579428 0.980174 45.9786 
5.10057 267.586 39.0326 135.37 46.0617 270.322 424.632 29.8415 398.877 527.636 0 169.348 69.368 203.455 12.3293 145.857 68.6312 15.9955 118.714 24.5648 141.079 63.0246 32.1193 14.4156 8.0933 27.8631 74.7722 0.252027 
29.9626 215.536 107.614 22.8339 172.7 136.665 7.57632 878.246 119.832 234.221 517.893 0 61.8474 55.9842 58.8857 37.5737 33.0618 121.557 12.5465 7.03415 144.485 76.0503 0.781385 103.077 86.1259 373.07 60.8482 110.384 
12.4491 37.1355 43.9132 55.132 64.5 202.347 0.0718415 131.768 190.605 277.207 216.023 111.788 0 13.5284 65.198 65.4261 27.6098 100.936 6.17602 0.271967 49.7367 88.1314 89.9451 2.22351 2.33057 38.5245 39.2952 33.7929 
50.2424 59.9914 1.69765 22.6572 7.73592 14.3224 19.279 121.7 5.208 64.127 183.008 28.707 136.762 0 33.3839 0.0426943 12.0197 52.901 2.63817 1.77032 2.93795 9.82297 7.91662 6.76913 16.5885 10.3998 11.0814 11.7287 
64.9849 11.1801 10.3152 2.8959 29.8932 2.0056 130.566 12.9836 65.0631 62.7292 0.147015 264.922 119.084 0.505999 0 0.65737 27.9566 4.21849 6.55334 11.6592 56.9424 17.4224 24.6378 4.94095 18.7629 0.0294924 0.0173932 21.317 
64.7792 8.2842 3.5404 0.490234 58.515 23.547 79.7656 42.3263 137.882 91.6882 216.931 103.705 3.46255 3.25155 74.4716 0 21.9134 6.39793 22.9979 2.68001 38.9721 0.85585 10.6313 26.5548 28.6044 11.3077 13.1096 7.93712 
278.531 303.366 1.63697 200.133 57.367 195.742 33.7735 98.8883 293.226 27.4121 8.11839 28.4499 12.185 20.4219 1.23303 17.3097 0 144.686 304.187 9.96142 64.5804 21.2363 6.87462 0.0861457 199.12 7.87846 20.7016 20.45 
6.10719 154.431 152.625 118.391 52.6459 54.5297 102.404 116.52 64.5523 136.363 170.82 88.3536 105.788 52.203 61.3373 61.0784 18.5481 0 27.8236 75.1317 108.182 41.8054 16.9813 24.829 51.7908 10.6533 35.5905 0.0695547 
79.847 132.646 3.32479 25.7797 35.0831 1.49892 87.0662 114.294 4.2152 104.302 107.379 75.9511 34.5733 3.07792 21.4658 27.978 238.84 150.185 0 8.57424 70.9153 1.54062 8.48519 21.5504 5.67541 1.41128 1.49877 24.2879 
224.527 72.533 21.3378 31.4462 56.837 10.9131 13.8951 107.012 9.72811 13.1558 7.07498 84.4695 0.0796313 4.57731 10.712 1.96087 12.036 49.5379 34.0063 0 319.853 6.3023 1.53989 0.0487422 13.8242 2.73213 10.6106 1.03983 
130.871 121.78 110.551 154.38 3.27801 2.25539 93.5361 137.534 108.52 57.7802 146.774 21.9435 77.0917 41.9579 27.5673 24.4436 9.03876 1.14374 57.4764 142.321 0 26.3224 0.916929 45.4419 14.9028 50.6015 39.3612 22.5502 
3.43702 16.3768 11.6875 1.23491 44.1973 0.366913 62.8359 11.9503 45.4256 3.36062 66.8971 56.3399 83.9896 8.49166 1.7179 11.4187 0.651178 5.97938 0.548551 1.96414 32.5692 0 7.62383 14.0197 6.11125 0.341167 1.59384 4.76244 
42.3928 57.0391 0.790662 19.3303 32.9259 1.7168 69.748 40.7294 5.81698 51.2829 0.0119165 17.3925 71.619 5.81847 25.1856 1.63554 0.749838 4.87543 13.1546 4.06929 36.0961 5.38477 0 19.3404 12.189 2.04196 3.21663 0.0415738 
1.72162 0.105933 15.6453 12.3804 21.4922 16.4796 1.18962 1.52749 91.3319 48.1535 6.98707 92.1186 39.8022 10.0791 28.1173 27.0777 20.2683 42.5732 0.366269 3.96023 18.9913 13.8076 15.5167 0 29.2194 16.6454 7.34549 8.69289 
249.503 180.617 28.1898 180.922 28.5215 190.703 72.7599 191.061 307.621 5.78247 26.9212 578.362 11.896 0.497478 2.6436 47.9901 196.813 5.28892 0.559844 0.928934 60.169 48.4244 30.749 55.6857 0 88.5595 43.1127 121.23 
32.7662 82.798 7.41651 32.1694 14.224 23.6804 17.2461 140.34 2.42691 54.9122 165.749 116.599 39.1633 2.10183 0.52682 4.81953 26.3997 19.1659 24.1546 8.9465 46.0346 10.5728 0.881901 7.10006 41.1344 0 1.91755 4.72752 
29.4816 47.085 6.17588 14.5679 0.949822 10.5391 60.5289 0.542209 18.023 23.8968 3.0173 120.677 20.2985 11.2486 1.08567 1.79491 14.7846 5.8728 23.1486 6.43593 20.2542 9.43596 1.63688 8.6515 43.2467 37.9062 0 1.73015 
59.9002 36.3619 13.1239 10.132 8.03425 22.4437 69.4296 135.398 68.9688 43.1103 60.7182 170.988 4.02378 9.96752 22.3766 10.9065 21.1409 4.32404 22.177 10.9202 3.55152 4.13498 10.1031 14.4603 13.3667 47.9327 82.5127 0 
