0 519.356 28.0897 366.511 84.5994 59.6009 212.714 270.786 299.161 66.8421 141.344 18.4867 108.811 53.8146 0.435928 46.6586 59.4909 21.7113 79.8324 274.843 147.053 12.5704 46.0258 33.6272 76.3864 35.3793 20.1458 0.0122643 
615.055 0 85.5267 57.536 510.014 53.1795 60.6424 293.866 82.3451 135.817 31.7408 220.054 101.241 37.7902 25.4746 17.6218 71.8752 973.09 24.5391 13.5134 133.815 50.2277 56.7976 2.76452 91.4111 16.7978 13.5282 60.4928 
40.9838 455.908 0 246.131 53.3396 30.1728 238.11 219.803 466.382 22.8501 4.67731 3.51809 68.6864 16.348 10.5675 22.9047 41.7284 39.2743 36.9729 11.7182 126.897 3.9187 0.489602 1.53227 24.1586 1.86699 2.36566 22.0815 
93.6087 58.8732 376.062 0 163.74 109.174 201.662 1137.61 79.6472 93.3029 42.7933 96.5068 0.0220226 16.059 38.7002 17.919 62.7641 119.318 17.0023 43.2232 731.92 1.11884 19.4382 0.534155 49.0224 42.0548 1.71227 4.66245 
94.4692 347.704 0.949175 96.2689 0 91.2068 343.913 208.341 3.62755 317.79 242.74 33.5589 133.301 36.1359 23.5689 12.5341 152.107 223.545 165.259 60.5898 131.607 26.2557 56.2014 53.592 65.0201 35.0609 44.7035 50.0436 
93.1904 108.906 63.3636 105.862 721.206 0 758.319 44.7104 506.083 1008.17 25.1722 0.227381 330.338 5.8055 3.76773 0.39051 41.8504 3.25953 84.2631 6.48688 6.74841 15.606 0.547116 8.22197 44.0633 8.06818 15.0918 9.561 
169.487 448.3 105.641 69.7064 174.971 283.657 0 159.038 812.614 29.2592 181.567 99.9341 143.808 92.0634 111.959 55.1952 67.9841 0.478829 20.9564 2.20851 107.096 4.85885 70.9685 24.0027 39.5972 94.0824 55.4445 3.90594 
304.489 5.65029 173.366 132.646 182.821 34.63 237.227 0 8.03405 86.0489 0.118445 265.519 7.69089 93.2283 114.708 52.184 0.0357334 156.694 63.1718 42.3075 7.89754 6.04434 100.946 114.582 75.5224 220.482 99.8541 135.354 
142.48 430.046 2.94363 200.748 308.813 505.053 662.273 5.73262 0 16.2715 1106.42 371.467 9.75679 33.9119 177.39 29.6995 43.713 160.89 12.1934 102.911 9.12204 52.87 33.4876 50.5915 52.5721 1.51079 1.81368 82.1523 
151.659 45.4837 99.7335 0.303593 330.975 139.346 146.601 144.64 267.344 0 411.094 123.742 322.709 43.1867 85.1795 56.9009 0.335603 17.1534 80.9974 6.33546 83.2201 23.4742 27.5316 7.26871 0.287702 0.914843 0.813097 46.7051 
6.67212 267.529 31.5556 141.901 40.2236 272.558 405.241 38.2143 504.633 493.493 0 196.051 76.9318 199.178 3.92481 155.584 69.8355 14.0851 120.011 23.2586 142.263 63.9701 29.0326 16.5867 6.40498 24.0636 75.6601 0.509802 
34.3674 213.279 113.957 29.6761 174.084 139.652 10.873 947.539 135.57 237.449 517.93 0 65.0687 61.417 70.8188 16.1844 31.9681 119.405 13.5442 6.11525 146.831 75.8395 1.38633 110.039 112.539 386.061 63.4643 115.856 
11.2823 34.353 42.4457 56.2491 69.0377 200.583 0.0440966 133.517 187.654 290.401 221.79 114.773 0 9.30266 61.0868 63.5556 26.7712 101.631 5.42842 0.188629 48.817 88.8315 89.2075 1.7016 1.99545 37.6978 39.3047 33.2994 
49.8156 59.0326 1.92523 22.7844 8.53773 14.7978 21.2159 120.393 3.78103 62.0858 176.213 33.1265 131.051 0 27.0685 0.000611483 11.7852 52.729 2.85632 1.7141 2.65978 9.667 8.43317 6.36962 16.5607 10.1496 11.1221 11.67 
65.7195 12.5762 11.1983 3.40237 28.0028 1.51106 132.992 16.4536 56.7923 57.5871 3.70737 269.208 118.582 2.27032 0 0.0469218 27.7686 4.75187 6.99946 11.6903 56.6876 17.361 24.9323 4.13242 19.5587 0.116652 0.039897 21.0462 
63.3783 9.33736 3.11176 0.803937 57.3833 23.9742 77.5489 33.0137 135.101 91.4984 211.985 145.38 2.63959 2.52723 81.0221 0 21.692 6.96699 23.3481 2.81807 37.9352 0.966013 10.3038 27.5078 27.7683 12.6526 12.7994 7.41407 
139.4 162.219 1.27039 61.0955 53.4866 56.6983 31.8898 98.5886 154.998 28.7686 8.88393 27.3952 12.8562 20.5443 1.09513 17.0271 0 130.63 43.5921 10.4187 64.9687 21.2405 6.70411 0.0622899 61.343 8.15283 20.7972 20.2824 
3.91381 143.945 149.572 114.984 58.7392 57.7499 95.3834 120.139 69.667 137.914 170.999 85.7234 105.566 52.4237 60.6448 61.2511 12.2427 0 30.8768 73.8224 106.77 41.7087 16.4812 24.2512 52.315 11.3252 35.2351 0.119035 
77.5 136.833 3.99128 24.551 45.5846 2.30831 91.26 114.816 5.44043 106.485 109.183 74.6639 33.1185 2.85228 20.8826 27.7446 245.538 150.347 0 9.06667 71.2063 1.41444 8.73617 21.706 5.40205 1.57432 1.39758 24.4459 
220.282 77.3406 21.9624 32.9523 58.9443 11.4024 12.4121 105.433 8.48893 12.3358 6.29533 83.2288 0.0379513 4.55208 10.8038 1.83924 11.5609 47.7152 34.2916 0 306.339 6.28848 1.49634 0.035798 13.8212 2.88623 10.5678 0.96249 
122.232 125.836 107.825 145.088 2.57681 2.74217 90.8086 142.453 112.692 59.3062 147.414 19.6813 77.2743 41.6624 28.4179 25.4836 9.62969 1.57914 58.2602 113.77 0 26.545 1.05938 45.1514 15.6772 49.7857 39.65 21.9153 
3.678 15.7957 11.7624 1.33346 44.8276 0.459144 62.7449 12.6244 46.3195 2.86679 66.0283 55.3358 85.1917 8.69842 1.52579 11.3293 0.587877 5.68957 0.472916 1.91162 32.5167 0 8.13848 14.0684 6.14031 0.296127 1.50194 4.65629 
42.0082 57.0123 0.897096 19.3725 33.7229 1.89673 70.2285 42.8407 4.86069 52.1562 0.182308 15.1729 73.8629 6.50691 25.2647 1.94815 0.682248 4.55858 13.4112 4.07838 35.8167 4.8979 0 20.1433 11.4641 1.88387 3.40588 0.0624281 
1.42206 0.0421522 15.6191 12.9179 22.2574 16.3063 1.53611 2.43684 90.1569 47.1925 5.55257 99.1461 38.2251 9.92108 28.1061 26.0384 20.1919 42.9439 0.304665 4.03735 19.6134 13.9 13.8776 0 27.1798 16.5877 7.72339 8.93808 
112.128 42.8629 28.2526 42.5874 27.5306 53.1692 74.2457 189.288 169.776 6.58144 23.969 752.565 12.6154 0.630465 3.1143 53.6232 59.0524 4.85149 0.468734 1.02746 60.2993 67.1397 30.8427 59.4708 0 113.074 118.574 70.4022 
31.1843 83.0637 6.8478 33.2654 13.3123 23.2689 19.0038 150.416 1.53203 56.4371 166.209 90.18 38.3455 1.88132 0.79924 5.84923 26.5068 19.9834 24.4618 9.10483 45.128 10.5339 0.772621 7.5157 40.4079 0 1.4442 6.78453 
28.8645 47.522 6.41685 14.1684 0.811731 10.7852 60.5402 0.839781 18.9844 23.281 3.5261 120.787 20.7161 11.2692 1.22735 1.60357 14.9561 5.58265 23.0536 6.54526 20.7185 9.3107 1.78317 8.26719 42.6158 37.9854 0 0.471845 
60.1307 37.2814 13.486 10.7036 7.53921 22.5382 69.9621 135.183 67.2774 43.8996 58.4965 168.858 4.35315 10.1136 22.5563 10.3544 20.9857 4.65328 22.3817 10.9792 3.88397 4.23947 10.1202 14.4539 12.9797 50.9266 78.3677 0 
