0 527.276 37.6975 316.962 73.4793 24.7225 222.153 261.025 263.779 62.1706 146.317 14.4605 108.472 53.8773 0.223373 48.7601 26.0252 16.5782 76.9381 278.179 136.556 13.0575 46.2402 34.7432 46.4446 33.4121 19.3992 0.0646508 
565.471 0 44.3665 17.102 488.838 28.5828 35.4529 294.009 37.7101 125.221 25.4665 221.553 97.4682 36.2035 27.8134 15.9295 36.5172 988.414 20.348 10.2388 138.429 49.958 56.6457 3.26528 61.4059 15.2426 14.2166 59.9104 
51.9699 471.3 0 200.363 44.9198 26.7313 244.139 205.369 473.076 26.5142 1.76576 5.98684 69.5449 16.4682 9.5018 23.3013 42.938 33.2957 35.2617 12.6445 127.147 4.08679 0.595898 1.33327 23.6341 1.48546 2.16229 22.0058 
86.9268 18.0103 413.815 0 163.196 77.5557 199.345 1136.24 63.6208 95.5304 35.9936 83.2033 0.113959 15.5471 38.3547 16.3552 32.4031 123.242 15.6483 41.964 655.809 1.0077 19.4265 0.735624 18.3829 41.2946 1.95739 5.20169 
82.9883 303.936 2.78903 89.7228 0 55.0841 318.166 211.639 0.913756 324.909 237.486 37.2077 128.195 34.5934 21.4205 13.7992 150.846 219.378 184.012 63.1236 131.21 25.322 56.0715 53.9981 65.4725 36.4778 44.3289 49.4514 
56.7518 64.5894 64.7108 72.9471 767.021 0 646.241 53.0818 484.12 864.822 16.6113 0.00189867 629.237 5.26807 2.94326 0.226927 10.319 4.65396 82.385 7.02835 5.82212 15.9472 0.42723 7.85111 12.808 8.70895 14.8256 9.14506 
180.978 476.897 89.2215 60.2202 145.869 144.888 0 182.582 1031.42 54.8051 214.622 111.039 151.966 93.259 107.176 52.0111 70.4296 0.0146095 17.5488 3.0749 110.109 5.48711 70.4726 22.5371 41.8694 92.7431 54.8916 3.27102 
306.986 9.50963 156.559 196.189 177.259 27.6076 213.461 0 24.9418 78.3394 1.61596 391.65 9.31794 96.7061 106.959 39.7649 7.73322e-05 153.396 65.6163 45.5121 10.549 6.67239 100.312 110.88 83.8023 213.864 99.4522 135.446 
121.097 407.437 0.346842 146.61 320.243 483.77 424.88 20.7883 0 8.07277 467.015 381.765 7.09789 29.9197 175.622 34.2633 12.7429 154.753 9.95563 103.841 7.00466 51.8658 31.0269 53.0656 19.0098 0.695512 2.25507 80.4188 
153.192 54.0688 96.6319 0.78443 332.47 96.7126 106.164 152.206 288.738 0 355.109 114.053 328.665 40.2841 91.205 59.9966 0.149488 19.7347 84.5738 5.59368 84.6029 24.8261 29.0467 6.35385 0.108673 1.43082 0.628572 47.5736 
8.88373 266.759 23.3012 149.676 33.4896 273.585 378.601 49.7537 629.236 445.149 0 229.887 86.5346 192.946 0.00684725 167.093 71.2935 11.8865 121.498 21.6824 143.599 65.1026 25.391 19.4347 4.5873 19.7101 76.7103 0.949757 
40.1243 210.132 121.632 39.1436 175.587 143.07 15.7059 1005.37 155.572 240.784 513.846 0 69.0675 68.2416 86.4441 1.90502 30.6329 116.683 14.8163 5.06719 149.575 75.5354 2.36392 118.476 163.932 396.19 66.6753 122.43 
9.91653 31.0347 40.6266 57.5888 74.698 191.94 0.63663 135.548 183.692 304.423 228.322 118.364 0 5.13329 56.0198 61.1736 25.7444 102.42 4.57044 0.106864 47.6771 89.5152 88.0759 1.15305 1.61751 36.6658 39.3041 32.6826 
49.2609 57.8109 2.22222 22.9181 9.57094 15.3717 23.6897 118.574 2.34845 59.4877 167.126 38.886 123.239 0 19.5469 0.0956979 11.4962 52.491 3.13528 1.64546 2.33527 9.46264 8.95953 5.8681 16.5042 9.83064 11.1669 11.5891 
66.5701 14.3889 12.3098 4.07593 25.7267 0.995404 135.622 21.225 47.162 51.3373 14.4937 272.568 117.578 6.06796 0 2.17967 27.5273 5.44832 7.56408 11.7225 56.3414 17.2686 25.17 3.22108 20.5236 0.302616 0.0802044 20.6927 
61.5952 10.7085 2.61719 1.2934 55.9553 24.4693 74.7336 22.9438 131.39 91.061 204.824 201.79 1.77583 1.74495 86.7233 0 21.4132 7.69624 23.7713 2.99075 36.649 1.10989 9.87233 28.4157 26.6739 14.3442 12.4118 6.78342 
106.354 126.623 0.88167 28.2758 48.8013 23.8825 29.6163 98.1622 123.072 30.4592 9.86868 26.1121 13.7006 20.6891 0.936318 16.6763 0 113.518 323.545 10.9893 65.4198 21.2411 6.49565 0.0382087 30.0535 8.49415 20.9113 20.0722 
1.87379 119.382 145.337 110.596 66.5363 61.7282 86.8571 124.522 76.1015 139.657 171.037 82.4697 105.222 52.6693 59.7571 61.4268 6.21736 0 34.7927 72.1388 104.963 41.5785 15.8699 23.54 52.9387 12.1738 34.7911 0.198034 
74.5633 141.742 4.88861 23.0535 60.0128 3.53544 96.3706 115.367 7.1538 109.018 111.315 73.0506 31.3443 2.58504 20.1629 27.445 250.689 150.276 0 9.68529 71.5303 1.26609 9.04698 21.8912 5.07296 1.78651 1.27763 24.634 
213.078 83.2152 22.6974 34.7518 61.5056 12.0063 10.6858 103.355 7.07059 11.353 5.39375 81.6339 0.0076129 4.51927 10.9118 1.69374 10.9825 45.4626 34.621 0 283.761 6.27013 1.44313 0.0225949 13.8102 3.07984 10.5123 0.871055 
111.601 130.708 104.24 143.14 1.82732 3.40381 87.4113 148.374 117.772 61.1714 148.071 17.0448 77.4675 41.2815 29.4655 26.7729 10.3782 2.20969 59.2034 80.9589 0 26.815 1.24838 44.7734 16.6477 48.7556 39.9947 21.137 
3.98464 15.0885 11.8506 1.45945 45.5871 0.586533 62.5954 13.4733 47.4081 2.31046 64.9259 54.0798 86.5078 8.94322 1.30364 11.2105 0.514277 5.34126 0.387386 1.84756 32.4456 0 8.76837 14.1057 6.18319 0.244973 1.3921 4.52601 
41.5164 56.9462 1.03652 19.4102 34.6974 2.12881 70.7562 45.4581 3.79648 53.1815 0.668675 12.623 76.4781 7.30236 25.2343 2.36291 0.603285 4.18154 13.7257 4.08824 35.4616 4.31608 0 20.735 10.5754 1.69618 3.64366 0.0938422 
1.09176 0.00329017 15.5732 13.5803 23.2053 16.0816 2.02181 3.83968 88.622 45.9747 4.00459 107.748 36.2758 9.68565 27.9743 24.5275 20.093 43.3854 0.236565 4.13154 20.3832 13.9917 11.7261 0 24.6195 16.4882 8.1926 9.23697 
81.2767 11.6669 28.2965 10.6802 26.3184 22.1871 76.0103 186.473 138.213 7.62813 20.5275 1031.74 13.5212 0.814716 3.7401 54.8079 27.7838 4.3369 0.367559 1.15495 60.4241 80.1231 30.8714 62.5089 0 120.777 152.617 25.8376 
29.2569 83.3069 6.16905 34.5678 12.2226 22.7411 21.2551 162.452 0.70991 58.2635 166.324 61.1576 37.3237 1.62404 1.20966 7.22079 26.6301 21.0017 24.8323 9.29589 43.9929 10.4818 0.6473 8.02992 39.4171 0 0.950631 9.75245 
28.1025 48.0444 6.71659 13.6763 0.656435 11.0878 60.5257 1.2941 20.1912 22.5238 4.2043 120.767 21.2295 11.2889 1.41282 1.38158 15.1658 5.23421 22.9321 6.67925 21.2907 9.15463 1.97044 7.79734 41.8088 37.9868 0 0.00817433 
60.3781 38.4076 13.9279 11.4181 6.94847 22.6409 70.569 134.691 65.1637 44.8494 55.7546 165.773 4.77428 10.2872 22.754 9.67846 20.7907 5.07343 22.6287 11.0477 4.31174 4.36862 10.1353 14.434 12.4758 54.2723 72.5222 0 
