0 904.505 59.2127 596.033 53.4446 345.545 238.337 239.62 580.642 53.3038 155.467 7.9957 107.543 53.8894 0.0117623 52.7585 348.978 8.49701 71.1901 254.048 115.972 14.0146 46.5845 36.8784 375.98 29.6501 17.9691 0.283061 
829.143 0 1.89682 336.523 430.373 372.658 5.26965 291.379 345.655 104.674 15.1188 223.195 89.9767 33.1286 32.5104 12.8435 356.137 934.92 13.2237 5.11623 146.849 49.3747 56.249 4.34631 390.751 12.4011 15.5813 58.6853 
75.4972 457.645 0 95.0313 30.1325 20.3012 249.584 174.682 456.038 34.1217 0.0874975 12.5328 70.9725 16.6338 7.54204 23.948 45.1676 22.8186 31.9107 14.4509 126.595 4.41754 0.829777 0.983958 22.549 0.86501 1.79135 21.8074 
470.116 336.548 264.558 0 160.643 403.194 192.101 737.927 425.803 99.3347 24.1995 59.0946 0.495022 14.5309 37.5062 13.4137 361.158 130.088 13.1357 39.1929 325.179 0.808037 19.359 1.21406 346.692 39.5739 2.47489 6.31336 
62.039 217.18 9.02532 76.9342 0 4.75792 263.259 216.876 0.786613 332.085 225.662 44.6596 117.856 31.6104 17.4734 16.3806 147.533 209.703 218.575 67.8881 130.074 23.5237 55.7207 54.6983 66.2274 39.2158 43.5651 48.247 
374.041 369.186 66.3389 396.169 750.808 0 725.358 70.5694 800.784 404.916 4.90234 0.632896 218.506 4.27991 1.61944 0.0351837 336.963 8.02227 78.1278 8.11206 4.20862 16.5826 0.236299 7.1388 339.861 9.98647 14.298 8.34873 
202.074 514.699 59.5042 43.1011 93.882 81.2562 0 228.785 1288.61 122.598 279.66 133.07 166.968 95.1051 97.2873 45.8516 75.0697 0.971156 11.7195 5.14225 115.684 6.8013 69.3113 19.7726 46.295 89.7637 53.7484 2.195 
308.131 19.6847 123.432 331.516 165.752 16.014 167.379 0 82.1302 63.9241 9.34771 651.979 12.8785 103.044 91.6972 19.8931 0.115963 146.543 70.3117 51.8305 16.7015 7.96655 98.7098 103.169 100.069 197.848 98.3988 134.904 
467.535 743.723 25.1313 431.174 338.171 801.768 78.3812 74.7729 0 0.254044 1508.79 396.169 3.12039 23.1256 120.037 43.7289 340.542 142.386 6.23074 105.264 3.67553 49.8682 26.4188 57.8334 342.052 0.0043559 3.24225 76.8866 
155.376 72.1095 89.9595 2.34468 328.515 50.3458 43.2034 166.251 325.806 0 242.979 95.4995 331.136 34.6966 102.205 65.783 0.000165565 25.1596 91.2439 4.27521 87.1337 27.4761 31.9874 4.73892 0.00508575 2.74842 0.3379 49.1712 
14.0122 263.092 10.6133 163.724 21.9912 270.134 320.148 75.6064 779.581 338.214 0 296.375 105.838 178.104 12.8346 187.445 74.0374 8.12566 124.022 18.7371 145.795 67.1936 18.89 25.4637 1.90961 12.3811 78.6048 2.18291 
52.2362 202.921 135.899 60.3758 177.861 148.823 27.3883 1019.3 195.522 245.167 493.303 0 76.883 81.7222 118.776 14.1563 28.0853 111.198 17.4123 3.30454 154.416 74.807 4.97407 134.16 244.377 396.389 72.8383 134.512 
7.49965 24.9714 37.0785 60.0647 85.817 162.146 3.73495 139.091 175.047 323.719 239.058 125.031 0 0.522059 46.3094 56.3421 23.7756 103.742 3.10838 0.0140541 45.447 90.2716 85.2041 0.390278 0.995525 34.6266 39.2646 31.4603 
48.0961 55.3208 2.84758 23.1047 11.7112 16.4424 28.7318 114.417 0.612781 54.2287 147.631 50.8983 106.119 0 7.39983 0.732701 10.9355 51.9482 3.70753 1.51446 1.76375 9.03005 9.57819 4.88228 16.3257 9.18192 11.2367 11.4059 
68.044 18.1795 14.522 5.53012 21.4978 0.297684 139.541 31.9173 30.5715 39.676 53.9078 272.911 114.454 17.5848 0 14.6129 27.0297 6.91994 8.70381 11.7657 55.5703 17.0374 25.2314 1.74794 22.3334 0.905738 0.197667 19.9476 
57.9738 13.588 1.76907 2.55608 53.0877 25.3269 69.0431 8.33987 123.369 89.583 187.899 315.553 0.582199 0.617122 89.1221 0 20.8548 9.19625 24.5649 3.33303 34.134 1.41371 8.95935 29.2773 24.3775 17.6699 11.6455 5.61038 
429.592 444.748 0.328084 352.295 40.0747 347.95 25.3686 97.1578 448.49 33.7906 11.9048 23.6782 15.3914 20.9508 0.663014 15.989 0 81.8263 279.314 12.1165 66.2083 21.2279 6.09642 0.00820659 356.963 9.16606 21.1216 19.6537 
0.0333495 49.0771 135.754 101.559 82.4215 69.4241 70.8595 132.748 88.9165 142.497 170.536 76.1376 104.336 53.0625 57.9314 61.6509 0.27353 0 42.8233 68.667 101.25 41.2917 14.7014 22.1643 54.0779 13.8825 33.9111 0.407652 
68.7513 150.409 6.859 20.2125 91.8529 6.61146 106.035 116.146 11.0985 113.404 115.152 69.841 27.9693 2.1012 18.7658 26.8277 249.543 149.288 0 10.9197 72.0496 1.00101 9.6544 22.2293 4.45931 2.23309 1.05974 24.9785 
193.486 94.3201 24.0034 38.0253 66.3364 13.1759 7.66949 98.9314 4.67019 9.53811 3.83416 78.3424 0.014692 4.45032 11.1042 1.42558 9.88508 41.0909 35.1888 0 225.414 6.23033 1.34131 0.00560615 13.7659 3.46634 10.3961 0.705927 
91.3003 139.705 96.6483 160.663 0.737782 4.87772 80.7339 159.336 127.384 64.7344 148.928 12.4252 77.7421 40.4907 31.4925 29.292 11.8929 3.72479 60.9597 30.0408 0 27.3248 1.657 43.9789 18.5776 46.6847 40.6284 19.6418 
4.60948 13.7465 12.0083 1.71809 47.0055 0.876009 62.1889 15.176 49.4778 1.39813 62.6903 51.5885 88.5253 9.3845 0.919597 10.9532 0.385391 4.69346 0.245641 1.72532 32.2876 0 9.9624 14.1064 6.28582 0.159386 1.18984 4.27494 
40.5078 56.7145 1.33234 19.4386 36.5613 2.61021 71.5746 50.5665 2.09779 55.0023 2.47017 8.2914 81.0344 8.58939 24.7768 3.24874 0.463709 3.49316 14.3302 4.10313 34.7387 3.25719 0 20.5628 8.88321 1.3557 4.11821 0.172616 
0.574154 0.0525763 15.4415 14.8604 25.0578 15.6122 3.14517 7.42366 85.3843 43.5151 1.70922 124.01 32.4946 9.1091 27.3543 20.9998 19.8862 44.1933 0.128906 4.3113 21.8849 14.0987 7.48085 0 19.641 16.2076 9.11079 9.80516 
408.853 338.964 28.2764 336.613 23.9998 349.716 79.2136 179.112 464.004 9.84539 14.5149 323.066 15.335 1.23457 5.0895 39.4337 354.738 3.41631 0.206179 1.42102 60.553 60.7217 30.6514 63.1812 0 67.5825 17.2769 106.119 
25.6013 83.5132 4.92878 36.924 10.2183 21.6563 25.8679 184.113 0.00556705 61.623 165.127 19.3064 35.3008 1.1729 2.23195 10.1508 26.8417 23.008 25.5246 9.65298 41.7399 10.3675 0.434352 9.02806 37.2167 0 0.283141 16.6599 
26.6204 49.0067 7.30605 12.7238 0.401957 11.6709 60.4089 2.44752 22.5969 21.0612 5.67724 120.24 22.2207 11.3099 1.80601 0.995446 15.5676 4.58712 22.6824 6.9367 22.4004 8.84667 2.35488 6.90071 40.1378 37.6884 0 2.52862 
60.7424 40.5667 14.7701 12.8316 5.8637 22.7965 71.5892 133.026 60.9839 46.6165 50.4429 158.416 5.63841 10.6028 23.0615 8.38842 20.4002 5.93291 23.0908 11.1675 5.1978 4.62041 10.1465 14.3581 11.4255 59.4676 59.4216 0 
