0 939.351 61.462 622.698 51.6274 377.016 239.74 237.393 611.525 52.4623 156.315 7.4668 107.434 53.883 0.00535661 53.139 380.61 7.85094 70.6256 249.87 113.98 14.1081 46.6128 37.0829 408.232 29.2903 17.832 0.312341 
853.314 0 0.733489 368.532 423.669 406.582 3.75156 290.923 376.327 102.701 14.2508 223.265 89.2412 32.8318 32.9753 12.5592 387.472 637.899 12.608 4.71005 147.624 49.314 56.2034 4.45854 422.979 12.1389 15.7154 58.5601 
77.8915 453.335 0 85.3574 28.8258 19.7034 249.662 171.573 452.351 34.8889 0.205289 13.2849 71.0937 16.6451 7.36082 24.0019 45.3747 21.8906 31.5853 14.6256 126.469 4.44987 0.85432 0.952771 22.4394 0.813487 1.7571 21.7846 
507.952 368.47 250.746 0 160.293 435.023 191.214 1297.26 461.543 99.6653 23.1639 56.909 0.546034 14.4311 37.4119 13.1369 393.336 130.694 12.901 38.9034 664.422 0.789822 19.3494 1.26637 378.834 39.3908 2.52787 6.42529 
60.1203 208.915 9.8096 75.698 0 3.27465 257.707 217.3 1.13462 332.304 224.41 45.4061 116.828 31.3227 17.1078 16.6392 147.153 208.661 221.736 68.3373 129.938 23.3506 55.6798 54.7599 66.2918 39.4799 43.4886 48.1266 
405.137 399.264 66.4257 427.774 570.506 0 333.457 72.3342 829.833 336.241 4.12915 0.768479 460.34 4.18831 1.51128 0.0254694 368.949 8.39334 77.6752 8.2191 4.06549 16.6422 0.220755 7.07043 371.877 10.1123 14.2462 8.27245 
204.014 517.003 56.8342 41.552 89.2675 90.7809 0 233.228 1297.63 130.203 285.891 135.222 168.353 95.2502 96.2931 45.2592 75.5109 1.19322 11.2121 5.36893 116.204 6.93515 69.1852 19.5108 46.7235 89.4497 53.6329 2.10184 
307.981 20.8509 120.241 340.717 164.592 15.0446 162.986 0 89.2094 62.5742 10.4264 676.368 13.2511 103.627 90.2149 18.297 0.140111 145.849 70.7624 52.4478 17.3653 8.09712 98.5292 102.39 101.645 196.094 98.2778 134.801 
501.43 776.09 29.5168 459.291 339.59 830.941 58.2098 81.579 0 0.0766905 1139.29 397.157 2.81963 22.5368 117.766 44.6827 372.643 141.161 5.91427 105.375 3.40852 49.6717 25.9853 58.2915 373.713 7.22442e-05 3.34682 76.5332 
155.531 73.9393 89.2713 2.53913 327.657 48.9175 38.4247 167.558 329.025 0 232.315 93.7321 330.732 34.1615 103.211 66.3247 0.00054185 25.7127 91.8682 4.15618 87.3677 27.7341 32.2716 4.594 0.012129 2.89773 0.314479 49.3195 
14.5658 262.587 9.63362 165.001 20.9937 269.423 314.131 78.3281 786.899 327.357 0 302.75 107.742 176.491 15.467 189.25 74.2967 7.79743 124.241 18.4603 145.979 67.3884 18.3032 26.0803 1.71096 11.7544 78.7783 2.32862 
53.4699 202.148 137.227 62.6067 178.035 149.316 28.6733 1013.57 199.425 245.442 490.466 0 77.6418 83.0349 121.994 18.0962 27.8417 110.653 17.6725 3.15317 154.85 74.7269 5.27575 135.616 247.052 395.037 73.4284 135.627 
7.28216 24.4121 36.7344 60.2954 86.8987 158.986 4.16939 139.405 174.146 324.993 239.954 125.653 0 0.327397 45.384 55.8618 23.5868 103.855 2.98126 0.0096785 45.2298 90.3046 84.8804 0.33771 0.943149 34.4268 39.2581 31.3402 
47.9774 55.0719 2.91139 23.1177 11.9276 16.5427 29.2355 113.972 0.518653 53.7067 145.634 52.1117 104.352 0 6.47939 0.82502 10.8813 51.89 3.76506 1.50193 1.71251 8.98577 9.60756 4.78694 16.3036 9.11724 11.2423 11.3863 
68.1742 18.5649 14.7389 5.68079 21.1026 0.251686 139.835 33.0444 29.1291 38.5911 58.8771 272.51 114.071 18.9158 0 16.3105 26.9795 7.07055 8.81719 11.7686 55.4888 17.0114 25.2092 1.62739 22.5036 0.980789 0.211773 19.8714 
57.6128 13.8817 1.6951 2.69955 52.8035 25.4024 68.4783 7.29538 122.54 89.3967 186.07 326.18 0.500886 0.537233 88.721 0 20.7995 9.34733 24.6397 3.36664 33.8892 1.44482 8.86633 29.2955 24.1448 17.9913 11.5704 5.50072 
461.216 475.868 0.28867 384.018 39.2587 379.68 24.9694 97.0482 480.324 34.116 12.1106 23.4466 15.5587 20.9748 0.638992 15.922 0 78.9096 162.567 12.2269 66.2787 21.2256 6.05813 0.00646946 388.96 9.23181 21.1412 19.6124 
0.00456978 42.4953 134.739 100.653 84.0034 70.1643 69.3576 133.522 90.1759 142.733 170.448 75.5237 104.235 53.0947 57.7477 61.6645 0.109821 0 43.628 68.3174 100.877 41.2615 14.5894 22.0314 54.1831 14.0521 33.8246 0.431882 
68.1828 151.184 7.06514 19.9425 95.1521 6.95608 106.949 116.201 11.5228 113.79 115.502 69.5248 27.6478 2.05682 18.6306 26.7655 248.626 149.134 0 11.0414 72.0922 0.976928 9.71347 22.2605 4.40165 2.27874 1.03968 25.0104 
191.238 95.3669 24.1209 38.3249 66.7931 13.2887 7.40154 98.4767 4.46304 9.36905 3.69668 78.0106 0.0199885 4.44328 11.1216 1.40062 9.78066 40.6687 35.2387 0 219.037 6.22618 1.33156 0.00456538 13.76 3.50448 10.3842 0.690802 
89.3737 140.542 95.8737 162.777 0.65798 5.03343 80.0826 160.357 128.295 65.075 148.982 12.0137 77.7617 40.4106 31.6883 29.5368 12.0439 3.89161 61.1244 26.2696 0 27.3732 1.69951 43.8977 18.7675 46.4793 40.6873 19.4981 
4.67207 13.6187 12.0227 1.74411 47.1388 0.906961 62.1414 15.3446 49.675 1.32163 62.4673 51.3438 88.6822 9.42474 0.885799 10.9265 0.373883 4.63274 0.233607 1.71363 32.2709 0 10.0752 14.1014 6.29697 0.152063 1.17103 4.25076 
40.4064 56.6849 1.36271 19.4382 36.7396 2.65894 71.6394 51.0617 1.95933 55.1664 2.70373 7.91669 81.4367 8.69141 24.7051 3.33952 0.451149 3.42954 14.3883 4.10427 34.6664 3.16027 0 20.4538 8.72263 1.32447 4.16503 0.181484 
0.53271 0.0660654 15.4258 14.9837 25.2379 15.5645 3.26645 7.82939 85.0533 43.2707 1.53738 125.539 32.1295 9.04547 27.2693 20.6246 19.8652 44.2681 0.120205 4.3285 22.0308 14.1041 7.08523 0 19.166 16.1743 9.20005 9.85925 
440.902 371.012 28.2671 368.531 23.7777 381.774 79.5077 178.272 495.851 10.0727 13.9819 947.398 15.5143 1.27947 5.22911 37.0592 386.74 3.3327 0.193001 1.44806 60.5576 56.4287 30.6107 62.9106 0 61.141 14.8056 117.549 
25.2541 83.5146 4.8144 37.1393 10.0323 21.5473 26.3299 186.065 0 61.9344 164.913 16.427 35.1026 1.13273 2.34622 10.4501 26.8603 23.2041 25.5898 9.68657 41.5183 10.3555 0.415894 9.12439 36.9855 0 0.239181 17.3954 
26.4767 49.0962 7.36365 12.6318 0.380598 11.7272 60.3914 2.57805 22.834 20.9201 5.83087 120.155 22.3164 11.3107 1.84639 0.961229 15.6062 4.52649 22.6573 6.96144 22.5078 8.8165 2.39353 6.81514 39.9678 37.6386 0 3.00619 
60.7695 40.7739 14.8505 12.9701 5.76312 22.8085 71.6768 132.815 60.5745 46.782 49.9307 157.612 5.72527 10.6318 23.0859 8.26543 20.3616 6.01921 23.1343 11.1782 5.2874 4.64486 10.1463 14.3481 11.3196 59.8691 58.066 0 
