0 952.225 85.0931 570.557 34.8797 377.938 252.055 213.87 604.609 44.2469 164.395 3.15473 106.163 53.7441 0.0780544 56.8683 382.679 2.77137 64.9251 200.611 94.2636 15.0504 46.8467 39.1005 416.287 25.7499 16.4751 0.683875 
768.087 0 18.7629 381.307 349.051 433.543 2.76569 284.441 373.78 83.3352 6.9297 223.095 81.8167 29.8767 37.7008 9.86471 386.843 626.858 7.21527 1.5561 154.949 48.6671 55.6802 5.65217 430.76 9.64778 17.0745 57.2459 
102.458 384.988 0 13.201 17.1386 14.0467 246.065 139.765 397.936 42.7925 4.08516 21.8832 72.1385 16.7108 5.64097 24.4518 47.3551 13.5517 28.3303 16.3612 124.516 4.77599 1.11771 0.667075 21.3036 0.383736 1.43129 21.522 
572.922 380.391 234.335 0 155.818 438.45 180.669 454.471 506.681 102.587 13.9382 36.8326 1.19193 13.4223 36.3538 10.4674 400.684 136.159 10.6438 35.8295 239.66 0.618584 19.2227 1.84663 385.873 37.4122 3.08509 7.58466 
42.2102 130.734 19.2907 63.4606 0 32.059 201.329 220.71 8.06025 329.83 210.93 53.0769 106.36 28.4635 13.6232 19.2995 142.794 197.282 250.869 72.6958 128.342 21.6317 55.2051 55.3154 66.8514 42.1047 42.6987 46.8862 
402.007 388.314 66.5931 429.051 580.629 0 735.903 90.4822 788.531 734.186 0.0404251 2.83864 310.583 3.31598 0.630617 0.0145108 374.484 12.524 72.7925 9.30658 2.76457 17.2183 0.094156 6.39384 377.633 11.3867 13.7208 7.51861 
222.233 526.021 32.7938 27.3058 48.3871 311.575 0 276.592 1216.76 212.823 345.954 156.758 181.438 96.3657 86.0844 39.3905 79.8321 4.65437 6.72306 7.88284 121.194 8.33463 67.7936 16.9563 51.0012 86.0695 52.4317 1.2791 
303.982 34.1624 89.1484 376.451 152.611 6.93301 120.486 0 172.193 49.5971 24.2986 889.134 17.232 109.121 75.4875 5.87334 0.506749 138.638 75.2213 58.6453 24.6343 9.45201 96.4793 94.3129 117.27 176.866 96.887 133.291 
525.87 780.018 89.9875 429.141 350.524 790.761 23.7027 162.299 0 3.96424 1047.91 402.955 0.645005 17.3446 168.376 54.5238 379.383 128.703 3.19147 106.216 1.28715 47.6749 21.7875 62.83 376.261 0.565077 4.47942 72.901 
156.534 92.8553 82.0403 4.89187 314.636 69.2257 5.63826 180.057 356.97 0 132.932 76.4681 320.566 28.8951 112.587 71.536 0.148216 31.4928 97.8792 3.0526 89.599 30.3223 35.0999 3.26092 0.247997 4.59668 0.126389 50.7392 
20.6307 256.118 2.39785 176.851 12.2128 258.793 252.021 107.325 829.545 219.31 0 364.355 126.948 158.919 54.0329 205.424 76.8283 4.87519 126.174 15.777 147.549 69.2597 12.8769 32.5325 0.321419 6.33395 80.4096 4.03604 
66.3152 193.735 149.853 86.2698 179.336 153.593 42.9066 892.918 238.278 246.733 454.545 0 85.2311 96.1093 154.332 81.1714 25.4393 105.09 20.3547 1.82969 158.836 73.8337 8.75065 149.42 229.435 368.853 79.2512 146.157 
5.27395 19.1096 33.2981 62.5089 97.7079 133.061 9.783 142.263 164.571 331.623 247.46 131.643 0 0.868587 36.3746 50.9574 21.7168 104.839 1.85179 0.0106804 43.0487 90.2425 81.2226 0.0209319 0.496341 32.4098 39.1671 30.1236 
46.7324 52.5097 3.57918 23.197 14.1753 17.5102 34.3952 109.135 0.30137 48.3934 124.945 64.6199 86.0305 0 0.541707 2.02466 10.3391 51.2543 4.36054 1.37831 1.24035 8.52158 9.59172 3.84625 16.0373 8.45473 11.2862 11.1734 
69.351 22.5784 16.9244 7.27694 17.3007 0.00377607 141.924 45.1122 16.4935 28.2852 117.397 264.379 109.501 33.1894 0 36.4413 26.4578 8.65564 9.97806 11.7837 54.6078 16.7176 24.7185 0.650325 24.1474 1.88686 0.379156 19.0733 
53.9143 16.9513 1.03738 4.33016 49.9087 26.0825 62.7208 0.66717 113.783 87.1232 166.216 420.398 0.0235596 0.0408996 78.945 0 20.2351 10.9121 25.3684 3.70678 31.438 1.77151 7.90134 28.8379 21.7349 21.1509 10.8126 4.44709 
462.833 472.388 0.032944 386.854 31.4238 382.621 21.1065 95.8348 484.047 37.3968 14.2498 21.1717 17.2642 21.2013 0.422851 15.2479 0 51.8155 156.961 13.3425 66.9213 21.193 5.679 0.000446494 394.474 9.89501 21.3293 19.1924 
1.16892 3.33186 123.828 91.3367 100.14 77.487 54.9005 141.042 102.886 144.714 169.177 69.3958 103.08 53.3596 55.8442 61.7202 2.50267 0 51.8985 64.7 97.0167 40.9368 13.4832 20.707 55.1858 15.787 32.9477 0.712185 
62.4478 158.248 9.26962 17.3 129.535 10.8304 115.828 116.55 16.1583 117.262 118.781 66.3178 24.4891 1.63715 17.2817 26.1195 232.227 147.024 0 12.2791 72.4431 0.751781 10.3069 22.5585 3.84259 2.75842 0.849262 25.3155 
166.001 105.464 25.2021 41.1251 71.2355 14.4102 4.96757 93.6958 2.64116 7.7473 2.45478 74.5724 0.11763 4.36933 11.2841 1.16145 8.75529 36.468 35.6884 0 152.186 6.18191 1.23509 3.03046e-05 13.6857 3.89238 10.2599 0.548093 
70.6652 148.527 87.7896 172.384 0.110628 6.71434 73.5423 170.123 137.179 68.435 149.232 8.25573 77.8892 39.5753 33.6375 31.9892 13.5935 5.75306 62.7193 2.17451 0 27.8475 2.15239 43.0457 20.6949 44.3823 41.2519 18.0734 
5.31784 12.3625 12.157 2.01373 48.4324 1.24435 61.5888 17.0658 51.615 0.67332 60.177 48.8649 89.8705 9.80128 0.580987 10.6419 0.268275 4.04455 0.129824 1.59813 32.0904 0 11.1662 14.0035 6.41797 0.0881911 0.990333 4.01026 
39.3573 56.319 1.68267 19.4037 38.5019 3.16551 72.1446 56.0085 0.831816 56.685 5.60156 4.62408 85.0542 9.44652 23.7329 4.28638 0.334859 2.82312 14.9648 4.11283 33.9211 2.25475 0 18.5333 7.16142 1.02957 4.64084 0.282076 
0.203287 0.28528 15.2405 16.2069 27.0447 15.0658 4.59771 12.4316 81.5832 40.772 0.317491 140.241 28.5037 8.34125 26.1882 16.6633 19.6445 44.9822 0.0498277 4.49821 23.4925 14.1092 3.51885 0 14.5859 15.7855 10.0932 10.3905 
446.803 377.18 28.1029 373.409 21.5859 387.911 82.2827 168.72 499.475 12.4613 9.15451 333.803 17.3419 1.7679 6.70431 12.539 392.303 2.55052 0.0850794 1.73072 60.5265 15.1489 30.0163 57.8068 0 37.7835 146.514 116.503 
21.8562 83.3476 3.73144 39.1516 8.25146 20.4213 31.0888 203.87 0.55223 64.9033 161.828 0.351099 33.0973 0.766618 3.62817 13.5497 27.0271 25.1832 26.2227 10.0125 39.2758 10.2269 0.252639 10.0796 34.516 0 0.0033204 25.2047 
25.039 49.9558 7.94397 11.7156 0.198898 12.2859 60.1563 4.06293 25.2454 19.5159 7.46863 118.978 23.2686 11.307 2.27167 0.650628 15.9882 3.94016 22.3964 7.20711 23.5812 8.51151 2.79321 5.97397 38.1771 36.9411 0 9.88027 
60.9617 42.8228 15.6412 14.368 4.79956 22.8984 72.4441 130.246 56.4417 48.3815 44.8382 148.754 6.62498 10.9068 23.277 7.05974 19.9672 6.91138 23.5578 11.2758 6.22065 4.89008 10.1319 14.2235 10.2331 62.7939 44.1288 0 
