0 747.123 98.245 344.956 27.0959 182.795 257.262 200.553 403.882 40.0382 168.385 1.59512 105.353 53.6151 0.218347 58.7924 187.791 1.11086 61.8553 175.983 84.0174 15.5581 46.9346 40.1547 224.433 23.9101 15.7629 0.940071 
519.961 0 49.2184 197.112 305.339 253.131 12.7586 279.596 180.206 73.392 4.06918 222.359 77.8204 28.3159 40.2693 8.54364 190.729 472.772 4.92684 0.565167 158.52 48.2928 55.3509 6.3406 238.728 8.42122 17.812 56.5 
115.717 333.509 0 0.818611 12.0287 11.3182 240.955 122.658 357.896 47.144 8.12249 27.2209 72.5689 16.711 4.79906 24.625 48.3396 9.85058 26.6035 17.272 122.968 4.95177 1.27118 0.534604 20.6704 0.219052 1.2701 21.3568 
410.576 195.769 226.783 0 152.733 243.835 173.881 721.503 335.656 103.851 9.9076 27.6261 1.63628 12.8779 35.7073 9.12801 208.472 138.61 9.51054 34.0727 184.674 0.535511 19.1329 2.19722 193.539 36.2539 3.40204 8.23068 
33.7196 94.1019 25.4873 57.089 0 73.9214 171.469 221.902 14.2552 325.083 203.088 57.3113 100.664 26.9559 11.9004 20.7709 140.071 190.556 264.209 74.9109 127.313 20.7254 54.9031 55.5661 67.0862 43.4898 42.2596 46.1989 
204.501 188.537 66.1615 233.377 462.396 0 818.299 100.408 559.104 539.533 0.60535 4.46572 603.858 2.88512 0.313986 0.0727518 181.396 15.0242 69.9458 9.89735 2.16949 17.5102 0.0482671 6.03919 184.597 12.0763 13.4359 7.12405 
230.948 520.264 22.2844 20.7487 31.0933 487.782 0 298.459 1058.62 259.563 375.429 168.139 187.783 96.7092 80.4889 36.3242 82.0627 7.40642 4.77711 9.40167 123.692 9.12551 66.9569 15.6446 53.2671 84.0986 51.758 0.922107 
300.016 42.4144 73.5437 374.6 145.973 3.84167 99.3402 0 223.6 43.1186 33.8801 968.409 19.5397 111.788 67.7881 2.01453 0.794969 134.605 77.5578 61.9557 28.9568 10.2105 95.2099 89.8289 125.408 165.534 96.0126 132.131 
342.615 582.059 132.363 219.744 353.848 561.808 129.742 212.895 0 10.1867 1715.54 402.97 0.111841 15.1016 222.699 59.9528 186.967 121.942 2.07387 106.466 0.567779 46.5894 19.6595 65.208 181.773 1.31608 5.1468 70.8948 
156.657 103.289 77.9569 6.44288 304.547 106.646 0.0890846 186.239 368.396 0 88.141 67.6529 310.758 26.171 117.01 74.1391 0.333697 34.7492 100.892 2.52967 90.7051 31.7044 36.5929 2.63822 0.496267 5.65156 0.0604644 51.4473 
24.2429 251.644 0.506255 182.42 8.45391 250.629 218.392 123.908 855.254 165.217 0 394.789 137.22 148.63 82.5695 212.495 78.1295 3.58844 127.013 14.4128 148.179 70.1986 10.333 36.1665 0.0291178 4.09944 81.2025 5.12983 
73.5002 188.766 156.036 99.6817 179.695 155.375 51.4517 788.665 258.532 246.327 430.284 0 89.2632 102.973 171.294 129.407 24.1841 102.042 21.843 1.26772 160.694 73.2899 10.9335 156.124 216.567 346.244 82.2836 151.258 
4.32873 16.5086 31.4756 63.6172 103.432 126.765 13.6912 143.571 159.074 330.537 250.339 134.65 0 2.99301 31.7968 48.2845 20.7352 105.254 1.35659 0.0444838 41.8798 89.9182 78.9763 0.00780288 0.315745 31.3223 39.0994 29.4639 
46.0274 51.0939 3.95573 23.2021 15.4331 17.997 37.225 106.282 0.723766 45.5106 113.552 71.4994 76.0054 0 0.0636452 2.85368 10.0505 50.8757 4.6926 1.31366 1.01878 8.25927 9.35513 3.36121 15.8621 8.09156 11.3008 11.0473 
69.8841 24.8304 18.0931 8.19036 15.3935 0.03014 142.395 52.065 11.1815 23.2701 153.501 257.087 106.539 40.8087 0 48.3732 26.1655 9.55705 10.6163 11.7819 54.0901 16.5359 24.2613 0.306096 24.9758 2.48173 0.487802 18.6219 
51.8839 18.6819 0.749718 5.33812 48.3283 26.3874 59.5868 0.0377826 108.809 85.6158 154.663 457.621 0.0202951 0.00681679 70.0507 0 19.9259 11.7854 25.7416 3.89078 30.1299 1.95694 7.36645 28.1291 20.403 22.769 10.4042 3.92001 
267.439 274.255 7.1336e-05 192.275 27.5116 188.118 19.1479 95.1012 289.765 39.1599 15.4491 19.9908 18.1968 21.3121 0.325508 14.8859 0 39.1983 396.974 13.9448 67.2191 21.1684 5.47966 0.00566665 201.273 10.2528 21.4238 18.9631 
2.86233 8.76441 117.517 86.2212 108.909 81.3073 47.6707 144.865 109.714 145.481 168.215 66.142 102.357 53.4582 54.7827 61.6907 6.73739 0 56.4505 62.6889 94.8685 40.7465 12.9034 20.0049 55.6827 16.7394 32.4712 0.889743 
59.3686 161.483 10.5453 15.9382 148.482 13.1964 120.34 116.588 18.9117 118.813 120.361 64.5758 22.8513 1.43168 16.5658 25.758 218.918 145.485 0 12.9526 72.5742 0.643408 10.6249 22.7064 3.55783 3.03108 0.755288 25.4677 
150.913 110.52 25.7052 42.4591 73.5014 15.001 3.85712 90.9822 1.85936 6.93551 1.89329 72.6556 0.202845 4.32732 11.3618 1.04181 8.22366 34.2532 35.8908 0 116.769 6.15621 1.18449 0.00197813 13.6346 4.10364 10.1893 0.478397 
61.2169 152.484 83.2671 163.28 0.00593767 7.69976 70.0454 174.974 141.728 70.1883 149.153 6.52491 77.9064 39.1053 34.6688 33.2968 14.4488 6.88654 63.5293 0.257128 0 28.0932 2.41448 42.5621 21.7415 43.2344 41.5348 17.3235 
5.6767 11.7097 12.2217 2.16438 49.0915 1.44462 61.2366 18.0084 52.6239 0.415278 58.9129 47.522 90.2168 9.98198 0.443804 10.4777 0.21901 3.74548 0.0867928 1.53763 31.9841 0 11.7145 13.9156 6.48852 0.0611436 0.899646 3.88307 
38.7726 56.0725 1.8649 19.3627 39.4236 3.44942 72.3075 58.6308 0.42375 57.4005 7.55335 3.21572 86.666 9.63386 23.0336 4.8148 0.279786 2.52222 15.2687 4.11525 33.5075 1.82374 0 16.9645 6.36925 0.885854 4.89961 0.344481 
0.0910851 0.464636 15.1208 16.8497 28.0108 14.7848 5.39395 15.2743 79.62 39.4034 0.0406692 147.539 26.5969 7.92065 25.4476 14.4649 19.5195 45.3372 0.0247417 4.58694 24.2732 14.0757 2.02869 0 12.3227 15.537 10.5686 10.6657 
253.712 184.427 27.9629 179.983 20.4399 195.049 83.6346 162.827 304.977 13.8168 6.97068 311.674 18.3396 2.05665 7.54544 3.68421 199.129 2.17426 0.045304 1.89027 60.4529 8.56982 29.562 54.0028 0 63.5294 150.789 53.3452 
20.1065 83.1247 3.20171 40.1142 7.36373 19.7964 33.7154 211.928 1.29638 66.3715 159.499 1.6053 32.0143 0.598806 4.4098 15.2556 27.102 26.2493 26.546 10.1784 38.0613 10.1519 0.181752 10.5804 33.0937 0 0.0298361 29.588 
24.2728 50.3871 8.25633 11.2305 0.125806 12.5812 59.9865 4.98621 26.5582 18.773 8.41674 118.11 23.7729 11.2962 2.51413 0.508855 16.1893 3.64249 22.2503 7.33665 24.1523 8.34659 3.01567 5.53775 37.1494 36.4241 0 14.9583 
61.0051 43.8974 16.0522 15.1208 4.31851 22.924 72.771 128.538 54.2167 49.1908 42.1562 143.465 7.127 11.0417 23.3393 6.43802 19.7511 7.40836 23.7746 11.321 6.74508 5.02123 10.115 14.1386 9.64175 63.5023 36.703 0 
