0 530.293 118.121 117.78 17.0993 1.13628 263.178 179.876 212.11 33.9937 173.915 0.240627 103.969 53.3504 0.560467 61.5789 6.03014 0.0182368 57.2341 151.394 69.2126 16.3255 47.0184 41.7031 47.0008 21.2253 14.7114 1.3991 
255.266 0 116.937 37.3057 238.056 94.1081 40.7558 270.609 5.34611 59.1894 1.18654 220.424 71.8111 26.003 44.1642 6.72254 7.43125 654.065 2.29458 3.8082e-05 163.401 47.6938 54.7927 7.43825 60.9899 6.72214 18.9329 55.325 
135.239 245.631 0 22.1116 5.97518 7.68398 229.372 97.5291 288.273 53.7773 16.6218 36.1064 73.0458 16.6658 3.6455 24.7956 49.7161 5.35167 24.0398 18.6074 120.009 5.21748 1.51763 0.362579 19.6891 0.0576714 1.04524 21.0767 
273.372 35.3816 90.6451 0 147.248 61.9073 162.367 585.935 189.701 105.347 5.10212 16.0715 2.43083 12.0563 34.6363 7.24915 30.5311 141.648 7.91099 31.3164 807.154 0.421793 18.9696 2.77441 15.4657 34.3966 3.90208 9.23169 
22.5594 48.646 36.0967 47.8469 0 145.75 128.521 222.86 26.6457 313.67 190.593 63.8177 92.0371 24.725 9.50652 23.0387 135.497 179.712 280.764 78.0702 125.543 19.3817 54.3876 55.8817 67.3546 45.5428 41.5785 45.136 
19.0703 2.38035 64.8467 49.9975 462.006 0 1603.2 115.382 314.696 585.054 5.01901 7.56777 297.584 2.28742 0.0434304 0.243231 2.25919 19.1336 65.4058 10.7935 1.40883 17.9267 0.0078835 5.51691 5.45548 13.1188 13.0028 6.54353 
242.519 498.231 10.0679 12.4515 11.9595 744.201 0 328.795 726.905 328.846 414.752 184.873 196.363 96.8929 71.9972 31.8374 85.2993 12.6747 2.46636 11.8996 127.208 10.3667 65.5834 13.7502 56.6296 80.9394 50.7059 0.494914 
291.763 56.1406 52.0718 399.039 135.766 0.888979 70.3984 0 306.039 34.0698 50.8659 1027.34 23.2281 115.415 56.5949 0.00925398 1.34698 128.34 80.9972 66.8979 35.9789 11.3925 93.0858 82.93 137.189 147.503 94.5326 129.94 
177.733 390.541 204.03 20.5255 355.468 317.892 415.088 294.699 0 24.6859 1749.53 398.972 0.136235 12.4341 255.47 68.2523 8.87449 111.719 0.843582 106.579 0.0327649 44.9375 16.6271 68.7039 0.803988 3.02022 6.22801 67.8071 
156.303 119.172 71.6028 9.13849 285.703 193.678 7.92362 194.793 380.517 0 36.2363 55.0928 290.831 22.2311 122.782 77.7786 0.750289 39.8339 105.129 1.83377 92.2502 33.7725 38.8014 1.82305 1.02688 7.41914 0.00661796 52.4423 
30.1208 243.667 0.299442 189.683 4.0792 235.436 169.052 149.823 901.792 94.1454 0 435.802 152.482 132.324 133.065 220.836 80.0123 2.02161 128.015 12.461 148.849 71.5261 7.00546 41.8293 0.179821 1.6416 82.2883 7.00163 
84.6234 180.738 164.474 120.405 179.795 157.372 65.3636 599.367 287.706 244.297 388.391 0 95.2612 112.993 195.628 213.44 22.3391 97.3823 24.1449 0.61584 163.116 72.388 14.6129 165.164 242.585 303.127 86.7122 158.151 
3.07984 12.9247 28.7681 65.1789 111.898 128.634 20.6804 145.24 150.384 322.92 253.14 138.89 0 8.4845 25.3166 44.2307 19.2856 105.731 0.756391 0.138495 40.1215 89.0559 75.2562 0.191549 0.120852 29.6805 38.9728 28.4619 
44.9194 48.9142 4.54424 23.1608 17.3902 18.685 41.5442 101.678 2.05375 41.1597 96.3563 81.9619 61.0856 0 2.96621 4.30637 9.61903 50.2573 5.20853 1.21855 0.726478 7.84894 8.72272 2.66824 15.5573 7.53728 11.3113 10.8424 
70.5575 28.3356 19.8349 9.63282 12.7048 0.27632 142.253 63.0334 5.22245 16.5001 210.59 242.605 101.469 50.9405 0 65.5376 25.7093 10.9781 11.5962 11.7665 53.2528 16.2321 23.3342 0.0293255 26.1462 3.51078 0.675628 17.9141 
48.7789 21.3877 0.40364 7.01535 45.9185 26.7665 54.8347 2.91909 101.026 82.9902 136.457 490.537 0.343397 0.25877 53.5819 0 19.452 13.1426 26.2802 4.16938 28.1727 2.24875 6.54899 26.5013 18.37 25.061 9.78859 3.18 
84.5757 87.2964 0.0860628 10.8458 22.0351 6.83309 16.3537 93.8909 108.553 41.813 17.3204 18.2651 19.6231 21.4651 0.203145 14.3401 0 23.1647 223.554 14.8554 67.6066 21.1221 5.18477 0.024492 21.8389 10.7942 21.5581 18.6127 
6.77278 43.499 107.543 78.4274 122.141 86.8829 37.5651 150.327 119.947 146.25 166.407 61.2981 101.136 53.55 53.1342 61.5694 16.7897 0 63.4119 59.5803 91.5401 40.4393 12.0483 18.9585 56.377 18.2003 31.746 1.19235 
54.7485 165.591 12.5785 13.9664 176.863 17.098 126.762 116.45 23.3849 120.73 122.502 61.9283 20.4641 1.14807 15.4995 25.1948 195.12 142.656 0 13.9774 72.6973 0.496272 11.1032 22.9137 3.14865 3.46133 0.624373 25.6818 
127.022 117.577 26.3577 44.2277 76.746 15.8735 2.44562 86.7226 0.940134 5.79123 1.18517 69.6834 0.373613 4.26108 11.4664 0.873219 7.44788 30.9807 36.1448 0 68.5037 6.11498 1.10979 0.0105926 13.5433 4.42545 10.0781 0.382407 
47.9321 157.985 76.28 131.279 0.0937672 9.2891 64.8123 181.731 148.264 72.7606 148.756 4.29803 77.8659 38.3695 36.202 35.2516 15.767 8.76478 64.6889 11.981 0 28.452 2.8339 41.7999 23.3322 41.4783 41.9346 16.2135 
6.23319 10.7541 12.3097 2.39891 50.0382 1.77063 60.6348 19.4521 54.1006 0.144103 56.967 45.4856 90.3569 10.2251 0.271929 10.2161 0.154398 3.31644 0.0383985 1.4484 31.8117 0 12.4829 13.738 6.60022 0.029803 0.771212 3.69394 
37.8643 55.6367 2.15253 19.2719 40.7794 3.89166 72.4121 62.5237 0.066872 58.346 10.9871 1.57299 88.6441 9.61569 21.7697 5.6267 0.206336 2.10098 15.7191 4.11606 32.8672 1.25331 0 14.0887 5.24675 0.688877 5.29317 0.449281 
0.00608061 0.814447 14.9148 17.7971 29.4601 14.3447 6.69654 20.0092 76.5412 37.3121 0.116442 157.604 23.7879 7.24209 24.1413 11.1904 19.3225 45.8356 0.00340669 4.71749 25.4433 13.9786 0.516444 0 9.25724 15.1132 11.2768 11.0666 
74.3156 5.79166 27.6854 0.359934 18.7549 16.1283 85.4865 153.066 123.228 15.9477 4.23054 218.018 19.8622 2.52424 8.86849 2.20386 19.7397 1.66427 0.0089345 2.14056 60.2682 28.3998 28.707 48.3328 0 114.455 32.7295 41.2937 
17.5749 82.617 2.47426 41.4016 6.11672 18.832 37.7483 221.872 2.99053 68.4112 155.151 16.2481 30.3776 0.384429 5.69825 17.833 27.1957 27.8589 27.0113 10.4166 36.2209 10.0312 0.0969838 11.315 30.8466 0 0.268035 36.2175 
23.1258 50.9976 8.72761 10.5092 0.0473727 13.02 59.6744 6.53751 28.5575 17.6685 9.93288 116.501 24.5242 11.2686 2.8973 0.328116 16.4872 3.21614 22.0225 7.52883 25.0064 8.09661 3.36049 4.90257 35.5048 35.4672 0 24.0638 
60.9929 45.482 16.6529 16.255 3.64088 22.9332 73.1526 125.55 50.8632 50.3442 38.195 134.883 7.90754 11.2282 23.3805 5.5393 19.4197 8.18052 24.0877 11.3799 7.56497 5.21824 10.0776 13.9876 8.75736 63.4139 26.0968 0 
