0 191.845 192.492 0.219862 0.713498 3.70118 260.005 86.5806 147.656 11.9688 191.1 8.83464 95.3837 51.1307 4.00011 72.212 0.859564 15.6728 36.9441 95.6776 17.01 19.8337 46.6782 48.0487 57.4947 10.6343 10.2812 4.53312 
2.64698 0 456.891 183.937 13.8117 187.835 295.748 208.925 96.0618 11.6148 9.52805 200.001 45.5356 16.2713 61.6606 1.14145 0.220995 720.353 2.83052 10.9412 177.427 44.4752 51.3715 13.2478 69.5817 1.36067 24.1411 49.2923 
201.156 1.64252 0 292.615 5.06893 0.00238863 135.015 12.8747 15.119 82.8938 83.8152 85.1875 72.6497 15.8022 0.350046 24.226 54.2324 2.16736 13.3581 23.8254 98.4404 6.43088 2.84138 0.000239068 14.9582 0.615722 0.296923 19.369 
337.944 180.974 198.027 0 112.209 48.1483 98.0201 77.886 310.863 105.904 3.24449 3.26275 7.80144 8.39061 28.5421 1.26448 39.1913 145.163 2.40223 18.1986 377.189 0.0762415 17.8283 6.04389 24.1429 24.7845 6.48044 14.0914 
0.0426418 36.17 96.3655 14.1827 0 326.141 4.89909 214.839 119.333 211.667 127.606 94.4212 54.0585 15.3789 1.91062 33.8847 108.856 123.418 293.125 89.3483 114.438 13.6561 51.1804 56.3902 67.3039 54.2223 38.2073 39.9402 
2.57774 22.9654 50.28 32.1952 887.827 0 654.675 176.793 30.9047 239.091 71.2349 30.3197 198.533 0.417668 1.87106 2.19521 7.43703 41.9153 42.5875 14.8471 0.0124023 19.4494 0.249474 3.36114 9.38533 17.7796 10.9944 4.1422 
267.838 256.217 15.6727 1.56541 38.4136 208.174 0 408.34 207.701 508.693 484.556 249.152 218.404 92.8363 35.383 14.2617 97.8628 51.2559 1.49732 25.915 139.183 16.6715 57.8206 6.5052 70.7617 64.328 45.4223 0.208358 
225.592 131.944 0.256824 404.682 88.4904 13.1012 0.472457 0 622.009 5.65598 155.837 456.898 42.6924 125.455 15.9135 45.0674 5.55946 97.9408 95.1608 87.9155 73.8757 17.3013 80.6155 51.1918 179.124 63.6186 85.5614 113.971 
234.709 277.611 464.136 14.7478 314.066 32.5911 1206.74 616.367 0 149.589 1194.22 326.413 12.2472 10.5228 308.287 105.322 19.2209 66.7808 2.06064 103.233 5.68651 37.2607 5.79027 82.9084 1.92329 18.6758 12.2014 53.1074 
146.907 187.126 41.8734 26.0042 164.27 518.709 235.225 220.407 355.383 0 92.8274 12.4843 151.141 7.67944 133.527 89.296 4.62153 64.85 119.153 0.0766889 97.3895 42.757 47.9742 0.0101138 5.66656 17.7814 0.433355 55.8411 
62.1637 192.039 36.5846 203.789 4.05195 137.632 12.8748 268.023 421.615 35.378 0 517.547 213.451 57.0806 365.822 220.887 87.3451 0.516504 128.638 5.25529 147.754 76.2022 0.000852318 69.0939 9.40444 4.33224 85.553 18.5601 
136.779 138.056 187.013 208.94 173.789 156.011 138.642 0.531761 384.691 215.326 164.406 0 120.65 150.153 268.635 494.46 14.6993 75.5885 35.3609 0.572147 168.325 67.1267 36.2175 187.016 288.676 69.1295 104.177 175.746 
0.0743066 2.03836 17.3482 70.5539 146.264 112.117 65.9172 148.26 106.9 215.173 242.815 153.417 0 60.0611 4.34044 26.2925 13.1899 105.698 0.215903 1.19576 32.232 79.9223 54.6233 3.96611 0.381373 22.2846 38.0384 23.8252 
39.276 38.5181 7.44194 22.2637 27.0196 21.0376 61.1622 77.2836 17.7493 22.3635 28.4418 126.922 8.96718 0 47.6312 12.4021 7.71419 46.7689 7.76362 0.822766 0.0199275 5.83108 3.41758 0.411226 13.6223 5.00878 11.1889 9.70655 
71.6543 45.3904 27.0478 16.9083 3.56002 4.30797 129.429 115.635 10.2776 0.190028 400.809 140.991 71.6853 52.0221 0 78.7002 23.4163 18.2743 16.2581 11.509 48.6513 14.4405 16.3246 2.34137 30.0886 9.79175 1.87261 14.3744 
34.4289 34.7968 0.16965 16.4379 34.7703 27.2581 33.7232 66.3553 63.6995 66.6074 54.4638 286.464 6.50329 5.33798 0.0313498 0 17.1927 19.8459 28.3573 5.43759 19.6341 3.73298 3.00808 13.5727 9.52999 32.0651 7.03752 0.739407 
69.5408 55.2629 2.4466 5.13774 4.40006 2.20653 6.2332 86.9081 100.382 53.6131 26.6825 11.272 26.3617 21.952 0.0081546 11.8706 0 4.0467 223.687 18.9931 68.4508 20.7757 3.92669 0.271456 23.8571 13.2762 22.0467 16.9503 
42.7598 109.674 59.7126 43.8792 178.622 108.424 5.94672 170.084 163.626 143.976 153.153 40.5399 93.7322 53.1296 45.0268 59.8944 105.514 0 95.1255 44.7048 75.3244 38.7426 8.45512 14.4047 58.7086 25.1465 28.3493 3.0771 
34.65 172.095 23.1102 6.40773 279.471 38.4505 149.032 112.98 47.7398 122.977 128.502 49.7005 10.992 0.251905 10.8954 22.3849 99.0216 122.945 0 18.718 72.1577 0.0687544 13.253 23.621 1.59341 5.68909 0.187354 26.4288 
29.5691 138.988 27.6391 48.1724 88.5116 19.4768 0.0676635 65.5429 0.660226 1.84308 0.0454849 55.2461 1.76666 3.91853 11.7545 0.289073 4.33503 17.4712 36.5329 0 22.4858 5.89083 0.794558 0.133056 12.9206 5.9207 9.50164 0.0814829 
6.56053 175.27 44.1466 84.3091 4.08332 17.9013 42.1293 203.092 172.331 83.27 142.935 0.0141522 76.7048 34.6451 42.7812 43.7604 22.1484 19.6563 69.0171 212.104 0 29.913 5.09074 37.8729 30.6746 33.2336 43.3572 11.4997 
8.98553 6.85611 12.5668 3.57177 53.6183 3.58678 56.8854 26.3021 60.1121 0.660974 47.6205 36.1476 85.4295 10.8665 0.0182558 8.84052 0.00293859 1.69039 0.0616754 1.07173 30.8484 0 14.863 12.306 7.13229 0.026833 0.311081 2.87391 
33.3734 52.7315 3.62903 18.4393 46.3897 6.0772 70.8127 78.8626 2.25989 60.5877 32.9125 1.41467 90.5502 5.74187 13.8274 9.20636 0.0136278 0.669624 17.6466 4.0781 29.7189 0.00157388 0 1.26004 1.53223 0.101392 7.10868 1.07889 
0.859723 3.55231 13.6209 21.6791 35.8856 12.1358 14.0117 46.9029 61.1512 27.6096 7.60072 185.52 12.3904 3.87205 16.1525 0.727726 18.3029 47.5455 0.149395 5.26006 30.626 12.8764 5.85054 0 2.62395 12.5521 14.2971 12.6529 
74.588 13.1671 25.4872 3.67252 11.8046 20.4438 90.9703 100.044 109.812 26.6799 0.371224 7.49374 26.9697 5.05533 15.4121 58.1153 21.996 0.204484 0.191572 3.41209 58.3555 18.4103 22.6275 52.3883 0 85.45 148.418 108.702 
7.91033 77.8477 0.323261 44.5799 1.86843 14.2281 56.5271 229.919 18.6061 74.8542 124.702 218.108 22.9731 0.00678279 12.763 28.1232 27.3392 35.1405 28.7915 11.3099 27.829 9.37308 0.0434476 14.221 19.8546 0 4.13908 59.8576 
18.0596 53.1762 10.8606 7.40871 0.159451 14.9083 57.4389 15.794 37.8602 12.9073 18.0119 105.021 27.7954 10.9772 4.87785 0.00421795 17.7659 1.60921 20.8728 8.35517 28.778 6.94352 5.04495 2.41341 26.5114 28.8345 0 72.1765 
59.7986 52.0954 19.0661 21.2981 1.28077 22.5419 73.2312 106.538 35.933 54.5384 21.8427 89.9922 11.7845 11.8147 22.7946 2.17186 17.8305 12.0146 25.306 11.5087 11.7038 6.10171 9.73554 12.9754 5.44709 47.4376 0.0178472 0 
