0 188.324 192.957 0.0650146 0.794014 3.61455 259.748 85.7846 146.82 11.8115 191.195 9.02316 95.2876 51.1025 4.04594 72.2932 0.647576 15.9673 36.7652 94.0781 16.6731 19.8663 46.6696 48.1019 57.3955 10.55 10.2429 4.57 
2.02186 0 458.247 185.233 12.9316 188.386 298.484 208.228 97.1317 11.3326 9.76477 199.729 45.3051 16.188 61.8178 1.11103 0.0291709 712.402 2.93067 11.1396 177.492 44.4417 51.3333 13.3075 69.4615 1.32959 24.1902 49.2315 
201.503 2.11764 0 292.539 5.26474 0.00569536 133.967 12.4268 14.0362 83.142 84.5923 85.6813 72.6267 15.7893 0.335446 24.2107 54.2604 2.27176 13.2687 23.8655 98.1881 6.44215 2.85508 9.9923e-05 14.913 0.630593 0.292084 19.35 
337.139 182.274 202.349 0 111.825 47.8038 97.3831 202.41 311.347 105.862 3.38056 3.46075 7.86401 8.35762 28.4777 1.23095 39.079 145.116 2.36537 18.0793 275.715 0.0743388 17.8148 6.07865 24.0344 24.6898 6.50651 14.138 
0.064047 37.5984 96.9648 13.9513 0 328.931 4.50898 214.673 120.392 210.46 127.001 94.7076 53.7272 15.2993 1.8666 33.988 108.573 122.867 292.739 89.4271 114.313 13.606 51.1443 56.3879 67.2938 54.2971 38.174 39.8893 
2.30826 23.3169 50.0925 31.8348 931.334 0 537.518 177.269 29.234 218.531 72.1252 30.5883 280.443 0.407162 1.91051 2.2218 7.30752 42.1508 42.3698 14.8839 0.015235 19.4606 0.254909 3.34298 9.23528 17.8215 10.9755 4.12186 
267.848 253.46 16.1866 1.67882 39.4909 197.175 0 408.539 218.9 508.76 484.248 249.625 218.469 92.7626 35.0768 14.1251 97.9614 51.7083 1.5612 26.062 139.262 16.7347 57.7379 6.44917 70.8818 64.1607 45.3697 0.218285 
224.805 132.708 0.195678 402.348 88.0587 13.4017 0.376608 0 623.681 5.50015 156.944 448.475 42.8913 125.496 15.6374 45.8416 5.61127 97.6495 95.2797 88.0948 74.2617 17.3601 80.4806 50.906 179.399 62.9092 85.4623 113.781 
234.934 276.04 464.974 15.1473 313.343 30.8826 1198.54 618.144 0 151.042 1351.84 325.389 12.4468 10.5778 307.654 105.645 19.1426 66.3883 2.12343 103.174 5.79901 37.1885 5.71388 83.0249 1.78913 18.8759 12.2646 52.968 
146.763 187.682 41.6054 26.1906 163.017 517.266 238.144 220.534 354.565 0 95.4631 12.22 149.7 7.57515 133.5 89.3602 4.67198 65.0917 119.24 0.0712394 97.4224 42.8362 48.0514 0.00790936 5.72581 17.8931 0.442395 55.8638 
62.4936 191.466 37.1713 203.768 4.20303 136.619 12.2087 269.036 417.502 37.1035 0 517.375 213.921 56.4463 367.274 220.597 87.4034 0.545392 128.614 5.20182 147.713 76.235 2.38968e-05 69.3504 9.55184 4.46152 85.5704 18.6887 
137.257 137.626 187.089 209.633 173.685 155.919 139.361 0.987135 385.232 214.921 162.407 0 120.867 150.413 268.924 494.78 14.6342 75.3841 35.4701 0.593912 168.329 67.0693 36.4483 187.056 288.649 67.3766 104.316 175.796 
0.0669779 1.9806 17.251 70.5901 146.541 110.885 66.417 148.253 106.48 213.789 242.549 153.513 0 60.6721 4.2226 26.1354 13.1373 105.681 0.227555 1.21031 32.1597 79.801 54.4124 4.0227 0.392462 22.2171 38.027 23.7817 
39.2192 38.4189 7.46995 22.2501 27.1134 21.053 61.339 77.0383 17.9622 22.2033 27.9545 127.295 8.67761 0 48.0401 12.477 7.69692 46.7315 7.78879 0.819373 0.0181078 5.81165 3.36498 0.398887 13.6006 4.98582 11.1865 9.69457 
71.6494 45.5536 27.1068 16.9795 3.50036 4.36586 129.223 116.114 10.5657 0.161235 401.431 139.912 71.3748 51.6617 0 78.2054 23.3934 18.3477 16.3027 11.5052 48.6028 14.421 16.2447 2.3883 30.1135 9.85942 1.88623 14.3397 
34.2967 34.9272 0.177706 16.535 34.6667 27.2532 33.5368 67.2459 63.3539 66.4281 53.7918 282.8 6.59417 5.40803 0.0655692 0 17.1709 19.9119 28.3737 5.44928 19.5585 3.74779 2.97882 13.4354 9.45626 32.0976 7.01268 0.724386 
69.2019 54.7864 2.48303 4.9053 4.29709 1.9873 6.1602 86.8325 100.1 53.7193 26.7756 11.2137 26.426 21.955 0.00908699 11.8478 0 4.30591 202.787 19.0313 68.4517 20.7714 3.9156 0.27496 23.6854 13.2994 22.0503 16.9343 
43.2143 111.108 59.2794 43.5783 179.093 108.589 5.77609 170.225 163.997 143.911 152.993 40.3591 93.65 53.1194 44.9473 59.8704 106.56 0 95.4113 44.5638 75.1672 38.7245 8.424 14.3642 58.7239 25.2129 28.317 3.09841 
34.4744 172.06 23.2154 6.34946 280.079 38.6662 149.179 112.927 47.9912 122.948 128.528 49.5863 10.9155 0.246608 10.8548 22.357 98.4737 122.716 0 18.7623 72.1445 0.0666146 13.2728 23.6257 1.58129 5.71175 0.184491 26.434 
28.9296 139.093 27.6377 48.1757 88.5955 19.5069 0.076754 65.3374 0.687228 1.81636 0.0507741 55.107 1.78425 3.91506 11.7557 0.285089 4.30943 17.3586 36.5306 0 23.6351 5.88846 0.79182 0.134818 12.9133 5.93474 9.49575 0.0797219 
6.34728 175.367 43.8595 84.9187 4.14721 17.9908 41.9304 203.213 172.506 83.3577 142.851 0.0194198 76.6866 34.6078 42.8389 43.8357 22.2104 19.7742 69.05 214.273 0 29.9253 5.11429 37.8329 30.7432 33.1558 43.3674 11.4586 
9.01271 6.82343 12.5681 3.58349 53.646 3.60606 56.8431 26.3675 60.1624 0.678978 47.5308 36.0608 85.3429 10.8688 0.0199368 8.8265 0.00260814 1.67773 0.0637341 1.06845 30.8381 0 14.8753 12.2883 7.1371 0.0278635 0.307754 2.86659 
33.3292 52.6977 3.64387 18.4285 46.4373 6.09859 70.7823 79.0011 2.30889 60.5926 33.1566 1.46877 90.5131 5.68767 13.7443 9.23649 0.0129069 0.660008 17.6636 4.07744 29.6879 0.000872815 0 1.195 1.5101 0.0983585 7.1256 1.08587 
0.877001 3.58622 13.6063 21.7112 35.9436 12.114 14.0893 47.1834 61.0002 27.5195 7.72222 185.623 12.2974 3.84124 16.0688 0.685479 18.2925 47.5571 0.152592 5.26469 30.6729 12.8614 5.97512 0 2.62742 12.5243 14.3231 12.6657 
74.3855 13.0574 25.46 3.52835 11.746 20.2926 90.998 99.519 109.463 26.7858 0.401961 46.0227 27.0366 5.08134 15.4748 57.7427 21.8267 0.197493 0.195897 3.42483 58.3298 17.5356 22.5574 52.655 0 87.7048 153.398 112.642 
7.83622 77.7856 0.312579 44.5879 1.84011 14.1845 56.7003 229.701 18.8059 74.8911 124.352 220.423 22.9052 0.00790264 12.8346 28.1984 27.3383 35.2074 28.8054 11.3167 27.7516 9.36615 0.0454765 14.2439 19.7519 0 4.19461 59.9875 
18.0139 53.1919 10.8803 7.38148 0.164036 14.925 57.4121 15.8954 37.9477 12.8652 18.0951 104.885 27.8247 10.9733 4.8979 0.00502105 17.7772 1.59674 20.8613 8.36248 28.8121 6.93271 5.06132 2.39373 26.4172 28.7582 0 72.5657 
59.7789 52.1519 19.0858 21.3434 1.26439 22.535 73.2194 106.325 35.7985 54.569 21.7061 89.553 11.8228 11.8181 22.7834 2.1469 17.8151 12.0526 25.3158 11.5088 11.7451 6.10981 9.73108 12.9636 5.42598 47.1955 0.00720759 0 
