0 523.759 17.8183 440.018 13.5661 538.306 260.506 308.293 589.749 38.8082 38.3988 3.38655 15.4849 7.43802 24.5025 0.349782 544.62 6.63369 113.583 47.2904 235.625 31.8877 36.7875 52.782 508.611 0.504902 50.274 58.0963 
816.949 0 30.4414 451.702 19.6823 669.418 507.981 42.9287 808.771 198.954 248.343 181.905 76.7466 2.23248 64.7679 4.28377 528.673 456.952 68.1658 85.9931 78.7455 37.5498 29.2071 61.7647 458.927 79.4785 4.6613 58.6662 
28.7053 363.465 0 214.025 0.129677 66.6266 79.2535 6.63313 357.269 114.313 2.57418 111.845 55.7046 0.0227081 12.6441 24.8453 52.0787 147.56 13.0019 25.3499 49.3909 3.42669 5.25987 4.51329 20.3066 13.2783 4.87413 17.7477 
780.677 452.881 412.322 0 142.695 445.288 0.000993632 1285.79 472.284 0.556004 4.56899 12.489 36.4242 20.9022 29.2576 18.808 481.488 58.9875 23.0893 31.0517 485.959 4.17549 18.9292 20.2867 450.852 37.5522 6.75165 3.48319 
18.5113 28.1429 61.0983 148.665 0 201.945 375.219 168.653 231.731 248.024 232.406 64.6421 138.638 2.53073 94.5553 62.788 65.3801 229.555 67.9232 95.0321 73.741 3.22694e-05 40.779 53.7478 0.392862 31.9662 0.467626 14.3423 
565.172 600.605 14.4736 457.254 312.257 0 950.038 33.2027 908.729 606.054 73.9178 3.7321 54.8968 0.37644 11.8274 0.488588 496.498 40.2114 5.40184 24.0865 30.4815 19.4828 14.9294 17.982 451.584 24.6662 18.6356 16.1022 
267.805 10.0827 53.4353 116.279 435.269 73.2169 0 115.159 1043.68 195.515 0.0360249 8.58873 193.634 24.1776 94.289 0.109202 44.4315 14.1391 108.322 60.2532 35.9388 36.3843 66.8477 18.4202 91.7319 61.9667 0.552878 6.53711 
244.079 279.279 0.274346 356.376 215.737 198.458 307.717 0 450.965 139.051 144.836 3.83554 49.7361 32.662 86.7591 34.075 72.5202 163.981 15.3955 86.8318 67.3803 67.2356 101.622 107.48 0.135395 232.24 47.336 54.7406 
672.537 505.143 99.5956 607.127 218.373 907.95 410.751 440.275 0 324.011 1223.92 291.012 203.98 52.2238 298.64 82.2481 462.447 96.3806 11.8714 105.964 39.7226 11.3508 54.4629 90.6842 469.772 107.968 9.02159 45.5571 
38.3565 103.467 0.73148 83.2029 285.84 60.5602 504.371 78.5325 197.851 0 2.69285 0.227685 0.109549 64.7678 112.737 0.000172233 73.356 46.359 123.398 50.9484 81.1129 37.3495 59.9824 60.4499 66.2356 62.6162 42.8245 54.826 
25.9175 96.0181 3.86331 203.494 28.0341 134.594 462.576 257.763 657.073 30.1197 0 6.6635 0.672836 112.488 0.753258 1.99444 52.6677 156.531 59.2089 84.2415 125.649 21.5558 0.0309543 1.59234 141.865 112.605 49.704 73.9334 
65.4314 220.755 187.38 128.27 179.771 126.122 19.2231 417.871 46.7159 176.822 277.609 0 117.346 166.504 10.1898 8.64192 39.8646 16.4016 48.6576 38.3557 156.704 22.3163 56.759 19.0654 338.628 79.987 7.06159 142.779 
109.244 135.688 0.66187 67.8862 20.7038 127.221 18.205 22.7247 36.2865 10.3094 99.2373 151.884 0 151.999 18.6976 72.308 8.63223 70.6228 81.5851 20.8771 74.6122 51.8551 73.6786 27.8616 26.3254 35.4216 2.71878 21.1299 
0.203019 16.7192 12.4182 5.87797 66.8029 21.0985 93.4711 116.574 90.4552 78.3204 76.6605 159.317 34.9518 0 26.1049 14.0022 4.79317 37.9003 24.9589 4.69293 41.1236 9.64219 9.38734 10.19 0.126378 12.9842 7.33464 10.6149 
60.3241 79.0044 9.19222 5.23544 95.0127 16.3038 140.377 35.7352 13.5379 14.6253 22.4332 217.867 94.9587 2.65002 0 32.075 29.8675 50.436 35.646 11.7665 27.8349 15.3679 0.429949 0.0944311 2.32831 6.58004 19.3941 0.602699 
65.2215 62.9189 0.250184 0.578656 7.89536 23.7139 6.81956 18.5305 87.4303 39.2597 113.443 297.557 65.7323 6.93829 81.6842 0 14.8769 37.6979 28.1879 8.11931 61.1603 10.6693 5.34461 1.64296 4.06286 4.32053 0.60437 17.7552 
473.704 590.768 0.742117 443.061 153.866 476.998 54.8968 39.4166 523.717 20.5321 1.40252 44.6955 64.6029 5.76774 8.62414 9.53201 0 217.788 152.184 5.54832 0.0408692 15.1127 7.25824 4.55462 445.346 26.234 1.10091 18.701 
0.0263468 323.853 36.2995 7.59599 4.35406 0.0383542 142.622 109.154 135.101 20.0608 0.0769686 44.9213 41.0117 48.9451 13.354 3.59287 72.0225 0 17.1183 77.5837 90.761 22.3399 10.0958 43.4064 35.1293 0.109157 44.754 6.82157 
114.339 118.228 23.5314 15.6804 1.09117 88.6456 100.633 7.02529 72.5159 115.237 42.2603 67.2161 55.4697 8.93101 11.6091 6.1701 163.966 147.66 0 31.7438 48.6378 20.4049 19.5804 16.8978 3.45349 15.5161 4.32974 0.290627 
7.58136 113.443 27.371 0.00328404 95.0735 23.9836 14.3289 66.7745 3.25575 45.2432 71.1989 96.5389 22.4519 3.48311 11.4664 0.179268 33.9527 53.1505 30.2926 0 332.347 4.39586 0.194245 6.10973 13.7939 9.51681 4.37929 5.08673 
242.243 87.6581 102.856 93.1505 33.7267 65.3855 54.4354 200.806 186.967 96.5173 112.896 13.0793 26.0139 2.21079 2.11846 1.6973 44.2691 64.5285 66.5318 207.345 0 24.5687 4.72006 6.60314 15.9805 36.7948 7.4521 44.0026 
38.9248 48.2101 11.4715 12.9171 53.0321 3.64465 13.5223 65.0425 69.908 0.00716583 7.4753 55.9047 61.5276 8.72961 8.35965 0.895489 3.32339 38.2181 22.2857 0.0805637 7.38288 0 9.75207 0.0856876 9.57678 9.03727 2.70636 9.63319 
15.1734 26.7966 4.38313 18.464 4.12093 15.6541 72.3227 25.6592 17.6595 53.7053 31.4619 109.462 22.251 8.09816 0.022589 7.42434 0.911625 1.24914 22.22 2.1207 30.2103 7.73527 0 14.4871 5.63037 10.3836 2.61839 3.70672 
3.43318 56.8965 5.44629 26.2632 22.6121 14.2369 66.456 5.31911 2.39678 35.0269 51.9045 12.9553 0.00442798 9.40109 22.2169 15.9379 19.912 23.5056 11.6863 0.854447 47.7333 0.00226655 19.8839 0 22.0493 10.0981 18.637 5.02013 
508.259 513.473 27.8683 473.498 56.365 462.351 75.3083 140.274 560.885 70.9001 126.342 802.308 55.0038 16.541 2.98516 64.6138 447.412 28.7193 0.0335895 1.27204 10.5951 78.7876 10.8585 49.634 0 67.8246 101.049 94.5127 
1.40394 27.6562 20.1462 39.0255 15.8173 6.29225 58.9473 72.9011 107.88 59.7393 9.60285 204.188 36.09 6.97137 4.24244 10.6275 18.2733 2.5494 0.217619 3.31496 31.4061 4.85717 10.2342 15.7769 16.4839 0 7.49372 35.4247 
51.1707 37.56 19.2737 27.5907 43.7859 0.00166767 8.77935 54.354 0.0186562 15.3316 78.5781 28.3386 28.4871 6.58231 19.8247 10.6848 6.43869 27.7431 9.14757 0.482857 27.641 0.472278 1.19246 2.29637 8.85181 35.0338 0 52.2655 
0.447548 5.3749 2.69707 9.05839 54.6808 0.00119885 67.4244 45.5047 28.8607 53.2223 0.626674 151.867 33.2115 4.56003 2.73787 15.0522 19.5033 17.8536 0.00386964 7.29223 34.3909 2.03678 5.14274 0.0477892 25.5606 0.287824 80.8323 0 
