0 158.011 210.591 239.339 23.6724 172.206 223.276 27.863 245.578 2.00621 194.614 32.329 85.9126 48.1576 8.92672 77.9194 155.127 50.3671 22.2951 8.7169 0.181267 22.7052 45.5461 52.2492 219.211 4.38507 7.12531 8.27493 
275.321 0 357.991 444.946 47.4952 387.579 490.862 143.39 375.016 0.103362 40.3521 171.306 26.7703 9.5921 74.7197 0.0393255 158.989 492.041 17.8288 33.9468 178.255 41.288 47.5904 18.8405 229.24 0.00037085 28.483 43.6514 
207.579 225.769 0 73.6804 34.897 5.56479 48.2441 4.19077 72.958 101.79 154.45 128.029 69.3085 14.3675 0.258789 22.2224 55.6412 20.0361 6.44183 26.6038 73.9208 7.41817 4.12567 0.214768 11.0068 2.55774 0.0227104 17.5055 
368.947 443.356 233.058 0 76.6037 187.983 45.3976 520.297 480.07 98.9778 25.1649 41.0155 14.0904 5.62807 22.5274 0.0439966 200.04 135.62 0.237994 8.63328 144.467 0.00089618 16.4523 9.32851 185.463 16.4761 8.90103 18.2442 
18.08 236.062 146.095 0.963946 0 425.594 32.1325 194.381 216.585 103.62 76.089 119.13 27.6969 9.0043 0.00153249 43.004 82.4693 75.8137 229.155 94.2336 102.127 9.51852 47.5912 55.6934 65.7509 60.3068 35.1436 35.3241 
155.537 242.345 31.9674 172.27 692.929 0 1431.19 208.077 198.566 869.56 157.433 56.8429 529.449 0.00611348 6.73843 5.05352 167.839 63.4447 24.2304 17.9478 1.366 20.2141 0.943934 1.92209 167.405 21.2744 9.3271 2.51402 
252.706 49.4203 85.3134 25.6623 173.428 528.176 0 384.845 1280.89 394.869 394.298 279.191 213.774 84.0581 12.6413 4.54801 105.096 95.4032 11.9839 39.6594 143.692 22.4838 49.9635 2.4502 80.2857 49.1302 40.5798 1.95001 
150.38 198.34 25.8019 283.068 52.6505 50.3405 32.743 0 632.173 0.303672 253.011 0.0115393 60.9991 125.257 0.725905 127.141 10.9452 72.3606 104.553 102.068 108.946 22.6888 67.7329 27.8592 193.276 14.1147 75.881 95.0392 
415.102 304.343 385.627 256.69 233.477 196.626 93.3805 636.773 0 277.338 943.14 221.58 35.1806 19.7068 297.673 130.688 184.285 35.3646 11.0186 96.0967 19.5078 30.9035 0.975762 91.8665 164.199 39.3417 18.2335 40.8422 
130.751 226.705 20.3617 43.7626 62.3757 140.055 459.703 223.119 253.42 0 389.787 0.0284055 40.5205 1.14816 122.457 91.654 10.0159 86.1791 123.383 0.367348 99.2254 49.2749 54.011 0.848425 11.8897 28.3809 1.57696 57.1936 
92.4844 138.127 99.4566 191.281 27.2221 54.5391 22.5669 342.032 35.6399 295.352 0 438.555 245.132 12.8225 393.529 178.075 91.7475 6.00827 124.457 1.56168 141.983 78.3043 4.45653 90.9301 26.1618 22.3435 86.1574 31.0773 
176.289 99.369 183.735 253.036 161.53 142.795 200.168 476.764 401.369 172.411 27.6469 0 137.934 165.278 261.881 332.391 9.44797 57.7667 45.1932 4.00059 165.467 61.5505 57.7925 178.777 311.754 2.74434 114.34 171.812 
0.88493 0.141729 9.60619 72.7112 166.588 43.6438 112.575 145.185 70.4777 91.3449 209.005 158.957 0 113.752 0.20824 13.7207 8.88268 103.053 2.3903 2.79496 25.9937 67.179 35.8554 10.2936 1.952 16.5174 36.8517 19.9946 
34.0702 29.8133 9.90996 20.7263 35.43 21.8991 75.7401 55.279 40.1559 9.99255 1.28857 153.98 1.92807 0 59.7927 17.8006 6.23634 43.1658 10.0645 0.547215 0.193469 4.13169 0.174861 0.0501504 11.5034 3.09974 10.8876 8.56793 
70.1805 59.6847 31.4189 23.2094 0.223273 10.5663 106.486 153.723 49.9382 6.60039 350.892 52.4594 44.0682 12.5715 0 19.0036 21.3033 25.054 20.2124 11.0797 44.0351 12.5606 9.08156 7.87221 31.3642 16.0564 3.23246 11.2577 
23.2034 46.431 1.57207 25.158 25.8193 26.1748 18.6441 153.059 35.1121 49.6747 9.5669 20.6446 16.5297 12.0432 42.0109 0 15.239 25.8207 29.5814 6.44463 13.3335 5.08589 0.895407 3.16177 4.12035 32.2731 4.93803 0.00639312 
210.417 186.15 6.59046 156.535 0.00947465 154.988 1.41493 79.5787 245.695 62.5871 35.1872 6.6652 32.0773 22.0978 0.281682 9.88606 0 54.4679 248.862 22.2896 68.0371 20.3305 2.99994 0.665321 179.749 15.3123 22.3008 15.5117 
88.563 330.518 25.5914 20.3597 213.908 119.756 0.480652 179.23 192.574 135.419 136.936 25.7526 85.6532 51.7943 37.8681 57.2229 198.857 0 118.579 32.4216 61.2662 37.0043 5.89989 10.9707 59.5974 31.0609 25.4651 5.20964 
20.3719 162.475 32.5823 2.23708 299.356 57.4651 157.128 106.875 70.8887 117.028 128.736 39.7282 5.1922 0.00109025 7.52466 19.8324 61.2818 100.364 0 22.5734 70.4146 0.00996251 14.9645 23.9139 0.699211 7.80866 0.0195708 26.7658 
4.98831 140.982 26.591 46.0884 93.8848 21.8245 3.03624 47.4146 5.05873 0.231381 1.61834 42.9179 3.61967 3.59287 11.7614 0.0429188 2.34581 8.73279 35.9292 0 191.382 5.66403 0.56819 0.330999 12.1753 7.14869 8.94825 0.00014269 
1.3781 179.041 21.2941 21.418 11.4643 26.2921 25.8988 207.886 183.864 90.1987 133.613 3.6309 74.6035 31.197 47.5618 50.0136 27.7501 31.0286 71.3657 331.616 0 30.9031 7.33402 34.1692 36.6601 26.3978 44.0403 8.09907 
11.4852 4.2432 12.6038 4.64938 55.6282 5.42165 52.6909 32.1506 64.0971 3.14 39.5936 28.6087 75.3266 10.8019 0.446728 7.53868 0.04933 0.755089 0.371004 0.799042 29.8469 0 15.1719 10.5018 7.52111 0.190834 0.0858987 2.25479 
29.3404 49.3135 4.99244 17.2825 50.2097 8.00019 67.1035 89.7731 8.45345 59.8789 56.1823 9.88683 83.6158 1.317 6.72321 11.4181 0.0252391 0.0889491 19.0635 3.99762 26.889 0.716399 0 2.25703 0.586051 0.011058 8.57452 1.7637 
3.01032 7.09391 12.1837 24.1685 40.8338 10.1478 21.3993 72.5964 47.6262 19.8596 21.4957 182.757 5.3839 1.47862 8.84103 1.87318 17.3244 48.2633 0.557757 5.63627 34.6236 11.2752 17.2539 0 7.57081 9.90862 16.3906 13.6184 
226.785 175.267 22.6913 162.956 7.11355 178.029 91.7221 55.1609 248.193 36.2094 7.64865 341.086 32.8322 7.45669 20.8393 14.2593 178.123 0.0552148 0.754463 4.589 55.5536 87.184 15.9285 67.2268 0 30.8294 189.142 97.7932 
2.64888 71.2294 0.0716755 43.7391 0.198987 10.4252 71.2316 192.364 39.2498 76.3946 91.1869 379.214 17.1619 0.427161 19.1147 32.5151 27.118 40.9176 29.8266 11.7952 21.1571 8.71219 0.395201 15.8632 11.3477 0 10.108 62.4504 
14.1499 54.2245 12.5615 5.14741 0.809908 16.3046 54.6697 25.6506 45.5468 9.3893 25.8395 91.3448 30.2779 10.5456 6.73653 0.341286 18.7215 0.696678 19.7983 8.97043 31.7069 5.98925 6.51517 0.965056 17.8987 21.5187 0 92.7269 
57.492 56.6743 20.5918 25.0941 0.239596 21.7151 71.3243 86.0346 24.6446 56.6102 11.1998 52.4217 15.2976 11.967 21.4255 0.505371 16.4365 15.5035 26.0511 11.4471 15.5274 6.80536 9.25732 11.7938 4.69175 23.8638 16.1452 0 
