0 46.66 204.913 182.774 39.2571 62.8165 203.917 13.8143 109.67 0.436521 193.434 43.9287 82.0213 46.8426 11.1333 79.2215 39.2386 66.6074 17.6591 38.6806 0.87706 23.7398 44.9508 53.5168 104.736 2.75139 6.09764 9.86927 
261.237 0 242.982 346.723 110.236 275.262 521.58 119.008 304.697 2.83773 55.9267 158.877 20.8998 7.53076 78.9484 0.43462 46.0361 743.355 26.1099 44.528 176.128 40.021 46.0241 21.0157 113.936 0.203761 30.0602 41.4834 
197.709 342.901 0 13.9906 50.9327 9.99041 24.7338 16.5801 157.784 106.799 178.486 142.277 67.4664 13.7075 0.821578 21.1941 55.6166 30.3861 4.47488 27.195 64.327 7.77161 4.62445 0.404814 9.61524 3.5589 4.73712e-05 16.742 
188.369 345.981 246.788 0 63.5403 65.7985 29.679 134.467 346.031 94.9663 37.5453 63.3292 16.7278 4.71436 20.2354 0.484007 85.4007 129.626 0.009678 5.83233 246.389 0.0199593 15.8662 10.6102 71.0287 13.5981 9.83298 19.7413 
32.1576 325.462 160.937 0.00248982 0 351.446 70.4014 184.305 250.571 68.663 59.1577 127.645 19.8745 7.0453 0.310735 46.2672 72.5252 59.8494 194.573 94.9353 97.0745 8.16108 46.0964 55.1963 64.8606 62.2339 33.9722 33.5889 
41.068 154.451 25.0926 50.9798 952.659 0 1604 213.294 152.94 464.447 188.584 67.4968 151.976 0.117039 9.11565 6.3197 53.5697 71.3717 18.3228 18.9798 2.40201 20.3775 1.30005 1.48621 52.0045 22.4195 8.72369 2.01003 
239.669 10.822 118.315 40.6126 233.5 896.674 0 357.149 1238.37 308.931 336.357 283.672 207.067 79.8309 6.95258 2.30221 106.949 112.773 18.0721 44.9067 144.079 24.6988 46.8666 1.44183 83.1458 43.5407 38.7311 3.00886 
122.231 220.531 48.9775 140.875 41.1641 68.1544 63.0712 0 568.678 2.61452 285.215 68.3177 67.9421 123.281 0.0958512 159.491 13.296 63.3167 107.377 106.247 121.773 24.7406 62.6574 20.6645 193.069 4.48715 71.951 87.27 
302.026 143.915 296.801 183.743 198.504 150.052 13.1052 576.486 0 317.286 258.465 179.994 45.8612 24.9428 295.554 137.905 71.7843 25.9169 15.8984 92.6264 26.3415 28.6139 0.216708 94.3913 51.7123 48.0692 20.6394 36.4785 
123.33 235.428 14.0172 50.6492 34.3883 36.4801 500.064 219.853 206.775 0 492.078 1.13485 15.4365 0.194153 114.442 90.827 12.4196 93.7579 123.178 0.857023 99.3475 51.3774 55.7831 1.663 14.607 32.5131 2.16352 57.3534 
103.8 117.832 125.414 181.751 40.1443 31.1906 58.9178 359.246 16.9242 409.396 0 383.177 251.139 4.15784 352.42 155.714 92.9617 9.43683 121.939 0.749417 138.86 78.6663 8.26614 98.2063 33.8936 31.831 85.9102 36.1272 
188.774 85.4236 177.678 259.031 155.616 135.627 220.337 740.514 391.509 154.085 5.19243 0 143.161 166.567 243.969 215.601 7.79078 51.4864 48.8396 5.97992 162.87 59.2813 65.9614 170.154 230.051 28.2466 116.927 166.328 
1.90341 1.06615 7.26989 72.968 171.674 57.3182 129.878 142.863 58.0225 53.3915 192.288 159.456 0 130.271 1.90729 9.95554 7.4933 101.528 3.74329 3.53059 23.8045 61.7073 29.276 13.2039 2.81316 14.5379 36.3304 18.6138 
32.0893 26.7072 10.7849 20.0079 38.51 21.9553 80.3737 47.3741 49.7438 6.55189 0.189759 160.35 8.8109 0 50.7164 18.8696 5.72208 41.7116 10.9344 0.459121 0.423209 3.53725 0.0218678 0.289267 10.6512 2.4815 10.7351 8.11835 
69.1305 64.7001 32.5297 25.4456 0.00210469 13.3084 96.2121 164.648 70.0659 13.1695 288.514 28.2102 34.5524 2.84295 0 3.93486 20.492 27.6412 21.6491 10.8776 42.201 11.8087 6.61617 10.4032 31.3527 18.3666 3.80086 10.1203 
19.4328 50.6315 2.4091 28.2545 22.7088 25.4673 14.0142 184.088 26.1457 43.2404 2.0796 0.566397 21.0456 14.3654 65.2046 0 14.5133 28.0566 29.9131 6.79502 11.2606 5.5941 0.413989 0.983037 2.83096 31.0302 4.23254 0.0421485 
88.6528 62.0487 8.52912 39.0908 0.807126 38.1476 0.501761 76.608 125.181 65.6032 38.4102 5.26449 34.1674 22.094 0.476384 9.18071 0 83.9401 213.167 23.4437 67.6427 20.1336 2.68807 0.850146 63.4861 16.046 22.3604 14.9746 
107.122 344.213 16.0493 13.6608 222.977 122.155 3.35561 180.826 200.858 130.949 130.066 21.0322 82.3338 51.0959 35.2102 55.9814 228.939 0 125.957 28.13 56.1224 36.2995 5.06731 9.80306 59.6882 33.2217 24.4008 6.10773 
15.9137 155.884 36.033 1.23493 288.935 64.0128 157.548 103.988 79.582 113.243 127.77 36.1855 3.58364 0.0189758 6.41509 18.8633 45.7011 91.2531 0 23.9362 69.5011 0.0535662 15.5694 23.9557 0.462169 8.63483 0.00110167 26.8263 
13.2479 138.037 25.7631 44.1963 94.7747 22.5077 5.16756 41.0001 7.62864 0.0255927 2.73512 38.4807 4.44137 3.46592 11.7129 0.00743016 1.76199 6.21874 35.509 0 258.277 5.57241 0.493768 0.423716 11.8566 7.58638 8.73056 0.00767745 
6.38454 177.979 14.6078 3.33936 14.9833 29.5473 20.7534 206.639 185.994 92.2849 129.313 6.49187 73.5932 29.8728 49.1299 52.0647 29.8424 35.5975 71.9393 322.768 0 31.2155 8.22866 32.7351 38.7863 23.9553 44.1794 6.98198 
12.4408 3.43421 12.5786 5.06336 56.1417 6.15014 50.9461 34.2984 65.3134 4.47195 36.6549 25.9474 70.5585 10.6467 0.739667 7.04001 0.10396 0.505638 0.547025 0.708376 29.4373 0 14.8927 9.74285 7.64073 0.286727 0.0385583 2.04312 
27.819 47.8636 5.50897 16.7666 51.3994 8.70826 65.2626 93.0077 11.5936 59.0602 65.1844 14.6996 79.3993 0.365006 4.51146 11.9462 0.0670775 0.0117764 19.5375 3.95765 25.8154 1.34569 0 5.65005 0.75979 0.0671465 9.08923 2.04562 
4.09772 8.64337 11.593 24.8815 42.5311 9.4046 24.3155 82.0198 42.7003 17.1918 27.9571 175.945 3.4937 0.842168 6.4386 4.57273 16.9391 48.3692 0.769011 5.756 35.9993 10.5704 19.9038 0 11.4145 8.88626 17.0356 13.8844 
108.704 61.5937 21.495 48.3577 5.66675 62.3086 91.1442 40.6693 124.798 39.7035 12.4685 261.451 34.9243 8.36028 22.6898 33.0843 61.9537 0.234918 1.04881 5.03961 54.2798 59.8095 13.3869 61.2003 0 74.4577 54.3313 132.275 
1.41092 68.3027 0.326343 42.6747 0.0119481 9.09288 76.1399 171.137 47.9715 76.0839 78.3088 398.849 15.1587 0.736068 21.3266 32.849 26.963 42.9374 30.1039 11.9128 18.8365 8.44795 0.607067 16.2545 8.69008 0 12.7079 58.9068 
12.7998 54.4374 13.1598 4.40318 1.16853 16.7725 53.4691 29.6298 48.304 8.21404 28.8915 85.6465 31.1285 10.3483 7.45042 0.594934 19.0473 0.456858 19.3801 9.17872 32.727 5.64348 7.05639 0.592285 14.8365 18.6859 0 91.7698 
56.3744 58.1206 21.031 26.3522 0.0649193 21.3077 70.208 77.9384 20.8858 57.0402 8.10636 40.0881 16.6325 11.9476 20.7476 0.182884 15.912 16.836 26.2638 11.3878 16.9953 7.05478 9.04262 11.2978 5.06413 15.7017 28.8801 0 
