0 538.976 184.875 684.003 68.3171 482.017 170.83 1.74012 490.349 0.227117 189.241 63.71 75.827 44.6601 14.8028 80.3481 447.868 93.2897 11.5707 76.7805 8.78138 25.273 43.8827 55.1319 514.148 0.996666 4.68837 12.467 
835.366 0 76.9696 753.884 234.653 675.029 513.558 84.1031 773.797 13.7019 82.5324 138.878 13.2764 4.86179 84.6058 1.81499 460.207 855.183 40.8253 61.683 170.589 38.0273 43.5092 24.3798 522.048 1.20436 32.4069 38.1493 
172.31 459.924 0 73.1357 78.1162 18.4582 3.4476 48.7554 305.76 112.027 209.17 160.967 64.1327 12.6034 2.23315 19.402 55.0407 48.7761 2.15862 27.6231 49.9726 8.29241 5.39322 0.797558 7.62107 5.31353 0.0435982 15.5276 
507.545 754.52 4.74279 0 44.9438 464.441 11.6618 357.518 707.185 87.664 59.4352 102.208 20.9679 3.46191 16.7941 2.00677 494.723 118.49 0.23617 2.56333 564.998 0.0949017 14.9135 12.5789 480.644 9.60161 11.2671 21.9329 
59.4097 443.882 177.866 2.54304 0 285.775 147.762 167.061 295.608 27.357 36.806 139.655 10.3497 4.51686 1.77266 51.0244 57.7999 38.4423 138.202 94.877 89.0478 6.292 43.6885 54.2139 63.2143 64.7979 32.1682 30.9514 
453.61 603.888 15.5413 451.704 1072.89 0 946.662 214.251 699.71 630.042 229.386 83.8364 521.782 0.541163 13.1312 8.39313 463.96 82.9307 10.7 20.3985 4.47591 20.5042 1.92958 0.929942 460.475 23.973 7.82855 1.35137 
213.838 6.05187 167.942 67.3964 319.936 770.978 0 300.796 651.333 170.198 237.746 283.474 192.471 72.6506 1.51086 0.341422 108.897 138.892 29.1528 52.8142 143.387 28.0848 42.0645 0.422259 86.7369 35.3254 35.8948 5.00183 
82.3164 249.806 93.4446 103.555 26.0976 97.211 122.328 0 425.746 10.2311 326.445 383.422 78.4415 118.501 4.18275 203.936 17.1759 50.3263 110.953 111.368 140.437 27.8837 54.8288 11.6176 187.336 0.144959 65.7458 75.1056 
707.829 495.38 149.064 657.599 144.92 696.33 487.044 436.607 0 362.54 175.602 119.88 63.6441 34.2831 203.206 146.187 484.886 14.2208 24.6495 86.6608 38.1322 25.2349 0.102295 97.3612 465.781 61.8764 24.423 30.1454 
110.998 241.864 6.50329 61.0309 7.09642 60.1376 498.132 210.873 136.186 0 589.751 8.41761 0.0212515 0.25879 99.2995 87.937 16.4123 104.667 121.125 1.96533 98.981 54.2058 57.9576 3.37272 19.0544 38.8256 3.20672 57.2568 
120.562 88.2203 163.553 163.29 63.1466 7.54188 138.589 373.094 220.545 546.379 0 285.195 254.037 0.0974542 254.409 118.771 94.3762 15.9128 117.233 0.0824661 133.229 78.7993 15.9629 108.064 46.7083 48.2913 85.0753 44.0385 
204.839 65.3656 164.215 256.81 145.483 122.934 246.626 1002.72 361.795 125.321 5.05666 0 149.759 164.104 204.837 61.9037 5.57986 42.4207 54.3174 9.6288 157.496 55.6744 78.0966 152.451 254.785 108.577 119.595 154.446 
4.13365 4.04206 4.32303 72.8164 176.699 65.5066 154.742 138.239 40.8378 13.5346 164.163 158.663 0 148.367 7.54731 5.32679 5.6056 98.7069 6.30504 4.77815 20.6265 52.976 20.1458 18.0651 4.37924 11.7284 35.4633 16.5722 
29.0665 22.1888 12.0415 18.7911 43.0741 21.7785 86.4289 36.0369 64.9245 2.67505 7.70969 165.792 27.4421 0 29.0062 19.3104 4.97864 39.4067 12.2604 0.340154 0.931813 2.69479 0.964157 0.996131 9.32368 1.6579 10.4653 7.41816 
67.0663 71.8469 33.6435 28.6452 0.676917 17.7036 79.6982 177.02 103.38 26.566 175.983 5.13239 21.7166 1.59604 0 3.19735 19.241 31.5938 23.777 10.5316 39.3254 10.6337 3.45186 14.4227 30.8564 21.693 4.71706 8.44551 
14.2299 56.7634 3.95194 32.5994 18.2686 24.1207 8.15813 223.715 14.7796 33.7252 1.12565 72.6268 28.4513 17.2181 87.6949 0 13.4171 31.4346 30.2922 7.29777 8.41723 6.36048 0.0326166 0.0505246 1.71659 27.9935 3.25004 0.398788 
487.633 459.07 11.8056 444.916 4.37612 444.964 0.000252173 71.8958 525.604 69.809 43.3248 3.45705 37.2855 22.0316 0.861627 8.14632 0 134.036 504.97 25.1102 66.8114 19.8045 2.24756 1.16768 470.605 17.1328 22.4167 14.1587 
135.344 384.268 5.62365 5.94144 232.106 123.885 12.3806 181.426 210.6 123.04 118.995 14.7263 77.0362 49.8454 31.2198 53.8702 264.345 0 135.478 22.0187 48.4919 35.1751 3.92386 8.14595 59.5901 36.4382 22.7969 7.56851 
10.1268 143.319 41.0709 0.280825 257.2 72.9518 155.605 99.0555 92.5391 106.117 125.29 31.0167 1.7119 0.15491 4.88751 17.3821 21.6206 77.1535 0 25.914 67.8633 0.183637 16.4532 23.9532 0.197434 9.91952 0.0160973 26.8543 
41.2944 130.161 24.1193 40.3727 95.0016 23.3388 9.33636 31.8255 12.3712 0.103658 4.93162 31.9971 5.81054 3.26848 11.5896 0.00910879 1.03621 3.20292 34.6856 0 323.354 5.42641 0.39073 0.582426 11.3356 8.22605 8.38926 0.0560753 
20.4014 173.984 6.72603 45.7663 21.0089 34.5528 13.9547 201.816 187.023 94.939 122.06 12.2427 71.8433 27.8332 51.2842 54.871 33.0097 42.7819 72.5105 256.792 0 31.6348 9.64007 30.5164 41.8885 20.3847 44.2773 5.44002 
13.9124 2.37161 12.5021 5.70249 56.6868 7.28924 48.1389 37.5127 66.8867 6.86647 32.2804 22.0816 62.5813 10.2877 1.30852 6.27864 0.22337 0.224204 0.873086 0.581461 28.7797 0 14.1018 8.53617 7.79578 0.465747 0.00260501 1.74079 
25.5034 45.5051 6.29275 15.908 52.9642 9.76202 62.0566 97.0088 17.0868 57.295 78.6917 23.4048 71.673 0.0589544 1.89867 12.4037 0.167202 0.0310444 20.2023 3.88737 24.1717 2.60777 0 12.0987 1.5321 0.238972 9.83209 2.49678 
6.01297 11.2012 10.6536 25.7348 44.9484 8.28642 28.848 95.6571 35.4622 13.4217 38.7272 160.569 1.39709 0.206726 3.38834 10.2221 16.3346 48.3714 1.14677 5.91697 37.9656 9.4227 20.6665 0 18.5509 7.34236 17.8657 14.1917 
512.658 472.861 19.561 458.314 3.78179 470.144 89.4404 22.2288 520.741 44.8637 21.6203 469.087 37.9822 9.71084 25.2422 72.6508 469.22 0.736514 1.57706 5.73128 52.1349 15.4358 9.70468 40.6295 0 97.3473 188.177 54.1219 
0.27361 63.4765 1.04581 40.3766 0.156835 7.18944 82.8561 134.84 61.7745 74.7536 59.3065 377.329 12.3061 1.34299 24.3811 32.0081 26.6574 45.8535 30.417 12.0282 15.5082 8.03078 1.00286 16.6143 5.35181 0 16.8519 49.8076 
10.8622 54.5858 14.0288 3.37755 1.82554 17.4286 51.49 35.8926 52.3569 6.57085 33.6185 76.5825 32.345 10.0144 8.54611 1.10072 19.5126 0.191045 18.7277 9.47405 34.2031 5.1294 7.86342 0.199891 10.7195 14.4697 0 81.7291 
54.438 60.0474 21.5641 28.0819 0.00952476 20.597 68.1326 65.5462 15.6948 57.3521 4.348 23.9599 18.6754 11.8438 19.5711 0 15.1114 18.8851 26.5226 11.2626 19.2564 7.42039 8.68323 10.4993 6.35463 5.95794 50.9197 0 
