0 522.693 188.58 672.093 63.72 481.36 175.884 2.79348 495.149 0.0965549 190.031 60.6727 76.7539 44.9932 14.2427 80.2466 448.796 89.2721 12.3889 74.542 7.12948 25.0511 44.0513 54.9185 515.063 1.1992 4.88367 12.0737 
813.027 0 97.4731 757.165 215.208 678.296 518.814 88.9984 766.74 11.6323 78.4521 141.873 14.2931 5.21784 83.8369 1.5557 460.249 233.052 38.5288 59.1189 171.567 38.3245 43.8874 23.883 523.156 1.00701 32.0667 38.6404 
176.703 449.77 0 54.3456 73.997 17.1112 5.37812 43.1747 284.496 111.446 205.204 158.481 64.6591 12.7721 1.98659 19.6802 55.1646 45.9199 2.44678 27.5957 52.0399 8.21728 5.27995 0.732437 7.90344 5.04033 0.0314591 15.7093 
520.055 757.601 19.9845 0 47.5459 466.849 13.8185 604.927 716.33 88.8164 56.0382 96.2568 20.3306 3.63488 17.2928 1.72227 495.639 120.259 0.160682 2.9637 466.539 0.0805247 15.0575 12.2897 481.519 10.1551 11.0558 21.6187 
55.0365 428.792 175.85 1.87787 0 291.165 135.387 169.716 289.62 32.3659 39.8017 137.97 11.5614 4.85345 1.48585 50.3436 59.916 41.3391 146.506 94.9687 90.2474 6.55155 44.0512 54.3746 63.477 64.4496 32.4345 31.3379 
453.842 599.137 16.8473 453.757 380.551 0 901.009 214.631 679.662 281.16 224.048 81.4487 224.306 0.460353 12.5179 8.07965 464.683 81.2831 11.7056 20.2023 4.13567 20.4946 1.83097 1.00348 461.493 23.7599 7.95812 1.43987 
218.017 2.6328 160.954 63.238 308.086 841.52 0 309.916 756.913 189.825 252.476 284.023 194.915 73.7533 2.06219 0.519682 108.676 135.119 27.4045 51.6654 143.583 27.5875 42.7737 0.533421 86.268 36.5035 36.3122 4.68186 
87.8653 245.897 86.4204 98.5591 28.1151 92.87 112.874 0 449.064 8.81982 321.075 326.952 76.9102 119.329 3.2166 197.964 16.585 52.1674 110.483 110.712 137.779 27.4213 55.9806 12.7941 188.568 0.000237363 66.6704 76.9051 
709.696 503.701 169.81 649.312 152.664 676.276 387.148 459.64 0 357.25 924.024 128.294 60.9396 32.8231 200.696 145.183 485.21 15.7281 23.2738 87.5837 36.3076 25.7228 0.0421538 96.9914 465.896 59.8264 23.8595 31.0493 
112.873 241.44 7.43552 59.5253 9.85054 44.2282 503.215 212.476 146.219 0 580.874 6.94577 0.492699 0.137206 101.703 88.4783 15.803 103.119 121.554 1.77631 99.0754 53.8193 57.6783 3.08798 18.3809 37.902 3.04268 57.296 
118.149 92.4276 158.18 166.258 59.5565 10.0347 125.494 372.014 190.963 530.516 0 300.12 254.079 0.00100435 270.504 124.286 94.2009 14.8728 117.986 0.13813 134.118 78.8106 14.7017 106.717 44.7638 45.7518 85.2314 42.8652 
202.717 68.2032 166.481 257.974 147.048 124.914 243.139 980.503 367.165 129.561 2.52759 0 148.894 164.789 211.295 80.0457 5.88111 43.7114 53.52 9.04803 158.387 56.2143 76.3503 155.349 249.121 94.4182 119.299 156.432 
3.75696 3.49145 4.70883 72.8786 176.167 67.3197 151.243 138.996 43.2111 17.8253 168.441 158.894 0 146.32 6.50399 5.91988 5.86568 99.1572 5.89281 4.58581 21.0812 54.2774 21.4071 17.3232 4.13097 12.1249 35.5959 16.8672 
29.51 22.8348 11.8634 18.9782 42.4152 21.8237 85.6191 37.6383 62.6735 3.13871 5.94536 165.319 24.1829 0 32.4129 19.3365 5.08484 39.7515 12.0659 0.356494 0.845501 2.81316 0.74547 0.868736 9.51982 1.76942 10.5076 7.52188 
67.4027 70.839 33.524 28.1934 0.50363 17.0482 82.1596 175.544 98.3849 24.3796 192.704 7.384 23.4537 0.696063 0 1.54142 19.4257 31.0137 23.4695 10.5851 39.753 10.8079 3.86291 13.8305 30.9641 21.2237 4.57903 8.68624 
14.9505 55.8859 3.707 31.9951 18.8968 24.3373 8.92402 218.639 16.263 35.0893 0.484656 55.2688 27.3326 16.8636 85.8718 0 13.5772 30.9414 30.2459 7.22637 8.81071 6.24881 0.0617451 0.00217094 1.81477 28.5153 3.38711 0.324427 
490.024 461.625 11.3027 446.286 3.68186 446.184 0.0080597 72.6004 527.82 69.2216 42.6035 3.69817 36.8329 22.045 0.79856 8.29513 0 126.493 539.13 24.8726 66.9503 19.855 2.30969 1.11839 471.823 16.9755 22.411 14.2783 
131.25 371.888 6.82828 6.88128 231.126 123.775 10.7247 181.473 209.391 124.277 120.659 15.5846 77.8304 50.0426 31.8003 54.1959 260.065 0 134.216 22.8807 49.5945 35.3439 4.08245 8.38018 59.6219 35.9722 23.0311 7.34731 
10.8986 145.334 40.3511 0.37818 262.903 71.7298 156.078 99.8173 90.6673 107.258 125.727 31.7577 1.94342 0.126967 5.09941 17.5997 24.7247 79.2263 0 25.6314 68.1216 0.159862 16.3263 23.9584 0.229183 9.72913 0.0107211 26.8549 
36.1835 131.554 24.387 40.9973 95.0518 23.2327 8.65934 33.1217 11.6166 0.0633616 4.57335 32.9257 5.6011 3.29775 11.6113 0.00475481 1.13057 3.58378 34.8198 0 317.517 5.44833 0.405086 0.557846 11.4146 8.13426 8.44009 0.0462551 
17.898 174.743 7.70124 37.7536 20.0778 33.8162 14.8729 202.736 187.036 94.5886 123.174 11.2989 72.1156 28.1341 50.9856 54.4832 32.5465 41.713 72.449 269.62 0 31.5774 9.42939 30.8444 41.4436 20.8969 44.2713 5.6545 
13.6952 2.515 12.5161 5.60803 56.6244 7.12009 48.5614 37.0454 66.6765 6.48901 32.9141 22.6345 63.7959 10.3491 1.21621 6.39028 0.203172 0.258265 0.820953 0.599274 28.8788 0 14.2435 8.71596 7.77496 0.437057 0.00521843 1.78369 
25.8429 45.8619 6.17816 16.0392 52.7529 9.60953 62.5555 96.4921 16.2313 57.5913 76.7392 22.0342 72.8927 0.0141412 2.21813 12.3632 0.149827 0.0181373 20.1089 3.89838 24.4135 2.4023 0 11.1365 1.38233 0.207452 9.72627 2.42905 
5.71322 10.8118 10.7941 25.6272 44.6064 8.44913 28.1777 93.7241 36.5014 13.9517 37.0883 163.163 1.64567 0.273578 3.78324 9.31281 16.4247 48.3828 1.08718 5.89493 37.6867 9.59567 20.8157 0 17.4364 7.56662 17.7555 14.1539 
514.369 473.457 19.8521 459.096 4.03463 471.265 89.7504 24.6301 523.614 44.1208 20.1526 368.951 37.5435 9.51539 24.8897 68.7206 470.416 0.646128 1.49366 5.62945 52.4645 14.545 10.2242 44.15 0 108.703 191.148 35.0317 
0.384773 64.2098 0.91626 40.7614 0.103931 7.45858 81.9311 140.346 59.7249 75.0112 62.0211 384.187 12.7093 1.24431 23.9603 32.2294 26.7074 45.4378 30.3791 12.016 15.9807 8.09306 0.939543 16.5792 5.78434 0 16.2357 51.3718 
11.1377 54.577 13.9045 3.51998 1.72093 17.3364 51.7913 34.9608 51.7738 6.80105 32.92 77.936 32.1724 10.0658 8.38491 1.01785 19.4465 0.222742 18.8246 9.43231 33.9921 5.20391 7.74645 0.244352 11.2694 15.0754 0 83.7768 
54.7391 59.7853 21.4961 27.8425 0.00213474 20.7078 68.4643 67.3589 16.4152 57.3317 4.82735 26.1043 18.375 11.8645 19.7538 0.00392362 15.2291 18.5829 26.4894 11.2835 18.9229 7.36778 8.7383 10.6195 6.11082 7.13437 47.646 0 
