0 517.523 189.088 667.396 63.0714 478.304 176.601 2.96404 492.877 0.0824039 190.138 60.242 76.8856 45.0403 14.1633 80.2304 445.965 88.7011 12.5077 74.1159 6.90736 25.0194 44.075 54.8875 512.227 1.22971 4.91183 12.0179 
806.815 0 100.551 754.61 212.452 675.77 519.453 89.7041 762.744 11.3499 77.8746 142.299 14.4409 5.26967 83.7253 1.52024 457.294 163.918 38.2049 58.7538 171.702 38.3669 43.9411 23.8122 520.347 0.98024 32.018 38.7104 
177.313 448.098 0 51.8859 73.4104 16.9218 5.68823 42.3995 281.423 111.357 204.621 158.119 64.7333 12.796 1.9525 19.7195 55.1812 45.5152 2.48937 27.5908 52.3362 8.20653 5.2638 0.723342 7.94396 5.0018 0.0298866 15.7351 
518.93 755.018 23.796 0 47.9213 464.229 14.1403 377.195 714.639 88.9789 55.5576 95.4114 20.24 3.65988 17.3642 1.68331 492.803 120.508 0.15106 3.02315 349.064 0.0785603 15.0779 12.2485 478.678 10.2351 11.0257 21.5735 
54.4214 426.563 175.549 1.79095 0 291.978 133.643 170.091 288.748 33.1126 40.238 137.727 11.7397 4.90251 1.44689 50.2461 60.2186 41.7596 147.694 94.9795 90.4179 6.58904 44.1027 54.3971 63.5139 64.3992 32.4724 31.393 
450.914 595.483 17.0364 451.088 361.312 0 769.761 214.671 673.831 315.707 223.266 81.107 143.795 0.449331 12.4309 8.03507 461.821 81.0466 11.8524 20.174 4.08814 20.493 1.81706 1.01421 458.673 23.729 7.97665 1.45273 
218.604 2.25841 159.944 62.6486 306.365 850.464 0 311.197 771.823 192.664 254.581 284.087 195.255 73.9095 2.14782 0.54811 108.643 134.579 27.1585 51.5009 143.608 27.5166 42.8747 0.550393 86.1995 36.6723 36.3718 4.63689 
88.667 245.328 85.4284 97.8775 28.4083 92.2514 111.543 0 452.347 8.62635 320.288 319.064 76.692 119.444 3.08886 197.094 16.5012 52.4326 110.414 110.616 137.396 27.3554 56.145 12.9661 188.733 0.00136134 66.8022 77.1615 
706.984 501.954 172.822 645.153 153.773 670.446 373.401 462.878 0 356.454 923.888 129.508 60.5562 32.6173 200.96 145.034 482.29 15.949 23.0797 87.7139 36.05 25.7923 0.0357061 96.9368 462.949 59.5344 23.7791 31.1789 
113.139 241.365 7.57357 59.3097 10.2799 42.252 503.809 212.697 147.666 0 579.441 6.74665 0.610482 0.12294 102.042 88.5525 15.7166 102.897 121.611 1.75003 99.0877 53.7633 57.6373 3.04828 18.2854 37.77 3.01955 57.3009 
117.803 93.032 157.405 166.675 59.049 10.4188 123.656 371.833 186.504 528.111 0 302.243 254.072 0.0065283 272.772 125.073 94.1749 14.7268 118.091 0.147234 134.243 78.8114 14.5251 106.522 44.4877 45.3924 85.2528 42.698 
202.408 68.6109 166.797 258.117 147.269 125.194 242.63 976.811 367.905 130.167 2.23672 0 148.768 164.878 212.199 82.7972 5.92472 43.8967 53.406 8.96632 158.511 56.2911 76.0996 155.754 248.075 92.4518 119.254 156.709 
3.70459 3.41609 4.76524 72.8864 176.086 67.4804 150.738 139.102 43.554 18.4837 169.049 158.923 0 146.01 6.36091 6.00692 5.90322 99.2204 5.83507 4.55865 21.1465 54.4627 21.5896 17.2182 4.0961 12.1819 35.6147 16.9094 
29.5733 22.9275 11.8378 19.0047 42.3209 21.8296 85.5012 37.8686 62.3529 3.2079 5.71085 165.242 23.7308 0 32.8984 19.3377 5.10003 39.8004 12.0381 0.35885 0.833516 2.83022 0.716297 0.851213 9.54775 1.78563 10.5136 7.53665 
67.4498 70.6937 33.5058 28.1283 0.480938 16.9547 82.5101 175.323 97.6734 24.0732 195.104 7.7379 23.706 0.597342 0 1.35291 19.452 30.931 23.4256 10.5927 39.8138 10.8327 3.92318 13.7458 30.9785 21.1562 4.55944 8.72074 
15.0545 55.7603 3.67261 31.9078 18.987 24.3677 9.03598 217.891 16.4801 35.2853 0.414679 52.9531 27.1739 16.8111 85.5652 0 13.6002 30.871 30.239 7.21611 8.86747 6.23286 0.0666612 0.000447113 1.83059 28.5878 3.40691 0.314412 
487.401 459.029 11.2313 443.517 3.5875 443.394 0.0110006 72.7007 525.17 69.1369 42.5009 3.73323 36.7682 22.0468 0.789724 8.31648 0 125.418 512.499 24.8385 66.9697 19.8622 2.31862 1.11146 469.031 16.9531 22.4101 14.2954 
130.664 370.309 7.00963 7.02069 230.976 123.755 10.4975 181.476 209.212 124.452 120.896 15.7089 77.9431 50.0704 31.8835 54.2419 259.427 0 134.032 23.005 49.7524 35.3679 4.10537 8.41381 59.626 35.9054 23.0645 7.31595 
11.0108 145.617 40.2477 0.393251 263.691 71.5527 156.141 99.9252 90.3989 107.417 125.787 31.8639 1.97766 0.123199 5.13003 17.6308 25.1886 79.5224 0 25.5909 68.1579 0.156596 16.3081 23.959 0.233919 9.70198 0.0100399 26.8549 
35.4799 131.747 24.4245 41.0848 95.0566 23.2171 8.56437 33.3081 11.5106 0.0584044 4.52327 33.059 5.57148 3.30192 11.6143 0.00424692 1.14438 3.63999 34.8385 0 316.569 5.45144 0.407156 0.554366 11.4258 8.12112 8.4473 0.0449287 
17.5531 174.846 7.8458 36.5783 19.946 33.7114 15.0059 202.861 187.033 94.5375 123.331 11.1669 72.154 28.177 50.9424 54.4273 32.4804 41.5607 72.4396 271.38 0 31.5691 9.39944 30.891 41.38 20.9703 44.2702 5.68544 
13.6643 2.53584 12.5181 5.59459 56.615 7.09604 48.6214 36.9787 66.646 6.43584 33.0048 22.7138 63.9685 10.3577 1.20329 6.4062 0.200358 0.263331 0.813629 0.601838 28.8928 0 14.2631 8.7416 7.77194 0.433025 0.00566599 1.78986 
25.8913 45.9125 6.16179 16.0577 52.7222 9.5877 62.6261 96.4163 16.1106 57.6326 76.4593 21.8408 73.0644 0.0102375 2.2656 12.3567 0.147416 0.0165716 20.0955 3.89993 24.448 2.37347 0 10.9985 1.36194 0.203126 9.7111 2.41941 
5.67102 10.7566 10.8141 25.6113 44.5571 8.47245 28.0821 93.4464 36.6504 14.028 36.8558 163.524 1.68276 0.283853 3.84126 9.1848 16.4375 48.3841 1.07883 5.89174 37.6467 9.62028 20.8297 0 17.2788 7.59865 17.7395 14.1483 
511.647 470.576 19.8935 456.243 4.07136 468.46 89.793 24.9816 521.058 44.0143 19.9463 178.292 37.4807 9.48744 24.8388 68.0716 467.621 0.6337 1.4819 5.61494 52.511 14.6838 10.2991 44.6454 0 109.95 189.606 33.2449 
0.402182 64.3139 0.898449 40.815 0.0972611 7.49725 81.7975 141.13 59.4325 75.0463 62.411 385.067 12.7675 1.23047 23.8995 32.2583 26.7144 45.3781 30.3735 12.0141 16.0485 8.10193 0.930646 16.5737 5.8477 0 16.1479 51.5897 
11.1772 54.5754 13.8867 3.54051 1.70625 17.3232 51.8341 34.8281 51.6899 6.83423 32.8204 78.1286 32.1475 10.0731 8.36192 1.00626 19.4371 0.227473 18.8384 9.42631 33.9619 5.21459 7.72972 0.251075 11.3496 15.1622 0 84.0544 
54.7816 59.7473 21.4861 27.8079 0.00150928 20.7235 68.5108 67.6177 16.5194 57.3281 4.8978 26.4171 18.3321 11.8673 19.7797 0.00512101 15.2459 18.5399 26.4845 11.2865 18.8752 7.36023 8.7461 10.6365 6.07752 7.31023 47.1781 0 
