0 475.704 176.754 606.411 77.8193 383.415 160.561 0.375861 381.056 0.652793 187.485 69.9154 73.9514 43.9795 15.9465 80.4861 346.071 101.41 10.0094 77.6764 12.5782 25.7148 43.5329 55.5354 412.276 0.647252 4.30864 13.2674 
777.683 0 42.1828 645.245 273.944 567.526 499.047 74.5709 686.916 18.3126 90.8567 132.826 11.3452 4.18478 86.0823 2.39194 360.256 914.02 45.5512 66.8449 168.465 37.4266 42.7418 25.3788 419.788 1.65115 33.085 37.1628 
162.932 471.761 0 117.197 86.4437 21.2415 0.860637 60.6891 346.318 112.999 216.5 165.663 63.0405 12.2592 2.76603 18.8305 54.7523 54.6317 1.6347 27.6419 45.8857 8.4417 5.62061 0.935614 7.06636 5.87594 0.0737881 15.16 
384.777 646.27 34.3385 0 39.8797 359.672 7.87036 174.055 587.871 85.2769 66.3996 114.277 22.2595 3.12645 15.8025 2.63716 392.86 114.82 0.430429 1.84564 741.695 0.127183 14.6207 13.1582 378.857 8.52929 11.6917 22.5546 
68.5011 471.052 181.397 4.16937 0 274.27 173.238 161.625 306.884 18.5105 31.1129 142.95 8.11616 3.87756 2.42042 52.3704 53.6166 32.9077 121.729 94.6087 86.6232 5.78689 42.952 53.8751 62.6662 65.4673 31.6328 30.1771 
353.327 513.011 13.044 347.695 1030.29 0 915.696 212.961 639.209 181.837 239.303 88.5976 307.142 0.721729 14.3808 9.02986 362.521 86.1749 8.80782 20.7792 5.19401 20.5141 2.13348 0.790811 358.431 24.3845 7.57065 1.18228 
205.111 17.0069 181.442 75.9023 342.466 599.491 0 281.835 443.081 132.713 208.406 281.849 187.286 70.3953 0.663293 0.096641 109.272 146.363 32.7728 55.1018 142.9 29.0818 40.6392 0.238628 87.616 32.9966 35.0565 5.67115 
71.5747 257.208 107.867 108.8 22.2598 105.94 141.854 0 377.68 13.3506 336.442 500.822 81.4968 116.718 6.48381 215.193 18.3819 46.7053 111.839 112.584 145.671 28.8118 52.5199 9.42163 184.481 1.23383 63.8793 71.4922 
603.621 379.933 110.011 573.614 129.64 635.924 697.221 388.929 0 371.634 602.453 103.574 69.1455 37.2927 226.778 147.976 384.248 11.4205 27.4957 84.7661 41.8797 24.2662 0.301155 98.0344 365.624 65.9986 25.5607 28.3604 
107.179 242.177 4.81671 64.0226 2.92203 101.312 483.25 207.38 116.643 0 601.345 11.7675 0.933485 0.61634 94.3258 86.7363 17.6571 107.711 120.14 2.37088 98.7503 54.9505 58.4763 3.97742 20.4237 40.6711 3.54676 57.1527 
125.34 79.9633 174.002 157.106 70.5365 3.60233 165.878 374.272 271.068 572.821 0 255.124 253.475 0.998258 221.302 107.721 94.6949 18.0864 115.661 0.0139476 131.384 78.7451 18.6179 110.656 50.6606 53.4886 84.7282 46.4006 
208.838 59.7989 159.402 253.641 142.271 118.859 253.205 1027.47 350.086 116.84 12.6773 0 151.383 162.408 191.316 31.9002 4.99968 39.8754 55.9089 10.8382 155.609 54.5818 81.5541 146.372 252.666 138.61 120.091 150.235 
4.93882 5.26024 3.59809 72.6511 177.551 58.3733 161.572 136.644 36.2465 6.67344 155.473 158.085 0 151.79 9.84889 4.22907 5.10167 97.7677 7.16736 5.17316 19.7266 50.3543 17.708 19.5785 4.89557 10.95 35.1917 15.9855 
28.178 20.9127 12.3912 18.4078 44.3828 21.6683 87.9673 32.899 69.4454 1.85577 11.892 166.403 34.431 0 22.3073 19.1654 4.76859 38.7095 12.6504 0.30856 1.11667 2.46323 1.47393 1.27393 8.92972 1.4442 10.3777 7.20941 
66.358 73.8231 33.8373 29.5312 1.09948 19.0238 74.7482 179.617 113.428 31.1436 143.22 1.84081 18.4014 4.44554 0 8.18572 18.8697 32.7564 24.388 10.4213 38.4624 10.2832 2.68952 15.6044 30.6054 22.6108 4.99725 7.96851 
12.8311 58.4964 4.46029 33.7721 17.0342 23.6682 6.72111 233.003 12.0051 31.0333 3.19906 112.893 30.72 17.8531 89.5665 0 13.0964 32.4205 30.3755 7.43839 7.65359 6.58338 0.00199409 0.336556 1.58787 26.8782 2.98269 0.570031 
382.857 354.097 12.8352 342.201 5.93816 342.555 0.0516594 70.4702 421.144 70.9555 44.7697 2.99834 38.1874 22.0006 0.99468 7.85078 0 149.182 238.326 25.5793 66.5157 19.7011 2.1255 1.26921 368.156 17.4458 22.4256 13.9188 
143.463 414.264 3.55538 4.26217 233.697 123.959 16.026 181.193 212.791 120.486 115.621 13.0753 75.4277 49.4364 30.0621 53.2012 271.889 0 137.862 20.3278 46.3004 34.8326 3.61525 7.68562 59.5087 37.3664 22.3284 8.019 
8.66064 139.12 42.4915 0.129354 244.828 75.3001 154.464 97.4905 96.2547 103.741 124.339 29.5495 1.29223 0.219071 4.47523 16.9455 16.3645 73.0054 0 26.4727 67.3271 0.23611 16.7049 23.9377 0.140979 10.3032 0.0301176 26.8484 
52.3859 127.141 23.557 39.0622 94.8162 23.5351 10.758 29.2832 13.9418 0.213785 5.6862 30.1601 6.23921 3.20949 11.5424 0.0220187 0.859499 2.50302 34.4031 0 330.72 5.38197 0.3627 0.632977 11.1746 8.40784 8.28661 0.0785358 
25.8496 172.291 4.96464 59.0839 22.9224 36.0297 12.1978 199.762 186.829 95.6012 119.779 14.2343 71.2816 27.2286 51.8647 55.623 33.9367 44.9384 72.611 228.793 0 31.7457 10.0663 29.8565 42.7691 19.3707 44.2807 5.02214 
14.3491 2.09685 12.4712 5.89243 56.7943 7.62998 47.2812 38.4449 67.2869 7.64917 31.0189 20.9884 60.1076 10.1557 1.50237 6.05509 0.266604 0.163273 0.981963 0.546564 28.5785 0 13.7927 8.17347 7.8357 0.525729 7.42102e-05 1.65627 
24.8235 44.7791 6.52194 15.64 53.3687 10.0653 61.0283 97.9713 18.8502 56.6634 82.5637 26.2408 69.1501 0.239342 1.32927 12.4573 0.204798 0.0671794 20.3852 3.86459 23.6862 3.03833 0 13.9717 1.86834 0.308499 10.0408 2.63415 
6.63266 11.9962 10.3697 25.9324 45.6214 7.9615 30.1962 99.4507 33.4047 12.384 42.0645 155.06 0.96001 0.100679 2.65575 12.0941 16.1526 48.3366 1.2704 5.95954 38.5148 9.07196 20.1061 0 20.8274 6.89615 18.0744 14.2599 
409.194 371.674 18.971 356.758 3.2993 367.88 88.7586 17.7532 414.964 46.3369 24.6814 148.053 38.8511 10.0994 25.9245 76.8639 366.817 0.934722 1.75024 5.93567 51.4598 26.3663 8.68994 33.4696 0 65.9519 124.108 109.815 
0.107884 61.9819 1.32935 39.5592 0.295097 6.66112 84.645 123.717 65.8961 74.1745 53.9616 360.135 11.5135 1.55029 25.1931 31.4679 26.552 46.6744 30.4848 12.0479 14.578 7.90484 1.13495 16.6662 4.54686 0 18.0902 46.4847 
10.3187 54.5903 14.2748 3.10041 2.04358 17.609 50.8748 37.7721 53.5147 6.12053 35.0232 73.8505 32.6853 9.90889 8.86968 1.27552 19.6428 0.134918 18.5321 9.55611 34.6203 4.98091 8.09626 0.124246 9.6844 13.2735 0 77.1169 
53.8173 60.5518 21.6902 28.5468 0.0401556 20.3683 67.4404 61.9267 14.2935 57.3671 3.46161 19.9076 19.2783 11.7968 19.1949 0.0155213 14.8753 19.4923 26.5844 11.218 19.9271 7.52486 8.57046 10.2557 6.89894 3.89662 57.3859 0 
