0 500.719 35.8283 287.894 192.401 152.717 5.50126 50.7005 249.335 12.8047 24.8949 112.8 93.0609 20.2581 66.3225 1.15272 146.386 233.928 116.572 264.119 25.6076 13.0575 2.10353 36.2689 118.841 14.5395 0.0887366 3.87036 
198.74 0 461.799 167.323 18.6343 258.551 484.076 263.771 453.627 79.5682 125.676 100.853 97.3988 15.4799 52.6559 25.2714 192.09 799.483 7.05999 47.0876 117.105 18.5878 49.3665 18.1546 58.7399 46.3564 51.1203 27.204 
23.7073 72.6897 0 101.954 57.9992 54.3372 233.806 134.41 445.452 16.7549 31.5955 72.9153 30.4412 0.516783 32.2047 21.8976 55.5243 38.891 12.8251 10.4609 19.7511 9.44041 0.185752 14.1481 12.1176 15.7185 17.9277 18.8784 
215.213 164.443 383.997 0 3.43706 109.682 86.8828 1024.8 297.076 16.0875 198.883 1.1015 72.0997 22.4121 25.4207 42.0933 110.669 145.814 47.3634 10.0931 546.535 11.7571 10.6696 26.1379 70.3237 42.0055 9.80353 21.0297 
182.77 29.415 166.209 41.9876 0 320.588 25.6095 86.5916 355.068 111.272 166.314 117.77 60.2428 42.3827 89.0781 70.0911 9.82274 32.4963 18.5755 94.829 4.14814 53.2069 37.4421 15.6735 57.7257 70.3032 46.8792 49.7871 
114.832 91.6417 44.6018 95.2343 1014.38 0 301.87 89.8659 187.385 490.506 15.3921 87.9927 20.1321 0.356613 4.74283 0.813504 104.193 92.1466 56.0049 22.4684 74.2871 11.6232 13.5164 7.36747 80.7996 27.81 2.83139 17.4643 
27.1319 29.336 115.05 203.296 11.4509 76.4263 0 194.14 530.885 506.932 473.675 243.629 0.768241 45.0216 86.8399 9.58379 99.9495 212.559 28.649 63.8607 0.99107 3.98263 28.4719 64.4608 77.4382 61.4566 54.7974 23.8623 
184.768 7.55779 84.1795 27.4979 214.095 7.15552 230.352 0 434.404 1.24994 373.625 692.405 1.64054 2.02733 90.7344 200.513 1.24508 125.392 19.622 87.0133 17.1426 1.73604 98.4679 134.624 188.981 231.153 0.707938 89.9795 
54.14 77.1559 37.5497 287.896 19.3001 190.44 606.411 423.521 0 117.094 1314.69 403.019 142.654 26.0249 219.509 2.52913 70.3708 164.996 13.5103 101.73 44.9106 41.8179 28.7691 58.227 90.5145 32.6597 44.2318 1.08796 
72.5773 96.7468 104.684 106.876 158.204 490.038 273.312 221.662 371.444 0 578.26 224.15 328.289 80.736 4.24986 44.1817 12.9848 23.6086 114.15 45.985 1.55112 60.8959 56.9106 46.5701 70.1282 66.2515 11.9067 31.9929 
39.6139 49.6592 4.69326 0.487015 244.837 213.827 2.26487 329.831 449.208 602.927 0 457.649 237.43 52.6903 292.691 0.386555 75.3147 167.573 118.918 25.9949 34.3646 19.0751 47.8441 31.3747 88.2179 6.96499 2.22615 103.955 
1.94298 172.562 1.28492 198.885 162.388 25.7121 283.958 1009.07 239.559 151.17 41.5347 0 151.494 0.0338556 75.231 168.726 64.3565 117.745 11.7279 1.53605 113.095 75.4939 107.94 185.224 107.765 388.062 0.605694 5.20313 
54.6231 144.973 4.95331 25.1606 92.9824 25.3471 153.039 93.0803 0.931018 328.724 102.527 158.038 0 41.3386 99.0948 38.0823 63.3235 0.221436 62.8108 32.6205 7.41035 89.0103 0.375316 31.1134 53.8041 0.0044903 38.4 30.6542 
37.1328 1.74524 10.2434 17.1254 55.6369 21.1282 96.754 75.3948 1.33329 69.0931 25.1142 5.10988 20.4709 0 44.6613 0.15844 15.1076 4.08407 7.51674 0.0129242 9.6306 9.8918 3.72019 3.36119 0.00661851 13.0224 1.51937 8.98701 
16.0027 68.4775 0.607398 8.3678 91.2664 2.17115 3.35411 155.259 121.085 125.55 216.697 33.2536 22.7163 54.3935 0 88.7172 0.644163 56.0577 2.08318 0.934742 52.0672 16.9109 1.78372 19.4441 0.647476 30.8673 7.70905 7.11011 
74.9978 81.971 4.31711 25.4384 8.42499 22.9564 27.0273 177.383 143.537 0.252873 143.898 8.46297 84.1205 1.52722 16.3242 0 11.5352 2.71642 0.0253911 6.93412 39.4478 2.49888 9.32362 27.0177 33.8429 0.229876 11.4708 13.908 
135.66 188.74 9.37509 62.1538 120.32 108.658 4.72106 94.1016 156.05 6.60662 90.5414 59.962 4.41193 18.3721 19.9069 16.8713 0 285.112 442.147 14.7031 67.3396 13.5302 16.6838 19.9318 78.855 0.548577 21.169 12.8721 
217.817 97.129 149.322 50.3089 143.21 23.5684 208.948 152.713 65.3322 41.7879 28.1086 142.288 11.068 0.00233592 18.0745 58.8168 190.133 0 0.089369 58.1227 114.156 11.4682 34.845 3.23684 12.0691 55.1004 1.48822 43.9542 
116.332 158.462 23.7426 39.9969 120.725 25.5792 155.746 86.979 75.5036 123.304 107.66 77.023 84.2653 23.9969 38.3604 17.2394 4.26117 115.43 0 24.443 8.70295 2.88206 3.01006 8.65662 27.2415 11.4463 11.7634 24.7234 
221.499 36.3001 20.892 46.7759 94.9715 18.918 17.1514 66.5695 1.41784 51.4926 7.96069 73.6208 31.2389 1.75416 2.59848 7.78319 7.57529 29.505 0.921348 0 268.547 4.16124 3.78474 0.0143905 1.10636 0.00549964 4.5702 5.70091 
12.4045 125.459 0.207303 182.074 114.311 70.5852 114.654 160.018 186.52 14.9526 21.9165 57.8656 59.3612 44.9239 38.1512 23.9663 14.829 0.0300945 0.0953375 64.1811 0 20.8964 35.364 31.7137 18.5143 0.300497 40.6087 12.9702 
3.98462 1.50888 1.31146 3.09752 0.00163046 19.7763 62.8916 0.0211852 4.37247 21.3134 75.9118 53.9213 90.3528 8.39399 0.76692 8.88099 11.0803 10.7026 1.46125 6.04769 32.5309 0 6.75423 0.154923 6.21373 0.915834 9.42256 0.137988 
19.2493 50.9362 0.465426 11.8818 55.5062 5.32244 50.8824 51.2268 2.9139 35.5574 1.90279 126.608 23.8009 1.65101 3.30137 2.8941 19.0415 43.7619 0.626126 2.27797 9.87377 6.23067 0 20.2371 11.0067 8.49474 12.9318 2.42904 
50.3536 32.5559 0.05088 20.7044 49.8001 15.7684 58.8991 28.47 5.45344 57.3729 101.606 182.303 0.211176 7.92066 0.81363 26.6202 0.0127435 28.0284 10.5857 4.75495 1.40416 0.405325 6.43794 0 1.77207 14.3476 13.661 0.245217 
79.438 75.2409 23.5644 91.8756 40.6778 81.4333 43.7897 76.5267 171.162 54.3106 58.327 707.339 22.6189 16.1408 14.0671 71.9991 77.2578 44.0972 30.8309 13.8153 60.5512 90.8359 24.2081 53.5018 0 72.3555 92.1096 13.331 
17.9663 67.7754 22.2024 12.2288 11.7074 0.612202 59.4632 120.518 32.5733 55.4247 162.337 7.80058 0.0259915 8.01908 30.2842 0.735101 10.676 59.9649 30.6214 2.9794 1.50223 7.18286 7.02756 12.3956 11.4262 0 37.6769 34.8425 
0.855071 19.1707 1.95546 4.42572 2.29328 20.0387 40.7834 99.9681 69.1677 40.2922 48.5332 47.6374 15.0049 2.08411 4.01248 18.8704 22.1992 28.0288 22.3494 11.0085 22.3646 12.6253 11.8197 8.77013 49.4584 2.68941 0 14.371 
52.226 64.0492 19.5443 27.3859 7.27826 17.8457 48.9428 80.745 0.482243 35.3851 20.4929 66.3838 6.22837 11.9477 0.126419 10.9043 11.9 32.7304 26.0919 4.92421 10.2877 9.78369 8.73831 7.70404 28.7068 63.5466 92.433 0 
