0 882.583 107.365 538.479 4.78693 452.188 200.669 270.204 461.653 74.581 79.0679 5.02589 30.2082 2.81995 36.9441 1.67725 497.204 5.15748 116.509 77.0733 237.656 28.2793 31.283 56.6379 465.781 5.98758 47.9488 53.1871 
960.601 0 432.184 442.746 112.525 538.489 227.834 1.08062 600.011 240.32 188.883 215.102 107.36 8.71295e-05 44.3197 14.4536 443.086 846.294 116.84 125.51 38.9915 42.6419 37.1739 61.3072 401.009 70.2814 8.73453 62.854 
124.753 1.32625 0 84.7789 25.669 57.227 0.988418 30.1441 425.214 102.547 62.1622 165.339 42.0908 1.03038 4.74837 23.6265 55.5006 162.956 3.87492 27.6261 86.9672 4.76503 3.30183 7.14743 14.7775 7.21289 7.19181 20.2394 
540.092 440.55 5.59556 0 163.451 414.496 30.7712 254.041 582.94 11.2105 44.4491 10.9303 49.0003 22.7987 35.9661 7.39928 441.722 22.5368 35.2275 43.5728 265.449 5.82791 19.4385 24.1154 395.611 26.9469 3.71804 7.94583 
2.41373 328.199 135.146 107.08 0 407.181 423.263 207.679 336.932 331.662 169.935 100.708 168.754 8.96139 87.6245 70.7696 104.23 231.024 212.141 89.5685 50.5936 0.978155 47.2776 56.0222 3.26839 43.1448 1.96339 20.8214 
490.161 625.889 40.8474 430.686 964.215 0 650.207 0.261768 668.118 73.6986 197.804 2.24027 395.178 0.187137 23.5744 0.234155 448.254 14.6567 24.9626 24.0584 43.852 20.4156 16.1369 17.265 408.782 27.2406 19.6729 18.9335 
237.31 272.855 180.503 183.689 306.08 674.544 0 3.7729 372.953 2.04695 136.283 64.303 218.964 7.54722 49.9665 4.56337 64.4213 0.541556 140.936 78.5316 15.155 27.3337 58.0673 30.0976 86.8918 39.9107 0.0612052 1.50509 
304.683 290.837 69.1056 489.62 183.833 136.359 408.738 0 659.202 193.226 282.331 716.09 25.7892 63.2924 30.096 4.20483 59.0273 136.637 4.8101 106.368 117.785 65.44 100.312 72.041 19.0006 208.141 30.2135 25.2144 
655.912 631.244 60.3206 411.686 81.7448 671.455 772.307 660.669 0 384.59 278.943 394.738 199.218 85.6469 310.486 123.125 401.839 46.3116 36.0375 104.873 77.7349 5.46188 33.7985 76.3759 401.479 133.758 3.25717 28.4869 
11.7265 30.6822 5.90371 57.4586 329.529 455.586 234.023 26.3661 35.5521 0 249.433 19.0494 97.281 43.0054 66.9347 6.87215 62.3979 20.8174 115.373 55.1937 68.1114 47.3808 60.0805 57.7799 71.0734 72.7832 45.8315 57.1936 
3.93793 175.5 21.349 176.112 0.409187 25.0507 438.006 357.892 30.4859 159.392 0 83.6529 33.6935 30.1762 205.978 26.1492 65.4065 169.244 82.8938 77.5721 103.634 12.0787 8.40273 2.57097 144.852 152.104 36.7379 92.4258 
125.696 218.85 159.758 226.861 171.311 152.703 0.950598 1001.32 190.319 101.797 493.01 0 141.913 150.708 112.373 386.456 50.8925 35.666 34.4263 21.9664 134.423 32.8619 26.74 76.1545 262.002 29.4513 0.127837 173.133 
106.354 147.581 0.781661 59.5526 1.4684 66.6939 71.4714 45.8629 83.9482 44.9275 179.058 159.408 0 138.849 0.579476 82.8391 14.9907 54.7424 85.4034 26.4453 77.3113 28.266 89.0477 43.2374 34.7529 26.7927 1.02543 26.642 
0.420259 7.4305 9.01963 9.98192 70.1034 21.9424 80.1091 126.224 125.313 61.926 9.77218 164.046 111.009 0 5.11011 19.309 6.80793 31.1118 26.6165 4.46129 43.6682 7.69036 7.00976 7.73269 0.274737 11.9741 5.8839 11.5814 
49.7734 60.6254 18.166 0.782721 90.0769 28.1787 137.104 94.1358 71.9786 57.4479 282.911 273.483 57.1936 54.0832 0 88.1139 30.0913 58.9207 31.9546 11.4325 36.081 17.0115 2.04877 5.10541 8.01673 0.999549 19.8736 2.82672 
75.9692 75.6648 0.533436 6.86841 1.77412 26.7526 0.0250323 13.2499 44.0104 64.2624 201.684 461.389 45.6149 16.203 3.78333 0 11.9757 28.8083 25.6227 9.04743 62.9961 9.16781 9.52445 16.1411 2.31174 0.064955 2.25569 21.3717 
445.623 529.173 5.43664 392.107 146.437 438.767 35.2427 53.6321 490.383 9.87631 6.26586 55.6152 64.1361 3.87809 5.66533 6.84253 0 85.7601 380.484 2.46229 1.47483 13.388 5.61648 3.04448 395.419 27.0985 0.464466 16.7419 
24.4068 427.501 90.6623 35.4427 41.6263 6.85313 74.3988 142.971 182.688 45.3465 4.98348 69.9713 26.0237 44.216 6.11643 8.86301 0.605572 0 47.1645 63.7012 106.936 26.3926 6.22595 39.4839 27.4945 2.00158 44.8697 11.1178 
116.236 69.6254 37.2058 27.2013 85.3546 73.4536 59.7781 18.9844 106.34 94.5104 65.7361 79.9812 68.3644 12.3826 17.1209 3.31434 247.447 148.345 0 34.8536 39.3843 22.3251 21.1979 14.4658 1.58127 11.8449 6.03569 1.09467 
105.192 69.4464 24.0803 5.1374 90.3368 22.001 32.0411 40.8027 0.0810079 51.7501 59.0034 94.836 27.9656 3.95745 11.7734 0.796826 33.7712 35.3579 25.5581 0 140.968 3.86309 0.422395 5.72419 13.3683 7.93225 5.45682 3.78513 
227.381 46.6085 124.257 141.464 55.6294 73.2472 81.9808 207.2 176.373 89.3904 88.3408 36.1688 35.0872 5.24981 0.139736 0 36.0068 44.3253 60.2658 0.733081 0 22.0829 7.97309 2.9571 8.99773 26.937 4.382 47.7505 
36.9911 44.5281 12.1528 14.3342 48.4575 6.38318 21.6221 60.9674 68.3552 2.19039 15.6062 64.8457 37.9026 10.3074 5.22343 2.23329 4.7615 35.4818 23.8048 0.00405557 5.22703 0 4.81713 1.35555 8.55465 7.98236 3.90764 10.1299 
9.74488 34.8477 2.54109 19.3543 9.13198 14.0432 70.9021 45.4581 5.00264 44.4141 65.4668 82.1424 48.3666 8.77569 3.64621 3.20746 0.317124 0.136415 22.9333 1.68196 26.1194 12.3849 0 19.5434 12.2363 10.1594 4.4967 2.39866 
8.84976 60.7206 3.03274 24.0663 30.2439 16.3238 71.0398 28.3063 0.167214 45.7606 22.8192 65.5179 3.6081 10.3391 12.0208 28.6974 20.6199 29.1167 14.2361 0.397272 46.0997 0.862357 4.96126 0 40.2611 6.04883 16.6419 2.8534 
451.292 457.413 25.3779 416.31 62.6287 417.981 59.451 185.359 519.856 65.709 144.098 322.025 55.9178 15.3658 0.111074 26.1508 397.19 36.3321 0.195903 2.55078 17.929 68.2453 8.21959 9.52057 0 79.8541 39.6571 17.3279 
8.42159 43.0537 14.058 44.2836 7.58152 2.37292 79.1827 171.132 133.709 44.2993 0.701282 399.027 27.4925 4.04096 0.201254 1.16466 15.4159 7.00734 1.27151 1.86528 21.6741 6.15383 9.3955 16.6978 29.7292 0 1.00685 5.18951 
50.8638 43.0548 19.3277 27.0209 46.5266 0.330778 4.09674 71.3737 1.89657 21.1604 84.2456 52.1964 24.6751 5.11098 19.098 13.784 4.90164 23.5425 7.17723 0.138511 23.1513 0.0938603 2.67084 5.24366 24.8247 37.9925 0 3.94325 
3.21536 11.3686 5.45445 14.791 56.6578 0.441771 72.2349 18.2101 14.3919 56.6102 8.01788 103.522 28.0703 6.48814 0.559977 19.5782 17.6296 23.4233 0.203086 8.53102 28.3133 1.28171 6.55437 0.734322 34.6241 13.8469 86.2829 0 
