0 722.38 121.41 373.369 8.81495 247.717 189.246 259.74 252.902 79.6227 85.0066 7.74138 32.426 2.35807 38.6335 2.38728 297.48 8.48639 116.128 102.516 233.587 27.7668 30.4968 56.9567 266.912 7.14798 47.5386 52.3733 
738.514 0 460.79 263.797 153.837 324.047 182.214 0.078106 375.691 241.77 178.868 217.71 111.119 0.0362884 41.5555 16.1901 239.099 609.958 122.936 129.324 34.3597 43.2579 38.2012 61.0385 200.698 68.7131 9.35927 63.239 
138.408 3.24793 0 141.064 33.0522 54.5057 0.0190037 42.3988 388.538 99.5147 74.6358 170.55 40.1553 1.27264 3.9211 23.2447 55.624 162.056 3.0276 27.6384 91.6484 4.95176 3.05995 7.51364 14.0092 6.47922 7.51831 20.5048 
307.744 261.296 29.562 0 163.81 218.114 38.9089 594.849 407.182 13.5678 52.2327 17.6669 50.5999 22.9373 36.628 6.16325 243.418 18.6618 36.8482 44.7286 266.546 6.05994 19.4318 24.5121 195.684 25.3517 3.36825 8.64326 
5.47071 373.408 144.074 100.315 0 438.589 410.442 211.248 344.482 332.421 160.018 105.532 171.343 10.0829 86.1197 71.5439 109.108 228.109 229.965 88.1759 47.5782 1.25379 48.0439 56.1734 3.8558 44.6061 2.23881 21.7331 
286.206 429.231 44.3968 234.37 764.478 0 227.881 0.0451457 417.219 148.533 212.685 3.81356 141.996 0.327338 25.1672 0.411752 248.679 12.0372 28.3418 23.9123 45.6288 20.4663 16.2309 17.099 210.244 27.4317 19.7716 19.269 
228.684 319.271 195.897 189.598 275.898 444.367 0 0.478497 167.847 13.1499 169.445 74.7977 219.187 5.96303 44.2911 6.05131 67.0595 1.79975 144.18 80.5894 12.9519 26.1319 56.6486 31.745 85.736 37.0108 0.144471 1.09345 
307.207 287.552 85.4285 439.793 177.969 126.01 410.275 0 645.208 198.849 298.24 839.373 23.03 67.5669 24.1623 9.6801 57.1395 132.284 3.82522 108.336 124.549 65.0419 99.4937 66.9987 24.646 198.999 28.0645 21.8792 
457.128 456.493 100.039 202.628 66.2846 420.602 1009.85 648.678 0 379.209 906.745 399.919 196.537 90.1873 271.928 127.668 201.28 40.5299 40.0134 104.068 83.2294 4.82005 31.1792 74.1012 200.319 136.028 2.69321 26.3615 
9.21206 23.5714 8.17208 53.7759 324.204 491.042 185.032 21.1398 22.3179 0 311.011 24.9068 120.353 39.9217 60.1857 8.78025 60.7308 18.0139 113.263 55.5344 66.2131 48.5856 59.7328 57.1091 71.3286 73.6759 46.1316 57.3008 
2.42389 185.618 29.8534 169.542 7.78173e-06 16.0331 414.459 364.821 5.688 216.499 0 112.213 41.4404 22.1932 246.481 35.2794 67.0318 170.033 85.9436 76.3776 100.348 10.9748 10.8852 3.93304 143.762 155.699 35.0203 94.5183 
133.904 216.485 153.467 236.101 169.121 154.748 2.87961 935.615 212.441 91.7398 506.385 0 144.515 146.078 130.611 433.655 52.3502 38.6553 32.596 19.9981 130.747 34.3274 23.2871 85.2566 212.949 53.2885 0.00213487 174.821 
105.515 148.191 1.23252 58.1959 0.568452 73.0123 80.2734 49.3375 91.0113 63.0321 188.821 159.448 0 131.576 0.0722012 83.4864 15.9382 52.572 85.5485 27.1739 77.5088 25.328 90.0202 45.241 35.8504 25.6246 0.85838 27.3679 
0.631712 6.43145 8.54142 10.5617 70.2291 21.8901 77.6872 126.323 128.897 59.1567 5.31585 161.91 120.356 0 10.5259 19.321 7.0935 30.1693 26.7752 4.4211 43.9114 7.38467 6.13707 7.2468 0.410804 11.7452 5.68633 11.6679 
48.1993 57.9152 19.4014 0.478293 88.8135 29.6704 134.575 102.518 82.9058 64.1773 318.731 271.071 51.8292 58.7192 0 83.1127 30.0598 59.8989 31.3678 11.3564 37.156 17.1503 2.88856 6.25939 8.9645 0.608915 19.8715 3.23409 
76.963 77.011 0.798061 8.15635 1.27686 26.9659 0.0303078 21.8855 38.7142 67.3424 209.731 422.929 42.7323 17.1192 0.376585 0 11.5883 27.6151 25.2221 9.14296 62.9844 8.93487 10.0051 18.4427 2.63478 0.328145 2.547 21.7009 
249.123 326.842 6.36319 192.759 143.986 240.675 32.7554 55.5374 292.819 8.69827 7.16455 57.0355 63.9133 3.64694 5.30427 6.50307 0 69.4396 85.152 2.13485 1.81943 13.1497 5.40548 2.86113 195.97 27.1678 0.399325 16.467 
30.8325 450.681 98.2077 40.3244 49.0154 8.9135 65.8896 146.953 187.942 49.2137 6.57447 73.4428 24.1793 43.4818 5.33614 9.71946 0.0943026 0 51.8988 61.5355 108.763 26.9235 5.76622 38.8908 26.4733 2.42834 44.8243 11.7521 
115.716 63.1797 38.9991 28.8312 104.095 70.4643 54.4599 20.9518 110.579 91.0172 68.9383 81.5245 69.898 12.8566 17.8839 2.98988 242.272 147.023 0 35.1566 38.116 22.5525 21.3808 14.1292 1.38221 11.3643 6.27891 1.23985 
122.377 63.1644 23.3901 6.49861 89.033 21.611 34.7205 37.4857 0.319505 52.4297 57.2103 94.1182 28.679 4.01481 11.7823 0.910291 33.6416 33.0183 24.8618 0 104.002 3.78987 0.45888 5.66038 13.2743 7.70445 5.60214 3.61748 
221.25 41.6619 125.587 163.909 58.7211 73.9983 85.6461 206.154 173.655 88.1394 84.8541 39.9279 36.3301 5.74307 0.0519644 0.0306298 34.8817 41.7183 59.2934 1.5623 0 21.7365 8.45826 2.5707 8.18458 25.6304 4.02521 48.156 
36.6764 43.9507 12.2217 14.5045 47.7343 6.78477 22.7839 60.2828 67.9691 2.76934 16.8699 65.891 34.7483 10.449 4.83122 2.4488 4.9683 35.0722 23.9733 0.00116554 4.96092 0 4.2027 1.63084 8.39464 7.82835 4.07848 10.1824 
9.08257 35.9008 2.32139 19.4001 9.92624 13.7713 70.362 48.2556 3.85931 42.9666 70.2715 77.9486 51.9991 8.16206 4.6981 2.71153 0.260395 0.0721545 22.9879 1.6241 25.5441 12.8916 0 18.1726 13.1872 10.0738 4.76979 2.23756 
9.73529 61.0375 2.74811 23.636 31.2665 16.5477 71.3432 32.4762 0.450701 47.0601 19.5832 74.4088 4.57865 10.2309 10.6105 29.1814 20.6881 29.8541 14.5721 0.348233 45.766 1.08927 3.11422 0 41.8539 5.52755 16.285 2.59643 
250.631 256.862 24.8936 215.764 63.2927 219.139 57.1111 188.575 320.573 64.6501 145.092 375.643 55.845 15.1018 0.0204458 34.234 197.695 37.3296 0.276819 2.74858 19.0021 81.3874 8.04457 4.32428 0 93.6981 44.3363 78.7789 
9.76348 45.1491 13.2092 44.5231 6.67544 1.97501 81.5287 182.796 135.985 42.0757 1.8674 397.924 26.3232 3.67505 0.0513986 0.584524 15.0243 7.75241 1.4764 1.69619 20.4243 6.32571 9.23417 16.6712 31.3924 0 0.579399 2.91329 
50.7137 43.7332 19.2857 26.8627 46.8244 0.417575 3.59298 73.4982 2.37688 21.9619 84.729 55.5986 24.1447 4.91467 18.9374 14.1672 4.70703 22.9739 6.92342 0.107998 22.5429 0.0650353 2.90365 5.70025 27.6902 37.8919 0 1.37056 
3.76843 12.3072 5.87567 15.5929 56.7943 0.573824 72.6148 15.3129 12.7596 56.8606 9.59746 96.1273 27.3494 6.74667 0.389511 20.0649 17.364 24.1832 0.269443 8.68684 27.4793 1.19187 6.7368 0.885283 35.7005 17.9134 81.6083 0 
