0 595.989 132.774 250.443 13.0117 92.598 179.453 250.36 94.5834 83.7716 89.9336 10.3989 34.2862 2.00739 40.0202 3.06266 146.117 11.8205 115.677 129.064 229.515 27.3404 29.843 57.1827 116.293 8.17266 47.184 51.678 
560.52 0 472.048 131.386 190.634 160.489 146.502 0.120367 204.399 242.177 170.397 219.496 114.124 0.126002 39.2956 17.6761 84.4268 801.238 127.795 132.121 30.7148 43.7521 39.0368 60.7811 49.0007 67.3702 9.88656 63.5235 
149.223 17.7431 0 189.66 39.6738 52.0677 1.14468 53.7486 352.469 96.7983 85.3703 174.382 38.5538 1.48965 3.292 22.8945 55.6645 160.784 2.40453 27.5952 95.3683 5.10649 2.86549 7.81578 13.3767 5.89573 7.78918 20.7101 
131.253 128.684 112.572 0 163.654 69.653 46.1476 904.185 274.894 15.652 58.9466 24.3227 51.8938 23.0299 37.1243 5.21675 93.2878 15.7072 38.1716 45.564 582.467 6.25252 19.413 24.8153 44.3099 24.0257 3.09142 9.23173 
8.89066 408.095 150.994 94.639 0 451.271 396.733 213.85 349.263 331 151.711 109.471 173.184 11.0475 84.7877 72.1249 113.012 225.183 243.585 86.9211 45.1255 1.50585 48.654 56.2701 4.37359 45.797 2.47851 22.4896 
131.327 278.986 47.2198 85.8704 939.14 0 240.68 0.653607 224.166 648.792 224.049 5.41257 95.8691 0.47151 26.4602 0.594722 97.4845 10.054 31.2108 23.7673 47.0806 20.4946 16.2957 16.9505 59.9537 27.5602 19.8455 19.5362 
220.923 356.228 207.493 193.72 250.067 264.333 0 0.115877 53.7715 29.2594 197.986 83.8175 218.784 4.78997 39.7604 7.42348 69.2106 3.38107 146.611 82.197 11.2553 25.148 55.4444 33.1086 84.7004 34.6564 0.239404 0.803097 
308.188 284.015 99.5714 406.957 172.912 117.348 409.183 0 626.003 203.106 310.482 922.245 20.8541 71.073 19.6965 15.7977 55.5767 128.606 3.09615 109.822 130.053 64.687 98.7099 62.8544 29.7593 190.638 26.3316 19.2773 
305.941 325.134 138.032 46.1447 54.5069 227.466 1165.79 631.04 0 372.384 595.715 402.396 193.987 93.9026 228.675 131.175 49.3989 35.9949 43.3883 103.293 87.7823 4.3195 29.0672 72.1778 48.0312 137.655 2.26772 24.651 
7.35591 18.3496 10.293 50.7414 317.87 503.711 146.599 17.2275 13.6079 0 361.562 30.2476 140.128 37.3899 54.6757 10.507 59.3297 15.8372 111.358 55.7726 64.6291 49.5466 59.3839 56.5043 71.4666 74.3194 46.3597 57.3512 
1.44884 193.701 37.7602 163.719 0.271045 10.0345 392.277 369.145 26.0853 266.326 0 137.953 48.2978 16.443 278.635 43.6216 68.3509 170.515 88.4161 75.3452 97.5983 10.0992 13.1473 5.26371 142.606 158.291 33.6156 96.159 
140.588 214.18 147.926 242.67 167.142 156.132 5.24045 856.531 230.573 83.62 513.719 0 146.516 141.888 145.729 463.658 53.5436 41.1763 31.1082 18.429 127.62 35.5387 20.5841 92.8168 192.031 77.257 0.044195 175.746 
104.747 148.512 1.67904 57.0423 0.141547 74.5262 87.682 52.2462 96.8717 79.6566 196.522 159.306 0 124.835 0.0188708 83.8738 16.7331 50.7851 85.6017 27.7688 77.6417 22.9833 90.6076 46.8651 36.7446 24.6652 0.73172 27.9619 
0.83765 5.65773 8.14708 11.0412 70.2753 21.8176 75.6015 126.188 131.6 56.8063 2.63801 159.679 127.471 0 16.0956 19.1937 7.331 29.3898 26.8941 4.38646 44.0936 7.12752 5.38025 6.82973 0.542752 11.5418 5.5236 11.7311 
46.8823 55.6592 20.4097 0.283057 87.6739 30.86 132.15 109.363 92.185 69.7428 344.853 267.27 47.4573 61.0715 0 76.6641 30.023 60.6725 30.8701 11.2883 38.0324 17.2493 3.6729 7.27161 9.76854 0.358397 19.858 3.58673 
77.6938 78.0461 1.05437 9.27976 0.927704 27.1048 0.200379 30.4454 34.5234 69.7899 215.376 382.663 40.3558 17.7686 0.243309 0 11.2702 26.6359 24.883 9.21612 62.9287 8.73844 10.3764 20.2681 2.99945 0.694581 2.79802 21.9409 
100.511 173.232 7.17352 41.8561 141.731 90.7174 30.7467 57.1003 143.275 7.77803 7.94604 58.1939 63.7019 3.46088 5.014 6.22789 0 56.9009 362.848 1.88161 2.12959 12.9524 5.23356 2.71377 44.9399 27.2164 0.349313 16.2388 
36.5976 470.038 104.315 44.4886 55.4299 10.7963 59.1219 150.106 192.012 52.4567 8.04273 76.3059 22.6966 42.8613 4.73036 10.4487 1.44023 0 55.8771 59.7118 110.199 27.3577 5.39892 38.3915 25.6351 2.80937 44.776 12.2836 
115.152 57.9716 40.4542 30.1788 120.171 67.8743 50.1692 22.6286 113.982 88.0452 71.5675 82.7605 71.1191 13.2479 18.514 2.73395 235.542 145.693 0 35.3846 37.0698 22.7341 21.5251 13.8506 1.22787 10.9716 6.48156 1.36584 
136.355 58.0348 22.7846 7.71967 87.8491 21.2701 36.9611 34.8108 0.633712 52.9519 55.7131 93.4433 29.26 4.06083 11.7837 1.00878 33.5165 31.1155 24.2799 0 75.9607 3.72932 0.489916 5.60581 13.1906 7.51488 5.72176 3.48097 
215.559 37.7351 126.38 174.086 61.2796 74.5589 88.6377 204.959 171.204 87.061 81.9653 43.119 37.3557 6.1634 0.011615 0.101885 33.9544 39.6007 58.4715 8.83926 0 21.4493 8.86564 2.27173 7.53948 24.5621 3.74166 48.4718 
36.4078 43.4614 12.2744 14.6409 47.121 7.1201 23.7505 59.6961 67.6204 3.29441 17.9372 66.721 32.1897 10.5518 4.5154 2.63177 5.14089 34.7278 24.1056 9.61758e-05 4.74607 0 3.71652 1.874 8.25899 7.6996 4.22062 10.223 
8.55052 36.7601 2.14625 19.4246 10.5998 13.5387 69.8574 50.5663 3.02506 41.7474 74.2159 74.4436 54.9608 7.56198 5.64007 2.32607 0.217816 0.0344538 23.0254 1.57672 25.0665 13.2781 0 16.7463 13.9672 9.99393 4.99742 2.10793 
10.4897 61.2624 2.52207 23.2599 32.1056 16.7211 71.536 36.0577 0.786984 48.0978 17.0724 81.8736 5.45811 10.1006 9.47557 29.3019 20.7395 30.4572 14.8473 0.310139 45.4716 1.29423 1.86764 0 42.9349 5.10729 15.9773 2.39198 
98.5634 104.881 24.4709 63.8215 63.806 68.5825 55.1603 190.637 169.494 63.7193 145.648 787.261 55.7505 14.8672 0.000191781 45.1266 46.6266 38.1445 0.353827 2.91561 19.8984 78.5101 7.93958 1.46791 0 80.7509 120.066 121.908 
10.9321 46.8685 12.5117 44.6328 5.96824 1.67277 83.3755 191.746 137.617 40.234 3.24201 391.202 25.362 3.38173 0.00190809 0.253607 14.701 8.39006 1.65602 1.562 19.4098 6.46653 9.09347 16.6224 32.7152 0 0.31447 1.5111 
50.571 44.2803 19.2423 26.7183 47.0568 0.496457 3.20147 75.2093 2.81173 22.6236 85.076 58.4125 23.7053 4.75364 18.7943 14.4753 4.54894 22.5055 6.71648 0.085691 22.0416 0.0452396 3.10064 6.08449 30.1171 37.7196 0 0.242812 
4.25456 13.1014 6.23001 16.255 56.8835 0.695152 72.8787 13.0928 11.4787 57.0295 10.9943 89.9923 26.7517 6.95852 0.271958 20.4395 17.1431 24.81 0.331038 8.81304 26.7909 1.12003 6.88525 1.01946 36.5367 21.4945 76.978 0 
