0 571.853 143.033 235.584 17.5953 48.7384 170.103 241.091 48.0315 87.6108 94.5263 13.1985 36.0384 1.7061 41.3023 3.76173 105.604 15.3806 115.149 155.445 225.172 26.9412 29.231 57.3626 76.5 9.1782 46.8416 51.0127 
489.362 0 471.988 109.649 226.293 108.728 115.569 0.86155 145.839 241.915 162.385 220.858 116.835 0.257623 37.2153 19.0986 41.0131 1043.39 132.159 134.427 27.4767 44.2001 39.8035 60.5132 8.29763 66.0839 10.3862 63.761 
158.795 41.0058 0 231.414 46.2117 49.6636 3.73288 65.1798 315.385 94.1109 95.6221 177.549 37.0634 1.70486 2.75218 22.5415 55.6527 159.181 1.88785 27.512 98.6973 5.25085 2.68898 8.09638 12.7907 5.37204 8.0421 20.8897 
69.4527 106.804 182.379 0 163.144 31.9423 53.2518 938.555 251.308 17.6966 65.3922 31.344 53.0747 23.0983 37.5447 4.39936 53.9683 13.1661 39.3893 46.2416 534.689 6.43242 19.3847 25.0774 3.91207 22.789 2.8437 9.78868 
12.7762 437.53 157.016 89.3113 0 448.153 381.643 215.984 352.507 328.042 143.917 113.094 174.653 11.975 83.4785 72.6176 116.535 222.051 255.22 85.6715 42.8764 1.75993 49.2029 56.3373 4.88155 46.8915 2.71141 23.196 
87.5387 238.365 49.7381 48.0487 1093.14 0 502.786 1.85155 146.588 518.866 233.765 7.13745 548.578 0.628295 27.6409 0.793888 57.1645 8.35926 33.9326 23.613 48.4176 20.5099 16.3456 16.8033 20.5116 27.656 19.9081 19.7769 
213.23 388.774 217.233 196.916 225.648 133.26 0 1.6851 3.74784 49.4701 225.094 92.4558 217.938 3.81025 35.6902 8.8126 71.1873 5.2842 148.665 83.6157 9.77802 24.2401 54.2988 34.3785 83.6729 32.5028 0.34881 0.573141 
308.205 280.077 113.115 391.917 168.048 109.244 406.273 0 602.344 206.742 321.074 979.916 18.9149 74.3067 15.9134 22.7113 54.1205 125.122 2.48639 111.091 135.096 64.3359 97.8946 59.0267 34.8556 182.273 24.7546 16.9855 
265.108 302.553 176.373 3.03064 44.4288 149.714 1262.93 608.739 0 364.183 402.472 403.227 191.352 97.3253 201.141 134.228 8.54222 31.9794 46.5962 102.482 92.0226 3.8777 27.1465 70.3549 6.87122 138.966 1.90446 23.0976 
5.81089 14.043 12.4578 47.931 310.479 499.873 113.401 13.9254 7.38685 0 407.029 35.6016 158.839 35.0541 49.6339 12.2298 58.0078 13.927 109.46 55.9591 63.1428 50.4122 59.0099 55.9015 71.5361 74.8413 46.556 57.3671 
0.765598 200.97 45.7669 158.009 1.01355 5.68067 369.724 372.014 68.7355 313.538 0 163.326 55.0198 11.8185 306.702 51.9611 69.5591 170.824 90.6765 74.3486 95.0135 9.31405 15.4166 6.6643 141.327 160.389 32.3207 97.6129 
146.712 211.756 142.517 247.875 165.166 157.168 8.0464 766.756 247.201 76.2478 517.457 0 148.256 137.713 159.675 483.091 54.6451 43.5614 29.744 17.0162 124.64 36.6662 18.1959 99.8433 191.952 102.432 0.200926 176.224 
103.972 148.662 2.15373 55.9434 0.000638148 71.846 94.6566 54.9807 102.331 96.2497 203.361 159.034 0 118.047 0.264483 84.1146 17.4823 49.1281 85.5974 28.3167 77.7411 20.8744 90.978 48.348 37.5661 23.7774 0.623001 28.5098 
1.0544 4.98005 7.78131 11.4874 70.2718 21.7267 73.5965 125.886 133.899 54.5754 0.97655 157.237 133.525 0 21.9162 18.9659 7.55327 28.664 26.9951 4.35307 44.2481 6.88499 4.66466 6.43164 0.681089 11.3414 5.37259 11.7832 
45.6443 53.5496 21.3351 0.147122 86.5378 31.9287 129.633 115.635 100.959 74.8933 365.71 262.314 43.4576 61.9599 0 69.114 29.98 61.364 30.3968 11.2209 38.8383 17.3286 4.46997 8.25481 10.5319 0.184375 19.8358 3.92746 
78.3002 78.9458 1.32271 10.3693 0.652794 27.2037 0.49191 39.4695 30.7861 71.9818 219.775 339.954 38.1539 18.2786 2.2964 0 10.9758 25.7306 24.5611 9.27951 62.8397 8.55256 10.6992 21.8767 3.41641 1.15311 3.03977 22.1379 
62.6231 130.558 7.96273 1.8903 139.451 51.5573 28.9166 58.5453 104.479 6.96515 8.70453 59.2598 63.4832 3.29168 4.75035 5.97602 0 46.1191 52.1652 1.65998 2.4387 12.7685 5.07549 2.5799 4.82162 27.2546 0.305818 16.0255 
42.3072 481.886 109.866 48.4567 61.6269 12.6895 53.0588 152.927 195.574 55.5083 9.5314 78.9641 21.3506 42.2727 4.1982 11.1446 4.1062 0 59.6241 57.9893 111.475 27.7584 5.06727 37.9195 24.8599 3.18678 44.7226 12.7844 
114.52 53.2366 41.7844 31.4322 135.435 65.3767 46.2702 24.2291 117.063 85.2165 73.9987 83.8789 72.2174 13.6115 19.0999 2.50556 227.757 144.265 0 35.5787 36.0978 22.8981 21.6538 13.591 1.09244 10.6097 6.67157 1.48799 
148.981 53.3331 22.1943 8.92854 86.6634 20.9379 39.0637 32.3788 1.02013 53.4057 54.308 92.7497 29.7939 4.10254 11.7804 1.10423 33.3857 29.3717 23.7334 0 52.8217 3.67292 0.519516 5.55354 13.1078 7.33745 5.83274 3.35556 
209.785 34.2178 126.87 175.862 63.6621 75.032 91.3889 203.583 168.762 86.0217 79.2725 46.1533 38.309 6.56487 1.55976e-05 0.205196 33.0936 37.6609 57.6919 20.6971 0 21.1811 9.25006 2.00987 6.9609 23.5775 3.4868 48.7501 
36.1509 42.9964 12.32 14.7644 46.5377 7.43486 24.655 59.1331 67.2721 3.8203 18.9489 67.4663 29.8536 10.6359 4.22846 2.80588 5.30293 34.4025 24.2231 0.000163594 4.55012 0 3.28352 2.1125 8.13005 7.57859 4.35372 10.2586 
8.06774 37.5508 1.98857 19.4365 11.2403 13.3159 69.3411 52.7128 2.33879 40.5956 77.8557 71.1576 57.6749 6.94232 6.56851 1.98886 0.181645 0.0117778 23.0542 1.53296 24.6203 13.6102 0 15.2268 14.6856 9.91221 5.21072 1.99011 
11.2097 61.4419 2.31924 22.8939 32.8816 16.8731 71.6686 39.4905 1.18182 49.0333 14.8729 88.8751 6.33767 9.94737 8.45064 29.1866 20.7833 31.0136 15.1014 0.276642 45.1826 1.49866 0.972887 0 43.7398 4.72547 15.6809 2.20818 
57.4497 63.8443 24.0598 22.8495 64.2551 28.8817 53.333 192.065 129.181 62.8091 145.949 922.485 55.6349 14.636 0.025433 56.9241 6.47186 38.8952 0.433676 3.07393 20.7401 65.4885 7.87517 0.157839 0 54.7216 164.255 118.804 
12.0666 48.4574 11.8669 44.6635 5.34388 1.41324 85.0173 199.448 138.933 38.5196 4.84766 380.415 24.4717 3.11655 0.0159542 0.0677666 14.4003 9.00109 1.83147 1.44164 18.4806 6.59661 8.9567 16.5555 33.9001 0 0.139981 0.61106 
50.4232 44.7785 19.1951 26.5729 47.2622 0.575662 2.85706 76.7645 3.24694 23.2388 85.3565 61.0294 23.2954 4.60479 18.6529 14.7547 4.40397 22.0705 6.52607 0.0672693 21.5762 0.0300563 3.28759 6.44724 32.4077 37.4879 0 0.0193264 
4.73028 13.8553 6.56466 16.8702 56.9475 0.817875 73.084 11.1713 10.3424 57.1559 12.3662 84.2869 26.1939 7.15413 0.181476 20.7653 16.9362 25.3925 0.393833 8.92841 26.1508 1.05509 7.02154 1.15185 37.2669 24.958 72.1326 0 
