0 605.371 28.1069 408.126 201.203 301.485 3.06327 42.4493 401.943 14.9963 28.0464 106.469 94.3705 21.0619 66.9838 1.60176 290.271 232.058 116.33 257.525 20.5527 13.4568 2.37292 35.3733 263.203 15.8071 0.148101 3.43816 
306.104 0 441.918 331.76 7.56515 411.536 462.625 269.563 592.552 71.5662 133.933 106.594 100.471 16.5568 50.5332 26.8641 335.086 922.133 5.18992 42.6113 112.896 17.9876 48.7915 17.2994 204.715 44.7581 50.8002 26.2897 
17.3337 111.431 0 62.5157 65.3136 52.0677 239.815 120.532 423.305 19.3947 39.0762 66.6885 28.9775 0.651045 31.7504 22.2932 55.3845 34.0237 11.6983 11.2011 16.9988 9.31229 0.240566 14.3101 11.5379 15.0739 17.7892 18.6105 
386.631 328.796 318.855 0 2.06761 253.235 95.1046 1191.18 425.671 14.1247 196.495 3.07071 72.3651 22.2421 26.3091 42.4283 255.76 145.487 48.4277 8.82286 668.595 11.5859 10.3525 26.273 214.62 42.5609 10.1879 21.6186 
191.902 48.3074 170.989 46.7585 0 273.867 15.3083 92.2115 353.469 126.877 173.808 121.291 64.7162 43.6043 88.0429 69.4042 11.8901 37.5985 11.8491 94.5611 3.3563 53.5774 36.6727 14.975 58.4253 70.1059 46.6555 49.3002 
264.185 245.996 47.2198 238.322 1044.1 0 661.939 97.9171 298.618 849.891 22.0093 83.5693 402.092 0.240659 3.98817 0.611781 248.74 89.281 53.2315 22.2003 74.7848 11.2965 13.293 7.07042 226.314 27.794 2.66239 17.1685 
21.4984 47.8865 101.491 203.007 20.5939 46.29 0 174.83 345.905 499.509 463.308 236.853 0.159159 42.6502 91.3059 8.13802 101.098 208.251 31.9835 65.8543 0.57677 4.44724 27.1713 65.2136 76.0609 59.2319 55.2521 24.991 
173.392 4.72409 71.6585 63.7165 216.199 4.53139 249.479 0 476.743 2.40409 371.756 791.166 1.0987 2.93119 97.157 189.043 1.59085 121.851 21.1388 89.34 20.1373 1.47019 97.6271 135.828 190.825 228.334 0.43722 86.7734 
199.094 232.173 62.4281 449.485 13.234 301.388 801.954 466.424 0 135.233 1092.98 403.086 147.628 24.1103 248.883 1.49743 217.025 160.133 15.5697 100.764 48.5848 42.7379 26.8547 56.236 233.134 35.9493 45.3614 0.742261 
68.7398 105.263 102.576 106.69 174.479 445.118 310.981 220.122 363.022 0 555.675 219.403 323.475 81.5987 2.62479 41.5714 11.963 21.3296 115.714 45.214 1.19008 60.9908 56.2967 45.568 69.7038 67.3872 11.3778 31.0754 
35.9767 43.4004 8.06215 1.40944 240.83 202.612 0.0709467 319.961 400.088 594.388 0 438.555 233.059 44.862 263.653 1.68752 74.2016 166.557 120.203 24.666 32.1167 20.1077 44.3504 28.5536 92.0025 5.01918 2.66828 104.948 
0.952664 177.306 2.56371 208.244 160.119 29.0634 284.552 967.003 256.029 158.784 27.646 0 152.866 0.389984 63.0363 124.834 63.3479 119.938 12.6978 1.11291 109.844 75.2057 105.506 186.438 148.49 375.861 0.292211 3.44681 
52.7481 145.921 5.72747 23.9194 88.2939 15.9218 146.455 95.8174 0.341456 331.197 94.3881 157.353 0 48.7197 102.089 40.284 63.0689 0.398726 61.4838 32.1232 6.86023 88.3476 0.817394 32.6935 53.458 0.00285433 38.5213 30.1236 
37.8933 2.1661 9.88494 17.5138 54.6061 21.3091 96.876 78.5866 1.67689 70.8559 19.4214 3.33196 15.2922 0 50.0176 0.394233 14.8879 4.47896 7.19468 0.019691 9.16233 9.74013 4.42734 2.97991 0.0294276 13.0291 1.6239 8.81342 
14.9383 66.5237 0.3816 7.61635 90.4228 1.6561 4.89467 150.384 130.364 127.84 185.519 42.9597 26.0361 49.7869 0 89.6517 0.544728 55.2027 1.82615 0.848565 51.5362 16.7812 2.37897 20.443 0.435948 30.7536 7.41508 7.54051 
75.8447 82.5491 3.85057 24.156 9.29712 23.4113 24.7868 164.825 145.545 0.0528645 153.683 25.3824 83.8835 1.02432 9.53694 0 11.8312 3.10452 0.0543349 6.79503 38.4147 2.33212 8.92842 27.8836 34.493 0.521171 11.7959 14.4445 
282.668 336.402 10.2527 208.201 123.602 254.374 3.92196 93.4034 300.186 7.40085 91.133 58.9029 3.99333 18.5465 20.2442 17.1551 0 281.952 398.974 15.1987 67.547 13.7107 16.802 20.0192 224.317 0.467264 21.0841 13.0969 
213.464 82.1878 145.894 46.3009 136.165 21.0831 213.202 155.433 70.4637 44.673 30.6538 143.538 12.103 0.0218551 19.034 59.1924 176.614 0 0.000228531 56.3772 113.012 11.0964 35.2751 3.53154 12.7054 55.6367 1.64787 43.542 
115.983 161.099 25.1235 41.1945 105.766 28.17 154.73 88.7006 79.0382 123.416 109.455 75.7547 83.8709 23.7511 38.2714 17.6437 6.54311 118.63 0 23.8982 9.34369 2.71324 2.83753 8.90948 27.4683 11.814 11.5496 24.5738 
222.65 40.5787 21.5325 46.1876 94.7804 18.5047 18.8337 63.8955 1.9707 50.9267 7.13672 72.0456 30.722 1.69805 2.46462 7.9033 7.16408 27.7844 0.749559 0 243.93 4.21553 3.75976 0.0229781 1.00432 0.000469753 4.46089 5.83815 
8.88328 121.395 0.643298 195.591 115.906 69.7968 116.911 164.363 185.979 13.8606 20.0389 61.1519 58.5428 44.8702 38.956 25.0027 15.5445 0.130774 0.178619 42.697 0 21.1661 35.0637 32.3114 19.3405 0.456216 40.8613 12.417 
4.24179 1.72731 1.22324 2.95497 0.0199765 19.8939 62.8237 0.00153775 3.92808 22.3903 76.3448 52.8833 90.2278 8.60383 0.637028 9.06078 10.8922 11.0701 1.33822 6.0215 32.5822 0 7.26747 0.0916979 6.64498 0.991371 9.29715 0.114775 
19.8733 50.4137 0.549071 11.5705 55.6953 5.05499 49.6505 53.373 2.24086 34.3382 1.13055 126.914 21.3906 2.22337 4.06634 3.27894 19.0129 43.9293 0.54462 2.32279 10.2725 5.72788 0 19.475 10.2894 8.33603 13.0165 2.55535 
50.9615 31.6105 0.0878015 20.2507 49.2867 15.5645 57.9079 25.4196 6.40195 57.8717 98.8197 184.317 0.420485 7.55948 0.485728 25.5003 0.0246097 27.4567 10.3255 4.82376 1.19822 0.298785 4.84396 0 2.6794 14.0488 13.3061 0.314319 
223.45 219.334 23.1175 236.483 39.69 226.544 41.9359 69.8963 318.048 53.0794 62.1597 873.957 21.768 16.0125 13.258 69.2623 222.757 43.403 30.8572 13.8224 60.5629 88.5412 23.5538 47.5877 0 43.9293 26.3079 49.2744 
19.3332 69.0114 21.6803 13.3481 12.5755 0.456825 61.6856 130.875 35.86 53.8768 160.575 1.6628 0.00166557 7.71928 29.9863 0.378952 10.9708 60.2509 30.6453 3.13802 1.82686 7.05678 6.8371 12.7568 10.2178 0 37.4309 38.3988 
0.702767 18.5596 1.80322 4.1362 2.0786 20.0808 41.5207 100.196 69.9261 39.8406 47.2092 50.2067 15.4122 2.20255 3.7722 18.8677 22.2346 28.4492 22.4658 11.0123 22.83 12.6596 11.962 9.15637 47.5213 3.31092 0 10.2533 
52.856 64.2246 19.7794 27.8425 6.80403 18.1286 47.8059 77.4261 0.767745 34.4852 22.2556 71.9554 6.62501 11.9604 0.203562 11.4575 12.1253 32.1687 25.9988 4.78866 10.8059 9.83794 8.63533 7.95447 29.6242 63.0773 91.1378 0 
