0 843.461 163.666 545.97 29.5902 302.351 149.374 219.545 296.815 95.791 104.426 20.2711 39.8841 1.1382 44.0374 5.49643 365.897 24.4931 113.658 204.973 214.087 26.0715 27.8994 57.6517 338.437 11.5127 46.0616 49.5186 
668.229 0 438.049 412.851 304.734 345.605 58.8941 4.73354 369.545 239.269 144.801 222.804 122.392 0.698245 32.8131 22.2904 295.663 1039.19 141 138.391 21.0191 45.1279 41.4215 59.8428 268.577 63.1939 11.4938 64.1846 
177.399 117.913 0 291.62 61.3474 44.1106 14.1826 92.1561 229.111 87.8345 118.251 183.024 33.8545 2.21119 1.7424 21.6941 55.4656 154.389 0.982369 27.1935 105.399 5.5636 2.32308 8.69913 11.5379 4.30896 8.59056 21.2394 
292.902 409.853 193.629 0 160.867 298.574 69.5761 366.753 544.53 22.4305 79.8198 48.9527 55.5432 23.1877 38.3129 2.85406 316.985 8.39496 41.9657 47.3659 3.54986 6.82307 19.2886 25.5761 264.867 20.1254 2.34165 11.019 
23.3611 489.276 168.479 77.7586 0 393.957 342.371 219.636 355.485 316.459 127.002 120.753 177.011 14.0713 80.434 73.523 123.74 214.009 276.394 82.7164 38.1383 2.3719 50.3257 56.408 6.06191 49.2057 3.24625 24.7286 
340.81 494.722 54.7388 314.198 962.515 0 817.747 6.46461 337.351 769.089 251.541 11.611 40.2055 1.03924 30.099 1.31644 317.992 5.21063 39.9311 23.2175 51.2524 20.5071 16.4193 16.4565 283.351 27.7843 20.0231 20.2696 
195.27 450.248 234.308 201.637 173.121 41.2542 0 11.2102 93.6315 107.874 283.818 111.741 214.588 2.06944 27.451 12.1639 75.3639 10.7695 152.398 86.4156 6.92782 22.3071 51.7499 37.118 81.2522 27.9929 0.653585 0.208706 
305.32 269.542 142.969 394.28 157.08 91.8148 393.944 0 534.613 213.475 341.049 1029.69 15.0185 81.159 9.04009 41.2759 50.9732 117.42 1.39644 113.447 145.671 63.5099 95.8597 50.9062 46.8461 162.608 21.4731 12.4821 
523.15 598.63 263.454 264.917 25.8459 339.82 1280.75 543.488 0 340.842 66.8831 400.2 184.835 104.571 222.693 140.085 268.546 24.019 53.7149 100.45 101.154 3.003 23.158 66.3214 266.472 141.114 1.22762 19.8753 
3.0845 6.64152 17.7169 41.9405 289.973 438.109 53.5103 7.94785 0.367939 0 494.898 48.3188 199.129 30.1074 39.1626 16.3046 55.0995 10.1927 104.971 56.2467 59.8994 52.1837 58.0439 54.4725 71.4938 75.7134 46.9272 57.3009 
0.0274311 215.723 64.8841 144.848 4.20293 0.459426 316.141 374.367 177.469 412.791 0 221.358 70.516 4.35868 358.233 71.5362 72.1016 171.04 95.413 72.0831 89.3601 7.7179 20.8228 10.2024 137.919 163.858 29.5682 100.505 
159.538 205.643 130.13 255.972 160.476 158.572 16.0361 540.303 281.775 61.0592 515.292 0 151.604 127.886 188.71 494.311 56.9922 48.8295 26.868 14.1276 118.001 39.098 13.481 114.807 218.915 163.387 0.921684 176.001 
102.107 148.5 3.3687 53.4929 0.533705 52.8236 109.853 60.9611 114.074 134.733 216.935 157.99 0 102.058 1.75146 84.2415 19.1303 45.5745 85.4126 29.4801 77.8761 16.5846 91.1971 51.447 39.3029 21.8801 0.418139 29.6765 
1.60368 3.65797 6.99816 12.448 70.1126 21.4545 69.0779 124.667 138.126 49.6459 0.149363 150.824 144.441 0 35.3973 18.1306 8.03725 27.0968 27.1808 4.27724 44.5324 6.35281 3.15649 5.55098 1.02942 10.874 5.04814 11.8736 
42.9367 48.9771 23.279 0.00398986 83.8462 34.0954 123.394 128.729 120.087 85.7836 397.293 247.246 35.1292 59.527 0 49.5101 29.8589 62.7629 29.3431 11.0618 40.5448 17.4577 6.38294 10.485 12.2205 0.00405031 19.757 4.70212 
79.3644 80.6754 1.99651 12.8483 0.223537 27.3173 1.55289 61.9624 23.3043 76.4057 226.329 238.436 33.4561 19.0476 13.2559 0 10.3457 23.7969 23.8458 9.40089 62.5271 8.14198 11.315 24.9455 4.56252 2.51055 3.58734 22.4757 
328.788 385.99 9.77629 263.753 133.965 314.911 25.1023 61.6306 368.557 5.35479 10.4425 61.5198 62.9392 2.93928 4.20244 5.44624 0 26.1956 62.4114 1.22775 3.17246 12.3701 4.74038 2.30156 266.241 27.3147 0.221849 15.5617 
55.6549 469.284 121.292 57.2682 75.6499 17.2158 40.8289 158.625 202.486 62.1863 13.1363 84.6726 18.5586 40.9668 3.15391 12.7016 14.3415 0 67.8201 54.199 114.028 28.6125 4.38447 36.8766 23.2026 4.07538 44.5791 13.8852 
112.81 43.4454 44.5678 34.1285 168.639 59.7417 38.2053 27.8095 123.414 78.9333 79.1843 86.1866 74.4607 14.3947 20.3615 2.04477 208.051 140.579 0 35.9384 34.006 23.2356 21.9137 13.0294 0.826742 9.84022 7.08651 1.76771 
174.182 43.5097 20.8397 11.752 83.8387 20.1747 43.6448 27.3352 2.15871 54.2789 51.241 91.0425 30.9236 4.1889 11.758 1.32237 33.0562 25.7057 22.5387 0 15.7801 3.55095 0.585768 5.43593 12.9133 6.95146 6.07128 3.09016 
195.891 27.1044 127.108 161.199 68.7996 75.8925 97.2069 199.762 162.984 83.6642 73.4569 52.8974 40.363 7.46467 0.0596557 0.548582 31.2427 33.5794 55.9616 60.9674 0 20.5987 10.097 1.49829 5.78396 21.486 2.96603 49.3001 
35.5737 41.9608 12.407 15.0199 45.238 8.1222 26.6225 57.863 66.4429 5.07474 21.1904 68.9844 24.9853 10.7789 3.63301 3.19358 5.65757 33.6842 24.4585 0.00377619 4.13997 0 2.42062 2.66497 7.84339 7.31355 4.6437 10.3283 
7.06633 39.2271 1.66587 19.4267 12.6668 12.8152 68.0768 57.3215 1.15545 38.0594 85.5675 64.021 63.3539 5.46976 8.71073 1.33846 0.114802 0.00331405 23.0966 1.43959 23.6514 14.2311 0 11.5366 16.2 9.7122 5.67537 1.74526 
12.8207 61.7316 1.90675 22.0531 34.5401 17.1699 71.8015 47.1837 2.29911 50.95 10.5948 103.995 8.42912 9.51642 6.36763 28.2077 20.8647 32.1984 15.6434 0.210748 44.5101 1.98277 0.0213799 0 44.7853 3.93535 15.0099 1.83321 
316.63 323.18 23.1175 282.423 65.1301 291.127 49.3601 193.52 389.698 60.7055 145.894 650.165 55.2952 14.0964 0.223406 79.2237 267.811 40.4902 0.632743 3.42483 22.58 24.6452 7.84958 2.00917 0 8.63852 46.8823 18.4856 
14.6625 51.8428 10.4941 44.4966 4.10799 0.925393 88.298 213.769 141.093 34.8293 9.35074 343.62 22.5666 2.57168 0.241921 0.0700467 13.7515 10.3766 2.23724 1.19678 16.5261 6.87421 8.64315 16.3415 36.288 0 0.000828968 0.0356873 
50.055 45.8183 19.0706 26.2236 47.6698 0.765448 2.17896 79.9945 4.28534 24.5649 85.8233 66.6554 22.4071 4.28689 18.3211 15.3334 4.0978 21.1342 6.12196 0.0351229 20.5748 0.00784907 3.70246 7.24526 37.3904 36.7588 0 2.23269 
5.83243 15.5301 7.302 18.1927 57.0236 1.11457 73.3948 7.51304 8.0758 57.3281 15.5559 72.0847 24.9851 7.57076 0.0483111 21.391 16.4852 26.6471 0.547253 9.17069 24.7715 0.921132 7.30939 1.46172 38.667 32.6565 60.3192 0 
