0 934.618 169.085 652.508 33.518 394.666 143.357 213.052 388.005 98.0962 107.246 22.5428 40.9987 0.996534 44.8105 6.04787 459.974 27.4402 113.145 214.895 210.514 25.8207 27.516 57.7095 433.007 12.2201 45.8284 49.077 
736.201 0 420.555 519.484 326.821 433.318 45.7277 6.40211 453.91 237.997 139.727 223.109 123.903 0.863286 31.5792 23.2318 388.288 416.191 143.37 139.262 19.3114 45.3834 41.8747 59.6282 362.749 62.3404 11.8179 64.2834 
182.112 144.995 0 298.296 65.8851 42.4498 18.3308 100.319 204.124 85.9312 124.768 184.237 32.9407 2.36612 1.49384 21.4313 55.3718 152.696 0.776658 27.0679 107.184 5.65333 2.22232 8.87055 11.1833 4.02269 8.74801 21.3298 
379.154 516.482 189.393 0 159.925 394.526 74.4435 872.443 646.934 23.8591 84.0447 54.5408 56.2282 23.1987 38.4971 2.46935 411.877 7.21619 42.6881 47.6006 645.983 6.93539 19.2524 25.7016 359.237 19.3685 2.20633 11.3773 
26.9133 500.644 171.336 74.463 0 370.442 329.696 220.438 355.32 311.896 122.168 122.898 177.479 14.6936 79.5106 73.7421 125.694 211.4 281.357 81.8089 36.8144 2.56278 50.6311 56.4096 6.42031 49.8549 3.40727 25.1687 
432.904 586.771 56.0436 409.952 478.782 0 207.348 8.27998 415.141 398.233 255.746 13.0724 378.432 1.17461 30.7758 1.48867 412.252 4.44107 41.6674 23.089 52.0494 20.4973 16.4318 16.3501 378.214 27.8013 20.0509 20.4037 
189.837 465.078 238.104 202.427 158.461 67.393 0 15.4323 165.381 127.65 300.314 117.381 213.254 1.6668 25.2466 13.2073 76.534 12.6747 153.286 87.1484 6.19892 21.7613 51.0029 37.9001 80.5105 26.7413 0.757905 0.137601 
303.771 266.041 151.52 392.458 153.838 86.8907 388.955 0 511.685 215.113 345.984 1024 13.9783 83.0794 7.4128 47.4069 50.0727 115.177 1.1417 114.023 148.608 63.2568 95.2101 48.6297 50.4969 156.652 20.5665 11.3095 
616.199 702.067 288.184 361.256 21.3829 417.359 1236.49 521.133 0 332.864 583.46 398.137 182.771 106.602 241.146 141.567 362.654 21.9276 55.794 99.7993 103.754 2.77263 22.0593 65.1454 360.529 141.556 1.06101 18.9878 
2.45975 5.01605 19.3587 40.253 283.06 408.114 39.989 6.53479 0 0 516.402 52.2237 210.381 28.7229 36.2993 17.5536 54.2549 9.22461 103.594 56.3 58.9635 52.6654 57.7284 54.0326 71.4336 75.8985 47.0202 57.2568 
0.00138693 219.683 70.7432 140.902 5.50748 0.0354678 299.911 374.072 203.125 439.329 0 238.452 75.1656 2.88347 370.111 77.4558 72.812 170.988 96.7298 71.4073 87.7268 7.28635 22.4894 11.3394 136.786 164.579 28.7922 101.269 
163.091 203.681 126.435 257.474 159.031 158.763 18.7902 472.432 291.221 56.924 512.119 0 152.457 124.891 196.602 489.585 57.6557 50.3643 26.0633 13.3431 116.053 39.7926 12.2479 118.998 220.61 181.802 1.22309 175.623 
101.526 148.333 3.76314 52.7733 0.895216 44.9968 114.207 62.6882 117.408 146.171 220.494 157.578 0 97.2318 2.41328 84.1793 19.6091 44.5648 85.3159 29.808 77.8948 15.4286 91.1142 52.3053 39.7901 21.3427 0.367003 30.0061 
1.78106 3.3156 6.77632 12.7217 70.0292 21.3579 67.7422 124.177 139.145 48.2139 0.607062 148.717 146.969 0 39.2074 17.81 8.17675 26.6485 27.2259 4.25462 44.6013 6.19887 2.75039 5.29631 1.14124 10.732 4.95577 11.8939 
42.1545 47.6678 23.8191 0.000808788 83.0184 34.6768 121.42 132.335 125.544 88.8116 402.594 241.915 32.8413 57.7863 0 43.5262 29.8172 63.1391 29.0339 11.0129 41.0243 17.4841 6.97173 11.1436 12.712 0.00167949 19.7266 4.93309 
79.6068 81.116 2.21222 13.5853 0.142045 27.3247 1.9634 69.0401 21.3224 77.5879 227.442 208.941 32.1316 19.1802 17.7791 0 10.1668 23.2495 23.6361 9.43171 62.4076 8.02234 11.4694 25.7001 4.94996 2.98638 3.7502 22.5501 
424.593 478.633 10.3214 358.376 132.261 409.897 24.047 62.504 463.735 4.93086 10.9646 62.1558 62.7658 2.8417 4.05103 5.29819 0 21.4265 299.529 1.11576 3.39895 12.2557 4.64604 2.22461 360.709 27.3262 0.200301 15.4282 
59.7041 455.36 124.394 59.8376 79.8005 18.6155 37.5651 160.153 204.261 64.1143 14.2635 86.2957 17.789 40.5845 2.88162 13.1604 18.3454 0 70.1826 53.0991 114.707 28.8541 4.19747 36.5723 22.7327 4.3479 44.531 14.205 
112.236 40.7669 45.3396 34.896 178.034 58.0786 35.9961 28.8639 125.15 77.0983 80.6496 86.8197 75.0696 14.6182 20.7214 1.92111 202.134 139.378 0 36.0263 33.4094 23.328 21.9835 12.8685 0.757436 9.62314 7.20642 1.85173 
180.706 40.8018 20.4339 12.6077 82.9666 19.9452 44.9621 25.9482 2.55991 54.5017 50.3562 90.5023 31.2409 4.21268 11.7478 1.38773 32.9502 24.6839 22.1935 0 8.99473 3.516 0.605307 5.4011 12.8538 6.84039 6.13925 3.0156 
191.589 25.1966 126.97 155.406 70.266 76.0981 98.8378 198.46 161.208 82.962 71.795 54.871 40.9493 7.73026 0.0979028 0.676826 30.7153 32.44 55.4551 75.5571 0 20.4312 10.3435 1.36546 5.46556 20.8968 2.82442 49.4446 
35.4029 41.6567 12.429 15.0902 44.8563 8.3206 27.1886 57.4861 66.1864 5.46287 21.8455 69.3957 23.6426 10.8101 3.46897 3.30731 5.76025 33.4747 24.5213 0.0056778 4.02584 0 2.19353 2.8319 7.75945 7.2368 4.72731 10.3464 
6.79028 39.6985 1.57811 19.4151 13.0855 12.6672 67.6781 58.6306 0.892353 37.3231 87.7273 61.977 64.924 5.03045 9.35071 1.17333 0.098493 0.0110285 23.1037 1.41316 23.3729 14.3833 0 10.4317 16.6214 9.64918 5.80921 1.67764 
13.2953 61.79 1.79527 21.8004 35.01 17.2469 71.801 49.4449 2.68439 51.4715 9.4935 108.283 9.07399 9.36934 5.8101 27.7517 20.8847 32.5332 15.7968 0.193509 44.3056 2.13152 0.00921881 0 44.9055 3.71866 14.8106 1.73155 
410.436 417.027 22.8348 376.363 65.3566 385.811 48.2189 193.525 483.788 60.0701 145.702 883.601 55.1755 13.9323 0.315733 83.0687 362.255 40.9399 0.696361 3.52744 23.1117 15.9531 7.87163 3.66937 0 8.88274 18.7144 4.57945 
15.4403 52.7984 10.1075 44.3906 3.78284 0.804269 89.1679 217.235 141.538 33.7792 10.8907 330.113 22.0263 2.42319 0.355186 0.171766 13.566 10.784 2.36004 1.13054 15.9806 6.95279 8.54904 16.2631 36.9243 0 0.0207242 0.217479 
49.9375 46.1068 19.0294 26.1148 47.7774 0.824437 2.00145 80.8853 4.60694 24.9436 85.922 68.255 22.1521 4.19684 18.2197 15.4926 4.01189 20.867 6.00808 0.027834 20.2892 0.00414238 3.82384 7.47683 38.8096 36.4941 0 3.52363 
6.16627 16.0207 7.51644 18.569 57.0298 1.20733 73.4505 6.59286 7.47504 57.3521 16.5234 68.6454 24.6381 7.68839 0.0258533 21.5499 16.3551 27.0052 0.595619 9.23828 24.3777 0.884363 7.39009 1.55627 39.0193 34.8671 56.6987 0 
