0 624.678 196.914 473.059 63.0716 153.889 105.069 169.329 142.881 112.278 124.924 39.4135 48.2256 0.312598 49.6191 10.1128 228.655 49.4051 108.993 225.759 184.084 24.2015 25.0508 57.8163 205.032 17.1141 44.2373 46.1206 
330.622 0 254.315 365.224 451.056 166.96 0.544379 22.6411 171.22 224.734 107.491 222.419 132.648 2.31678 24.0398 29.4902 149.523 897.494 156.606 141.975 9.98785 46.9076 44.6578 58.0249 133.059 56.6488 13.9571 64.6781 
204.36 332.642 0 221.916 96.0312 31.474 55.1859 154.424 64.6301 72.8992 165.228 188.136 27.1937 3.45115 0.350047 19.5616 54.3574 138.815 0.0315709 25.9204 116.989 6.22774 1.6232 9.94806 8.97835 2.40004 9.75586 21.8039 
131.515 362.607 414.564 0 151.016 175.605 106.549 785.294 454.411 33.6338 111.409 94.5708 60.353 23.1159 39.2906 0.653316 186.094 1.75021 47.1141 48.1634 656.69 7.65697 18.9313 26.3193 130.856 14.661 1.43201 13.7174 
54.4223 531.276 184.583 53.9608 0 241.532 239.026 222.957 343.756 271.237 91.898 136.014 178.282 18.8795 73.121 74.7151 136.869 191.849 300.094 75.4259 28.7408 3.94228 52.4089 56.2251 8.91571 53.8461 4.51723 27.9891 
189.457 333.94 62.7733 189.174 697.878 0 1464.56 24.6859 131.025 964.113 272.267 24.1526 103.393 2.21567 34.7478 2.81367 182.395 0.958541 52.7528 22.1145 56.9612 20.3415 16.422 15.6 152.477 27.7038 20.1753 21.1852 
153.014 522.866 249.67 201.502 74.5295 570.636 0 56.6839 870.589 271.282 395.911 153.896 201.019 0.119167 13.0478 20.6724 83.6982 28.1128 157 91.073 2.47993 18.3648 46.0775 42.8481 75.2987 19.232 1.60067 0.0313867 
286.642 239.137 203.479 226.654 132.31 56.9833 343.387 0 342.662 222.392 368.453 796.961 8.15891 94.7659 0.788964 93.0069 44.3427 100.559 0.118693 116.645 166.202 61.4689 90.3944 34.7966 75.5224 116.692 15.1485 5.11748 
374.486 518.921 421.305 162.276 2.679 131.223 601.754 354.036 0 271.002 349.517 373.008 167.701 118.971 203.475 148.865 132.702 10.6736 69.381 94.9526 120.053 1.51418 15.5426 57.4627 130.938 142.535 0.282647 13.7147 
0.132229 0.00487902 31.0623 29.8945 230.206 154.592 0.0491444 0.747921 14.7118 0 600.203 79.4329 274.81 20.3379 19.9299 26.2671 48.76 4.14156 93.9352 56.3368 52.9314 55.4592 55.3223 50.9187 70.5502 76.3974 47.4748 56.7137 
1.76431 241.791 110.761 114.418 17.7672 8.51342 193.453 362.203 383.704 569.499 0 346.389 106.472 0.644789 408.051 117.053 77.1569 169.477 104.683 66.8258 77.1962 4.80428 34.2227 19.804 128.007 166.273 23.9788 105.448 
184.243 189.086 101.81 258.254 148.801 157.78 40.8702 104.121 344.817 33.2273 466.702 0 156.774 104.307 240.085 385.187 61.7969 60.3972 21.1315 8.80319 103.218 44.1999 5.68434 144.077 96.5783 296.127 4.12206 169.998 
97.3418 146.011 6.75036 48.0135 5.34771 2.45662 141.503 73.8076 138.147 218.976 239.359 153.783 0 65.483 8.99465 82.7617 22.7346 38.2172 84.2448 31.8421 77.8063 8.89624 89.0795 57.4376 42.7873 17.9843 0.11902 32.0616 
3.11964 1.51641 5.39583 14.4453 69.1044 20.5519 58.8643 119.625 143.55 38.9848 10.6094 132.741 156.087 0 58.1688 15.032 9.07658 23.7973 27.4287 4.10081 44.9112 5.20855 0.696575 3.69302 1.97531 9.7491 4.37238 11.965 
37.1113 39.374 27.0478 0.373948 77.1768 37.9258 107.101 153.351 159.063 106.667 394.472 199.127 19.5601 38.4546 0 10.2408 29.4774 65.2812 26.987 10.6672 43.9834 17.5408 11.0245 15.4361 15.8951 0.498477 19.453 6.49423 
80.4947 83.3418 3.81118 18.4964 0.0552834 27.1102 5.66647 118.548 10.5383 84.1485 226.38 50.5926 23.989 19.0795 53.931 0 9.04116 19.8265 22.2491 9.58689 61.335 7.23999 12.2048 28.8934 7.99191 6.82212 4.84854 22.7882 
204.724 237.843 14.0481 131.516 120.122 184.686 17.7285 67.9639 239.585 2.62199 14.5459 66.0956 61.4751 2.25336 3.14252 4.39144 0 2.04506 116.387 0.525016 5.01411 11.5229 4.06033 1.76156 132.568 27.3405 0.0886754 14.568 
87.4238 334.409 141.978 76.4735 107.261 28.5255 19.5426 168.775 213.361 76.5007 22.407 96.4991 13.2023 38.0614 1.42653 16.2172 53.8171 0 85.2617 45.9739 118.484 30.3656 3.09304 34.5727 19.7864 6.27263 44.1511 16.2935 
107.709 25.2291 49.9636 39.7185 233.827 47.1332 23.1079 35.8726 135.281 65.129 89.7508 90.563 78.5932 16.035 22.9981 1.21879 167.589 130.274 0 36.4288 29.632 23.8741 22.3813 11.8399 0.385714 8.27244 7.98399 2.42924 
212.422 24.9655 17.6896 18.4504 76.7866 18.3754 53.3609 17.7634 5.88634 55.6352 44.6597 86.5372 33.1992 4.35449 11.6429 1.8341 32.1544 18.4968 19.9638 0 10.833 3.29243 0.73593 5.1669 12.434 6.1274 6.56987 2.55475 
161.419 14.4792 123.972 158.925 79.5329 76.98 108.823 188.083 148.712 78.2074 61.268 67.8343 44.6711 9.50679 0.562033 1.80412 27.3778 25.496 52.1105 185.545 0 19.3538 11.9585 0.660865 3.63141 17.2481 1.99856 50.2313 
34.2554 39.6382 12.54 15.5088 42.323 9.59986 30.8227 54.9452 64.3534 8.23034 26.1557 71.7721 15.7119 10.9051 2.49438 4.05882 6.42785 32.0974 24.8739 0.0268612 3.33102 0 0.981477 3.9782 7.20782 6.73825 5.26696 10.4435 
5.1411 42.6138 1.06814 19.2486 15.8606 11.6784 64.7642 66.8199 0.0123987 32.5449 100.831 49.0722 74.1989 2.34438 13.5692 0.362974 0.0238128 0.165891 23.0974 1.24763 21.5839 15.0698 0 3.90176 19.1363 9.18928 6.66897 1.27268 
16.4542 61.9051 1.15574 20.0732 37.953 17.6533 71.3977 64.2954 5.8098 54.4982 3.82815 134.505 13.6361 8.21288 2.75556 23.2458 20.9782 34.6218 16.7573 0.100536 42.8778 3.17715 2.5775 0 43.7791 2.44939 13.4707 1.1444 
177.871 184.691 20.9071 144.91 66.5486 158.847 40.9402 189.288 252.017 55.6946 142.653 1047.19 54.1808 12.7933 1.26905 69.5575 133.957 43.7335 1.17122 4.20357 26.5492 46.3544 8.33182 22.5536 0 99.3612 132.86 121.504 
20.7338 58.7229 7.72872 43.1194 2.0131 0.228949 93.9504 231.967 142.54 27.1979 23.1481 223.18 18.6434 1.56223 1.57056 1.84503 12.3857 13.5205 3.21217 0.749043 12.6543 7.44453 7.90638 15.5896 40.4228 0 0.766195 4.87368 
49.0613 47.8504 18.7087 25.3307 48.3702 1.24907 1.04297 86.1918 6.90881 27.347 86.1854 78.2732 20.5186 3.6331 17.5058 16.4367 3.48137 19.1709 5.29954 0.00126373 18.4777 0.00812487 4.62321 8.97798 47.4979 34.2507 0 17.8138 
8.48284 19.2614 8.9149 20.9343 56.9073 1.87934 73.4582 2.10319 4.16021 57.2414 23.2273 47.6734 22.4179 8.41953 0.0464652 22.3449 15.5137 29.2791 0.950589 9.65096 21.8777 0.666237 7.88623 2.21811 40.6957 48.1709 33.0725 0 
