0 545.309 199.298 411.362 66.9926 88.812 100.66 164.025 77.6241 113.873 126.954 41.6476 49.086 0.257313 50.1685 10.6502 164.47 52.3107 108.408 223.439 180.617 24.009 24.7592 57.7991 141.262 17.7301 44.0386 45.7579 
246.983 0 231.632 309.267 462.774 99.4472 0.000298023 25.1563 102.4 222.617 103.764 222.038 133.568 2.53261 23.1962 30.2512 84.6785 899.377 157.929 141.966 9.07828 47.0746 44.972 57.8103 69.1815 55.9544 14.2166 64.6977 
205.99 352.917 0 202.619 99.6275 30.1727 60.5155 160.787 52.2638 71.2865 169.73 188.151 26.5306 3.58898 0.267138 19.3216 54.1915 136.862 0.00896673 25.7474 117.947 6.29545 1.55792 10.0725 8.72686 2.2337 9.87459 21.8478 
69.4278 306.739 411.94 0 149.655 112.91 110.357 135.857 392.976 34.8479 114.621 99.6492 60.8086 23.0888 39.3398 0.514877 122.596 1.3481 47.6113 48.1224 185.959 7.74233 18.8835 26.3708 67.1368 14.1268 1.35124 13.9977 
58.1473 529.869 185.538 51.6446 0 233.605 227.731 222.956 341.234 265.305 88.4465 137.484 178.127 19.3946 72.3173 74.7809 138.025 189.248 300.746 74.6127 27.8372 4.12266 52.5982 56.1814 9.23232 54.2971 4.6571 28.3217 
123.927 266.356 63.3637 126.197 912.068 0 1007.48 27.1253 67.1192 518.855 272.975 25.6418 129.324 2.35746 35.1702 2.99414 118.415 0.714732 54.0399 21.9829 57.5172 20.3126 16.4106 15.5039 89.0102 27.669 20.1839 21.2686 
148.518 525.02 249.534 200.717 66.1974 637.038 0 63.0077 953.91 288.786 405.55 158.188 199.177 0.0545476 11.8455 21.635 84.5032 30.279 157.211 91.4464 2.15038 17.9759 45.4824 43.4233 74.6343 18.4088 1.71978 0.0583907 
283.843 235.503 209.075 199.082 129.705 53.7068 336.638 0 321.563 222.878 370.015 753.026 7.57027 96.0641 0.449829 98.9082 43.6719 98.8146 0.0671711 116.832 168.124 61.2393 89.7548 33.2648 78.6121 111.899 14.5553 4.54143 
308.665 458.925 432.464 103.779 1.64103 67.0566 511.953 332.951 0 262.741 1114.82 368.767 165.729 120.346 182.694 149.468 68.81 9.59826 71.005 94.3068 121.926 1.39038 14.8364 56.543 67.1678 142.441 0.223603 13.1411 
0.0490455 0.0347305 32.5597 28.7337 223.206 125.889 1.00292 0.441778 18.319 0 603.109 82.8494 281.202 19.4129 18.2605 27.3655 48.1038 3.67143 92.7095 56.3067 52.2168 55.7548 54.9961 50.5192 70.3901 76.3783 47.5124 56.6203 
2.18932 243.999 115.64 111.205 19.6386 10.7485 181.168 359.702 420.921 578.996 0 358.428 110.286 1.20364 407.83 121.786 77.6456 169.166 105.563 66.258 75.9498 4.5438 35.7138 20.9284 126.808 166.14 23.4297 105.859 
186.533 187.149 98.8412 257.344 147.49 157.415 43.941 75.4614 350.207 30.7841 458.72 0 157.151 101.757 244.226 366.151 62.2729 61.6004 20.5758 8.32433 101.67 44.7144 5.0673 146.78 80.5358 308.1 4.57189 168.98 
96.797 145.597 7.15342 47.4367 6.11034 0.912745 144.614 75.1211 140.503 227.124 241.109 153.207 0 61.7847 10.0241 82.4805 23.1097 37.4833 84.0676 32.0745 77.7723 8.23115 88.6723 57.9984 43.1262 17.5984 0.0987582 32.2976 
3.3002 1.34935 5.23839 14.6446 68.9515 20.4361 57.7878 118.932 143.825 37.9001 12.5588 130.605 156.322 0 59.4501 14.635 9.18347 23.4635 27.4429 4.08167 44.9329 5.09194 0.535328 3.51107 2.0865 9.62555 4.30455 11.9667 
36.5143 38.4111 27.399 0.462195 76.4301 38.2511 105.246 155.556 162.763 108.557 388.828 193.285 18.173 35.5905 0 7.55996 29.4292 65.5032 26.7384 10.6228 44.3193 17.5348 11.5224 15.9404 16.2717 0.61432 19.4118 6.68693 
80.5237 83.5358 4.02297 19.0907 0.0943127 27.0554 6.22163 124.649 9.49653 84.8002 225.331 37.9369 23.0749 18.9605 58.2789 0 8.91067 19.4327 22.0806 9.60038 61.174 7.14614 12.2614 29.0645 8.40928 7.35264 4.98402 22.7891 
141.929 172.52 14.5124 67.9654 118.563 121.252 17.0354 68.5919 176.257 2.39625 14.9947 66.545 61.3027 2.18809 3.04227 4.28918 0 1.09817 290.208 0.46974 5.22317 11.4364 3.9933 1.7103 68.8333 27.3355 0.0784798 14.4659 
90.8515 324.762 143.758 78.4355 110.561 29.7919 17.7673 169.655 214.17 77.9586 23.4684 97.6774 12.7008 37.7556 1.28787 16.5907 58.9752 0 87.0207 45.128 118.864 30.5399 2.97332 34.3311 19.4462 6.51971 44.0981 16.5444 
107.082 23.5989 50.4697 40.2745 239.67 45.825 21.7436 36.7263 136.358 63.7032 90.7888 90.9687 78.9652 16.2004 23.2631 1.14616 164.142 129.049 0 36.4581 29.1917 23.9333 22.4227 11.7188 0.350037 8.11765 8.07686 2.50183 
214.839 23.296 17.3524 19.1708 75.9945 18.1796 54.3419 16.8825 6.36262 55.7353 43.9859 86.0139 33.4217 4.37002 11.6261 1.8898 32.0474 17.8107 19.6992 0 16.16 3.26608 0.751961 5.13804 12.3802 6.04323 6.62015 2.50231 
157.622 13.3937 123.383 165.676 80.6087 77.0346 109.945 186.637 147.119 77.6185 60.0432 69.3934 45.1062 9.72476 0.641504 1.9714 26.9889 24.7189 51.7049 198.933 0 19.2261 12.153 0.594354 3.43853 16.8327 1.91032 50.3084 
34.114 39.3921 12.5496 15.5547 42.0145 9.75143 31.2517 54.6313 64.1158 8.58762 26.6764 72.0228 14.8604 10.9045 2.3884 4.14985 6.5078 31.9308 24.9099 0.0303803 3.25309 0 0.868048 4.12122 7.14153 6.67868 5.33109 10.4528 
4.96022 42.9455 1.01403 19.2186 16.198 11.5575 64.3807 67.7594 0.000173685 31.9766 102.28 47.5835 75.1916 2.06689 14.0678 0.296971 0.0183687 0.196088 23.0908 1.22852 21.3723 15.1169 0 3.27584 19.4083 9.12887 6.77048 1.22816 
16.8396 61.8894 1.08894 19.8579 38.2922 17.6913 71.3049 66.0721 6.25142 54.8185 3.3223 137.399 14.2201 8.0551 2.46109 22.5629 20.9853 34.8619 16.8682 0.0915472 42.6961 3.31018 3.14798 0 43.4354 2.31417 13.3061 1.08256 
113.596 120.438 20.6675 80.7953 66.6598 95.2271 40.0886 188.313 187.72 55.1459 142.09 206.468 54.0378 12.6497 1.42155 64.7349 70.2036 44.053 1.23486 4.28539 26.9578 55.839 8.42295 25.2602 0 102.261 101.4 110.406 
21.3908 59.3971 7.46089 42.9038 1.84014 0.184056 94.4221 232.813 142.447 26.4422 24.8466 209.283 18.2539 1.47149 1.76768 2.1532 12.2473 13.8573 3.32007 0.708947 12.2816 7.50122 7.82634 15.4914 40.7651 0 0.923042 5.79359 
48.944 48.0443 18.6644 25.2285 48.4292 1.30445 0.950191 86.7708 7.20743 27.6279 86.1748 79.4235 20.3258 3.56812 17.4145 16.5392 3.42096 18.9724 5.21826 0.000403738 18.2661 0.011731 4.71979 9.15638 48.453 33.9271 0 20.0787 
8.77589 19.6543 9.08233 21.2074 56.8745 1.96731 73.4196 1.73624 3.83064 57.1985 24.072 45.3522 22.1564 8.50307 0.0674917 22.4128 15.4134 29.5451 0.997589 9.69734 21.5854 0.642459 7.94233 2.30235 40.8232 49.573 30.4057 0 
