0 468.022 202.152 357.894 72.3422 32.1938 94.8425 156.936 20.876 115.971 129.637 44.7001 50.2353 0.191946 50.8948 11.385 108.964 56.2763 107.597 220.417 175.898 23.7518 24.37 57.7665 86.3144 18.5633 43.7702 45.2698 
166.499 0 201.494 264.304 477.157 39.8106 0.890149 28.6954 41.2319 219.623 98.8325 221.434 134.757 2.83471 22.0875 31.2725 28.3661 730.955 159.612 141.845 7.9296 47.2932 45.3865 57.5158 14.1208 55.0216 14.565 64.715 
207.815 378.258 0 175.395 104.41 28.4454 67.8746 169.195 37.5999 69.1173 175.607 188.025 25.6521 3.77577 0.173888 18.9958 53.9553 134.164 0.0002553 25.5049 119.157 6.38573 1.47269 10.2374 8.39463 2.02043 10.0329 21.9024 
18.0299 261.908 385.987 0 147.743 59.3942 115.414 416.564 340.496 36.4835 118.884 106.496 61.4055 23.0471 39.3909 0.35564 68.0152 0.892866 48.2657 48.0326 440.461 7.85627 18.8164 26.4323 12.2897 13.423 1.24701 14.3725 
63.2515 526.34 186.604 48.5997 0 224.985 212.636 222.857 337.507 257.084 83.8958 139.416 177.84 20.0879 71.2303 74.8526 139.511 185.692 301.091 73.5099 26.6489 4.36896 52.8439 56.1159 9.6616 54.8918 4.84654 28.7654 
66.6617 206.073 64.079 72.2852 509.376 0 1453.12 30.5292 14.1996 831.145 273.501 27.6828 534.59 2.55248 35.7169 3.24236 63.1925 0.444926 55.7445 21.8022 58.2506 20.2706 16.3922 15.3734 34.4798 27.615 20.1934 21.3767 
142.498 526.284 248.856 199.454 55.7288 717.514 0 71.8598 1055.71 311.855 417.721 163.888 196.597 0.00716135 10.3252 22.9433 85.5627 33.2727 157.418 91.9141 1.74699 17.4613 44.6848 44.1869 73.7329 17.3329 1.88502 0.107321 
279.871 230.524 216.296 166.316 126.215 49.4402 327.249 0 293.509 223.403 371.731 690.905 6.81796 97.7657 0.144668 106.881 42.7794 96.4837 0.0211326 117.04 170.634 60.9271 88.8795 31.2597 82.7612 105.524 13.7796 3.8252 
250.85 408.472 445.408 56.4052 0.649617 13.7899 396.752 304.843 0 251.498 376.773 362.722 163.041 122.148 157.926 150.184 13.7362 8.24957 73.1748 93.4221 124.402 1.23333 13.9161 55.3135 12.2818 142.246 0.155603 12.3924 
0.00101779 0.278617 34.5887 27.2089 213.696 90.8311 4.1584 0.158105 23.7084 0 604.544 87.4588 289.231 18.2032 16.1313 28.8497 47.2264 3.08751 91.0495 56.2552 51.2631 56.1377 54.5475 49.9765 70.1586 76.3273 47.5573 56.4862 
2.82632 246.803 122.156 106.906 22.2668 14.1143 165.054 356.02 476.915 589.407 0 374.091 115.395 2.21576 405.957 128.075 78.2894 168.708 106.718 65.4923 74.2873 4.20714 37.7331 22.4664 125.159 165.852 22.7037 106.378 
189.511 184.5 94.8762 255.806 145.708 156.848 48.1755 43.9785 357.045 27.6519 447.312 0 157.609 98.3284 249.373 339.316 62.9035 63.2106 19.8434 7.70477 99.595 45.3984 4.29766 150.286 64.8617 323.23 5.20636 167.512 
96.0542 145 7.70694 46.6628 7.20327 0.497867 148.712 76.8719 143.608 237.724 243.279 152.397 0 56.914 11.4749 82.069 23.6119 36.5099 83.8149 32.3819 77.7192 7.38076 88.0759 58.7305 43.5733 17.0873 0.0746775 32.6103 
3.54832 1.14151 5.03047 14.9088 68.7333 20.2753 56.3452 117.959 144.109 36.4583 15.3957 127.683 156.353 0 60.7638 14.0875 9.32625 23.0192 27.4586 4.05581 44.9568 4.93673 0.351753 3.27208 2.2388 9.45854 4.21444 11.9668 
35.7181 37.1336 27.8564 0.594213 75.4167 38.6648 102.725 158.395 167.586 110.993 379.875 185.302 16.3893 31.7132 0 4.57201 29.3621 65.789 26.4046 10.5623 44.7629 17.5226 12.1889 16.6089 16.7731 0.78716 19.3539 6.94647 
80.5376 83.7718 4.31251 19.8859 0.162461 26.9728 6.99946 132.801 8.18653 85.6271 223.637 23.7071 21.8736 18.7678 63.8583 0 8.7374 18.911 21.8544 9.6168 60.9481 7.02052 12.3266 29.2212 8.98319 8.08167 5.1665 22.7815 
88.2855 115.491 15.1389 13.3381 116.447 66.7544 16.1289 69.4238 121.895 2.11063 15.6017 67.1391 61.0661 2.10241 2.91087 4.15435 0 0.289091 499.74 0.400757 5.50796 11.3209 3.90456 1.64302 13.9506 27.3266 0.0658487 14.3295 
95.4595 314.914 146.026 81.045 114.971 31.5094 15.5218 170.782 215.158 79.8996 24.9156 99.24 12.0453 37.3451 1.11384 17.0928 66.1199 0 89.3555 43.9995 119.349 30.7711 2.81711 34.0071 18.995 6.85567 44.0248 16.8805 
106.216 21.4971 51.1309 41.0112 247.15 44.0802 19.9791 37.8729 137.753 61.8005 92.1601 91.4979 79.4467 16.4203 23.6152 1.05267 159.753 127.369 0 36.4911 28.6063 24.0106 22.476 11.5574 0.305139 7.91273 8.20108 2.60011 
217.583 21.143 16.8994 20.1383 74.919 17.9154 55.6448 15.7374 7.02455 55.8578 43.0874 85.2983 33.7155 4.39035 11.6022 1.96503 31.9004 16.911 19.3458 0 24.8091 3.23093 0.773541 5.09913 12.3071 5.93102 6.68703 2.43298 
152.501 12.0071 122.523 176.136 82.037 77.091 111.42 184.639 144.958 76.8242 58.4164 71.4803 45.685 10.0182 0.755547 2.20558 26.4719 23.6968 51.1605 216.429 0 19.0556 12.4138 0.511089 3.18907 16.2838 1.79561 50.406 
33.9233 39.0614 12.5614 15.6146 41.5999 9.9537 31.8239 54.2081 63.792 9.07383 27.3743 72.3474 13.7552 10.8997 2.25013 4.27196 6.61482 31.7073 24.956 0.0354077 3.15049 0 0.727048 4.31421 7.05285 6.59899 5.41677 10.4645 
4.72346 43.3836 0.943887 19.1753 16.6512 11.3948 63.8567 69.0023 0.0138674 31.2182 104.177 45.6132 76.4782 1.71725 14.729 0.219052 0.0122055 0.240256 23.08 1.20318 21.0899 15.1684 0 2.51236 19.7618 9.04634 6.90581 1.16987 
17.3576 61.8589 1.00274 19.5674 38.742 17.7388 71.1665 68.4443 6.86358 55.2331 2.70221 141.177 15.0128 7.83875 2.09205 21.6135 20.9935 35.18 17.0151 0.0802088 42.4496 3.49046 3.97969 0 42.911 2.13894 13.0848 1.00257 
57.9867 64.8571 20.3443 25.4098 66.7984 40.4894 38.9564 186.862 132.046 54.404 141.276 762.982 53.8389 12.4554 1.63768 58.0429 15.2952 44.4757 1.32221 4.39515 27.5035 67.5369 8.55663 28.857 0 99.5542 53.6116 83.4955 
22.277 60.2873 7.10845 42.5954 1.6213 0.131768 95.0199 233.639 142.256 25.4424 27.1878 190.695 17.7378 1.35421 2.04744 2.59825 12.063 14.311 3.46637 0.657095 11.7914 7.57636 7.71831 15.3545 41.1971 0 1.15424 7.13006 
48.783 48.2991 18.6034 25.0889 48.5043 1.38002 0.833105 87.527 7.61441 28.0015 86.1469 80.9452 20.0687 3.48198 17.2905 16.6729 3.34108 18.7081 5.11062 3.28242e-07 17.9843 0.0175649 4.84928 9.39449 49.6962 33.4775 0 23.2473 
9.17304 20.1818 9.30632 21.5693 56.8247 2.08744 73.3553 1.30107 3.41161 57.1314 25.2154 42.3169 21.8077 8.61351 0.101595 22.4947 15.2795 29.899 1.06195 9.75843 21.1966 0.611389 8.01635 2.41664 40.969 51.3666 26.9435 0 
