0 536.268 209.223 511.529 92.7248 187.471 74.505 131.299 176.745 123.274 139.12 56.4177 54.4142 0.0350404 53.463 14.2154 267.491 71.4296 104.375 217.413 157.995 22.8146 22.958 57.5551 246.923 21.6908 42.7634 43.4599 
247.254 0 100.548 456.108 515.976 186.576 19.3587 43.2043 184.517 207.225 81.4313 218.325 138.695 4.06514 18.236 35.0285 184.696 553.017 164.893 140.377 4.39584 48.045 46.8425 56.3702 174.615 51.5819 15.8498 64.6932 
211.002 448.099 0 77.8399 121.432 22.3299 96.4688 198.444 4.12994 61.1269 195.442 186.171 22.5296 4.47979 0.00293527 17.7636 52.9586 123.566 0.173799 24.5163 122.862 6.71275 1.18146 10.825 7.2234 1.33147 10.6055 22.0622 
203.444 454.304 230.487 0 139.94 225.139 133.366 266.906 503.742 42.5501 134.028 131.736 63.4648 22.8423 39.4356 0.0242159 229.99 0.0253667 50.5488 47.3739 30.5762 8.26998 18.5424 26.587 173.572 10.9644 0.902885 15.7391 
82.9046 498.242 188.446 38.0512 0 197.096 158.652 221.564 320.668 224.747 67.9807 146.139 176.023 22.6593 67.1552 74.9583 144.341 172.04 297.325 69.3487 22.5087 5.31595 53.6695 55.81 11.2845 56.9799 5.56111 30.3722 
219.187 345.276 65.9586 236.416 309.992 0 1251.02 44.2045 202.743 658.031 271.396 35.5755 11.0485 3.31439 37.5299 4.21196 222.847 0.000373124 61.774 21.0978 60.8268 20.086 16.2937 14.8777 196.719 27.3472 20.2086 21.7402 
120.62 515.464 241.717 192.851 24.6375 885.407 0 107.501 1288.61 389.996 454.478 184.187 186.126 0.207145 5.64121 27.9055 89.2631 45.073 157.446 93.3174 0.633278 15.6359 41.7597 46.9197 70.325 13.6545 2.54513 0.408104 
263.31 211.322 239.769 110.065 113.466 35.0901 289.992 0 195.556 224.114 374.372 448.469 4.40856 103.627 0.452345 136.311 39.5656 88.0133 0.0714171 117.405 179.173 59.7376 85.4987 24.3817 97.965 82.8423 11.1209 1.73433 
399.865 580.033 471.869 249.113 0.842838 201.138 78.3823 206.022 0 209.216 1382.85 337.338 152.775 128.35 139.577 151.935 174.236 4.19385 81.057 89.9993 133.165 0.741948 10.7935 50.8353 173.71 140.885 0.0121121 9.83989 
0.429256 3.1061 42.208 21.9247 178.034 9.01025 33.0465 0.325941 48.4645 0 586.437 104.581 313.039 14.0668 9.40815 34.3923 44.0299 1.38895 84.8102 55.9613 47.8039 57.414 52.7964 47.9166 69.1476 75.899 47.67 55.9094 
5.80053 255.575 145.598 91.3073 33.0132 29.8177 110.33 339.491 701.476 604.397 0 426.145 134.013 8.38907 384.464 150.382 80.5454 166.64 110.705 62.6385 68.2685 3.09025 45.3146 28.3869 118.724 163.775 20.136 107.992 
199.551 174.303 80.5423 247.215 138.955 154.032 64.7604 0.987257 378.236 17.5706 399.412 0 158.85 85.7226 264.138 234.047 65.1479 69.0915 17.2745 5.64535 92.0033 47.8571 2.0269 161.926 69.5809 368.259 7.8317 161.153 
93.209 142.409 9.8628 43.8183 11.875 13.6356 163.004 83.1989 154.474 272.851 249.525 149.073 0 40.1361 17.4419 80.2328 25.4504 33.0352 82.7426 33.4712 77.4531 4.66038 85.4154 61.2277 45.1449 15.2711 0.0155259 33.7227 
4.51698 0.532181 4.29813 15.8499 67.8077 19.6313 51.0647 113.972 144.357 31.3002 27.8272 116.475 153.778 0 61.5153 11.9653 9.84619 21.4184 27.4852 3.95901 44.997 4.37852 0.00681365 2.44862 2.82776 8.83348 3.89119 11.946 
32.8353 32.5788 29.4042 1.20825 71.5832 39.9644 93.1968 167.646 183.826 118.95 335.093 154.985 10.6006 18.0087 0 0.0188932 29.0935 66.7266 25.1748 10.3319 46.3272 17.4389 14.6017 18.9716 18.5779 1.58575 19.1166 7.90981 
80.3499 84.4082 5.42602 22.779 0.563034 26.5828 10.168 162.02 4.22137 88.2073 214.748 0.00635057 17.704 17.7568 80.5751 0 8.11671 17.0547 21.02 9.66111 60.0237 6.56161 12.4634 29.0964 11.2165 10.9007 5.84428 22.6686 
253.66 268.493 17.4761 175.377 108.448 229.018 13.0192 72.3845 284.593 1.22437 17.882 69.2425 60.1462 1.80477 2.45656 3.68046 0 1.72342 524.847 0.196243 6.59746 10.9015 3.58921 1.40959 174.964 27.2732 0.0293332 13.833 
112.414 300.905 153.166 90.3923 130.941 37.9856 8.58951 174.42 217.879 86.8868 30.455 104.808 9.79826 35.8333 0.587613 18.9503 94.1795 0 97.6842 39.9131 120.896 31.597 2.28412 32.8153 17.384 8.13448 43.7334 18.1128 
102.802 14.6071 53.3884 43.6291 270.83 37.7887 14.1345 42.1016 142.404 54.9158 96.9995 93.3008 81.0501 17.211 24.8779 0.74616 145.292 120.856 0 36.5534 26.503 24.2746 22.6516 10.9732 0.168022 7.18462 8.65523 2.9704 
222.752 14.0923 15.2317 23.6894 70.8471 16.9289 60.3068 11.8788 9.67492 56.1952 39.8334 82.5401 34.7528 4.46024 11.5018 2.24668 31.3275 13.8033 18.0625 0 69.2259 3.10352 0.853703 4.95434 12.0289 5.52483 6.92789 2.1878 
133.522 7.58123 118.704 216.746 87.1428 77.14 116.568 176.761 136.802 73.8633 52.5928 79.103 47.7695 11.1072 1.2457 3.15963 24.6144 20.1337 49.1547 273.434 0 18.435 13.3714 0.261516 2.35991 14.3457 1.40848 50.7102 
33.2131 37.8385 12.5932 15.8207 40.0678 10.6873 33.8955 52.6311 62.5528 10.9266 29.9379 73.4294 10.0532 10.8452 1.77903 4.72071 7.00662 30.8841 25.1058 0.0568323 2.79092 0 0.317409 5.03302 6.7299 6.30794 5.72877 10.5 
3.90902 44.9309 0.709233 18.9861 18.3235 10.7934 61.8397 73.4012 0.350516 28.4672 110.677 38.6413 80.7623 0.686228 17.0636 0.0351769 0.000385844 0.437635 23.0225 1.11266 20.0652 15.2453 0 0.543514 20.9479 8.72911 7.39545 0.969045 
19.271 61.6568 0.718408 18.4833 40.3454 17.8793 70.5248 77.032 9.3012 56.6146 0.98457 153.963 18.0121 7.0053 0.992447 17.8832 21.0108 36.3126 17.5401 0.0453314 41.5153 4.16947 7.52629 0 40.4065 1.55449 12.2656 0.736758 
216.318 223.275 19.1406 184.649 67.2075 201.953 34.8933 180.198 289.791 51.6249 137.714 287.81 53.0387 11.7263 2.53993 37.5974 176.214 45.9754 1.66259 4.79898 29.488 84.2402 9.15764 40.7311 0 46.7253 53.7316 1.52989 
25.5765 63.424 5.88002 41.2824 0.942188 0.0152005 96.8824 233.718 140.908 21.9055 36.3521 125.14 15.9013 0.96603 3.2176 4.51921 11.3976 15.9971 4.01945 0.48485 10.0806 7.84442 7.31509 14.8032 42.5199 0 2.19852 12.9241 
48.1563 49.1851 18.3622 24.5534 48.7424 1.67031 0.472516 90.1121 9.17226 29.3466 85.9155 86.3312 19.1362 3.1748 16.8195 17.1283 3.05815 17.7552 4.7274 0.0056543 16.9693 0.0485247 5.32468 10.2578 53.8635 31.6831 0 35.8396 
10.6721 22.1243 10.1239 22.8579 56.587 2.54935 72.9989 0.246969 2.09063 56.7954 29.5097 31.9583 20.5457 9.00434 0.28297 22.708 14.7906 31.1746 1.31134 9.97257 19.7966 0.50485 8.27667 2.84899 41.2598 57.0155 15.6142 0 
