0 583.34 209.905 572.642 96.3694 250.903 71.1444 126.923 240.447 124.48 140.711 58.5325 55.1355 0.0207049 53.8948 14.7285 331.355 74.1502 103.776 218.89 154.805 22.6524 22.7147 57.504 311.154 22.2457 42.5846 43.1418 
300.228 0 85.5236 524.809 520.377 248.955 24.8776 45.9558 246.628 204.858 78.5224 217.645 139.313 4.29833 17.6002 35.683 248.298 1135.82 165.67 139.961 3.88845 48.1681 47.0859 56.1606 238.873 50.9809 16.0747 64.6761 
211 455.909 0 63.5477 124.289 21.3094 101.619 203.22 1.72531 59.7368 198.592 185.632 22.0023 4.6051 7.10473e-05 17.5438 52.7648 121.623 0.236136 24.3292 123.389 6.76904 1.13415 10.9245 7.02722 1.2264 10.704 22.0837 
273.711 523.122 219.049 0 138.465 290.242 136.371 952.338 567.421 43.6138 136.573 136.107 63.8026 22.7986 39.421 0.00631891 294.462 0.000560903 50.9274 47.2082 448.85 8.34138 18.4904 26.6028 237.968 10.557 0.848962 15.9756 
86.4498 491.099 188.44 36.3213 0 190.392 149.627 221.195 317.265 218.845 65.3433 147.252 175.589 23.1111 66.4332 74.952 145.083 169.577 295.89 68.6074 21.8228 5.48769 53.8013 55.7465 11.5745 57.3288 5.68866 30.6488 
282.083 405.543 66.1662 301.214 922.17 0 1453.46 46.755 274.873 372.395 270.401 37.0087 296.639 3.45407 37.8141 4.38968 286.921 0.0085523 62.7843 20.9688 61.2571 20.0491 16.2717 14.7888 261.249 27.2897 20.2082 21.7983 
116.868 511.204 239.765 191.402 20.46 890.058 0 114.132 1301.92 402.171 459.535 187.608 184.154 0.30041 4.96949 28.7929 89.8776 47.2471 157.337 93.5124 0.49692 15.3279 41.251 47.3844 69.7165 13.0573 2.6685 0.479435 
260.133 207.85 243.33 109.91 111.261 32.8128 283.139 0 179.714 224.047 374.256 406.64 4.04436 104.585 0.729106 141.394 39.0156 86.5533 0.114485 117.406 180.553 59.5237 84.8844 23.2629 100.594 79.0427 10.6876 1.45526 
461.919 645.283 472.993 319.52 1.47602 273.079 46.3548 189.928 0 201.786 751.717 332.454 150.93 129.362 147.988 152.101 238.504 3.62909 82.4145 89.3764 134.637 0.669655 10.2903 50.0616 238.176 140.548 0.00372079 9.42615 
0.598285 3.89809 43.5561 21.0559 171.781 3.69616 40.6379 0.544302 53.5004 0 579.724 107.581 316.23 13.3962 8.4165 35.3693 43.4771 1.16308 83.7032 55.8937 47.2079 57.6159 52.4753 47.5476 68.9466 75.7868 47.6815 55.7957 
6.41708 256.858 149.568 88.633 35.0495 33.0449 101.648 336.16 735.705 603.281 0 434.221 137.22 9.83904 378.548 154.107 80.9216 166.219 111.36 62.1348 67.2338 2.91434 46.6577 29.4587 117.546 163.255 19.704 108.228 
201.154 172.457 78.0936 245.271 137.746 153.427 67.7982 5.35806 381.283 16.0441 390.251 0 158.996 83.5352 266.029 215.598 65.528 70.1106 16.8459 5.32051 90.6861 48.2771 1.71918 163.748 77.1015 374.214 8.33471 159.899 
92.6951 141.895 10.2573 43.3225 12.7898 17.707 165.364 84.2843 156.278 278.274 250.339 148.439 0 37.4271 18.5762 79.8629 25.7699 32.4455 82.5333 33.6549 77.3956 4.25073 84.8802 61.6321 45.4077 14.9642 0.009793 33.911 
4.69473 0.450158 4.17559 16.0092 67.627 19.5109 50.1494 113.214 144.276 30.4256 30.2876 114.458 152.915 0 61.0001 11.5832 9.93615 21.1442 27.4849 3.94185 44.9965 4.28328 3.7178e-05 2.31473 2.93488 8.72294 3.83606 11.9392 
32.3398 31.8077 29.6523 1.33525 70.8987 40.1556 91.5021 169.065 186.402 120.171 325.67 149.617 9.71639 15.8409 0 0.283818 29.0432 66.8725 24.9598 10.2904 46.5896 17.4182 15.0128 19.3658 18.8859 1.74997 19.0713 8.07913 
80.28 84.483 5.62746 23.2769 0.656299 26.5015 10.7676 166.932 3.66531 88.584 212.798 0.566515 17.0174 17.5357 82.7078 0 8.01095 16.7406 20.874 9.66633 59.8478 6.48205 12.4711 28.9655 11.6233 11.4098 5.96354 22.6357 
318.716 331.407 17.8885 239.897 107.022 293.537 12.512 72.8856 349.178 1.09542 18.2873 69.5969 59.9779 1.75554 2.38176 3.60118 0 2.65965 428.129 0.168241 6.79426 10.8292 3.53586 1.37102 239.291 27.2607 0.0245075 13.7471 
115.359 299.718 154.217 91.9785 133.679 39.1375 7.59189 174.974 218.21 88.0804 31.4544 105.751 9.43181 35.5692 0.513588 19.2761 99.2947 0 99.0935 39.211 121.129 31.7373 2.19756 32.6072 17.1104 8.36436 43.6791 18.3273 
102.172 13.5401 53.7545 44.0713 274.309 36.7152 13.2183 42.841 143.14 53.7351 97.8114 93.5929 81.3036 17.3462 25.0931 0.698485 142.913 119.67 0 36.5551 26.1436 24.3175 22.6791 10.8727 0.148457 7.06154 8.7341 3.03643 
222.869 13.0041 14.9413 24.3046 70.1198 16.7547 61.0985 11.2619 10.1705 56.2364 39.2739 82.0395 34.927 4.47168 11.4823 2.29658 31.2224 13.2933 17.8412 0 78.6205 3.08156 0.867822 4.92879 11.9789 5.45498 6.96913 2.14653 
130.207 6.91588 117.939 222.323 88.0101 77.1237 117.422 175.307 135.348 73.3406 51.6022 80.4232 48.1265 11.2988 1.34226 3.34051 24.297 19.5429 48.804 281.81 0 18.3277 13.5384 0.226812 2.22903 14.0201 1.34633 50.7548 
33.0877 37.624 12.5969 15.8545 39.7994 10.8137 34.2519 52.3526 62.329 11.2598 30.3846 73.6008 9.46585 10.8299 1.70274 4.79891 7.07476 30.7402 25.1288 0.0610316 2.73093 0 0.26332 5.15958 6.67418 6.25746 5.78275 10.5051 
3.77564 45.1909 0.671954 18.9484 18.6161 10.6881 61.4739 74.1408 0.453892 27.9938 111.733 37.4708 81.4369 0.551471 17.452 0.0193294 1.59817e-05 0.477547 23.0097 1.09728 19.8884 15.2411 0 0.345072 21.1361 8.67167 7.4796 0.936116 
19.6062 61.6076 0.67393 18.2918 40.6173 17.8984 70.3921 78.5044 9.75513 56.833 0.77355 156.007 18.5477 6.85507 0.84223 17.2079 21.0119 36.5044 17.6293 0.04031 41.348 4.29019 8.19657 0 39.8848 1.46214 12.122 0.69483 
280.176 287.145 18.9284 248.679 67.2632 266.345 34.2009 178.834 353.493 51.1325 137.006 1127.79 52.8885 11.597 2.71374 35.5351 240.525 46.2284 1.725 4.86948 29.8308 81.7612 9.27953 42.4487 0 36.7311 82.7773 6.72867 
26.1579 63.9494 5.67669 41.0261 0.84335 0.00671091 97.1543 233.27 140.573 21.3112 38.0307 114.492 15.5905 0.905164 3.443 4.89581 11.2833 16.294 4.11834 0.457683 9.7965 7.88991 7.24388 14.6998 42.7082 0 2.41032 14.0555 
48.0415 49.3319 18.3175 24.4564 48.778 1.72292 0.420528 90.5322 9.45363 29.5768 85.855 87.2367 18.9755 3.1227 16.7351 17.2021 3.01043 17.5917 4.66248 0.00775637 16.7954 0.0554144 5.40749 10.4064 54.521 31.3493 0 38.1335 
10.9396 22.4637 10.2655 23.0759 56.537 2.63308 72.9181 0.148829 1.89468 56.7228 30.2722 30.285 20.3286 9.07011 0.323328 22.7315 14.7059 31.3932 1.35685 10.0083 19.5569 0.48746 8.32024 2.92627 41.2715 57.8366 13.9018 0 
