0 620.33 210.335 620.623 99.3071 301.154 68.4917 123.438 290.951 125.434 141.974 60.2426 55.7125 0.0119356 54.2376 15.1441 381.925 76.3466 103.288 220.54 152.235 22.5224 22.52 57.46 362.019 22.6927 42.4406 42.8861 
342.704 0 74.194 579.037 523.387 298.457 29.7634 48.2066 295.987 202.918 76.218 217.072 139.794 4.48925 17.098 36.2079 298.684 809.833 166.262 139.596 3.50441 48.2652 47.279 55.9905 289.77 50.4986 16.2552 64.6595 
210.88 461.15 0 53.0603 126.553 20.5021 105.769 206.972 0.543911 58.6236 201.048 185.156 21.583 4.70614 0.0034255 17.3666 52.6053 120.046 0.29284 24.1762 123.787 6.81404 1.09692 11.0036 6.87156 1.1453 10.7827 22.0996 
329.745 577.447 215.139 0 137.258 341.801 138.752 196.956 617.632 44.4675 138.591 139.599 64.0692 22.7619 39.4047 0.000345996 345.521 0.00719608 51.227 47.0648 671.993 8.39849 18.4478 26.6132 288.975 10.235 0.806982 16.1648 
89.3137 484.929 188.366 34.958 0 184.264 142.499 220.868 314.442 214.07 63.2582 148.131 175.215 23.4742 65.8517 74.9418 145.656 167.587 294.58 68.0098 21.2802 5.62679 53.9045 55.6934 11.8087 57.6053 5.7916 30.8699 
331.893 453.188 66.3072 352.524 744.752 0 888.535 48.8325 332.658 551.257 269.474 38.1695 550.311 3.5675 38.0353 4.53396 337.661 0.0330714 63.585 20.8642 61.5983 20.0184 16.2531 14.717 312.357 27.2413 20.2072 21.8438 
113.875 507.305 238.056 190.18 17.3844 888.246 0 119.523 1306.3 411.56 463.29 190.324 182.543 0.387423 4.46168 29.5089 90.364 49.0139 157.225 93.6583 0.399692 15.083 40.8433 47.7545 69.2256 12.5877 2.7692 0.540608 
257.529 205.043 246.065 111.012 109.496 31.0364 277.582 0 167.346 223.954 374.043 373.695 3.76399 105.34 0.99765 145.448 38.5765 85.386 0.156211 117.394 181.635 59.3507 84.3865 22.383 102.695 76.0346 10.3465 1.24941 
511.007 696.776 473.145 375.442 2.10902 330.72 26.5799 177.337 0 195.833 810.459 328.449 149.44 130.159 155.994 152.206 289.409 3.20625 83.4995 88.8714 135.806 0.614455 9.89542 49.4427 289.249 140.257 0.000472518 9.10101 
0.75361 4.59522 44.6405 20.3702 166.772 1.48219 47.2237 0.758962 57.6785 0 573.629 109.988 318.577 12.8692 7.6604 36.1545 43.0347 0.996714 82.8116 55.836 46.7313 57.7736 52.2145 47.2495 68.7801 75.6889 47.6889 55.7017 
6.93196 257.835 152.72 86.4996 36.7158 35.7292 94.8918 333.4 760.703 601.604 0 440.468 139.78 11.0779 373.38 157.053 81.2196 165.869 111.877 61.7296 66.4071 2.77718 47.7388 30.3264 116.591 162.805 19.3607 108.406 
202.408 170.964 76.1426 243.621 136.771 152.92 70.2627 11.3497 383.586 14.8694 382.758 0 159.099 81.785 267.397 200.963 65.8305 70.9267 16.506 5.06718 89.6311 48.6122 1.491 165.164 83.3823 378.553 8.74755 158.864 
92.2792 141.471 10.5775 42.9251 13.5442 21.1967 167.228 85.1511 157.705 282.46 250.933 147.92 0 35.3066 19.5044 79.5559 26.0261 31.9759 82.3607 33.801 77.3472 3.93592 84.4364 61.9499 45.6162 14.7201 0.00615343 34.0609 
4.83916 0.389454 4.0784 16.1359 67.4781 19.4127 49.4165 112.594 144.184 29.7298 32.3184 112.828 152.138 0 60.4545 11.2753 10.0082 20.9254 27.4837 3.92802 44.9946 4.20733 0.00593032 2.20955 3.02168 8.63398 3.7921 11.9329 
31.9438 31.1942 29.8466 1.44126 70.3464 40.3014 90.1371 170.161 188.411 121.114 317.827 145.309 9.03446 14.1731 0 0.719701 29.0021 66.9857 24.7873 10.2569 46.798 17.4003 15.3399 19.6778 19.1313 1.88684 19.0343 8.21519 
80.2161 84.5353 5.79047 23.6746 0.736029 26.4334 11.2583 170.82 3.24808 88.8705 211.153 2.01038 16.4753 17.3495 84.2243 0 7.9266 16.4905 20.7568 9.67 59.7037 6.41835 12.4738 28.8379 11.953 11.821 6.05939 22.6065 
370.242 381.219 18.2203 291.002 105.872 344.632 12.1126 73.2843 400.324 0.997365 18.6141 69.8785 59.8412 1.7166 2.3227 3.53826 0 3.55284 275.222 0.147384 6.9535 10.7713 3.49342 1.34053 290.239 27.25 0.0209581 13.6783 
117.717 298.494 155.018 93.2404 135.862 40.0657 6.83673 175.402 218.445 89.0325 32.2629 106.501 9.14318 35.3571 0.457938 19.5378 103.433 0 100.214 38.6502 121.308 31.8492 2.12947 32.4402 16.8925 8.55022 43.6349 18.4993 
101.659 12.7135 54.0422 44.4227 276.953 35.86 12.5055 43.4344 143.714 52.7925 98.4558 93.8226 81.5014 17.4541 25.2648 0.661453 141.006 118.709 0 36.5544 25.8569 24.3513 22.7005 10.7923 0.133677 6.96361 8.79731 3.0897 
222.797 12.1619 14.7087 24.7968 69.5329 16.6145 61.729 10.779 10.575 56.2658 38.8267 81.6339 35.0654 4.4807 11.4662 2.33678 31.1371 12.8909 17.6642 0 86.4297 3.064 0.879177 4.90824 11.9385 5.39915 7.00207 2.11373 
127.551 6.40467 117.304 226.165 88.7009 77.1055 118.098 174.124 134.177 72.9199 50.8129 81.4802 48.4114 11.4529 1.42205 3.48866 24.0438 19.0754 48.5225 288.128 0 18.2418 13.6723 0.200818 2.12691 13.7617 1.29757 50.7887 
32.9867 37.4516 12.5996 15.8811 39.5838 10.9148 34.5367 52.1285 62.1478 11.5291 30.7429 73.7346 9.00714 10.8165 1.64279 4.86164 7.12939 30.6247 25.1467 0.064498 2.68335 0 0.223623 5.26132 6.62965 6.21701 5.82597 10.5089 
3.67051 45.3973 0.642815 18.9173 18.8511 10.6034 61.1776 74.7283 0.546146 27.6155 112.564 36.5421 81.9622 0.453676 17.759 0.0100374 7.30593e-05 0.510722 22.9988 1.08502 19.747 15.2341 0 0.218186 21.283 8.62515 7.54683 0.910148 
19.8753 61.5651 0.639328 18.1378 40.8338 17.9127 70.2814 79.6793 10.1252 57.0034 0.622943 157.604 18.9798 6.73378 0.730689 16.6634 21.0123 36.6572 17.7004 0.0365026 41.2128 4.38745 8.74002 0 39.4498 1.39009 12.0067 0.662129 
330.747 337.725 18.7578 299.391 67.3046 317.343 33.649 177.7 403.928 50.736 136.42 477.964 52.7657 11.4929 2.85651 34.318 291.459 46.4297 1.7757 4.92604 30.105 78.6886 9.38087 43.7297 0 29.8505 105.688 15.6521 
26.6254 64.3661 5.51592 40.815 0.768177 0.00238367 97.3612 232.814 140.283 20.8394 39.3928 106.18 15.3433 0.857796 3.62814 5.206 11.1921 16.5329 4.19818 0.436485 9.57162 7.92614 7.18658 14.6153 42.8503 0 2.58627 14.985 
47.9483 49.4479 18.2811 24.3779 48.8053 1.76552 0.381097 90.8628 9.6814 29.7605 85.8022 87.9557 18.8469 3.08121 16.6668 17.2601 2.97249 17.461 4.61079 0.00967626 16.6565 0.0612533 5.47387 10.525 55.0327 31.0774 0 39.9841 
11.1555 22.7361 10.3789 23.2493 56.4951 2.70091 72.8493 0.0880927 1.74473 56.6616 30.8864 28.9721 20.1551 9.12236 0.35752 22.7474 14.638 31.5677 1.3938 10.0366 19.3656 0.473757 8.3548 2.98865 41.2727 58.4582 12.5914 0 
