0 706.468 210.884 759.827 114.994 458.063 55.1419 105.454 449.696 130.257 148.442 69.4673 58.7383 0.00527542 55.9995 17.3968 540.089 88.1302 100.599 235.084 138.535 21.839 21.4996 57.184 521.751 25.0815 41.6688 41.5272 
468.155 0 26.5698 753.143 531.531 452.826 61.9042 60.7069 450.627 192.113 64.4778 213.628 142.122 5.55444 14.5571 38.9771 456.25 505.055 168.935 137.189 1.81155 48.7543 48.2676 55.0611 449.813 47.948 17.2121 64.5314 
208.551 473.272 0 15.4081 138.062 16.4196 127.804 225.503 5.22461 52.7799 212.938 181.994 19.4221 5.24695 0.103267 16.4175 51.7024 111.481 0.689727 23.3255 125.517 7.04986 0.910813 11.4127 6.07444 0.763512 11.1945 22.164 
521.1 752.098 232.67 0 130.567 505.11 150.833 931.086 770.886 48.9836 148.898 157.761 65.412 22.5434 39.2501 0.0906253 506.286 0.427886 52.7495 46.156 332.505 8.69834 18.2096 26.6337 449.603 8.60423 0.603614 17.1586 
104.698 446.39 186.982 28.127 0 139.877 106.755 218.704 298.237 188.388 52.7077 152.588 172.89 25.4024 62.7483 74.8126 148.367 156.867 285.378 64.809 18.5237 6.3824 54.4132 55.3816 13.0677 59.0201 6.34505 32.0281 
486.309 595.46 66.6772 514.454 219.653 0 910.485 60.232 536.722 543.542 262.722 44.4552 566.334 4.1866 39.1019 5.32144 496.766 0.423599 67.6705 20.2928 63.3433 19.8421 16.1401 14.3302 473.419 26.9531 20.1928 22.0679 
98.3683 480.003 227.02 182.871 5.26201 801.285 0 148.914 1238.36 454.937 478.608 204.237 173.629 1.02421 2.23519 33.3503 92.8388 58.6645 156.289 94.2763 0.0625497 13.82 38.6943 49.6739 66.591 10.2455 3.32686 0.921412 
242.992 189.917 258.671 119.771 100.252 22.4077 247.507 0 107.759 222.878 371.165 214.007 2.45391 109.122 3.08876 166.391 36.2875 79.2768 0.48116 117.138 187.005 58.4157 81.6834 17.995 113.658 60.7958 8.63674 0.424878 
660.926 857.068 463.102 563.177 7.25401 534.112 13.1064 116.295 0 164.672 778.349 306.096 141.418 134.134 193.401 152.33 449.527 1.41206 89.1717 86.1263 141.801 0.36334 7.93725 46.1969 450.363 138.418 0.033962 7.47875 
1.86001 9.16712 50.4019 16.9178 140.574 19.3779 88.6616 2.46571 81.6284 0 531.702 122.689 327.787 10.249 4.24986 40.3203 40.7115 0.333072 78.0533 55.4815 44.2351 58.5438 50.7901 45.6459 67.8258 75.0583 47.7035 55.1654 
9.94588 262.221 168.831 75.4368 45.978 51.2169 62.5144 317.566 848.836 581.574 0 469.828 153.111 18.694 340.392 171.934 82.7435 163.839 114.482 59.5707 62.086 2.10966 53.4965 35.0179 111.389 159.956 17.5946 109.209 
208.563 162.887 66.0503 233.639 131.527 149.901 83.6602 77.7387 393.651 9.39952 341.386 0 159.428 72.6259 272.42 128.065 67.3956 75.2185 14.7679 3.83386 84.0821 50.357 0.557772 171.954 105.24 394.8 11.0638 152.978 
90.0278 139.045 12.3245 40.8263 17.8246 40.7505 176.622 89.6736 164.947 301.992 253.216 145.016 0 24.9487 24.6649 77.7865 27.3771 29.5434 81.3809 34.554 77.0571 2.47507 81.8837 63.5319 46.6837 13.4602 0.000856302 34.8361 
5.62947 0.14264 3.5814 16.7904 66.6327 18.8701 45.5698 109.135 143.321 26.1421 43.8269 104.075 146.831 0 55.7519 9.63871 10.3869 19.7833 27.4623 3.85403 44.9613 3.81324 0.200519 1.68826 3.49315 8.16011 3.56343 11.8902 
29.8739 28.0273 30.8035 2.06105 67.3829 40.961 82.8608 175.323 198.142 125.55 272.944 122.649 5.83568 6.64795 0 6.15805 28.7742 67.5305 23.8739 10.0758 47.8679 17.2874 17.0209 21.2579 20.4039 2.68292 18.8265 8.93748 
79.7654 84.7014 6.67182 25.7468 1.22843 26.0337 13.9885 190.489 1.46551 90.1556 201.337 23.7734 13.7421 16.2448 89.1754 0 7.48808 15.1981 20.1356 9.68172 58.8973 6.0832 12.4385 27.8441 13.7386 14.0245 6.56904 22.4127 
533.45 535.433 19.9864 452.121 99.7209 505.585 10.1102 75.3459 561.514 0.557395 20.3649 71.33 59.0942 1.5188 2.02381 3.21575 0 10.306 544.88 0.0604575 7.81608 10.4673 3.27384 1.18568 450.487 27.1834 0.00687616 13.3165 
130.078 282.438 158.63 99.749 147.203 45.0258 3.50796 177.415 219.244 93.9812 36.6334 110.382 7.69533 34.2344 0.217887 20.9267 125.667 0 105.99 35.722 122.143 32.4297 1.78873 31.5566 15.7627 9.55369 43.3902 19.4079 
98.8438 8.77328 55.4758 46.2343 288.712 31.4346 9.06442 46.5754 146.511 47.8843 101.761 94.9691 82.4669 18.0163 26.1569 0.483309 130.633 113.492 0 36.523 24.364 24.5204 22.804 10.3714 0.0687541 6.4575 9.13073 3.37597 
220.017 8.16909 13.4845 27.3711 66.3838 15.8677 64.9902 8.40232 12.8116 56.3671 36.4879 79.4321 35.7769 4.52614 11.3754 2.5516 30.6703 10.8641 16.7362 0 130.734 2.97188 0.939659 4.79868 11.7204 5.10708 7.174 1.94479 
113.591 4.03406 113.661 235.176 92.2797 76.9336 121.531 167.643 127.899 70.677 46.7199 87.032 49.8982 12.2729 1.87758 4.31551 22.7246 16.6981 47.0318 314.989 0 17.7899 14.3804 0.0902332 1.62884 12.4337 1.05601 50.9424 
32.4481 36.5365 12.6082 16.0151 38.4397 11.4439 36.0274 50.9331 61.1664 12.9821 32.6354 74.389 6.76888 10.728 1.34406 5.19284 7.41789 30.0125 25.2316 0.0842471 2.43988 0 0.0680105 5.80146 6.39678 6.00395 6.05326 10.5256 
3.14088 46.4588 0.499936 18.7384 20.096 10.1549 59.5702 77.7448 1.16919 25.6377 116.706 31.7859 84.5042 0.0936968 19.3071 0.010779 0.00552396 0.702875 22.9328 1.02141 19.0051 15.1431 0 0.0282214 21.9985 8.37308 7.89833 0.779274 
21.3018 61.2978 0.472088 17.3177 41.9548 17.972 69.6334 85.7903 12.1668 57.8348 0.0990694 165.411 21.2972 6.08349 0.273082 13.7763 21.0085 37.448 18.0692 0.0196017 40.4846 4.9074 11.6355 0 36.9237 1.03946 11.3959 0.502853 
489.001 496.019 17.8504 458.434 67.4757 477.814 30.7851 171.13 561.308 48.6189 133.068 1129.7 52.0842 10.937 3.65916 34.7638 451.636 47.4683 2.05311 5.22528 31.5445 51.3194 9.9679 48.9135 0 19.9249 137.2 94.9949 
29.1116 66.5011 4.70114 39.6197 0.430648 0.0156132 98.2918 229.016 138.452 18.4189 46.8009 66.2633 14.0658 0.628776 4.66718 6.95543 10.715 17.8043 4.62776 0.333205 8.42676 8.11392 6.88128 14.148 43.4683 0 3.60254 20.1722 
47.4382 50.0381 18.0807 23.9521 48.9318 1.99691 0.20582 92.5151 10.9149 30.7188 85.4618 91.6474 18.1728 2.86632 16.2989 17.5489 2.77664 16.7785 4.34303 0.023231 15.9313 0.0966722 5.82437 11.1455 57.4976 29.5827 0 49.8026 
12.3153 24.1778 10.9753 24.1449 56.2472 3.06914 72.4288 0.0290642 1.05759 56.2957 34.171 22.4761 19.2467 9.39116 0.564625 22.7892 14.2803 32.4791 1.59541 10.1815 18.3673 0.404881 8.53192 3.32392 41.1587 61.1758 6.66195 0 
