0 561.749 209.227 650.636 127.907 369.679 45.1354 91.403 363.424 133.922 153.461 77.2017 61.1789 0.0483318 57.3758 19.3024 452.2 97.9171 98.2736 250.633 127.276 21.2843 20.6762 56.9056 435.152 27.0619 41.0259 40.4082 
366.854 0 5.03392 673.885 528.558 364.159 95.1107 71.5919 363.428 182.668 55.4734 210.322 143.759 6.49222 12.6247 41.2304 368.336 739.477 170.555 134.657 0.843556 49.1245 49.036 54.2656 363.644 45.8653 17.9976 64.377 
204.606 463.697 0 10.3669 146.815 13.3438 145.605 238.837 22.1223 48.0802 221.215 178.645 17.7268 5.69631 0.28479 15.6292 50.8932 104.248 1.13191 22.5818 126.47 7.24 0.771896 11.7351 5.45563 0.509609 11.526 22.1927 
464.689 673.314 202.55 0 124.747 421.309 160.001 182.35 675.419 52.6648 156.825 172.072 66.4277 22.3356 39.041 0.312818 420.539 1.24093 53.9169 45.234 342.368 8.94082 17.9994 26.6087 363.912 7.36413 0.460139 17.9615 
117.473 408.59 184.646 23.035 0 92.4569 80.4544 216.41 283.558 167.162 44.7019 155.991 170.565 26.9873 60.181 74.6154 150.187 147.907 275.206 62.149 16.4103 7.02439 54.7836 55.0889 14.1222 60.1176 6.80873 32.9615 
395.704 494.269 66.5191 429.456 379.663 0 944.321 69.9831 494.23 242.379 255.023 49.7544 463.985 4.71519 39.8447 5.99351 409.692 1.06027 70.8111 19.8048 64.6959 19.6806 16.0301 14.0055 387.961 26.6782 20.1697 22.2312 
86.1702 450.173 215.725 175.922 0.579085 651.151 0 173.699 1081.93 481.581 485.367 214.997 165.898 1.75901 0.984732 36.5494 94.7412 66.8923 155.104 94.593 0.00352961 12.8269 36.948 51.195 64.3929 8.50697 3.81343 1.30248 
230.265 177.287 266.559 108.695 92.8227 16.3442 222.404 0 67.5037 221.294 366.698 110.142 1.59504 111.949 5.60611 182.646 34.4567 74.3684 0.873961 116.696 190.95 57.627 79.3911 14.7446 122.378 49.2913 7.35583 0.0749815 
565.843 767.562 442.118 500.599 13.6129 491.215 112.191 74.5476 0 139.958 1317.24 286.576 134.712 137.081 185.946 151.911 363.449 0.488904 93.7186 83.7949 146.466 0.207902 6.49777 43.5808 365.235 136.554 0.123209 6.27333 
3.11019 13.959 55.1205 14.3162 119.805 66.911 129.42 4.5528 103.183 0 486.926 132.982 331.279 8.31808 2.20161 43.7285 38.8336 0.0555113 74.1216 55.1314 42.2242 59.0948 49.5719 44.303 66.9562 74.4056 47.6849 54.6789 
12.7593 264.838 181.177 66.7132 54.0664 65.2845 40.6155 303.223 869.158 552.261 0 488.954 163.695 26.1512 307.51 183.109 83.9245 161.962 116.455 57.787 58.6187 1.63475 58.2367 38.9688 106.967 157.067 16.2113 109.69 
212.994 156.086 58.126 224.03 127.144 147.035 94.9959 170.08 399.223 5.85691 306.009 0 159.435 65.3012 273.767 77.3369 68.6329 78.695 13.4201 2.95659 79.5892 51.7496 0.130996 176.612 92.7272 399.489 13.1163 147.693 
88.1252 136.843 13.8161 39.1162 21.6681 54.4189 183.697 93.2919 170.477 314.488 254.023 142.452 0 17.6558 29.164 76.1666 28.4775 27.6181 80.4985 35.1461 76.7786 1.53392 79.5563 64.7022 47.5134 12.4685 0.0135614 35.4487 
6.30763 0.0316726 3.19646 17.3057 65.8716 18.3991 42.4679 106.098 142.156 23.3319 54.0719 96.7992 141.101 0 49.9559 8.31227 10.6941 18.8686 27.4265 3.79248 44.9063 3.50084 0.552796 1.30846 3.89293 7.7694 3.38114 11.843 
28.2128 25.5381 31.4965 2.63879 64.9123 41.3617 76.8736 178.744 204.936 128.473 233.409 104.563 3.73458 2.44969 0 14.0633 28.5749 67.9095 23.1264 9.92303 48.7034 17.1727 18.3214 22.4541 21.4103 3.41903 18.6425 9.53061 
79.2599 84.7015 7.41383 27.3957 1.71714 25.6591 16.3797 205.233 0.532181 90.9211 192.044 57.6228 11.6775 15.2099 89.2311 0 7.13861 14.1781 19.6261 9.68197 58.1848 5.81162 12.3493 26.6613 15.2417 15.8436 6.98851 22.2061 
449.664 444.403 21.4422 366.801 94.6195 419.979 8.6091 76.9731 476.066 0.293851 21.824 72.4703 58.4542 1.36691 1.79591 2.96443 0 18.2236 227.119 0.0179685 8.54644 10.2213 3.10026 1.06688 364.405 27.117 0.00107906 13.0228 
139.996 251.624 160.801 104.846 156.181 49.131 1.6107 178.754 219.355 97.9147 40.3179 113.443 6.60791 33.315 0.0879819 22.068 144.021 0 110.512 33.378 122.686 32.8912 1.53379 30.8332 14.8665 10.3991 43.1771 20.1496 
96.4218 6.09298 56.5377 47.6556 295.468 27.9536 6.66178 49.1448 148.502 43.9758 104.335 95.8228 83.157 18.4657 26.867 0.359233 121.258 109.075 0 36.463 23.1717 24.6472 22.877 10.0321 0.0318406 6.05813 9.40246 3.61562 
214.876 5.48677 12.4951 29.4287 63.7594 15.2515 67.5622 6.67972 14.7566 56.384 34.609 77.5646 36.3338 4.56051 11.2939 2.72991 30.27 9.33328 15.9878 0 168.878 2.89743 0.989654 4.70803 11.5367 4.87224 7.31191 1.81217 
102.362 2.50709 110.348 228.024 95.1118 76.7011 124.164 162.086 122.681 68.822 43.4757 91.5183 51.0894 12.9495 2.29094 5.04416 21.6706 14.8721 45.8104 327.974 0 17.4233 14.9594 0.0326473 1.27302 11.3963 0.878241 51.0364 
32.0017 35.7835 12.6087 16.1166 37.4999 11.87 37.2267 49.9432 60.3356 14.204 34.1794 74.8589 5.17377 10.6347 1.12248 5.46282 7.65333 29.5102 25.2895 0.102135 2.25061 0 0.00783125 6.24453 6.21031 5.83075 6.23762 10.535 
2.7403 47.2891 0.396923 18.5751 21.1167 9.7872 58.2078 80.0974 1.84274 24.0511 119.772 28.1 86.2846 2.68027e-05 20.4677 0.072226 0.0162717 0.880466 22.8683 0.97086 18.4054 15.0039 0 0.462817 22.5057 8.15981 8.1806 0.68018 
22.4715 61.0273 0.354735 16.641 42.8421 18.0005 69.0277 90.6424 13.9369 58.4282 0.0048763 170.963 23.2278 5.54583 0.0635265 11.4589 20.9981 38.0737 18.3622 0.00972966 39.873 5.33813 13.9223 0 34.6129 0.790678 10.8959 0.389427 
401.288 408.327 17.1035 371.421 67.5573 391.866 28.5134 165.098 472.693 46.8659 130.028 291.405 51.4879 10.4769 4.37133 43.0573 365.496 48.2858 2.29133 5.47004 32.7079 26.634 10.5091 51.0372 0 46.4653 46.623 120.284 
31.1583 68.1599 4.07988 38.5501 0.228128 0.0705089 98.8509 224.257 136.596 16.5351 53.0772 39.6633 13.0587 0.468213 5.5859 8.50414 10.3315 18.854 4.98805 0.25953 7.54545 8.26277 6.62922 13.7416 43.8086 0 4.53417 24.6639 
47.0006 50.4919 17.9071 23.591 49.0134 2.19344 0.103062 93.7479 11.9587 31.4858 85.1089 94.5246 17.6283 2.69614 15.9898 17.7633 2.62231 16.2299 4.13091 0.0384716 15.3494 0.131188 6.11002 11.6433 59.1983 28.2976 0 57.6623 
13.2854 25.358 11.4584 24.8499 56.0127 3.3817 72.0159 0.30096 0.625595 55.945 36.8961 17.7397 18.5152 9.60161 0.76581 22.7717 13.9895 33.2102 1.76794 10.294 17.5677 0.352935 8.6698 3.60441 40.9182 62.6628 3.15514 0 
