0 82.4114 196.086 221.509 162.072 16.1271 22.8047 57.4436 18.0435 142.476 165.667 98.5048 67.5624 0.370801 60.7798 24.6518 97.6272 124.341 91.5318 267.019 97.5116 19.8131 18.5165 55.9352 84.0604 32.4616 39.2506 37.3777 
36.9042 0 30.4412 322.562 480.88 17.6631 205.367 103.029 25.9638 155.315 34.2475 199.456 146.981 9.28376 8.09568 47.1929 15.7147 620.302 172.423 125.602 0.0468497 49.9904 50.924 51.9838 14.445 40.3162 20.1172 63.7516 
185.912 363.466 0 101.787 166.765 6.47877 189.731 265.209 115.274 36.0248 236.486 166.591 13.5101 6.92393 1.19131 13.4843 48.4324 84.3155 2.81109 20.4066 127.014 7.73866 0.456952 12.5454 3.94594 0.0827505 12.3915 22.1673 
203.987 323.282 6.59701 0 107.943 77.0601 180.833 880.188 286.949 62.3808 175.511 206.815 68.7907 21.656 38.1325 1.53185 71.7585 5.38986 56.7007 42.0462 666.631 9.58007 17.3707 26.364 15.9867 4.47725 0.173294 20.0657 
151.741 289.976 173.468 11.7327 0 1.65622 26.5048 208.082 239.323 111.824 26.2012 164.036 162.591 31.2589 53.2123 73.6967 153.323 123.418 238.07 54.8844 11.3627 8.84825 55.5815 54.1433 17.0529 62.8014 8.10109 35.4062 
35.5052 104.61 64.1526 81.7641 230.506 0 572.265 97.2951 278.566 461.265 226.033 64.469 534.935 6.21756 41.2563 7.90205 57.49 4.10298 78.2433 18.4138 67.9943 19.1737 15.6606 13.1009 40.1421 25.7774 20.059 22.5829 
56.2825 345.737 177.555 153.71 10.8547 164.692 0 240.604 443.09 508.453 478.062 240.697 143.654 4.62523 0.118743 45.2958 99.3047 90.0562 150.172 94.6315 0.770911 10.336 32.3274 55.0545 58.3421 4.63319 5.24861 2.61997 
193.405 142.975 276.471 10.0038 73.6516 4.71257 155.707 0 4.89248 214.104 346.063 1.47685 0.208028 118.321 15.6517 220.445 29.7271 61.6508 2.46719 114.528 199.526 55.409 72.9295 7.57461 144.215 23.6081 4.43184 0.528641 
190.46 394.797 340.804 214.994 39.2895 275.199 697.213 7.03473 0 80.0181 861.754 230.627 116.304 143.534 61.0876 148.582 14.6276 0.357232 105.436 77.2067 157.873 0.00445812 3.34985 36.7614 19.5145 130.082 0.626612 3.56866 
7.90638 31.0051 67.5931 8.35722 69.363 272.579 255.732 13.02 166.632 0 337.115 159.716 323.02 4.10722 0.00358513 52.7579 33.9039 0.447057 63.5022 53.9381 36.9699 60.2314 46.0937 40.5819 64.2543 72.0826 47.5047 53.1718 
21.7323 267.619 209.607 45.1718 77.6249 107.336 4.70963 259.876 862.485 428.872 0 516.809 190.202 50.6671 204.514 207.757 86.8111 156.027 121.046 52.9383 49.6339 0.665876 70.9328 49.9432 94.5262 147.063 12.7675 110.224 
222.166 137.195 38.704 193.027 115.05 137.756 126.456 519.18 402.401 0.480673 209.779 0 158.334 46.7556 265.526 2.391 71.7684 87.8503 10.1224 1.17364 67.7932 55.3341 0.432713 184.992 1.66658 374.751 19.2633 131.753 
82.7735 130.047 18.0644 34.5717 33.3291 61.4817 199.756 102.613 183.465 331.3 251.634 134.804 0 4.07467 42.1693 71.1301 31.4088 22.7353 77.7922 36.6323 75.855 0.119746 72.3893 67.292 49.5504 9.97906 0.120477 37.0007 
8.26006 0.123091 2.26246 18.5967 63.5392 17.0285 34.4101 97.1475 137.12 16.4176 84.1244 77.1756 120.64 0 29.4929 4.98983 11.5079 16.4986 27.253 3.62291 44.6396 2.71157 2.20648 0.51629 5.01887 6.71623 2.9126 11.6652 
23.9077 19.3348 32.951 4.47829 58.1261 41.8297 60.9442 184.32 217.655 133.108 127.4 60.3208 0.405831 1.44518 0 44.631 27.9849 68.6399 21.1211 9.49376 50.773 16.7708 21.3774 25.1666 23.9347 5.725 18.0896 11.1245 
77.3283 84.123 9.47526 31.5567 3.39089 24.458 23.41 237.188 0.299618 91.731 162.666 198.153 6.9259 12.0224 73.0554 0 6.23969 11.6033 18.2537 9.6427 56.0519 5.09584 11.8588 22.155 19.3787 20.6334 8.1219 21.4515 
105.956 81.8955 25.3745 19.7366 80.7806 71.5229 5.18059 81.0821 127.874 0 25.8509 75.3282 56.6135 1.00135 1.25492 2.34296 0 48.6559 505.105 0.026282 10.6116 9.57155 2.65956 0.781347 15.0962 26.8875 0.00994152 12.2437 
165.315 120.074 163.16 117.366 178.622 60.2351 0.113145 181.019 217.337 107.916 50.6246 121.149 4.10895 30.8444 0.0237919 25.1482 191.788 0 121.667 27.3426 123.546 34.0738 0.951017 28.889 12.5825 12.7706 42.5492 22.1345 
89.4545 1.3138 58.8942 51.1926 300.599 19.359 2.04414 56.0211 152.541 34.0405 110.659 97.7512 84.5782 19.6267 28.6858 0.118933 89.3391 96.7028 0 36.1558 20.0973 24.9383 23.0229 9.14234 0.00189073 5.04879 10.1284 4.28286 
189.922 0.917006 9.92224 34.6413 56.5616 13.5831 74.0056 3.03619 20.4394 56.1477 29.7263 72.2902 37.7198 4.64083 11.0443 3.21849 29.118 5.79108 14.0288 0 263.843 2.70126 1.12612 4.46034 11.0217 4.2603 7.67061 1.47992 
73.7005 0.203732 100.175 181.966 102.279 75.6869 130.447 146.221 108.422 63.7659 35.244 103.259 54.1792 14.7902 3.57287 7.21759 18.949 10.4918 42.5254 320.369 0 16.4511 16.5127 0.0185892 0.539811 8.82632 0.485589 51.1534 
30.7777 33.7443 12.5818 16.354 34.9621 12.9823 40.3552 47.2357 57.9877 17.6129 38.3 75.8392 1.94849 10.2966 0.627521 6.18113 8.28398 28.1544 25.3962 0.157617 1.78411 0 0.135075 7.42844 5.73344 5.37057 6.72592 10.542 
1.8054 49.3531 0.180353 18.0654 23.8631 8.80013 54.3627 85.8834 4.33903 19.9483 126.528 19.1859 89.7142 0.614873 23.0286 0.492145 0.0720239 1.44441 22.6508 0.841476 16.8267 14.3616 0 3.91225 23.5111 7.55992 8.91385 0.44855 
25.6166 60.0808 0.123884 14.8103 45.0939 17.992 67.0852 102.878 19.0897 59.6435 1.17994 181.948 28.5203 4.12 0.216579 5.86739 20.9385 39.6633 19.112 0.000120082 38.1643 6.50707 18.8482 0 27.6574 0.291527 9.55923 0.157917 
47.6228 54.6662 15.0903 19.8678 67.5261 42.7106 22.7517 146.469 115.845 42.0937 120.685 1032.15 49.7246 9.22807 6.49967 77.6245 16.0297 50.3421 2.9791 6.12627 35.7654 29.7808 12.2068 48.4456 0 110.708 133.635 1.02724 
36.6773 72.2183 2.61893 35.3235 1.6864e-05 0.40511 99.4779 204.94 130.14 11.9255 70.5585 1.37696 10.5234 0.154995 8.3056 13.022 9.33069 21.7089 5.99291 0.108301 5.42103 8.64198 5.94596 12.559 44.0046 0 7.42309 37.0385 
45.7391 51.5859 17.4005 22.5687 49.1384 2.75208 0.000925574 96.5383 14.9057 33.472 83.845 101.589 16.1957 2.26365 15.1265 18.2434 2.2325 14.7982 3.59019 0.0971568 13.8351 0.247547 6.87037 12.9305 62.2748 24.6353 0 76.3052 
15.9758 28.5251 12.7314 26.6168 55.2477 4.26771 70.6163 2.38897 0.0257902 54.7859 44.3346 7.71527 16.6017 10.1247 1.43872 22.5047 13.2149 35.1114 2.26388 10.5702 15.495 0.232173 9.00944 4.38143 39.6556 63.3055 0.160902 0 
