0 176.064 189.592 315.766 172.441 137.481 17.2543 48.0976 142.66 144.768 169.106 105.288 69.5153 0.532437 61.7619 26.3929 217.961 132.562 89.278 256.55 88.4682 19.3554 17.8526 55.5656 205.488 34.1759 38.6779 36.4184 
182.077 0 61.3573 438.133 455.476 143.468 243.491 113.387 155.996 146.299 28.5275 195.489 147.646 10.2388 6.87238 49.0339 137.254 445.525 172.279 122.146 0.324435 50.2253 51.4659 51.2247 136.683 38.5904 20.787 63.4936 
177.918 315.954 0 148.865 171.83 4.78928 201.841 270.4 154.835 32.4545 239.11 161.974 12.2879 7.31392 1.59563 12.8073 47.5781 78.0224 3.4793 19.6777 126.595 7.89205 0.375096 12.7833 3.51786 0.0238844 12.6565 22.1294 
353.866 439.239 67.9924 0 102.401 200.418 186.107 511.872 393.298 65.358 180.524 216.328 69.4252 21.4076 37.7474 2.09183 193.917 7.25252 57.4701 40.8526 366.205 9.77774 17.1547 26.2355 138.619 3.70852 0.111899 20.71 
162.28 250.653 168.616 8.92792 0 4.80895 15.3083 204.853 224.377 95.5891 21.3351 166.234 159.602 32.6029 51.0108 73.2952 153.789 115.697 224.028 52.5787 9.96321 9.45081 55.7748 53.7996 18.0024 63.5669 8.52155 36.1568 
154.598 214.611 62.8627 203.991 88.1182 0 450.739 106.023 442.555 18.2975 214.832 69.1873 404.751 6.71119 41.5244 8.52854 178.62 5.44013 80.2542 17.9548 68.9313 18.9933 15.5231 12.8076 162.657 25.4479 20.0101 22.668 
47.9168 308.349 163.858 145.871 20.5939 73.2866 0 260.979 256.798 503.026 468.446 247.715 136.333 5.78016 0.578252 48.0691 100.576 97.5554 148.126 94.4065 1.28151 9.60502 30.8993 56.1991 56.4044 3.65486 5.73734 3.11936 
181.282 132.257 276.166 6.85099 67.9036 2.49442 135.706 0 0.0912313 211.013 337.206 24.0177 0.0418221 119.951 19.7123 230.113 28.2958 57.8065 3.12419 113.563 201.612 54.6826 70.8183 5.79916 150.49 17.3096 3.66563 1.07687 
303.933 505.627 299.825 356.273 49.6603 439.305 902.785 0.554025 0 63.8208 1000.5 212.495 110.453 145.097 61.1818 146.906 137.022 1.0014 108.953 75.0494 161.111 0.0029554 2.57433 34.6862 143.038 127.638 0.861767 2.87617 
9.82292 37.4812 71.3993 6.80095 55.6783 338.232 296.598 16.4863 187.391 0 286.262 167.732 315.408 3.08208 0.292901 55.5286 32.3902 0.901394 60.1724 53.4899 35.3625 60.4876 44.9445 39.3828 63.3012 71.1901 47.41 52.6402 
24.9482 267.24 216.89 39.0691 85.4725 121.309 0.702892 245.159 866.668 381.044 0 518.278 197.845 59.4518 171.047 213.69 87.6352 153.907 122.279 51.3997 46.9121 0.451029 74.8739 53.4699 90.4861 143.307 11.7651 110.17 
224.223 131.124 33.2472 182.059 111.17 134.408 136.487 636.887 399.929 0.023523 180.618 0 157.663 41.3542 259.582 0.613819 72.6996 90.669 9.18048 0.782103 64.1791 56.4148 0.949352 186.363 5.43354 356.807 21.3711 126.309 
81.0238 127.664 19.4653 33.1605 37.353 55.3737 203.869 105.418 186.968 331.409 249.564 132.188 0 1.74912 46.455 69.3605 32.3235 21.2862 76.845 37.0691 75.5134 0.00454056 69.8985 67.9401 50.1342 9.24839 0.17537 37.4616 
8.91153 0.265411 1.9995 18.9741 62.7235 16.5694 31.9752 94.1265 134.999 14.4518 94.0273 71.0885 113.011 0 22.7761 4.06275 11.7608 15.7789 27.1758 3.56832 44.521 2.47951 2.88504 0.339928 5.38617 6.38618 2.77144 11.5945 
22.6031 17.5355 33.2847 5.13673 55.9591 41.7975 56.0564 184.987 219.934 133.594 97.4276 48.274 0.0534868 4.19714 0 55.0281 27.7833 68.7854 20.492 9.35329 51.3724 16.6175 22.1827 25.8531 24.6694 6.53645 17.8988 11.624 
76.5565 83.7729 10.1381 32.7699 4.02114 24.026 25.7804 244.575 0.891276 91.6191 152.436 249.71 5.67672 10.9464 64.2136 0 5.96843 10.8424 17.821 9.61873 55.3186 4.87529 11.6343 20.4378 20.6873 22.0685 8.47934 21.1577 
229.648 199.912 26.6119 142.601 76.4282 193.768 4.28194 82.2969 250.157 0.0286026 27.148 76.1673 55.9992 0.898647 1.10549 2.16304 0 60.53 267.988 0.0646219 11.2914 9.37008 2.52822 0.701221 137.198 26.8004 0.0198636 12.0011 
172.769 87.4615 162.875 120.914 185.097 63.7184 0.698781 181.339 216.031 110.88 53.9729 123.416 3.44724 30.0674 0.0867154 26.1203 205.774 0 124.855 25.5296 123.642 34.4295 0.797394 28.277 11.9003 13.5454 42.3353 22.757 
87.1398 0.535513 59.4859 52.2184 298.34 16.9151 1.14183 58.1714 153.421 31.1052 112.47 98.2508 84.8979 19.9782 29.2313 0.070496 77.2969 92.697 0 36.0167 19.168 25.0155 23.0542 8.86864 0.0126617 4.74979 10.356 4.49981 
179.28 0.273742 9.14613 36.1619 54.2683 13.0568 75.8841 2.18448 22.3521 55.9913 28.2418 70.5616 38.1235 4.6626 10.9569 3.37474 28.7336 4.84855 13.4285 0 287.521 2.64058 1.16971 4.38122 10.8535 4.07357 7.78014 1.3824 
65.2969 0.00962935 96.6487 174.41 104.398 75.2551 132.185 140.999 103.894 62.1565 32.8031 106.845 55.1192 15.376 4.02575 7.96284 18.125 9.27002 41.4913 305.858 0 16.1485 17.0009 0.0551988 0.374342 8.08265 0.386732 51.1506 
30.3851 33.0978 12.5651 16.4185 34.1603 13.3221 41.3111 46.3701 57.2155 18.7189 39.5865 76.0649 1.25353 10.1655 0.501618 6.40448 8.48208 27.7255 25.4154 0.177262 1.64938 0 0.258738 7.79622 5.59224 5.22728 6.8776 10.5389 
1.55265 49.953 0.12994 17.8847 24.7275 8.49065 53.103 87.5387 5.32083 18.7102 128.199 16.6956 90.3834 1.04366 23.6478 0.69604 0.0974262 1.64723 22.5694 0.802618 16.3392 14.0847 0 5.52753 23.7184 7.36406 9.13678 0.385834 
26.6051 59.7193 0.076097 14.2331 45.7635 17.9644 66.3837 106.452 20.8198 59.9138 1.96302 184.18 30.2059 3.6881 0.472591 4.40377 20.9105 40.1367 19.3371 0.00203097 37.6078 6.87548 19.8448 0 25.3382 0.185175 9.14243 0.106629 
168.366 175.395 14.458 141.345 67.4433 164.801 21.0467 140.013 235.378 40.5803 117.432 643.339 49.1236 8.8337 7.2259 84.0324 138.082 50.948 3.2095 6.3322 36.7065 50.875 12.8065 46.013 0 91.675 133.136 35.6004 
38.4119 73.3742 2.22325 34.2163 0.0205699 0.564492 99.4185 197.149 127.701 10.6158 76.1588 0.20599 9.77708 0.0916115 9.22302 14.5066 9.02419 22.6165 6.31981 0.0744066 4.82487 8.75526 5.73005 12.1634 43.8562 0 8.43244 40.8142 
45.3171 51.8936 17.2295 22.2322 49.1504 2.93674 0.0195363 97.2613 15.8737 34.0751 83.3559 103.605 15.7535 2.13485 14.8457 18.3661 2.11693 14.3595 3.42835 0.120812 13.3725 0.29107 7.10706 13.319 62.7801 23.4374 0 81.0231 
16.8459 29.5195 13.1239 27.1337 54.9676 4.55965 70.0921 3.43669 0.00127898 54.3586 46.6991 5.3985 16.0149 10.2766 1.68816 22.3572 12.973 35.6915 2.42951 10.6495 14.8648 0.199629 9.10721 4.63211 39.085 62.5177 1.16554 0 
