0 371.846 179.759 501.323 185.413 358.436 11.1907 37.1001 368.273 147.44 173.255 114.053 71.9959 0.782576 62.9668 28.6748 437.112 143.025 86.2842 232.175 77.1349 18.7677 17.006 55.0441 426.049 36.3953 37.9285 35.1761 
443.628 0 113.688 647.384 416.802 371.617 293.013 126.961 390.47 134.497 21.8606 190.01 148.261 11.5232 5.43672 51.3815 358.37 819.382 171.587 117.304 1.04659 50.5028 52.1295 50.2166 358.434 36.3799 21.6543 63.1183 
166.367 249.41 0 208.787 177.432 2.96863 215.815 274.786 209.622 28.0353 240.923 155.499 10.7856 7.81862 2.19708 11.9355 46.4225 69.9673 4.4359 18.7109 125.649 8.08779 0.281397 13.0783 2.99882 0.000280607 12.9936 22.0598 
609.253 648.955 167.811 0 95.1282 423.3 191.929 1018.43 592.645 69.1282 186.333 227.419 70.1682 21.0636 37.1835 2.93193 415.423 10.0278 58.3877 39.1928 491.405 10.0307 16.8634 26.0343 360.875 2.81807 0.0525597 21.5284 
175.565 200.703 161.515 5.85771 0 31.8948 5.3052 200.281 204.642 75.8936 15.7561 168.837 155.429 34.3362 48.1701 72.6996 154.028 105.788 204.681 49.5975 8.28885 10.2486 55.9843 53.3239 19.2469 64.5 9.07445 37.1136 
372.539 421.258 60.8442 425.392 437.727 0 891.22 117.249 714.481 17.1211 199.219 75.3054 241.259 7.36093 41.7467 9.35263 398.832 7.42109 82.604 17.3486 70.0698 18.7461 15.3312 12.4231 384.659 24.9917 19.9371 22.7603 
37.9554 258.97 145.477 135.302 37.351 47.955 0 286.294 80.3833 486.591 451.276 255.961 126.736 7.44042 1.6735 51.65 102.101 107.316 145.155 93.9531 2.12536 8.69774 29.0758 57.6271 53.8843 2.56182 6.39414 3.82221 
165.449 118.601 273.394 42.882 60.7123 0.664589 111.077 0 4.64203 206.473 324.275 90.9479 0.0141779 121.787 25.5272 240.756 26.4875 52.9631 4.07914 112.128 203.868 53.7245 68.045 3.85201 158.095 10.5549 2.78373 2.0621 
514.096 710.159 244.153 601.243 64.4485 711.536 1126.08 2.93574 0 45.2299 1635.57 189.074 102.897 146.765 95.474 144.321 359.001 2.30349 113.363 72.2119 165.036 0.0441518 1.7239 32.061 366.577 124.218 1.21831 2.0927 
12.5691 46.5266 76.1934 5.02175 39.91 409.622 347.38 21.4892 214.151 0 221.749 177.724 302.365 1.97336 1.34226 59.0359 30.4638 1.71521 55.8991 52.8617 33.3201 60.7478 43.4259 37.8179 62.0018 69.9296 47.2616 51.9146 
29.3572 265.888 224.981 31.7325 95.8368 139.499 0.77053 225.651 854.729 316.467 0 515.033 207.143 71.3496 129.456 219.949 88.6408 151 123.723 49.4058 43.4751 0.235849 79.8976 58.0534 85.2091 138.075 10.5275 109.947 
226.291 123.233 26.7217 167.291 106.119 129.811 149.421 777.867 394.376 0.292666 144.733 0 156.575 34.747 249.752 14.158 73.8643 94.2617 8.03075 0.394406 59.5901 57.7774 1.90486 187.235 41.258 327.705 24.2055 119.041 
78.7216 124.427 21.3146 31.354 42.769 45.7641 208.485 108.945 191.064 327.926 246.003 128.673 0 0.177931 52.0686 66.9588 33.4995 19.476 75.5574 37.6121 75.0367 0.0846468 66.5425 68.659 50.8482 8.34193 0.260959 38.0378 
9.77792 0.527331 1.68229 19.4406 61.6151 15.9593 28.9137 90.102 131.906 12.0731 106.911 63.3639 102.571 0 14.7654 2.97809 12.0854 14.8674 27.0606 3.49696 44.344 2.19212 3.82779 0.165879 5.868 5.96241 2.59346 11.4929 
20.9556 15.3244 33.6273 6.0389 53.147 41.6322 49.8838 185.086 221.639 133.537 63.2383 34.3928 0.0845648 9.606 0 67.5031 27.5119 68.9149 19.6814 9.16818 52.1103 16.4013 23.0971 26.6123 25.5724 7.63611 17.6409 12.2662 
75.4494 83.2058 11.0002 34.2592 4.90543 23.4325 28.938 252.034 2.1101 91.2218 138.775 315.557 4.24174 9.54097 51.3679 0 5.62597 9.89439 17.2618 9.57977 54.3296 4.59401 11.2989 18.087 22.3669 23.8423 8.9409 20.7408 
453.087 416.215 28.2062 365.131 70.8372 415.372 3.24783 83.8111 471.778 0.149069 28.8435 77.2094 55.1817 0.77445 0.926778 1.94138 0 77.1352 409.322 0.138768 12.1901 9.11174 2.36352 0.604362 358.706 26.6775 0.0376086 11.6893 
181.958 64.8539 161.797 125.196 192.994 68.1873 2.18102 181.48 213.889 114.57 58.361 126.23 2.67926 29.0644 0.225299 27.3772 222.723 0 128.73 23.2536 123.644 34.878 0.619421 27.4862 11.0443 14.5652 42.0476 23.5599 
84.0742 0.0391873 60.144 53.4801 292.793 13.964 0.363522 60.9361 154.283 27.464 114.679 98.8217 85.2222 20.4228 29.917 0.026704 60.9568 87.4701 0 35.8079 17.9942 25.1053 23.0845 8.51929 0.0405081 4.37639 10.6495 4.78497 
164.032 0.00131595 8.17267 38.0254 51.2969 12.3778 78.1992 1.29204 24.9019 55.7331 26.3625 68.2856 38.6227 4.68829 10.8379 3.5781 28.2223 3.75334 12.665 0 311.419 2.56287 1.22647 4.2782 10.6321 3.83656 7.91937 1.26125 
54.9842 0.126794 91.9029 176.037 107.036 74.6204 134.26 134.127 98.0377 60.0668 29.7588 111.389 56.3112 16.1369 4.64454 8.96652 17.083 7.80204 40.1558 279.878 0 15.7594 17.6314 0.130789 0.205773 7.1679 0.276023 51.1197 
29.8726 32.2594 12.5379 16.4948 33.1224 13.7536 42.5253 45.2427 56.1954 20.1677 41.2401 76.2991 0.58221 9.97973 0.359926 6.69075 8.73793 27.1697 25.4304 0.204161 1.48354 0 0.474876 8.26596 5.41735 5.04324 7.07224 10.5312 
1.25478 50.6934 0.0771383 17.6374 25.8437 8.09221 51.4444 89.5567 6.72102 17.1512 130.031 13.7131 90.9576 1.73481 24.305 1.00628 0.135679 1.92677 22.4553 0.753691 15.7157 13.6788 0 7.84364 23.9086 7.10671 9.41905 0.311898 
27.8798 59.2089 0.0316298 13.4886 46.6011 17.9117 65.4167 110.85 23.1242 60.1848 3.25524 186.18 32.3897 3.14955 0.943093 2.78589 20.8681 40.7299 19.6205 0.00790267 36.8761 7.34973 20.6479 0 22.3176 0.0834818 8.60804 0.0553594 
388.129 395.127 13.6444 362.106 67.286 386.251 18.9243 131.349 453.445 38.622 113.036 767.956 48.3163 8.32499 8.19831 84.985 359.524 51.7021 3.51681 6.5977 37.9068 76.6644 13.6215 42.6019 0 53.0502 37.5687 104.821 
40.6454 74.7805 1.75839 32.731 0.110822 0.807203 99.1649 186.07 124.287 9.0271 83.4029 6.45252 8.8495 0.0343609 10.4418 16.4371 8.634 23.7948 6.74947 0.0401063 4.10548 8.89741 5.45114 11.6386 43.521 0 9.79595 45.4651 
44.7547 52.2661 17.0004 21.7874 49.147 3.18144 0.078589 98.0867 17.1514 34.8387 82.6616 106.058 15.1879 1.97354 14.477 18.5047 1.97237 13.8007 3.22488 0.154961 12.7845 0.352074 7.41069 13.8084 63.102 21.8701 0 86.0668 
17.9852 30.802 13.6246 27.7732 54.5788 4.94553 69.3579 5.05398 0.0830593 53.7642 49.7616 3.0119 15.2674 10.4637 2.03566 22.1235 12.6615 36.4285 2.65016 10.7468 14.0662 0.161332 9.22715 4.95972 38.2352 60.8384 3.77733 0 
