0 190.191 147.665 238.753 216.47 180.599 1.43674 14.5575 204.794 152.876 182.515 136.816 78.2742 1.65683 65.7867 34.8071 251.983 169.201 78.0301 149.903 49.8418 17.2399 14.8411 53.4453 244.578 42.2223 35.9082 31.9003 
409.897 0 284.834 419.26 294.186 219.356 413.022 162.932 258.765 103.358 8.41252 173.903 148.584 15.1538 2.45033 57.3574 180.531 893.699 167.141 102.853 4.84053 51.0956 53.6792 47.4266 180.853 30.6955 23.9448 61.9111 
131.122 84.6537 0 290.383 186.771 0.233959 241.763 273.677 351.832 17.6327 237.286 136.149 7.26081 9.14108 4.17399 9.68127 43.1274 49.6701 7.42295 16.068 121.079 8.58965 0.0993175 13.786 1.82132 0.214784 13.8516 21.769 
499.695 421.792 193.53 0 75.7797 246.962 201.594 691.415 349.854 78.5295 197.791 249.283 71.7098 20.0413 35.3635 5.71937 236.432 19.1583 60.3866 34.2962 129.984 10.6837 16.0352 25.3234 184.571 1.04639 0.00210584 23.5975 
207.909 85.6728 139.082 0.841671 0 137.549 3.76231 186.288 152.134 33.1122 5.03389 174.385 142.94 38.8606 40.7675 70.7356 152.736 80.4889 150.07 41.8045 4.60808 12.4469 56.3233 51.9077 22.6074 66.6529 10.5797 39.5592 
186.408 209.477 53.8728 245.135 632.37 0 1428.7 145.75 631.922 460.031 153.991 91.3046 610.705 9.11929 41.6695 11.5796 216.649 13.9059 87.3747 15.6942 72.6739 18.0229 14.7525 11.3865 207.16 23.6378 19.6938 22.9093 
16.834 135.128 96.3421 106.05 100.428 468.083 0 344.807 109.855 399.722 384.182 272.915 101.228 12.6495 7.1341 60.962 105.476 132.955 135.716 91.913 5.30335 6.51197 24.4143 61.1009 47.2066 0.610298 8.25388 5.96975 
123.968 84.4219 254.073 186.947 43.2369 1.40487 55.3581 0 70.8988 191.834 283.425 416.525 0.927423 125.14 43.4748 257.738 21.9551 40.9548 7.14144 107.382 207.443 51.1044 60.5569 0.620004 175.023 0.671743 1.04301 6.08475 
305.189 476.217 104.757 473.893 109.407 630.448 1271.66 64.0137 0 10.8229 1550.41 129.508 83.2653 149.152 87.3485 135.425 182.154 8.16448 124.163 64.5318 173.917 0.379817 0.299449 25.4891 194.315 113.947 2.43268 0.626737 
21.1436 73.3282 87.9328 1.6129 10.2795 487.356 456.183 37.2131 280.869 0 78.1224 201.625 253.508 0.230504 7.56488 67.7532 25.5671 5.03536 44.9245 50.9557 28.1404 61.0563 39.2769 33.6397 58.2449 66.0739 46.7335 49.807 
42.1891 257.855 238.601 15.719 123.849 185.955 28.1714 173.194 602.488 152.408 0 480.234 228.115 104.391 40.8159 228.441 90.9716 142.513 126.714 44.1474 34.8909 0 92.5852 70.1193 71.1906 122.556 7.58274 108.557 
228.56 102.454 12.6726 126.714 92.7232 116.465 182.646 1012.52 367.904 5.50225 64.9045 0 152.561 19.6775 213.995 122.947 76.7213 103.418 5.36608 0.00184205 48.0147 61.1769 5.90453 184.757 109.459 229.265 32.1931 99.0498 
72.4668 115.138 26.3574 26.7083 57.9936 41.5449 216.739 117.668 199.455 300.519 232.154 118.771 0 3.71927 66.9221 60.1059 36.5588 15.055 71.8456 38.9254 73.5981 1.49653 57.1346 69.9122 52.5096 6.16225 0.563511 39.4516 
12.1821 1.62464 0.972523 20.5507 58.424 14.2783 21.3807 78.9952 122.042 6.74762 140.058 44.203 73.4985 0 1.21972 0.86412 12.928 12.5705 26.6757 3.30496 43.753 1.50805 6.384 0.00314902 7.1646 4.8715 2.1491 11.1734 
16.8391 10.1479 34.0518 8.66188 45.735 40.5531 34.697 181.342 219.5 129.814 6.65928 8.47038 2.71553 30.2703 0 88.205 26.7405 68.9469 17.565 8.6629 53.856 15.7398 24.7617 27.8833 27.6778 10.7506 16.9042 13.9301 
71.9779 81.1182 13.2733 37.7033 7.59066 21.6993 37.6591 259.816 7.65387 88.8626 101.878 453.585 1.45049 5.95901 18.0938 0 4.76753 7.58967 15.7908 9.43545 51.5181 3.87631 10.1987 11.6636 26.6377 27.9313 10.1488 19.4586 
278.9 224.482 32.3499 189.415 56.4661 236.58 1.2088 87.4952 292.864 0.904974 33.4001 79.7269 52.9075 0.492466 0.532697 1.4153 0 125.419 510.713 0.463193 14.6596 8.44186 1.95633 0.384613 180.117 26.2998 0.110336 10.8775 
203.366 78.1784 155.314 134.703 210.958 79.6448 9.82952 180.411 205.919 123.48 70.1669 133.007 1.12249 26.4338 0.890812 30.6813 259.427 0 137.533 17.6551 123.009 35.9991 0.25965 25.4066 8.92937 17.3436 41.2306 25.664 
75.6701 1.42857 61.3008 56.4455 265.244 7.41934 0.37846 68.111 155.09 18.7747 119.782 99.9273 85.6047 21.5397 31.6152 0.0106834 20.7823 73.5978 0 35.1069 15.0519 25.2892 23.1111 7.62292 0.187212 3.46297 11.4196 5.56112 
118.87 2.23092 5.79803 42.299 43.4979 10.6069 83.6515 0.058049 31.9818 54.7598 21.6399 62.1021 39.8153 4.74304 10.4935 4.11952 26.8023 1.5361 10.7254 0 330.906 2.3619 1.37818 4.00325 10.0287 3.23688 8.27379 0.968343 
31.3306 2.368 78.6318 214.866 113.426 72.5529 138.789 115.577 82.7208 54.5289 22.3596 122.81 59.3261 18.1591 6.44674 11.8134 14.4633 4.53582 36.6484 185.138 0 14.746 19.2873 0.478589 0.00158472 5.0112 0.0744983 50.8945 
28.497 30.0387 12.4364 16.6583 30.3863 14.8457 45.6037 42.2326 53.3966 24.068 45.5355 76.6119 0.0295514 9.40862 0.0994645 7.42876 9.41091 25.6981 25.4179 0.282992 1.09029 0 1.32755 9.46153 5.00502 4.56516 7.57713 10.4917 
0.623727 52.4544 0.00373573 16.9164 28.7713 7.05572 46.937 94.1953 11.0741 13.2899 133.065 7.19161 90.9174 4.06428 25.227 2.04887 0.265034 2.7542 22.1079 0.631713 14.11 12.3794 0 14.2306 23.9917 6.41066 10.129 0.155093 
31.2115 57.6403 0.00615087 11.5479 48.6563 17.6833 62.5632 121.114 29.5155 60.4818 8.09206 186.667 38.1204 1.87649 2.87752 0.249513 20.7227 42.192 20.3267 0.0412871 34.8865 8.57648 19.9984 0 14.614 0.00663387 7.23175 1.20668e-05 
205.034 211.889 11.5347 181.889 66.6082 207.296 13.7981 107.388 265.243 33.4831 100.593 393.203 46.0343 7.00111 10.9072 53.2565 180.762 53.5323 4.37578 7.29216 40.9765 64.7675 15.9431 37.125 0 60.1362 141.42 11.8836 
46.4462 78.0023 0.790253 28.5871 0.683254 1.63563 97.5712 152.714 114.029 5.42454 102.171 60.8349 6.60999 0.014772 13.7707 21.4098 7.63821 26.9187 7.91742 0.000112223 2.48639 9.24889 4.72148 10.2002 41.9027 0 13.6371 55.7699 
43.1855 53.1127 16.3568 20.5674 49.0383 3.85691 0.418378 99.6758 20.65 36.764 80.5103 111.668 13.7307 1.57665 13.4777 18.7629 1.61697 12.3718 2.7189 0.263746 11.2877 0.5377 8.19556 15.0215 62.199 17.7106 0 92.8085 
21.0559 34.1572 14.904 29.2983 53.4142 6.00434 67.1321 10.6528 0.895011 51.9812 57.8131 0.0348799 13.3595 10.9068 3.07754 21.2881 11.8472 38.3005 3.26594 10.9747 12.0484 0.0803473 9.50848 5.83797 35.4612 53.2576 16.8621 0 
