0 114.846 142.279 145.638 220.649 98.0347 0.767745 12.0377 124.607 153.487 183.688 140.15 79.1803 1.81395 66.1642 35.7355 168.019 172.894 76.7556 140.488 46.1401 17.0137 14.5253 53.1788 161.154 43.0887 35.6001 31.41 
351.464 0 310.408 327.199 274.556 141.298 428.462 168.26 184.18 98.7709 6.92965 171.306 148.473 15.7261 2.10324 58.2227 97.9144 261.536 166.161 100.515 5.63664 51.1674 53.8866 46.993 98.1009 29.8646 24.2884 61.7037 
125.452 65.3486 0 288.052 187.469 0.0884708 244.139 271.958 370.482 16.2479 235.722 133.017 6.78843 9.33715 4.51528 9.3516 42.6055 46.798 7.92479 15.6642 120.147 8.66311 0.0800657 13.8831 1.66912 0.280657 13.9763 21.7124 
423.701 329.835 224.242 0 72.901 164.178 202.31 863.195 257.015 79.8598 199.006 251.562 71.8889 19.8746 35.0518 6.20226 153.377 20.7337 60.6333 33.5094 752.384 10.7798 15.904 25.1952 102.002 0.85418 0.00754847 23.8956 
212.335 71.7067 135.346 0.478817 0 148.294 6.59972 183.971 144.395 28.0489 3.93554 175.052 140.903 39.5311 39.6747 70.3939 152.309 76.8462 141.757 40.6519 4.14817 12.7876 56.3478 51.6759 23.12 66.9371 10.8112 39.916 
102.574 122.473 52.6521 161.771 169.421 0 802.068 149.801 557.286 585.762 146.941 93.6621 134.298 9.38672 41.5767 11.9179 133.143 15.0242 87.9054 15.4404 73.0142 17.9061 14.6572 11.2287 124.349 23.4172 19.6512 22.92 
14.3593 118.634 89.2206 101.598 111.767 562.79 0 352.279 175.581 382.416 371.907 274.831 97.4342 13.5263 8.25656 62.3309 105.901 136.739 134.118 91.5055 5.89448 6.21023 23.7361 61.5842 46.2063 0.433749 8.54806 6.32691 
117.906 79.6049 249.806 194.711 40.8218 2.19703 48.412 0 86.8222 189.336 276.604 475.394 1.18472 125.455 46.4412 258.824 21.3057 39.2574 7.66587 106.557 207.683 50.7005 59.4187 0.373804 177.132 0.206568 0.854618 6.85785 
217.711 383.938 87.1212 396.969 116.717 556.092 1229.51 79.2828 0 7.65185 639.023 121.074 80.3855 149.249 65.1519 133.852 99.5286 9.33362 125.67 63.3618 175.061 0.457913 0.187312 24.5514 112.429 112.269 2.64804 0.48129 
22.5826 77.6366 89.5578 1.26381 7.46242 484.457 468.016 39.8545 290.031 0 61.8506 204.858 244.752 0.116795 8.90225 68.9807 24.8576 5.67433 43.3286 50.6403 27.3909 61.0561 38.6402 33.0096 57.6437 65.4342 46.6377 49.4679 
44.2474 256.118 239.638 13.7668 128.081 192.499 35.4389 165.375 546.468 130.848 0 472.011 230.777 109.413 31.2964 228.693 91.2812 141.145 127.061 43.3612 33.6671 0.0053529 94.3996 71.9101 69.0959 120.05 7.18125 108.251 
228.506 99.3687 10.9884 120.598 90.7155 114.334 187.445 1024.43 362.582 6.82443 55.271 0 151.822 17.7437 207.631 146.004 77.123 104.748 5.01232 0.0204268 46.352 61.6619 6.68032 183.807 102.548 213.093 33.4468 95.9945 
71.5094 113.661 27.1302 26.0286 60.3715 45.7116 217.478 118.899 200.405 294.361 229.562 117.217 0 5.17459 69.118 59.024 37.0119 14.4369 71.252 39.1075 73.3603 1.8534 55.6737 70.0201 52.731 5.86211 0.618279 39.6504 
12.5564 1.83845 0.882272 20.7018 57.9143 14.019 20.3264 77.2839 120.371 6.07374 144.789 41.5255 69.1242 0 0.454775 0.651922 13.0527 12.2396 26.6082 3.27572 43.6492 1.41521 6.74432 0.0156909 7.36102 4.71233 2.08563 11.1193 
16.2521 9.45664 34.0561 9.08223 44.6304 40.3143 32.5869 180.299 218.373 128.828 3.07477 6.0484 3.41627 33.6748 0 89.2285 26.618 68.9137 17.2508 8.58515 54.0927 15.6298 24.9128 27.98 27.9569 11.238 16.787 14.1747 
71.3928 80.7342 13.6113 38.154 8.03518 21.4206 39.0045 259.476 8.76085 88.3518 96.4005 466.88 1.15755 5.45915 14.0769 0 4.64434 7.26872 15.571 9.40876 51.0728 3.77198 10.0103 10.7263 27.2486 28.456 10.3282 19.2453 
196.526 139.653 32.9607 106.919 54.3766 153.547 0.988595 88.0087 209.792 1.07168 34.0926 80.0757 52.5524 0.455778 0.483099 1.34362 0 132.957 555.943 0.527537 15.0418 8.34278 1.89859 0.356031 97.1696 26.2366 0.124425 10.757 
206.182 79.8458 153.912 135.893 213.267 81.3072 11.4207 180.075 204.449 124.707 71.9579 133.941 0.947031 26.0416 1.02716 31.1745 263.754 0 138.668 16.8695 122.836 36.1597 0.219163 25.0957 8.63008 17.7703 41.1009 25.9777 
74.3779 1.96549 61.4022 56.8437 259.684 6.60313 0.634241 69.1694 155.03 17.5944 120.456 100.044 85.6039 21.7002 31.8558 0.0204755 16.0401 71.5247 0 34.9836 14.63 25.3103 23.1086 7.49162 0.218175 3.33486 11.5347 5.68044 
111.843 2.92166 5.46915 42.8513 42.3407 10.3451 84.3838 0.0114978 33.0814 54.5785 20.9623 61.1564 39.9787 4.74965 10.4382 4.20114 26.581 1.28763 10.4443 0 328.083 2.33224 1.40116 3.96166 9.93601 3.15026 8.32536 0.927709 
28.2813 2.93835 76.5751 218.786 114.311 72.1957 139.349 112.766 80.4544 53.6971 21.3313 124.445 59.7621 18.4639 6.73735 12.2635 14.0866 4.12169 36.125 169.359 0 14.5956 19.5346 0.548873 0.000478303 4.71997 0.0553669 50.8432 
28.2877 29.7048 12.4175 16.6782 29.9767 15.0034 46.0492 41.7772 52.9641 24.6604 46.1701 76.6213 0.0968546 9.31362 0.0744432 7.537 9.51163 25.4768 25.4096 0.295781 1.03671 0 1.48806 9.63416 4.95015 4.49442 7.65178 10.4834 
0.548155 52.6944 0.000830412 16.8002 29.2075 6.90255 46.2474 94.8034 11.8043 12.7444 133.295 6.38733 90.7207 4.44735 25.2619 2.22993 0.287922 2.88926 22.0502 0.614296 13.8741 12.1596 0 15.1154 23.9526 6.3046 10.231 0.136302 
31.7062 57.3783 0.0135937 11.2611 48.9451 17.6383 62.0996 122.473 30.5077 60.4749 8.98615 186.152 38.9708 1.70802 3.2464 0.103574 20.6969 42.3985 20.4275 0.0484826 34.5812 8.75609 19.5689 0 13.5324 0.0186669 7.03041 0.00152688 
121.426 128.251 11.2244 98.7413 66.4745 124.268 13.0908 103.721 180.798 32.7191 98.6409 887.258 45.6741 6.80596 11.3275 46.8872 97.7888 53.787 4.51045 7.39544 41.4242 54.1837 16.3078 37.182 0 76.5189 142.599 0.899321 
47.3009 78.4237 0.677712 27.9443 0.809856 1.78232 97.2205 147.347 112.353 4.95972 104.905 72.974 6.30039 0.027964 14.2776 22.1213 7.49303 27.3884 8.09666 0.00031185 2.27829 9.29868 4.61327 9.97961 41.5735 0 14.2359 57.0005 
42.9399 53.2229 16.2555 20.379 49.0099 3.96181 0.491826 99.8412 21.1895 37.0415 80.1492 112.399 13.5165 1.52071 13.3249 18.7884 1.56681 12.163 2.64676 0.28235 11.0699 0.568555 8.311 15.1931 61.8532 17.0915 0 92.9455 
21.5235 34.6562 15.0902 29.5064 53.2227 6.16783 66.7637 11.6493 1.08939 51.6881 59.0114 0.00199179 13.0815 10.9669 3.24842 21.137 11.726 38.5723 3.3624 11.0054 11.7569 0.0706585 9.54631 5.971 34.9873 51.7866 19.4624 0 
