0 88.7829 139.936 111.593 222.4 68.285 0.544524 11.0279 95.8919 153.733 184.174 141.573 79.5661 1.88336 66.3225 36.1341 137.646 174.457 76.2062 136.919 44.5874 16.9168 14.3904 53.0623 131.01 43.4595 35.4675 31.1999 
332.125 0 321.104 293.253 266.121 113.524 434.812 170.535 157.923 96.8148 6.33697 170.178 148.412 15.9737 1.96243 58.5912 68.1382 244.308 165.716 99.501 5.9958 51.1968 53.9736 46.8058 68.253 29.51 24.4358 61.6127 
123.002 57.717 0 285.802 187.712 0.0473315 245.031 271.101 378.13 15.6688 234.972 131.657 6.5903 9.42102 4.66501 9.211 42.3796 45.5825 8.14422 15.4907 119.729 8.69447 0.0724454 13.924 1.6058 0.311554 14.0295 21.687 
396.434 295.929 241.55 0 71.6705 134.3 202.557 433.952 222.843 80.4235 199.487 252.457 71.9617 19.8021 34.9151 6.41422 123.391 21.4248 60.7348 33.1685 646.778 10.8209 15.8472 25.1385 72.232 0.777662 0.0109091 24.0225 
214.195 66.0424 133.72 0.35435 0 152.276 8.05441 182.96 141.097 25.9958 3.50554 175.325 140.017 39.8179 39.2076 70.2436 152.107 75.2982 138.201 40.1592 3.95822 12.9347 56.3563 51.575 23.3405 67.056 10.9109 40.0683 
72.2789 90.881 52.1165 131.645 22.8392 0 1126.48 151.516 530.365 355.184 143.91 94.6683 89.9487 9.50164 41.5305 12.0632 102.967 15.5148 88.118 15.3312 73.1561 17.8553 14.6156 11.1609 94.4705 23.3213 19.6324 22.9237 
13.3557 111.797 86.2049 99.6898 116.748 602.952 0 355.366 207.707 374.738 366.5 275.602 95.8127 13.9096 8.76123 62.9155 106.077 138.354 133.418 91.3228 6.15699 6.08286 23.4469 61.7885 45.7775 0.367246 8.67545 6.48289 
115.325 77.5677 247.876 196.752 39.8033 2.58993 45.5586 0 94.0651 188.243 273.632 500.828 1.30452 125.576 47.7325 259.17 21.0296 38.5379 7.89596 106.195 207.762 50.5265 58.9296 0.287208 178 0.0887596 0.779556 7.20249 
185.838 349.937 79.9487 369.467 119.887 529.293 1206.73 86.2569 0 6.4573 1155.46 117.508 79.1568 149.269 55.5739 133.16 69.7361 9.85755 126.307 62.8589 175.536 0.493584 0.147255 24.1532 82.9574 111.538 2.74305 0.424798 
23.2113 79.503 90.2429 1.12707 6.39011 482.159 472.665 41.0081 293.874 0 55.3931 206.214 240.906 0.0797621 9.50629 69.5001 24.5553 5.9594 42.6485 50.5028 27.0716 61.0524 38.3661 32.7392 57.3829 65.1552 46.5953 49.3207 
45.1401 255.332 240.001 12.9668 129.896 195.259 38.789 162.034 522.714 121.972 0 468.265 231.878 111.563 27.5714 228.719 91.4108 140.551 127.202 43.0242 33.1474 0.0108608 95.1699 72.6758 68.1992 118.962 7.0122 108.112 
228.451 98.0497 10.3011 117.982 89.8546 113.411 189.484 1027.47 360.2 7.43349 51.3515 0 151.494 16.9421 204.836 156.242 77.2932 105.315 4.86422 0.0345117 45.6451 61.868 7.02666 183.354 98.6595 206.129 33.9886 94.6817 
71.0973 113.021 27.4628 25.7386 61.3976 47.9001 217.755 119.421 200.788 291.575 228.411 116.545 0 5.86898 70.0553 58.5561 37.2058 14.1752 70.9946 39.1845 73.2566 2.01777 55.0441 70.06 52.8238 5.7355 0.642519 39.7346 
12.718 1.934 0.84486 20.7653 57.6932 13.9073 19.8804 76.5469 119.64 5.79496 146.791 40.395 67.2573 0 0.239511 0.569811 13.106 12.0988 26.5784 3.26315 43.6035 1.3762 6.89513 0.0239912 7.44536 4.64446 2.05864 11.0956 
16.0027 9.16705 34.0532 9.26454 44.1574 40.206 31.6968 179.814 217.827 128.373 1.95453 5.13229 3.74045 35.1261 0 89.4819 26.565 68.8964 17.1164 8.55165 54.1923 15.5818 24.9696 28.0139 28.0736 11.4483 16.7362 14.2793 
71.1368 80.5639 13.7559 38.3418 8.22904 21.2997 39.5841 259.211 9.25666 88.1207 94.0651 471.85 1.04194 5.24898 12.481 0 4.59193 7.13301 15.4768 9.39692 50.8799 3.7275 9.92784 10.3296 27.5077 28.6732 10.405 19.1523 
166.83 108.918 33.2217 77.1788 53.4864 123.57 0.900941 88.2258 179.797 1.1474 34.3905 80.223 52.3989 0.440481 0.46258 1.31344 0 136.198 462.741 0.556381 15.2067 8.30038 1.87408 0.344114 67.2345 26.209 0.130718 10.7053 
207.356 79.9646 153.278 136.384 214.225 82.0151 12.1372 179.918 203.798 125.224 72.7273 134.334 0.876344 25.8736 1.08853 31.3859 265.507 0 139.14 16.537 122.756 36.2279 0.202854 24.9624 8.50311 17.9542 41.0447 26.1122 
73.8213 2.22146 61.4399 57.0107 257.198 6.26679 0.763885 69.6218 154.99 17.0984 120.737 100.09 85.599 21.7685 31.9579 0.0256347 14.1647 70.637 0 34.9293 14.4506 25.3188 23.107 7.43554 0.232165 3.28061 11.584 5.73186 
108.832 3.24554 5.33042 43.0808 41.8455 10.2331 84.6909 0.00249132 33.5559 54.498 20.6742 60.7494 40.0476 4.75236 10.4142 4.23617 26.4854 1.18776 10.3245 0 326.422 2.31956 1.41104 3.94379 9.89607 3.11336 8.34736 0.910541 
27.0162 3.20132 75.6893 219.923 114.685 72.0388 139.58 111.56 79.4855 53.3402 20.8967 125.14 59.9478 18.5947 6.8636 12.4584 13.9263 3.95006 35.9008 162.58 0 14.5311 19.6406 0.580446 0.00233376 4.5976 0.0480335 50.8198 
28.1978 29.5614 12.4091 16.6864 29.8011 15.0706 46.239 41.5816 52.7777 24.9149 46.4416 76.6224 0.137569 9.27217 0.0648212 7.58323 9.55483 25.3818 25.4056 0.301345 1.01414 0 1.55934 9.7076 4.92721 4.46416 7.68371 10.4797 
0.517245 52.7955 0.000224294 16.7497 29.3943 6.83704 45.9506 95.0572 12.1234 12.5131 133.376 6.05648 90.6214 4.61243 25.2687 2.30937 0.298018 2.94806 22.025 0.606893 13.7733 12.0636 0 15.4827 23.9318 6.25901 10.2743 0.128614 
31.9179 57.2639 0.0176747 11.1385 49.0675 17.6181 61.898 123.041 30.9359 60.4679 9.3827 185.884 39.3345 1.63777 3.41041 0.0603009 20.6854 42.4861 20.4704 0.0517414 34.4497 8.83273 19.3605 0 13.0768 0.0256855 6.9445 0.00295119 
91.208 98.0199 11.0918 68.7239 66.4146 94.2965 12.7925 102.147 150.217 32.3922 97.7976 307.4 45.5183 6.72257 11.5086 44.255 67.8425 53.8947 4.56868 7.43967 41.6152 49.521 16.4653 37.2937 0 83.5832 135.862 0.382229 
47.6661 78.5995 0.632059 27.6673 0.867366 1.84698 97.0613 145.025 111.623 4.76645 106.069 78.4387 6.16969 0.0348948 14.4953 22.4226 7.43106 27.5899 8.17389 0.000886632 2.19181 9.31981 4.56696 9.88469 41.4257 0 14.4941 57.4995 
42.8337 53.2689 16.2117 20.2977 48.9967 4.00711 0.5251 99.9064 21.4221 37.1596 79.9913 112.704 13.4249 1.49699 13.2592 18.7982 1.54555 12.074 2.6161 0.290512 10.977 0.582029 8.36032 15.2658 61.6887 16.8268 0 92.9333 
21.7246 34.8698 15.1697 29.5939 53.1393 6.23833 66.603 12.0886 1.17849 51.5603 59.5246 0.0206799 12.9628 10.9921 3.32284 21.0701 11.6741 38.6881 3.40411 11.0183 11.6328 0.0666939 9.56218 6.02814 34.7799 51.1332 20.6189 0 
