0 580.087 91.6649 418.905 251.072 425.961 3.92073 0.130022 475.581 156.557 191.562 168.347 86.8057 3.49931 68.9927 44.0073 480.224 202.227 65.1165 116.376 18.7428 15.0305 11.8173 50.515 478.001 50.6459 32.8026 27.0724 
880.999 0 465.183 558.489 110.733 513.685 518.625 213.418 590.226 60.3351 0.0554161 146.532 145.702 21.0997 0.179596 65.5072 424.83 86.6811 154.118 78.4577 15.1656 51.6131 55.4466 42.977 421.9 22.7669 27.3466 59.5678 
74.5905 6.22212 0 129.873 185.528 1.81692 246.55 240.5 470.606 6.22589 211.199 103.463 3.25315 11.0377 7.99268 6.55917 37.6938 24.0801 12.9406 12.0586 109.322 9.29618 8.25161e-06 14.6413 0.601223 1.23709 15.0397 21.0642 
759.189 561.477 311.859 0 48.2977 485.232 200.175 617.122 495.736 90.5968 203.843 259.564 72.8889 18.2516 31.8797 11.1217 473.454 36.7473 62.2136 26.1349 213.298 11.615 14.6629 23.8218 427.306 0.0018888 0.201959 26.3938 
245.46 1.23173 99.5846 1.7061 0 217.949 63.593 161.231 80.3558 1.24169 0.110392 179.07 121.247 45.3699 30.248 66.8421 145.951 46.9343 72.139 30.7014 1.11455 15.9396 56.2704 49.3988 27.7641 69.0223 12.9359 42.9769 
419.199 420.887 40.397 477.908 125.388 0 737.659 181.893 870.76 696.543 85.4711 113.739 104.626 11.7789 39.8598 14.937 449.58 26.438 90.4315 13.1391 75.4601 16.7755 13.7169 9.80533 446.833 21.2766 19.2022 22.8845 
0.92534 15.0763 34.2288 63.1439 224.077 915.194 0 399.894 1031.43 206.986 248.268 284.365 64.9908 22.2859 21.3585 74.0156 108.742 168.891 118.104 86.784 12.398 3.82469 17.9736 65.4379 37.3944 0.184684 11.334 9.88644 
67.8643 41.5611 199.416 274.281 21.9958 16.5789 6.37228 0 274.639 164.228 210.767 932.406 4.80705 126.121 75.0269 251.468 15.8833 25.4596 13.0411 98.0439 206.465 46.9879 49.2177 0.900577 190.44 7.65633 0.00410887 15.5359 
500.299 616.388 0.501635 748.754 184.968 872.191 424.876 263.454 0 3.66999 401.651 55.4042 55.9423 146.965 72.0406 117.517 424.626 22.8257 137.655 52.8472 182.991 1.46334 0.338083 16.8155 444.589 96.0596 4.93362 0.0307281 
36.9147 117.843 102.106 0.0302039 2.29445 339.809 506.283 66.0096 356.17 0 1.36632 228.883 158.361 0.780734 24.8167 78.7754 18.8549 12.8829 29.9058 47.5167 21.0508 60.5329 32.8615 27.4079 51.9137 59.1189 45.5992 46.2055 
63.8189 235.1 237.122 1.99423 165.169 242.073 129.192 99.3383 233.5 7.38564 0 371.697 248.344 152.363 2.88358 219.388 93.5807 128.009 128.978 36.4255 23.5587 0.510148 109.24 87.3642 50.8802 96.3431 4.07152 104.463 
223.616 72.729 1.22187 68.8576 73.0279 94.312 226.826 843.643 302.534 24.3231 2.93773 0 143.769 4.74631 144.239 367.491 80.3923 116.023 2.38823 1.05412 32.5134 65.6874 15.4382 169.206 115.966 78.1347 45.1116 68.9439 
62.8152 99.7232 34.1322 20.2094 82.2163 116.162 218.278 128.914 205.259 222.032 201.411 102.731 0 27.3757 87.6572 48.9555 40.9737 9.45871 65.5849 40.5596 70.9983 6.59548 42.4411 70.0709 54.3825 3.50259 1.21146 41.2691 
16.0314 4.28178 0.269512 21.8621 53.0552 11.6604 11.9284 61.8015 103.688 1.59856 181.865 20.663 33.1591 0 9.45232 0.0850064 14.1435 9.45306 25.8976 3.0108 42.5574 0.709167 9.1723 0.535241 9.11117 3.36447 1.55709 10.5704 
11.3999 4.32698 33.4264 13.0757 34.9833 37.3769 16.2236 165.927 199.841 115.658 30.7012 2.48962 12.8727 58.0363 0 72.7635 25.4536 68.1931 14.5023 7.87246 55.9116 14.5373 25.0859 27.7519 29.9866 15.6928 15.6724 16.2799 
65.515 76.5502 16.538 41.3292 12.4361 18.7608 51.2146 239.897 21.4627 82.1454 51.1361 471.784 0.00469082 1.79011 1.09228 0 3.61073 4.69791 13.6271 9.11563 46.864 2.88574 8.13154 3.60194 32.1849 31.8927 11.8954 17.14 
522.181 445.763 38.2249 432.712 36.8448 473.734 0.00355007 92.128 529.4 3.14672 40.3463 82.8528 49.2392 0.192054 0.148784 0.786942 0 198.627 414.457 1.27495 18.5723 7.47536 1.42148 0.150569 418.744 25.6009 0.285763 9.69726 
226.112 21.6934 137.086 143.603 228.983 95.2194 30.2073 175.146 188.5 134.294 87.9949 141.272 0.0425414 22.5852 2.64622 35.5251 286.434 0 146.523 10.5525 120.426 37.5049 0.010149 22.3415 6.17151 21.6731 39.8656 28.7486 
62.6395 10.3154 61.4842 59.8344 198.126 1.3857 5.71099 78.3413 152.476 8.63368 125.371 100.523 84.9442 23.0475 33.8329 0.244428 2.43971 53.4643 0 33.6862 11.0999 25.425 23.0124 6.358 0.594361 2.29544 12.555 6.77594 
53.0541 12.862 2.90507 46.6258 32.3043 8.07732 89.8641 1.15635 43.1997 52.5772 15.3078 52.5947 41.2577 4.79042 9.90571 4.92942 24.5234 0.0412132 8.06174 0 245.92 2.07339 1.60835 3.58792 9.08774 2.41887 8.76691 0.603304 
7.67931 10.5672 57.9967 168.95 121.315 68.5066 142.963 87.8248 60.8743 46.3069 13.149 137.987 63.4569 21.1901 9.54504 16.5102 10.9192 1.30415 31.504 44.2206 0 13.271 21.7245 1.37693 0.322178 2.50025 0.00965606 50.1892 
26.3925 26.725 12.209 16.8034 26.3448 16.3334 49.8216 37.6852 48.9799 29.9808 51.6936 76.2839 2.36807 8.37418 0.0109553 8.46762 10.4071 23.4976 25.2643 0.420649 0.61968 0 3.23656 11.0732 4.55685 3.8763 8.3042 10.3831 
0.0909287 54.5557 0.0660913 15.6787 33.0488 5.57248 39.9974 99.1792 19.1072 8.30942 132.78 1.30292 86.8792 7.67094 24.4019 4.05975 0.531067 4.21415 21.4728 0.469077 11.8296 9.9863 0 20.4576 23.0366 5.34954 11.0837 0.0225785 
36.035 54.7545 0.205896 8.77872 51.2931 17.117 57.5974 132.308 39.6425 59.8375 18.7011 175.158 46.3463 0.527964 7.26663 1.55031 20.4205 44.0927 21.2676 0.137023 31.7905 10.2827 12.9497 0 5.41863 0.388285 5.31092 0.12514 
437.312 443.779 8.55729 419.057 64.9285 444.836 7.5428 71.4157 488.6 26.0541 80.6162 599.195 42.2799 5.12715 15.1611 28.933 419.129 55.8276 5.77446 8.30277 45.2543 32.1799 19.6494 49.7025 0 74.0162 121.632 93.9046 
54.6675 81.4518 0.0559295 22.0992 2.38924 3.32807 92.8837 98.2346 96.1562 1.71856 127.684 206.512 3.8516 0.324768 18.7603 27.7398 6.2474 31.5715 9.73652 0.0716852 0.824296 9.70865 3.67136 7.99237 37.7566 0 19.6873 63.413 
40.6395 54.0156 15.3025 18.6456 48.6192 4.93505 1.39716 100.486 26.146 39.3823 76.5151 117.598 11.6572 1.06385 11.9366 18.8644 1.15495 10.3657 2.04573 0.473782 9.20611 0.877103 9.30841 16.59 56.6131 11.7721 0 84.3282 
25.7529 39.0378 16.6775 31.1126 51.3312 7.67126 63.1114 22.1381 3.62347 48.8019 69.4804 4.34938 10.7 11.4271 4.92087 19.5202 10.6558 40.8905 4.26789 11.2387 9.29126 0.0119413 9.83297 7.16309 30.2756 36.2242 46.7091 0 
