0 686.581 10.0716 546.598 225.26 527.288 0.00215533 21.6109 638.268 22.4692 38.3988 87.6975 98.0122 23.5034 68.7211 3.37677 501.948 223.627 114.965 227.124 8.53428 14.6719 3.27219 32.651 476.444 19.8379 0.416413 2.28787 
439.481 0 334.536 606.448 3.98538 644.98 378.048 283.464 779.917 49.2279 158.574 123.836 109.364 19.9317 44.1566 31.7858 543.496 178.236 1.2789 30.0446 99.9733 16.2162 46.9655 14.8134 423.237 39.946 49.7625 23.5796 
3.95519 252.243 0 6.06543 88.2376 44.5214 249.356 80.5288 327.097 28.1771 65.0338 48.893 24.6721 1.14144 30.1191 23.3246 54.6836 20.9795 8.56746 13.4597 9.84061 8.91844 0.446252 14.7455 9.82988 13.1286 17.3397 17.7582 
676.902 603.513 110.512 0 0.0332708 463.738 119.811 1256.39 588.131 8.9125 186.709 14.7097 72.8813 21.6388 28.8776 42.9722 471.169 143.031 51.4498 5.43681 468.55 11.0633 9.39843 26.5505 427.96 43.8481 11.358 23.3397 
217.242 127.817 182.064 61.892 0 139.28 0.167157 109.317 341.67 175.341 195.243 131.507 78.4919 47.1984 84.4916 67.0986 19.1435 54.6074 0.630586 93.1784 1.4754 54.5803 34.3253 12.9431 60.3906 69.2939 45.9252 47.7613 
492.571 493.307 54.4034 447.835 265.833 0 771.452 122.211 438.955 925.05 47.9374 70.2771 489.679 0.0287117 2.08786 0.176863 462.548 80.2701 44.7672 21.2996 75.9988 10.3115 12.5866 6.19374 443.112 27.6077 2.18237 16.2517 
8.32797 125.704 63.1295 198.148 62.4045 279.203 0 119.206 10.1745 445.544 416.274 214.208 1.06948 35.643 104.125 4.46701 104.15 193.388 42.7562 71.5921 0.00248189 5.98086 23.3506 67.2478 71.6425 52.4572 56.5128 28.4475 
138.876 0.188552 38.6192 203.533 220.833 0.225408 303.813 0 584.236 8.05851 359.504 996.542 0.121308 6.60017 116.169 151.455 2.87609 110.929 25.9439 95.9151 30.3683 0.803087 94.6174 138.198 193.514 214.756 0.0143241 76.9049 
417.575 486.279 164.331 707.538 1.7965 440.449 1245.15 576.728 0 192.387 349.373 394.82 161.735 19.2797 230.192 0.0140541 437.598 144.822 22.5021 97.3801 60.1315 45.4613 21.3824 50.2163 441.767 46.3963 48.7196 0.0995733 
57.4032 131.121 95.1985 105.248 222.213 252.246 413.156 213.348 327.987 0 453.717 202.901 297.251 83.4313 0.0806853 33.858 9.11295 15.0896 119.577 42.7812 0.391692 61.0279 54.2011 42.4287 68.1121 70.4329 9.84223 28.3121 
25.9175 26.7797 23.2362 6.99337 226.473 165.756 11.8255 285.776 186.359 527.64 0 369.757 217.281 24.4309 171.047 10.9552 70.7407 162.76 123.571 20.8122 25.7186 23.3083 34.3187 20.6982 102.991 1.06566 4.22466 107.43 
0.0788375 190.442 8.94331 232.458 152.604 40.0161 282.66 728.913 302.689 180.639 2.62359 0 156.227 3.76167 31.5849 26.6604 60.2471 126.182 15.8009 0.249665 99.8549 74.15 97.541 186.929 243.727 316.691 0.0301366 0.328608 
47.145 147.934 8.35132 20.2999 74.2957 8.43324 125.895 103.821 0.312133 325.872 70.9554 154.51 0 72.4482 109.806 46.8952 62.1785 1.23872 57.3738 30.588 5.32658 85.6015 3.1411 37.4504 52.2734 0.171792 38.8335 28.5039 
40.1101 3.68936 8.79476 18.6241 51.3702 21.7203 96.5396 87.8801 4.17374 75.5795 6.49135 0.259308 4.04687 0 60.6249 1.70153 14.219 5.76146 6.25692 0.0484462 7.81112 9.23114 6.53975 1.92976 0.194874 12.9628 1.95445 8.27466 
11.914 60.467 0.017026 5.5317 87.4183 0.519931 11.1541 134.191 157.302 132.48 97.4276 77.5475 36.8899 32.1997 0 80.1298 0.295772 52.519 1.15271 0.613432 49.83 16.3245 4.59809 23.1821 0.0505283 30.0725 6.5483 8.86816 
77.9824 83.88 2.58754 20.2697 12.1284 24.646 18.4916 125.514 150.054 0.347112 180.834 122.355 82.4889 0.106679 0.00363917 0 12.7225 4.41407 0.206156 6.36663 35.2728 1.85899 7.66865 29.2588 36.0152 2.07286 12.752 16.006 
503.764 558.742 13.0597 426.855 132.643 471.627 1.958 91.0871 512.661 10.0227 92.7007 55.6684 2.8559 19.0492 21.2375 17.9933 0 264.704 193.636 16.6931 68.0424 14.2462 17.1414 20.2601 441.031 0.261961 20.8138 13.7692 
198.094 16.283 133.708 34.8749 114.725 14.321 223.792 162.894 86.4072 53.6261 38.7856 146.784 15.4439 0.19901 21.9998 60.1681 134.698 0 0.915329 51.0209 109.231 10.0057 36.5242 4.48564 14.6837 57.1238 2.17342 42.2506 
114.305 167.43 29.3262 44.6851 64.3197 36.3026 150.382 93.6434 89.5941 122.823 114.441 71.8207 82.3921 22.9726 37.8992 18.8455 25.1396 127.511 0 22.2327 11.3799 2.23409 2.34667 9.67641 28.1098 12.9292 10.9095 24.0979 
216.841 54.1718 23.3074 43.8507 93.6251 17.2052 24.2174 55.8311 4.15774 49.067 4.91526 67.1267 29.1339 1.53235 2.07918 8.24478 5.98271 22.803 0.339051 0 158.953 4.37638 3.67999 0.0606597 0.725934 0.0184322 4.13571 6.24927 
1.78538 108.785 3.37252 234.809 120.291 67.1973 123.251 176.434 183.219 10.7979 14.8447 71.219 56.0191 44.621 41.3166 28.1516 17.7599 0.856109 0.583247 3.4044 0 21.9666 34.1162 34.0678 21.8732 1.11523 41.5692 10.8081 
5.05524 2.4674 0.975287 2.54351 0.197086 20.187 62.4562 0.0782665 2.7309 25.6811 77.4389 49.6972 89.0551 9.19087 0.317807 9.577 10.3278 12.1958 1.00008 5.93755 32.7075 0 8.80754 0.000876832 7.98519 1.23387 8.91285 0.0578585 
21.7593 48.737 0.839018 10.626 56.1254 4.27721 45.8515 59.7718 0.745016 30.6489 0.0123148 126.791 14.7387 4.228 6.71548 4.51597 18.9074 44.3633 0.333578 2.45638 11.4985 4.28038 0 15.7116 8.20077 7.83247 13.2302 2.94652 
52.6484 28.7742 0.257955 18.8246 47.6502 14.909 54.7738 17.1189 9.66359 59.1147 89.9414 187.265 1.4709 6.39564 0.00586695 21.247 0.0833697 25.7319 9.55 5.02376 0.676529 0.0755026 1.2194 0 6.50191 13.0694 12.2082 0.571362 
435.957 432.116 21.6873 450.456 36.6989 442.131 36.4256 50.9386 538.332 49.2296 73.7991 1062.02 19.2544 15.538 10.8789 40.0089 439.59 41.266 30.8869 13.8116 60.4409 37.4491 21.484 32.4818 0 50.9395 154.086 111.431 
23.6265 72.4705 20.0131 16.8577 15.3212 0.125841 68.1842 160.975 46.2999 49.0561 153.482 10.4366 0.102639 6.8066 28.7726 0.0131566 11.8623 60.9655 30.661 3.62919 2.98333 6.67276 6.25204 13.7703 6.90081 0 36.29 48.3867 
0.334611 16.7567 1.3803 3.3173 1.49554 20.1712 43.6848 100.489 72.0513 38.4233 43.2185 58.0101 16.6445 2.5723 3.08658 18.7886 22.3235 29.6962 22.7958 11.0104 24.2236 12.7444 12.3552 10.3172 41.0998 5.5123 0 1.85907 
54.624 64.5928 20.426 29.116 5.46576 18.9401 44.3295 67.3589 2.01507 31.7535 27.8544 88.9827 7.87438 11.9588 0.542917 13.111 12.8008 30.4647 25.6886 4.3856 12.4146 9.9894 8.30887 8.69931 32.3397 59.3208 82.8065 0 
