0 386.135 42.2675 42.1914 267.631 19.6916 24.0911 8.46447 95.5671 155.166 194.701 193.841 93.8722 5.80333 70.905 52.504 51.796 224.409 52.6208 71.2367 2.60967 13.0076 9.18578 47.188 54.0446 58.1278 29.7666 22.6011 
578.194 0 405.445 52.311 8.95506 154.082 501.438 253.292 267.134 27.5849 5.20819 118.34 139.469 27.1949 0.431846 72.2045 16.6416 453.425 135.825 54.542 29.4908 51.7101 56.5261 38.4947 6.98698 16.0131 30.5514 56.7833 
29.1951 166.314 0 0.866178 168.452 9.07674 214.258 182.876 415.342 0.680362 168.778 71.4684 0.893006 12.694 12.3163 4.00045 32.1368 7.4389 19.1068 8.41155 93.7844 9.92023 0.0914893 15.223 0.0509722 2.91622 16.0625 20.1161 
266.274 54.5608 200.672 0 26.0404 62.8402 182.245 550.898 17.055 99.3349 197.277 244.057 72.7882 16.3114 27.893 17.1886 52.7372 56.5059 62.6672 18.1985 199.347 12.4526 13.2331 21.9652 13.637 0.775186 0.684133 28.6791 
265.583 45.124 61.3071 11.3298 0 410.799 169.548 134.218 29.1535 11.0943 7.57466 179.547 98.5136 51.1714 21.1572 62.1912 134.68 21.9836 19.1514 21.1226 0.000362005 19.4622 55.6235 46.6116 32.7616 70.3382 15.2905 45.9597 
1.71244 6.13686 26.3634 51.1606 565.589 0 678.075 205.212 306.545 453.048 32.6241 132.165 380.819 14.244 36.4605 18.0328 25.8101 40.7422 88.775 10.6889 76.8793 15.4274 12.5678 8.29165 29.0366 18.7351 18.5995 22.597 
4.13021 15.1121 2.75263 29.0653 339.353 138.358 0 407.855 1208.94 49.4325 117.847 279.525 35.5328 32.998 40.1367 84.9154 109.881 197.949 98.5819 79.8738 21.4706 1.91273 12.5408 68.5728 28.5017 2.44933 14.5688 14.3125 
27.1606 13.484 131.976 469.896 8.02761 44.1366 5.09467 0 495.398 133.681 138.451 979.228 11.0897 122.717 106.984 213.611 10.9137 13.7875 19.968 87.1162 198.853 42.8787 38.6098 6.58699 193.069 36.1145 0.702727 27.7588 
46.2389 106.352 71.1593 313.363 255.169 309.781 27.9143 485.407 0 44.9292 902.758 11.5237 33.5553 138.312 11.2905 96.8338 11.3992 42.3601 147.174 41.8495 186.819 3.10851 2.68406 10.0164 39.4033 77.3342 8.02411 1.17696 
54.3654 160.314 110.881 2.34484 34.5086 109.942 414.504 97.1533 386.265 0 109.098 243.615 70.519 4.6263 47.5231 86.4348 13.2255 23.1733 17.7869 43.6742 15.0864 58.9955 26.7043 21.6428 45.2889 51.4773 44.1572 42.3453 
86.1395 203.745 212.902 1.07483 200.954 270.539 261.295 43.1287 18.5292 46.3116 0 235.797 254.037 188.863 82.5717 189.356 95.1088 112.636 128.729 29.3468 14.5964 1.91072 121.666 102.067 33.3314 70.2619 1.72154 98.5277 
210.339 47.3409 1.54156 26.0087 55.2033 72.2195 259.229 324.196 222.645 52.419 19.3406 0 132.678 0.000208495 76.1975 494.46 83.2264 126.64 0.656479 3.77984 20.1108 69.3264 27.8028 143.659 224.98 2.54694 58.0304 42.5784 
53.4691 83.9376 41.5715 14.6255 105.564 137.242 208.149 137.443 203.304 129.401 164.164 86.5996 0 63.7426 103.832 37.9559 44.9809 5.28123 58.9758 41.7536 68.054 14.338 28.8756 68.3898 55.4911 1.64689 2.03681 42.6749 
19.9236 7.8427 0.00528152 22.7081 47.4083 9.15472 5.27768 45.6749 83.6195 0.00031579 206.803 5.89125 7.29767 0 38.737 2.02465 15.2527 6.84504 24.9452 2.72428 41.0922 0.217909 9.47769 1.79192 10.906 2.12207 1.0745 9.87177 
7.09108 1.02538 31.5289 17.6219 25.4464 32.9095 4.68136 142.35 166.563 94.8391 153.504 32.551 28.1598 58.0277 0 26.8201 24.0899 66.6298 11.7292 7.08853 57.2571 13.1917 23.0594 25.4937 31.1744 20.336 14.3745 18.3096 
58.2136 70.7856 19.3471 42.9022 17.8403 15.7074 64.0437 192.149 39.5028 72.7843 16.0508 286.464 1.6047 0.0408933 33.1559 0 2.64705 2.56542 11.6188 8.70427 42.027 2.04796 5.93157 0.0807677 36.0729 32.7937 13.4624 14.6055 
106.293 14.4277 43.3072 19.3119 21.1712 52.9734 0.847723 95.5599 107.579 6.4292 47.0454 85.1312 45.4824 0.0356088 0.0036129 0.358914 0 254.619 146.681 2.38852 22.5142 6.59017 0.990278 0.0283639 0.590452 24.7932 0.524667 8.60735 
236.028 94.713 112.598 145.838 235.437 107.591 57.6277 166.382 166.892 141.572 104.704 147.001 0.358694 19.0382 5.10664 39.9844 277.375 0 150.201 5.35238 116.265 38.7577 0.0810775 19.4805 3.99368 25.9452 38.4114 31.6138 
50.1507 25.4107 60.0052 61.8583 121.891 0.0963209 16.1424 87.3794 146.016 2.4856 128.39 99.9563 83.0127 24.3006 35.5767 0.740529 46.973 35.9333 0 31.9543 7.84011 25.4057 22.7706 5.23553 1.18152 1.40018 13.6218 7.99103 
11.8327 29.7342 1.01701 48.1724 22.5548 5.86319 93.4873 5.29521 54.2257 49.7618 10.1583 43.4767 42.2582 4.79856 9.27275 5.69051 22.2097 0.60187 5.81174 0 104.001 1.8108 1.83081 3.18987 8.15768 1.73284 9.19738 0.334739 
0.00030531 23.1707 39.0602 121.054 126.895 63.7125 144.065 62.6997 41.9971 38.642 6.53746 149.992 66.9714 24.0686 12.8957 21.3765 7.95897 0.0411837 26.7453 1.56227 0 11.905 23.9983 2.63048 1.29208 0.905085 0.200435 49.1274 
24.3388 23.5894 11.9124 16.8351 22.5757 17.5749 53.3849 33.3308 44.5567 35.5738 57.2071 75.1259 7.82722 7.23713 0.249479 9.36963 11.3474 21.4004 24.9742 0.573185 0.295532 0 5.55065 12.3508 4.36385 3.25095 8.96581 10.2268 
0.0255478 55.9693 0.308015 14.3479 36.9768 4.2578 33.3224 101.695 28.1377 4.54976 127.399 0.108974 79.1093 9.57125 21.4165 6.24342 0.862394 5.83877 20.7455 0.335502 9.79191 7.45092 0 19.1854 21.0563 4.3433 11.8651 0.00640099 
40.3951 51.463 0.645839 6.35821 53.3176 16.347 52.2159 137.887 49.6236 58.0795 31.86 152.574 53.5161 0.00819216 12.474 7.68852 20.0416 45.5916 22.0395 0.276641 28.7322 11.6972 4.38476 0 0.988012 1.2622 3.67928 0.463769 
13.6569 19.5606 5.99774 0.621257 62.6358 25.0969 3.25897 40.6692 55.5616 19.4449 61.2156 262.831 38.3856 3.51983 19.2112 69.8835 0.726213 57.5284 7.22495 9.22752 48.9522 83.7603 23.1101 71.4697 0 93.1187 65.9576 106.558 
61.7884 83.1969 0.145706 15.9957 4.89602 5.37606 86.1418 50.4673 77.4366 0.111943 147.254 341.681 1.89341 0.968749 23.1549 31.6447 5.02976 35.9424 11.5387 0.279207 0.0737842 10.0743 2.7406 5.93275 32.3137 0 25.3331 60.4988 
38.0116 54.4853 14.2073 16.7296 47.9462 6.03027 2.82583 99.5713 31.6133 41.5834 71.928 120.432 9.79657 0.664959 10.4363 18.6558 0.787421 8.59228 1.49206 0.724453 7.39196 1.26588 10.2874 17.78 47.747 6.84883 0 60.0476 
30.2887 43.4961 18.1903 32.3042 48.9929 9.3301 58.6019 35.8613 7.78028 45.2706 79.8769 17.3979 8.38661 11.7629 6.93278 17.3612 9.54686 43.1281 5.309 11.4072 6.95596 0.00303638 10.0363 8.41428 24.7821 18.649 74.9897 0 
