0 981.62 13.4919 580.761 267.937 482.009 51.5304 30.3122 578.977 150.59 193.257 210.205 98.7886 8.05226 71.6231 59.0295 492.757 234.401 42.601 3.93785 0.408068 11.4161 7.22996 44.1278 498.217 63.6836 27.2437 19.081 
994.066 0 224.07 458.181 11.8972 645.427 406.815 277.008 784.778 9.44929 18.468 94.9405 132.067 32.3785 2.35086 76.7629 477.045 286.886 117.678 36.3091 43.8759 51.5077 56.9693 34.705 459.667 11.1974 33.1332 54.1385 
6.23307 359.448 0 118.538 145.052 18.2635 167.82 126.923 272.871 0.307283 126.983 47.1633 0.0562837 13.8944 16.1278 2.30602 27.4588 0.778339 24.6031 5.72549 78.9349 10.3932 0.29731 15.523 0.0503784 4.7351 16.8142 19.1572 
614.154 459.171 46.8498 0 12.2055 506.316 157.681 1064.66 449.915 104.134 183.602 215.21 71.8367 14.5973 24.293 22.4505 499.368 73.7276 62.1118 12.1658 183.903 13.0997 11.996 20.1869 466.971 2.63117 1.2814 30.2353 
269.022 157.688 33.9364 24.8124 0 419.835 268.703 111.001 5.37433 46.5132 21.9188 177.087 79.4313 55.5334 14.6348 57.7985 122.523 8.08244 0.630595 14.2961 0.683694 22.4568 54.6761 44.0728 36.8584 70.7278 17.2888 48.1879 
456.081 478.904 15.726 492.024 753.474 0 414.005 214.108 597.428 721.142 6.64299 144.22 210.119 16.1333 32.6754 20.3907 470.623 53.5181 84.2632 8.73055 77.1372 14.2282 11.5309 7.07042 478.283 16.5095 18.0141 22.1773 
19.606 98.6621 3.47793 9.84844 406.865 159.988 0 381.126 516.038 0.0668855 38.5647 264.657 17.0625 42.4519 57.9425 92.316 109.389 216.292 81.5461 72.9929 30.3375 0.828726 8.69882 70.3753 21.7611 6.13172 17.4067 18.3677 
6.78284 1.76322 77.3612 444.506 1.64701 73.4371 36.9041 0 623.681 107.314 84.4234 642.245 17.9397 116.983 131.94 166.347 7.47676 6.7383 26.457 77.0776 188.168 39.4107 30.3456 14.8238 186.376 71.2762 2.46294 39.5828 
472.665 495.814 219.622 714.901 303.384 600.571 621.528 618.145 0 106.3 333.774 0.000636914 18.8375 126.67 107.004 78.5228 465.674 61.5278 152.287 33.2264 186.402 4.8777 6.18603 5.65393 500.33 61.6783 11.0273 3.31295 
69.7153 191.517 114.107 6.862 84.2939 36.8336 272.114 123.593 375.745 0 285.552 246.658 19.9819 9.94821 68.3191 90.2745 9.25092 33.3104 9.90625 40.1898 10.8399 57.0275 21.7826 17.1724 39.5973 44.7345 42.7301 38.9322 
104.859 173.128 179.86 9.08568 225.573 271.358 366.857 12.9965 157.41 192.411 0 128.111 248.588 207.402 201.177 153.497 95.6649 99.2927 126.817 23.8586 8.72921 3.6914 128.781 112.246 21.0468 49.8202 0.533836 92.3647 
194.018 29.7164 9.80634 5.31147 41.7378 54.5422 276.524 25.7129 154.131 80.7915 84.0048 0 121.946 3.25927 31.5851 437.494 85.0554 134.162 0.0429901 7.18153 11.9479 71.799 39.7261 117.476 240.615 20.4847 68.6741 24.4728 
45.861 70.6916 47.5025 10.5881 123.842 121.205 192.271 142.688 196.456 61.0428 130.651 73.1993 0 96.7344 113.231 29.1638 48.0904 2.7344 53.2166 42.464 65.3286 22.3648 18.9125 65.7615 55.9044 0.635655 2.85764 43.585 
23.2236 11.4246 0.0854183 23.0956 42.5073 7.17629 1.76335 33.3419 66.4747 1.13225 213.293 0.415634 0.00405459 0 58.3995 5.1813 16.1225 4.98888 24.0227 2.4869 39.671 0.0243064 7.88729 3.22356 12.279 1.28542 0.741073 9.22187 
4.26362 0.0175605 29.1422 21.4276 18.4114 28.4776 0.359303 118.58 132.755 74.6382 278.461 77.5475 43.4736 37.9813 0 1.64512 22.8827 64.769 9.59414 6.43172 57.9091 11.9756 19.9772 22.3496 31.3744 23.8063 13.2387 19.7756 
51.6277 65.2027 21.318 42.7534 22.7263 13.1287 73.9819 140.787 56.7046 63.5012 1.65386 100.58 4.96708 0.544302 70.9565 0 1.9607 1.28528 10.0282 8.29698 37.8551 1.45139 4.15355 1.11956 37.9657 31.359 14.649 12.3923 
555.97 455.996 46.9719 472.746 11.1812 499.458 2.93937 97.6355 552.856 9.87978 52.5257 86.4832 42.2487 0.00023052 0.042269 0.131605 0 281.396 275.407 3.53034 25.8683 5.89149 0.693517 0.000120234 450.006 24.0343 0.77126 7.74093 
235.06 195.422 89.5546 143.086 232.678 115.425 84.141 156.77 146.506 145.171 117.807 150.069 1.56986 16.2491 7.6501 43.4763 246.385 0 149.575 2.34694 111.713 39.6513 0.358102 17.1957 2.54657 29.5067 37.1143 33.8947 
40.2202 41.6507 57.6646 62.6102 64.3197 2.30825 28.0158 94.1301 138.106 0.199781 129.158 98.6918 80.5374 25.1867 36.7217 1.33708 101.697 23.4878 0 30.2894 5.55632 25.2844 22.4686 4.37953 1.80106 0.826947 14.4839 9.02375 
3.68763 47.0779 0.18179 47.485 15.5342 4.24333 94.7047 10.7518 63.2081 46.9803 6.65005 36.1559 42.804 4.77888 8.70826 6.29626 20.2384 2.45897 4.20302 0 17.7582 1.60478 2.01433 2.86489 7.3807 1.24536 9.52078 0.17259 
4.98251 36.4275 25.252 144.928 129.983 59.205 142.895 44.0789 28.5196 32.5824 2.78572 157.775 69.5288 26.3987 15.8874 25.5639 5.85054 0.318255 22.9882 57.5085 0 10.8151 25.8152 3.92983 2.54823 0.187529 0.535468 47.9878 
22.6291 21.0553 11.6143 16.7853 19.5776 18.4496 55.9405 29.7813 40.818 40.0167 61.406 73.5893 14.3407 6.23623 0.669547 10.0307 12.1103 19.6878 24.6355 0.713115 0.118518 0 7.62388 13.1659 4.40975 2.76474 9.48287 10.0617 
0.286857 56.694 0.632116 13.1694 40.0491 3.27373 27.9421 102.099 36.271 2.26538 119.612 2.33168 70.4251 9.28594 17.767 8.03621 1.18851 7.32737 20.0664 0.24183 8.2289 5.38472 0 13.4331 18.7998 3.54498 12.4027 0.0715606 
43.7395 48.4218 1.17569 4.59004 54.6103 15.5645 47.4416 138.547 57.7944 55.865 44.2472 127.902 58.6857 0.18659 16.9355 14.6993 19.6674 46.5891 22.5802 0.424446 26.1747 12.6527 0.323453 0 1.20156 2.30658 2.52356 0.891425 
459.061 464.362 4.16538 450.606 60.2915 472.854 1.04805 20.5795 493.057 14.521 45.9525 981.946 35.0198 2.37884 22.3507 49.1431 449.937 58.5629 8.48946 9.94928 51.672 18.3098 25.6246 73.8545 0 86.2756 23.7187 6.17095 
66.9382 83.4915 0.778379 11.3569 7.53995 7.31214 79.2193 20.709 61.7802 0.216431 158.617 396.849 0.793697 1.72213 26.2272 32.8373 4.11389 39.4349 13.0522 0.545791 0.0618374 10.3201 2.04866 4.35974 27.1526 0 29.5299 51.372 
35.7313 54.59 13.2545 15.1199 47.2029 6.96885 4.33768 97.6399 36.2006 43.1612 67.6732 120.667 8.36099 0.40527 9.20286 18.2714 0.538094 7.24177 1.10144 0.964978 6.03239 1.62914 11.0173 18.5093 39.0673 3.63983 0 35.5117 
33.9954 46.966 19.2806 32.8741 46.8426 10.7199 54.4906 48.5432 12.2128 42.0703 87.6246 33.5632 6.66423 11.9193 8.71533 15.3352 8.65901 44.7869 6.22015 11.4853 5.26599 0.0357394 10.1256 9.40977 20.3453 7.13437 89.7059 0 
