0 778.161 4.20323 394.276 263.004 245.7 69.8227 47.2786 353.494 146.842 190.957 217.136 101.118 9.41019 71.689 62.3671 243.901 236.483 37.3032 6.06267 3.49545 10.5719 6.24134 42.3411 250.914 66.4561 25.8549 17.2233 
685.071 0 119.716 205.713 47.4955 419.089 334.306 285.889 570.264 3.42866 28.8731 82.3836 127.222 35.2523 4.0315 78.8634 239.678 486.544 106.916 27.367 52.5567 51.2905 57.0428 32.603 217.381 8.87261 34.5246 52.563 
0.72622 436.951 0 216.454 129.623 24.1256 138.161 96.5066 182.549 1.70702 103.419 35.2936 0.0228052 14.4789 18.2457 1.55721 24.8951 0.0190128 27.7145 4.41863 70.3392 10.6368 0.458441 15.618 0.221203 5.876 17.1908 18.5685 
313.106 205.883 179.325 0 6.68121 257.997 141.454 181.903 210.793 105.782 173.335 194.579 70.9926 13.6255 22.2423 25.3256 253.318 83.1949 61.4605 9.20678 508.842 13.4381 11.3005 19.1318 224.873 4.0793 1.68273 30.9556 
265.781 236.062 21.6681 33.9794 0 371.351 319.764 98.2402 0.359256 74.3571 32.5986 174.681 69.1241 57.7434 11.4853 55.2032 114.952 3.28575 1.4178 11.0287 1.65913 24.128 54.0028 42.595 39.0849 70.6776 18.4062 49.3201 
216.079 253.906 10.7161 242.713 959.037 0 902.443 214.74 279.212 167.041 0.660443 149.432 555.794 17.0952 30.3013 21.5842 223.858 60.7079 80.6956 7.69494 76.9331 13.5421 10.9336 6.41615 233.733 15.2572 17.6603 21.8795 
32.4923 167.615 14.1754 3.47798 427.801 510.997 0 355.129 148.108 12.2351 12.3513 252.738 9.59071 47.7511 68.1579 95.6763 108.581 223.836 72.1162 68.8432 35.6606 0.422772 6.855 71.0593 18.3394 8.79833 19.0232 20.7287 
1.31858 0.000999112 51.236 492.397 0.183365 91.0164 65.2406 0 657.231 92.905 58.907 398.355 22.2812 112.812 144.389 137.283 5.8498 3.90427 30.2786 71.2906 180.783 37.4836 26.0659 20.545 179.527 93.3554 3.8654 46.5733 
218.833 228.014 309.355 435.005 324.161 281.681 1034.83 654.97 0 146.696 415.141 3.62003 12.4102 118.741 108.929 68.3745 224.334 72.9365 154.004 28.7367 184.827 6.00036 8.66891 3.7638 262.538 53.2606 12.8388 4.92161 
78.3009 206.236 114.279 10.2591 117.593 90.4828 187.857 137.882 356.989 0 389.785 244.795 4.86821 13.5893 79.7687 91.3716 7.34112 39.4019 6.48881 38.1767 8.77832 55.6954 19.1804 14.8582 36.4308 40.9379 41.8597 36.9864 
115.028 155.195 158.284 16.5955 236.712 263.034 415.079 3.76726 326.176 295.349 0 78.591 241.88 212.268 269.617 131.343 95.7036 91.8191 125.137 21.0045 6.11849 4.89851 131.377 116.946 15.3279 39.4802 0.169029 88.5526 
183.308 21.5555 17.1569 0.545256 34.9286 45.358 281.993 6.64896 118.481 97.6626 134.586 0 115.549 7.68753 14.4855 352.921 85.8647 137.784 0.0151289 9.46127 8.31471 72.9494 46.743 102.045 327.47 59.7667 74.41 16.3639 
41.7613 63.4661 50.6326 8.60955 133.224 134.362 181.084 144.856 190.822 32.1995 112.048 65.9209 0 113.752 116.623 24.5779 49.7176 1.68464 49.9694 42.7491 63.7244 27.2585 14.1258 63.8775 55.941 0.280615 3.36063 43.9893 
25.0573 13.6129 0.241224 23.1885 39.753 6.14549 0.625983 27.1215 57.1783 2.662 211.149 0.114334 1.92792 0 61.9694 7.29707 16.5826 4.08518 23.4666 2.35651 38.8132 0.000224575 6.50424 4.10501 12.9783 0.907141 0.583074 8.84033 
3.00216 0.122465 27.5629 23.4921 14.9307 25.8503 0.0689921 104.57 113.184 63.1261 337.75 107.087 52.4744 23.9852 0 1.01165 22.1904 63.5392 8.48669 6.0689 58.0925 11.2761 17.8846 20.2511 31.186 25.4994 12.5945 20.4906 
47.8621 61.8713 22.2412 42.1259 25.5415 11.7199 79.0589 111.31 66.6729 57.9855 0.0513135 30.4327 7.53489 1.53883 84.9169 0 1.62533 0.766955 9.18302 8.04938 35.5163 1.16265 3.24601 3.13309 38.4537 29.801 15.2537 11.1592 
311.221 208.665 48.7532 230.68 6.96272 253.293 4.60032 98.4841 305.899 12.0368 55.5029 87.0245 40.4288 0.0160706 0.123076 0.0543382 0 287.012 260.729 4.23782 27.743 5.5194 0.552676 0.0119088 205.722 23.5832 0.92548 7.2772 
231.077 205.369 76.531 139.888 228.155 118.709 99.6091 150.677 134.631 146.204 124.644 151.112 2.58831 14.7755 9.2303 45.3121 222.163 0 147.856 1.20833 108.815 40.0893 0.592197 15.9722 1.88643 31.4664 36.3654 35.1139 
35.0025 51.68 55.982 62.6707 38.5662 4.71561 35.5798 97.5362 132.875 0.0302201 128.924 97.7014 78.859 25.6157 37.2357 1.7339 127.41 17.5987 0 29.2929 4.4598 25.1781 22.2645 3.93635 2.19151 0.575265 14.9508 9.60203 
10.0663 57.4285 0.0110538 46.3792 12.1423 3.44504 94.6906 14.4588 68.0187 45.2949 5.01976 32.2616 42.9973 4.75816 8.38377 6.61812 19.1386 3.98872 3.41932 0 0.432066 1.49556 2.115 2.68823 6.95239 1.00893 9.68638 0.106105 
11.8773 44.6141 18.6645 122.025 131.09 56.5477 141.477 34.9129 22.0575 29.3778 1.3903 161.183 70.8007 27.6573 17.6067 27.9078 4.82179 0.966201 20.997 114.159 0 10.23 26.7889 4.74047 3.40577 0.0220549 0.78613 47.2646 
21.6852 19.6871 11.4308 16.7294 17.9797 18.8699 57.1909 27.8549 38.7397 42.3637 63.5652 72.5313 18.569 5.67438 0.981577 10.3589 12.5246 18.754 24.4122 0.79531 0.0552209 0 8.76838 13.5127 4.52176 2.50964 9.75563 9.95749 
0.548477 56.9234 0.855423 12.4972 41.6639 2.77665 25.0697 101.686 40.9219 1.33839 114.201 4.73238 64.9834 8.43125 15.4743 8.96216 1.38751 8.19917 19.6642 0.196673 7.41648 4.31604 0 9.46456 17.3769 3.12445 12.6551 0.136716 
45.4669 46.64 1.52646 3.7198 55.1746 15.0831 44.7209 137.405 62.1919 54.3769 51.4438 112.893 61.1872 0.509643 19.2821 18.6445 19.4388 47.0457 22.8405 0.517644 24.7626 13.0852 0.0947259 0 2.78924 2.98791 1.97004 1.17986 
212.798 217.715 3.28066 206.93 58.8414 227.536 0.351459 12.1589 242.502 12.055 38.0966 276.932 33.1268 1.83392 23.951 22.7798 205.542 58.99 9.20812 10.3283 53.0323 32.359 26.7995 66.0436 0 36.5745 111.562 77.9619 
69.45 83.2192 1.32936 9.04096 9.19714 8.45217 74.9811 9.51883 53.3601 0.812927 162.775 396.534 0.388961 2.21082 27.6372 32.6618 3.64496 41.3004 13.8912 0.727193 0.284153 10.4336 1.70242 3.5655 24.1852 0 31.5694 44.4854 
34.4402 54.5409 12.7148 14.2298 46.7244 7.49619 5.2904 96.1471 38.7354 43.9352 65.1755 120 7.61073 0.289355 8.53153 17.9824 0.421241 6.54245 0.911625 1.1097 5.33795 1.84439 11.3856 18.8086 34.1583 2.27017 0 22.9558 
36.0052 48.7831 19.8147 33.0276 45.5821 11.4864 52.1039 55.8494 14.9975 40.2183 91.503 44.0917 5.79136 11.9588 9.72668 14.1561 8.18139 45.6259 6.73998 11.5051 4.42979 0.0687595 10.1448 9.93722 18.0695 2.90295 92.7858 0 
