0 707.503 2.92532 331.416 261.545 172.605 73.8379 51.1766 282.546 145.961 190.35 218.377 101.567 9.70159 71.6736 63.033 168.157 236.606 36.2295 10.7992 4.50743 10.3998 6.04446 41.9627 175.472 67.0032 25.5673 16.846 
593.606 0 100.548 130.72 57.5523 347.43 318.258 287.335 500.768 2.55059 31.2813 79.8291 126.155 35.8478 4.43307 79.2609 166.37 75.2579 104.639 25.6351 54.4114 51.2362 57.0431 32.1669 143.004 8.42127 34.8102 52.2264 
0.259984 448.1 0 233.828 126.263 25.3866 131.866 90.4264 164.42 2.13589 98.5966 33.0003 0.0535104 14.5927 18.6826 1.41931 24.3671 0.121842 28.3634 4.16519 68.5394 10.6857 0.49596 15.6315 0.271532 6.12338 17.2654 18.4415 
227.27 130.717 183.329 0 5.73545 182.297 137.915 900.388 138.301 106.033 170.993 189.976 70.7899 13.4223 21.8138 25.9136 178.126 85.1372 61.2956 8.63327 232.762 13.5066 11.1554 18.9073 150.518 4.41454 1.77214 31.0923 
264.663 252.875 19.4256 36.0105 0 363.09 329.628 95.6162 0.0588837 80.7115 35.0356 174.091 67.0214 58.1832 10.8746 54.6514 113.317 2.55461 2.56085 10.3983 1.91339 24.4759 53.8502 42.2821 39.5429 70.644 18.6392 49.5462 
142.286 183.554 9.77497 166.849 392.022 0 1079.99 214.49 191.627 582.315 0.19866 150.377 604.672 17.2865 29.7883 21.8209 148.543 62.2009 79.8684 7.4849 76.8605 13.3979 10.8079 6.28248 158.855 14.9964 17.5842 21.812 
35.5092 183.201 17.2394 2.55755 430.514 586.49 0 348.874 95.5511 18.2019 8.69327 249.967 8.29907 48.8507 70.2864 96.3052 108.367 225.158 70.1727 67.9559 36.7983 0.355556 6.49796 71.1735 17.6587 9.40431 19.3626 21.2281 
0.715208 0.0561255 46.3372 499.026 0.0630065 94.7283 71.9258 0 660.401 89.9559 54.0873 349.382 23.228 111.865 146.819 131.173 5.53646 3.41174 31.0904 70.0748 179.131 37.0831 25.2067 21.8255 177.847 98.0684 4.19335 48.055 
142.345 149.309 327.011 352.256 327.869 193.909 1104.67 658.855 0 155.412 815.073 5.24194 11.2362 116.977 96.3875 66.2865 150.159 75.3602 154.261 27.833 184.384 6.24578 9.23006 3.41866 189.082 51.5476 13.2275 5.29205 
80.0808 209.024 114.173 11.0382 124.825 110.282 171.045 140.792 352.056 0 410.435 244.101 3.0013 14.4001 82.1007 91.507 6.97084 40.7032 5.86656 37.7523 8.37621 55.3983 18.6528 14.3933 35.7742 40.1477 41.6721 36.5782 
117.111 151.423 153.611 18.4055 238.783 260.571 423.805 2.54209 354.438 317.173 0 69.5617 240.178 212.777 283.083 126.644 95.6881 90.2649 124.735 20.4292 5.63358 5.16816 131.794 117.833 14.2441 37.4419 0.118987 87.7289 
180.954 20.0124 18.9081 0.170559 33.5767 43.5193 282.753 17.2829 111.428 101.23 146.053 0 114.185 8.82651 11.7214 332.386 86.0149 138.487 0.036609 9.96797 7.64067 73.1689 48.2265 98.8089 340.148 70.0481 75.5821 14.8678 
40.9217 61.9818 51.2667 8.22229 135.094 139.448 178.577 145.241 189.499 27.2433 108.226 64.4277 0 117.062 117.159 23.657 50.047 1.49854 49.2916 42.7988 63.3831 28.3065 13.2059 63.4506 55.9317 0.224939 3.46931 44.0645 
25.438 14.084 0.283195 23.197 39.1789 5.93816 0.462144 25.8919 55.2827 3.05635 210.205 0.293134 2.8468 0 61.9199 7.75508 16.6763 3.90852 23.3472 2.32953 38.629 0.00253467 6.19008 4.29263 13.1174 0.836454 0.552619 8.75936 
2.7675 0.202233 27.2149 23.9147 14.2474 25.2945 0.194481 101.624 109.123 60.7467 348.289 113.445 54.365 21.1751 0 2.17961 22.0446 63.2668 8.26362 5.9937 58.115 11.129 17.425 19.7912 31.1209 25.8274 12.4596 20.6301 
47.0731 61.161 22.4169 41.949 26.1342 11.4305 80.0693 105.281 68.7624 56.8168 0.291256 20.6429 8.12637 1.80258 86.7234 0 1.5596 0.67612 9.01078 7.99612 35.0291 1.10646 3.067 3.6622 38.5045 29.4164 15.3744 10.904 
236.264 133.342 49.0999 156.331 6.20803 178.073 4.98827 98.6338 230.504 12.5053 56.1155 87.1187 40.0486 0.0224546 0.145036 0.0425415 0 287.326 66.621 4.39113 28.1337 5.4434 0.525469 0.016752 130.915 23.4869 0.959064 7.18227 
229.955 207.968 73.8417 139.082 226.961 119.294 102.859 149.35 132.13 146.334 126.023 151.27 2.8299 14.476 9.57293 45.6843 216.644 0 147.381 1.01886 108.182 40.1753 0.647848 15.7218 1.76179 31.8718 36.2071 35.3632 
33.948 53.8347 55.6005 62.6521 33.9278 5.31428 37.2259 98.213 131.72 0.0913775 128.818 97.4706 78.4844 25.6994 37.3318 1.82207 132.007 16.4717 0 29.0798 4.247 25.1527 22.2189 3.84703 2.27672 0.528772 15.0469 9.72268 
12.3163 59.6166 0.00148861 46.0884 11.4848 3.28849 94.6274 15.2849 68.9995 44.9331 4.70928 31.4693 43.0279 4.753 8.31541 6.68366 18.9097 4.34906 3.26619 0 0.00744838 1.47329 2.13582 2.65186 6.86369 0.962831 9.71959 0.0943401 
13.654 46.3783 17.4035 113.468 131.266 55.9831 141.117 33.1219 20.8099 28.7266 1.16096 161.809 71.0522 27.9157 17.9687 28.3957 4.62041 1.14374 20.5915 127.197 0 10.11 26.9883 4.91666 3.5978 0.008029 0.843882 47.1064 
21.4895 19.4061 11.391 16.7153 17.6536 18.9514 57.4359 27.4585 38.3078 42.8399 63.9984 72.2938 19.495 5.55764 1.05314 10.4235 12.61 18.5614 24.3627 0.812797 0.0451004 0 9.00279 13.5751 4.55301 2.45793 9.81108 9.93472 
0.61297 56.9559 0.90553 12.3561 41.9913 2.67786 24.4841 101.545 41.8967 1.17618 112.99 5.33014 63.809 8.20186 14.9841 9.14584 1.43045 8.38432 19.5784 0.187883 7.25247 4.10349 0 8.64189 17.0693 3.03928 12.7035 0.152774 
45.8142 46.2619 1.60414 3.54926 55.2785 14.9791 44.1506 137.037 63.0909 54.0459 52.9579 109.707 61.6725 0.595361 19.75 19.4333 19.3894 47.132 22.8912 0.537982 24.4699 13.166 0.238904 0 3.23985 3.13755 1.86308 1.24414 
137.601 142.435 3.109 132.274 58.5273 152.505 0.253514 10.6726 166.427 11.5675 36.5294 730.395 32.7317 1.72889 24.2689 18.2722 130.711 59.0659 9.35894 10.4051 53.3017 40.6585 27.0206 63.7453 0 35.8247 142.531 101.129 
69.94 83.1247 1.46076 8.58607 9.55755 8.69398 74.0699 7.71634 51.6465 0.983406 163.442 393.65 0.322929 2.31803 27.9015 32.5521 3.55093 41.6813 14.0654 0.767761 0.350243 10.4552 1.63397 3.40834 23.566 0 31.9637 42.9449 
34.1696 54.5214 12.6017 14.0454 46.6191 7.60628 5.49817 95.8008 39.2607 44.0871 64.6452 119.792 7.45881 0.267739 8.39333 17.9159 0.398816 6.4014 0.874502 1.14077 5.19883 1.89031 11.4588 18.8614 33.1495 2.02435 0 20.5748 
36.4182 49.1509 19.9193 33.0452 45.3144 11.6451 51.5995 57.3823 15.6032 39.8275 92.2693 46.3922 5.61728 11.9629 9.9381 13.9077 8.08339 45.793 6.84927 11.5072 4.26495 0.0769197 10.1461 10.0444 17.6185 2.24941 92.9345 0 
