0 426.976 4.67946 315.774 234.938 334.353 0.768807 14.1835 449.601 26.3393 43.5891 79.2505 99.5401 24.6414 69.3942 4.40642 302.837 218.374 114.018 219.847 4.68739 15.2405 3.73211 31.3815 278.116 21.8014 0.5856 1.83282 
223.751 0 269.36 435.43 17.3955 452.799 331.65 288.007 565.271 39.9671 169.711 131.721 113.274 21.5542 41.2316 34.1151 342.599 512.101 0.357454 24.7857 93.9158 15.4153 46.0745 13.7105 227.56 37.7293 49.2454 22.3495 
0.933566 318.622 0 21.0649 99.0286 40.7641 249.265 63.6252 272.871 32.603 78.4274 41.2787 22.7415 1.41037 29.2397 23.7171 54.2198 15.868 7.26067 14.5091 7.14154 8.73226 0.56162 14.9199 9.0626 12.2327 17.1158 17.342 
508.972 432.649 137.681 0 0.158714 264.029 130.938 482.27 365.812 6.87523 180.951 22.8153 72.9767 21.3148 30.0037 42.9866 273.828 141.167 52.7495 4.11587 361.644 10.8181 8.95859 26.6132 229.833 44.2434 11.9047 24.1068 
227.649 173.307 185.388 69.1736 0 105.593 1.48421 117.254 332.829 197.698 204.466 136.014 84.9608 48.8131 82.6393 65.916 22.9865 63.2038 0.192099 92.2526 0.861942 54.9869 33.2254 12.0404 61.227 68.8094 45.5589 47.0132 
301.231 312.204 57.2865 247.883 508.646 0 1362.83 133.244 224.133 795.09 62.5384 64.2066 579.393 0.000435789 1.40668 0.0639374 264.488 75.9464 40.8479 20.8378 76.4153 9.85612 12.2438 5.79825 246.469 27.4523 1.975 15.815 
4.26293 170.189 47.4283 193.946 88.0002 481.762 0 95.6021 18.8186 406.856 387.597 202.761 2.8667 32.4937 109.652 3.12624 105.351 185.647 48.0609 74.096 0.0772307 6.75696 21.6376 68.0686 69.4715 49.3053 57.0408 30.0716 
123.099 0.137737 26.2622 230.076 222.1 0.0852324 326.468 0 620.303 11.742 350.626 1028.71 0.000614316 8.75984 124.649 133.21 3.5927 105.769 28.28 98.7199 35.6737 0.561978 92.9917 138.649 193.294 206.095 0.0170225 72.268 
223.394 310.692 219.622 525.48 0.0734298 224.891 1306.4 614.556 0 219.11 849.826 386.833 167.761 17.5264 169.418 0.153959 242.871 137.461 26.0569 95.5831 65.6825 46.6963 19.0114 47.4322 241.649 51.4551 50.2489 0.0039853 
52.3101 142.972 91.3138 104.142 242.862 161.526 450.705 209.174 307.519 0 393.94 194.262 279.811 83.8846 0.112214 30.403 7.91269 12.5326 120.924 41.6032 0.168669 60.9197 53.1119 40.9213 67.2208 71.6445 9.1613 27.0363 
21.7468 20.3135 32.5876 10.9466 218.761 147.743 26.2383 268.063 81.0888 479.068 0 333.642 208.775 16.8278 129.456 17.8075 69.0869 160.639 124.87 19.1087 22.9557 24.8321 29.9707 17.4181 107.82 0.221833 5.05657 108.318 
0.74083 195.889 13.119 241.345 148.801 45.4638 279.943 582.573 322.239 190.065 0.0063175 0 157.386 6.45369 20.2612 4.88387 58.7817 128.881 17.3259 0.0589196 95.1562 73.5676 93.5705 185.559 237.021 280.461 0.25316 0.000467728 
44.582 148.437 9.70681 18.6905 67.9391 19.102 116.153 107.389 1.17829 317.104 60.822 152.808 0 83.7321 112.661 49.9167 61.7048 1.78078 55.4207 29.8595 4.67944 83.9655 4.70208 39.6368 51.6546 0.337379 38.9513 27.7443 
41.0969 4.52058 8.2879 19.1058 49.8118 21.8421 96.0307 91.9816 6.05184 77.4472 2.79897 0.0101716 1.24512 0 61.9803 2.58158 13.9057 6.40109 5.83968 0.0659639 7.21624 8.97091 7.42622 1.50452 0.319709 12.8888 2.11516 8.01799 
10.6107 57.5941 0.00900778 4.66386 85.8023 0.209515 14.8233 126.065 168.952 133.442 63.2382 95.6131 42.2575 23.512 0 70.3595 0.206087 51.2251 0.892424 0.517071 48.9876 16.0806 5.81159 24.2858 0.000536988 29.5909 6.15736 9.49555 
78.758 84.2862 2.0796 18.4819 13.5372 25.1454 15.8301 107.285 151.342 0.933354 191.857 183.724 81.5067 4.14955e-05 1.84691 0 13.1347 5.08983 0.30891 6.16404 33.8077 1.65542 7.06143 29.2394 36.4903 3.11114 13.1812 16.6957 
308.999 364.172 14.4346 231.194 136.364 275.117 1.27573 89.9093 313.937 11.3481 93.3172 54.1506 2.39227 19.2703 21.6857 18.3726 0 253.12 420.195 17.3844 68.2062 14.49 17.2902 20.3605 244.388 0.186929 20.6814 14.078 
189.948 2.03709 127.236 29.9744 104.821 11.5843 227.51 165.961 93.969 57.8786 42.7666 148.02 17.0993 0.34053 23.4076 60.5405 115.393 0 1.9313 48.5053 107.319 9.51534 37.0787 4.96044 15.6293 57.7464 2.43919 41.6282 
113.216 169.511 31.2802 46.2343 47.7137 40.1802 147.741 95.8018 94.4021 122.082 116.528 69.9461 81.5634 22.5933 37.675 19.393 37.5081 131.206 0 21.4511 12.3746 2.02715 2.13407 10.0339 28.3856 13.4487 10.6152 23.8648 
209.629 60.7149 24.0428 42.5017 92.8017 16.5793 26.8524 52.118 5.42755 48.1308 4.02126 64.7714 28.3841 1.45738 1.90998 8.39223 5.46574 20.611 0.203365 0 118.932 4.4495 3.64078 0.0840391 0.611846 0.0434115 3.98725 6.43828 
0.326114 102.807 5.33189 236.292 122.103 65.885 125.94 181.462 181.381 9.49778 12.6816 75.9401 54.8224 44.4619 42.3754 29.6185 18.8148 1.40347 0.847765 0.146769 0 22.3312 33.6561 34.8577 23.0655 1.51518 41.87 10.0931 
5.45125 2.85105 0.869538 2.36217 0.340358 20.2913 62.2044 0.182215 2.24871 27.2223 77.8382 48.1951 88.1168 9.43805 0.206934 9.80239 10.0674 12.7264 0.859941 5.89613 32.7509 0 9.50574 0.00933675 8.6225 1.35356 8.73171 0.0380695 
22.6344 47.9105 0.991962 10.1866 56.254 3.93237 44.0553 62.6845 0.324109 28.941 0.108368 126.209 12.0066 5.21846 8.08169 5.11712 18.8489 44.5287 0.253299 2.51749 12.0783 3.65505 0 13.4331 7.28396 7.58757 13.3081 3.13264 
53.3546 27.47 0.366131 18.1378 46.8484 14.5857 53.2531 13.7644 11.3698 59.5567 85.6243 187.031 2.16549 5.83131 0.0443491 18.9484 0.122168 24.9326 9.19542 5.11261 0.485054 0.0221228 0.323453 0 8.75442 12.5799 11.6879 0.714593 
237.452 233.753 20.9864 252.466 35.3091 244.932 33.9247 42.8326 342.965 47.3849 79.1825 148.339 18.1186 15.2753 9.81693 23.8164 243.004 40.2549 30.8757 13.7905 60.3051 19.4508 20.4929 28.1098 0 89.5824 132.93 40.9911 
25.6925 73.932 19.1993 18.5345 16.6545 0.0424361 71.0736 173.948 51.3563 46.7593 149.346 27.8229 0.237036 6.3823 28.0588 0.204166 12.2767 61.2217 30.6399 3.8628 3.60731 6.49303 5.97671 14.1981 5.54974 0 35.5674 52.4212 
0.209984 15.9418 1.20273 2.96569 1.25778 20.1948 44.6566 100.426 72.9532 37.7391 41.3743 61.6333 17.2178 2.74979 2.7891 18.7163 22.3558 30.2638 22.9382 11.0027 24.8643 12.7742 12.5188 10.8507 37.9036 6.68389 0 0.242812 
55.3756 64.6823 20.6935 29.6518 4.89235 19.2947 42.6987 62.7017 2.7854 30.4816 30.5789 96.8702 8.47961 11.938 0.753158 13.864 13.1121 29.6702 25.53 4.20181 13.1828 10.0535 8.14982 9.03819 33.5474 56.4886 76.9779 0 
