0 946.977 4.19656 736.397 236.29 486.921 121.487 101.036 617.628 134.085 180.839 227.38 105.699 13.122 70.8512 69.7076 452.753 231.034 25.0825 88.2716 23.6067 8.57147 4.06304 37.6317 462.887 72.3504 22.4124 12.8828 
666.173 0 1.1156 456.593 212.452 661.664 141.588 293.955 831.23 1.48105 62.789 53.2235 113.123 42.3584 10.0039 82.7447 478.677 789.807 79.0701 9.85856 75.7867 50.4307 56.7069 27.3723 442.672 4.17768 37.885 48.3081 
10.4488 433.347 0 256.213 87.3307 39.6283 64.9545 33.0632 17.4032 9.84676 49.6142 12.2647 1.23636 15.6666 23.3534 0.314155 18.6844 7.03791 35.5093 1.8187 48.7979 11.1895 0.99961 15.6387 1.15623 9.05658 18.0094 16.9366 
435.196 454.806 382.108 0 0.0779557 466.04 96.7488 282.507 483.686 106.722 141.216 134.619 67.9503 11.1638 17.0788 32.0565 468.064 105.614 58.8227 3.39103 171.213 14.2241 9.54525 16.3273 450.007 8.8232 2.89391 32.3055 
242.849 426.563 2.55794 60.6927 0 313.512 412.981 67.6643 13.3888 159.066 66.2627 165.629 45.0199 62.5843 5.16804 48.3019 94.147 0.594727 35.9547 4.59848 5.86856 28.3317 51.8793 38.6987 44.4909 69.7512 21.2346 51.838 
450.643 534 2.0811 449.789 1001.22 0 1298.29 203.327 426.557 405.889 12.7134 157.547 174.83 19.1875 23.7981 24.155 437.735 78.4248 69.0255 5.29743 75.3825 11.7735 9.38746 4.86252 452.327 12.1221 16.6874 20.9421 
75.2867 361.363 66.9258 1.79563 421.913 837.936 0 264.943 290.76 148.504 11.05 213.587 0.22322 60.8077 93.3397 101.603 104.976 233.935 49.4026 57.6906 49.9998 3.75182e-06 3.16129 71.8023 10.8703 17.1937 23.1896 26.9291 
6.14852 10.0602 7.55613 321.597 2.87295 135.58 159.121 0 608.279 59.0168 13.6397 6.18226 34.6289 99.7354 169.374 66.7139 2.6383 0.177378 40.4241 56.4865 158.476 32.6579 16.4661 37.7773 154.135 150.262 8.61928 64.8618 
425.593 425.21 462.34 554.409 353.53 426.19 1143.39 614.37 0 252.471 614.649 41.6914 2.09097 95.3348 141.321 44.1578 452.167 102.96 154.832 18.5821 176.931 9.22912 16.395 0.702753 498.484 33.7421 17.7937 10.1764 
99.3978 232.815 109.836 21.1551 206.638 420.688 28.29 170.999 278.237 0 579.441 229.733 12.1652 24.4155 105.837 90.9048 3.49309 55.755 1.05486 32.9458 4.53647 51.6773 13.1602 9.64825 28.6004 31.4749 39.4472 31.9929 
139.192 109.664 100.367 43.4004 255.745 218.769 483.648 4.95949 657.11 528.11 0 5.28798 214.99 206.993 392.264 75.353 94.9868 73.1773 119.124 14.4967 1.59691 8.56419 133.577 125.487 4.79856 17.9238 0.147036 77.9829 
152.544 6.6308 42.6972 9.9137 20.1721 25.1256 282.539 401.247 44.95 141.047 284.038 0 98.4752 25.9377 0.741374 100.028 87.2685 145.104 0.887002 16.275 2.06636 75.1493 64.9399 63.6546 287.699 211.987 87.9738 2.9775 
31.9588 46.12 57.8563 4.49902 153.649 198.934 147.478 147.974 171.692 0.0024118 68.0902 48.4857 0 146.01 119.119 14.3532 53.4884 0.167305 41.7636 43.1328 59.4328 40.3874 4.9412 57.9865 55.4514 0.0187093 4.7654 44.6972 
29.6297 19.6338 0.958126 23.0504 32.8262 3.82597 0.300456 13.9176 35.5668 9.04933 189.218 7.60464 23.7306 0 45.0269 12.8492 17.6691 2.20891 21.9438 2.03413 36.4597 0.191927 2.65144 6.38071 14.5034 0.242064 0.269741 7.82991 
0.80459 2.37677 22.9953 28.3877 7.66016 19.0581 5.69997 69.275 66.3685 35.7409 408.083 183.679 75.0926 0.692365 0 37.9168 20.3892 59.8858 5.96212 5.16814 58.0125 9.47341 12.0384 14.3775 29.8305 28.8385 10.9487 21.9571 
38.2853 52.9656 23.9705 38.9936 32.8244 8.34394 90.0853 45.3791 91.7677 43.6422 15.5214 40.0166 15.8608 5.76289 77.9544 0 0.922082 0.053739 7.18469 7.36846 29.6399 0.574056 1.36582 11.349 37.9165 24.0159 16.5905 8.14044 
528.013 424.973 52.3767 455.907 0.729585 467.66 10.2118 99.6866 517.906 18.1179 62.7398 87.7482 35.8041 0.162691 0.50423 0.00797482 0 271.699 144.873 6.22389 32.473 4.63128 0.27068 0.124274 425.501 22.3623 1.36578 6.16371 
211.32 349.315 45.453 127.205 208.393 123.472 138.787 133.418 104.11 145.842 140.202 151.709 6.1654 11.3193 13.6702 49.5795 148.764 0 139.563 0.00027418 100.501 41.0145 1.42081 13.0426 0.667189 36.3051 34.3969 38.0291 
23.0694 78.7506 50.7133 61.7469 2.01248 13.9754 56.7847 104.963 117.547 2.91962 126.362 94.3632 73.7799 26.4992 38.1505 2.92343 167.879 6.36739 0 26.5951 2.23509 24.7943 21.6429 2.92121 3.31026 0.145586 16.0903 11.069 
55.2026 83.9451 0.478209 41.5999 5.35647 1.78109 92.5827 25.5667 79.3282 40.6889 1.92632 23.1437 43.1499 4.6768 7.53986 7.37569 16.3788 9.25161 1.79773 0 63.8012 1.23643 2.36382 2.25746 5.89182 0.522672 10.0602 0.01044 
40.3468 67.0373 6.19697 35.3059 131.999 49.4958 135.668 16.1546 9.30046 21.8791 0.00192576 166.835 73.5407 30.7007 22.0705 33.7864 2.67414 4.06206 16.3038 268.168 0 8.81812 29.125 7.03608 6.02661 0.311328 1.61011 45.1819 
19.332 16.3768 10.9165 16.504 14.1862 19.7187 59.8023 23.17 33.5371 47.8139 68.4287 69.2765 30.616 4.2821 1.99016 11.056 13.5392 16.4601 23.7459 1.01559 0.00133955 0 11.4437 14.0404 5.08751 1.91565 10.3968 9.65784 
1.55315 56.9752 1.54046 10.7721 45.4199 1.69196 18.3049 98.7551 52.7677 0.0804052 97.8874 14.0522 50.1449 4.92023 9.52062 10.9159 1.94179 10.5213 18.58 0.104017 5.54663 2.0344 0 1.39512 13.485 2.1542 13.1446 0.386521 
49.3761 41.9196 2.56603 1.90983 56.1226 13.7461 37.7651 130.124 72.6169 49.9243 69.8572 74.2332 66.2064 1.91786 24.2819 26.5964 18.8013 47.8964 23.3737 0.78448 21.2554 13.845 5.6037 0 10.552 4.94938 0.870325 2.04895 
428.414 432.227 1.50136 429.063 54.7785 444.415 0.23072 0.643069 447.989 6.77713 20.9457 471.677 28.3394 0.763634 27.4021 24.6579 425.045 59.6149 11.0596 11.2094 55.9741 78.6319 28.8608 32.6791 0 120.654 98.0129 15.3316 
74.5961 81.2356 3.27524 4.23747 13.8876 11.4567 63.422 0.425368 33.8297 3.89276 166.217 305.814 0.00181191 3.61618 30.1148 29.7682 2.58779 45.7351 15.9876 1.27976 1.52611 10.6489 0.961385 1.87185 16.8277 0 35.5673 24.9648 
31.1304 54.0951 11.3331 12.0202 45.3248 8.8354 8.01426 91.1834 45.0262 45.5638 58.5469 115.963 5.86869 0.0846886 6.89941 17.0389 0.19215 4.93733 0.515758 1.50686 3.77664 2.42518 12.1902 19.2294 22.7055 0.235164 0 2.27315 
40.8707 52.9885 20.9274 32.9171 42.2271 13.3818 45.8557 74.4243 22.8674 35.3851 99.7897 73.6845 3.85783 11.9152 12.2869 11.1192 7.02674 47.4823 8.08742 11.4839 2.64401 0.196448 10.1012 11.1699 13.2407 0.609715 83.6664 0 
