0 754.225 13.4802 645.149 220.459 378.311 143.367 125.809 516.117 127.718 175.105 228.536 107.031 14.7359 70.1162 72.212 331.125 224.681 20.6533 97.9961 36.1938 7.80896 3.3052 35.6496 342.187 74.2755 21.0388 11.2642 
452.246 0 36.2453 369.789 293.577 543.403 77.3566 291.379 715.242 5.98437 79.0319 42.6932 106.751 45.1605 13.0741 83.7373 369.49 732.557 67.9011 5.11617 85.5274 49.958 56.3642 25.286 327.597 2.75659 39.1909 46.4745 
23.2597 353.74 0 171.492 70.1974 45.6743 40.2126 15.7179 0.000282031 14.8341 31.9935 6.14645 2.23698 16.0271 25.2671 0.0782622 16.3003 13.2638 38.5917 1.07191 40.4669 11.3898 1.27119 15.5601 1.73022 10.4409 18.2894 16.2201 
307.307 367.406 357.545 0 0.430768 343.405 78.5039 290.768 400.382 105.818 126.399 109.338 66.3644 10.1716 15.0306 34.4756 348.327 113.809 57.3712 1.79869 620.887 14.5168 8.83663 15.1471 334.587 11.1206 3.46295 32.6629 
228.266 482.987 0.11276 72.4472 0 243.462 430.87 56.2161 28.4436 195.235 82.0651 160.825 36.2569 64.2418 3.2901 45.3846 85.2571 3.27561 61.0991 2.75522 8.25541 30.031 50.8512 37.0536 46.5944 69.0602 22.389 52.7256 
340.495 442.676 0.458218 327.388 802.998 0 987.365 193.84 335.043 155.112 27.8254 158.739 613.886 19.8882 21.0518 25.0036 318.026 85.2556 63.4311 4.42214 74.3478 11.0445 8.74904 4.27443 334.164 10.8761 16.2605 20.4892 
95.6763 429.879 95.4288 6.8688 396.62 571.15 0 222.491 708.141 230.27 36.3002 194.847 0.352367 65.8619 102.86 102.94 102.906 234.333 40.8766 52.9751 56.1116 0.0673245 2.05589 71.712 8.33885 21.1984 24.9144 29.5286 
15.363 19.6845 0.797316 262.58 6.46612 152.576 202.039 0 540.122 46.7213 4.1216 26.6472 40.1391 93.5545 176.426 42.7433 1.69265 0.0431978 44.7131 50.5104 148.187 30.7146 13.101 45.6601 141.19 171.696 11.0141 72.368 
307.443 314.079 472.4 398.133 355.384 333.477 767.713 548.842 0 291.774 1586.01 67.3448 0.357749 84.8821 187.07 35.2488 338.181 115.336 153.775 14.9833 172.231 10.6952 20.0646 0.152766 387.347 26.7331 19.9526 12.7643 
107.54 238.802 106.177 26.3773 240.63 514.471 2.55149 182.806 237.655 0 603.975 219.783 32.6694 29.3181 114.576 89.4397 2.32654 62.6782 0.166056 30.778 3.20255 49.801 10.9648 7.80652 25.5235 27.7481 38.3826 29.943 
148.208 91.8231 77.6114 56.8249 259.58 193.565 486.168 15.1115 845.729 583.206 0 0.190452 200.644 198.089 407.78 54.7505 94.3737 65.7853 116.005 12.1471 0.596148 10.2924 132.718 127.549 2.1914 11.3445 0.494246 73.3707 
138.965 2.97561 55.2963 21.8532 15.2264 18.3407 277.499 645.118 24.0623 158.203 344.812 0 91.2706 35.7678 7.52111 30.1042 87.5852 147.332 1.61324 19.4335 0.72048 75.7611 72.3222 49.2856 320.946 277.309 93.0316 0.594982 
28.2224 39.5457 60.4832 3.19394 160.426 197.313 132.323 148.293 162.197 5.06045 52.2728 41.8737 0 153.155 117.675 10.8489 54.8852 0.00247414 38.4522 43.1555 57.5933 45.8669 2.50852 55.1875 55.0229 0.164211 5.39071 44.8608 
31.457 22.2547 1.37266 22.8473 30.0465 3.01362 1.17965 9.68603 27.8419 12.5602 174.567 13.7579 38.1374 0 31.4394 14.8864 18.0815 1.60839 21.2788 1.90584 35.4297 0.368287 1.36901 7.25725 15.0172 0.0922596 0.176499 7.40331 
0.310679 4.0651 20.9693 30.2094 5.35475 16.3375 10.4033 55.739 49.8936 26.0452 396.941 211.648 83.7506 0.91616 0 59.3463 19.6359 58.1914 5.04796 4.80894 57.765 8.73413 9.64586 11.9315 28.946 29.7702 10.275 22.4113 
34.4289 49.2002 24.4172 37.1573 35.8266 7.07115 93.7477 25.309 101.547 37.8466 28.9378 116.018 19.8808 7.92794 60.0703 0 0.692838 0.000796474 6.42748 7.0711 27.2798 0.392354 0.808845 15.3166 37.0075 21.1316 17.0539 6.97886 
408.611 307.787 53.4821 340.557 0.0164246 347.743 13.0302 99.8013 396.88 20.8225 65.5625 87.7874 33.9152 0.264614 0.729337 0.0480203 0 254.51 125.901 7.10736 34.393 4.28938 0.184871 0.202787 308.019 21.8329 1.56566 5.73241 
199.819 420.767 34.272 120.412 197.378 123.957 154.128 125.764 91.8049 144.521 145.772 151.144 8.01021 10.022 15.6438 51.1618 117.518 0 134.716 0.17675 96.7514 41.3198 1.85193 11.915 0.349541 38.2229 33.5639 39.1503 
18.789 90.0414 48.2092 60.9499 0.320067 18.8377 65.9837 107.494 110.596 5.37904 124.552 92.6798 71.3988 26.7786 38.369 3.48045 179.745 3.36274 0 25.4322 1.54775 24.5923 21.3479 2.54917 3.8179 0.0525059 16.5394 11.6693 
81.9446 94.32 1.01795 38.9656 3.35509 1.25314 90.9212 30.6858 83.526 38.693 1.08299 19.7608 43.0791 4.63224 7.18789 7.66014 15.268 11.9133 1.28357 0 121.958 1.13734 2.46297 2.08854 5.47007 0.369712 10.195 0.00014269 
55.6407 76.6328 2.98756 48.7775 131.62 46.5191 132.454 10.4588 5.62291 19.0812 0.288401 167.931 74.4673 31.8834 23.9271 36.1431 1.97993 5.88947 14.5321 310.748 0 8.26802 30.0267 8.06632 7.26844 0.708267 2.02131 44.2342 
18.3857 15.0886 10.6872 16.379 12.7423 19.9777 60.6436 21.3388 31.444 49.8188 70.1638 67.7272 35.9061 3.738 2.48308 11.2851 13.9404 15.5507 23.434 1.11047 0.0213183 0 12.3907 14.1122 5.43574 1.69414 10.6388 9.52133 
2.09706 56.7873 1.86491 10.0643 46.8145 1.32219 15.7761 96.8338 57.5501 0.00487682 90.4131 19.0264 43.9231 3.34588 7.24572 11.5117 2.18829 11.5137 18.1116 0.0747665 4.85789 1.31937 0 0.100019 11.8534 1.80078 13.2836 0.521514 
50.7769 39.922 3.04573 1.33746 56.318 13.1584 34.928 125.518 76.5298 47.8607 77.2365 59.233 67.6949 2.68264 25.8037 28.4401 18.5176 48.1227 23.5415 0.905348 19.8551 14.0153 9.42588 0 14.8086 5.82237 0.547214 2.45514 
309.586 312.897 0.96881 312.838 52.9746 325.649 0.831094 0.0864639 325.425 5.03494 15.2397 136.129 26.4 0.457324 28.5333 46.8022 307.454 59.6889 11.8273 11.5367 56.9703 36.1406 29.2792 22.0622 0 64.8942 151.473 118.376 
76.1855 79.9253 4.26918 2.76082 15.9829 12.7109 58.475 4.66195 26.8134 5.74484 164.76 243.788 0.0967956 4.24338 30.6524 27.7217 2.20779 47.4234 16.8307 1.54087 2.29761 10.7081 0.716522 1.32397 14.02 0 36.6717 17.4236 
29.7656 53.7863 10.7649 11.1399 44.6791 9.38273 9.24606 88.7113 47.5322 46.0962 55.738 113.418 5.21974 0.0364951 6.26386 16.574 0.124761 4.34678 0.387314 1.68123 3.21696 2.67633 12.4655 19.2654 18.7495 0.00460802 0 0.0108252 
42.7578 54.5411 21.2832 32.6755 40.7961 14.1333 43.2438 81.8417 26.3675 33.3696 102.516 86.3489 3.17954 11.8407 13.317 9.88916 6.57631 48.1339 8.65014 11.4471 2.04747 0.266018 10.047 11.6277 11.7152 3.14612 74.0531 0 
