0 437.821 23.2152 403.53 207.523 135.598 159.087 144.279 277.632 122.732 170.411 228.284 107.804 15.9408 69.4449 73.8421 79.1678 218.687 17.6592 96.4523 46.6653 7.27366 2.80173 34.1925 90.775 75.4939 20.0523 10.145 
143.983 0 88.9014 147.629 351.137 290.109 41.1779 287.448 461.624 11.0707 91.4596 35.6288 101.94 47.1521 15.5112 84.2432 126.525 510.143 59.9986 2.61724 92.6181 49.5715 56.0428 23.7912 80.32 1.9059 40.1162 45.1102 
35.2424 279.448 0 100.447 58.268 49.7894 25.3669 6.96495 9.00738 18.9784 21.3163 2.98975 3.13881 16.2425 26.5749 0.00575187 14.6342 18.8702 40.775 0.649642 34.6972 11.5262 1.48579 15.4724 2.21267 11.4672 18.4733 15.6834 
62.8717 144.928 253.831 0 1.77391 90.5421 65.7329 78.1718 178.947 104.711 115.29 91.4647 65.0951 9.45926 13.5787 36.083 97.5495 119.319 56.1901 0.948863 200.164 14.7197 8.32624 14.2826 86.9497 12.8933 3.90212 32.8525 
216.104 511.42 0.338241 81.0996 0 167.696 435.497 48.3713 42.4917 220.664 94.0709 156.964 30.3587 65.3276 2.18583 43.2392 78.7419 6.53866 82.3062 1.70643 10.219 31.2585 50.0482 35.8407 48.083 68.4487 23.2282 53.3205 
97.1089 212.082 0.013988 74.918 719.176 0 152.141 185.423 123.098 303.596 41.939 158.835 658.933 20.3379 19.0587 25.5426 67.408 90.0101 59.1516 3.8271 73.4567 10.5139 8.28452 3.86502 84.5267 9.98888 15.94 20.1359 
111.111 470.279 117.264 12.4996 371.17 336.835 0 191.159 1006.33 291.69 62.7919 180.55 1.86044 69.3944 109.353 103.514 101.198 233.285 35.0351 49.522 60.617 0.201221 1.39964 71.5069 6.69566 24.2865 26.1751 31.4356 
24.4611 28.4865 0.211041 256.295 9.93368 164.11 233.314 0 478.073 38.4888 0.665317 111.132 44.2874 88.8206 180.288 28.1268 1.13643 0.439723 47.87 46.2326 140.379 29.3132 10.871 51.6029 131.109 185.934 12.9075 77.7735 
59.5564 75.0409 458.083 123.682 353.022 120.788 453.491 488.197 0 317.289 1078.71 88.9107 0.000300022 77.1301 152.375 29.2431 91.7113 124.262 152.516 12.5816 168.321 11.8117 22.8946 0.00439519 142.744 22.0552 21.5669 14.7928 
113.222 241.286 102.913 30.397 263.125 529.262 1.27997 190.629 206.774 0 599.024 211.344 52.9104 32.997 120.032 87.9371 1.6257 67.7567 0.00176921 29.1978 2.37696 48.3606 9.47354 6.5775 23.3443 25.1127 37.5814 28.4539 
154.39 79.3813 62.1118 67.2252 260.907 173.616 478.5 25.7259 922.832 602.178 0 5.83678 189.249 189.451 404.348 41.2746 93.8153 60.5247 113.515 10.555 0.172477 11.6275 131.477 128.519 0.926634 7.45724 0.872248 69.9358 
128.884 1.22262 65.0022 33.0958 12.0417 14.0136 272.033 806.475 12.7792 170.206 385.928 0 85.989 43.5875 16.6782 4.17876 87.7243 148.673 2.27121 21.8501 0.177548 76.1031 77.5991 39.6339 361.881 319.543 96.5065 0.0060174 
25.6121 34.9887 62.2646 2.38248 164.729 183.328 121.036 148.185 154.791 15.1611 41.8031 37.2828 0 155.82 115.769 8.57524 55.8486 0.0443005 36.0695 43.1244 56.2262 49.8331 1.2461 53.0318 54.6313 0.359173 5.86364 44.9351 
32.7675 24.2081 1.71471 22.6484 28.0527 2.47682 2.1719 7.06401 22.7191 15.3939 162.313 19.2287 49.9673 0 21.3776 16.1887 18.3704 1.23125 20.7807 1.81383 34.6574 0.530111 0.66834 7.85299 15.3486 0.0278448 0.12111 7.08939 
0.0966433 5.55484 19.4623 31.4566 3.92873 14.4142 14.6073 46.4689 39.3277 19.7652 374.81 229.544 89.6753 4.96047 0 73.0409 19.0822 56.8914 4.42665 4.55133 57.5094 8.19866 7.97675 10.1965 28.1936 30.2799 9.78597 22.688 
31.6681 46.4364 24.6455 35.6483 38.0084 6.19282 96.0786 14.091 108.357 33.7253 40.8203 187.311 22.9848 9.56248 44.6495 0 0.546762 0.046889 5.89861 6.84876 25.5849 0.281667 0.490923 18.1759 36.1151 18.9312 17.3599 6.16927 
157.901 59.5351 54.1466 92.9906 0.158388 96.8292 15.2549 99.751 145.108 22.859 67.5637 87.725 32.5436 0.353609 0.917511 0.0980077 0 238.718 28.9504 7.77382 35.7834 4.04794 0.132829 0.271449 58.9455 21.4371 1.71825 5.42691 
190.416 438.833 26.913 114.984 188.473 123.785 164.832 120.027 83.0273 143.151 149.516 150.448 9.4835 9.12081 17.1311 52.2525 95.5863 0 130.717 0.542164 93.9105 41.5163 2.19811 11.12 0.182781 39.5936 32.9476 39.9408 
15.9134 98.1875 46.281 60.2252 3.99824 22.6863 72.7673 109.148 105.345 7.601 122.971 91.3454 69.5664 26.9527 38.4724 3.91004 189.088 1.77037 0 24.5678 1.12714 24.4294 21.1188 2.29376 4.20481 0.0140804 16.8605 12.1064 
102.881 101.513 1.5289 36.8511 2.1878 0.925832 89.4399 34.5788 86.4053 37.2075 0.621358 17.4365 42.9805 4.59584 6.92987 7.85747 14.468 14.0157 0.963447 0 168.879 1.06762 2.53418 1.9683 5.16803 0.274977 10.2867 0.00285105 
67.7726 83.6843 1.37388 65.9191 131.079 44.3311 129.833 7.06938 3.51979 17.147 0.798601 168.291 75.0723 32.7209 25.2857 37.8341 1.54049 7.41248 13.2971 327.974 0 7.87704 30.6634 8.84713 8.22988 1.09477 2.34676 43.5114 
17.7028 14.1752 10.5138 16.2764 11.7315 20.1343 61.1739 20.0382 29.9359 51.1903 71.333 66.5256 39.8268 3.35513 2.86815 11.4312 14.2278 14.8989 23.193 1.18125 0.050713 0 13.0102 14.1127 5.73164 1.5407 10.8078 9.41706 
2.53927 56.577 2.11569 9.55038 47.777 1.08055 14.0304 95.1903 60.9801 0.106081 84.7726 23.0101 39.4306 2.29728 5.71701 11.8602 2.37478 12.2505 17.7621 0.0565429 4.38384 0.889985 0 0.101876 10.6769 1.56065 13.3628 0.631122 
51.7226 38.4489 3.41235 0.983502 56.3919 12.718 32.8763 121.64 79.2327 46.2827 82.4803 48.9492 68.5671 3.28745 26.6852 29.1436 18.3029 48.2442 23.6459 0.997344 18.8497 14.0878 12.3197 0 18.1206 6.47492 0.35869 2.76733 
59.6626 62.5914 0.653504 64.7712 51.615 75.6103 1.49537 1.18143 72.9621 3.92354 11.6133 187.662 24.9999 0.28314 29.2455 56.1534 58.3014 59.6784 12.3893 11.7627 57.6202 17.9518 29.4172 17.6928 0 32.2752 44.2615 113.622 
77.1509 78.8008 5.05519 1.87711 17.5647 13.6259 54.8329 10.4852 22.1296 7.29035 162.699 195.341 0.255377 4.71358 30.866 25.9816 1.94986 48.6049 17.4386 1.74275 2.95029 10.7409 0.560124 0.981768 12.0917 0 37.2701 12.5064 
28.7694 53.5171 10.351 10.5092 44.1835 9.78049 10.1828 86.765 49.3278 46.4358 53.6656 111.265 4.77 0.0140501 5.81407 16.2093 0.0849695 3.94015 0.305596 1.81235 2.83758 2.86385 12.6462 19.2432 16.2179 0.0549565 0 0.838147 
44.0908 55.609 21.506 32.431 39.7351 14.6702 41.3302 87.11 29.0005 31.8945 104.251 95.5587 2.72634 11.7666 14.0553 9.00868 6.25603 48.5697 9.06379 11.4104 1.66124 0.322781 9.99491 11.9428 10.7802 6.13068 65.5739 0 
