0 492.798 49.7798 592.908 178.029 354.135 189.942 182.254 502.195 111.682 159.505 224.925 108.874 18.4889 67.7171 76.6635 279.594 203.074 12.1527 112.071 71.0217 6.22501 1.89398 31.1694 291.968 77.5048 18.0607 8.00384 
273.744 0 239.772 415.866 453.062 478.4 1.78965 274.215 644.091 25.9443 118.082 22.8568 91.6863 51.1 21.0044 84.7118 345.067 897.705 44.6288 0.0817113 107.029 48.6671 55.196 20.7887 290.082 0.646186 41.9517 42.2343 
65.3319 122.028 0 9.88787 36.0622 57.176 5.07672 0.0143326 79.8789 28.6584 5.86681 0.0320973 5.4315 16.5595 29.0003 0.116765 11.4142 32.8743 45.0626 0.110214 23.834 11.7825 1.96922 15.2134 3.36552 13.6037 18.7992 14.5448 
308.485 412.865 247.079 0 7.29791 288.796 41.7439 947.892 444.917 101.295 92.1822 57.6337 62.1995 8.02944 10.7274 38.9267 299.874 129.265 53.4538 0.0461977 758.774 15.1098 7.29482 12.5036 295.668 16.7431 4.86792 33.0563 
187.807 531.116 5.99028 98.739 0 46.7921 422.63 33.7225 78.3385 267.835 119.604 148.141 19.6476 67.2348 0.618567 38.7931 65.414 16.5307 130.877 0.333298 14.825 33.7533 48.2589 33.3117 51.0243 66.9132 24.9503 54.4085 
315.447 452.474 1.04963 274.537 861.679 0 518.671 164.723 440.057 738.55 77.5411 157.019 649.854 21.0966 15.0501 26.435 270.42 99.0895 49.9931 2.72184 71.2741 9.42676 7.33436 3.07538 289.166 8.22937 15.2558 19.35 
143.472 520.287 161.961 28.6916 304.351 66.9343 0 128.807 1306.52 406.906 134.397 150.114 8.57071 76.1921 121.275 103.643 97.1786 227.688 24.1459 42.436 69.9672 0.697035 0.44429 70.7241 3.86049 31.0248 28.7769 35.3808 
48.8166 50.814 10.2991 159.752 19.1888 184.924 294.523 0 332.114 23.7185 2.80928 416.522 53.1214 78.605 184.724 7.14575 0.340074 2.53583 54.4229 37.7118 123.696 26.4701 6.89313 64.1647 109.221 210.402 17.1719 88.6017 
272.257 314.651 378.204 288.472 338.705 436.792 22.4713 343.5 0 358.811 1383.59 139.053 1.62886 61.1847 159.109 18.3673 303.168 142.172 148.681 8.24815 159.087 14.2319 29.0814 0.357757 357.428 13.6798 24.9901 19.3186 
124.131 241.386 94.7807 39.1163 301.089 413.719 43.8744 204.427 143.337 0 531.703 191.256 105.278 40.7284 128.536 83.7639 0.577185 78.2122 0.92463 25.9577 1.06378 45.2204 6.70754 4.35723 19.0518 19.9458 35.868 25.4112 
165.975 55.7218 34.3543 89.708 259.775 130.546 439.265 55.2075 861.19 581.574 0 40.9069 163.876 166.838 360.398 18.7395 92.3774 50.0926 107.853 7.60317 0.099908 14.5654 127.358 129.107 0.010398 1.97544 1.97345 62.7213 
107.966 0.0279279 85.8523 61.8601 6.62541 6.84858 256.377 1012.52 0.649304 193.094 456.902 0 75.1131 60.9951 45.3374 25.6861 87.7714 150.69 3.95748 27.0959 0.206856 76.5356 88.0507 22.488 314.641 381.554 103.053 1.79989 
20.5542 26.2958 65.5608 1.0833 171.811 149.389 97.6714 147.078 138.492 51.0332 23.4811 28.4923 0 154.401 109.725 4.68493 57.6876 0.551646 31.2649 42.9366 53.345 57.8092 0.0230065 48.3335 53.6208 0.990596 6.88221 44.9712 
35.4029 28.3223 2.51687 22.1092 24.0508 1.52573 5.10548 2.93689 13.6735 21.8515 134.052 32.7784 76.2953 0 5.06712 18.2337 18.9344 0.613484 19.7217 1.62841 33.0124 0.946593 0.00420197 8.92584 15.913 0.0129816 0.0399567 6.43765 
0.0378253 9.27005 16.3284 33.7882 1.67791 10.679 25.0905 29.4125 22.1125 9.29002 299.287 257.803 100.568 21.1919 0 88.9975 17.9309 54.0541 3.26767 4.03274 56.7884 7.11107 4.87143 6.8653 26.3845 30.8691 8.78711 23.1126 
26.16 40.7353 24.8565 32.1562 42.4623 4.53055 99.9416 1.14323 121.3 25.6452 69.6594 343.526 29.7429 12.8675 15.184 0 0.300713 0.361949 4.87126 6.37781 22.1747 0.111301 0.0825013 23.4875 33.7235 14.3243 17.9044 4.617 
359.901 268.744 55.1381 301.927 2.16698 298.863 20.2537 99.2995 345.24 27.2048 71.5298 87.3601 29.7367 0.575147 1.36745 0.255063 0 199.469 329.302 9.2016 38.6197 3.57057 0.0529349 0.442681 264.914 20.5967 2.05081 4.8204 
168.822 419.261 14.2239 102.76 168.205 122.066 185.218 107.891 65.6724 139.295 156.356 148.282 12.843 7.38364 20.3115 54.3297 54.9891 0 121.373 1.90484 87.8039 41.853 2.99373 9.55409 0.00843219 42.34 31.6545 41.498 
10.6753 114.452 42.0806 58.369 23.8337 31.242 86.7428 112.045 94.1549 13.2381 119.058 88.3247 65.5577 27.2333 38.5394 4.85478 211.615 0.0864115 0 22.7496 0.471546 24.0531 20.6109 1.80893 5.04514 0.0115927 17.5059 13.0052 
146.375 115.01 2.87091 32.0918 0.564781 0.406065 85.7149 42.9385 91.8209 34.0823 0.0728 13.0451 42.6554 4.51077 6.39563 8.23639 12.8498 18.7346 0.448467 0 260.15 0.930457 2.67802 1.72854 4.56119 0.12402 10.4585 0.0350107 
94.6462 98.1895 0.000648001 64.6191 129.282 39.7993 123.747 2.15604 0.731213 13.4498 2.62813 167.887 76.134 34.3797 28.0907 41.2323 0.809756 11.0331 10.9051 321.997 0 7.09718 31.9208 10.5305 10.3517 2.14083 3.08393 41.9412 
16.3143 12.3625 10.1404 16.0354 9.76128 20.3718 62.0477 17.452 26.8804 53.7659 73.4851 63.8686 47.9507 2.61022 3.72371 11.6762 14.8067 13.5852 22.6617 1.33137 0.149924 0 14.0714 13.9787 6.4512 1.24584 11.1364 9.18981 
3.56744 55.9536 2.66724 8.5011 49.6136 0.65772 10.7086 91.1998 67.8447 0.71943 72.8306 32.0358 30.4673 0.658171 3.03084 12.336 2.77673 13.8023 17.0216 0.0270865 3.48087 0.265258 0 2.52111 8.33724 1.11463 13.4675 0.885533 
53.4676 35.3796 4.20787 0.424084 56.3653 11.7835 28.7134 112.422 84.3726 42.861 92.7883 30.0942 69.7936 4.61305 27.8501 28.8198 17.8402 48.3812 23.8139 1.19676 16.8224 14.1014 17.5629 0 25.1037 7.84477 0.0953122 3.44936 
264.234 266.335 0.198588 273.026 48.7062 279.525 3.44352 7.2717 272.836 2.06224 5.63368 780.612 22.16 0.0552332 30.4011 41.7798 264.111 59.4893 13.5525 12.1944 58.7565 57.8984 29.2471 18.188 0 92.2012 181.158 24.9805 
78.6229 76.0579 6.81696 0.585639 20.9522 15.499 47.3101 29.0472 13.7405 10.9524 155.945 100.077 0.813312 5.70578 30.8343 21.8957 1.46843 50.9048 18.6717 2.1875 4.52507 10.7817 0.297495 0.434076 8.50803 0 37.943 4.59954 
26.7162 52.8481 9.5005 9.2417 43.0975 10.5959 12.2106 82.4011 52.9375 47.008 49.3455 106.09 3.90452 0.000903816 4.92537 15.3947 0.0272158 3.16459 0.168171 2.09294 2.13069 3.26154 12.9645 19.0716 12.0385 0.724013 0 8.75467 
46.7183 57.6376 21.8676 31.7523 37.5064 15.7447 37.3783 97.4711 34.6076 28.8514 107.141 114.056 1.90132 11.5633 15.5337 7.25733 5.61706 49.3651 9.92495 11.3091 0.993064 0.455465 9.85482 12.5407 9.32349 14.7715 46.003 0 
