0 592.302 69.1311 748.942 158.832 546.619 207.117 204.531 696.504 104.553 152.157 221.08 109.183 20.0735 66.4504 78.0135 461.869 191.699 9.26762 149.39 87.1944 5.62347 1.4278 29.3271 474.474 78.3932 16.8794 6.81439 
449.212 0 335.059 639.91 497.262 647.832 3.17845 263.063 806.764 37.5613 134.568 16.3627 85.2957 53.3834 24.6143 84.6226 537.948 780.815 36.0601 0.272832 115.543 48.0486 54.5637 19.0218 477.794 0.205605 43.0191 40.4507 
85.9771 48.185 0 22.8427 24.6428 60.7693 0.279118 3.2082 148.979 35.1457 1.13911 0.578211 7.09439 16.668 30.2742 0.35189 9.61257 42.72 47.5027 0.00191781 18.0371 11.9218 2.28815 15.0063 4.16272 14.9008 18.9624 13.8353 
534.011 636.975 89.8853 0 12.3566 469.645 29.2319 981.055 666.013 98.5168 78.3774 39.9352 60.2692 7.19149 9.10614 40.3163 482.946 134.283 51.6085 0.0604884 131.911 15.3285 6.68419 11.433 482.543 19.1704 5.49229 33.0583 
169.056 516.647 12.6435 109.074 0 38.8832 400.928 25.93 103.733 291.504 135.319 142.263 14.1708 68.1729 0.133896 36.0918 57.4989 24.5918 161.707 0.0181425 17.9692 35.243 47.0879 31.7601 52.7234 65.8062 25.9913 54.9791 
508.583 655.15 2.91437 456.553 476.222 0 1090.49 150.388 703.802 911.314 102.213 154.632 206.967 21.4437 12.7251 26.8298 454.144 104.06 44.331 2.13399 69.7315 8.77317 6.76481 2.63296 473.614 7.21357 14.8256 18.8367 
162.89 525.877 186.999 41.1212 257.512 161.56 0 94.3419 1192.43 460.23 185.648 131.44 14.8838 79.9577 127.404 103.036 94.4301 222.133 18.3761 38.195 75.6479 1.13968 0.124541 70.018 2.50841 35.3173 30.3566 37.777 
66.7676 66.7374 23.3637 57.7948 26.0982 195.244 327.67 0 241.799 16.3311 10.0604 635.554 58.6366 72.1889 185.064 1.08377 0.0843605 4.62644 58.4146 32.7811 113.312 24.7755 4.89738 71.8728 95.5804 221.438 19.9824 94.8939 
464.383 527.759 305.846 457.814 324.233 700.424 37.3445 252.815 0 375.411 1007.19 171.961 4.13433 51.761 242.972 12.8614 491.927 152.591 145.573 6.03677 152.773 15.7763 33.037 0.997583 547.7 9.48984 27.1262 22.2755 
130.156 238.197 89.0404 44.6173 317.434 285.342 95.4347 211.153 107.192 0 459.969 177.582 141.558 45.4422 131.755 80.5766 0.199687 84.4988 2.29451 24.0102 0.520417 43.2131 5.23939 3.22021 16.592 17.0098 34.7886 23.5872 
172.185 42.9328 20.951 103.683 256.599 104.53 402.07 77.4165 793.721 532.424 0 75.8929 147.612 150.6 313.653 9.07545 91.3202 44.0662 104.093 6.03173 0.574458 16.4649 123.887 128.546 0.556259 0.355038 2.84865 58.2846 
95.376 0.877482 98.7332 82.1763 4.10457 3.70325 244.253 1022.43 0.773418 205.49 488.177 0 68.5657 72.1297 67.998 83.9368 87.6449 151.424 5.19258 30.4339 0.967951 76.6211 94.0344 14.1821 247.497 397.972 106.594 4.81052 
17.7049 21.5171 67.3046 0.540139 174.896 143.676 83.74 145.837 128.068 80.8963 14.7248 23.6299 0 149.128 104.783 2.87077 58.7076 1.13142 28.4297 42.7427 51.5559 62.4498 0.187458 45.3428 52.8776 1.52128 7.52908 44.9172 
36.9559 30.8648 3.0625 21.7 21.7023 1.05456 7.44065 1.29127 9.25973 26.1077 115.699 42.266 92.5268 0 0.454803 18.9825 19.2567 0.342347 19.0586 1.51865 31.9804 1.25057 0.156101 9.45368 16.1758 0.0803722 0.0121268 6.04042 
0.249835 11.923 14.4381 35.0339 0.768524 8.6009 32.4878 20.6564 15.0131 4.73961 240.517 268.341 106.155 33.6747 0 88.1139 17.2257 52.2343 2.64468 3.72645 56.2259 6.46499 3.28169 5.07056 25.1338 30.9212 8.18818 23.2742 
22.9617 37.2958 24.8151 29.8296 45.1251 3.62747 101.649 0.329086 128.301 21.0904 89.173 423.04 34.0226 14.7037 3.78337 0 0.18702 0.69526 4.28895 6.08455 20.1664 0.04574 0.0012201 26.0542 31.9493 11.596 18.1777 3.76069 
542.483 457.045 55.4907 488.989 4.48016 481.757 23.5395 98.8006 526.893 29.9284 73.8308 86.9857 28.0477 0.734354 1.68069 0.385371 0 172.63 224.095 10.1015 40.3212 3.29358 0.0221141 0.565955 450.276 20.0703 2.26467 4.46686 
154.576 424.746 8.34114 94.8004 154.904 120.154 196.27 100.379 55.7461 136.305 159.914 146.499 15.0855 6.40853 22.3107 55.4772 34.6841 0 115.063 3.12032 83.9486 42.0133 3.52985 8.65098 0.0123832 43.9531 30.854 42.3966 
7.96719 123.809 39.4092 57.015 43.0592 36.7307 95.0996 113.464 87.1897 17.3026 116.271 86.3201 62.9846 27.353 38.4854 5.46599 225.712 0.111761 0 21.6254 0.210929 23.7984 20.2794 1.54151 5.58294 0.0597595 17.8876 13.5498 
170.848 122.139 3.86012 29.012 0.0956371 0.19296 83.04 48.1814 94.7478 32.1522 0.00195127 10.6528 42.3794 4.45265 6.07027 8.44776 11.8894 21.8269 0.23056 0 301.793 0.851333 2.76347 1.58833 4.20359 0.061296 10.5517 0.0717368 
111.719 106.874 0.44725 34.6668 127.755 37.0469 119.633 0.552103 0.0552511 11.3991 4.23692 166.9 76.658 35.3421 29.793 43.231 0.479838 13.5342 9.55406 292.365 0 6.63998 32.6484 11.5992 11.7276 2.93529 3.5746 40.9366 
15.4835 11.308 9.90347 15.8699 8.64007 20.4604 62.435 15.9448 25.0625 55.1588 74.6216 62.1426 52.836 2.19116 4.28019 11.7881 15.1499 12.8064 22.3165 1.42534 0.235238 0 14.5602 13.8109 6.95879 1.08083 11.323 9.04381 
4.26641 55.4531 3.02319 7.87281 50.6313 0.450872 8.8814 88.4055 71.8466 1.35122 65.4881 37.9675 25.3254 0.128872 1.76878 12.4597 3.03236 14.7656 16.5589 0.0144481 2.98078 0.0637904 0 5.28507 7.00204 0.877207 13.4931 1.0581 
54.3915 33.4998 4.7143 0.196981 56.2333 11.201 26.2406 106.121 87.193 40.6872 98.639 20.5203 70.1614 5.44024 28.1114 27.4957 17.546 48.3909 23.8854 1.32407 15.6222 14.0216 19.7215 0 29.1985 8.6822 0.0175617 3.88656 
448.979 450.555 0.0506989 459.895 46.8754 463.603 4.99282 13.3476 455.111 1.21771 3.02307 920.31 20.4709 0.00298916 30.8911 19.5184 449.379 59.2661 14.2616 12.434 59.3133 88.8656 28.8431 23.0563 0 115.615 82.3506 121.056 
79.1751 74.1277 7.967 0.156917 23.0841 16.6196 42.7774 44.0517 9.54115 13.4635 150.31 53.0286 1.30049 6.31675 30.51 19.194 1.20865 52.2108 19.407 2.47535 5.62651 10.7889 0.177706 0.207713 6.63047 0 37.9807 1.59657 
25.4703 52.3681 8.98655 8.49485 42.3964 11.0877 13.5029 79.5367 55.0654 47.2723 46.6988 102.5 3.41876 0.0143778 4.41213 14.8617 0.00781549 2.73387 0.104728 2.27005 1.75001 3.51024 13.1222 18.8867 10.217 1.48809 0 17.0817 
48.232 58.7549 22.0233 31.2294 36.1273 16.3747 34.9824 103.364 38.1108 27.0083 108.44 124.72 1.47149 11.4075 16.3971 6.24728 5.24244 49.7812 10.4535 11.2311 0.670568 0.546214 9.74879 12.8687 8.73844 21.233 33.9727 0 
