0 208.74 1.72325 121.099 242.21 168.515 2.45597 9.13694 286.999 29.7498 48.091 72.3668 100.736 25.593 69.8911 5.36238 132.054 213.38 113.078 220.035 2.34303 15.7175 4.13641 30.3198 108.012 23.4813 0.748285 1.49103 
49.6679 0 212.754 286.775 35.4598 286.175 291.058 290.845 379.748 32.8504 178.795 138.216 116.423 22.9336 38.8138 36.0765 170.209 468.874 0.0233808 20.7126 88.8515 14.7569 45.3102 12.8149 59.7612 35.8905 48.7967 21.3365 
0.0121376 369.005 0 52.3572 107.979 37.5526 247 50.6329 225.977 36.4369 90.073 35.2936 21.1661 1.65405 28.4509 24.0018 53.7671 12.1001 6.24381 15.3809 5.20494 8.57517 0.667372 15.0518 8.43595 11.4909 16.9214 16.9849 
360.364 284.186 140.183 0 0.777595 92.7398 139.933 1029.69 176.061 5.36669 175.605 30.7764 72.987 21.0237 30.9086 42.8839 104.538 139.272 53.7826 3.14353 598.246 10.612 8.5932 26.6336 59.9753 44.4743 12.3627 24.7307 
235.586 213.843 187.246 75.3243 0 93.5679 6.59972 123.848 323.93 215.906 211.762 139.655 90.3701 50.1334 80.9994 64.8763 26.4079 70.6664 2.14285 91.3459 0.475297 55.298 32.3026 11.3064 61.8886 68.3538 45.2398 46.3724 
136.904 156.873 59.4385 76.4962 452.316 0 1477.53 142.227 49.7389 474.502 75.7228 59.2157 366.284 0.0106003 0.938477 0.0127486 94.6106 72.2867 37.6059 20.4321 76.6919 9.4772 11.951 5.47396 77.7853 27.2897 1.80926 15.4454 
1.8941 209.846 35.69 189.547 111.767 648.391 0 77.3501 109.855 369.539 361.01 192.837 5.01651 29.9251 114.024 2.18637 106.248 178.826 52.6124 76.1028 0.303444 7.43535 20.239 68.6934 67.6057 46.6795 57.4542 31.4356 
110.199 1.08514 17.6171 234.724 222.727 0.865516 343.774 0 642.371 15.3069 341.771 1021.18 0.0599776 10.7738 131.492 117.941 4.24827 101.431 30.2786 100.935 40.3504 0.393605 91.5283 138.712 192.406 197.848 0.114839 68.3865 
57.5576 161.052 266.568 366.419 0.385583 49.8504 1271.66 638.256 0 241.024 915.591 378.262 172.514 16.3019 135.274 0.668603 75.8649 131.221 29.1765 93.9782 70.3932 47.7131 17.1185 45.118 70.2278 55.7566 51.5111 0.0216833 
48.1571 152.69 87.875 103.015 259.01 98.5082 475.62 205.215 288.772 0 340.727 186.637 263.114 84.0697 0.722809 27.5965 6.97081 10.5672 121.829 40.5977 0.0534723 60.7692 52.1488 39.6412 66.4051 72.5557 8.60816 25.9756 
18.5176 15.5564 41.3799 14.8711 211.864 132.57 42.2761 252.575 24.2477 432.167 0 302.242 201.167 11.4924 97.2683 24.6607 67.6841 158.701 125.825 17.7293 20.7522 26.1216 26.5097 14.869 111.701 4.95739e-06 5.80316 108.931 
1.80382 200.101 17.1569 247.506 145.483 50.1601 276.81 455.535 337.297 197.524 2.23692 0 158.158 9.22264 12.6118 0.0807113 57.546 131.035 18.6389 0.000812922 91.2132 73.0375 90.1407 183.659 219.943 247.502 0.604416 0.26763 
42.4634 148.648 10.9018 17.383 62.7267 33.5283 107.991 110.291 2.32073 306.94 52.7933 151.207 0 93.0571 114.672 52.404 61.2803 2.30598 53.7707 29.2437 4.17022 82.4334 6.2279 41.4457 51.1055 0.517334 39.0367 27.1063 
41.8997 5.27311 7.86564 19.4911 48.4856 21.9103 95.438 95.2873 7.95543 78.841 0.882065 0.371076 0.132991 0 61.2286 3.43064 13.6427 6.95623 5.50006 0.0825912 6.73514 8.7429 8.0833 1.18429 0.446684 12.8064 2.25279 7.80079 
9.57259 55.1735 0.0798907 3.99005 84.3507 0.0564915 18.2288 119.054 178.126 133.661 39.4969 111.319 46.854 16.6975 0 60.4222 0.143618 50.1227 0.700384 0.442788 48.2607 15.862 6.89724 25.1145 0.0209884 29.1121 5.83668 10.0235 
79.2995 84.5229 1.6951 17.0076 14.7569 25.5253 13.743 92.4229 152.022 1.63608 200.136 238.591 80.5296 0.0678262 6.34882 0 13.4781 5.68629 0.410177 5.99327 32.5828 1.49339 6.54899 28.9042 36.7726 4.11805 13.5321 17.2523 
141.825 196.97 15.6142 63.3881 139.227 106.507 0.817314 88.8773 143.484 12.5054 93.7783 52.8757 2.03613 19.4492 22.0537 18.6847 0 241.922 280.153 17.9601 68.3112 14.6914 17.4102 20.4388 75.7249 0.133994 20.5675 14.3344 
182.716 8.13159 121.497 26.1038 96.6342 9.50412 230.016 168.324 100.331 61.4652 46.1821 148.92 18.5305 0.487103 24.5967 60.8126 99.6874 0 3.05981 46.3965 105.649 9.11344 37.5295 5.37218 16.4317 58.2335 2.67168 41.0974 
112.161 170.825 32.9074 47.4906 35.4454 43.4419 145.248 97.5362 98.3583 121.243 118.157 68.3586 80.8042 22.2682 37.4632 19.8451 48.4838 134.07 0 20.7952 13.2288 1.86175 1.96387 10.3333 28.6053 13.8833 10.3707 23.6643 
201.604 66.2393 24.6107 41.2582 91.9786 16.0471 29.1103 49.0435 6.60728 47.3153 3.34169 62.7741 27.7521 1.39572 1.77343 8.50993 5.04946 18.8435 0.116528 0 87.6357 4.50985 3.60699 0.106382 0.523894 0.0722409 3.86444 6.59523 
0.00457965 97.7786 7.28892 226.363 123.506 64.7404 128.058 185.365 179.584 8.47162 10.9977 79.8951 53.8112 44.3082 43.241 30.8442 19.7082 1.96105 1.10537 5.00409 0 22.6326 33.2623 35.5048 24.0683 1.89395 42.1079 9.51145 
5.79085 3.19063 0.785716 2.21537 0.48924 20.3632 61.9552 0.30179 1.88155 28.5133 78.1193 46.9307 87.1482 9.63151 0.132466 9.98349 9.85071 13.1734 0.75097 5.86034 32.78 0 10.0753 0.0407016 9.16023 1.45691 8.57912 0.0247218 
23.3646 47.1976 1.12831 9.81961 56.3272 3.65267 42.5426 65.0822 0.105016 27.521 0.483949 125.472 9.91342 6.03331 9.27018 5.62673 18.7955 44.6496 0.194746 2.5681 12.5677 3.16022 0 11.3989 6.54997 7.37817 13.3628 3.29012 
53.9067 26.3877 0.470323 17.5539 46.159 14.3071 51.9538 11.2198 12.8833 59.8602 81.9431 186.066 2.84295 5.35487 0.202032 16.936 0.160106 24.266 8.9019 5.18485 0.349552 0.0018984 0.0134434 0 10.826 12.1564 11.2493 0.845495 
67.2795 63.7058 20.3849 82.6462 34.1489 75.7886 31.8691 36.4685 175.18 45.8205 83.6442 539.76 17.1859 15.0364 8.95494 13.7245 74.3883 39.4018 30.8543 13.765 60.1539 19.1987 19.6587 26.0729 0 109.991 50.6355 6.65354 
27.4484 75.0805 18.5034 19.9494 17.7948 0.00671091 73.4164 184.113 55.6562 44.8197 145.513 48.0942 0.391153 6.02906 27.3948 0.535322 12.623 61.3994 30.6085 4.0604 4.16958 6.34227 5.74551 14.533 4.52148 0 34.8756 55.4018 
0.128135 15.2719 1.0635 2.68598 1.07496 20.2057 45.4521 100.278 73.6653 37.1554 39.8396 64.6499 17.6971 2.90073 2.5509 18.6391 22.3784 30.7325 23.0521 10.993 25.3964 12.7946 12.6462 11.2924 35.1689 7.72705 0 0.0558076 
55.9695 64.718 20.9008 30.0718 4.43659 19.5799 41.3302 58.8379 3.51936 29.4188 32.9085 103.392 8.99703 11.9111 0.953614 14.4831 13.3711 29.005 25.3906 4.04993 13.8343 10.104 8.0135 9.31742 34.5181 53.6635 71.3458 0 
