0 367.407 85.9072 550.734 142.923 386.111 219.858 221.723 536.43 98.6059 145.863 217.015 109.244 21.3726 65.3106 78.8991 293.633 181.604 7.20016 189.479 100.782 5.15642 1.09792 27.8376 306.291 78.9253 15.9402 5.9152 
296.546 0 400.471 503.766 520.378 466.678 18.3346 252.488 618.502 48.1955 147.888 11.8532 80.0705 55.1604 27.6656 84.3457 378.001 791.526 29.6394 1.3771 122.242 47.5108 53.9886 17.6268 313.809 0.0288641 43.8559 38.9903 
103.288 11.5534 0 70.4769 16.7953 63.1009 0.757582 9.78862 212.74 40.648 0.00112121 2.30095 8.58079 16.7091 31.1836 0.632423 8.24791 51.2637 49.3723 0.0357653 13.855 12.0254 2.5592 14.8121 4.85714 15.9416 19.0751 13.2531 
406.543 501.019 6.0979 0 17.3188 300.243 20.5088 768.26 527.162 95.9058 67.5395 27.6258 58.6198 6.53349 7.86563 41.2395 315.155 137.73 50.0227 0.381294 341.45 15.4954 6.20037 10.5769 317.765 21.1607 6.01704 32.9931 
153.346 491.098 19.6554 117.089 0 56.5885 376.572 20.2929 125.727 307.16 147.972 137.251 10.3495 68.8082 0.000660018 33.9144 51.2591 32.1168 186.326 0.0497609 20.6927 36.4324 46.0964 30.4986 54.0472 64.8176 26.8303 55.3906 
349.019 500.695 5.06151 288.266 636.28 0 836.997 138.078 600.187 881.966 123.116 152.018 148.451 21.6601 10.9291 27.0659 287.008 107.743 39.7638 1.70675 68.3693 8.24962 6.30986 2.29659 306.915 6.42531 14.4698 18.4026 
178.138 516.233 205.099 52.3446 218.1 368.924 0 69.3411 957.196 490.071 229.294 116.479 21.1402 82.7786 131.671 102.175 92.0478 216.517 14.2214 34.823 80.2215 1.57456 0.00983872 69.3224 1.62343 38.8743 31.6326 39.7097 
82.7119 80.6909 37.3394 22.1981 32.3417 202.128 351.297 0 173.494 11.3001 19.065 798.293 63.1593 66.9329 184.04 0.0817371 0.00289698 6.75632 61.6392 28.9557 104.851 23.4239 3.52299 78.0803 84.5674 227.975 22.3679 99.7829 
305.334 387.537 241.017 284.575 309.652 596.99 210.778 183.6 0 383.531 1625.58 199.194 6.97311 44.4148 260.159 9.0713 328.795 160.691 142.648 4.48868 147.315 17.0644 36.3268 1.74567 385.526 6.62922 28.8821 24.7717 
134.658 233.879 84.0268 49.1349 326.437 181.371 147.688 215.616 80.4478 0 390.467 165.882 171.86 49.2211 133.225 77.6706 0.0375457 89.5178 3.83707 22.4515 0.22136 41.5412 4.17441 2.42088 14.6931 14.7619 33.8954 22.129 
176.717 33.6053 12.3475 114.959 252.696 84.3416 366.106 97.3243 751.706 476.104 0 110.446 134.202 136.481 268.229 3.72924 90.3658 39.3855 100.889 4.88607 1.24124 18.0611 120.577 127.593 1.59867 0.00359906 3.66801 54.6847 
85.3695 2.4231 109.084 99.6814 2.4989 1.85093 233.167 962.878 5.0025 214.534 505.732 0 63.3309 81.2847 88.46 149.395 87.4576 151.746 6.30525 33.2057 1.98805 76.5929 98.6269 8.77122 237.237 398.108 109.203 8.26359 
15.53 17.9516 68.566 0.237346 176.699 150.106 72.7914 144.526 119.433 108.275 9.06272 19.98 0 142.608 100.16 1.71914 59.4785 1.74814 26.1898 42.5423 50.0886 66.0511 0.817389 42.8653 52.2068 2.03002 8.06762 44.832 
38.183 32.9373 3.53308 21.3257 19.8548 0.734598 9.61721 0.445823 6.32874 29.6944 100.647 50.4959 105.215 0 0.387714 19.2879 19.5062 0.180408 18.512 1.43151 31.1287 1.52262 0.578669 9.8018 16.343 0.176411 0.00141051 5.71931 
0.556519 14.2726 12.9338 35.9401 0.288643 7.04645 38.9428 14.5868 11.2744 2.14309 190.306 272.837 110.026 43.5312 0 81.4697 16.6524 50.7133 2.18627 3.48385 55.7035 5.95261 2.19676 3.77946 24.0485 30.7947 7.70905 23.3516 
20.4714 34.5412 24.6888 27.8602 47.2474 2.96087 102.667 3.59877 133.418 17.6439 105.555 468.586 37.5465 16.028 0.0885718 0 0.114696 1.0421 3.84144 5.84401 18.5816 0.0136765 0.0285746 27.6377 30.3618 9.49054 18.3665 3.12124 
374.136 294.027 55.6373 324.398 6.93313 313.824 26.3228 98.2747 357.907 32.1703 75.6295 86.5995 26.6919 0.8766 1.95577 0.509847 0 150.095 21.8565 10.8458 41.6845 3.07655 0.00688013 0.676232 284.371 19.6361 2.44425 4.18902 
142.615 448.51 4.68111 88.1488 143.748 118.147 204.356 94.2595 48.1272 133.547 162.451 144.806 17.0055 5.66477 23.9608 56.3409 21.2958 0 109.658 4.31065 80.7599 42.1188 3.9922 7.94736 0.0757794 45.2253 30.1981 43.0972 
6.04979 130.993 37.1979 55.801 61.925 41.2654 101.717 114.421 81.5027 20.9128 113.802 84.6087 60.8345 27.4219 38.3899 5.98016 235.226 0.707612 0 20.7075 0.0758074 23.578 19.9988 1.34011 6.03271 0.125906 18.1908 13.9896 
188.45 127.216 4.74712 26.4588 0.00234892 0.0777502 80.6651 52.4827 96.9033 30.5789 0.0886653 8.87688 42.1135 4.40215 5.80704 8.60799 11.1264 24.438 0.106758 0 323.354 0.789608 2.8315 1.47799 3.92081 0.0265475 10.621 0.110841 
125.675 113.772 1.50737 10.3695 126.286 34.8288 116.093 0.0242564 0.0708588 9.85148 5.80608 165.701 77.0154 36.0949 31.1663 44.8067 0.275684 15.7164 8.5186 256.792 0 6.27903 33.2168 12.4878 12.8861 3.66339 3.99491 40.097 
14.8185 10.4811 9.70639 15.7256 7.77586 20.5013 62.6689 14.7622 23.6148 56.1868 75.4452 60.6877 56.7185 1.87305 4.74857 11.858 15.423 12.1869 22.025 1.50289 0.318002 0 14.863 13.6289 7.40723 0.955208 11.4669 8.92136 
4.87171 54.9822 3.32167 7.37098 51.3993 0.311552 7.51386 85.955 74.9731 2.00174 59.565 42.9655 21.3906 0.000157646 0.981523 12.4669 3.24547 15.5557 16.1777 0.00710894 2.60301 0.00157388 0 7.97788 5.98538 0.704421 13.4927 1.20732 
55.0622 31.9742 5.13515 0.0760495 56.0633 10.7231 24.2782 100.697 89.2971 38.8846 103.101 13.98 70.2498 6.10485 28.0719 25.8629 17.3008 48.3584 23.9265 1.43032 14.6696 13.9092 20.6758 0 32.2965 9.35653 9.9329e-05 4.25159 
282.704 283.843 0.00218904 295.263 45.3625 296.643 6.44021 19.4762 287.064 0.694906 1.49386 439.113 19.1274 0.00829713 31.1671 4.94708 283.4 59.0264 14.8362 12.6151 59.6897 86.5217 28.3518 27.866 0 82.963 54.4822 120.066 
79.4317 72.4284 8.934 0.00941472 24.8444 17.5119 39.1573 57.8693 6.67258 15.6382 144.977 24.5941 1.77477 6.81177 30.0838 16.9497 1.01647 53.2155 19.9937 2.71738 6.59453 10.7851 0.103051 0.084599 5.29841 0 37.8069 0.291141 
24.4643 51.9398 8.57281 7.90451 41.8067 11.4833 14.5801 77.1114 56.748 47.4403 44.5506 99.3674 3.0478 0.0370217 4.01248 14.4112 0.000704664 2.40757 0.0643638 2.41696 1.46882 3.71523 13.2298 18.6936 9.14533 2.29424 0 25.3059 
49.4086 59.5941 22.1137 30.7476 34.999 16.8708 33.0523 107.869 40.9867 25.5243 109.234 132.894 1.16325 11.2641 17.0731 5.46644 4.94677 50.0809 10.8841 11.1589 0.455659 0.625179 9.65172 13.1138 8.42159 26.8623 24.8428 0 
