0 49.4057 106.535 239.487 123.851 126.456 233.442 240.888 276.066 91.3623 138.004 211.104 109.099 22.9366 63.8235 79.7086 25.4755 168.693 5.05991 233.17 117.305 4.6231 0.760503 26.0684 38.0411 79.3393 14.8417 4.91947 
70.1713 0 454.013 270.066 531.531 180.743 51.6552 238.261 322.365 62.1036 163.551 7.38881 73.8148 57.1885 31.4329 83.7793 119.312 925.907 22.6644 3.779 129.947 46.8272 53.2307 16.0088 50.5264 0.0281747 44.8208 37.2335 
123.936 0.87323 0 153.06 9.26447 65.1462 6.37935 22.0266 290.621 47.4185 1.80454 5.81379 10.5076 16.7035 32.1158 1.0692 6.73786 61.9541 51.4647 0.217031 9.52097 12.1382 2.89635 14.5505 5.73809 17.1637 19.1868 12.5522 
190.294 267.687 103.269 0 24.1645 30.7275 11.9596 959.034 290.365 92.3978 55.1996 15.652 56.5591 5.7759 6.48004 42.0933 47.2925 141.08 48.0339 1.11812 578.813 15.6823 5.63732 9.57331 53.3997 23.541 6.66388 32.8379 
134.317 446.39 29.7262 126.11 0 75.5788 340.817 14.4054 153.066 321.182 162.81 131.009 6.54321 69.4186 0.143909 31.3388 44.0758 42.1488 214.302 0.420602 24.1356 37.8288 44.8658 28.991 55.5618 63.5348 27.8256 55.822 
90.9609 245.338 8.3047 20.258 487.639 0 1581.33 122.845 400.839 502.96 148.388 148.137 243.949 21.8414 8.91062 27.2486 20.0701 111.701 34.4037 1.25624 66.619 7.63347 5.77636 1.92209 40.3241 5.52952 14.0375 17.8648 
195.466 488.937 223.332 66.7975 171.275 674.193 0 43.7529 590.834 507.58 281.741 99.061 29.8357 85.8529 135.886 100.723 89.0354 208.594 9.91061 30.8976 85.6215 2.18095 0.0411806 68.3518 0.816754 43.1846 33.1483 41.9994 
103.031 98.3256 57.4175 50.4224 40.4827 208.478 374.937 0 102.619 6.46673 33.2397 946.798 68.597 60.6443 181.326 3.46818 0.0519256 9.79168 65.4638 24.616 94.7752 21.8386 2.17306 85.3744 71.6752 232.787 25.3302 105.331 
49.4213 155.451 163.815 17.1382 289.303 398.159 546.275 110.992 0 386.72 1432.25 231.631 11.2713 36.1103 212.485 5.3778 66.5358 169.886 138.708 2.93366 140.443 18.6417 40.331 2.90118 124.076 3.86607 31.0026 27.8563 
139.552 226.793 77.6968 54.5512 331.925 85.3838 217.734 219.742 52.5028 0 300.809 151.374 207.587 53.6408 133.624 73.8616 0.0116021 95.3879 6.16664 20.62 0.0293772 39.5007 3.05416 1.6127 12.5464 12.2476 32.8094 20.4164 
181.506 23.8063 4.95251 128.162 246.548 61.9958 318.148 122.852 663.801 394.998 0 157.361 118.146 118.921 209.316 0.398109 89.1152 34.0591 96.8976 3.67115 2.36193 20.0277 116.086 125.884 3.52919 0.706249 4.77146 50.4026 
73.7659 5.24874 121.158 121.278 1.09938 0.47016 218.65 823.643 14.7333 224.029 516.86 0 57.1959 92.2056 114.502 239.278 87.1361 151.814 7.76004 36.5779 3.66818 76.4463 103.765 3.96096 264.606 382.951 111.995 13.5086 
13.098 14.0761 69.8883 0.0367493 178.022 164.214 60.2883 142.614 108.998 143.3 4.06115 15.9823 0 132.486 94.0045 0.725885 60.3324 2.65292 23.5921 42.2532 48.3193 70.1258 2.13739 39.8632 51.3288 2.72695 8.72653 44.6823 
39.6078 35.416 4.1246 20.8313 17.7221 0.426933 12.5265 0.0117312 3.61735 34.094 82.9081 60.8043 119.293 0 4.58733 19.2897 19.7902 0.0545548 17.8501 1.32974 30.0955 1.87516 1.39556 10.1165 16.4883 0.3384 0.00238613 5.3381 
1.07789 17.293 11.1873 36.8946 0.0175259 5.36146 47.0816 8.64325 9.24664 0.36932 131.872 273.327 113.815 53.4225 0 67.8414 15.967 48.8485 1.69441 3.20135 55.0041 5.3565 1.16822 2.45786 22.6804 30.4496 7.1458 23.3812 
17.6331 31.307 24.4315 25.4384 49.7302 2.24605 103.449 11.9371 138.809 13.8555 125.27 494.394 41.7824 17.3626 2.79344 0 0.0514667 1.54431 3.33653 5.5543 16.7454 2.13801e-06 0.168977 28.8604 28.3192 7.15778 18.553 2.42665 
105.431 32.4454 55.6499 60.3013 10.5083 45.7949 29.7721 97.5074 88.5698 34.878 77.6959 86.0431 25.0913 1.0616 2.30837 0.680191 0 123.105 119.122 11.7499 43.2912 2.82625 2.16895e-05 0.81983 18.7891 19.1093 2.66583 3.86755 
128.04 475.597 1.66884 80.0592 130.149 115.238 212.887 86.9558 39.5972 129.882 165.062 142.503 19.411 4.83259 25.9601 57.2927 9.36632 0 102.918 5.96269 76.8909 42.2162 4.57585 7.14134 0.221226 46.7003 29.4075 43.9006 
4.09526 139.015 34.5207 54.2232 87.505 46.713 109.365 115.336 74.7071 25.5572 110.623 82.4698 58.2014 27.4712 38.2161 6.61479 241.863 2.08135 0 19.6067 0.00315819 23.2991 19.6502 1.11773 6.58514 0.236238 18.5454 14.5123 
205.929 132.376 5.89533 23.3861 0.224868 0.00765164 77.6069 57.6457 99.2119 28.6964 0.359229 6.95477 41.7474 4.33799 5.49392 8.7859 10.2356 27.661 0.020686 0 332.341 0.718747 2.91121 1.3503 3.59209 0.00384975 10.6964 0.168307 
142.211 121.781 3.56885 0.362105 124.27 32.205 111.648 0.295595 0.74366 8.1414 7.98045 163.81 77.3631 36.9608 32.7949 46.6306 0.10575 18.4934 7.35372 205.152 0 5.85952 33.8698 13.5728 14.3162 4.62796 4.52255 39.0666 
14.0349 9.52771 9.4655 15.5418 6.79756 20.5142 62.8548 13.3976 21.9196 57.2921 76.3127 58.89 61.2218 1.52069 5.32559 11.9171 15.7429 11.4615 21.6638 1.59704 0.432577 0 15.1109 13.3598 7.98412 0.814851 11.6298 8.7705 
5.63823 54.3456 3.68851 6.78225 52.2481 0.178684 6.01938 82.8292 78.5504 2.93542 52.5923 49.1038 17.018 0.206285 0.337314 12.3672 3.50662 16.5088 15.7161 0.00172709 2.18453 0.0457389 0 11.4123 4.86273 0.521875 13.468 1.39594 
55.77 30.1552 5.64782 0.00567619 55.7875 10.1477 21.9921 93.9137 91.5863 36.6948 108.06 7.72692 70.1113 6.87561 27.7337 23.357 17.0003 48.2728 23.9559 1.56054 13.558 13.7206 20.7821 0 35.6202 10.1503 0.0322417 4.69828 
16.8312 17.4375 0.0274293 31.2469 43.5269 29.7886 8.38259 28.0761 19.3567 0.261335 0.365465 604.414 17.5574 0.0699312 31.3534 0.461974 17.7301 58.6725 15.5213 12.8156 60.0511 53.9404 27.579 32.8418 0 30.376 180.721 29.2632 
79.515 70.2519 10.1213 0.0672062 26.9775 18.5534 34.9246 75.8769 3.89953 18.381 137.801 4.41218 2.43159 7.39859 29.3911 14.2685 0.808625 54.3501 20.6824 3.01576 7.83436 10.7695 0.040375 0.00882808 3.94739 0 37.3644 0.107377 
23.2689 51.3836 8.08301 7.21869 41.0784 11.9514 15.8989 74.1061 58.7039 47.5867 41.9888 95.391 2.6318 0.0776213 3.55549 13.8538 0.00221829 2.0447 0.0290363 2.59613 1.16517 3.9637 13.3344 18.414 8.33069 3.46265 0 36.2964 
50.7519 60.5167 22.1798 30.1072 33.6419 17.4447 30.7684 112.892 44.4496 23.7691 109.879 141.982 0.84243 11.0736 17.8488 4.58483 4.60321 50.3948 11.4002 11.0626 0.253419 0.725659 9.52315 13.3814 8.21438 33.763 15.2653 0 
