0 22.1355 112.339 209.06 118.533 111.296 236.902 245.949 260.468 89.3102 135.74 209.248 109.015 23.3773 63.3826 79.8868 8.08307 164.93 4.52506 242.348 121.96 4.47833 0.676938 25.5747 20.5922 79.4121 14.5383 4.65566 
68.5788 0 463.102 261.349 531.346 157.997 63.6911 233.989 296.453 66.2083 167.871 6.32058 72.0619 57.7382 32.5107 83.5749 104.483 584.638 20.8532 4.65846 132.042 46.6275 53.0045 15.5648 34.4597 0.0688537 45.0847 36.7387 
129.624 4.61659 0 177.573 7.53372 65.5695 8.91016 26.2563 311.73 49.3447 2.91982 7.07502 11.0762 16.6913 32.3461 1.21102 6.3386 65.0231 52.0226 0.295022 8.44099 12.1677 2.99338 14.4715 5.99464 17.5013 19.2137 12.3547 
187.565 259.099 137.782 0 26.2506 12.9666 9.95079 310.764 280.874 91.3423 51.8815 12.8658 55.9645 5.56932 6.11129 42.2831 29.9364 141.866 47.4588 1.39214 141.306 15.7323 5.48248 9.29609 37.0028 24.2062 6.84905 32.7795 
128.974 431.465 32.8503 128.516 0 77.6355 329.696 12.9247 160.861 324.143 166.896 129.213 5.62724 69.5607 0.242733 30.6223 42.1214 45.1497 221.736 0.589013 25.1367 38.2156 44.5119 28.5683 55.9733 63.1557 28.1033 55.9312 
76.3372 230.775 9.33618 2.95139 354.201 0 906.041 118.508 400.243 753.307 155.43 146.906 647.739 21.8771 8.37209 27.2804 3.00107 112.721 32.9278 1.14178 66.1049 7.46263 5.62887 1.82248 23.3176 5.28771 13.9149 17.7103 
200.113 478.43 227.686 71.0125 158.461 751.944 0 37.5114 486.583 508.76 296.212 94.2956 32.4969 86.6549 136.889 100.236 88.1596 206.149 8.8334 29.8197 87.1209 2.36777 0.0826483 68.0528 0.639614 44.402 33.5716 42.6373 
108.929 103.425 63.6166 64.325 42.8901 209.88 380.58 0 85.454 5.34652 37.8427 976.208 70.1263 58.8852 180.28 5.29524 0.0940806 10.7365 66.5298 23.4469 91.9654 21.3998 1.85198 87.3876 68.1382 233.537 26.1818 106.825 
35.6917 148.549 143.269 1.26155 283.086 397.76 651.81 93.2314 0 386.332 968.446 240.609 12.6481 33.8891 199.603 4.50934 50.7565 172.362 137.519 2.5556 138.453 19.0914 41.466 3.27543 108.456 3.22147 31.6015 28.7401 
140.825 224.447 75.8658 56.0681 332.415 66.7724 238.146 220.659 45.571 0 275.376 147.227 217.305 54.8561 133.471 72.7326 0.0369085 97.0059 6.9124 20.1128 0.0076774 38.9208 2.77014 1.41492 11.9692 11.5775 32.5012 19.9422 
182.725 21.3349 3.46479 131.787 244.544 56.1651 303.997 130.284 624.437 370.456 0 171.371 113.665 113.92 192.516 0.0705697 88.7433 32.6194 95.7482 3.36069 2.73875 20.5904 114.728 125.296 4.2016 1.12036 5.10487 49.2077 
70.5937 6.22851 124.463 127.395 0.808433 0.246316 214.357 774.127 18.3427 226.422 518.003 0 55.5019 95.244 121.994 265.209 87.027 151.771 8.19219 37.5341 4.22806 76.3832 105.133 2.94516 270.013 375.861 112.714 15.1881 
12.4491 13.0664 70.2225 0.0118597 178.23 167.912 56.9157 142.011 106.06 153.372 3.01009 14.9339 0 129.241 92.1677 0.522708 60.5588 2.93907 22.8796 42.1625 47.82 71.2195 2.61588 39.0152 51.0678 2.93953 8.91435 44.6311 
39.999 36.1107 4.29579 20.6838 17.1392 0.355369 13.3999 0.00234549 3.01422 35.3447 78.0403 63.768 122.963 0 6.5275 19.2194 19.8671 0.0324027 17.6628 1.30165 29.8028 1.9791 1.67747 10.1842 16.5184 0.392884 0.00533457 5.23177 
1.25402 18.1796 10.7095 37.1366 0.000359752 4.9247 49.4332 7.2426 9.15833 0.134805 116.414 272.51 114.708 55.6339 0 63.1945 15.7747 48.3168 1.56738 3.12358 54.7935 5.19269 0.935156 2.13364 22.2842 30.3156 6.98972 23.3773 
16.8654 30.4127 24.3389 24.7494 50.4154 2.06197 103.583 15.1004 140.173 12.8619 130.757 495.55 42.971 17.682 4.89863 0 0.0382351 1.70212 3.20074 5.47266 16.2421 0.000954267 0.228998 29.0645 27.7218 6.54644 18.5977 2.24592 
87.8046 16.9586 55.6218 43.989 11.6325 28.3933 30.762 97.2652 70.7914 35.6422 78.2591 85.8687 24.6463 1.11641 2.41191 0.732158 0 115.638 66.7716 12.0062 43.7374 2.75778 0.000299086 0.862416 2.07694 18.9601 2.72937 3.77939 
123.922 478.264 1.0951 77.7734 126.303 114.327 215.047 84.9133 37.3242 128.785 165.712 141.804 20.1067 4.61023 26.5258 57.5438 6.86317 0 100.979 6.46969 75.7954 42.238 4.74562 6.92201 0.27554 47.105 29.1844 44.1193 
3.61368 141.144 33.7651 53.7567 95.151 48.2378 111.452 115.548 72.806 26.9196 109.688 81.852 57.4513 27.4787 38.1558 6.79668 242.471 2.59383 0 19.2974 2.60112e-05 23.2179 19.5499 1.0589 6.74299 0.273256 18.6434 14.6585 
210.029 133.638 6.23318 22.5256 0.351996 0.00114608 76.7085 59.0945 99.8062 28.1686 0.46744 6.45527 41.6354 4.31925 5.40641 8.83312 9.98988 28.5831 0.00857052 0 331.439 0.699426 2.93327 1.31529 3.5017 0.00114165 10.7161 0.18651 
146.787 123.975 4.29832 2.6349 123.655 31.4751 110.361 0.546661 1.05894 7.68913 8.64761 163.192 77.4452 37.197 33.249 47.1301 0.0724641 19.3044 7.04119 189.62 0 5.74405 34.0478 13.8816 14.726 4.91665 4.67547 38.7724 
13.8173 9.26704 9.39692 15.488 6.53379 20.5108 62.8887 13.0244 21.4511 57.5779 76.5333 58.3745 62.4532 1.42751 5.49054 11.9289 15.8314 11.2609 21.56 1.62375 0.467766 0 15.1579 13.2744 8.15371 0.777389 11.6738 8.7273 
5.86153 54.1528 3.79326 6.61939 52.4727 0.147985 5.62787 81.9158 79.5209 3.22717 50.6652 50.8513 15.8622 0.332445 0.216387 12.3184 3.58115 16.7778 15.5855 0.000875139 2.07354 0.0810764 0 12.371 4.56757 0.475399 13.4563 1.45081 
55.9502 29.6461 5.79333 0.000368305 55.6961 9.98566 21.3632 91.9607 92.1835 36.0747 109.373 6.29159 70.0251 7.08512 27.5831 22.5629 16.9146 48.2398 23.9604 1.5977 13.2514 13.6573 20.6076 0 36.464 10.3699 0.0515357 4.82547 
0.0669526 0.521988 0.0506508 14.9815 43.0069 12.7177 8.96769 30.7184 2.1345 0.177059 0.185953 229.478 17.1242 0.0979141 31.3776 2.22335 0.993745 58.5601 15.7132 12.8688 60.1352 43.067 27.327 33.8608 0 23.5653 188.738 17.9368 
79.495 69.6141 10.4595 0.128811 27.581 18.8401 33.7586 81.1571 3.25209 19.1763 135.643 1.66284 2.63313 7.56181 29.1622 13.5251 0.754555 54.6553 20.8732 3.10118 8.19791 10.763 0.0279733 0.00150295 3.61736 0 37.1953 0.325197 
22.9351 51.2189 7.94657 7.03022 40.8695 12.0817 16.2748 73.2433 59.2416 47.6172 41.2718 94.2328 2.52038 0.0916329 3.43139 13.6939 0.00458567 1.94816 0.0216289 2.64709 1.08628 4.03408 13.3591 18.3263 8.19039 3.82848 0 39.5204 
51.1162 60.7598 22.1902 29.9152 33.2596 17.6019 30.1328 114.227 45.4246 23.2807 110 144.383 0.761678 11.0165 18.0597 4.34828 4.50873 50.4742 11.5453 11.0336 0.207297 0.755038 9.48466 13.4514 8.18742 35.6928 12.914 0 
