0 22.1541 114.821 207.05 116.261 115.893 238.336 248.072 264.846 88.4285 134.763 208.427 108.974 23.5666 63.1905 79.9566 11.7447 163.299 4.30464 245.722 123.955 4.41689 0.642586 25.3634 24.2256 79.4375 14.4088 4.54465 
79.5099 0 466.136 268.579 530.82 159.322 69.181 232.122 296.384 67.9927 169.711 5.88748 71.311 57.9711 32.9753 83.4813 109.23 364.758 20.0966 5.06254 132.931 46.5408 52.9057 15.3758 38.684 0.0917569 45.1969 36.5263 
132.04 7.11334 0 187.912 6.84455 65.7303 10.1189 28.1706 320.589 50.1731 3.4785 7.65184 11.3237 16.6846 32.4406 1.27435 6.17071 66.346 52.2577 0.332062 7.99653 12.1801 3.0353 14.4369 6.10583 17.6453 19.2246 12.27 
197.481 266.387 149.592 0 27.1661 16.4724 9.14351 503.699 287.79 90.8805 50.4802 11.7511 55.7073 5.48157 5.95598 42.3577 33.6074 142.182 47.21 1.51849 437.147 15.7534 5.41651 9.17786 41.0819 24.4908 6.92893 32.7525 
126.686 424.786 34.2267 129.529 0 78.0402 324.801 12.3132 164.213 325.278 168.635 128.437 5.25517 69.6178 0.292929 30.3161 41.2922 46.4597 224.857 0.669794 25.5703 38.3807 44.3591 28.3871 56.1478 62.9905 28.2222 55.9765 
81.1763 235.544 9.79355 6.65588 23.6555 0 1022.58 116.642 410.701 957.046 158.434 146.36 509.816 21.8904 8.14515 27.2914 6.79884 113.146 32.2995 1.09431 65.8814 7.38967 5.56592 1.78051 27.1376 5.18536 13.8621 17.6436 
202.074 473.569 229.443 72.8374 153.033 782.46 0 34.9686 443.086 508.759 302.358 92.2714 33.666 86.9904 137.294 100.016 87.7801 205.071 8.38953 29.3609 87.7615 2.45009 0.104797 67.9211 0.570287 44.9248 33.7528 42.9101 
111.479 105.629 66.3417 70.0706 43.9381 210.428 382.86 0 78.5077 4.89822 39.897 986.952 70.7823 58.1323 179.795 6.19366 0.115948 11.1539 66.9858 22.9524 90.7638 21.2125 1.7221 88.2455 66.6349 233.777 26.5494 107.457 
40.9528 156.746 134.7 5.74788 280.358 408.309 697.216 86.0163 0 385.993 1505.86 244.433 13.2609 32.9526 195.615 4.1599 55.1041 173.409 136.999 2.40138 137.592 19.2851 41.9539 3.44256 112.863 2.96276 31.8588 29.1213 
141.358 223.394 75.0743 56.7176 332.484 60.0551 246.936 221.019 42.7302 0 264.524 145.44 221.415 55.3736 133.37 72.241 0.0521129 97.6956 7.24418 19.8964 0.00267362 38.6713 2.65245 1.33403 11.7251 11.2951 32.3686 19.7398 
183.23 20.3135 2.90725 133.328 243.648 53.7318 297.86 133.5 605.467 359.78 0 177.469 111.749 111.772 185.334 0.0118877 88.581 32.0098 95.2516 3.23164 2.90862 20.8331 114.133 125.029 4.50713 1.32673 5.25097 48.6964 
69.246 6.67333 125.867 130.019 0.697377 0.172306 212.489 751.81 20.005 227.41 518.226 0 54.7794 96.5413 125.221 276.28 86.9777 151.745 8.38065 37.9453 4.47988 76.3532 105.71 2.55507 271.077 372.462 113.013 15.9351 
12.1754 12.6441 70.3608 0.00539036 178.298 169.321 55.4896 141.743 104.8 157.705 2.60712 14.4943 0 127.801 91.3666 0.445761 60.6541 3.06609 22.5764 42.1224 47.6056 71.6815 2.83527 38.6511 50.954 3.03293 8.99525 44.6079 
40.1656 36.4085 4.36986 20.6193 16.8914 0.326667 13.7816 0.0133576 2.77698 35.8826 75.973 65.0464 124.493 0 7.45081 19.1799 19.8997 0.0246652 17.5823 1.28967 29.6769 2.02431 1.80456 10.2105 16.5299 0.417434 0.00695645 5.18626 
1.3335 18.5647 10.5065 37.2369 0.000880968 4.74244 50.4492 6.67873 9.18495 0.0697028 109.965 272.034 115.067 56.4918 0 61.1223 15.6922 48.0877 1.51441 3.09044 54.7012 5.12292 0.842904 2.00117 22.1128 30.2532 6.92307 23.374 
16.5403 30.0312 24.2965 24.453 50.7076 1.9853 103.629 16.5627 140.737 12.4455 133.098 495.214 43.4801 17.8111 5.96989 0 0.0331636 1.77203 3.1433 5.43761 16.0279 0.00200225 0.257455 29.1329 27.4628 6.29072 18.6158 2.17037 
91.3551 21.4447 55.6056 48.1057 12.1303 32.0451 31.1893 97.1578 74.28 35.9704 78.4983 85.7914 24.456 1.1403 2.4569 0.755 0 112.46 158.145 12.1164 43.9281 2.72866 0.000711757 0.880981 6.02453 18.8959 2.75679 3.74187 
122.155 478.413 0.885836 76.7923 124.651 113.923 215.942 84.0386 36.3666 128.305 165.98 141.497 20.4078 4.51641 26.7689 57.6494 5.90664 0 100.142 6.69281 75.3244 42.2466 4.81918 6.82888 0.300625 47.2772 29.0885 44.2122 
3.41614 142.041 33.4405 53.5536 98.4813 48.8904 112.338 115.633 71.9921 27.5112 109.281 81.5847 57.1282 27.481 38.1284 6.87513 242.539 2.83041 0 19.1648 0.000990593 23.1826 19.5065 1.03415 6.81106 0.289938 18.6852 14.721 
211.671 134.153 6.38004 22.1574 0.415116 0.000118085 76.3181 59.7155 100.054 27.9424 0.518158 6.2465 41.5862 4.31112 5.36895 8.85301 9.88511 28.9807 0.0049863 0 330.593 0.691216 2.94268 1.3004 3.46321 0.000469753 10.7244 0.194591 
148.737 124.908 4.63101 4.2777 123.384 31.1632 109.804 0.677636 1.21095 7.49892 8.94126 162.916 77.4784 37.2974 33.4433 47.3427 0.0601195 19.6563 6.90909 182.891 0 5.69484 34.1235 14.0145 14.9028 5.04281 4.7417 38.6456 
13.7243 9.15618 9.36736 15.4647 6.42214 20.5084 62.9008 12.8656 21.2511 57.6971 76.6248 58.1519 62.9764 1.38836 5.56166 11.9333 15.8692 11.1753 21.5151 1.63524 0.48326 0 15.1749 13.2366 8.22745 0.76158 11.6924 8.70866 
5.95836 54.0682 3.83841 6.54989 52.5672 0.135707 5.4638 81.5195 79.9323 3.35619 49.8436 51.6034 15.3766 0.395329 0.172678 12.2947 3.61328 16.8934 15.5293 0.000597779 2.02681 0.0992841 0 12.7773 4.44383 0.45611 13.4507 1.4746 
56.025 29.428 5.85593 2.38129e-05 55.655 9.91611 21.0952 91.1175 92.4334 35.8081 109.925 5.72015 69.9819 7.1739 27.5112 22.2118 16.8776 48.2244 23.9618 1.61372 13.1207 13.6288 20.5059 0 36.8126 10.4636 0.0611781 4.88024 
3.99612 4.38611 0.0627644 19.1214 42.7834 16.5113 9.22385 31.8803 5.87505 0.145934 0.127387 161.605 16.9395 0.111338 31.3842 3.36513 4.931 58.5102 15.7954 12.8912 60.169 38.6501 27.2144 34.2309 0 22.3439 184.826 17.2448 
79.4806 69.3371 10.6051 0.161283 27.8404 18.9623 33.2617 83.4457 2.99216 19.5206 134.7 0.885827 2.72184 7.63157 29.0595 13.2082 0.731937 54.7844 20.9546 3.13803 8.35584 10.7599 0.0233518 0.000228428 3.48255 0 37.1169 0.454357 
22.7921 51.1472 7.88819 6.94995 40.7793 12.1375 16.4367 72.871 59.4706 47.6289 40.9647 93.7308 2.47335 0.0979913 3.37874 13.6249 0.00586061 1.90746 0.0187872 2.66904 1.05329 4.06434 13.3691 18.2874 8.14176 3.99027 0 40.9136 
51.2707 60.8619 22.1936 29.8313 33.0955 17.6688 29.861 114.788 45.843 23.0719 110.044 145.391 0.728297 10.9916 18.1492 4.24838 4.46846 50.5071 11.6075 11.0209 0.188939 0.767791 9.46784 13.4808 8.17982 36.5158 11.9568 0 
