0 187.692 131.971 347.294 100.544 302.742 247.516 262.122 449.629 82.2251 127.801 202.255 108.588 24.8949 61.7932 80.3349 192.412 151.623 2.91105 259.003 137.879 3.99737 0.426879 23.8902 204.626 79.5179 13.5126 3.80231 
318.464 0 472.355 471.443 519.735 323.061 112.646 218.496 449.77 80.858 182.368 3.27836 66.0678 59.5575 36.2695 82.7245 297.268 1038.47 15.15 8.33754 138.994 45.9162 52.1838 14.0748 223.193 0.343731 45.9673 35.035 
148.467 38.9025 0 252.364 2.92502 66.5058 20.5877 43.1739 378.13 56.0036 8.72109 12.2863 13.1174 16.6143 33.0297 1.75994 5.05182 75.7037 53.8352 0.651491 5.20495 12.2618 3.33418 14.182 6.90433 18.6392 19.2909 11.675 
420.711 469.709 166.234 0 33.9126 196.091 4.41986 414.387 488.838 87.4967 41.0519 5.32096 53.8715 4.88122 4.91584 42.766 214.235 144.039 45.4319 2.54952 731.076 15.8959 4.96185 8.36088 224.514 26.4705 7.49649 32.5298 
110.773 373.944 44.4458 136.306 0 75.7724 288.703 8.42851 187.741 330.922 180.587 122.911 2.99923 69.9513 0.775489 28.1872 35.6417 56.0106 245.442 1.37898 28.6837 39.5257 43.2695 27.1189 57.3403 61.7915 29.052 56.2672 
269.91 422.157 13.2382 187.728 564.883 0 1549.15 103.541 631.308 927.51 179.081 142.23 422.873 21.9491 6.62531 27.3247 188.376 115.91 27.9839 0.789186 64.2663 6.88353 5.13047 1.49906 208.792 4.49094 13.4895 17.1685 
215.22 434.025 239.809 85.8601 116.469 926.166 0 19.5065 178.116 500.278 344.042 78.4485 42.3075 89.198 139.715 98.3019 85.0564 197.06 5.58909 26.2068 92.2056 3.06387 0.333114 66.9396 0.195909 48.5961 35.0173 44.8093 
129.645 121.308 86.4201 94.7704 51.5319 213.385 396.39 0 37.423 2.30205 55.5682 1028.71 75.3788 52.888 175.776 14.3682 0.332829 14.2813 70.1613 19.6059 82.4118 19.9141 0.943505 94.1561 56.3572 234.086 29.1681 111.729 
233.278 369.62 79.9483 195.081 260.288 629.641 997.06 42.8532 0 380.765 754.381 270.676 17.9222 26.6798 204.609 2.10091 240.477 180.487 133.174 1.45396 131.432 20.6577 45.3914 4.72374 298.493 1.45088 33.6685 31.8298 
144.853 215.267 69.4364 61.2456 330.589 34.9421 308.118 222.994 25.1759 0 190.72 132.824 248.957 58.928 132.073 68.6764 0.231691 102.451 9.76829 18.3967 0.0398555 36.9092 1.89751 0.833309 10.0745 9.40046 31.4324 18.3373 
186.478 13.8202 0.36808 143.874 236.775 37.9091 254.123 156.444 446.623 283.738 0 221.357 98.4618 96.7219 136.206 0.973552 87.3975 27.8688 91.7117 2.39686 4.23713 22.5569 109.759 122.924 6.93364 3.2526 6.3273 45.1353 
60.0307 10.1991 135.454 148.327 0.149202 0.0235984 198.988 582.573 33.5096 233.683 515.292 0 49.7897 105.514 147.885 350.945 86.5898 151.42 9.75395 40.8439 6.43937 76.0943 109.567 0.595742 250.167 343.041 114.959 21.6059 
10.3349 9.86669 71.2457 0.0306194 178.403 174.421 45.8599 139.725 95.9805 188.026 0.593569 11.5853 0 116.962 85.5451 0.0782574 61.292 4.02765 20.4913 41.8197 46.097 74.7941 4.60754 36.0935 50.1244 3.72499 9.56882 44.4244 
41.3127 38.4899 4.89929 20.1485 15.1923 0.159293 16.5765 0.342848 1.477 39.6721 61.8968 74.1043 134.404 0 15.2494 18.7477 20.1219 1.27733e-05 17.0147 1.20683 28.7891 2.35152 2.78467 10.3461 16.586 0.609267 0.0243177 4.86923 
1.9566 21.3445 9.11715 37.8793 0.136822 3.55261 57.6789 3.35559 10.451 0.209885 68.5382 266.595 117.183 60.8223 0 45.7732 15.1146 46.4645 1.16811 2.86171 54.0231 4.64275 0.328671 1.186 20.8886 29.735 6.46088 23.3234 
14.332 27.3929 23.9547 22.3655 52.7259 1.48659 103.759 28.5067 144.338 9.69691 149.202 479.072 47.0349 18.5762 16.0217 0 0.00775903 2.29945 2.75431 5.19151 14.5556 0.0200916 0.501774 29.2869 25.6044 4.61532 18.7254 1.6745 
271.065 208.008 55.4211 231.823 15.8773 212.541 34.2283 96.3458 253.611 38.2774 80.1364 85.2093 23.1327 1.3142 2.78246 0.92438 0 90.753 91.8834 12.8939 45.2536 2.52849 0.00854907 1.01621 188.597 18.4427 2.95205 3.48351 
109.783 460.85 0.0411328 69.9148 113.071 110.891 221.649 77.9386 29.9496 124.799 167.663 139.23 22.5617 3.88427 28.4815 58.3529 1.20339 0 94.1936 8.35041 72.0064 42.2944 5.34813 6.19198 0.506662 48.463 28.4139 44.8481 
2.18566 148.016 31.1634 52.0798 122.503 53.4294 118.388 116.127 66.3168 31.7769 106.341 79.674 54.8421 27.483 37.9107 7.43332 239.517 4.7677 0 18.2354 0.0464668 22.9289 19.1971 0.868777 7.29426 0.420369 18.9749 15.1582 
221.114 137.318 7.43997 19.5974 1.00153 0.0224906 73.4993 64.0547 101.665 26.36 0.945572 4.87552 41.2203 4.25254 5.10733 8.98617 9.16119 31.8005 0.00691459 0 317.147 0.634951 3.00794 1.19791 3.19776 0.00398391 10.779 0.255866 
162.16 131.307 7.28896 24.8256 121.38 28.9945 105.822 1.98531 2.55752 6.2294 11.1238 160.786 77.6759 37.9855 34.7974 48.8028 0.00594687 22.1905 6.01606 135.635 0 5.35517 34.642 14.9553 16.1601 5.96634 5.21668 37.7458 
13.0775 8.39512 9.15808 15.2961 5.6644 20.476 62.9446 11.7757 19.8666 58.4762 77.214 56.5695 66.5563 1.12752 6.06603 11.9535 16.1313 10.5818 21.1953 1.71641 0.59869 0 15.2428 12.9501 8.76074 0.655164 11.8189 8.57609 
6.65498 53.4442 4.1585 6.06864 53.1983 0.064564 4.37829 78.6673 82.7344 4.32525 44.1756 56.9105 12.1522 0.976213 0.00452775 12.0832 3.84119 17.7066 15.1331 0.000131749 1.71391 0.277609 0 15.4827 3.62622 0.331869 13.4007 1.64555 
56.5072 27.9041 6.29766 0.0300375 55.3358 9.42789 19.2483 85.122 94.0801 33.9307 113.605 2.46709 69.5733 7.77483 26.8867 19.6021 16.6155 48.0963 23.9629 1.72724 12.2174 13.4065 19.3605 0 39.0189 11.1106 0.151683 5.26766 
186.506 186.436 0.183695 203.053 41.2071 198.002 11.1052 40.4792 187.194 0.0121994 0.0267109 326.646 15.6629 0.229161 31.3671 16.7022 187.432 58.1314 16.3705 13.0408 60.3666 18.0744 26.3498 35.5317 0 41.7491 82.072 73.9689 
79.2824 67.3383 11.634 0.489833 29.6673 19.8044 29.8389 99.8071 1.47164 21.9847 127.803 2.24716 3.38148 8.11569 28.2664 11.0318 0.583032 55.6591 21.5195 3.3998 9.49682 10.7334 0.00266851 0.0226378 2.65324 0 36.4692 1.95037 
21.7942 50.6254 7.48163 6.39685 40.1373 12.526 17.5841 70.2218 61.0494 47.6871 38.8187 90.1262 2.15557 0.148398 3.01941 13.1343 0.019155 1.63416 0.00449528 2.82435 0.836326 4.27785 13.4283 17.9947 7.98937 5.20343 0 50.7369 
52.3242 61.5415 22.1987 29.2169 31.9426 18.1285 27.9701 118.543 48.7782 21.6194 110.217 152.079 0.515275 10.8087 18.7603 3.57483 4.19056 50.7182 12.0443 10.9277 0.0842208 0.859814 9.34465 13.6749 8.18955 42.1565 6.18648 0 
