0 356.409 169.085 387.435 65.4647 444.44 262.774 288.903 582.776 67.4294 110.589 184.822 107.006 28.0721 58.1207 80.451 322.202 122.602 0.674334 235.478 169.857 3.07478 0.0895617 20.4436 333.297 79.0229 11.4565 2.28787 
619.756 0 385.865 631.076 445.365 410.8 240.744 182.925 509.628 113.308 210.337 0.111465 53.7985 62.9965 44.3272 80.2268 442.795 896.026 6.01863 19.0698 152.114 44.3068 50.258 11.1484 361.389 1.58308 47.6909 31.4672 
182.112 191.988 0 288.997 0.22087 65.8469 57.8291 88.1388 464.808 69.8219 29.9645 27.2206 17.7817 16.2814 33.9028 3.19664 2.80558 98.0659 57.0693 1.82173 0.92223 12.4225 4.07961 13.4914 8.92976 20.8816 19.3777 10.2551 
632.322 630.675 317.091 0 51.988 323.796 0.0145713 408.292 647.714 78.4959 21.8142 0.159178 49.2758 3.56033 2.7989 42.9215 343.194 145.897 40.9758 5.97345 675.9 16.1967 3.93515 6.50697 359.717 31.0217 8.90105 31.769 
74.654 236.646 71.9836 149.862 0 120.407 195.687 2.08086 242.3 327.749 206.939 109.204 0.149305 70.2793 2.83455 23.2585 23.4559 80.9715 283.085 4.05782 36.588 42.1653 40.5489 24.1131 59.9554 58.6492 31.0048 56.7722 
417.348 553.041 22.8226 319.253 609.411 0 461.669 72.9394 792.071 179.967 223.267 130.411 280.705 21.8472 3.55294 27.0952 320.013 120.918 18.4985 0.259395 60.0877 5.71739 4.13594 0.919641 340.061 3.00731 12.5823 15.9858 
241.628 311.062 249.642 117.537 44.8846 630.646 0 0.585925 52.3103 424.964 427.69 48.6974 65.6367 93.397 142.43 93.0312 78.1473 175.063 1.16773 19.1831 102.425 4.78274 1.38791 64.2001 0.0917089 57.3251 37.99 49.2316 
173.835 159.526 138.685 68.7035 71.1747 214.044 410.271 0 0.427972 0.0226035 100.743 888.044 86.2705 40.7579 162.123 45.8427 1.29555 23.105 77.5576 12.532 63.2032 16.9237 0.0242727 107.339 34.2376 225.266 35.6735 120.711 
393.531 575.945 4.01241 364.356 207.383 792.502 1299.88 0.0448948 0 349.148 748.959 327.209 31.4647 14.0715 310.862 0.00111252 380.725 195.353 122.895 0.146188 116.011 24.0299 53.6526 8.53073 438.204 0.00110066 38.0232 38.5125 
151.448 191.122 55.6086 71.7393 309.852 111.84 434.969 223.763 1.65676 0 51.2664 102.629 301.813 66.7819 124.958 59.4697 1.17078 113.161 17.1123 14.9591 0.635708 32.6346 0.599219 0.110989 6.58295 5.51601 29.1532 15.1171 
192.095 3.2556 4.04186 166.68 216.508 10.4186 151.259 212.34 144.382 116.183 0 327.934 68.393 62.2319 40.8161 12.7027 84.2558 18.9814 82.8985 0.902227 8.35892 26.816 98.0515 116.304 14.6426 11.1099 9.25359 36.856 
39.97 21.3682 156.036 189.775 0.466722 2.26283 164.574 186.061 77.5133 243.8 477.703 0 38.4849 125.593 199.502 476.634 85.3694 149.677 13.3885 47.8377 12.4472 75.1347 117.383 1.44501 107.351 242.976 118.502 37.9034 
6.51066 4.57453 72.7476 0.58587 176.075 141.145 25.8997 133.922 75.302 255.4 1.5475 5.89917 0 87.3653 70.5316 0.415444 62.599 6.81553 15.8217 40.9495 42.4646 81.2424 10.4004 30.0085 47.9284 5.63231 10.9811 43.842 
43.8971 43.3935 6.22451 18.8984 11.4234 0.000174054 24.0052 2.88585 0.962072 48.7153 32.4542 95.9135 151.164 0 38.7369 16.7032 20.6073 0.149183 15.6414 1.01724 26.6347 3.19709 5.4726 10.3249 16.5489 1.20079 0.107777 4.12898 
3.89908 28.4845 6.08761 38.9749 1.38622 1.37242 75.3396 0.000457984 20.8714 4.68773 6.65926 239.807 119.314 58.0276 0 12.2228 13.7405 42.4841 0.520747 2.34229 52.1869 3.56463 0.0653639 0.0892674 17.8429 27.9535 5.39634 23.0113 
9.59968 21.3926 22.8355 17.3989 57.3112 0.579238 102.715 67.2467 150.304 4.4257 184.007 356.884 55.3107 19.3382 50.9788 0 0.0184557 3.81682 1.92315 4.60307 11.2606 0.138456 1.38321 27.3963 20.9678 1.5727 18.8634 0.739387 
397.33 352.531 54.4885 367.87 26.5111 341.217 41.7478 93.9967 379.356 43.8039 83.7622 83.5367 20.0531 1.77414 3.62938 1.39338 0 45.3273 430.336 14.7793 48.3321 2.07888 0.0619799 1.37468 322.217 17.3406 3.43941 2.90006 
80.95 338.289 2.41296 53.761 85.8877 102.318 231.128 63.7013 16.887 115.476 170.32 133.031 27.9932 2.55913 32.6132 59.7709 4.36706 0 79.5829 12.934 64.0026 42.3205 6.70132 4.78505 1.20926 51.1327 26.7855 46.2563 
0.349721 159.914 25.757 48.2344 181.531 63.814 131.514 116.588 53.1053 42.6676 98.7319 74.8635 49.2599 27.3869 37.2126 8.81907 206.833 11.2899 0 16.0276 0.426802 22.2771 18.4207 0.531343 8.489 0.826115 19.6423 16.1906 
227.909 141.6 10.149 13.7634 3.39749 0.282995 66.2552 74.2247 104.61 22.625 2.46656 2.27057 40.2044 4.10167 4.4917 9.25914 7.51148 38.7106 0.201475 0 239.906 0.509661 3.15836 0.967331 2.59683 0.0700939 10.8866 0.434408 
191.686 145.418 15.7989 76.7787 115.864 23.9721 95.8184 7.79862 7.71124 3.65687 17.179 154.393 77.9022 39.5151 37.9644 52.0646 0.104363 28.6865 4.12039 39.7183 0 4.58098 35.7947 17.2585 19.2766 8.43765 6.42511 35.526 
11.5721 6.69322 8.64414 14.8601 4.03423 20.2887 62.7607 9.33868 16.6897 59.9298 78.2498 52.642 74.3657 0.606709 7.304 11.9259 16.7368 9.21379 20.3944 1.9145 0.922026 0 15.0401 12.1261 10.1419 0.432365 12.0924 8.24649 
8.43929 51.7399 4.94443 4.96633 54.4815 0.000348494 2.25576 71.3897 88.7955 7.0758 31.4797 69.6657 5.84312 3.15916 0.577757 11.273 4.40434 19.6677 14.1717 0.00940879 1.07084 1.04794 0 20.0379 2.05954 0.113969 13.2077 2.08196 
57.3586 24.3127 7.36733 0.328654 54.3565 8.26313 15.0812 70.4272 97.2445 29.416 120.945 0.161337 67.8684 9.01705 24.6015 12.816 15.9682 47.6485 23.9055 2.00679 10.1558 12.7231 14.1377 0 42.3773 12.5705 0.526973 6.21269 
320.436 319.254 0.722949 339.955 37.3921 329.034 16.1668 63.6747 319.229 0.287376 1.95831 187.988 12.7541 0.674406 30.8836 54.3822 320.886 57.0257 17.7332 13.347 60.563 64.5558 23.7968 28.9716 0 101.6 192.756 66.438 
78.1303 62.1976 14.1222 1.96931 34.071 21.6998 22.1608 139.556 0.000603452 28.17 109.666 51.1604 5.21561 9.22607 25.8924 6.33109 0.295575 57.5282 22.8231 4.04715 12.4464 10.6362 0.0357988 0.295027 1.51658 0 34.2658 9.35685 
19.4447 49.2489 6.53132 5.14739 38.5369 13.4348 20.4027 63.659 64.6204 47.6586 33.7618 80.992 1.48278 0.309496 2.23281 11.9206 0.0815338 1.06594 0.00994045 3.2053 0.41904 4.79654 13.4944 17.1586 8.84473 8.60165 0 72.5658 
54.624 62.9048 22.0822 27.5741 29.1782 19.1584 23.5757 126.125 55.7617 18.245 109.684 165.075 0.155192 10.3183 20.0939 2.17185 3.55801 51.0843 13.0894 10.675 0.00293014 1.09773 9.01435 14.0542 8.59303 53.8768 0.00721036 0 
