0 198.053 178.553 176.616 55.9007 257.923 265.401 294.855 392.749 63.0426 105.314 178.929 106.352 29.0242 56.932 80.2699 132.948 113.761 0.307266 226.379 178.863 2.81964 0.037186 19.4321 143.576 78.6871 10.8631 1.90527 
483.961 0 337.97 443.73 412.139 209.188 282.038 171.665 299.091 123.269 217.956 0.0122031 50.2157 63.9279 46.7777 79.2932 257.699 918.914 4.05879 23.0146 155.637 43.792 49.626 10.322 174.434 2.12753 48.176 30.397 
190.119 248.465 0 261.17 1.2639 64.9677 71.6538 103.419 472.626 73.8582 38.4775 32.6573 19.2764 16.1371 34.0147 3.69867 2.25289 104.608 57.885 2.27957 0.314193 12.4612 4.31114 13.2626 9.56576 21.512 19.3841 9.83071 
459.236 443.762 398.388 0 57.8353 134.061 0.623377 809.499 461.291 75.5775 17.0758 1.46879 47.8454 3.19712 2.2705 42.7427 153.488 145.74 39.5898 7.24215 498.966 16.2761 3.6443 5.98087 171.749 32.3193 9.33508 31.4792 
64.6296 195.266 80.8151 153.123 0 165.88 167.787 1.00184 257.659 322.275 214.108 104.98 0.000345664 70.2489 3.69597 21.8291 20.2042 88.9172 290.591 5.12435 39.0772 42.9301 39.7016 23.219 60.6745 57.6329 31.5829 56.8719 
232.862 360.545 25.9643 130.733 647.134 0 324.102 64.2109 593.082 452.178 234.477 126.38 70.4214 21.7506 2.79915 26.9423 131.221 121.965 15.9314 0.15594 58.7514 5.38023 3.85121 0.771817 151.008 2.61295 12.3056 15.6185 
247.97 269.993 248.305 126.878 29.1773 422.128 0 0.115889 175.583 389.942 446.738 40.8531 73.2319 94.3494 142.388 91.145 75.9741 167.793 0.47982 17.2333 105.365 5.36664 1.8424 63.2734 0.277013 59.9103 38.8679 50.5232 
186.941 170.945 154.715 94.7052 77.4109 212.481 409.183 0 7.28213 0.424037 116.003 789.818 89.4975 37.2705 157.014 58.0513 1.70559 26.1049 79.7171 10.68 57.7072 16.0578 0.00797522 110.982 28.4309 220.104 37.6855 123.042 
213.966 408.526 0.0245367 191.387 190.692 594.148 1229.51 5.09949 0 334.909 1048.63 341.874 36.1357 11.0236 286.367 0.153978 194.382 199.205 119.525 0.018115 111.23 25.066 56.1279 9.87059 251.372 0.16402 39.3363 40.5668 
152.925 182.763 51.4409 74.7601 299.492 160.279 463.11 222.908 0.0232353 0 25.1036 93.7324 313.039 68.9298 121.787 56.5594 1.59123 116.173 19.6515 13.9713 0.95285 31.3402 0.350437 0.0251935 5.66508 4.53579 28.4583 14.1893 
193.177 1.49855 7.77177 172.71 209.475 5.3956 122.9 228.898 119.48 76.4343 0 358.427 60.0185 52.6903 21.8544 18.663 83.2286 16.6052 80.1696 0.592074 9.8499 28.1298 94.2421 113.906 17.4498 14.3151 10.2267 34.4494 
34.5707 25.4324 161.434 201.095 1.00695 3.63585 153.872 99.057 93.462 245.442 458.721 0 35.2834 131.109 213.442 492.029 84.923 148.892 14.574 49.9447 14.6019 74.7538 119.316 3.20855 100.716 208.452 119.254 43.4481 
5.52407 3.36663 73.0279 0.887276 174.678 122.288 20.8651 131.921 69.283 272.851 3.40733 4.55003 0 77.9749 65.8288 0.848238 62.9314 7.78437 14.5112 40.6484 41.3673 82.8806 12.5348 28.2048 47.2125 6.27248 11.4165 43.6279 
44.628 44.8396 6.63561 18.4909 10.3767 0.0187769 26.4168 4.1208 1.51967 51.3869 25.1143 102.355 154.008 0 45.5282 15.8476 20.7406 0.250856 15.2249 0.962658 25.9796 3.46603 6.27916 10.2241 16.4909 1.41312 0.144287 3.91228 
4.60371 30.747 5.27083 39.1802 2.01154 0.910383 80.638 0.273737 25.9158 7.12678 0.647606 228.426 119.136 53.7437 0 5.61092 13.3299 41.2646 0.376192 2.19403 51.5778 3.26167 0.254039 0.00354783 16.9068 27.2795 5.08847 22.8658 
8.33903 19.6863 22.4206 15.9399 58.6164 0.387222 102.034 81.04 151.342 3.22263 193.011 304.644 57.7043 19.2609 61.8004 0 0.0412086 4.34173 1.7009 4.42683 10.3362 0.194415 1.7226 26.2536 19.5525 0.956791 18.8708 0.529989 
206.685 167.829 54.0759 180.202 30.1233 151.437 44.0643 93.1811 188.655 45.4604 84.7699 82.958 19.1523 1.92438 3.90239 1.55172 0 34.1431 172.703 15.3515 49.2313 1.95163 0.087529 1.49202 133.909 17.0044 3.59156 2.73401 
72.6716 309.366 4.30976 49.0668 78.0063 99.4127 232.783 59.5503 13.6324 112.441 170.739 130.964 29.6971 2.21263 33.8606 60.1236 9.22025 0 75.1406 14.4709 61.5881 42.3043 7.13185 4.39439 1.47749 51.8879 26.2919 46.6486 
0.10511 162.775 24.158 46.9986 198.717 66.7458 135.038 116.529 49.2701 46.0914 96.2996 73.3555 47.5581 27.3304 36.9548 9.24881 191.061 13.7429 0 15.3702 0.615186 22.0689 18.1775 0.445849 8.85852 0.973577 19.8361 16.4974 
225.469 141.957 10.9992 12.1276 4.38279 0.417385 63.9602 77.1959 105.24 21.5209 3.05829 1.67642 39.8611 4.05344 4.30978 9.32845 7.03924 40.8178 0.311713 0 208.209 0.474524 3.20201 0.902082 2.42586 0.105688 10.9125 0.49677 
199.63 149.286 18.8984 76.8839 114.016 22.5148 92.7001 10.2603 9.77497 3.01294 19.2183 152.129 77.9028 39.9424 38.8943 52.978 0.196255 30.7499 3.61723 20.4995 0 4.35855 36.117 17.964 20.2409 9.24964 6.80801 34.8412 
11.131 6.21457 8.48614 14.7202 3.59488 20.2027 62.6265 8.65367 15.7732 60.2522 78.4581 51.4255 76.474 0.479863 7.68264 11.8969 16.913 8.81662 20.144 1.97515 1.03219 0 14.8807 11.8431 10.5835 0.374149 12.1666 8.144 
9.00695 51.171 5.18529 4.64955 54.8044 0.0101088 1.7507 69.0942 90.4284 8.01519 27.9542 73.4673 4.36567 3.95563 1.01064 10.9526 4.57859 20.2611 13.8792 0.0150373 0.906483 1.36831 0 20.6586 1.70427 0.0705529 13.1299 2.22036 
57.5311 23.2509 7.69089 0.479846 54.0037 7.91524 13.903 65.9784 97.9777 28.0606 122.724 0.98726 67.1615 9.3248 23.7194 10.7902 15.768 47.4754 23.8717 2.09292 9.56432 12.4784 12.1368 0 42.8075 12.9802 0.682467 6.50051 
132.347 130.827 0.952233 152.63 36.236 139.952 17.8315 71.1905 130.834 0.532305 3.12548 375.204 11.922 0.851797 30.619 57.3269 132.53 56.6393 18.1389 13.4246 60.5463 83.2572 22.9114 24.9675 0 75.3382 147.026 23.76 
77.6009 60.5632 14.8701 2.59727 35.3992 22.233 20.0135 151.183 0.157127 30.0924 103.873 76.6 5.83504 9.54351 25.0615 5.1097 0.227996 58.0278 23.2015 4.24699 13.3902 10.5978 0.0682885 0.435805 1.41263 0 33.4364 12.4813 
18.7494 48.8003 6.25223 4.79282 38.0382 13.7021 21.269 61.6341 65.6353 47.6043 32.2674 78.1284 1.3045 0.368919 2.01698 11.5465 0.108661 0.918486 0.0224125 3.3224 0.321437 4.95458 13.4936 16.8718 9.3952 9.74057 0 78.0635 
55.2533 63.242 22.012 27.0356 28.3465 19.448 22.2947 127.995 57.84 17.2615 109.266 168.078 0.0879459 10.157 20.4572 1.81156 3.37658 51.1564 13.4036 10.5911 0.0247857 1.17411 8.90556 14.1446 8.79661 56.6736 0.41452 0 
