0 114.436 188.564 25.4317 45.1813 130.354 267.311 300.611 260.433 57.8452 98.9542 171.51 105.46 30.1632 55.4574 79.9217 2.63374 103.19 0.0545938 221.738 189.162 2.52697 0.00423413 18.2354 12.6224 78.1716 10.1663 1.49103 
414.72 0 273.104 311.263 367.497 64.6256 330.886 157.959 143.681 135.198 226.532 0.414145 45.9984 64.9803 49.7231 78.0653 131.998 522.279 2.2059 28.1341 159.585 43.1557 48.8363 9.36434 46.7339 2.88366 48.7378 29.1157 
198.166 315.061 0 210 3.63218 63.514 89.3452 122.357 469.728 78.5825 49.7972 39.6846 21.1202 15.9378 34.056 4.34032 1.66672 112.246 58.7637 2.88984 0.00637769 12.5017 4.5929 12.9759 10.3427 22.238 19.3798 9.32404 
341.914 311.814 383.317 0 65.0309 3.27142 2.52715 1014.89 330.637 71.9683 12.0956 4.76665 46.103 2.7832 1.70547 42.3922 22.5099 145.116 37.9033 8.89439 588.352 16.3647 3.30675 5.37073 42.7631 33.822 9.86245 31.095 
53.2746 148.039 91.5669 156.497 0 233.19 135.462 0.220775 275.133 313.087 222.175 99.8667 0.254611 70.1339 4.87335 20.1495 16.578 98.6364 297.002 6.55787 42.1258 43.8298 38.6685 22.1528 61.4956 56.3722 32.271 56.9595 
107.896 224.262 29.8247 1.42858 277.012 0 12.1315 54.1757 440.013 535.757 246.33 121.287 152.582 21.595 2.00585 26.7086 1.40283 122.935 13.0546 0.0662104 57.1029 4.98449 3.51899 0.610831 20.784 2.17283 11.9711 15.1712 
254.5 220.577 244.101 137.787 14.5497 187.142 0 2.77486 397.197 342.679 465.07 32.2119 82.6086 95.2971 141.813 88.7105 73.3147 158.747 0.0512246 15.0025 108.802 6.10729 2.4701 62.101 0.630604 62.9744 39.9111 52.0473 
202.337 184.447 173.639 161.962 85.0507 209.554 404.672 0 26.2971 1.56551 135.064 650.455 93.3293 33.2089 150.339 73.9977 2.27048 29.9033 82.2641 8.63538 51.321 15.0395 0.146957 115.127 22.0649 212.493 40.1282 125.598 
95.4917 303.108 7.53179 82.7358 170.522 441.788 1055.33 22.0314 0 315.352 79.9536 357.724 42.0703 7.86044 240.041 0.814779 67.4118 203.423 115.329 0.0265008 105.429 26.3218 59.0821 11.5921 123.612 0.723645 40.9126 43.0532 
154.379 172.186 46.482 78.2802 284.829 225.173 488.602 221.227 1.4632 0 5.65662 83.2723 323.172 71.3577 117.407 53.0071 2.17882 119.646 22.8835 12.8162 1.41685 29.785 0.139144 0.00256856 4.64748 3.47901 27.619 13.1023 
194.1 0.276642 13.7716 179.356 200.537 1.50728 91.5796 248.309 106.949 38.5238 0 392.951 50.4822 41.9735 6.61213 27.1627 81.9467 13.9425 76.8561 0.305385 11.788 29.7244 89.5263 110.796 21.095 18.6395 11.4496 31.6214 
28.5238 30.7105 167.354 213.71 1.92387 5.69856 140.946 28.4292 113.925 246.537 431.892 0 31.5751 137.333 228.739 494.311 84.3394 147.792 16.0511 52.4689 17.3909 74.2412 121.368 6.2186 118.569 166.768 119.962 50.4283 
4.442 2.1566 73.2588 1.33 172.589 100.162 15.4757 129.37 62.2283 291.35 6.5772 3.15632 0 66.7228 60.1367 1.56648 63.2933 9.02466 12.9987 40.2634 40.0481 84.6497 15.313 26.0656 46.3209 7.07999 11.9455 43.3473 
45.4758 46.5536 7.13466 17.9841 9.17608 0.0814998 29.4034 5.88056 2.61825 54.54 17.4072 109.925 155.969 0 52.5873 14.702 20.8929 0.40732 14.7233 0.898657 25.1895 3.79621 7.18937 10.0472 16.3932 1.68771 0.195008 3.65626 
5.52066 33.5213 4.35524 39.3497 2.91115 0.478656 86.9245 1.38208 33.0347 10.6788 1.77772 213.092 118.426 46.9693 0 0.937842 12.8389 39.7897 0.233438 2.02111 50.813 2.912 0.640587 0.0518102 15.7781 26.3934 4.72699 22.6604 
6.93089 17.7052 21.8777 14.2254 60.1342 0.207141 100.998 98.4661 152.115 2.02307 202.695 238.436 60.5006 18.9819 73.3311 0 0.0803886 5.01258 1.45123 4.21609 9.26932 0.273819 2.17023 24.5803 17.8598 0.414719 18.8588 0.32376 
74.5047 43.0217 53.5018 51.6059 34.6839 20.3782 46.8704 92.137 56.4668 47.4411 85.9277 82.2179 18.0873 2.11193 4.24107 1.75222 0 22.5782 326.32 16.0407 50.2934 1.80373 0.123962 1.63867 4.6021 16.5982 3.77766 2.54045 
63.078 290.395 7.28127 43.5786 68.8112 95.7482 234.023 54.6656 10.1602 108.67 171.008 128.364 31.7816 1.82878 35.3587 60.5016 17.301 0 69.811 16.4051 58.6915 42.2701 7.66278 3.94547 1.83379 52.7641 25.697 47.1001 
1.04373e-05 165.742 22.2642 45.4718 218.428 70.1142 138.981 116.338 44.772 50.268 93.3009 71.5107 45.5062 27.2458 36.6168 9.77204 169.902 16.9692 0 14.5865 0.886127 21.8118 17.8799 0.352982 9.3081 1.16594 20.0644 16.8632 
219.876 141.812 12.034 10.2581 5.72135 0.612266 61.1469 80.6924 105.838 20.2103 3.84876 1.08049 39.4264 3.99384 4.09363 9.40374 6.48768 43.355 0.475287 0 167.99 0.433889 3.25342 0.826312 2.22682 0.157915 10.9398 0.57686 
208.472 153.674 22.914 66.9609 111.689 20.8022 88.9024 13.6323 12.554 2.32021 21.7928 149.215 77.8625 40.4351 39.9954 54.031 0.344347 33.2883 3.05466 5.46479 0 4.09789 36.4889 18.8181 21.4132 10.2643 7.27943 34.0092 
10.6088 5.66057 8.29444 14.5468 3.099 20.0814 62.4178 7.86121 14.6979 60.5684 78.645 49.9457 78.8402 0.346492 8.1397 11.8495 17.121 8.3486 19.8376 2.04862 1.17231 0 14.6313 11.4838 11.1278 0.309661 12.2508 8.01894 
9.70663 50.4546 5.47648 4.279 55.1533 0.039493 1.2273 66.2838 92.2652 9.20718 23.9313 77.9803 2.86493 4.94318 1.68021 10.5258 4.79072 20.9751 13.5261 0.0235181 0.726946 1.80268 0 20.8709 1.35276 0.0320695 13.0246 2.3906 
57.6869 21.9895 8.07943 0.69808 53.5452 7.5 12.5379 60.66 98.7217 26.4401 124.584 2.89474 66.1986 9.64787 22.5578 8.46396 15.5244 47.2444 23.8212 2.19745 8.87227 12.1625 9.65445 0 42.9532 13.4513 0.894436 6.84741 
3.3766 1.45236 1.26734 24.4924 34.8451 9.71891 19.9097 80.4293 1.65963 0.924095 4.87467 924.683 10.9509 1.0903 30.2307 53.1326 3.16689 56.1431 18.6233 13.5089 60.4801 89.886 21.7873 19.746 0 33.9768 55.8938 47.9228 
76.8563 58.5532 15.7631 3.45718 36.9928 22.8485 17.5467 164.653 0.709111 32.4276 96.7786 111.992 6.6185 9.91257 24.0018 3.78875 0.158386 58.5886 23.6471 4.48965 14.5557 10.5462 0.12088 0.639688 1.43397 0 32.348 16.66 
17.9223 48.2411 5.92157 4.38065 37.4291 14.019 22.3194 59.1785 66.816 47.5112 30.4922 74.6342 1.10511 0.446851 1.77092 11.0929 0.146318 0.755745 0.0439746 3.46447 0.221268 5.14546 13.4801 16.507 10.2075 11.1667 0 83.6981 
55.9695 63.6019 21.9065 26.3639 27.3487 19.7829 20.7846 129.977 60.3148 16.1021 108.608 171.093 0.0322638 9.95537 20.8688 1.41902 3.16417 51.2197 13.7807 10.4855 0.079164 1.26871 8.76938 14.2383 9.07759 59.4678 2.28954 0 
