0 116.329 189.074 23.4801 44.6123 129.518 267.377 300.886 259.317 57.559 98.6003 171.088 105.407 30.2263 55.374 79.8982 1.66293 102.606 0.0465815 221.722 189.716 2.51117 0.00336067 18.1695 11.6135 78.1394 10.1281 1.46945 
416.99 0 269.361 310.032 364.894 62.8869 333.546 157.194 141.338 135.858 226.99 0.453111 45.7671 65.0366 49.8867 77.9937 131.271 443.175 2.11917 28.43 159.795 43.1198 48.7915 9.31227 45.9035 2.92891 48.7683 29.0447 
198.56 318.622 0 206.757 3.79897 63.4209 90.3559 123.422 469.174 78.8405 50.4583 40.09 21.2241 15.9259 34.0553 4.37716 1.63667 112.662 58.8093 2.92562 0.00282695 12.5038 4.60867 12.9596 10.3863 22.2773 19.3792 9.29598 
341.449 310.611 379.142 0 65.4353 2.27765 2.67005 786.012 329.528 71.7647 11.8423 5.00423 46.0055 2.76092 1.67633 42.3684 21.4984 145.067 37.8091 8.99007 657.982 16.3694 3.28838 5.33755 41.8592 33.9036 9.89194 31.0725 
52.6677 145.525 92.1666 156.666 0 237.061 133.717 0.193903 276.07 312.496 222.605 99.5816 0.282562 70.125 4.94328 20.0574 16.3856 99.1809 297.272 6.64231 42.297 43.8792 38.6105 22.0938 61.5398 56.3009 32.309 56.9634 
107.209 222.896 30.0412 0.517883 163.119 0 49.0038 53.6342 437.445 469.413 246.934 120.997 96.058 21.5851 1.96548 26.694 0.457669 122.98 12.9017 0.0623303 57.01 4.96279 3.50085 0.602421 19.8134 2.14947 11.9525 15.1462 
254.826 217.861 243.785 138.381 13.879 175.914 0 3.02497 411.198 339.922 465.935 31.7579 83.1365 95.3434 141.765 88.57 73.1655 158.235 0.0401607 14.8822 108.99 6.14968 2.50754 62.034 0.654432 63.1432 39.9687 52.1312 
203.179 185.189 174.674 166.467 85.4795 209.358 404.32 0 27.6878 1.64988 136.143 642.243 93.5407 32.9875 149.952 74.9194 2.30415 30.1205 82.4041 8.52766 50.9734 14.9836 0.159742 115.349 21.7319 212.027 40.2647 125.732 
95.1834 303.471 8.33694 83.0272 169.401 439.256 1043.29 23.3106 0 314.193 113.795 358.545 42.4102 7.70099 237.861 0.866655 66.6217 203.644 115.091 0.0321516 105.105 26.392 59.2456 11.6913 122.771 0.766307 41.0001 43.1919 
154.45 171.583 46.2085 78.472 283.948 228.887 489.731 221.113 1.65176 0 4.9776 82.6995 323.624 71.4876 117.146 52.8082 2.21408 119.834 23.0686 12.753 1.4453 29.6986 0.130205 0.00388438 4.59368 3.42423 27.5722 13.0428 
194.139 0.237305 14.1521 179.705 200.026 1.36112 89.941 249.369 106.27 36.7657 0 394.789 49.9701 41.4047 6.01947 27.6756 81.8739 13.8008 76.671 0.292203 11.9003 29.8136 89.2602 110.616 21.3061 18.8945 11.5192 31.4663 
28.2025 31.0161 167.664 214.376 1.98331 5.82621 140.228 25.7131 115.1 246.57 430.283 0 31.3737 137.665 229.538 493.913 84.3055 147.726 16.1349 52.6088 17.5522 74.211 121.473 6.41373 119.875 164.478 119.995 50.8255 
4.38522 2.09714 73.2682 1.35717 172.459 99.0378 15.198 129.224 61.8423 292.291 6.78283 3.08621 0 66.1024 59.8197 1.61271 63.3122 9.096 12.9167 40.2413 39.9748 84.7415 15.4738 25.9477 46.2703 7.12608 11.9751 43.331 
45.522 46.6481 7.16255 17.9554 9.11119 0.0862713 29.5721 5.98711 2.6929 54.7132 17.0165 110.339 156.03 0 52.9338 14.635 20.9011 0.417106 14.6954 0.895153 25.1456 3.81476 7.23739 10.0356 16.3868 1.70358 0.198047 3.64218 
5.57386 33.6772 4.30655 39.3567 2.96585 0.45867 87.2704 1.46837 33.4627 10.8955 2.10811 212.192 118.371 46.5502 0 0.79157 12.8117 39.7075 0.226498 2.01167 50.7695 2.89303 0.667092 0.0593191 15.7154 26.3419 4.70717 22.648 
6.85611 17.5973 21.8462 14.1315 60.2169 0.198759 100.934 99.4562 152.143 1.96439 203.195 234.733 60.6533 18.9605 73.9052 0 0.0829461 5.05114 1.4379 4.20441 9.21146 0.278622 2.19631 24.4785 17.7662 0.391053 18.8575 0.313765 
73.4241 42.3576 53.4674 50.7246 34.944 19.3624 47.027 92.077 55.3875 47.5508 85.9903 82.1754 18.0287 2.12258 4.26023 1.7637 0 21.9988 287.048 16.0791 50.352 1.79566 0.126172 1.647 3.68312 16.5756 3.7881 2.52988 
62.5575 289.787 7.46804 43.2791 68.3097 95.5393 234.067 54.3977 9.98144 108.457 171.015 128.216 31.8987 1.80848 35.4418 60.5211 17.8196 0 69.5155 16.5153 58.5307 42.2678 7.6927 3.92118 1.85469 52.8118 25.6639 47.1246 
0.000208745 165.892 22.1599 45.3856 219.487 70.2961 139.191 116.323 44.5257 50.502 93.1319 71.4072 45.392 27.2406 36.5971 9.80134 168.68 17.1573 0 14.5431 0.902608 21.7973 17.8632 0.348137 9.33331 1.17711 20.0769 16.8835 
219.483 141.786 12.0918 10.1576 5.8007 0.624165 60.9889 80.8841 105.866 20.1381 3.89522 1.05117 39.4015 3.99048 4.0817 9.40767 6.45754 43.496 0.485371 0 165.73 0.431681 3.25624 0.822191 2.21597 0.161117 10.9412 0.581476 
208.94 153.91 23.146 66.199 111.557 20.7083 88.6897 13.8328 12.7178 2.28431 21.9397 149.046 77.8589 40.4618 40.0561 54.0881 0.353787 33.4313 3.02473 4.90474 0 4.08362 36.5091 18.8658 21.4788 10.322 7.30599 33.9627 
10.58 5.63042 8.28373 14.537 3.07248 20.0741 62.4047 7.8182 14.639 60.5837 78.6533 49.8629 78.9662 0.339695 8.16515 11.8465 17.1324 8.32288 19.8204 2.05272 1.18036 0 14.6156 11.4632 11.1585 0.306252 12.2553 8.01192 
9.7461 50.4137 5.49271 4.25873 55.1714 0.0416893 1.20089 66.1261 92.3633 9.27542 23.7149 78.229 2.79045 4.99827 1.72205 10.5009 4.80259 21.0149 13.5065 0.0240441 0.717544 1.82836 0 20.8653 1.33568 0.0303682 13.0183 2.4002 
57.6939 21.9199 8.101 0.71137 53.5186 7.47702 12.4637 60.3658 98.7587 26.3504 124.679 3.0297 66.1415 9.66426 22.4902 8.3393 15.5108 47.2308 23.818 2.2033 8.8344 12.1442 9.51654 0 42.9493 13.4768 0.907011 6.86672 
2.47868 0.53196 1.28609 23.638 34.7678 8.74866 20.0276 80.9478 0.75558 0.948974 4.98281 718.765 10.8979 1.10435 30.2069 52.6727 2.24478 56.1145 18.6501 13.5133 60.475 89.6345 21.723 19.4566 0 31.9877 53.5192 51.4824 
76.8115 58.4401 15.8125 3.50826 37.0813 22.8819 17.4134 165.382 0.751348 32.5581 96.3809 114.086 6.66329 9.93266 23.941 3.72033 0.154887 58.6185 23.6716 4.50322 14.6214 10.5431 0.124236 0.652113 1.43982 0 32.2847 16.9041 
17.8767 48.2093 5.90334 4.35821 37.3949 14.0365 22.378 59.0413 66.8804 47.5052 30.3943 74.4386 1.0945 0.451393 1.75768 11.0676 0.148573 0.747173 0.045382 3.47241 0.216247 5.1561 13.4789 16.4861 10.2571 11.2477 0 83.9769 
56.008 63.6205 21.9 26.3258 27.2933 19.8011 20.7017 130.078 60.4515 16.0384 108.567 171.241 0.0299703 9.94391 20.8908 1.39851 3.15254 51.2224 13.8016 10.4794 0.083085 1.27407 8.76165 14.243 9.09417 59.6037 2.43709 0 
