0 133.137 0.00335829 77.4389 251.454 160.895 6.62662 3.69676 283.556 35.0322 54.9547 62.589 102.358 26.9914 70.5129 6.9202 117.556 205.104 111.458 227.949 0.355228 16.4218 4.76308 28.7596 94.5502 26.0086 1.02228 1.05216 
48.0094 0 133.103 301.686 72.2589 275.053 230.567 293.41 341.108 23.5058 191.693 147.565 120.846 24.9961 35.314 38.9772 153.176 494.549 0.249877 15.3022 81.4323 13.8072 44.1553 11.5425 49.8305 33.2155 48.11 19.8728 
1.31154 428.488 0 120.059 120.857 32.7783 240.166 33.7616 158.473 42.2543 107.685 27.1897 18.9182 2.04225 27.2094 24.3477 52.9965 7.43888 4.87737 16.6472 2.9002 8.34184 0.837923 15.223 7.54099 10.4158 16.6242 16.4457 
370.778 299.475 57.2464 0 2.52288 77.5083 152.494 520.642 135.108 3.47756 166.937 44.2553 72.8882 20.5633 32.1744 42.546 92.2519 135.952 55.2108 1.94128 123.947 10.3073 8.06035 26.6112 47.0028 44.6488 13.0372 25.6182 
245.892 275.362 188.435 84.4034 0 89.9764 20.5101 133.433 308.536 241.401 221.743 144.786 98.2906 52.0232 78.4448 63.2661 31.7579 82.0211 8.74806 89.799 0.114504 55.708 30.9413 10.2616 62.7986 67.6016 44.7494 45.4053 
131.786 165.365 62.1379 61.2969 684.833 0 1043.75 154.905 45.933 510.966 96.3718 52.0536 522.517 0.0808972 0.420039 0.00855061 81.4862 66.8553 32.9278 19.8048 76.9805 8.92355 11.5106 5.0081 66.4283 26.9977 1.57811 14.8947 
0.131379 270.101 21.0983 181.709 149.74 831.46 0 53.392 356.05 308.933 318.582 177.773 9.21502 26.2681 119.996 1.10657 107.391 168.286 59.4646 78.9029 0.903714 8.48062 18.2408 69.5105 64.7848 42.8459 58.0157 33.4492 
91.8974 4.08864 7.90934 249.943 222.938 3.47119 366.114 0 660.401 21.3144 326.545 954.979 0.409789 14.0637 141.066 95.9042 5.30408 95.0248 33.2881 103.968 47.5949 0.200531 89.2107 138.288 189.956 184.251 0.415065 62.6933 
51.6479 179.585 332.774 364.663 3.70972 45.096 1090.14 658.855 0 271.936 810.368 362.722 179.006 14.9032 145.015 2.07228 67.093 121.942 33.9914 91.4559 77.4133 49.1819 14.4884 41.7445 55.1297 62.1699 53.3389 0.207639 
42.2458 166.538 82.5404 101.031 280.499 38.6494 500.063 198.66 259.052 0 260.917 174.844 235.7 84.0228 2.56788 23.6268 5.68856 7.96739 122.792 39.0873 0.00103036 60.4501 50.6497 37.7303 65.0927 73.7247 7.8215 24.4269 
14.2076 9.67051 55.7178 21.6081 201.047 110.463 71.8179 228.94 17.2565 356.205 0 255.123 189.249 5.43131 56.3173 36.4277 65.5892 155.584 127.013 15.7768 17.6914 28.0418 21.7307 11.4534 117.125 0.468488 6.98371 109.617 
4.19383 205.711 23.9406 254.358 140.388 57.2624 270.825 277.882 357.045 207.726 12.6778 0 158.969 14.1097 4.56467 15.4191 55.7121 134.03 20.6306 0.0816439 85.4042 72.1874 84.9385 179.656 216.567 196.833 1.38959 1.54481 
39.3914 148.614 12.7563 15.5255 55.2631 58.616 96.0494 114.417 4.67836 287.724 41.8032 148.567 0 106.308 116.987 55.9816 60.6098 3.19566 51.3194 28.3277 3.47368 79.9222 8.81883 44.0663 50.2464 0.849718 39.1409 26.1637 
43.0431 6.4722 7.24889 20.0278 46.5003 21.9549 94.2958 99.9248 11.2846 80.6049 0.0198519 1.82987 0.545632 0 57.138 4.83834 13.2543 7.80556 5.01594 0.110285 6.05453 8.39162 8.87079 0.776632 0.669914 12.6522 2.46048 7.47748 
8.13297 51.5932 0.310711 3.08746 82.057 0.00730655 23.753 108.478 190.521 133.021 14.0936 134.939 53.7341 8.22788 0 44.2752 0.0722805 48.4691 0.46015 0.343898 47.1551 15.517 8.58825 26.1653 0.15293 28.2878 5.37563 10.8039 
79.9184 84.7014 1.19788 14.8867 16.6162 26.0208 10.9124 71.6198 152.366 3.01217 210.593 319.114 78.844 0.422328 17.1855 0 13.9812 6.61424 0.584191 5.74009 30.7839 1.26885 5.79455 27.9034 36.9969 5.80623 14.0341 18.0349 
132.582 187.37 17.3939 53.4095 143.009 95.1958 0.327982 87.2834 129.477 14.2853 94.367 50.9918 1.56422 19.7023 22.5839 19.1354 0 223.275 138.78 18.8022 68.4133 14.9837 17.5797 20.5448 64.4289 0.072204 20.3945 14.7087 
171.471 44.3036 112.598 20.816 84.8271 6.79931 232.69 171.46 109.714 66.7758 51.3369 150.025 20.7104 0.748857 26.3639 61.148 77.7232 0 5.1695 43.2941 103.08 8.5355 38.1716 6.00186 17.6308 58.8945 3.0305 40.2997 
110.376 172.048 35.2821 49.2703 20.4103 48.2378 141.134 99.9683 104.054 119.652 120.361 65.9928 79.5804 21.777 37.1121 20.5001 64.4151 137.896 0 19.8274 14.5211 1.63094 1.72593 10.7741 28.9107 14.5228 10.0134 23.36 
186.855 74.3847 25.365 39.2543 90.5513 15.2514 32.5102 44.5854 8.53131 46.0638 2.4548 59.7963 26.8149 1.30674 1.58078 8.67368 4.46385 16.3576 0.0325531 0 47.9598 4.59734 3.55565 0.143814 0.406815 0.127624 3.68594 6.82425 
1.008 90.3598 10.6702 198.863 125.382 62.982 130.955 190.586 176.524 7.06367 8.72956 85.7104 52.3068 44.0485 44.4812 32.6431 21.0405 2.94375 1.54378 24.094 0 23.0702 32.6679 36.4344 25.5517 2.52307 42.4356 8.68276 
6.30424 3.72078 0.66999 2.00734 0.755817 20.4436 61.5258 0.531101 1.40081 30.4127 78.4457 45.0586 85.4292 9.89343 0.0530245 10.2374 9.53347 13.8366 0.604134 5.80581 32.8112 0 10.8827 0.126462 9.95678 1.61423 8.35283 0.0103292 
24.4357 46.1142 1.34245 9.28128 56.3786 3.25607 40.304 68.5376 0.00129198 25.4502 1.51729 123.985 7.16834 7.1587 11.0697 6.38068 18.7094 44.7987 0.122679 2.64172 13.2948 2.48431 0 8.36996 5.53143 7.06326 13.4261 3.52465 
54.6551 24.8111 0.64584 16.6811 45.1146 13.8841 50.0003 7.92318 15.2467 60.1973 76.4359 183.399 3.99459 4.65484 0.636891 13.9139 0.224931 23.2882 8.47498 5.28776 0.190668 0.0122584 0.301341 0 14.1243 11.5125 10.6001 1.056 
53.8465 50.4661 19.4774 69.6047 32.4469 63.7632 28.9108 27.8704 164.86 43.4887 90.1108 119.9 15.8434 14.6543 7.73546 8.62483 63.164 38.1348 30.8032 13.715 59.8699 42.4893 18.4329 25.7075 0 95.937 53.3481 58.7058 
30.0713 76.6457 17.4579 22.0405 19.5116 0.0100262 76.7312 197.726 62.0678 41.9444 139.303 85.9537 0.685981 5.51387 26.3147 1.29656 13.1321 61.6005 30.5401 4.35448 5.06214 6.11981 5.40456 14.9866 3.18593 0 33.721 59.0347 
0.0444202 14.3055 0.873977 2.29832 0.832291 20.2071 46.5938 99.9051 74.6428 36.2781 37.5968 69.0527 18.4022 3.12682 2.21812 18.498 22.4045 31.4124 23.211 10.9735 26.1734 12.8171 12.8179 11.9336 31.0951 9.35562 0 1.69475 
56.7856 64.7061 21.1787 30.6424 3.80531 19.9805 39.3121 53.2274 4.74423 27.8586 36.4112 112.795 9.77642 11.8559 1.28822 15.373 13.75 28.0254 25.1743 3.82956 14.8074 10.1733 7.80769 9.72076 35.8662 48.8627 62.0971 0 
