0 679.34 210.837 318.352 11.0196 439.824 260.005 307.086 543.932 36.9734 72.0071 136.543 100.376 34.945 48.6444 76.86 307.304 60.3653 1.29264 243.729 224.818 1.44749 0.231579 13.3793 313.623 74.6255 7.39276 0.286039 
882.564 0 28.3382 556.658 156.952 321.599 493.574 99.7407 356.118 183.275 254.903 8.44577 29.3175 68.6221 62.1321 71.5857 451.293 374.383 0.634087 53.6821 172.634 40.2224 45.1032 5.72376 360.657 7.32854 50.8769 23.7172 
210.421 473.294 0 12.5209 26.4978 52.9574 168.944 202.272 324.191 96.5145 107.685 74.4106 29.4895 14.7811 33.095 7.49182 0.146748 140.655 61.2191 6.16172 3.86966 12.6022 5.83258 11.6159 13.7762 24.9009 19.2139 7.21218 
617.283 559.059 227.337 0 96.6318 307.328 24.2536 389.497 590.196 55.6618 0.369893 38.4968 38.4351 1.30804 0.187856 39.2956 322.882 137.233 30.5273 17.2196 84.7971 16.6591 2.01954 3.06348 350.39 39.3848 12.1793 29.03 
15.541 11.6595 136.223 163.755 0 383.179 28.3381 3.24105 333.287 246.347 248.89 77.8317 6.59466 68.6862 11.5709 13.5015 4.87164 140.88 290.677 14.4376 55.745 47.4263 34.0816 17.7129 64.4612 50.5304 35.1327 56.9408 
430.072 481.455 46.2237 311.857 309.986 0 689.101 19.0426 550.165 612.623 273.228 97.0787 372.72 20.4582 0.087903 25.1164 307.445 123.461 3.71316 0.110333 49.5924 3.4181 2.23159 0.131473 323.993 0.72758 10.5212 13.1956 
267.838 46.2522 197.525 177.703 9.70884 390.151 0 51.6294 1294.97 125.062 480.184 6.24321 124.202 96.8654 133.094 76.4712 61.4717 117.566 3.11247 6.99387 122.145 9.73798 6.12576 56.4116 3.72511 75.3343 44.2151 58.1789 
260.457 237.082 242.63 341.511 118.756 185.05 348.811 0 216.974 14.3132 220.6 80.683 108.98 17.8137 116.622 150.494 5.55946 48.2888 92.4821 2.25042 27.2594 10.9699 2.67149 129.524 3.51406 165.536 50.7861 133.316 
451.352 689.356 167.324 493.895 88.4421 553.549 64.618 206.355 0 210.698 638.788 399.68 70.7385 0.890941 311.093 9.34665 384.376 216.063 95.896 2.04608 80.3692 31.8079 71.2933 20.2271 434.656 7.48606 47.6062 53.8052 
156.561 122.674 26.651 91.6281 201.569 464.718 479.272 206.312 47.483 0 77.6458 43.0192 321.583 79.5894 92.8688 37.5858 5.68092 132.492 38.6098 8.30853 4.40586 23.204 0.319044 0.891514 1.39188 0.513313 23.9876 8.8262 
193.363 6.03095 55.7176 199.271 157.635 11.9597 6.49961 320.718 107.412 25.8334 0 498.916 17.7169 8.47049 41.6985 76.7092 75.9051 5.04935 62.4134 0.142107 21.7933 36.7032 68.2179 95.0335 39.608 42.199 17.3056 20.4599 
8.74184 57.571 184.697 251.878 9.06667 19.2989 87.0896 209.541 211.14 240.397 282.576 0 17.6264 157.91 270.246 325.381 81.2709 141.219 22.9836 63.0556 31.6085 71.3854 126.622 29.1565 23.03 25.316 120.556 82.973 
1.11841 0.0119862 72.938 4.19228 158.847 79.5834 1.32102 116.796 34.9743 331.531 30.9242 0.0570988 0 24.0365 36.3749 6.97972 64.3744 15.2311 7.34792 38.3372 34.4094 89.5868 29.3788 17.4148 42.1441 10.9792 14.2784 41.8654 
48.7077 53.5252 9.29734 15.6304 4.78788 0.838051 42.9983 16.5925 12.3778 66.9538 0.20117 138.831 146.221 0 59.4191 8.9348 21.4461 1.49495 12.571 0.645029 21.7839 5.2685 9.5886 8.66475 15.6381 3.0775 0.495303 2.62319 
10.2663 45.8804 1.35044 39.1186 8.51162 0.191627 111.792 15.3461 74.1892 32.4984 100.42 134.509 109.502 11.7981 0 23.7704 10.7721 33.4022 0.00569379 1.34844 47.1551 1.60848 4.09424 2.06847 11.0168 21.8082 3.29287 21.4172 
2.30378 10.1884 19.0679 7.60428 65.9462 0.0692005 94.0035 175.624 149.552 0.0362099 227.322 17.7827 71.2011 15.7112 86.0283 0 0.39311 8.35976 0.600215 3.33305 5.28017 0.759654 4.4737 14.9498 11.0122 0.634071 18.5528 0.0135014 
368.908 371.177 50.1237 361.254 56.3973 320.519 59.0256 86.9081 351.511 55.7245 90.2088 78.5129 13.7613 2.9997 5.81715 2.73434 0 0.0101659 510.866 18.9931 54.6019 1.23197 0.350284 2.33538 311.962 14.8346 4.61462 1.7851 
27.9286 206.085 27.7448 22.6827 34.1567 78.335 230.04 35.3332 0.984104 91.2893 169.283 115.935 41.1002 0.591822 41.7136 61.547 75.4432 0 47.6445 25.6327 46.4562 41.9444 10.0968 2.28064 3.77018 56.1139 23.1314 48.7868 
1.86512 172.324 14.6423 38.5114 283.006 82.1245 151.859 114.058 27.214 68.504 79.684 63.257 36.7167 26.6815 34.8321 12.0864 82.4321 33.8494 0 11.3311 2.58772 20.626 16.5412 0.077264 11.2962 2.17289 20.9868 18.3942 
167.988 134.265 16.5026 3.75482 13.2369 1.84381 48.6419 94.4838 106.416 14.8493 8.1773 0.00342177 37.3012 3.71929 3.20258 9.62564 4.33502 54.1211 1.5519 0 23.1797 0.279444 3.46034 0.535389 1.45714 0.495967 11.0085 0.981986 
236.003 168.89 43.0295 66.321 100.521 14.0151 72.2309 32.7885 27.8897 0.368636 34.218 134.526 77.1867 42.2812 44.4812 57.9537 1.43869 44.7836 1.17121 49.2165 0 3.06267 37.8883 22.5354 26.5701 15.0542 9.43305 30.3483 
8.47233 3.55541 7.45358 13.7429 1.37833 19.3477 60.9467 4.85817 10.4334 61.0349 78.6621 43.4282 86.6594 0.0190102 10.0989 11.4954 17.9651 6.46016 18.4608 2.37025 1.86736 0 12.9097 9.74282 13.5927 0.101564 12.5489 7.46082 
12.9037 47.0039 6.73444 2.82897 56.1578 0.380346 0.0325353 53.8008 98.4789 15.0121 9.78759 96.1478 0.000918845 8.62389 6.134 8.28512 5.73223 24.0387 11.9985 0.0808352 0.180561 4.1803 0 15.5917 0.818521 0.0367923 12.4329 3.16396 
57.7185 16.8021 9.72295 2.06685 51.1684 5.77153 7.37107 38.8719 100.188 19.6898 128.977 21.6594 60.7626 10.3836 16.6532 1.21755 14.4445 45.9751 23.4829 2.65646 6.15151 10.5704 1.1553 0 39.1011 15.163 2.09699 8.33146 
313.064 309.428 3.08044 336.599 28.9042 313.208 29.636 120.604 312.451 3.77177 16.3919 274.787 7.17381 2.40362 27.7518 8.5378 310.299 53.6359 20.6527 13.758 59.6341 16.3269 16.4415 9.15615 0 96.5723 51.6313 25.1437 
72.3856 49.4908 19.4408 8.31627 43.7329 25.1368 8.56638 211.928 7.44027 42.5562 65.9413 285.038 10.4258 11.3105 18.8798 0.292626 0.00325107 60.4938 25.4372 5.55289 19.8907 10.2583 0.509081 1.91617 3.28912 0 26.7344 37.3114 
14.4941 45.6054 4.56999 2.7964 34.7053 15.32 26.9122 48.499 71.3685 46.7743 23.1986 59.2672 0.435674 0.859214 0.887289 9.12119 0.369764 0.237068 0.217034 4.08882 0.00318569 5.97312 13.2682 14.7216 15.0693 17.7611 0 92.5252 
58.5282 64.5797 21.2 23.2193 23.1114 21.0471 14.7289 135.037 70.5202 11.4511 103.935 176.282 0.10291 9.00351 22.303 0.266636 2.32379 51.2041 15.3869 9.97705 0.656248 1.70798 8.12283 14.4539 10.508 63.2646 25.0531 0 
