0 474.699 209.785 54.5771 4.32927 148.438 251.692 302.252 241.734 30.399 62.9205 123.514 98.134 36.5674 46.1005 75.2085 16.9619 47.0535 2.60606 219.809 233.319 1.13719 0.451884 11.7991 21.656 72.8934 6.50692 0.0858083 
594.531 0 0.465503 230.623 93.0413 21.7232 519.892 80.6577 42.8369 197.932 261.19 13.5882 24.13 69.5483 66.3049 68.8901 163.957 698.564 2.5413 63.5224 175.602 39.1204 43.6718 4.63709 72.7678 9.3226 51.5205 21.8754 
205.697 451.784 0 33.852 38.7002 47.9294 194.169 226.331 241.653 101.615 129.648 87.6585 32.5482 14.2688 32.335 8.71734 0.00392514 148.344 61.5576 7.51931 7.14452 12.6092 6.2742 11.0955 14.9962 25.6389 19.0997 6.50329 
287.54 233.407 43.4993 0 107.432 17.344 36.4376 746.909 269.904 49.8105 0.168224 56.6934 35.7074 0.91369 0.0155186 37.6473 30.4963 132.589 27.9303 20.4595 651.406 16.7293 1.63435 2.38711 60.0133 40.9288 13.0065 28.1566 
7.35653 0.0181412 150.031 163.415 0 378.704 8.59278 6.7035 345.617 215.267 254.847 70.2096 10.7541 67.8199 14.5016 11.414 2.36683 155.261 275.869 17.7994 60.6645 48.5795 32.426 16.2175 65.2798 48.3371 36.099 56.7831 
143.535 168.207 51.4133 23.9893 797.97 0 961.165 10.5848 178.626 370.273 272.478 87.9928 32.8148 19.8895 0.0100167 24.3459 17.2872 122.25 1.73442 0.289624 46.8247 2.92448 1.8384 0.0460601 32.4358 0.399159 10.0092 12.4867 
266.615 13.292 172.738 187.961 30.2884 743.548 0 81.1636 1244.94 64.1819 460.517 1.8389 138.595 96.4458 127.799 71.6135 57.2127 102.84 6.02317 4.84588 126.213 11.1746 7.75814 54.1893 5.39467 79.2681 45.6505 60.1514 
276.45 252.514 259.194 374.923 130.576 172.487 317.447 0 309.545 21.6087 249.848 3.83554 114.082 13.3553 103.532 177.001 7.03511 55.4138 95.7526 0.975812 20.3397 9.66478 4.27731 133.101 0.737793 145.182 54.5425 134.704 
178.259 414.974 250.96 240.451 63.6842 181.844 10.26 298.195 0 170.574 1034.23 403.213 81.6932 1.05978 241.995 14.3904 97.5103 218.281 88.6911 3.49968 71.7141 33.7577 75.3167 23.6814 144.748 11.4454 49.9104 57.5567 
155.754 104.783 20.5751 95.4905 168.024 487.187 432.032 198.342 76.8214 0 153.987 31.3446 303.987 81.5367 82.688 32.3119 7.27023 136.12 44.6796 6.91822 5.82643 20.9627 0.796485 1.5754 0.693831 0.0958519 22.7091 7.48956 
191.316 12.1594 75.2335 202.581 141.487 25.5462 0.000391891 340.115 278.29 79.3446 0 514.769 9.92337 2.56149 88.4335 97.376 73.5935 2.94944 57.3372 0.493518 25.9017 39.1826 60.5936 88.7488 46.9877 51.9891 19.5742 16.9856 
4.40349 68.3184 187.366 257.941 12.7524 25.712 69.7712 417.871 245.931 234.207 224.635 0 13.5735 162.388 273.756 226.654 79.9844 138.233 25.6235 66.6207 37.367 70.1404 127.05 40.4837 13.2277 3.77677 119.825 94.8165 
0.470883 0.440537 72.3261 5.55114 152.354 89.6013 0.024877 111.83 26.8759 328.513 43.1311 0.0913533 0 13.178 28.7641 9.70988 64.5711 17.7263 5.71067 37.5606 32.4488 90.2457 34.9156 14.6507 40.5583 12.4992 15.1185 41.2418 
49.6762 55.7915 10.0482 14.749 3.56051 1.28358 47.9348 21.4431 17.5905 70.7234 0.76952 147.046 136.345 0 51.8207 6.8613 21.6014 2.03334 11.8205 0.56448 20.5896 5.79382 9.63351 7.9791 15.2507 3.63385 0.63163 2.28977 
12.2189 50.2976 0.687191 38.6733 11.1015 0.692972 119.279 23.4791 91.4738 42.112 160.512 105.614 104.305 3.48517 0 43.1333 10.0654 31.16 0.0736746 1.14055 45.7379 1.23334 5.882 3.41413 9.42933 19.971 2.8389 20.8501 
1.2546 7.97463 17.9274 5.6617 67.6899 0.264619 90.6446 200.168 146.445 0.5728 228.667 0.0641555 74.3406 13.9302 74.2032 0 0.557741 9.70363 0.387747 3.03437 4.12178 0.983502 5.37858 11.2601 8.89358 1.67452 18.3495 0.127178 
74.1576 88.7745 48.6108 71.7161 64.5938 28.1037 63.2709 84.8017 57.2199 58.514 91.4374 77.0177 12.3456 3.34202 6.41475 3.12422 0 3.31754 448.656 20.0189 56.0103 1.05566 0.456344 2.60518 21.929 14.2099 4.92284 1.54924 
18.5052 124.692 37.4276 16.6568 24.3616 71.7712 225.15 29.302 0.0459477 84.8563 167.588 111.141 44.4817 0.317515 43.8943 61.6904 102.394 0 40.3692 29.163 42.2872 41.7617 11.0072 1.79912 4.60147 57.1238 22.228 49.2804 
3.39172 172.189 12.2235 35.955 295.142 85.2104 154.684 112.709 21.8627 74.8392 74.6926 60.2554 33.6766 26.4075 34.0835 12.92 62.9541 40.7542 0 10.2411 3.38729 20.1796 16.0497 0.0278085 12.0137 2.59393 21.2882 18.9152 
142.317 129.118 18.0266 2.17218 16.4903 2.4194 44.189 98.7457 105.854 13.0921 10.0368 0.197165 36.4606 3.61621 2.90601 9.66404 3.66765 57.7797 2.06933 0 2.32081 0.232944 3.52747 0.446917 1.22125 0.657138 11.014 1.14703 
241.11 172.701 50.8738 109.815 96.2029 11.8799 66.3355 41.1053 34.4507 0.0808273 39.0451 128.631 76.7584 42.8228 45.9513 59.0865 1.99623 49.0008 0.717469 99.3926 0 2.73166 38.3023 23.852 28.4131 16.8843 10.2366 29.0356 
7.76465 2.92429 7.15275 13.4387 0.934083 19.0113 60.2145 3.9625 9.08014 60.8558 78.3679 41.0955 88.4169 0.0004511 10.7752 11.315 18.2424 5.84487 17.9554 2.48541 2.14689 0 12.0897 9.07221 14.4904 0.0551518 12.6291 7.25724 
14.0929 45.6586 7.17394 2.37916 56.3192 0.580573 0.0212917 49.3435 99.979 17.2761 6.19054 101.864 0.405926 9.35615 8.15964 7.39064 6.07404 25.1092 11.4596 0.108888 0.0752908 5.16535 0 12.0852 1.01152 0.103374 12.1741 3.4496 
57.4858 15.0844 10.2829 2.70392 50.1837 5.19239 5.8458 31.8962 100.034 17.4372 129.099 31.8346 58.4002 10.3739 14.3831 0.179287 14.0531 45.4255 23.3182 2.82068 5.2978 9.93635 0.0714042 0 36.2094 15.628 2.6236 8.844 
24.1698 19.952 3.88091 48.0742 26.8476 21.8694 33.2975 134.063 24.6766 5.19995 21.8333 510.448 6.0101 2.96521 26.5985 17.8583 20.1915 52.617 21.3432 13.8017 59.1245 45.5596 14.4655 14.7892 0 66.425 140.538 105.203 
70.3572 46.1936 20.64 10.407 46.0355 25.7903 6.10263 222.922 11.3894 46.0716 55.4762 336.688 11.9182 11.7178 16.9421 0.00124821 0.00392752 60.9655 26.0156 5.93112 21.8714 10.1325 0.705239 2.50467 4.57998 0 24.4899 44.4566 
13.343 44.5943 4.12435 2.31534 33.7102 15.7517 28.5474 44.7481 72.7572 46.388 20.7868 53.8442 0.272681 1.03282 0.645847 8.4286 0.471795 0.124148 0.308502 4.313 0.00789297 6.26584 13.1359 14.0218 17.1067 20.156 0 89.1493 
59.2216 64.7033 20.8578 22.0317 21.6495 21.4207 12.7887 135.447 73.8929 9.95975 101.618 175.055 0.246001 8.6401 22.6707 0.0764437 2.05657 51.0888 15.9446 9.77829 0.989187 1.87449 7.87391 14.4574 11.0084 61.2747 36.9346 0 
