0 163.712 0.0518144 114.613 253.307 205.028 7.85043 2.79371 328.538 36.2759 56.5541 60.4271 102.705 27.3093 70.6363 7.29935 160.192 203.074 111.051 230.219 0.146818 16.5826 4.91097 28.4049 137.428 26.5925 1.09038 0.962865 
96.4458 0 116.442 350.392 82.1606 318 216.946 293.725 377.898 21.5757 194.542 149.655 121.816 25.4706 34.528 39.6392 195.208 60.5715 0.420073 14.1725 79.752 13.5941 43.8875 11.2604 93.534 32.6121 47.9493 19.5442 
2.04397 438.94 0 137.44 123.72 31.6913 238.049 30.3337 143.854 43.6027 111.742 25.4695 18.4187 2.1354 26.9142 24.4141 52.8041 6.52922 4.58827 16.932 2.4675 8.28836 0.879195 15.2582 7.34198 10.1742 16.5547 16.3207 
417.678 348.282 38.0716 0 3.05666 119.982 155.223 1316.56 172.049 3.10322 164.841 47.5917 72.8469 20.4532 32.4512 42.4384 135.393 135.111 55.5204 1.70654 416.211 10.2376 7.93989 26.5974 90.0129 44.661 13.1908 25.815 
247.999 289.391 188.448 86.4665 0 89.4038 24.6919 135.591 304.676 246.932 223.883 145.915 100.083 52.4444 77.8406 62.8866 33.0253 84.6592 10.8539 89.4123 0.066849 55.7934 30.6309 10.0296 62.9953 67.4169 44.6344 45.1811 
176.531 213.229 62.6705 103.807 121.114 0 1074.52 157.685 93.6098 883.673 101.234 50.4577 518.111 0.106027 0.330594 0.0193594 124.441 65.6141 31.882 19.6572 77.0266 8.79821 11.4088 4.90398 109.787 26.9226 1.5276 14.7683 
0.0173464 283.859 18.263 179.71 158.765 857.126 0 48.4685 425.331 294.526 308.504 174.281 10.3383 25.4574 121.275 0.911382 107.622 165.812 61.0463 79.5141 1.08444 8.72625 17.7961 69.6794 64.1309 41.9796 58.1358 33.9084 
87.8664 5.03566 6.22198 259.267 222.868 4.30224 370.635 0 662.025 22.8039 322.736 931.471 0.532745 14.8649 143.154 91.0138 5.55945 93.5648 33.9842 104.619 49.3006 0.165615 88.6567 138.106 189.212 180.939 0.509194 61.4029 
96.4496 229.994 346.878 409.422 4.93555 92.5638 1031.03 661.079 0 278.679 328.211 358.725 180.398 14.6523 154.823 2.49773 111.059 119.818 35.1229 90.8556 79.0235 49.5117 13.9161 40.9826 97.6856 63.6399 53.75 0.276387 
40.9359 169.6 81.2852 100.526 284.966 31.3234 503.462 197.052 252.003 0 242.982 172.074 229.073 83.9594 3.14207 22.7522 5.41395 7.42462 122.95 38.7385 0.00845017 60.3614 50.2954 37.2911 64.7757 73.9619 7.64692 24.0765 
13.3012 8.51959 59.1879 23.294 198.482 105.514 79.4379 223.452 27.4404 338.218 0 244.377 186.427 4.3586 48.297 39.3629 65.1073 154.831 127.247 15.3454 17.0252 28.4825 20.6976 10.7331 118.309 0.706254 7.2659 109.737 
4.87305 206.887 25.6173 255.54 139.195 58.9066 269.24 241.039 361.11 209.912 16.2118 0 159.099 15.3517 3.28457 22.4989 55.2921 134.683 21.0938 0.127534 84.0821 71.9824 83.7314 178.55 222.852 185.223 1.61247 1.98069 
38.7001 148.549 13.1939 15.114 53.6023 64.1862 93.3528 115.332 5.32565 282.704 39.4479 147.92 0 109.211 117.405 56.7805 60.4496 3.41745 50.7579 28.1176 3.32383 79.3096 9.46385 44.6551 50.0424 0.936527 39.161 25.9484 
43.297 6.76012 7.10945 20.1449 46.0431 21.9559 93.9916 100.941 12.1274 80.9579 0.149356 2.31397 0.977982 0 55.7519 5.1813 13.1656 8.00427 4.9083 0.117124 5.90412 8.30918 9.01601 0.694945 0.726674 12.6117 2.5086 7.40331 
7.82003 50.7764 0.384043 2.89706 81.5096 0.0252582 25.0905 106.039 193.141 132.716 10.0408 140.341 55.3124 6.64798 0 40.5363 0.0594415 48.0876 0.412478 0.32311 46.8975 15.4347 8.9858 26.3752 0.199741 28.081 5.2725 10.982 
80.0296 84.7139 1.09626 14.4136 17.0499 26.1228 10.3091 67.112 152.336 3.38109 212.668 336.647 78.4201 0.544301 20.2271 0 14.0954 6.83376 0.627935 5.68216 30.3751 1.22007 5.62359 27.5951 37.0163 6.2219 14.146 18.2066 
176.403 231.057 17.8058 97.0961 143.797 138.554 0.247303 86.9082 172.225 14.7031 94.4861 50.5616 1.46541 19.7582 22.7027 19.2365 0 218.713 180.932 18.9931 68.4279 15.0496 17.6172 20.5674 107.807 0.0607963 20.3542 14.7935 
168.822 55.4309 110.507 19.6834 82.1878 6.24389 233.129 172.117 111.849 67.9887 52.5306 150.24 21.2187 0.816057 26.7689 61.2136 72.9625 0 5.72305 42.5888 102.477 8.40614 38.3142 6.14915 17.9068 59.0357 3.11498 40.1154 
109.932 172.208 35.8186 49.6636 17.5251 49.325 140.126 100.502 105.327 119.232 120.83 65.4494 79.2844 21.6631 37.0257 20.6476 67.8832 138.701 0 19.6067 14.8211 1.58047 1.67381 10.8746 28.9772 14.6684 9.93243 23.2892 
183.06 76.2335 25.5227 38.7713 90.1912 15.0685 33.2959 43.5831 8.99988 45.7706 2.27172 59.1126 26.6003 1.28677 1.5383 8.70938 4.33502 15.8115 0.020686 0 40.2979 4.61704 3.54369 0.15309 0.382206 0.14237 3.64566 6.87607 
1.47963 88.671 11.5202 191.747 125.778 62.5698 131.577 191.685 175.759 6.76014 8.24827 87.0319 51.9616 43.9837 44.7579 33.0517 21.3467 3.19417 1.65339 30.2782 0 23.1688 32.5301 36.6423 25.8906 2.6781 42.5064 8.4986 
6.4234 3.84652 0.644904 1.96129 0.824342 20.4577 61.4177 0.592131 1.30122 30.8447 78.5056 44.6306 84.9903 9.94919 0.0399406 10.2931 9.46151 13.9885 0.572932 5.79308 32.8163 0 11.0606 0.152496 10.1387 1.65092 8.30102 0.00791929 
24.679 45.8619 1.3934 9.15906 56.3809 3.16831 39.7927 69.3112 0.0138674 24.9825 1.8314 123.581 6.601 7.39656 11.4846 6.55214 18.6885 44.8279 0.108599 2.65835 13.4615 2.33975 0 7.69687 5.31061 6.99051 13.4376 3.57849 
54.8148 24.4549 0.689438 16.4804 44.872 13.7857 49.549 7.24884 15.8067 60.2559 75.17 182.589 4.28196 4.49666 0.768856 13.2269 0.241179 23.0661 8.37862 5.31062 0.161194 0.0212472 0.488513 0 14.9089 11.3628 10.4518 1.10684 
96.7518 93.4168 19.2673 112.578 32.0604 106.971 28.2491 26.0494 208.407 42.9535 91.5629 978.324 15.5429 14.5624 7.46657 9.27925 106.558 37.8445 30.7883 13.7015 59.795 50.1327 18.1552 26.0189 0 86.1412 80.739 79.3344 
30.6743 76.9811 17.2168 22.5168 19.9086 0.0200208 77.4627 200.578 63.5376 41.2873 137.801 95.6922 0.764307 5.39754 26.0526 1.51393 13.248 61.6363 30.5209 4.42196 5.27599 6.06905 5.32689 15.0831 2.91238 0 33.4364 59.7257 
0.0314334 14.0887 0.833371 2.21404 0.78139 20.205 46.849 99.7944 74.8538 36.0753 37.089 70.0476 18.5626 3.17895 2.14531 18.4614 22.4093 31.5657 23.2457 10.9681 26.3493 12.821 12.8543 12.0779 30.1658 9.74058 0 2.37849 
56.9618 64.6928 21.2374 30.7643 3.6681 20.0686 38.8521 51.9652 5.04681 27.5042 37.2201 114.894 9.95683 11.8407 1.37086 15.5718 13.8359 27.8022 25.1232 3.77989 15.0313 10.1882 7.75998 9.81128 36.1579 47.678 59.8711 0 
