0 890.676 198.538 442.574 0.00731965 464.536 232.928 287.268 539.487 20.9883 49.1681 102.584 94.1115 39.0679 41.9364 72.0056 337.608 28.6015 5.60556 140.084 241.826 0.718469 0.951188 9.4401 339.385 69.6549 5.19768 0.00861319 
855.206 0 44.6986 486.825 21.8604 336.618 519.453 53.1269 340.535 217.68 266.857 24.0674 16.7418 70.6264 72.628 64.2137 486.97 930.886 8.1301 79.4188 178.478 37.2969 41.2801 3.12692 396.424 12.9192 52.4254 19.0215 
189.045 340.358 0 159.085 61.3473 39.0582 226.487 256.353 113.214 108.123 163.71 108.915 37.4715 13.3536 30.706 10.7482 0.200401 157.486 61.5222 9.84249 14.2368 12.59 6.97684 10.2306 16.9227 26.5768 18.859 5.42099 
526.874 489.827 126.878 0 123.578 339.155 59.515 640.318 533.22 40.6104 4.10281 90.3826 31.3787 0.427357 0.13515 34.5108 347.357 123.419 23.8502 25.7361 2.3088 16.805 1.09872 1.4706 379.451 42.8719 14.3286 26.6248 
0.523877 25.678 168.479 159.772 0 406.154 0.897484 14.6631 355.13 162.153 260.297 58.3953 19.2828 66.0726 19.7075 8.3957 0.216076 176.836 240.946 23.6862 68.5499 50.2867 29.7603 13.9206 66.3339 44.7258 37.5912 56.3714 
467.487 449.178 58.4642 348.892 1086.24 0 1168.28 2.09255 391.442 385.654 260.226 73.3355 199.528 18.8196 0.533292 22.9172 337.903 118.871 0.112271 0.746766 42.3298 2.20632 1.28259 0.000463253 350.419 0.0769198 9.1948 11.3507 
258.365 2.25844 128.726 199.129 83.4971 908.195 0 137.524 741.926 6.72552 405.582 0.225087 160.34 94.7485 117.301 63.4623 50.4121 79.9503 12.5067 2.20754 131.93 13.6179 10.6989 50.4508 8.63853 84.9685 47.8416 63.068 
295.708 272.666 274.479 510.598 148.897 149.317 259.119 0 457.498 35.8849 292.748 86.1874 121.671 7.46236 82.3286 214.422 9.71108 67.2895 100.564 0.0281533 11.2407 7.73133 7.56468 137.029 0.586524 111.101 60.4665 135.44 
524.471 744.894 376.119 611.982 31.3284 393.626 401.056 446.894 0 109.391 381.753 396.244 99.6128 4.07824 217.704 24.3512 422.735 219.335 77.0373 6.57646 58.3603 36.8682 81.331 29.5514 464.128 19.2788 53.5036 63.43 
152.805 77.1848 12.2424 100.585 115.016 410.67 324.021 183.12 133.311 0 303.735 16.1619 260.755 83.5243 65.7418 24.3343 10.1598 140.846 54.6994 4.93574 8.46664 17.5139 1.99004 3.04827 0.0772587 0.115183 20.6814 5.55806 
186.2 25.9901 109.138 203.618 115.521 56.0382 16.7817 362.583 558.085 209.547 0 513.532 2.06016 0.258609 184.401 131.204 69.7341 0.753797 49.3589 1.48602 33.0033 43.129 48.6588 78.1942 59.3606 68.6088 23.3833 12.017 
0.516245 86.4069 187.715 258.853 19.7913 37.3787 45.093 770.533 298.15 220.387 137.078 0 8.13284 166.215 266.598 82.7935 77.7232 132.803 30.0149 72.058 47.215 67.9135 126.189 61.0633 90.375 9.2538 117.672 113.344 
0.00868642 2.38126 70.8302 8.06867 140.498 78.3638 2.01966 103.441 15.9234 305.398 65.6954 1.35165 0 2.31621 18.0118 14.8349 64.6862 22.0033 3.50522 36.224 29.363 90.1056 44.0527 10.6298 37.9271 15.0581 16.474 40.1432 
51.0267 59.1609 11.2125 13.3063 1.96585 2.17224 55.7867 30.139 27.5363 75.9051 8.81634 157.427 115.24 0 32.8986 3.87306 21.8061 3.05284 10.638 0.44598 18.7001 6.62192 8.7873 6.73868 14.5139 4.57436 0.880486 1.79569 
15.598 57.2841 0.085948 37.5874 15.8222 2.11403 129.361 39.3101 120.199 58.6303 262.578 63.0291 94.1881 0.597244 0 73.041 8.96567 27.6222 0.339771 0.842096 43.3559 0.732666 9.14598 6.11915 7.05918 16.9078 2.17528 19.8203 
0.232678 4.9629 15.9909 3.09237 70.114 0.83175 84.4528 232.38 139.289 2.73185 222.664 52.9549 78.5407 10.7133 44.6494 0 0.877548 12.0076 0.144109 2.57529 2.55665 1.39315 6.85042 5.92478 5.9747 4.26149 17.9266 0.543742 
387.022 421.404 45.8898 392.615 77.9119 344.981 69.9178 81.1831 371.032 62.7801 93.0856 74.442 10.2155 3.91802 7.40933 3.79069 0 20.3908 376.821 21.628 58.1292 0.801694 0.653308 3.06062 342.387 13.2133 5.42823 1.20611 
7.27893 51.2374 54.768 8.79846 11.8989 61.1124 213.875 20.6724 1.0496 74.4405 163.756 103.131 49.936 0.0551535 47.2809 61.6769 148.35 0 29.6277 35.0026 35.8553 41.3987 12.5104 1.14642 6.07961 58.5419 20.7905 49.9573 
6.71721 169.342 8.72699 31.8254 300.845 88.7107 157.226 109.996 14.3879 84.6082 66.6264 55.4022 28.9396 25.8925 32.7708 14.2616 46.7959 52.5215 0 8.57792 4.86927 19.4391 15.2471 0.000109985 13.1718 3.33326 21.743 19.7244 
98.9267 118.592 20.3334 0.520533 22.2291 3.47567 37.1715 104.77 104.152 10.4596 13.3312 1.11594 35.0292 3.44574 2.45443 9.68224 2.70802 63.3777 3.03543 0 14.2719 0.167344 3.62804 0.32145 0.88503 0.957246 11.0028 1.43304 
243.893 176.98 63.7418 152.644 88.9855 8.7865 57.0421 55.7346 45.9567 0.0530608 47.1363 118.601 75.8751 43.5663 48.1615 60.6087 3.06503 55.8392 0.222038 194.49 0 2.24037 38.8758 25.948 31.36 19.9301 11.5626 26.9271 
6.68723 2.04008 6.66984 12.9329 0.402551 18.3961 58.8265 2.71468 7.09345 60.206 77.5812 37.3627 90.0689 0.0752895 11.8251 10.9708 18.6625 4.91917 17.1299 2.67076 2.62914 0 10.6097 7.96486 15.9293 0.0102039 12.73 6.92592 
16.046 43.389 7.86403 1.73362 56.3692 0.982262 0.442142 42.2859 101.594 21.067 2.10896 110.01 2.55109 9.63099 11.651 5.9219 6.62897 26.8011 10.6022 0.161882 0.00118146 6.82558 0 6.26256 1.7177 0.277646 11.711 3.91616 
56.8572 12.4835 11.1454 3.87077 48.4651 4.30965 3.75569 21.8527 99.073 14.028 127.757 51.0214 54.2244 10.068 10.7749 0.44772 13.4183 44.4429 23.0075 3.08401 4.05556 8.86903 1.05265 0 30.3762 16.2038 3.56145 9.64185 
346.756 341.646 5.31075 370.697 23.6301 340.326 39.3018 153.73 349.777 7.9003 31.7635 878.904 4.34761 3.95066 24.5055 55.4229 340.538 50.8553 22.4142 13.8238 58.0915 87.8925 11.3551 32.9501 0 5.04723 66.434 78.6042 
66.6848 40.8929 22.4094 14.0509 49.5976 26.6534 3.00074 232.935 19.2084 51.5168 39.8562 389.683 14.4387 12.2625 13.8201 0.591126 0.0641061 61.4996 26.878 6.53373 25.1109 9.90649 1.07745 3.56995 7.24269 0 20.7502 54.2551 
11.5757 42.8996 3.45012 1.63575 32.0897 16.4089 31.16 38.8466 74.7278 45.6395 17.1393 45.3349 0.0912787 1.33846 0.338453 7.3384 0.659258 0.0189887 0.486749 4.67421 0.102469 6.73244 12.865 12.8463 20.4805 23.9166 0 77.4676 
60.097 64.6633 20.2172 20.0755 19.3618 21.9356 9.9289 134.612 78.9698 7.75942 97.2562 169.883 0.599451 8.03594 23.1017 0.0113966 1.6619 50.7882 16.8232 9.44157 1.65627 2.15194 7.45701 14.3852 11.708 54.8409 56.9301 0 
