0 206.902 0.263298 164.098 255.064 260.966 9.17449 2.01599 385.288 37.5348 58.1669 58.2897 103.043 27.6272 70.753 7.68759 214.66 200.991 110.629 232.375 0.0289826 16.7436 5.06086 28.0503 192.139 27.1796 1.16063 0.877477 
157.749 0 100.548 410.676 92.5766 372.612 203.45 293.94 426.405 19.7205 197.356 151.729 122.773 25.9472 33.746 40.3018 249.064 658.944 0.634093 13.0815 78.0754 13.3821 43.6176 10.9811 149.081 32.0108 47.7869 19.217 
2.93638 448.1 0 155.037 126.553 30.6061 235.731 27.0678 129.643 44.9593 115.808 23.797 17.9235 2.23032 26.6144 24.476 52.6053 5.67656 4.3073 17.2154 2.06914 8.23471 0.921387 15.2919 7.14472 9.93374 16.4845 16.1949 
475.864 408.671 25.1157 0 3.64058 174.29 157.9 460.374 220.966 2.74955 162.7 51.0216 72.7987 20.3413 32.7237 42.3195 190.367 134.238 55.8242 1.4864 748.407 10.1678 7.81973 26.5805 144.866 44.6632 13.3445 26.0099 
250.014 303.355 188.366 88.5268 0 88.3833 29.2366 137.739 300.689 252.348 225.973 147.03 101.871 52.8623 77.2281 62.5021 34.3104 87.3154 13.1773 89.0128 0.0319352 55.876 30.3202 9.79977 63.1881 67.2271 44.518 44.9553 
233.099 272.911 63.172 158.162 630.242 0 1577.62 160.424 154.055 869.07 106.145 48.8752 133.391 0.134533 0.251776 0.0345208 179.231 64.3714 30.8439 19.5077 77.0655 8.67309 11.3065 4.80054 164.981 26.8443 1.47783 14.6414 
0.00981075 297.561 15.6172 177.635 167.902 875.733 0 43.7529 497.673 279.987 298.305 170.769 11.5228 24.655 122.522 0.734987 107.841 163.311 62.6355 80.1155 1.2815 8.97485 17.3552 69.8421 63.4726 41.1157 58.2531 34.3682 
83.8906 6.07937 4.73276 271.409 222.755 5.2204 374.937 0 662.717 24.3378 318.806 905.132 0.671744 15.6854 145.205 86.1832 5.8205 92.1041 34.6845 105.257 51.0268 0.134035 88.0928 137.893 188.4 177.552 0.612895 60.1148 
153.161 292.315 360.498 465.721 6.33328 152.804 966.853 662.375 0 285.295 337.474 354.564 181.756 14.4264 165.499 2.96216 166.868 117.691 36.2673 90.246 80.6381 49.84 13.3535 40.223 152.095 65.1133 54.1595 0.354918 
39.6393 172.625 80.0156 100.002 289.264 26.4198 506.035 195.401 244.867 0 225.262 169.276 222.326 83.8764 3.77263 21.8887 5.14572 6.90007 123.085 38.3879 0.0230352 60.2666 49.936 36.8504 64.4518 74.1886 7.47394 23.7269 
12.4225 7.43932 62.728 25.0349 195.881 100.609 87.3644 217.932 40.8498 320.101 0 233.656 183.568 3.40165 40.8158 42.3875 64.6234 154.063 127.468 14.9186 16.3701 28.9248 19.6852 10.0341 119.474 0.99239 7.55321 109.844 
5.60204 208.027 27.3415 256.578 137.989 60.5602 267.575 206.058 365.008 212.045 20.164 0 159.209 16.6407 2.21254 30.8385 54.8709 135.325 21.5607 0.183599 82.7601 71.773 82.516 177.373 231.898 173.664 1.85167 2.46994 
38.0115 148.464 13.6372 14.7066 51.9558 69.4903 90.6663 116.238 6.01368 277.461 37.1486 147.255 0 112.065 117.782 57.5735 60.2865 3.64641 50.195 27.9067 3.17714 78.6819 10.1289 45.2411 49.8353 1.02748 39.1799 25.7329 
43.5487 7.05368 6.97037 20.2601 45.5838 21.9534 93.6711 101.942 13.0013 81.2927 0.399339 2.85396 1.53463 0 54.2132 5.53161 13.0767 8.20502 4.8016 0.124162 5.75529 8.22583 9.14763 0.617485 0.785631 12.5692 2.55706 7.3289 
7.51249 49.9588 0.465032 2.71224 80.9527 0.0539857 26.4567 103.589 195.682 132.354 6.65927 145.738 56.8939 5.21816 0 36.8273 0.0478543 47.7042 0.367378 0.302952 46.6377 15.351 9.38733 26.5739 0.252753 27.8671 5.17 11.1602 
80.13 84.716 0.998959 13.9442 17.4875 26.2209 9.72111 62.7009 152.265 3.77045 214.626 353.683 77.9816 0.681226 23.4404 0 14.2095 7.0564 0.673226 5.62411 29.9665 1.17213 5.4531 27.2581 37.024 6.6485 14.257 18.3761 
232.054 286.554 18.2203 152.624 144.558 193.744 0.177972 86.5282 226.806 15.1255 94.5998 50.1307 1.36976 19.8136 22.8209 19.3372 0 214.045 362.466 19.1838 68.4393 15.1152 17.6542 20.5895 163.022 0.0503667 20.3135 14.8781 
166.141 66.9871 108.394 18.5776 79.5681 5.71094 233.505 172.753 113.983 69.203 53.7318 150.442 21.7317 0.886097 27.1751 61.2752 68.3022 0 6.30353 41.8838 101.867 8.2775 38.4557 6.29796 18.1839 59.1736 3.20053 39.9299 
109.473 172.324 36.3535 50.0526 14.8472 50.4098 139.091 101.028 106.592 118.791 121.287 64.904 78.9819 21.5483 36.9368 20.7944 71.2691 139.481 0 19.3858 15.1234 1.53074 1.62244 10.9751 29.0427 14.814 9.85159 23.2178 
179.116 78.0788 25.6753 38.2786 89.818 14.8848 34.0858 42.5855 9.47983 45.4742 2.09554 58.4266 26.3852 1.2669 1.49631 8.7445 4.2078 15.2726 0.0114967 0 33.2174 4.63668 3.53162 0.162647 0.358344 0.157914 3.60549 6.92779 
2.04087 86.9828 12.3995 184.735 126.162 62.1529 132.185 192.752 174.97 6.46279 7.77985 88.3529 51.6153 43.917 45.0326 33.46 21.6541 3.45452 1.76665 37.0903 0 23.2672 32.3914 36.8488 26.2301 2.83751 42.576 8.31603 
6.54349 3.97417 0.620267 1.91571 0.895796 20.4703 61.3057 0.656435 1.20524 31.2767 78.5602 44.2018 84.534 10.0035 0.0287039 10.348 9.38959 14.1408 0.54254 5.78023 32.8208 0 11.2362 0.18094 10.3209 1.68793 8.24907 0.00582927 
24.9221 45.6075 1.44519 9.03693 56.3798 3.08147 39.2807 70.08 0.0398349 24.516 2.17462 123.152 6.05529 7.6261 11.9008 6.72335 18.6672 44.8554 0.0953735 2.67493 13.6287 2.19875 0 7.03582 5.09402 6.91738 13.4481 3.63251 
54.9706 24.0996 0.734394 16.279 44.6274 13.6865 49.0951 6.60288 16.3748 60.3077 73.8998 181.705 4.57863 4.33915 0.912852 12.5429 0.257989 22.8441 8.2825 5.33328 0.134187 0.0326889 0.719375 0 15.704 11.212 10.3033 1.15878 
151.5 148.211 19.0558 167.387 31.6741 162.015 27.5917 24.2806 263.772 42.4166 93.0072 254.926 15.2441 14.4686 7.20094 10.5818 161.79 37.5533 30.7722 13.6873 59.7164 57.9705 17.8784 26.4574 0 74.9503 111.103 98.366 
31.2795 77.3088 16.9745 22.993 20.3081 0.0334352 78.1856 203.332 65.0108 40.6292 136.266 105.783 0.846818 5.28159 25.7846 1.74727 13.3638 61.6684 30.5002 4.48964 5.49389 6.01824 5.24921 15.1771 2.65033 0 33.144 60.3639 
0.0206848 13.873 0.793688 2.13119 0.732066 20.202 47.1024 99.6742 75.0605 35.8713 36.582 71.04 18.7232 3.23133 2.07359 18.423 22.4136 31.7184 23.28 10.9625 26.525 12.8244 12.8898 12.2217 29.2372 10.1306 0 3.17435 
57.1345 64.6756 21.2945 30.8834 3.53324 20.1554 38.3918 50.7087 5.35823 27.1499 38.0334 116.978 10.1385 11.8246 1.45592 15.7691 13.9217 27.5788 25.0714 3.7304 15.2562 10.2029 7.71194 9.90134 36.4436 46.4632 57.611 0 
