0 809.87 175.522 426.184 4.01324 352.994 207.108 262.927 408.073 12.7686 36.0386 81.1114 89.3581 41.5508 37.4866 67.9639 234.456 13.6964 9.87907 79.9372 243.697 0.381406 1.66501 7.20377 232.791 65.6911 3.96914 0.246237 
622.822 0 183.479 316.616 0.607264 240.23 464.412 29.3785 233.104 232.6 266.865 37.7477 10.3044 71.2185 78.6942 58.8968 383.043 879.42 17.1231 95.5888 178.989 35.3099 38.6513 1.85096 295.209 17.1805 53.2093 16.1639 
161.533 174.486 0 281.091 87.6388 29.3077 246.099 273.831 21.1175 112.545 195.442 130.33 42.6073 12.284 28.505 12.9229 0.959282 162.503 60.7317 12.4123 23.839 12.5299 7.70286 9.28968 18.8822 27.225 18.5315 4.36219 
333.469 319.302 139.003 0 138.373 237.914 86.8828 1007.13 364.772 31.4044 13.5996 129.111 26.9272 0.112034 0.774833 30.6771 239.6 111.819 19.7216 31.1694 508.452 16.8365 0.646397 0.738065 273.541 44.1667 15.7067 24.8586 
1.87207 104.602 181.845 152.06 0 392.15 24.6922 25.9819 351.194 107.116 260.501 46.6695 30.4613 63.7839 25.7612 5.67979 0.438698 196.842 193.436 30.4204 76.7616 51.8905 26.956 11.6468 67.0994 40.8311 39.0842 55.7321 
364.029 304.336 63.7317 250.376 1103.33 0 693.031 0.219017 233.039 657.825 234.169 58.2269 534.915 17.508 1.9105 21.1894 234.295 113.526 0.484697 1.44274 37.571 1.55178 0.80051 0.0721204 243.563 0.00900921 8.34894 10.1633 
241.945 46.313 82.2231 203.296 158.765 482.184 0 203.445 138.639 10.5024 324.562 5.68213 180.612 91.6643 104.069 54.5986 43.3712 57.6108 21.5212 0.530116 136.822 16.3569 14.1824 46.3255 12.7461 90.0685 49.9941 65.7927 
306.616 286.996 274.43 473.286 166.905 122.31 192.561 0 584.237 53.8098 330.131 391.648 128.792 3.04395 60.7325 243.329 12.9158 80.1945 105.017 0.477958 4.48088 5.91222 11.903 138.694 6.02554 76.0347 66.5094 134.254 
444.454 629.469 459.349 545.225 8.96358 233.454 1047.03 576.728 0 55.2287 1105.7 373.008 118.46 10.6072 253.622 36.9318 323.067 217.155 64.8585 10.7413 45.2368 40.107 86.9975 36.0803 357.104 29.2432 57.1326 69.3619 
147.611 50.9322 5.62993 104.384 65.336 210.305 193.537 164.407 199.301 0 459.361 5.38556 201.492 84.0788 48.1019 16.8083 13.6195 144.317 65.3864 3.1905 11.6994 14.1116 3.78748 5.07047 0.0924989 1.03325 18.5843 3.81675 
178.531 45.2505 145.598 199.107 89.0003 96.5702 67.3985 373.666 718.189 371.144 0 477.96 0.142185 7.30922 289.673 164.98 65.4929 0.000591321 41.268 3.08164 41.0716 47.2183 36.8173 66.7274 72.7565 86.6634 27.5893 7.64367 
0.535712 106.113 182.953 248.317 28.5665 51.1146 24.1748 1005.37 344.817 201.318 62.0838 0 3.86719 165.706 243.293 3.52799 75.0935 126.306 34.8166 77.3515 58.2388 65.2823 123.286 84.7182 41.4066 64.8253 114.162 131.488 
0.278463 6.02549 68.606 11.1337 126.44 31.1768 9.3381 94.159 7.3346 260.498 92.3857 4.23174 0 0.535369 9.0832 21.071 64.5455 26.8343 1.75316 34.7039 26.2014 88.4032 53.6765 7.00791 35.0614 17.8897 17.9094 38.8624 
52.1748 62.326 12.3665 11.7674 0.791201 3.31792 63.7928 40.2704 39.7422 80.0806 25.9227 164.25 88.5236 0 12.3524 1.49562 21.9632 4.32511 9.42618 0.335557 16.7521 7.45876 6.91071 5.32818 13.6005 5.60844 1.1808 1.33284 
19.442 64.3915 0.0729788 35.9822 21.4531 4.36585 137.059 58.854 149.782 76.47 353.292 27.5572 81.6899 11.8119 0 89.2285 7.85515 23.9997 0.823092 0.575029 40.7203 0.34335 12.8566 9.51299 4.85264 13.6412 1.56523 18.5931 
0.0351942 2.53785 13.8582 1.18822 72.154 1.74846 77.0281 253.68 129.17 6.62873 206.253 190.913 81.7664 7.21926 14.0767 0 1.28629 14.6129 0.0154896 2.12147 1.30487 1.88651 8.35278 1.86088 3.64614 7.98927 17.3595 1.27859 
274.851 329.58 42.6814 288.374 91.8138 237.331 76.6264 77.0818 260.097 66.9609 94.3913 71.5088 8.16526 4.55859 8.50054 4.5445 0 51.9462 469.149 23.2654 60.1692 0.572037 0.895617 3.56937 238.154 12.173 5.97484 0.890871 
0.97361 72.981 74.5029 3.13254 3.44794 49.9907 197.935 13.0805 5.35056 63.5184 158.322 94.3596 55.6789 0.0120053 50.6773 61.345 195.845 0 19.7895 41.2926 29.4739 40.9252 14.1452 0.617383 7.8186 59.7639 19.2936 50.5185 
11.3078 163.013 5.6111 27.4958 288.463 90.3778 157.241 106.446 8.10244 94.1549 58.1526 50.2716 24.1793 25.254 31.2512 15.6742 41.273 65.5256 0 6.95029 6.68346 18.6289 14.3855 0.0384128 14.3978 4.19271 22.1844 20.5409 
56.498 105.032 22.5173 0.0056304 28.8434 4.74639 30.0749 109.941 101.341 7.95615 17.1773 2.86543 33.4198 3.26009 2.0127 9.64462 1.84806 68.8331 4.22316 0 80.55 0.110029 3.72443 0.211274 0.587753 1.32554 10.9648 1.76109 
239.659 179 77.192 131.956 81.0832 5.99378 47.5918 72.4722 59.1385 0.590215 56.0235 107.436 74.6916 44.1824 50.2827 61.8133 4.41431 63.0746 0.00591754 283.423 0 1.77493 39.36 28.1251 34.4324 23.2571 13.0049 24.7109 
5.62989 1.2792 6.16218 12.3778 0.0816247 17.6544 57.0947 1.65245 5.25082 59.0561 76.3473 33.4664 90.2422 0.288968 12.8724 10.5402 19.0726 4.02555 16.2429 2.86668 3.18116 0 8.90313 6.78153 17.4187 0.0015379 12.7998 6.57126 
18.1532 40.8669 8.56505 1.15835 56.1489 1.50632 1.45301 35.0837 102.239 25.2123 0.126366 117.046 6.67852 8.71075 15.3844 4.40498 7.22163 28.545 9.71067 0.228012 0.0470302 8.60411 0 1.60955 2.94951 0.546901 11.1648 4.41568 
55.8668 9.96391 11.9981 5.27202 46.4831 3.44825 2.04117 13.0629 97.1437 10.7481 124.376 73.8797 49.4001 9.38828 7.23698 3.17748 12.7414 43.2794 22.6205 3.36026 2.91891 7.70268 5.2397 0 23.2747 16.5751 4.65738 10.4425 
245.13 239.146 6.98491 268.353 20.369 234.122 45.7105 170.98 251.656 11.2411 43.5207 1082.94 2.87541 5.0814 22.038 71.0085 236.198 48.842 23.4915 13.7844 56.7285 34.8754 8.30241 55.1836 0 84.677 180.992 96.562 
62.3241 35.3621 24.0356 18.1596 53.1482 27.3081 0.90113 232.814 29.1602 56.8993 25.5254 395.211 17.2377 12.6836 10.6266 2.54053 0.204497 61.7687 27.6979 7.15892 28.5779 9.63787 1.53967 4.82489 10.7113 0 16.7639 61.1663 
9.82353 41.025 2.79609 1.04424 30.3544 17.0527 33.8868 32.8451 76.456 44.6863 13.6133 36.7635 0.0051015 1.69435 0.121103 6.22853 0.887775 0.00754647 0.715545 5.05616 0.315516 7.21891 12.5055 11.5558 24.008 27.638 0 59.1485 
60.704 64.3102 19.4288 17.9715 17.0366 22.3642 7.27026 131.806 83.8257 5.71023 91.8866 160.482 1.13208 7.37727 23.3423 0.257098 1.29094 50.3216 17.7262 9.06467 2.52991 2.45726 6.99744 14.2086 12.2452 44.7164 75.7239 0 
