0 729.92 171.721 361.477 5.19879 275.318 203.271 259.092 327.749 11.8116 34.4045 78.3238 88.6857 41.8701 36.8898 67.3762 158.165 12.0912 10.5319 77.1652 243.392 0.344377 1.77466 6.925 156.013 65.1221 3.81674 0.302422 
525.995 0 205.808 232.069 2.27997 165.793 453.368 26.6755 157.806 234.094 266.406 39.7594 9.55425 71.2555 79.4529 58.1607 306.395 183.254 18.5468 97.6615 178.862 35.0396 38.2924 1.70515 219.08 17.7832 53.3009 15.7944 
157.254 152.902 0 288.255 91.2334 28.0155 247.444 274.952 14.0358 112.938 199.211 133.056 43.2855 12.134 28.1773 13.2132 1.10253 162.801 60.569 12.7608 25.2658 12.5189 7.79841 9.16222 19.137 27.2846 18.4822 4.22748 
246.025 234.672 152.852 0 140.142 161.922 90.6687 132.757 279.859 30.2258 15.2565 134.359 26.3433 0.0852855 0.899121 30.1319 162.648 110.141 19.1863 31.8718 0.488886 16.837 0.594772 0.658706 196.768 44.2794 15.8893 24.612 
2.71005 118.331 183.105 150.749 0 378.904 30.1879 27.7042 349.6 100.155 260.1 45.1682 32.1073 63.445 26.6082 5.35413 0.660021 199.262 186.556 31.3539 77.8466 52.0895 26.5823 11.3548 67.1749 40.3056 39.2775 55.6311 
287.402 222.727 64.2449 174.701 443.556 0 187.138 0.523273 155.011 1023.16 229.808 56.2601 275.921 17.3199 2.1556 20.9433 157.909 112.682 0.694486 1.5517 36.936 1.47244 0.74432 0.0908652 166.71 0.0208977 8.23697 10.0057 
239.204 56.1029 76.3425 203.246 169.741 410.919 0 212.405 87.8156 16.0857 312.551 6.95112 183.068 91.1564 102.165 53.4049 42.4446 54.8098 22.8797 0.392663 137.385 16.7347 14.6754 45.7623 13.3449 90.6747 50.2693 66.1288 
307.31 288.339 273.162 456.507 169.186 118.591 183.632 0 597.353 56.3934 334.385 441.639 129.671 2.59812 57.9652 246.186 13.3727 81.9377 105.562 0.649135 3.80483 5.68619 12.5463 138.723 7.16982 71.5809 67.298 133.946 
370.902 549.877 464.975 472.156 6.97553 155.166 1115.5 590.404 0 49.1276 1048.57 368.767 120.946 11.7156 238.101 38.7484 247.136 216.613 63.2519 11.3652 43.57 40.5361 87.698 36.974 280.103 30.6907 57.6044 70.1313 
146.763 47.7214 4.92902 104.764 59.4694 180.894 176.609 161.735 208.22 0 477.587 4.37427 192.967 84.0332 45.8241 15.8842 14.1119 144.662 66.81 2.98465 12.1648 13.6769 4.06774 5.37542 0.145689 1.22411 18.3075 3.60739 
177.34 48.1445 150.357 198.084 85.5759 102.414 76.3523 374.131 743.919 392.203 0 470.777 0.383006 8.95572 302.524 169.183 64.9139 0.0205739 40.2167 3.33638 42.19 47.758 35.3114 65.1852 74.5533 89.0769 28.1646 7.1291 
0.85579 108.767 181.933 246.064 29.8362 53.0375 21.8249 1018.45 350.207 198.466 53.9503 0 3.41367 165.289 239.097 0.776704 74.7236 125.382 35.4701 78.0218 59.7527 64.9097 122.749 87.9527 34.1497 75.4291 113.6 133.763 
0.372572 6.63206 68.2606 11.5733 124.462 25.0646 10.7018 92.8911 6.42783 253.242 96.111 4.73367 0 1.065 8.10067 21.9594 64.5066 27.5029 1.56394 34.4926 25.7863 88.0586 54.9417 6.5751 34.6724 18.2773 18.1016 38.682 
52.3066 62.7174 12.514 11.5614 0.673794 3.48589 64.8318 41.6839 41.4828 80.5322 28.8008 164.825 84.7816 0 10.1051 1.25441 21.9797 4.51005 9.26714 0.321928 16.4954 7.56689 6.60729 5.137 13.4688 5.74875 1.2238 1.27565 
19.9752 65.3146 0.119144 35.7341 22.2508 4.72059 137.843 61.6325 153.56 78.8244 362.735 23.7801 79.9123 14.1879 0 89.6231 7.7106 23.5251 0.903125 0.543053 40.3592 0.302218 13.3571 9.99632 4.58345 13.2087 1.49079 18.4191 
0.0766866 2.27337 13.5692 0.999739 72.3858 1.8945 75.9765 255.403 127.639 7.26751 203.355 212.76 82.1001 6.76793 10.9665 0 1.34637 14.9738 0.00817268 2.06331 1.16876 1.95693 8.54527 1.47818 3.39836 8.54904 17.2746 1.39866 
197.297 254.683 42.2291 211.833 93.6404 160.401 77.4958 76.5128 182.724 67.4933 94.5323 71.1005 7.9066 4.64674 8.64958 4.6491 0 57.0368 585.02 23.4792 60.4267 0.544257 0.930671 3.63956 161.651 12.0348 6.04899 0.852297 
0.573275 74.9704 77.1939 2.58809 2.69809 48.5295 195.525 12.188 6.16936 62.0732 157.493 93.1667 56.4439 0.0241783 51.1165 61.2763 201.842 0 18.6029 42.1381 28.6547 40.855 14.3674 0.558953 8.06455 59.906 19.095 50.5818 
12.0007 161.923 5.24194 26.9222 285.451 90.4406 157.038 105.92 7.39186 95.36 57.0279 49.5863 23.5635 25.1614 31.0381 15.8625 40.776 67.2914 0 6.74301 6.94487 18.5184 14.2693 0.0487114 14.5619 4.31362 22.2405 20.6472 
51.4536 103.065 22.7865 0.032905 29.7638 4.92732 29.157 110.535 100.889 7.64372 17.7182 3.15816 33.1973 3.23485 1.9564 9.63524 1.74503 69.5232 4.39447 0 92.4426 0.103275 3.73657 0.198261 0.552487 1.37862 10.9578 1.80695 
238.551 179.076 78.9519 128.733 80.009 5.65808 46.3623 74.7878 60.9673 0.705326 57.2335 105.908 74.5142 44.2518 50.5497 61.943 4.61152 64.0402 0.000591754 292.631 0 1.7167 39.4154 28.4131 34.8396 23.7094 13.201 24.4156 
5.49465 1.19076 6.09451 12.302 0.0571849 17.5484 56.8431 1.53013 5.02428 58.8673 76.1517 32.9498 90.1442 0.327666 13.0071 10.4777 19.1249 3.91243 16.1231 2.89292 3.2583 0 8.66824 6.62362 17.6141 0.0033536 12.8064 6.52345 
18.438 40.5206 8.65637 1.0898 56.0985 1.58382 1.6311 34.1456 102.243 25.7745 0.0435917 117.856 7.36545 8.50404 15.871 4.2092 7.30144 28.7748 9.59254 0.237635 0.0626734 8.83931 0 1.19501 3.14896 0.589272 11.0876 4.4829 
55.7096 9.64513 12.1073 5.47137 46.2055 3.33886 1.85055 12.0419 96.8168 10.3362 123.777 77.0627 48.7278 9.2723 6.79758 3.70964 12.6503 43.1143 22.5643 3.39704 2.78049 7.54507 5.97532 0 22.2944 16.606 4.81125 10.546 
169.001 162.906 7.22009 192.068 19.9442 157.367 46.5682 172.966 176.056 11.7231 45.1732 396.502 2.70072 5.23848 21.6917 69.1978 159.681 48.5613 23.6314 13.7743 56.5257 26.7581 7.92057 57.7191 0 89.7528 180.281 120.235 
61.7072 34.6311 24.2327 18.7224 53.6055 27.3755 0.712885 231.968 30.6063 57.5856 23.8074 391.853 17.6215 12.7276 10.2141 2.89573 0.229158 61.782 27.8005 7.2415 29.0439 9.59968 1.60648 5.00109 11.2181 0 16.236 61.7676 
9.59811 40.7679 2.71317 0.974946 30.1204 17.1349 34.2485 32.0633 76.6597 44.5465 13.1677 35.6567 0.00165169 1.74443 0.100326 6.08383 0.920703 0.0136498 0.749278 5.10729 0.352687 7.28349 12.4519 11.3803 24.47 28.1089 0 56.4214 
60.7607 64.2392 19.3151 17.6884 16.7328 22.4126 6.94344 131.286 84.4336 5.45794 91.1136 158.943 1.21547 7.28787 23.3578 0.313837 1.24482 50.2478 17.8451 9.01266 2.65962 2.49905 6.93461 14.1773 12.2991 43.1808 77.8544 0 
