0 576.93 161.593 252.389 8.81507 134.467 193.341 248.968 180.314 9.57039 30.4518 71.4614 86.9678 42.6549 35.3971 65.8607 21.0299 8.49713 12.2454 74.9445 242.063 0.260026 2.06345 6.24909 17.637 63.6613 3.44782 0.467978 
335.794 0 262.422 75.4378 11.0795 34.2132 422.577 20.4394 24.7435 237.288 264.787 44.9645 7.7952 71.3043 81.2929 56.2966 168.112 164.269 22.3219 102.724 178.346 34.359 37.3877 1.36614 82.2549 19.3227 53.5165 14.8834 
146.073 102.725 0 293.248 100.227 24.8251 249.426 276.461 2.56385 113.711 208.057 139.698 44.9702 11.7524 27.3262 13.9367 1.50316 163.157 60.104 13.6346 28.9657 12.4881 8.03564 8.84204 19.7657 27.4056 18.353 3.89785 
82.7914 77.7987 237.227 0 144.328 25.5767 100.189 338.229 121.614 27.3414 19.7761 147.428 24.8964 0.034317 1.24914 28.7404 23.8194 105.832 17.8664 33.5943 80.5314 16.8344 0.474848 0.479636 58.319 44.4982 16.3441 23.9853 
5.47081 155.126 185.684 147.199 0 334.678 46.1112 32.2143 344.544 83.375 258.661 41.4879 36.3668 62.5642 28.7613 4.57923 1.40912 205.027 169.037 33.7182 80.544 52.5712 25.6497 10.6371 67.3361 38.9869 39.7546 55.3622 
149.127 72.7216 65.3191 39.0914 444.128 0 70.901 1.85153 19.6306 730.886 218.124 51.4138 547.72 16.8377 2.82885 20.3137 20.5077 110.444 1.38155 1.84008 35.351 1.28257 0.612399 0.147129 28.1037 0.07214 7.95813 9.61317 
231.832 84.0606 62.2165 202.496 197.683 249.377 0 234.706 10.1746 34.9591 281.783 10.6647 188.919 89.7907 97.287 50.4185 40.1449 48.0257 26.4248 0.138888 138.697 17.6909 15.9349 44.3429 14.8908 92.1095 50.9446 66.9399 
308.247 291.086 268.725 420.718 174.742 109.244 161.525 0 625.321 63.0235 344.176 568.658 131.793 1.63535 51.2081 252.189 14.5438 86.3091 106.873 1.19052 2.35301 5.13887 14.2172 138.595 10.4446 60.7959 69.2484 133.023 
240.22 402.859 472.668 341.233 3.0808 19.1348 1245.15 619.891 0 35.2468 1610.89 357.08 127.111 14.7114 187.897 43.4118 110.797 215.004 59.2648 12.9925 39.5007 41.6049 89.3885 39.2275 141.001 34.4176 58.7703 72.0287 
144.489 40.0493 3.37321 105.583 45.7812 111.798 136.092 154.905 230.34 0 518.954 2.30007 171.381 83.796 40.2528 13.6663 15.3733 145.398 70.3553 2.49854 13.3621 12.6118 4.8087 6.17263 0.331135 1.77057 17.619 3.10822 
174.196 55.6787 162.026 195.104 77.1726 117.294 100.647 374.233 815.908 442.562 0 450.567 1.49481 13.7622 332.372 179.265 63.454 0.194555 37.6215 4.01545 45.025 49.0998 31.6376 61.3299 79.0389 95.0845 29.6159 5.9163 
1.98046 115.408 179.001 239.611 33.1059 57.9188 16.4383 1029.42 362.689 191.056 35.8841 0 2.40147 163.889 227.626 2.6075 73.7799 123.015 37.1158 79.6577 63.5741 63.9567 121.255 96.0617 32.4911 104.469 112.104 139.266 
0.667382 8.26901 67.349 12.7018 119.429 12.6907 14.4923 89.6965 4.41566 234.1 105.542 6.10704 0 3.16739 5.87554 24.231 64.3887 29.1974 1.13744 33.9557 24.756 87.079 58.0698 5.54775 33.6939 19.2552 18.5829 38.2214 
52.614 63.6628 12.8751 11.0466 0.421205 3.92031 67.3911 45.2701 45.9302 81.5475 36.5398 165.907 75.3785 0 5.33717 0.73935 22.0163 4.98762 8.87246 0.289002 15.8575 7.83288 5.81565 4.65998 13.1303 6.10093 1.33422 1.13754 
21.3272 67.5911 0.283534 35.0805 24.2884 5.65943 139.541 68.7103 162.747 84.6367 382.791 15.4643 75.3824 20.7313 0 88.6435 7.35314 22.3489 1.11896 0.466936 39.4477 0.210705 14.6017 11.2265 3.93883 12.1359 1.31201 17.9744 
0.250121 1.67432 12.844 0.598445 72.9231 2.28312 73.2928 258.488 123.644 8.98054 195.453 268.22 82.8316 5.6718 4.73813 0 1.50226 15.889 2.737e-05 1.92052 0.860784 2.13745 9.01506 0.707239 2.84717 9.99973 17.0534 1.72068 
56.9527 120.906 41.0758 73.9705 98.1619 21.6338 79.6392 75.0693 42.8468 68.7963 94.8503 70.0631 7.27584 4.86979 9.02543 4.91469 0 70.5152 209.256 24.0085 61.0548 0.477748 1.02108 3.81741 23.9221 11.6902 6.23565 0.759471 
0.0333354 73.0411 83.9361 1.45121 1.22217 44.9124 189.235 10.0863 8.46238 58.4813 155.315 90.1657 58.3527 0.0730425 52.1993 61.0797 216.287 0 15.7762 44.254 26.6426 40.6722 14.927 0.425452 8.69344 60.2392 18.5996 50.728 
13.8117 158.955 4.36929 25.4954 276.613 90.4322 156.32 104.555 5.75175 98.2932 54.2273 47.874 22.0459 24.9226 30.4955 16.333 39.4299 71.7231 0 6.2356 7.618 18.2396 13.9773 0.0797887 14.9727 4.62209 22.3779 20.9101 
39.722 98.0139 23.4339 0.199856 32.0982 5.39051 26.898 111.92 99.6844 6.88601 19.0972 3.94988 32.6335 3.17127 1.81849 9.60733 1.49974 71.206 4.83547 0 124.142 0.0873128 3.76616 0.167486 0.468907 1.51529 10.938 1.92364 
235.237 179.064 83.294 125.148 77.3071 4.8581 43.3268 80.6434 65.6003 1.03755 60.2794 102.053 74.0509 44.412 51.1995 62.2348 5.12196 66.4514 0.0114883 311.849 0 1.57522 39.5444 29.1302 35.8534 24.8473 13.695 23.6779 
5.16261 0.983197 5.92541 12.1107 0.0150511 17.2765 56.1937 1.24442 4.47818 58.3598 75.6313 31.663 89.775 0.43466 13.3382 10.3163 19.2532 3.63601 15.8221 2.95859 3.45477 0 8.07704 6.22996 18.0982 0.0109508 12.8198 6.40346 
19.1535 39.6455 8.8821 0.927078 55.9511 1.78509 2.12016 31.8292 102.17 27.1866 0.0249761 119.742 9.21522 7.9144 17.0636 3.72989 7.50169 29.3464 9.29812 0.262507 0.111568 9.42163 0 0.419175 3.68121 0.701669 10.8902 4.65137 
55.2914 8.86684 12.3749 5.98153 45.4989 3.0714 1.41392 9.65565 95.9297 9.33485 122.134 85.0991 47.022 8.95858 5.74172 5.18854 12.4219 42.6914 22.4189 3.48884 2.44834 7.15015 7.92714 0 19.8428 16.664 5.20308 10.801 
32.2323 25.8667 7.81904 54.8494 18.8938 19.019 48.7105 177.572 40.6665 12.9632 49.376 386.779 2.28688 5.63662 20.8112 61.3106 21.919 47.8475 23.9771 13.7442 55.9975 13.9175 6.99861 63.1841 0 84.335 114.145 149.618 
60.1316 32.8138 24.7034 20.1389 54.7306 27.5229 0.338198 229.016 34.3296 59.2643 19.7348 379.411 18.5907 12.8247 9.20188 3.87374 0.296896 61.792 28.0499 7.44689 30.2108 9.50181 1.77855 5.44925 12.5235 0 14.9266 62.9104 
9.04348 40.1183 2.51048 0.811776 29.5334 17.3365 35.1505 30.1315 77.1408 44.1841 12.0809 32.9339 0.00131667 1.87222 0.0568993 5.7261 1.00553 0.0367484 0.836881 5.23526 0.454576 7.44452 12.3124 10.9393 25.6129 29.254 0 49.4662 
60.8772 64.0373 19.0224 16.9794 15.9805 22.5243 6.15605 129.841 85.91 4.84973 89.1274 154.822 1.43652 7.06305 23.3795 0.47997 1.13298 50.0514 18.1406 8.88091 2.99727 2.60457 6.77609 14.0914 12.4148 39.2158 82.6619 0 
