0 677.386 139.151 460.451 18.7444 284.78 172.28 226.683 317.754 5.75995 23.1537 58.2896 83.3823 44.1647 32.4165 62.6432 179.827 3.16483 16.0067 79.9491 237.009 0.126654 2.70279 4.99019 173.851 60.5859 2.76262 0.905853 
387.057 0 368.065 201.421 47.4959 207.749 350.074 10.3273 198.255 241.3 259.568 56.0625 4.79109 71.2156 84.7141 52.4801 323.515 133.504 30.734 112.238 176.463 32.9782 35.5493 0.798842 241.25 22.5308 53.8895 13.1198 
122.183 27.804 0 248.716 117.967 18.7184 247.416 273.89 7.37343 114.348 222.973 152.085 48.2813 10.9642 25.4997 15.3658 2.48339 162.198 58.9302 15.3809 36.8704 12.4131 8.5018 8.19707 20.9831 27.5263 18.0704 3.27097 
199.509 203.155 403.033 0 151.607 186.092 119.185 764.186 241.213 21.8724 30.3315 172.898 22.0651 0.000815292 2.11375 25.8592 179.052 96.7871 15.3156 36.8623 518.928 16.8129 0.274722 0.205566 214.012 44.6632 17.2446 22.6918 
13.7677 236.063 188.327 139 0 224.824 86.3314 42.055 330.013 53.1867 253.938 34.4684 45.4526 60.665 33.2021 3.20138 3.73536 215.238 133.471 38.5537 85.8583 53.4653 23.7939 9.25664 67.5396 36.3361 40.6815 54.7562 
304.36 208.125 66.5421 200.834 430.971 0 76.1628 6.89816 207.296 675.657 191.907 42.0893 0.91074 15.8253 4.42377 18.9992 178.631 105.451 3.43886 2.48341 32.2 0.939901 0.385997 0.299621 183.68 0.266402 7.40576 8.83517 
215.045 152.408 37.1767 198.346 254.107 74.9483 0 277.989 85.97 91.5857 218.847 20.3319 199.27 86.6651 87.1238 44.4699 35.6326 35.5045 34.1032 0.0184352 140.905 19.6503 18.5617 41.4642 18.182 94.6207 52.2382 68.4328 
306.68 293.924 254.655 403.801 185.167 90.5806 119.127 0 658.436 76.9119 359.882 805.343 135.692 0.371558 38.5308 259.063 17.0064 95.0725 109.267 2.75389 0.485989 4.12116 17.8151 137.486 18.6887 41.101 73.0472 130.538 
410.091 535.284 460.209 504.204 0.00069923 205.577 1284.8 656.412 0 13.9636 877.71 329.458 139.143 21.59 132.227 53.1837 270.723 210.716 51.4531 16.5214 31.817 43.7223 92.4951 43.7994 295.048 42.2859 61.0392 75.7017 
139.308 26.4 1.12945 106.638 23.1709 16.4466 66.7475 140.7 272.812 0 579.441 0.130645 128.295 82.7987 29.7877 9.65778 18.0186 146.334 77.3478 1.6511 15.8967 10.5801 6.45761 7.91076 0.925319 3.15507 16.2593 2.21609 
167.235 71.8954 183.972 187.411 61.179 147.586 155.98 369.915 937.357 528.11 0 401.615 5.87564 26.1513 379.303 197.242 60.4867 1.07237 32.5912 5.55112 50.8447 51.7464 24.7292 53.6681 87.9248 106.88 32.5681 3.8147 
5.60208 128.626 171.566 223.424 40.0275 67.9291 7.85838 958.632 383.021 175.177 10.3458 0 0.904955 159.6 201.051 42.4427 71.8138 118.054 40.451 82.7484 71.3456 61.9628 117.643 112.164 102.914 170.264 108.729 149.39 
1.51045 12.0442 65.3259 15.0802 109.05 5.6955 23.6322 83.222 1.50791 192.659 124.719 9.35125 0 10.5827 2.46055 28.9617 64.0647 32.6776 0.486021 32.8474 22.7301 84.6284 64.1243 3.7367 31.7163 21.2444 19.5471 37.2608 
53.1319 65.4053 13.5617 10.0212 0.0927543 4.84699 72.3183 52.6212 55.1666 83.0783 54.0718 166.528 56.83 0 0.239491 0.109575 22.0697 6.00675 8.0971 0.228184 14.5996 8.34363 4.17051 3.72356 12.4163 6.80789 1.56725 0.882887 
24.1044 71.9899 0.819459 33.6377 28.5317 7.74493 141.785 83.2792 179.725 95.791 405.792 4.0258 66.0524 35.1263 0 78.7009 6.65582 20.0457 1.61737 0.331348 37.5903 0.0767208 17.0209 13.7457 2.7787 10.0452 0.986635 17.0463 
0.893837 0.74706 11.3919 0.101441 73.8129 3.15711 67.7217 259.308 114.995 12.8777 177.136 373.336 83.8465 3.67153 0.0313391 0 1.83787 17.771 0.0272313 1.64678 0.3846 2.51671 9.89483 0.00650497 2.04655 13.0722 16.5732 2.45469 
209.12 285.807 38.6814 230.865 106.956 177.022 83.7838 72.0976 196.005 71.2759 95.3377 67.9197 6.08388 5.32694 9.79049 5.46257 0 100.088 203.617 25.0425 62.2428 0.357483 1.21371 4.18286 181.247 11.0049 6.61406 0.58944 
0.934104 43.2242 97.3261 0.154353 0.000779008 37.877 175.63 6.45163 14.0747 51.4161 150.531 84.0987 62.1474 0.249579 54.294 60.5804 242.228 0 10.7548 48.4777 22.7824 40.2759 16.0616 0.212684 10.009 60.8104 17.6147 50.9684 
17.7565 152.032 2.8479 22.6822 253.791 89.7074 153.995 101.608 3.07133 103.783 48.6907 44.4596 19.1133 24.4139 29.3695 17.2706 35.924 80.6073 0 5.2691 9.04553 17.6724 13.3887 0.164717 15.7949 5.2649 22.6399 21.4237 
20.7347 87.4482 24.6107 0.952562 36.8878 6.35991 22.5538 114.239 96.9565 5.47468 21.9632 5.78453 31.4752 3.04236 1.55523 9.53253 1.06277 74.376 5.7701 0 191.38 0.0593607 3.82205 0.113552 0.321721 1.80491 10.8897 2.16565 
226.363 178.183 91.6583 144.469 71.8493 3.43086 37.4405 92.5713 75.083 1.89086 66.4404 94.2339 73.0407 44.6748 52.4227 62.6783 6.21596 71.2488 0.136966 331.616 0 1.30964 39.7615 30.5494 37.8608 27.149 14.6976 22.208 
4.52535 0.626778 5.58815 11.7211 0.0121622 16.7042 54.8095 0.760307 3.47464 57.1954 74.4583 29.1138 88.511 0.691459 13.9737 9.97291 19.4989 3.11091 15.2149 3.09021 3.86281 0 6.88996 5.45167 19.0423 0.0392205 12.8343 6.16169 
20.5965 37.8588 9.32141 0.639478 55.5649 2.21878 3.28288 27.3375 101.661 30.0281 0.793619 122.895 13.4493 6.48538 19.3071 2.82561 7.90498 30.4748 8.71404 0.315678 0.251168 10.55 0 0.0669457 4.87985 0.95334 10.4782 4.9895 
54.3484 7.39356 12.8865 7.04857 44.0327 2.5637 0.714258 5.62915 93.8625 7.46033 118.238 101.303 43.5181 8.23878 3.84129 8.67732 11.9625 41.8038 22.1083 3.67157 1.84449 6.3607 12.0469 0 15.0454 16.6964 6.01448 11.2932 
191.581 184.703 9.05908 213.031 16.847 175.16 52.9722 185.146 203.002 15.5847 58.0338 1106.5 1.5588 6.4527 18.9984 38.9451 179.181 46.3711 24.6501 13.6629 54.853 29.7625 5.31494 69.4651 0 23.3344 56.8311 59.3926 
56.8498 29.2356 25.5465 22.993 56.8972 27.7271 0.003021 219.642 42.1918 62.4478 12.6137 338.695 20.5655 12.963 7.27572 6.1818 0.458272 61.7122 28.5174 7.85226 32.5486 9.29617 2.14294 6.37318 15.2762 0 12.3742 63.5985 
7.97374 38.7911 2.12548 0.529168 28.3506 17.7222 36.9402 26.3754 77.981 43.4055 10.0269 27.7008 0.0361521 2.13846 0.00671149 5.02981 1.18582 0.116539 1.02604 5.49159 0.69657 7.76449 12.0098 10.0496 27.8387 31.3877 0 35.5117 
61.0019 63.5296 18.4024 15.5601 14.5084 22.7079 4.7122 126.344 88.6675 3.7325 84.9368 145.491 1.93183 6.609 23.3494 0.914374 0.924413 49.6084 18.7237 8.61042 3.72881 2.81993 6.45355 13.8866 12.5652 30.9777 89.7059 0 
