0 726.132 100.753 701.263 40.8869 462.825 137.322 187.708 477.019 1.68641 13.5209 39.5718 77.4114 46.3539 27.8024 57.1696 373.669 0.00033145 22.7182 61.8419 222.991 0.0130351 3.86479 3.28075 363.417 55.4115 1.83463 1.87341 
437.118 0 467.03 365.245 146.246 432.476 222.382 1.27431 430.95 241.038 246.325 74.9666 1.52101 70.579 89.3096 46.3344 509.181 42.158 45.8958 125.033 171.294 30.7717 32.6088 0.212317 434.278 27.8509 54.3158 10.5291 
83.4211 8.06367 0 94.8721 143.79 10.3556 228.793 255.386 84.6323 112.901 237.739 168.477 53.2534 9.6789 22.3685 17.5168 4.47939 156.306 56.4663 18.0561 50.2731 12.2604 9.20401 7.1833 22.7602 27.3881 17.5649 2.38295 
363.422 365.731 258.187 0 159.759 382.843 147.459 899.834 386.593 14.2719 50.3628 208.914 17.8367 0.13193 3.8868 21.1971 366.891 81.8128 11.6013 41.3535 611.959 16.7355 0.0698574 0.00591749 401.781 44.1884 18.6229 20.5779 
33.6581 365.643 185.593 123.615 0 122.395 165.874 59.3794 296.579 17.9399 241.801 24.5146 60.9261 57.3473 40.4282 1.52241 9.52104 227.305 80.4054 46.3071 93.893 54.6737 20.9284 7.25328 67.5383 32.178 42.0552 53.6282 
489.292 373.842 65.9072 398.796 226.931 0 736.725 20.8453 502.488 232.401 145.931 28.7833 432.393 14.1351 7.52425 16.8226 371.053 96.3923 8.39493 3.65778 27.3583 0.506249 0.134456 0.643606 371.784 0.812635 6.55824 7.64303 
184.291 278.36 9.6576 185.108 336.203 316.078 0 338.113 677.91 215.72 125.131 40.9913 211.418 80.7973 70.5774 35.3772 28.8658 19.1828 47.4625 0.866934 143.212 22.827 22.9271 36.887 23.8125 97.5397 54.1029 70.4089 
295.174 291.149 220.431 359.31 199.365 62.5784 61.6221 0 644.061 99.8365 373.153 1019.88 140.821 0.195703 21.562 255.508 21.1624 108.69 112.371 6.45161 0.381384 2.74051 24.0665 133.511 35.6677 16.8938 78.6721 125 
615.846 672.699 373.131 682.061 7.90154 499.416 797.4 647.646 0 0.0404659 1216.29 277.021 156.825 34.3396 195.768 69.2982 465.091 201.259 39.8263 22.7177 21.1676 46.9686 96.5682 51.0557 479.365 55.4678 64.4047 81.0761 
129.64 10.2809 0.025426 106.709 2.69246 52.3058 5.04043 117.515 330.082 0 600.906 2.10206 66.9994 79.8752 15.873 4.66005 22.4573 146.343 87.8479 0.668594 20.2146 7.69122 9.45752 10.9895 2.44317 6.07302 14.185 1.1127 
154.695 99.6906 212.83 171.139 38.9218 193.423 252.89 351.415 841.086 600.619 0 308.591 18.2793 51.8937 408.068 218.039 55.7355 3.84985 25.2179 8.41294 60.28 55.7665 15.3062 42.0176 101.343 124.263 37.2949 1.42604 
14.8168 148.784 156.118 190.721 51.7647 83.9317 0.661902 649.133 401.025 148.181 1.47065 0 9.97981e-05 149.133 152.85 180.811 68.5375 109.741 45.7616 87.0574 83.7231 58.6227 110.427 136.099 181.363 277.309 102.485 162.435 
3.49852 19.2203 61.6578 19.0966 92.2614 35.5721 41.6912 72.9552 0.0220241 125.179 154.701 15.7034 0 29.8001 0.0443946 36.7325 63.3235 38.3362 0.0135651 31.0272 19.6628 79.5564 72.8243 1.59086 28.583 24.4281 21.0573 35.6566 
53.6789 67.7144 14.5281 8.44289 0.05564 6.43227 79.3977 64.3995 70.2005 84.09 85.5288 163.365 30.6314 0 5.6584 0.254317 22.0999 7.76611 6.92574 0.146764 12.6861 9.0751 1.81802 2.36796 11.2143 7.9054 1.96325 0.544726 
28.6115 78.376 2.19368 31.05 35.5422 11.4871 142.131 106.438 201.36 111.291 391.767 1.11749 51.2014 54.721 0 48.018 5.61487 16.594 2.57192 0.164647 34.6054 8.36605e-05 20.4319 17.682 1.33999 7.00151 0.566336 15.5053 
2.6829 0.0352581 9.15287 0.15741 74.6999 4.76442 58.6008 246.368 100.03 20.1017 143.381 481.678 84.2092 1.28355 14.3367 0 2.42566 20.8395 0.186118 1.25264 0.0186325 3.15462 11.065 1.2276 1.62813 18.098 15.7263 3.8262 
392.119 487.376 34.74 420.562 119.804 365.195 89.833 67.2429 380.674 74.7902 95.6987 64.3935 4.41195 6.07046 11.02 6.36256 0 150.265 447.303 26.5869 63.9128 0.203622 1.54634 4.78006 372.056 9.94592 7.21963 0.365491 
7.58136 30.9253 117.305 0.776342 2.7505 27.5937 152.13 2.34836 25.451 40.8093 141.97 74.5011 67.9899 0.735758 57.3631 59.5192 272.374 0 4.71971 54.9926 17.2221 39.5746 17.8745 0.0259749 12.2148 61.4457 16.092 51.2048 
24.7202 138.812 1.09745 18.4318 207.045 86.7163 148.053 96.4561 0.535472 111.229 40.2775 39.1706 14.832 23.5377 27.5077 18.7232 30.9326 94.3265 0 3.89478 11.4888 16.7603 12.4572 0.358327 17.0802 6.33698 23.0158 22.1925 
5.58351 70.1874 26.1011 3.21117 44.6061 7.97645 16.3093 116.617 91.8848 3.56066 26.7059 9.30244 29.5871 2.83648 1.17871 9.36533 0.525781 78.7587 7.36508 0 284.389 0.0263133 3.90048 0.0498169 0.145843 2.29944 10.7906 2.56636 
206.97 174.532 103.563 211.592 63.2316 1.67685 28.8121 111.507 90.3047 3.72415 76.1911 81.8308 71.2406 44.9306 54.123 62.9922 8.11812 78.6383 0.610216 308.255 0 0.941118 39.9903 32.7218 40.932 30.7985 16.3025 19.9296 
3.60189 0.22789 5.06432 11.0939 0.225575 15.738 52.4255 0.238955 2.14771 54.9886 72.2781 25.2099 85.168 1.20214 14.8879 9.3842 19.8538 2.36491 14.252 3.29669 4.54121 0 5.07678 4.27647 20.4359 0.118344 12.8238 5.77921 
22.8777 34.9782 9.9716 0.293579 54.7184 2.97578 5.58107 20.7646 99.9107 34.4754 4.12338 126.085 21.335 3.93307 22.2667 1.60385 8.54273 32.1966 7.81492 0.407894 0.581077 12.1653 0 2.70421 7.06271 1.41535 9.79134 5.51945 
52.5964 5.32353 13.6174 8.82608 41.6069 1.84748 0.0922129 1.44714 89.8765 4.89759 110.62 126.048 37.8603 6.91536 1.55188 14.9749 11.2373 40.3068 21.5699 3.95428 1.06496 5.14521 17.7626 0 8.33003 16.5226 7.34548 12.0108 
385.798 378.207 11.0913 404.712 13.8045 364.267 59.5117 192.243 402.413 20.0245 72.0023 1074.81 0.692659 7.76672 16.0729 27.2802 369.901 43.9378 25.6513 13.4798 52.8342 84.9354 3.19914 66.0859 0 35.2482 97.8718 125.819 
51.4189 23.8382 26.5838 27.425 60.043 27.8004 0.592537 196.564 55.3676 66.9002 4.49488 243.788 23.7339 13.0266 4.59877 10.5502 0.779628 61.3208 29.1632 8.46885 36.1948 8.94885 2.76201 7.86905 19.847 0 8.65491 60.3778 
6.41073 36.6452 1.57992 0.206109 26.4806 18.2775 39.693 20.8321 78.9626 42.0473 7.15082 20.1779 0.185676 2.58205 0.026753 3.99987 1.49627 0.331181 1.35912 5.89302 1.17691 8.25851 11.4768 8.65152 31.1558 34.2279 0 16.1056 
60.9062 62.4607 17.3459 13.355 12.2999 22.8872 2.81734 119.336 92.4251 2.26015 77.8638 128.395 2.84683 5.89127 23.1061 1.85668 0.6389 48.7823 19.6135 8.16957 5.02053 3.1679 5.93644 13.4803 12.602 18.3973 92.7218 0 
