0 637.027 95.7872 636.155 44.2289 392.873 132.79 182.495 404.837 1.33887 12.4616 37.3833 76.6219 46.6168 27.2216 56.4385 305.926 0.0615933 23.6403 55.7285 220.702 0.00693816 4.02675 3.0866 295.112 54.7244 1.72926 2.02122 
355.223 0 471.152 295.811 161.542 369.179 206.138 0.740982 369.36 240.427 244.215 77.4852 1.23348 70.4544 89.824 45.5408 440.152 715.873 47.9773 126.447 170.445 30.4869 32.2295 0.16433 366.334 28.5515 54.3562 10.2147 
78.5798 14.9808 0 75.7672 146.815 9.428 225.164 251.843 99.5196 112.504 238.799 170.26 53.8647 9.51176 21.9504 17.7806 4.77282 155.183 56.0995 18.3878 52.0461 12.2379 9.29075 7.05431 22.9739 27.3418 17.4951 2.27841 
295.431 296.125 261.619 0 160.493 315.477 150.833 1.335 314.128 13.3986 53.1759 213.014 17.3181 0.164717 4.14779 20.5983 298.35 79.8586 11.1554 41.8604 314.173 16.7218 0.0533834 0.000828687 333.163 44.064 18.7954 20.302 
36.7464 381.066 184.646 121.464 0 118.363 176.938 61.7335 291.492 14.6968 239.859 23.3455 62.9869 56.896 41.3669 1.35145 10.4394 228.474 74.1775 47.3038 94.8872 54.8106 20.5676 7.01241 67.51 31.6492 42.2233 53.4689 
420.132 303.403 65.603 331.519 824.057 0 1339.53 23.1154 451.114 647.874 139.864 27.2224 452.294 13.9121 7.96714 16.5369 303.098 95.1408 9.16973 3.82129 26.7519 0.460213 0.111592 0.696547 303.253 0.903165 6.45189 7.49378 
180.063 294.826 7.36975 182.871 345.543 380.445 0 344.807 768.188 233.191 114.26 44.0657 212.582 79.9705 68.4489 34.2489 28.0338 17.4229 49.2638 1.06561 143.403 23.2403 23.5031 36.2999 24.5679 97.8195 54.326 70.628 
292.941 290.165 215.174 336.447 200.968 59.2019 55.3583 0 636.447 102.823 373.801 1027.34 141.385 0.332449 19.6964 253.804 21.7173 110.405 112.708 7.02931 0.616642 2.58358 24.9126 132.813 38.147 14.4981 79.3574 124.155 
549.112 596.675 357.349 610.361 10.0063 447.942 707.66 640.713 0 0.064047 1347.64 269.721 158.952 36.1065 190.201 71.3945 397.307 199.824 38.4093 23.5617 19.9426 47.3754 97.0144 51.9838 410.233 57.2048 64.8162 81.7247 
128.282 8.73366 0.0996492 106.578 1.51306 73.407 2.15383 114.516 336.251 0 596.754 2.82296 60.1655 79.3872 14.3622 4.14406 23.047 146.215 89.1337 0.574192 20.7939 7.35053 9.8744 11.4113 2.68724 6.5082 13.9259 0.998356 
152.966 103.391 215.901 168.732 36.3721 198.894 265.49 348.078 809.438 603.345 0 295.867 20.3219 55.631 407.338 219.949 55.1221 4.32541 24.3269 8.81654 61.5056 56.2666 14.2426 40.5786 102.991 126.347 37.9049 1.20282 
16.2894 151.279 153.85 186.035 53.3301 85.9752 0.311548 599.369 402.028 144.608 3.16252 0 0.0121516 147.494 146.395 202.465 68.1032 108.638 46.4445 87.5572 85.3097 58.1789 109.379 138.966 176.439 289.962 101.61 163.821 
3.80972 20.2398 61.149 19.6319 90.0977 40.2929 44.2846 71.6421 0.105161 116.82 158.452 16.62 0 32.8122 0.0013441 37.7444 63.2086 39.0737 0.00178588 30.7882 19.2816 78.8087 73.8475 1.38025 28.1816 24.8385 21.2497 35.4437 
53.7252 67.9704 14.6408 8.24516 0.0929282 6.64454 80.2356 65.9085 72.1405 84.0951 89.7642 162.604 27.6995 0 7.45086 0.372412 22.099 8.00431 6.7805 0.137615 12.4475 9.16155 1.56676 2.20954 11.0548 8.04326 2.01636 0.507106 
29.1973 79.1399 2.41389 30.694 36.4619 11.9994 141.894 109.362 203.601 113.044 385.658 2.09612 49.324 56.4919 0 43.5262 5.48681 16.169 2.70854 0.147457 34.2192 0.00208837 20.8198 18.1702 1.19187 6.63969 0.520764 15.3022 
2.97813 0.0102505 8.87342 0.23804 74.7679 4.98864 57.4144 243.528 98.0238 21.1095 138.775 488.066 84.1468 1.05967 17.7791 0 2.50599 21.2403 0.216562 1.20559 0.0055781 3.23947 11.1927 1.5801 1.64897 18.7382 15.6104 4.01902 
322.961 420.444 34.2239 352.191 121.343 296.704 90.5614 66.6079 311.737 75.2039 95.7092 63.9298 4.21632 6.1676 11.1793 6.48086 0 156.744 218.159 26.7766 64.1087 0.187044 1.59145 4.85835 303.865 9.8123 7.29796 0.340673 
8.87645 39.8639 119.711 1.08853 3.50718 26.3616 148.984 1.96853 27.1147 39.5067 140.79 73.2745 68.7236 0.816061 57.7345 59.3597 275.131 0 4.11939 55.8089 16.5587 39.4782 18.1085 0.0150859 12.5083 61.5037 15.8997 51.2226 
25.6712 136.94 0.931794 17.9067 200.375 86.1773 147.102 95.7545 0.361135 112.067 39.2332 38.5033 14.3159 23.4192 27.2623 18.9066 30.8484 96.0404 0 3.73239 11.8178 16.642 12.3377 0.388316 17.2436 6.47919 23.0606 22.2873 
5.06567 67.9652 26.2577 3.58931 45.6016 8.18998 15.5686 116.807 91.1719 3.34374 27.3307 9.80534 29.3404 2.80992 1.13396 9.33968 0.470464 79.2625 7.57933 0 293.515 0.0230449 3.90967 0.0435278 0.128276 2.36591 10.7759 2.61928 
204.063 173.871 104.952 217.388 62.1317 1.49658 27.7702 113.919 92.263 4.00088 77.4375 80.2453 70.9923 44.9495 54.3203 62.9986 8.37687 79.5658 0.694776 300.758 0 0.89832 40.0097 32.9938 41.3161 31.2661 16.51 19.6417 
3.4908 0.191126 4.99799 11.0125 0.271899 15.609 52.1033 0.193453 2.00043 54.6749 71.9708 24.7214 84.6267 1.27626 14.9968 9.30498 19.8965 2.27657 14.1283 3.32303 4.63115 0 4.854 4.13186 20.6047 0.131479 12.8196 5.73014 
23.1699 34.6045 10.0509 0.258834 54.5895 3.07872 5.91464 19.9728 99.605 35.0387 4.7301 126.334 22.4358 3.61042 22.5832 1.46856 8.62453 32.4118 7.70179 0.420425 0.63287 12.354 0 3.28561 7.36342 1.47991 9.7004 5.58686 
52.3496 5.08126 13.704 9.06071 41.2869 1.76346 0.0549464 1.10781 89.3054 4.6055 109.526 129.072 37.1296 6.73376 1.3282 15.8006 11.1444 40.1068 21.4968 3.98996 0.980388 4.99351 18.3304 0 7.58133 16.4809 7.51944 12.0972 
318.061 310.387 11.3567 336.589 13.4321 295.874 60.3285 192.708 335.376 20.6167 73.7992 258.644 0.606703 7.93615 15.6963 29.7485 301.7 43.6176 25.7741 13.4516 52.5576 84.8139 2.98139 64.7183 0 49.0632 62.8135 142.403 
50.7049 23.172 26.69 27.9797 60.4208 27.788 0.76525 192.975 57.1039 67.4165 3.74426 230.089 24.1431 13.0212 4.29263 11.157 0.826592 61.2476 29.2378 8.54562 36.6568 8.90242 2.84477 8.06217 20.4432 0 8.21232 59.607 
6.22164 36.366 1.51555 0.175543 26.2409 18.3439 40.039 20.1586 79.0581 41.8623 6.81523 19.2848 0.213066 2.64083 0.037979 3.87446 1.53831 0.366426 1.40482 5.94416 1.24702 8.3208 11.4038 8.47391 31.5651 34.5404 0 14.0337 
60.8684 62.3007 17.2042 13.0768 12.0273 22.9005 2.60885 118.316 92.8525 2.09749 76.9225 126.033 2.97556 5.79953 23.058 1.99879 0.606137 48.6655 19.7248 8.11193 5.19778 3.21317 5.86963 13.4212 12.5919 16.9101 92.3611 0 
