0 473.974 87.5641 511.833 50.0289 262.249 125.242 173.735 270.598 0.848069 10.7861 33.8482 75.2938 47.046 26.2591 55.2055 179.07 0.398481 25.207 44.4426 216.653 0.00101334 4.30338 2.7755 167.312 53.5676 1.56033 2.27955 
207.535 0 473.22 167.265 187.942 249.907 179.596 0.171129 253.269 239.122 240.501 81.726 0.820691 70.2252 90.6433 44.2158 311.036 73.5431 51.5077 128.683 168.939 30.0111 31.5958 0.0979633 239.095 29.7285 54.4164 9.69938 
70.6492 30.9985 0 47.443 151.682 7.96408 218.549 245.397 126.209 111.737 240.134 173.063 54.8698 9.23216 21.2465 18.2137 5.28046 153.132 55.4633 18.934 55.0203 12.1988 9.43365 6.83983 23.3228 27.2504 17.3761 2.10883 
169.996 167.291 277.348 0 161.557 189.247 156.3 286.119 180.235 11.9961 57.9721 219.543 16.4657 0.227376 4.59929 19.6021 170.149 76.5912 10.4274 42.6679 535.154 16.6971 0.0308318 0.00264481 204.8 43.825 19.0808 19.8397 
42.143 405.712 182.776 117.798 0 113.877 195.608 65.7188 282.655 9.98296 236.435 21.4509 66.4553 56.1308 42.9366 1.08885 12.0566 230.227 64.1852 48.9647 96.5263 55.0298 19.9693 6.61872 67.4486 30.7696 42.4998 53.1958 
290.78 172.546 64.9863 205.403 193.269 0 1033.42 27.1253 352.532 184.421 129.743 24.6986 112.707 13.5376 8.7265 16.0582 175.873 93.0123 10.5276 4.1002 25.7486 0.388255 0.07819 0.789229 175.057 1.06425 6.27569 7.24674 
172.902 321.961 4.22759 178.89 360.33 493.925 0 355.367 912.881 262.494 96.9283 49.389 214.318 78.5566 64.9073 32.3896 26.6651 14.6642 52.3056 1.44167 143.669 23.9327 24.4711 35.3213 25.8434 98.2382 54.6901 70.9763 
288.854 288.213 206.049 291.799 203.528 53.7069 45.5587 0 621.025 107.814 374.343 1028.6 142.279 0.640107 16.7542 250.355 22.6535 113.247 113.241 8.04336 1.13317 2.33188 26.3444 131.557 42.4162 10.8891 80.4815 122.683 
423.669 455.587 329.401 476.003 14.0468 349.235 556.616 626.385 0 1.01962 887.742 257.334 162.421 39.1078 168.873 74.8957 270.328 197.323 36.0865 24.9922 17.9727 48.0493 97.7193 53.5291 280.98 60.1184 65.4924 82.7857 
125.961 6.42618 0.331608 106.291 0.296009 114.87 0.0283555 109.516 345.85 0 586.436 4.25694 49.4286 78.5183 11.9936 3.34852 24.0401 145.939 91.2438 0.432667 21.773 6.79757 10.5851 12.1276 3.11878 7.26367 13.4972 0.821343 
150.026 109.611 220.67 164.572 32.2855 207.736 286.342 342.056 756.553 604.397 0 274.474 23.9438 62.0422 403.876 222.727 54.097 5.1778 22.87 9.5078 63.5562 57.0926 12.5454 38.2113 105.696 129.739 38.9236 0.872613 
18.8861 155.387 149.94 178.025 55.9694 89.3704 0.0174821 514.843 403.03 138.615 7.38996 0 0.096519 144.62 135.598 239.277 67.3717 106.781 47.5842 88.3637 87.9526 57.4311 107.574 143.621 165.273 310.045 100.116 165.981 
4.35675 21.988 60.2821 20.5345 86.4908 47.2855 48.7351 69.4554 0.381028 103.2 164.637 18.1985 0 38.0624 0.0642041 39.4362 63.0071 40.3093 0.00663073 30.3868 18.6519 77.5154 75.5025 1.06187 27.5126 25.524 21.5699 35.0849 
53.7905 68.377 14.8229 7.91798 0.176188 7.00261 81.5955 68.42 75.3734 84.0411 96.881 161.161 23.0762 0 10.894 0.617822 22.0952 8.40786 6.54071 0.123004 12.053 9.30184 1.18253 1.95461 10.7864 8.27141 2.10611 0.447279 
30.1778 80.3847 2.80229 30.0892 38.0042 12.8679 141.36 114.196 207.046 115.833 373.484 4.39747 46.2195 58.9332 0 36.0913 5.27601 15.4693 2.9435 0.120887 33.5735 0.0113653 21.4375 18.9716 0.963597 6.05239 0.448955 14.9611 
3.50302 0.00184559 8.41201 0.409072 74.8583 5.37115 55.431 238.239 94.6448 22.827 131.009 494.394 83.9883 0.731913 24.1018 0 2.64244 21.9122 0.272381 1.12891 0.000803577 3.38245 11.3935 2.25951 1.72085 19.7967 15.4137 4.34855 
193.735 294.846 33.3585 224.24 123.849 168.592 91.7518 65.5429 182.883 75.8751 95.7088 63.1508 3.89949 6.33052 11.4458 6.67963 0 167.477 288.793 27.0889 64.426 0.160966 1.66795 4.9898 176.234 9.59047 7.42899 0.301234 
11.2517 59.9645 123.626 1.72466 4.96845 24.3545 143.688 1.40929 29.9875 37.3661 138.784 71.2316 69.9392 0.958975 58.3427 59.082 279.126 0 3.20738 57.1594 15.4776 39.3141 18.4996 0.00347293 13.0031 61.5886 15.5804 51.246 
27.2843 133.738 0.68538 17.042 189.018 85.203 145.422 94.5645 0.146518 113.404 37.51 37.3959 13.472 23.2186 26.8499 19.2111 31.2425 98.8705 0 3.46861 12.3746 16.4441 12.1384 0.440922 17.5156 6.71877 23.1338 22.4437 
4.93803 64.2698 26.501 4.26199 47.2623 8.54885 14.3651 117.067 89.9529 2.99645 28.3804 10.6696 28.9266 2.76555 1.06109 9.29481 0.385014 80.0729 7.94135 0 306.814 0.0180772 3.92456 0.0339843 0.101483 2.47827 10.7504 2.70833 
199.024 172.673 107.192 223.655 60.3013 1.21852 26.0666 117.928 95.527 4.4831 79.5128 77.6064 70.5693 44.9739 54.6387 62.9923 8.81577 81.102 0.84777 286.299 0 0.829117 40.037 33.444 41.9517 32.0455 16.8571 19.1636 
3.30919 0.137003 4.88781 10.8763 0.358655 15.3916 51.558 0.128261 1.76623 54.1365 71.4445 23.9128 83.6693 1.40404 15.1739 9.17106 19.9661 2.13288 13.9219 3.36693 4.78266 0 4.48881 3.89414 20.8808 0.154888 12.811 5.64827 
23.6569 33.9796 10.1809 0.205731 54.3643 3.25326 6.49014 18.6793 99.0548 35.9737 5.8302 126.666 24.311 3.08616 23.0759 1.25468 8.76102 32.7681 7.51417 0.441684 0.724027 12.658 0 4.35317 7.87377 1.59015 9.54738 5.69903 
51.9269 4.68898 13.8447 9.45501 40.7488 1.62733 0.0141469 0.642296 88.3237 4.13708 107.645 134.017 35.9099 6.42663 0.992434 17.1673 10.9894 39.7692 21.3728 4.04918 0.847076 4.743 19.1641 0 6.40113 16.4017 7.81101 12.2384 
191.193 183.386 11.8012 209.048 12.8199 167.912 61.6786 193.257 209.69 21.6149 76.7923 662.414 0.475955 8.21884 15.0687 35.6873 174.052 43.0793 25.9762 13.4023 52.0875 79.4149 2.64706 62.1405 0 70.6342 26.8749 149.417 
49.5068 22.0746 26.8534 28.8959 61.038 27.7564 1.10166 186.715 60.0169 68.249 2.64262 206.961 24.8268 13.0053 3.80225 12.1857 0.907811 61.1139 29.3581 8.67248 37.4242 8.82403 2.98437 8.38437 21.4393 0 7.49372 58.1553 
5.91195 35.8984 1.411 0.130019 25.8409 18.4522 40.6123 19.0544 79.202 41.5482 6.27244 17.8331 0.262886 2.73981 0.0610366 3.66877 1.60958 0.429082 1.48254 6.02931 1.36822 8.42419 11.2799 8.17883 32.2412 35.0338 0 10.848 
60.7927 62.0224 16.9648 12.6154 11.578 22.9177 2.27859 116.558 93.5376 1.83941 75.3371 122.023 3.19594 5.64673 22.9694 2.2461 0.55339 48.4652 19.9091 8.01524 5.49925 3.28903 5.75796 13.3191 12.5691 14.5234 91.3877 0 
