0 225.678 69.1536 343.844 64.3699 88.3683 108.026 153.388 88.9249 0.141786 7.36986 26.2832 72.1863 47.9906 24.0743 52.31 14.226 2.28141 28.9447 18.6543 206.293 0.00748815 4.97068 2.11991 0.267258 50.8576 1.20386 2.93003 
9.18287 0 455.262 3.89313 251.459 103.085 122.484 0.378584 115.291 234.78 231.061 91.6475 0.18857 69.5967 92.3428 41.1635 140.449 655.4 59.8855 133.221 165.05 28.9114 30.1331 0.0100716 73.1399 32.4736 54.5212 8.55642 
53.3039 86.8399 0 6.37012 161.964 5.01637 200.894 228.204 194.115 109.485 241.127 178.664 57.1127 8.58584 19.6001 19.1754 6.53395 147.603 53.8852 20.1543 61.9235 12.1017 9.75414 6.34964 24.0894 26.973 17.0903 1.7413 
16.905 3.25763 256.283 0 163.231 25.8135 168.029 616.027 3.3709 9.03278 69.4464 232.972 14.5646 0.40918 5.71302 17.3298 2.15104 69.0591 8.82919 44.338 447.648 16.6312 0.00229931 0.05563 36.2692 43.1278 19.727 18.7667 
55.6542 456.04 177.128 109.037 0 103.392 238.946 75.1464 260.807 2.54011 227.709 17.3612 74.5645 54.3117 46.5633 0.591258 16.1736 233.318 43.3401 52.7751 100.205 55.4912 18.6088 5.7511 67.2407 28.7586 43.1175 52.5325 
119.579 0.917681 63.0623 42.0691 836.662 0 1276.17 37.3534 255.033 51.5314 106.704 19.2847 359.599 12.6649 10.5657 14.9462 10.111 87.9328 13.9517 4.77079 23.4788 0.245621 0.0237951 1.02319 7.0089 1.48249 5.87564 6.68729 
155.999 381.448 0.280205 168.612 390.112 743.388 0 376.547 1181.56 328.847 61.4157 62.5083 217.324 75.1448 56.8354 28.2265 23.608 9.17498 59.4647 2.5171 144.031 25.5393 26.7324 33.0734 28.8488 98.9721 55.4899 71.6953 
277.786 282.275 183.612 186.984 208.863 41.7858 26.3063 0 573.534 119.31 373.04 979.229 144.107 1.72325 10.8198 239.655 24.8585 119.691 114.319 10.6125 2.90723 1.80043 29.7333 128.24 52.8233 4.48753 82.9774 118.994 
260.779 256.311 259.796 289.862 25.7799 251.654 241.61 581.164 0 7.52181 739.924 228.048 170.011 46.2381 92.8209 82.9465 104.944 191.074 30.9419 28.3902 13.7953 49.5774 99.1544 57.0682 110.24 66.885 66.9999 85.1254 
120.371 2.43875 1.37532 105.301 1.07143 229.724 7.9231 98.0508 364.413 0 547.451 8.63894 28.2174 76.265 7.29493 1.83169 26.3707 145 95.9253 0.182681 24.0847 5.59851 12.2921 13.8356 4.2266 9.13975 12.5269 0.479013 
143.006 124.103 229.871 154.361 23.7002 226.523 332.836 326.134 653.661 590.31 0 225.11 33.2588 77.5037 385.573 227.141 51.7292 7.41778 19.6556 11.1833 68.3026 58.9552 9.01508 32.9311 111.701 137.112 41.2748 0.31291 
25.5085 164.565 140.375 158.835 62.166 97.0997 0.717987 324.197 402.147 124.715 23.6225 0 0.594901 137.381 110.905 323.31 65.6549 102.426 50.2099 90.0894 94.0129 55.6745 103.156 153.67 153.779 350.165 96.5138 170.21 
5.74721 26.2307 58.2019 22.6558 78.2215 56.3083 59.5218 64.4448 1.66413 73.8438 178.47 22.0618 0 51.0592 0.845467 43.3395 62.4962 43.1779 0.133832 29.4498 17.2313 74.3296 79.0515 0.486247 25.9755 27.1046 22.3045 34.242 
53.8837 69.2156 15.2135 7.17823 0.46742 7.84412 84.5401 74.1581 82.7732 83.6206 113.364 157.035 13.8339 0 20.5305 1.40401 22.0753 9.36625 6.00072 0.0924383 11.1613 9.60562 0.486026 1.41596 10.1588 8.78693 2.31814 0.323468 
32.4481 83.1066 3.79386 28.6471 41.5887 14.9254 139.473 125.058 213.528 121.575 336.924 12.7891 39.2369 61.8687 0 20.2427 4.80363 13.9026 3.51761 0.0697102 32.0802 0.0608097 22.7082 20.7427 0.528493 4.78273 0.303629 14.1656 
4.86293 0.140293 7.37509 0.974226 74.9571 6.29024 50.8538 223.609 86.7367 26.9398 112.907 488.028 83.3662 0.203171 40.5178 0 2.96837 23.4748 0.424745 0.960945 0.0703806 3.71818 11.7951 4.22625 2.06057 22.1693 14.9446 5.14296 
23.3918 132.441 31.3485 56.6537 129.317 0.814649 94.3721 63.0641 13.4052 77.3297 95.6229 61.3308 3.21505 6.70999 12.0632 7.14416 0 191.552 129.131 27.7875 65.1129 0.10837 1.85001 5.29668 9.47124 9.08484 7.73256 0.219612 
17.7126 121.059 132.127 3.73029 9.26266 19.9732 131.309 0.475355 37.0452 32.5966 133.987 66.5481 72.6967 1.33045 59.6883 58.3876 285.37 0 1.53608 60.2106 13.1115 38.9205 19.4037 0.00775064 14.1669 61.7281 14.8519 51.27 
31.1198 126.017 0.261034 15.1058 162.106 82.6136 141.134 91.7332 0.0142418 116.185 33.6366 34.8752 11.6116 22.7423 25.8862 19.905 35.4196 105.233 0 2.89507 13.6933 15.9852 11.6795 0.574329 18.1384 7.28144 23.2946 22.7949 
8.11949 55.8561 26.9742 6.00251 51.0799 9.38692 11.7517 117.387 87.0089 2.26647 30.8316 12.7767 27.9634 2.66301 0.901868 9.18163 0.220684 81.7925 8.79677 0 327.227 0.00893311 3.95679 0.0164931 0.0516973 2.74388 10.687 2.91697 
186.593 169.474 111.965 221.013 56.1105 0.686052 22.3113 127.057 103.019 5.6907 84.2689 71.5657 69.5543 44.9971 55.3218 62.8971 9.86114 84.5837 1.25648 245.137 0 0.680269 40.0763 34.4645 43.3904 33.8362 17.6603 18.0734 
2.90834 0.046588 4.63615 10.5604 0.603335 14.8798 50.2647 0.0289301 1.28174 52.8274 70.1682 22.0817 81.2139 1.71724 15.5606 8.85454 20.1197 1.8193 13.4459 3.46774 5.13878 0 3.68255 3.36468 21.4895 0.215878 12.7844 5.45967 
24.7763 32.5322 10.4698 0.106533 53.7981 3.66817 7.90395 15.8349 97.5999 38.1016 8.77097 127.042 28.7964 1.9772 24.0328 0.821015 9.07557 33.5751 7.08731 0.492311 0.956441 13.3046 0 7.17969 9.08487 1.85577 9.18889 5.95573 
50.9027 3.84216 14.1508 10.3754 39.4898 1.33312 0.0215146 0.0495989 85.9292 3.14903 103.066 144.853 33.1035 5.70463 0.40147 20.2068 10.6327 38.973 21.0775 4.1841 0.576864 4.17967 20.4815 0 4.04194 16.1743 8.48776 12.5494 
26.2191 18.1293 12.8319 42.3836 11.4541 0.42447 64.7238 193.435 47.497 23.9595 83.6443 926.138 0.235034 8.86889 13.6307 55.0696 7.25193 41.8213 26.4284 13.2775 50.9643 48.9836 2.01868 55.4416 0 89.303 102.578 77.9026 
46.7169 19.6175 27.1633 30.9552 62.3958 27.632 2.10352 171.138 66.7822 70.0262 0.829317 153.915 26.405 12.9366 2.77401 14.6133 1.10851 60.7517 29.6155 8.95876 39.1744 8.63907 3.31273 9.12439 23.7306 0 5.93868 54.0804 
5.22602 34.8124 1.1837 0.0511249 24.9199 18.6901 41.9147 16.6074 79.4606 40.7996 5.10347 14.6762 0.397164 2.97208 0.134631 3.21219 1.77913 0.591709 1.6687 6.22465 1.66755 8.65974 10.9843 7.50583 33.7694 36.0345 0 4.94157 
60.5578 61.3276 16.4 11.5671 10.5693 22.9342 1.60154 112.247 94.9812 1.30835 71.6191 112.499 3.73018 5.29628 22.7257 2.86276 0.441003 47.978 20.3268 7.79 6.22069 3.46529 5.49994 13.068 12.4933 9.55872 87.4409 0 
