0 515.278 35.2075 739.648 97.8357 509.241 73.8292 111.383 496.283 0.578545 2.28669 13.2962 65.506 49.7592 19.6796 46.0614 455.28 11.0617 37.2647 12.8785 180.617 0.111177 6.49692 1.02865 436.641 45.0347 0.606192 4.53315 
451.616 0 331.079 470.841 382.319 581.966 32.7413 7.56956 618.745 220.008 207.773 112.791 0.304041 67.8406 95.0218 34.832 567.238 307.564 78.1755 139.747 155.144 26.6006 27.0711 0.117952 510.882 38.3256 54.5876 6.37194 
23.1857 256.015 0 55.7712 178.531 0.975546 155.759 183.889 340.72 102.716 233.9 186.28 61.4407 7.2371 16.1025 20.9994 9.50886 132.776 50.1171 22.496 76.297 11.8676 10.3817 5.3481 25.5119 26.1011 16.442 1.08019 
515.565 468.963 18.9128 0 163.196 469.522 187.835 843.824 439.121 4.11923 94.7304 252.744 10.8921 0.954317 8.34462 12.7705 436.403 53.5668 5.86545 46.9019 692.402 16.4535 0.0477113 0.383809 468.723 41.0387 21.0235 16.5017 
87.8786 522.315 159.813 89.7227 0 37.4846 324.732 95.6962 210.169 2.8855 206.078 10.1078 91.8126 50.2786 54.1256 0.0375481 26.4078 235.426 11.8492 60.5898 107.415 56.2584 15.8536 4.11819 66.5089 24.64 44.3217 50.9952 
544.83 439.057 56.9632 485.256 465.179 0 661.285 62.4884 824.27 536.397 62.1698 9.93279 409.023 10.8147 14.743 12.6066 448.951 76.6727 22.281 6.28746 18.946 0.0521378 0.0116003 1.6015 440.898 2.56077 5.067 5.56487 
119.868 480.064 7.05533 142.986 429.229 874.01 0 404.773 1231.47 445.586 11.6983 93.1296 219.052 67.406 40.7191 20.1679 17.686 1.77778 74.8893 5.67819 143.657 28.9392 31.57 28.428 35.384 99.4606 56.9839 72.8194 
247.993 263.748 133.046 128.158 217.357 20.904 2.70369 0 432.469 142.916 359.063 682.901 146.876 5.62873 2.48182 206.392 29.6701 132.586 115.904 16.9701 9.17762 0.908315 37.1629 119.529 76.5499 0.144959 87.7464 110.055 
699.961 621.359 115.354 671.428 60.1863 821.644 16.2973 443.253 0 39.3642 545.14 165.822 183.861 61.7652 99.4096 99.4005 543.745 175.997 21.2181 35.8938 6.75894 52.6562 101.284 64.3201 537.423 81.0633 69.9181 89.5218 
107.73 0.235391 5.7811 101.797 18.4212 450.19 77.8178 74.7372 385.44 0 411.099 22.4092 2.47792 70.5074 1.15261 0.122001 31.4093 141.702 104.789 0.0029592 29.1522 3.44175 16.1443 17.6404 7.03405 13.6303 10.5804 0.0593137 
127.389 154.515 240.409 130.749 9.78592 256.833 416.565 284.82 460.285 493.495 0 128.111 56.6166 111.563 307.511 227.164 46.7634 13.3034 13.6156 15.041 78.2686 62.6553 3.44241 22.8147 123.068 150.249 46.1909 0.0503876 
41.9957 182.219 118.4 117.111 75.539 112.589 8.28636 40.6097 386.222 95.8581 84.0053 0 2.98785 119.871 63.0364 459.924 61.9302 93.0307 55.6818 93.0831 106.458 51.8622 92.8929 171.052 277.667 396.983 88.3394 175.525 
9.223 35.9836 53.5162 27.2532 61.3523 39.2414 83.9623 54.1587 7.19867 25.6753 204.894 31.0881 0 80.5994 5.27016 51.4131 61.2217 49.2518 0.917608 27.4406 14.4007 66.8475 85.152 0 22.7926 30.4023 23.8242 32.4096 
53.823 70.5193 15.8936 5.70429 1.51782 9.66004 89.7823 85.7803 97.7563 81.4346 146.791 145.048 1.86451 0 43.336 3.92192 21.9833 11.4935 4.92976 0.0425115 9.37739 10.1473 0.0218676 0.544336 8.81684 9.80808 2.78411 0.128495 
37.2201 88.0919 6.26546 25.4479 49.1566 19.4026 132.695 145.968 220.138 130.158 233.409 42.9596 25.7612 55.3247 0 0.791549 3.87705 10.8426 4.86047 0.00791785 28.9425 0.289092 24.5846 23.9907 0.0365535 2.55068 0.0908761 12.4706 
8.35473 1.13321 5.35119 2.89655 74.6726 8.36092 41.3689 183.949 69.9574 36.0922 75.7783 388.821 80.9375 0.161967 73.9053 0 3.70075 26.7962 0.848997 0.650107 0.575728 4.44481 12.3411 9.76236 3.52244 26.6431 13.8981 6.94222 
452.861 576.437 27.1056 491.028 139.227 435.608 99.2706 57.7847 444.705 79.9448 95.0633 57.4201 1.99072 7.5211 13.3674 8.14369 0 236.388 395.835 29.15 66.3478 0.0319244 2.25671 5.95606 445.959 8.05296 8.375 0.0905132 
35.3277 212.287 147.113 10.2586 22.2033 12.0225 105.119 0.12352 53.5777 23.4378 123.243 56.9105 78.2485 2.29426 62.242 56.6967 284.666 0 0.00664084 66.2698 8.74548 38.0292 21.3054 0.155679 16.702 61.7675 13.3613 51.1868 
39.6032 108.621 0.0233076 11.3376 105.767 75.774 130.424 85.4413 1.3587 120.589 26.0221 29.7579 8.11663 21.6859 23.8165 21.3183 63.4494 117.657 0 1.85377 16.6051 15.0134 10.722 0.90763 19.4227 8.50403 23.5953 23.4884 
29.4861 39.1359 27.5592 10.4061 58.9445 11.1764 7.05119 116.814 80.2962 1.06182 36.0794 17.6738 25.9103 2.44766 0.608476 8.90216 0.0238132 84.7006 10.6735 0 318.979 0.00012341 4.0148 0.00013334 0.00134516 3.32757 10.5335 3.36824 
157.622 160.893 120.017 179.233 47.5144 0.0629198 15.2741 145.433 118.401 8.63835 94.0445 59.2071 67.2533 44.8968 56.5186 62.339 12.1956 91.5731 2.36106 140.088 0 0.41626 40.0519 36.5177 46.2739 37.5422 19.3553 15.8479 
2.14969 0.0113233 4.12053 9.89109 1.31428 13.7657 47.4048 0.0495191 0.51749 49.7979 67.2243 18.408 75.0435 2.44929 16.2679 8.16041 20.4099 1.24224 12.4501 3.67713 5.91491 0 2.19353 2.35169 22.6263 0.374769 12.6979 5.06556 
27.1003 29.482 11.0235 0.00362652 52.405 4.58837 11.2358 10.5434 93.7452 42.3999 16.6392 126.08 38.7279 0.364993 25.1652 0.201387 9.73336 35.1991 6.21996 0.605467 1.54216 14.3833 0 13.7099 11.7217 2.45944 8.41599 6.48324 
48.5438 2.33274 14.7067 12.3392 36.7779 0.807838 0.490345 0.970582 80.3647 1.50486 92.5169 164.357 27.3092 4.18243 0.0171206 25.565 9.88817 37.228 20.4177 4.45899 0.178584 3.077 20.2071 0 0.968432 15.504 9.91471 13.1324 
466.56 457.989 14.9995 478.577 8.8076 435.569 70.7512 188.974 493.827 29.0271 97.5697 973.234 0.00311447 10.2096 10.7001 85.7385 443.672 39.1154 27.3123 12.9679 48.4431 12.5435 1.37884 43.9394 0 6.61747 29.8475 112.009 
40.796 14.8321 27.5083 34.9634 64.9357 27.1432 5.19061 134.84 80.9614 73.0769 0.345609 57.8486 29.7053 12.6509 1.11784 19.7466 1.5885 59.7537 30.0641 9.52834 42.7409 8.23361 4.02487 10.6424 28.4069 0 3.19746 42.945 
3.91747 32.5063 0.770327 0.00301446 22.9979 19.1347 44.5495 11.9519 79.6737 39.1252 3.03366 8.97285 0.764954 3.47552 0.379589 2.34008 2.15768 1.01361 2.08971 6.62908 2.38295 9.14 10.3231 6.13992 36.8727 37.479 0 0.00817433 
59.7986 59.6395 15.1644 9.45385 8.58191 22.8648 0.567306 102.184 97.3794 0.486847 63.6097 91.7473 4.96393 4.57396 22.0438 4.34657 0.246966 46.846 21.1694 7.30875 7.84693 3.84032 4.95865 12.474 12.2863 2.24943 72.522 0 
