0 107.79 2.73454 267.405 156.819 151.907 28.5797 51.3598 126.582 6.71299 0.213843 1.3608 54.3266 52.0015 13.1825 35.6662 132.623 37.9895 51.8136 123.836 131.26 0.537851 9.32795 0.0838377 106.345 35.3794 0.066441 7.80087 
311.715 0 60.972 238.006 520.377 308.96 12.7582 37.4022 397.657 182.095 162.386 146.726 4.59043 63.7811 96.7382 24.9678 215.83 101.951 108.311 141.123 134.648 22.8411 22.1469 1.12714 180.165 47.9295 54.2565 3.45314 
0.205025 466.41 0 278.843 188.402 1.17619 75.3592 101.643 472.392 86.6504 197.795 186.068 67.2495 5.12315 10.5676 23.3012 15.2187 101.644 42.873 25.5082 97.9403 11.4006 11.2618 3.8207 27.2428 23.9049 15.2534 0.331782 
333.029 235.034 146.237 0 153.144 149.5 203.044 296.861 162.151 0.165642 136.066 257.35 5.91319 2.29105 13.3225 6.37466 102.367 30.6084 2.25631 48.1224 159.748 16.052 0.42142 1.52441 129.954 36.0293 22.9478 12.8414 
146.427 491.098 119.663 57.8772 0 118.462 419.914 129.963 123.758 47.3854 163.542 2.36423 119.346 43.1983 65.9726 0.549903 46.8815 226.282 3.50749 72.4135 117.509 56.9258 11.6858 2.01359 64.4835 18.303 46.0178 48.0863 
190.673 142.219 42.5066 162.391 117.845 0 45.9818 109.769 575.586 699.396 11.6963 1.14808 574.321 7.84149 22.0607 8.90106 121.939 57.4086 38.2024 9.01377 12.3384 0.0429542 0.282978 2.78014 105.541 4.84782 3.84292 3.90083 
64.4852 520.264 56.9299 94.6065 415.377 46.4268 0 398.82 221.674 504.741 15.86 148.157 208.751 53.6221 18.6042 9.46882 9.62473 2.09737 100.009 13.2426 139.832 34.5101 39.5744 21.1862 46.4377 97.241 58.8775 73.5295 
185.637 218.804 55.4622 4.57409 222.959 1.75574 16.6235 0 167.345 177.812 307.184 94.8993 148.251 16.3552 1.56795 132.191 37.9683 151.286 116.509 29.7502 26.2205 0.10053 49.8665 101.078 117.271 19.2756 94.0485 92.6498 
357.17 182.135 0.000155117 230.404 137.116 575.974 944.143 177.337 0 132.4 715.077 74.501 199.529 86.9732 8.74139 123.4 214.333 146.838 8.9161 48.879 0.567779 57.2741 102.157 75.3708 188.536 103.034 73.9336 95.095 
85.3193 14.2703 18.7362 92.2937 85.3857 427.832 287.898 40.9345 364.431 0 139.012 56.2387 20.9086 58.6869 2.56788 1.653 39.9225 132.698 115.942 0.69889 37.9366 1.01558 23.0439 24.3396 12.8832 22.3026 7.68171 0.236677 
100.289 200.97 230.926 89.1672 0.0519897 273.18 485.652 202.343 42.6083 226.335 0 19.7825 102.677 164.272 127.228 201.556 38.7431 26.0627 5.97654 22.2142 94.2458 68.0278 0.00195157 9.76045 137.251 163.659 54.0653 2.23095 
74.8696 205.23 80.0516 54.0135 97.8456 134.492 36.921 189.412 324.174 52.8911 234.642 0 10.6291 87.0342 10.034 448.875 55.5442 77.2249 64.4073 96.0777 125.482 45.346 74.0736 186.285 271.415 346.242 73.6343 173.552 
16.3958 53.8428 45.1459 35.0347 36.4379 39.455 126.122 38.3871 23.87 1.12937 237.506 48.0571 0 125.927 19.7392 63.6649 58.5783 59.1944 3.65028 24.0638 10.2385 52.9761 90.6756 1.28468 17.7839 35.6543 26.2347 29.2563 
52.992 71.3061 16.5731 3.57478 4.45455 12.6676 95.3435 102.731 119.252 74.3615 190.888 117.675 6.38988 0 61.9199 9.62131 21.6904 15.2686 3.37307 0.00215043 6.73513 10.7287 2.16039 0.000700574 6.62282 11.2435 3.59876 0.000202931 
44.8851 93.916 11.1983 19.9216 61.2807 26.7351 114.469 171.993 210.154 133.021 61.5106 117.714 8.86761 21.1754 0 25.1043 2.55765 6.56248 7.4213 0.0383204 23.8634 1.00895 25.0564 27.421 0.463756 0.358402 0.0111888 9.69699 
15.7054 4.71394 2.61722 7.92281 72.8142 12.0285 26.8526 106.282 43.6931 51.6982 26.0234 115.886 73.965 3.03632 85.415 0 5.02964 32.2797 1.83493 0.268296 2.41348 5.67384 12.3205 20.2681 7.79807 31.6234 12.0434 10.143 
111.591 252.008 20.2908 155.076 150.23 102.662 105.391 49.0367 106.347 82.8955 93.0739 50.8198 0.613591 8.88333 15.51 9.83895 0 281.701 279.024 31.0546 67.7601 0.0043908 2.99035 7.0748 114.511 6.45845 9.43955 0.000759159 
73.4728 296.021 161.402 26.868 53.1069 3.15093 64.42 4.14392 84.3253 11.3407 104.187 41.9958 86.5243 4.38125 65.5857 53.2982 245.625 0 3.22944 74.9143 3.44211 36.3897 24.4084 0.79346 21.0743 61.1076 11.0415 50.6688 
54.2915 78.4949 1.50442 6.1759 30.9805 61.3832 108.922 74.3392 8.09404 123.42 15.3213 21.9879 3.67585 19.8125 20.343 23.4849 154.75 134.437 0 0.639705 21.7336 13.4069 9.18113 1.60242 21.4439 10.6072 23.9811 24.4935 
95.5477 16.6217 27.3105 19.1708 70.9469 14.1127 1.85707 112.368 68.1077 0.0626659 44.8073 26.8552 22.4938 2.09769 0.25028 8.33209 0.128773 87.325 13.9303 0 183.777 0.0154805 4.08158 0.0317991 0.0746297 4.34448 10.225 4.13937 
106.311 142.133 126.778 224.782 34.3131 0.474353 6.45741 171.973 141.727 14.57 109.115 40.4525 63.0303 44.3082 57.7755 60.4185 16.3847 101.896 4.85569 10.2099 0 0.123928 39.707 39.591 50.5429 43.3606 22.1409 12.4169 
1.15113 0.396046 3.31869 8.78472 3.03032 11.8577 42.3695 0.737934 0.00205086 44.1451 61.7158 12.9589 62.581 3.8159 17.1011 6.96131 20.7918 0.53413 10.8381 4.01252 7.26414 0 0.523444 1.03964 24.0173 0.721012 12.4694 4.42858 
30.7916 24.5175 11.7627 0.138647 49.5678 6.2057 17.6076 4.07014 85.3422 48.763 33.6459 119.608 55.3809 0.588237 24.34 0.0945439 10.7993 37.6388 4.89128 0.809286 2.77439 15.2242 0 20.6296 16.0028 3.55451 7.11368 7.30356 
44.1467 0.663026 15.3504 15.557 32.191 0.226719 2.5356 8.52789 69.9656 0.105169 73.3908 184.04 18.4254 1.95058 1.85019 29.3019 8.68665 34.1827 19.2301 4.88117 0.0160521 1.57124 12.2731 0 2.01632 13.906 12.2064 13.8692 
141.536 132.531 18.4569 145.184 5.1628 102.446 79.3119 168.72 178.545 37.5218 117.951 46.1744 0.411018 12.2642 6.37435 41.009 112.143 34.5439 28.5624 12.3306 43.9035 75.3717 2.3788 48.7956 0 92.1401 14.8344 59.2312 
31.1843 8.24908 27.1827 40.2855 68.1392 25.7172 12.8622 73.6479 102.942 75.9673 8.98296 1.60539 34.9826 11.7986 0.00190901 27.1826 2.53746 57.4601 30.5305 10.3583 48.1779 7.52611 5.22685 12.9198 35.161 0 0.475679 21.7633 
2.16823 28.6827 0.28268 0.260972 19.9003 19.6994 48.5381 5.86329 79.0757 36.1159 0.79154 2.55797 1.60969 4.33655 1.03335 1.18739 2.84106 1.93181 2.86352 7.27201 3.79709 9.88083 9.143 4.09678 41.8149 37.8396 0 14.276 
57.8117 56.254 13.0343 6.32118 5.72971 22.4554 0.00710874 83.5285 99.418 0.00100358 50.2723 58.1221 7.28693 3.45011 20.4708 7.21567 0.0502814 44.692 22.444 6.50272 10.8059 4.46588 4.08457 11.3297 12.1562 1.42591 37.6208 0 
