0 144.316 2.2002 295.665 159.075 185.284 27.1956 49.3918 159.747 7.07815 0.289915 1.14508 53.8938 52.0712 12.9519 35.268 167.339 39.2971 52.3882 126.461 129.269 0.560581 9.44471 0.0684224 140.77 35.0095 0.056494 7.94185 
356.274 0 53.5728 276.783 522.678 345.05 15.4241 38.9495 435.891 180.365 160.52 147.984 4.85398 63.5971 96.7374 24.6055 249.326 172.137 109.439 140.942 133.77 22.6973 21.9604 1.18626 214.509 48.2956 54.2329 3.35748 
0.0792467 468.862 0 281.998 188.325 1.35414 72.4758 98.5537 472.968 85.9313 195.903 185.745 67.4387 5.04539 10.3653 23.3709 15.4562 100.334 42.5726 25.6006 98.6973 11.3806 11.2918 3.76522 27.2937 23.8029 15.2047 0.311411 
372.964 273.8 159.739 0 152.525 184.258 203.16 832.476 199.742 0.118416 137.584 256.817 5.74878 2.35288 13.527 6.16327 136.643 29.8119 2.14981 48.0934 479.906 16.0338 0.443073 1.58263 164.008 35.8024 23.0166 12.7031 
148.707 486.508 117.925 56.6953 0 128.795 421.954 131.267 120.563 50.0426 161.783 2.17212 120.363 42.9164 66.4084 0.6044 47.7424 225.629 4.31367 72.8368 117.852 56.9369 11.5345 1.9469 64.3855 18.0707 46.0763 47.965 
224.07 178.567 41.8774 196.995 47.031 0 411.156 111.641 608.581 851.796 10.4984 0.981139 367.44 7.73046 22.3453 8.76411 156.471 56.6646 38.8497 9.12337 12.1065 0.0501734 0.300513 2.83087 139.749 4.94757 3.79836 3.84138 
62.5574 518.375 59.6016 92.7039 412.929 31.0648 0 397.298 188.635 503.026 18.1775 150.311 208.044 53.0753 17.8927 9.12753 9.35793 2.41756 100.947 13.5877 139.607 34.7236 39.8815 20.9189 46.8665 97.0825 58.9365 73.5288 
183.027 216.786 52.9114 2.65951 222.964 1.43452 18.4353 0 158.262 179.021 304.581 80.6823 148.226 16.8655 1.85131 129.135 38.2965 151.936 116.483 30.292 27.0294 0.0855758 50.3619 100.284 118.81 20.6132 94.2516 91.9256 
390.706 212.927 0.198 260.559 140.398 609.098 984.092 168.074 0 136.655 936.214 71.4933 199.944 87.905 7.97793 124.221 248.716 145.63 8.54013 49.3893 0.465131 57.4409 102.126 75.7706 222.171 103.827 74.0688 95.2674 
84.4323 15.2236 19.3587 91.8438 88.6897 418.24 296.597 39.7814 362.303 0 129.934 57.7712 23.0681 58.1857 2.90562 1.81744 40.2541 132.268 116.279 0.749847 38.2845 0.95034 23.3206 24.6061 13.1364 22.6634 7.57754 0.26474 
99.2282 202.612 229.918 87.5656 0.0133924 272.912 486.24 198.985 42.3468 215.822 0 17.384 104.572 166.071 120.604 200.005 38.4384 26.625 5.74114 22.5092 94.8465 68.2167 0.0138123 9.35667 137.674 163.955 54.3623 2.37814 
76.2453 205.949 78.5825 51.8992 98.7027 135.226 38.382 209.539 321.049 51.4063 241.074 0 11.0111 85.7224 8.85162 442.177 55.2921 76.6113 64.7357 96.1447 126.171 45.0896 73.3168 186.509 273.152 341.411 73.0443 173.214 
16.7062 54.5662 44.8106 35.3376 35.5693 42.4325 127.734 37.8132 24.6839 1.69159 238.445 48.7555 0 127.404 20.4508 64.1012 58.4632 59.5747 3.79026 23.9321 10.0902 52.4162 90.7701 1.38465 17.5973 35.8515 26.3255 29.1314 
52.9422 71.3029 16.5881 3.50071 4.59655 12.7822 95.4785 103.317 119.978 74.0105 192.191 116.475 7.15592 0 61.792 9.85618 21.6756 15.4205 3.31817 0.00161744 6.64055 10.7432 2.29973 0.00314933 6.53982 11.2919 3.63128 1.06994e-06 
45.1737 94.0789 11.4047 19.7058 61.7336 27.0083 113.619 172.745 209.274 132.845 56.4462 120.929 8.3753 19.8012 0 27.1464 2.51181 6.41671 7.52826 0.0427211 23.6703 1.04489 25.008 27.498 0.510287 0.3132 0.0147486 9.59157 
16.0243 4.89813 2.52865 8.15636 72.709 12.1739 26.331 103.282 42.7453 52.2965 24.538 106.609 73.629 3.20917 84.4104 0 5.08392 32.4908 1.87991 0.25682 2.50856 5.72172 12.297 20.6476 8.00162 31.7428 11.9691 10.27 
145.607 286.489 20.0353 189.227 150.514 136.985 105.577 48.699 140.471 82.9754 92.9713 50.5616 0.576166 8.93656 15.5925 9.90557 0 282.569 370.354 31.1196 67.7994 0.00572778 3.02027 7.11881 148.86 6.39947 9.4809 0.000290417 
75.1144 304.441 161.669 27.6341 54.4963 2.92024 62.9607 4.40979 85.5733 10.9537 103.426 41.4482 86.8209 4.47382 65.693 53.1525 243.311 0 3.49223 75.2109 3.28499 36.3221 24.5274 0.82769 21.2476 61.0645 10.9552 50.6395 
54.8681 77.3312 1.60659 6.00452 28.8479 60.7702 108.018 73.8957 8.46079 123.418 14.9574 21.7053 3.53793 19.737 20.2079 23.5644 158.502 134.98 0 0.605338 21.9392 13.3447 9.12257 1.6328 21.5196 10.6905 23.9933 24.529 
98.5179 15.9138 27.2713 19.5327 71.3795 14.2244 1.72232 112.113 67.6154 0.0484967 45.1441 27.2335 22.3614 2.08431 0.239552 8.30751 0.143306 87.3719 14.0594 0 177.023 0.0168037 4.08346 0.0344521 0.0812681 4.38492 10.2117 4.1698 
104.334 141.31 126.87 226.955 33.8313 0.525302 6.1888 172.884 142.564 14.8241 109.667 39.7765 62.8569 44.2752 57.8064 60.3204 16.5545 102.262 4.96827 8.00038 0 0.116098 39.6862 39.7019 50.6953 43.577 22.2483 12.2904 
1.11869 0.421703 3.28891 8.74191 3.10973 11.7826 42.1679 0.780463 0.000373073 43.9126 61.488 12.7641 62.0557 3.87171 17.1248 6.914 20.8042 0.512691 10.7766 4.02525 7.31804 0 0.481029 0.998721 24.0582 0.736427 12.4585 4.40426 
30.9304 24.328 11.7868 0.151279 49.4454 6.27015 17.873 3.87855 84.9718 48.9881 34.3849 119.243 56.0094 0.66978 24.2434 0.113237 10.8401 37.7272 4.84245 0.81758 2.82848 15.2322 0 20.7113 16.1605 3.59881 7.06301 7.33393 
43.9655 0.618842 15.3683 15.6793 32.0115 0.211388 2.6451 8.96042 69.5386 0.0837639 72.626 184.451 18.1041 1.87648 1.97805 29.2947 8.64082 34.0611 19.1818 4.89669 0.0218554 1.52185 11.8631 0 2.20687 13.8335 12.2924 13.892 
176.133 167.12 18.5859 179.422 5.04014 136.744 79.605 167.655 213.506 37.8497 118.656 391.495 0.446008 12.3385 6.2235 39.2944 146.49 34.365 28.6056 12.3029 43.7195 72.4375 2.46757 49.4539 0 89.0601 8.95918 70.7599 
30.8211 8.02936 27.1485 40.454 68.2381 25.6476 13.2169 71.4318 103.736 76.0248 9.53721 2.60825 35.1812 11.757 2.02792e-05 27.4243 2.57797 57.356 30.5418 10.3876 48.3758 7.49786 5.27348 13.0004 35.3892 0 0.418289 20.9787 
2.1107 28.5346 0.268621 0.279133 19.7824 19.7171 48.6832 5.66885 79.0295 35.9938 0.733968 2.38695 1.64812 4.37047 1.0646 1.15019 2.86895 1.97276 2.8954 7.29629 3.85746 9.90819 9.09548 4.0239 42.0039 37.8033 0 15.3045 
57.7173 56.1089 12.9503 6.2099 5.63007 22.4324 0.0135864 82.7718 99.4492 0.00357322 49.7601 56.8875 7.38357 3.40861 20.3997 7.33471 0.0456784 44.6019 22.4905 6.47131 10.9268 4.49023 4.05137 11.2818 12.1642 1.68213 36.2448 0 
