0 387.222 0.209478 481.754 172.441 401.543 19.5459 38.262 375.165 9.46015 0.988273 0.240579 51.2992 52.4631 11.6026 32.8912 391.582 47.502 55.8455 136.505 117.301 0.706659 10.1565 0.00878139 363.286 32.8004 0.0137334 8.80982 
641.041 0 18.5413 525.51 530.983 576.475 36.446 48.7764 680.204 169.663 149.227 155.423 6.58299 62.4529 96.6275 22.4655 466.114 593.909 116.11 139.499 128.385 21.8366 20.8481 1.57191 436.435 50.4803 54.075 2.81029 
0.556928 472.252 0 285.302 187.141 2.67653 55.9403 80.5289 468.58 81.4939 183.923 183.328 68.5165 4.58623 9.17582 23.7573 16.9041 92.378 40.7435 26.1153 103.084 11.2575 11.4653 3.4383 27.5739 23.1669 14.908 0.202583 
626.628 522.513 285.62 0 148.473 408.647 203.11 757.973 442.541 0.00110887 146.492 252.543 4.80741 2.73896 14.7685 4.95878 358.258 25.2021 1.56309 47.8016 596.734 15.9207 0.584064 1.95318 384.233 34.3965 23.4209 11.8798 
162.28 454.48 107.343 49.7354 0 189.139 431.252 139.024 101.862 67.1822 151.113 1.18908 126.36 41.2152 68.9828 0.984776 52.9926 221.273 10.8538 75.3167 119.832 56.9809 10.6425 1.56956 63.7679 16.6982 46.4163 47.2233 
440.28 413.383 38.0423 420.395 415.028 0 879.667 122.83 815.251 851.808 4.63707 0.253892 531.368 7.07226 24.0449 7.95475 379.589 52.2198 42.7556 9.78611 10.7528 0.105218 0.416502 3.14294 360.928 5.56237 3.53523 3.49249 
51.4392 501.831 76.4476 81.3786 395.536 15.9146 0 386.267 42.3837 486.591 35.2024 163.177 203.348 49.7834 13.8784 7.20064 7.82942 4.80823 106.503 15.7347 138.143 36.0009 41.7175 19.3368 49.436 96.0214 59.2691 73.481 
167.217 204.337 38.6191 18.4384 222.666 0.186794 31.1426 0 107.759 186.016 288.194 18.7303 147.951 20.0634 4.03715 110.859 40.2765 155.715 116.252 33.6073 32.0981 0.0211249 53.3337 95.4168 127.908 29.4688 95.4065 87.5176 
607.28 414.924 9.1821 458.065 160.329 816.522 1184.02 116.294 0 162.738 38.1549 54.5109 202.121 93.4008 31.8678 128.946 470.862 138.286 6.44616 52.4561 0.0638186 58.4229 101.836 78.1214 439.844 108.474 74.848 96.2334 
79.0986 21.5362 23.2588 89.0273 109.281 354.314 347.38 33.1433 347.686 0 80.5798 67.2547 38.0247 55.1239 5.35547 2.9633 42.2451 129.565 118.146 1.09249 40.385 0.603842 24.9931 26.2136 14.6953 24.8619 6.96476 0.465883 
92.8613 212.161 222.943 78.0463 0.311409 269.904 486.336 178.795 62.2343 155.578 0 6.18766 116.035 176.333 83.3257 189.95 36.6186 30.0992 4.42408 24.3056 98.4202 69.3197 0.310841 7.10108 140.001 165.371 56.132 3.35752 
84.6236 209.982 69.8611 39.9109 103.825 139.429 47.6374 344.158 301.405 42.8384 279.753 0 13.4325 77.851 3.28461 394.299 53.7708 72.9305 66.6919 96.4706 130.227 43.5454 68.7505 187.27 302.582 309.029 69.48 170.79 
18.6175 58.9455 42.7853 37.1565 30.5278 63.214 137.313 34.4309 29.8094 7.40824 243.537 53.0023 0 135.637 24.9219 66.6489 57.7524 61.849 4.6826 23.1402 9.22011 49.0361 91.1472 2.06107 16.4889 37.0244 26.867 28.3778 
52.6161 71.2315 16.6606 3.06998 5.49161 13.465 96.1602 106.707 124.145 71.794 199.257 109.115 12.5992 0 59.6094 11.2582 21.5817 16.3416 2.99706 1.07285e-05 6.08481 10.817 3.19208 0.0546637 6.04594 11.5701 3.828 0.00617888 
46.8912 94.957 12.6619 18.4122 64.4204 28.6223 108.321 176.816 203.29 131.353 30.1281 140.341 5.69983 12.1826 0 40.145 2.24474 5.57319 8.18187 0.0741291 22.5169 1.27278 24.6167 27.8675 0.835151 0.105633 0.0464 8.96304 
17.9874 6.07246 2.02624 9.61041 72.0271 13.0496 23.2749 85.6528 37.1988 55.8594 16.4564 57.5232 71.5183 4.32249 76.3992 0 5.41414 33.7556 2.16048 0.193111 3.11569 6.00924 12.1215 22.8143 9.27227 32.3332 11.5203 11.0344 
365.692 509.068 18.5182 410.012 151.99 358.887 106.615 46.6747 361.195 83.4013 92.3155 49.0078 0.376201 9.25705 16.0871 10.307 0 286.275 18.3085 31.4955 68.0111 0.0174777 3.20229 7.38438 370.871 6.04958 9.72943 0.0021239 
85.1537 358.65 162.814 32.3985 63.0873 1.71693 54.4378 6.17385 93.1245 8.76252 98.8326 38.2095 88.5631 5.04749 66.3023 52.2569 228.398 0 5.27803 76.928 2.41759 35.9103 25.2402 1.04793 22.2934 60.7786 10.4421 50.4493 
58.333 70.391 2.28779 5.02218 17.5251 57.0292 102.502 71.2145 10.8199 123.234 12.8549 20.0379 2.76363 19.2799 19.3969 24.0347 179.93 138.059 0 0.418805 23.1843 12.9713 8.7725 1.82062 21.97 11.1931 24.0627 24.7367 
116.514 11.9553 26.9912 21.7241 73.9174 14.8907 1.01896 110.46 64.6359 0.00155942 47.1612 29.5359 21.5663 2.00426 0.180022 8.15623 0.246711 87.5677 14.8386 0 136.511 0.0258772 4.09362 0.0525858 0.127002 4.62917 10.1299 4.3533 
92.5902 136.233 127.151 232.594 30.9883 0.885091 4.69242 178.151 147.467 16.3866 112.924 35.8058 61.8006 44.0611 57.9639 59.6951 17.586 104.41 5.66867 0.37025 0 0.0744834 39.5502 40.3544 51.5896 44.8606 22.8927 11.5408 
0.933593 0.592361 3.11212 8.48495 3.60635 11.3309 40.9486 1.06023 0.0186161 42.498 60.0987 11.6205 58.8505 4.21007 17.2537 6.62897 20.8751 0.393173 10.4083 4.10137 7.6445 0 0.263319 0.769338 24.2828 0.832066 12.3898 4.25881 
31.757 23.1954 11.9244 0.238511 48.6915 6.65937 19.4926 2.82277 82.6834 50.3034 38.9239 116.89 59.7324 1.25767 23.5694 0.260216 11.0842 38.2484 4.55324 0.868004 3.16303 15.2411 0 20.8578 17.088 3.86716 6.75859 7.51397 
42.8607 0.385476 15.4654 16.4086 30.9317 0.130573 3.34849 11.762 66.9429 0.00641149 68.0176 186.34 16.2166 1.45639 2.82641 29.0075 8.36663 33.3252 18.8882 4.9886 0.0754047 1.24035 9.37881 0 3.56823 13.3832 12.8033 14.0194 
399.621 390.579 19.3509 400.713 4.333 358.466 81.3007 160.881 439.146 39.8121 122.736 630.316 0.685634 12.7754 5.34783 33.2871 368.487 33.2883 28.8569 12.1324 42.6027 47.4402 3.07555 53.5112 0 55.8397 58.9209 136.965 
28.6597 6.76744 26.9097 41.4016 68.7927 25.2083 15.4294 58.5655 108.387 76.284 13.1849 13.6062 36.3638 11.494 0.053303 28.7817 2.82696 56.7075 30.5993 10.5586 49.5438 7.32698 5.55294 13.4705 36.6974 0 0.150944 16.4446 
1.78116 27.6454 0.191717 0.400802 19.0772 19.8168 49.5394 4.56771 78.7165 35.2524 0.433851 1.48323 1.88793 4.57508 1.2612 0.938732 3.03879 2.22694 3.0899 7.44108 4.22869 10.0705 8.80768 3.59693 43.1351 37.5081 0 22.0402 
57.124 55.2171 12.4441 5.55846 5.04875 22.2837 0.0960951 78.1944 99.5621 0.0521228 46.6973 49.6353 7.97404 3.1629 19.9582 8.05926 0.0226976 44.0498 22.7651 6.2824 11.6624 4.6367 3.85324 10.9891 12.2417 3.64368 28.2282 0 
