0 325.694 18.2822 70.4059 227.496 83.5707 0.359485 4.29825 63.1093 24.5883 9.60197 4.88389 39.3838 53.6743 6.15636 22.2812 108.722 92.1376 71.9004 169.312 63.8803 1.60498 13.7072 0.474665 72.775 22.892 0.198027 13.3253 
597.172 0 97.9345 339.471 447.429 299.341 221.601 104.496 458.68 115.257 96.3854 186.615 17.8186 56.2747 93.7733 13.42 146.082 365.354 143.951 125.126 101.314 17.8957 15.8503 4.05354 140.947 60.2512 52.9657 0.885297 
29.2765 268.24 0 61.0299 166.181 13.9872 4.78369 16.2175 297.412 58.9021 118.839 161.974 72.168 2.65278 4.35064 24.8004 24.0551 55.1268 31.8022 27.5427 119.303 10.6172 12.1192 2.06785 28.2842 19.7169 13.4372 0.00312554 
408.247 337.531 286.912 0 122.974 123.594 186.314 1150.72 261.931 3.18932 181.543 210.499 1.48735 4.85354 20.7558 0.978632 63.4702 8.24304 0.0539678 43.8758 516.033 15.3023 1.48446 4.13117 81.8352 27.04 25.0927 8.23545 
219.633 239.441 57.9593 21.6182 0 313.275 405.861 172.763 31.026 165.326 100.652 0.49736 151.263 33.1482 79.8399 3.94022 78.7078 191.849 74.9993 85.2901 127.219 56.6702 6.86926 0.339412 60.2316 10.8375 47.7501 43.4745 
118.449 190.624 20.1559 129.561 432.953 0 881.094 170.906 323.625 941.158 8.79489 3.11632 255.349 4.24929 31.5215 4.54086 91.0607 32.5169 60.7543 12.9429 5.38256 0.623897 1.19459 4.75595 63.5473 8.74947 2.41108 2.05511 
12.3864 329.884 162.965 34.1321 266.75 915.656 0 298.146 662.771 300.308 171.452 219.276 172.297 34.5859 1.65976 1.14785 2.42818 26.0165 129.932 27.2494 128.787 41.8277 50.0189 12.5394 61.1522 88.6992 60.3147 72.2752 
94.3402 141.442 0.916279 183.614 213.921 9.74744 125.068 0 0.625327 211.709 199.598 288.114 143.942 37.621 24.5135 36.1654 49.6725 170.279 113.464 50.1891 59.9441 0.293095 66.9395 71.1514 165.115 85.5928 99.2696 66.0558 
276.65 64.9297 194.74 78.4709 252.127 326.991 812.131 0.121451 0 283.982 177.592 4.45384 205.05 116.123 7.23635 145.766 175.997 102.757 0.5219 66.6407 3.05415 62.555 98.2421 87.8365 124.992 127.03 77.7425 99.1376 
54.5603 62.5879 44.369 73.6459 212.682 79.1497 502.201 9.4938 246.301 0 10.4435 116.026 141.558 40.1029 25.438 11.6878 51.4599 114.467 123.155 3.50535 50.3519 0.022642 32.934 33.7937 22.7332 35.6606 4.40235 2.13415 
63.8404 248.145 172.636 37.805 13.473 226.641 412.954 89.5927 231.403 0.424386 0 29.0752 169.194 208.731 0.261691 130.561 28.3958 48.3189 0.520465 33.1699 114.165 73.7409 6.70762 0.622111 145.889 163.675 64.0235 10.0113 
125.211 221.924 33.2471 3.71738 126.854 153.954 99.7694 960.817 196.645 12.1169 440.809 0 27.4485 42.8755 13.2454 103.02 46.5369 55.9845 75.4054 96.2482 147.007 36.2657 47.4675 177.614 297.842 122.22 52.6247 151.164 
28.5383 79.8666 33.1839 45.55 11.4945 119.798 177.907 20.2755 58.4487 80.8962 254.07 73.7438 0 156.179 49.2499 76.6355 54.0077 72.1772 9.97524 19.4342 5.62665 33.2848 88.6011 6.87167 11.6298 42.2091 29.3037 24.7812 
50.4942 69.7264 16.5934 1.39785 10.5844 16.4759 96.3947 119.32 138.653 59.3223 213.181 72.8224 53.5095 0 26.5862 16.9029 21.0238 20.814 1.69579 0.0285578 3.77468 10.8661 7.60969 1.09191 3.88236 12.5682 4.77468 0.20137 
54.4741 96.735 18.7485 12.5389 76.0097 35.3091 80.4033 185.129 161.702 115.111 19.2637 223.838 0.000885402 2.45653 0 88.01 1.18601 2.38088 11.4723 0.33244 17.3072 2.59653 20.7045 27.4332 3.33128 0.594198 0.425052 6.16869 
28.0791 13.0088 0.391492 17.3153 67.7402 17.1111 11.0349 20.135 15.4077 71.3161 0.0776996 38.0196 59.8247 10.5789 18.6987 0 7.05036 39.5589 3.70002 0.0151229 6.74352 7.33931 10.5824 29.0392 15.9992 32.1236 9.37715 14.5673 
64.619 212.709 11.9198 109.642 153.576 65.5578 109.587 37.3519 62.8211 84.1558 88.3829 41.7027 0.00469227 10.7687 18.3717 12.2102 0 269.15 39.1772 32.9255 68.4541 0.156468 4.10567 8.64981 76.9686 4.5157 10.8971 0.11583 
134.176 431.542 157.624 57.5885 107.261 0.317872 21.3942 18.0409 128.83 1.68844 77.0948 24.3857 95.7642 8.11778 68.3371 47.6257 143.352 0 18.0709 83.3872 0.118182 33.8461 28.5185 2.40575 27.2834 58.8408 8.16748 49.2405 
74.3079 40.1065 6.92732 1.54698 2.31843 38.8665 75.5374 58.417 25.1629 118.516 5.01445 12.9676 0.399433 17.0585 15.6322 26.0619 232.492 148.039 0 0.00111013 29.2048 11.2314 7.17989 2.81762 23.9767 13.5934 24.2932 25.5857 
192.133 0.802096 24.7177 31.9134 84.2314 17.8541 0.170246 100.121 50.3965 0.644124 56.3906 40.8563 17.8739 1.63809 0.0140626 7.37126 1.09108 86.5405 18.5368 0 5.12189 0.0937737 4.11613 0.186731 0.471852 5.79451 9.70158 5.22659 
43.2653 110.102 122.409 142.979 18.9899 3.76023 0.42029 197.578 167.243 24.4502 126.724 19.5117 56.5447 42.7091 58.0697 55.9885 22.6456 113.123 9.47602 87.2117 0 0.0019286 38.6581 43.0961 55.273 50.4615 25.8827 8.2797 
0.288397 1.76219 2.33374 7.2888 6.36303 9.20915 35.0825 2.91381 0.742705 35.5471 53.1746 6.89997 43.1707 5.83387 17.544 5.28969 21.1239 0.0442904 8.7209 4.44847 9.23005 0 0.113713 0.0875119 24.836 1.34679 11.9969 3.59241 
35.4452 18.0536 12.3991 0.899162 44.7647 8.50925 27.557 0.0994011 70.7226 55.5409 61.7959 102.447 75.3547 5.43784 18.5918 1.68214 12.2078 40.4626 3.29754 1.11705 4.94336 14.4163 0 14.4747 20.8175 5.15759 5.34772 8.29784 
37.3821 0.0241255 15.6675 19.6483 25.8649 0.00993337 7.63463 29.0271 54.2743 0.801438 46.6606 181.888 8.49762 0.164589 8.32679 22.6785 7.11019 29.7722 17.4382 5.38684 0.746926 0.291248 0.65318 0 14.0327 10.999 15.0331 14.4027 
112.4 103.571 22.6547 102.27 1.71154 63.6747 87.6706 122.355 160.98 48.7134 137.879 837.587 2.46283 14.567 2.03571 81.0835 74.5489 28.2269 29.8451 11.2389 37.1511 54.5569 7.47199 57.2587 0 99.132 101.866 113.505 
19.1433 2.23881 25.0772 44.2659 70.4681 22.7073 27.419 12.9219 126.966 75.547 36.6857 155.742 41.611 10.0082 1.73408 32.6143 4.11846 53.1697 30.6308 11.2475 54.4864 6.50305 6.83064 15.3044 41.205 0 0.669572 1.77438 
0.605952 23.5061 0.00371864 1.24973 15.8587 20.1339 53.185 0.969711 76.4614 31.6155 0.071841 0.101282 3.20704 5.54489 2.37646 0.229235 3.88412 3.60243 4.06676 8.09504 6.1563 10.7809 7.41888 1.87131 48.189 34.4597 0 59.9218 
53.772 50.6027 10.0616 2.9294 2.72659 21.3482 1.46168 56.5329 98.4082 1.02394 32.9069 20.7488 10.951 2.10328 17.5912 11.5852 0.0206844 41.2421 23.9461 5.3966 15.3013 5.32501 2.9595 9.51913 13.465 20.7123 2.36178 0 
