0 666.037 29.8028 325.27 238.91 341.374 0.17277 0.933749 325.082 29.5176 13.2493 8.46237 36.3634 53.8197 4.98554 19.7006 374.788 104.918 75.9834 203.749 51.4607 1.89786 14.6906 0.797588 336.991 20.4613 0.350381 14.6207 
892.568 0 172.482 620.39 397.771 558.799 282.038 120.899 729.862 100.733 83.1911 193.546 21.5496 54.4558 92.4075 11.3579 402.051 774.371 150.022 119.509 93.9157 16.892 14.6083 4.88117 403.276 62.6457 52.5758 0.557528 
42.9714 185.505 0 15.0569 156.984 18.0698 0.530088 6.96501 229.11 52.78 101.004 153.983 72.729 2.21595 3.33533 24.8577 25.9938 45.9864 29.4139 27.6371 122.185 10.4328 12.2456 1.75713 28.3035 18.7083 13.0319 0.0355553 
665.555 618.976 278.618 0 114.875 388.209 177.793 1318.39 554.238 5.01037 188.388 194.579 0.924428 5.48187 22.3309 0.431621 326.565 5.23574 0.00126836 42.2094 763.544 15.1167 1.78297 4.81158 342.688 24.9737 25.4673 7.35193 
231.97 179.153 46.1744 15.8506 0 353.997 381.643 180.627 18.5565 192.766 87.8744 1.38004 156.713 31.0354 82.2998 5.02247 85.5322 182.041 98.6353 87.3972 128.617 56.4492 5.99753 0.164872 59.1382 9.47176 48.0285 42.4226 
374.304 472.949 15.9109 392.431 635.086 0 1444.71 181.442 519.351 746.625 18.3101 5.53712 146.48 3.5977 33.2673 3.77053 355.556 27.8217 65.1659 13.7695 4.25689 0.829172 1.45956 5.21483 325.823 9.65271 2.14717 1.73496 
6.35871 269.993 184.24 24.3424 225.648 938.46 0 267.794 980.474 236.053 216.712 232.075 162.118 30.7751 0.404927 0.413266 1.51051 34.0396 135.16 30.5916 125.701 43.2999 52.082 10.9476 64.081 86.1889 60.4482 71.6963 
76.8829 124.647 0.211032 204.776 209.709 16.247 156.215 0 14.3089 216.255 174.926 466.932 142.17 42.7763 32.3354 22.1136 52.1485 173.171 112.281 54.7156 68.1367 0.519588 70.3499 64.6285 172.8 102.814 99.8491 60.3722 
527.501 325.075 263.455 330.407 273.744 522.685 482.537 11.1863 0 311.483 730.908 0.473071 203.822 121.091 27.668 148.543 438.378 93.4192 0.0587978 70.2375 5.13935 63.5044 96.7118 89.9862 382.525 130.854 78.2906 99.4487 
48.4309 75.782 50.402 69.1541 238.382 52.3158 508.715 5.56312 214.189 0 41.2316 129.353 173.306 36.1299 32.6408 14.7949 53.8159 109.933 123.418 4.34879 52.9743 0.154915 35.0062 35.7614 25.003 38.5617 3.8179 2.76375 
56.6475 254.772 155.955 29.0474 19.9589 208.733 376.847 69.4326 379.84 6.7553 0 54.5573 182.244 212.166 9.69558 113.245 26.3375 53.5402 0.127339 35.5882 117.966 74.6875 9.68012 0.0850408 146.021 160.996 65.9649 12.2838 
135.822 223.074 25.352 0.545248 132.513 156.22 115.091 1023.14 168.158 7.01483 471.348 0 31.7771 34.7469 25.2547 45.7944 44.6219 51.6802 77.5489 95.7166 150.724 34.3607 42.0983 171.681 269.508 78.1338 48.2571 144.042 
31.3692 85.3413 30.6823 47.6858 7.91039 111.884 186.847 17.082 66.9583 109.634 253.078 79.3072 0 155.948 56.1692 78.6404 52.9192 74.7703 11.6468 18.4696 4.81987 29.3242 86.7958 8.54817 10.4584 43.4699 29.9136 23.8252 
49.7819 69.02 16.466 1.06025 12.1455 17.1953 95.6525 121.636 140.94 55.6104 211.29 63.3639 66.923 0 16.4552 17.9253 20.846 22.0215 1.41175 0.045786 3.25191 10.7984 8.50589 1.55776 3.36852 12.7405 5.02811 0.297029 
56.309 96.5581 20.338 11.09 78.7134 36.7514 72.6205 184.265 148.068 108.666 47.5739 240.797 0.445596 8.23984 0 89.4492 0.961782 1.75795 12.3891 0.429829 16.0049 3.00759 19.2111 26.7418 4.22871 1.11222 0.585874 5.48956 
30.9117 15.1825 0.170647 19.4879 66.3358 18.1383 8.4825 9.83578 11.078 74.8753 2.03142 91.9061 56.3696 12.2702 7.35301 0 7.50191 41.0345 4.16217 0.00157936 7.89581 7.67903 10.0103 29.2998 17.8684 31.2682 8.81179 15.455 
326.331 473.752 10.3611 370.834 152.534 329.06 109.842 34.9712 325.148 84.0149 87.126 39.7913 0.0611114 11.1666 18.9594 12.7135 0 255.876 304.098 33.2075 68.421 0.215628 4.35587 8.98675 340.037 4.14342 11.2041 0.174093 
146.908 421.208 153.492 64.6983 119.384 1.11125 14.9824 22.0675 137.999 0.737774 71.4345 21.1738 97.3736 9.02117 68.6432 46.3037 119.65 0 22.52 84.6177 0.00064125 33.2696 29.3582 2.84857 28.6084 58.1744 7.60734 48.8387 
78.339 33.1018 8.50678 0.957397 9.09536 34.1603 68.4065 55.0386 29.7251 116.27 3.53579 11.3304 0.129808 16.458 14.6635 26.5425 231.807 149.37 0 0.0163261 30.8243 10.7789 6.77667 3.10989 24.4727 14.2319 24.3278 25.7741 
206.04 0.0451314 23.8826 34.4195 86.4442 18.5741 0.615932 96.7726 46.6597 1.04421 58.7222 43.9229 16.9204 1.54494 0.0014641 7.14684 1.40821 85.7495 19.5099 0 0.209971 0.118437 4.11521 0.235054 0.597029 6.10305 9.57731 5.45823 
32.678 102.808 119.582 140.528 16.2457 4.82623 0.0615192 201.097 171.44 26.7455 129.897 15.9447 55.09 42.2619 57.9258 54.8175 24.0268 115.015 10.6105 133.818 0 0.0161059 38.356 43.725 56.0934 51.8027 26.6566 7.49706 
0.179883 2.16785 2.14401 6.97833 7.19777 8.65719 33.5156 3.54415 1.10447 33.6636 51.2629 5.84539 39.0255 6.25946 17.5339 4.94192 21.1664 0.0102275 8.2901 4.53681 9.66063 0 0.312391 0.0201061 24.8414 1.49914 11.875 3.42216 
36.356 16.7607 12.4761 1.13878 43.6361 8.9952 29.7695 0.00195119 67.3132 56.638 68.0112 97.8575 78.7713 6.60994 16.915 2.22993 12.4964 40.9791 2.99636 1.1856 5.46607 13.9775 0 11.5366 21.5805 5.49933 4.98593 8.48562 
35.8781 0.128652 15.6513 20.4342 24.5438 0.0485943 9.01198 34.5075 50.8748 1.32009 41.302 177.201 6.82575 0.0358123 10.072 19.9891 6.78896 28.8162 17.0393 5.48193 1.03594 0.149426 0.0213774 0 17.544 10.318 15.5628 14.4439 
377.123 368.448 23.4282 363.85 1.21758 326.633 88.8836 111.039 427.713 50.9271 140.638 803.051 3.10176 14.9569 1.40925 85.2728 337.615 26.9031 30.0519 10.9806 35.6742 77.3125 8.98356 50.8347 0 96.209 129.897 138.136 
16.8592 1.44551 24.4158 44.5626 70.6527 21.9437 30.9267 6.09703 130.798 74.8294 44.2859 206.512 42.8927 9.55979 2.54239 32.8441 4.48983 52.1137 30.5745 11.396 55.6253 6.28175 7.15152 15.6711 41.8934 0 1.2792 0.329707 
0.399211 22.4325 0.00143731 1.54614 15.0403 20.176 54.036 0.462466 75.6609 30.6231 0.260799 0.519518 3.60495 5.80061 2.71884 0.121891 4.11912 4.01241 4.34042 8.25949 6.71139 10.9529 7.04771 1.50146 49.3726 33.2451 0 69.3815 
52.7456 49.2838 9.44103 2.36505 2.22977 21.0404 2.08122 50.9595 97.6539 1.47786 29.5083 14.9418 11.7845 1.8534 16.9005 12.5198 0.0487994 40.4486 24.2263 5.16514 16.3028 5.5056 2.73637 9.11198 14.0692 26.5889 0.224347 0 
