0 601.344 69.9108 119.411 260.847 92.9178 9.45123 3.83765 92.352 44.0392 25.3694 22.2529 28.722 53.8554 2.46075 13.457 145.449 138.976 86.2479 276.511 23.9994 2.78026 17.3657 2.03828 103.19 14.5178 0.956332 18.2214 
643.197 0 380.374 399.095 240.853 296.797 428.461 165.218 489.411 64.4025 51.4097 208.711 32.7169 49.3413 87.6615 6.65086 146.153 497.361 162.867 101.856 74.402 14.3228 11.5031 7.39093 163.419 68.5097 51.3576 0.0542093 
86.7931 21.1182 0 72.9976 127.388 30.1 9.70767 1.17776 66.7992 37.0637 57.0482 129.372 73.3867 1.23185 1.26358 24.5719 31.1231 24.7216 23.1951 27.3165 126.672 9.91673 12.4846 1.04774 28.0203 15.916 11.9335 0.288683 
363.771 399.301 44.5858 0 91.8574 153.157 148.923 717.499 380.703 11.6122 200.648 146.818 0.0769399 7.2554 26.3768 0.0506102 89.857 0.53064 0.549044 36.7839 169.567 14.5834 2.68406 6.78722 99.7315 19.4629 26.3182 5.20581 
256.813 50.2784 20.1612 4.69277 0 453.839 292.261 198.707 0.803755 259.725 56.6454 5.77987 168.425 25.5569 87.8627 8.44235 103.063 153.204 166.441 91.7955 131.169 55.5935 3.95617 0.00362287 55.955 6.25796 48.6172 39.5324 
119.078 281.052 6.64353 152.58 412.202 0 503.793 203.036 133.884 616.689 57.5118 15.0094 289.382 2.10181 37.237 2.04354 121.983 16.8093 75.6002 15.9027 1.89825 1.50162 2.26914 6.47951 86.7097 12.1196 1.51758 1.013 
0.0210903 118.634 228.865 5.94502 119.825 326.055 0 182.234 1277.62 82.7016 336.317 260.14 132.622 21.381 1.18053 0.240446 0.126738 59.1388 146.611 39.8224 116.458 47.0302 57.2039 7.195 71.3599 78.5657 60.5178 69.6663 
37.4528 82.347 17.2343 429.282 195.14 40.17 242.16 0 128.131 223.345 112.01 906.173 136.147 57.0107 56.6183 1.21906 58.6336 178.781 108.302 66.693 90.8255 1.4208 78.8294 47.7821 187.617 148.726 100.489 45.7416 
254.447 104.69 419.328 91.3571 320.91 135.933 0.480487 119.256 0 366.021 1478.71 9.3671 196.707 131.899 105.566 152.267 198.435 69.5472 1.0459 79.2723 13.0924 65.7188 91.5932 94.7474 130.938 138.485 79.3018 99.3575 
33.3738 113.197 66.4959 56.8097 294.987 134.027 449.939 0.185758 129.118 0 200.265 163.747 252.684 26.0033 54.0825 24.2892 59.8191 97.1079 121.99 6.95962 59.8246 1.06522 40.3374 40.8122 31.1932 46.1563 2.46304 4.78566 
39.0458 265.776 109.249 10.9436 42.3502 153.785 262.525 26.8954 751.245 116.74 0 151.459 212.978 210.121 92.4215 68.7523 21.1566 67.9266 0.366112 42.0627 127.169 76.7323 19.8078 1.03875 143.533 149.808 70.7696 19.2063 
162.65 222.044 9.20214 5.76095 146.356 158.871 156.587 875.164 97.7399 0.179264 516.103 0 44.2513 16.6784 71.7664 7.6979 39.5763 40.7786 82.8593 93.3968 158.958 29.3976 28.8526 150.322 311.751 5.788 37.1158 122.306 
39.1833 99.4072 24.2538 53.097 1.60162 111.078 205.755 9.84869 90.5936 192.32 243.078 93.9133 0 143.997 74.3906 82.5169 49.8607 81.2969 16.5538 15.9618 2.9771 19.6119 79.9832 13.684 7.61068 46.5552 31.4558 21.2979 
47.6147 66.5662 15.9189 0.387527 16.6469 18.9023 92.1499 125.552 143.667 45.3296 195.597 40.0206 102.847 0 0.454775 19.3091 20.3172 25.2466 0.78284 0.110285 2.04921 10.4634 9.665 3.07712 2.15369 13.0034 5.70105 0.634429 
60.7637 94.8193 24.3511 7.55966 85.0069 39.7633 52.2666 176.016 109.764 88.5687 165.215 269.48 5.43958 33.6746 0 66.5432 0.480686 0.561537 14.887 0.743301 12.7334 4.19976 14.7002 23.8983 6.99972 3.19432 1.12767 3.84075 
38.578 21.5033 0.0224919 25.2564 62.1336 20.6978 3.27681 0.260583 2.95132 82.885 19.2847 293.92 46.798 16.203 3.33743 0 8.73022 44.7923 5.48681 0.0322809 11.2922 8.54348 8.26184 27.0425 22.7101 27.606 7.33725 17.6489 
86.5728 228.516 6.68087 128.318 146.967 93.4482 109.458 28.886 86.7896 82.9741 83.3939 34.7991 0.51482 12.2137 20.4759 14.0407 0 207.343 346.083 33.7585 68.0371 0.416264 5.03968 9.8818 102.757 3.22683 12.0127 0.383749 
178.441 468.184 137.742 83.644 150.926 5.4503 3.37645 34.2762 161.004 0.0937652 56.8782 13.6547 101.011 11.5779 68.9874 42.6407 61.959 0 36.0504 86.8671 0.662072 31.6857 31.5193 4.18106 32.1066 56.119 6.20861 47.6164 
88.408 17.3155 13.2858 0.0753356 46.4403 22.4839 50.1692 46.2141 43.0402 108.519 0.857039 7.49026 0.1274 14.8519 12.1749 27.6971 215.518 150.192 0 0.30439 35.1395 9.5997 5.74815 3.93777 25.7124 15.9214 24.3677 26.2006 
223.949 2.51574 21.2867 40.3242 91.1459 20.3201 3.0947 86.904 37.0135 2.54488 64.6074 52.0613 14.4572 1.30674 0.0300939 6.52527 2.42632 82.6689 22.0512 0 55.1443 0.196888 4.09922 0.387694 0.993223 6.91352 9.22734 6.07025 
11.2615 83.2725 109.314 168.621 9.92807 8.215 0.651965 206.931 180.247 33.0865 137.237 8.14188 51.1285 40.9075 57.2083 51.3766 27.7502 119.154 13.8478 259.018 0 0.119406 37.4287 45.1903 57.9445 55.0409 28.6669 5.59282 
0.0158573 3.42692 1.6755 6.17056 9.60285 7.22881 29.3705 5.48023 2.39217 28.6588 46.0865 3.45842 28.4384 7.35084 17.3359 4.04535 21.233 0.0350166 7.18314 4.76359 10.8221 0 1.28321 0.0700906 24.5745 1.93263 11.518 2.98426 
38.6249 13.4969 12.5813 1.89456 40.4923 10.2589 35.7001 0.980779 57.9781 58.9204 84.2067 84.5699 85.9891 8.9983 12.1597 3.93168 13.2427 42.2051 2.26269 1.37184 6.94719 12.4411 0 4.01024 23.0587 6.3902 4.06065 8.94036 
31.8275 0.797926 15.4714 22.3375 21.1073 0.289144 13.0927 50.2992 41.9362 3.28038 28.1329 158.65 3.23316 0.146642 14.9243 12.1347 5.96183 26.2638 15.9555 5.71224 2.01646 0.000382457 2.48715 0 27.2065 8.46772 16.8218 14.4329 
143.927 135.858 25.2385 122.135 0.314074 89.2992 91.1046 80.6593 198.883 56.4092 145.231 222.731 5.11101 15.8008 0.297554 45.9743 100.343 23.4476 30.4894 10.258 31.7258 20.3213 13.4625 24.228 0 26.5969 121.97 66.7664 
11.3816 0.17811 22.3593 44.4053 70.6254 19.7569 40.6581 0.300145 138.45 71.9386 66.1977 329.772 46.0411 8.29287 5.30887 31.8299 5.52875 49.101 30.2988 11.7197 58.2773 5.6919 7.95349 16.3793 42.636 0 3.76002 2.04692 
0.0596453 19.6438 0.0890451 2.46679 12.9444 20.2045 56.0535 0.0157497 73.1543 27.9498 1.31849 3.15383 4.75218 6.47201 3.7109 3.7118e-05 4.76368 5.18704 5.09444 8.67717 8.26654 11.3758 6.06771 0.710622 51.9126 29.3606 0 87.8991 
49.7745 45.6242 7.83538 1.15158 1.15264 20.1128 4.21436 36.9352 94.7975 3.05613 21.163 3.98927 14.0713 1.25917 14.9755 14.9311 0.179624 38.2546 24.9033 4.56055 19.018 5.97986 2.17633 8.01114 16.297 42.4179 5.39534 0 
