0 695.752 98.2445 209.38 267.631 127.403 21.5612 13.7128 139.249 53.648 34.2652 33.3548 24.3934 53.6333 1.35185 10.1552 189.281 158.876 91.972 261.716 11.9946 3.3876 19.0254 3.05192 144.669 11.3191 1.46296 20.5039 
609.715 0 458.249 424.592 146.791 311.873 490.862 191.418 509.59 45.0201 35.1012 215.433 40.2523 46.0738 84.0536 4.37125 174.382 1107.07 168.126 89.7311 62.917 12.836 9.76458 9.12039 200.537 71.6787 50.4931 0.00606054 
115.718 2.11818 0 191.69 107.079 37.6959 28.7282 11.0109 11.0202 28.2754 34.8069 112.775 73.2013 0.767349 0.477801 24.0982 34.1753 14.5608 19.5797 26.7306 127.096 9.58611 12.5609 0.702367 27.6185 14.177 11.2544 0.557141 
338.986 425.778 144.292 0 77.4283 192.211 128.24 356.107 443.911 16.7403 203.632 116.275 0.0186531 8.39094 28.6859 0.571883 129.64 0.0485942 1.35523 32.9401 179.781 14.2323 3.30169 8.08628 135.586 16.2007 26.7313 4.05799 
265.583 8.59351 9.12066 1.09436 0 400.575 227.732 207.456 1.40147 292.324 40.238 9.83899 173.425 22.3594 90.5072 10.8752 113.012 134.398 206.673 93.5816 131.894 54.8897 2.91512 0.116651 53.8413 4.61134 48.8687 37.7182 
148.499 340.852 2.81544 188.736 1039.09 0 704.003 210.968 129.263 393.079 88.7096 22.7003 664.475 1.3745 39.1019 1.23796 163.234 11.3106 80.7998 17.1356 0.920893 1.99498 2.82916 7.27206 124.891 13.6421 1.18643 0.667029 
3.08785 49.4203 244.44 0.788902 66.1975 60.518 0 131.588 943.709 22.7831 399.17 272.337 113.74 16.3137 4.48395 1.37391 0.0297269 76.4602 151.68 45.5661 110.197 49.1547 60.0279 5.27164 75.3668 73.3631 60.3613 68.1019 
19.6649 59.4392 39.5628 452.003 184.168 58.4819 291.825 0 236.997 224.047 77.9502 1025.41 131.621 65.8081 73.0902 1.22528 62.4819 180.693 105.33 73.791 104.913 2.17402 83.4931 38.192 192.285 174.504 100.247 37.39 
270.37 170.111 467.249 148.599 340.505 129.935 222.038 226.137 0 382.969 1502.23 27.8679 189.828 136.734 50.6397 151.911 235.342 56.054 3.17511 84.3111 19.5078 66.8427 87.8025 96.9369 161.788 141.232 79.6025 98.6647 
25.2903 136.407 75.9306 49.2267 317.951 279.675 370.337 0.544288 82.878 0 325.543 183.097 291.146 20.3378 67.9214 30.7344 63.2511 88.9103 119.665 8.78639 63.8717 2.00022 43.4059 43.716 35.011 50.6043 1.78158 6.24626 
29.6274 267.624 81.4411 4.04562 59.0494 118.452 189.341 10.2744 817.407 230.549 0 223.487 228.115 201.242 170.124 44.9801 18.2285 76.9003 1.40156 45.9922 132.075 77.6382 27.3286 3.25712 140.093 140.454 73.4201 23.9641 
177.513 218.597 3.19828 18.127 153.804 158.093 181.265 616.074 61.659 0.858173 514.957 0 52.3881 8.65953 107.078 70.5048 36.555 34.5981 85.7957 91.3741 162.743 26.4718 21.7264 134.201 217.021 2.74407 30.787 107.694 
44.0857 107.467 20.5588 56.1641 0.103843 145.122 213.405 6.38253 105.272 240.321 232.154 102.526 0 129.715 84.8211 83.8019 47.896 84.9779 19.8278 14.4846 2.07139 14.4445 74.5982 17.218 6.07831 48.2291 32.3359 19.778 
46.1171 64.6914 15.4476 0.140178 19.5971 19.7768 89.0075 126.317 142.943 38.9848 179.418 27.7381 122.447 0 2.19075 19.1347 19.9573 27.2067 0.490193 0.162342 1.45157 10.1563 9.37442 4.13618 1.53371 13.0245 6.10745 0.895406 
63.1466 92.9001 26.5692 5.68237 88.1454 40.961 40.6408 167.116 86.6661 75.0329 248.644 273.726 10.9735 49.4117 0 41.2823 0.269254 0.159602 16.4364 0.970709 10.8906 4.98432 11.7884 21.5799 8.90785 4.90254 1.53402 2.96157 
43.2529 25.6643 0.239407 28.6324 59.2823 22.1033 1.28441 7.34642 0.532172 86.5918 37.2565 409.46 40.8649 17.9354 19.6046 0 9.49393 46.9459 6.35466 0.0971609 13.5683 9.03664 7.09544 23.8499 25.4276 24.5819 6.47047 18.8373 
124.959 261.099 4.80081 164.091 141.731 133.896 108.489 25.3814 125.853 81.8846 80.8674 31.8406 1.00045 12.841 21.3627 14.8377 0 171.569 155.017 33.953 67.5991 0.568272 5.46775 10.4245 141.856 2.72202 12.4988 0.549112 
195.21 449.38 125.356 94.8086 168.924 9.56699 0.35039 42.6241 173.696 1.01738 48.4948 9.84134 102.76 13.2315 68.8688 40.3262 33.982 0 45.2504 87.5027 1.73719 30.6892 32.7791 5.09609 34.2056 54.6802 5.4226 46.7687 
93.9755 10.0109 16.5368 0.0230322 80.0508 16.2401 39.8915 41.0124 51.8011 102.685 0.119756 5.52815 0.622483 13.8738 10.7334 28.31 204.395 148.793 0 0.650209 37.7559 8.90093 5.15504 4.475 26.4088 16.9388 24.3556 26.4076 
220.117 7.05707 19.4938 43.2312 93.1288 21.249 5.47139 80.3519 31.4427 3.75146 67.9327 56.9366 13.0171 1.16906 0.0905903 6.13319 3.16274 80.1471 23.552 0 124.141 0.25349 4.08011 0.496884 1.27675 7.3958 9.00138 6.43829 
3.56036 71.5695 101.397 138.454 6.81081 10.6378 2.07895 207.947 183.864 37.0766 140.889 4.63801 48.6647 39.9728 56.5424 49.077 30.0396 121.025 15.9592 311.849 0 0.22778 36.7805 45.9329 58.8328 56.7649 29.8534 4.56287 
0.00293773 4.31496 1.4166 5.69313 11.1865 6.39503 26.8823 6.83264 3.39752 25.6545 42.8976 2.30705 22.4874 7.97307 17.0981 3.52539 21.2411 0.130273 6.53849 4.89571 11.5391 0 2.15348 0.258961 24.2192 2.21484 11.2786 2.72882 
39.8908 11.6462 12.5757 2.43243 38.4941 10.9995 39.2959 2.42621 52.2066 59.8462 93.5359 75.9507 88.921 9.62678 9.27854 5.08339 13.6811 42.8457 1.86463 1.48752 7.90827 11.2931 0 1.00951 23.5398 6.91219 3.52854 9.1841 
29.3495 1.47384 15.2681 23.348 19.0831 0.529738 15.8375 60.4587 36.6503 4.85994 21.0812 143.792 1.68276 0.523497 17.8398 7.60365 5.47842 24.7105 15.2826 5.83599 2.75702 0.0701272 6.354 0 32.7235 7.34232 17.4722 14.3424 
185.255 177.689 26.1508 158.25 0.0535415 128.524 91.7375 62.9067 242.1 59.4141 146.042 74.8721 6.53881 16.1704 0.0237762 24.9541 139.457 21.4021 30.6766 9.79637 29.3268 7.78102 16.38 9.52942 0 98.9001 38.0968 129.012 
8.51454 0.00256857 20.9285 43.656 70.249 18.3388 46.74 5.59651 141.212 69.5315 80.1803 379.214 47.7583 7.48683 7.35722 30.134 6.19443 47.1381 30.0441 11.8653 59.6145 5.33377 8.39892 16.6143 42.3196 0 5.81019 6.78447 
9.77141e-05 17.9998 0.207163 3.11499 11.7287 20.1638 57.1035 0.374 71.3769 26.3081 2.3426 5.78506 5.51003 6.87217 4.36642 0.0404204 5.16912 5.95882 5.57081 8.917 9.26491 11.6082 5.48197 0.370604 52.8565 26.63 0 92.6266 
47.8127 43.3068 6.89902 0.622348 0.670187 19.4772 5.83752 29.1609 92.4899 4.26563 16.6448 0.717979 15.5046 0.94998 13.7601 16.3131 0.298053 36.8665 25.2667 4.20181 20.6984 6.26348 1.86111 7.33607 18.0825 50.9267 15.4416 0 
