0 998.721 119.768 551.509 269.298 419.504 33.4153 24.7541 441.741 61.076 41.542 42.7826 21.343 53.3504 0.738351 7.96294 487.129 172.894 95.9383 233.192 5.64411 3.87382 20.274 3.92873 440.956 9.16037 1.90648 22.2421 
826.509 0 472.908 698.299 86.719 585.147 517.95 209.973 782.373 32.3968 24.7255 219.141 46.1625 43.5807 81.0467 2.97202 461.035 605.715 170.713 80.2971 54.6745 11.7671 8.54699 10.5014 493.269 73.8273 49.7905 0.0952289 
136.827 34.8473 0 266.346 91.5241 43.2138 48.3599 24.4024 0.172843 22.2761 21.3161 100.003 72.7807 0.490296 0.134701 23.6054 36.3938 8.60468 17.0016 26.1125 126.281 9.33211 12.584 0.488568 27.2108 12.8793 10.7446 0.81149 
580.94 700.132 111.467 0 66.7748 485.884 111.996 592.658 747.419 21.0343 203.604 93.9793 0.197085 9.25747 30.3089 1.31755 424.708 0.85522 2.17967 29.8947 795.061 13.9582 3.79302 9.09223 427.699 13.8617 26.9873 3.28576 
268.782 0.0534414 3.62042 0.0433619 0 325.718 178.871 212.773 7.40586 311.002 29.5628 13.5036 176.055 20.0588 92.097 12.8459 119.949 120.11 233.963 94.4641 132.029 54.2781 2.2394 0.302786 52.1871 3.54039 49.0045 36.3424 
436.457 646.177 0.989762 480.323 474.638 0 734.691 214.108 421.072 486.225 114.087 29.2535 234.986 0.928146 40.1924 0.764482 459.172 7.86712 84.0154 18.0141 0.419289 2.40157 3.27645 7.87039 418.708 14.7762 0.965271 0.455455 
8.67016 16.0095 249.354 0.073547 35.092 117.008 0 96.8676 560.758 2.039 436.984 278.791 99.6007 12.9087 8.25665 2.80683 0.318939 90.0563 154.465 49.8548 105.263 50.6612 61.9748 4.02234 78.1199 69.2616 60.1488 66.7829 
9.93833 44.2699 60.9319 432.462 175.103 73.437 325.261 0 327.114 222.802 55.675 1007.02 127.858 72.3196 85.7983 7.49799 65.2912 181.375 102.862 78.9213 115.381 2.83307 86.692 31.508 193.526 191.62 99.7627 31.5291 
547.27 490.781 471.455 464.814 349.984 420.62 576.263 315.73 0 386.73 1730.03 47.4025 183.555 139.482 108.461 150.376 527.843 46.6605 5.48341 87.8058 24.9936 67.5697 84.6792 98.2103 450.34 142.32 79.6737 97.8434 
19.8805 153.331 82.6019 43.6404 328.281 399.599 298.305 2.57112 53.5269 0 417.197 196.36 312.367 16.4426 78.2047 35.7615 65.6863 82.6782 117.253 10.2544 66.8148 2.87653 45.5857 45.7791 37.8551 53.7947 1.34418 7.44066 
23.3312 266.609 62.1119 1.07391 72.6953 92.867 137.803 2.924 877.585 324.436 0 279.277 237.336 191.229 232.297 29.8625 16.1623 83.6354 2.59835 48.8983 135.368 78.1466 33.485 5.67786 136.639 132.426 75.2542 27.7407 
187.66 214.7 0.72755 31.3656 158.827 156.363 198.852 397.018 39.3755 3.70657 500.153 0 58.6567 4.31927 134.931 149.396 34.3326 30.2417 87.8327 89.5827 164.942 24.3456 16.9609 121.116 154.793 21.5225 26.3415 96.4317 
47.7881 113.162 17.9365 58.3244 0.144248 174.458 217.072 4.27396 116.159 271.742 221.888 108.748 0 116.416 92.0272 84.2215 46.3856 87.5674 22.3918 13.4104 1.5021 11.0272 70.0801 20.0178 5.03868 49.3715 32.9629 18.6567 
44.9194 63.1194 15.0333 0.0358722 21.8829 20.3405 86.2099 126.092 141.255 34.3087 164.74 19.8055 134.838 0 9.10495 18.5133 19.671 28.662 0.31628 0.207255 1.07219 9.88047 8.68969 4.95725 1.13493 12.9725 6.40794 1.11574 
64.7512 91.0689 28.0805 4.43414 90.1233 41.5245 32.587 158.805 70.3592 64.715 306.54 270.15 16.1833 57.7952 0 22.8015 0.151299 0.019353 17.6003 1.15738 9.59415 5.59299 9.64585 19.6362 10.4134 6.3592 1.87262 2.37241 
46.703 28.8881 0.547573 31.0234 57.0299 23.0632 0.393132 18.61 6.81136e-05 88.7289 53.5762 468.587 36.4671 18.8011 37.5469 0 10.0701 48.4801 7.0295 0.167642 15.3561 9.38593 6.20596 20.8152 27.2783 22.0498 5.8436 19.6389 
419.216 549.905 3.5879 455.961 136.999 429.452 107.416 22.8757 420.528 80.8566 78.8671 29.6797 1.46278 13.3034 22.005 15.4256 0 143.602 302.878 34.0292 67.1745 0.696019 5.79248 10.828 436.259 2.37187 12.8585 0.690592 
206.182 385.848 115.076 102.768 181.431 13.2993 0.113152 49.2269 182.369 2.33595 42.5323 7.38687 103.831 14.5073 68.6219 38.5669 18.0196 0 52.463 87.616 2.85939 29.9311 33.6898 5.82713 35.7512 53.5206 4.86857 46.0876 
97.808 5.80848 19.0952 0.2192 108.639 12.126 32.7706 37.2409 58.5676 97.8629 0.00726728 4.25306 1.22957 13.1465 9.6991 28.7221 197.357 146.847 0 0.989239 39.6955 8.38976 4.72951 4.89109 26.8988 17.6903 24.329 26.5363 
210.211 11.8185 18.0798 45.0002 94.1621 21.8701 7.64182 75.2656 27.4778 4.787 70.2725 60.5035 11.9754 1.07018 0.156376 5.83569 3.76599 77.9732 24.6429 0 182.412 0.299955 4.06135 0.585967 1.5079 7.74841 8.82682 6.70994 
0.614378 63.0673 94.8297 95.5702 4.85628 12.6056 3.65039 207.462 185.682 40.0998 143.196 2.655 46.8065 39.2244 55.937 47.2738 31.7533 122.097 17.5967 330.523 0 0.330563 36.2575 46.4128 59.377 57.9237 30.719 3.85932 
0.0353371 5.03442 1.23663 5.3446 12.4215 5.7939 25.0518 7.92218 4.25185 23.4519 40.5125 1.59809 18.3753 8.41036 16.8655 3.15278 21.2315 0.23999 6.07255 4.99132 12.0786 0 2.91862 0.474565 23.8637 2.43364 11.0897 2.5439 
40.7759 10.3378 12.5379 2.86886 36.9691 11.534 41.9493 3.90421 47.9061 60.3051 100.098 69.379 90.342 9.60711 7.24574 5.969 14.0003 43.2714 1.59177 1.57476 8.65235 10.3596 0 0.0508792 23.685 7.28814 3.14906 9.34912 
27.5055 2.10536 15.0723 24.0225 17.612 0.753615 17.9962 68.1476 32.8221 6.2144 16.3817 131.396 0.849941 0.943557 19.9044 4.70326 5.12794 23.5547 14.7751 5.92008 3.37703 0.199216 9.83975 0 36.3795 6.51707 17.8964 14.2349 
481.179 474.054 26.7322 450.314 0.000177256 423.094 91.8563 50.476 539.028 61.4729 145.672 293.646 7.69725 16.3729 0.0187918 28.4551 433.877 19.9093 30.7777 9.44281 27.5477 41.1038 18.5805 3.28341 0 110.116 41.6051 33.0773 
6.62417 0.161462 19.7896 42.7909 69.7959 17.2498 51.2926 13.6584 142.311 67.4451 90.6452 397.215 48.9352 6.87725 9.02403 28.404 6.70612 45.6176 29.8127 11.9486 60.4721 5.06781 8.70742 16.6915 41.7181 0 7.56434 11.8283 
0.0269569 16.8023 0.326298 3.63884 10.8524 20.1054 57.798 0.944291 69.9351 25.0804 3.28656 8.22271 6.10323 7.16546 4.87785 0.125786 5.47776 6.5613 5.93432 9.08868 10.0335 11.7691 5.0529 0.188006 53.1764 24.4655 0 92.4599 
46.2822 41.5423 6.22486 0.332266 0.395159 18.971 7.19815 23.8249 90.5069 5.28304 13.5809 0.000131384 16.5905 0.74624 12.8412 17.2866 0.405069 35.8079 25.5139 3.93938 21.9613 6.47232 1.63945 6.83365 19.6069 56.1466 25.4701 0 
