0 834.225 145.349 479.399 267.341 282.672 50.9361 42.2802 318.794 70.4397 51.1745 55.5789 17.8054 52.8661 0.234593 5.59647 355.888 188.869 100.438 207.886 1.04314 4.5119 21.8234 5.14704 308.034 6.78142 2.52924 24.4212 
580.405 0 436.037 527.101 31.6558 421.274 525.426 231.186 612.76 19.3585 14.2505 222.137 53.7283 40.4567 77.0017 1.60946 316.644 863.659 172.294 68.4694 44.998 10.4975 7.14166 12.3055 355.632 76.2104 48.8574 0.350717 
160.929 121.203 0 296.379 72.525 49.5999 77.4348 47.1326 24.8457 15.6689 8.94203 84.1566 71.9365 0.232385 0.00112052 22.8419 39.0423 3.33821 13.9897 25.1497 123.976 9.01053 12.573 0.277272 26.5858 11.2941 10.1132 1.18697 
382.861 529.57 288.13 0 54.0381 348.816 91.6738 345.086 612.165 26.8084 200.943 68.1164 0.674694 10.3424 32.1744 2.6372 290.342 3.1936 3.44975 26.0123 798.069 13.6062 4.43237 10.3675 289.691 11.1288 27.2415 2.43644 
268.721 16.9034 0.260606 0.678705 0 257.287 121.692 217.842 21.0445 326.332 18.448 18.7324 177.972 17.3338 93.596 15.4458 127.83 102.499 262.636 95.0184 131.722 53.4242 1.52572 0.650527 50.0623 2.40785 49.1113 34.622 
294.184 518.293 0.0209929 340.828 669.56 0 1325.31 214.631 317.998 294.638 146.369 38.1694 689.998 0.494854 41.1645 0.334706 325.608 4.4411 87.1326 19.0422 0.0688036 2.94615 3.85999 8.61356 282.74 16.1632 0.723006 0.249478 
19.2144 0.0316218 247.216 2.8727 9.616 417.856 0 59.5651 148.107 7.42699 470.009 283.499 82.4518 9.19284 14.3406 5.23886 1.0951 107.316 156.693 55.102 98.9106 52.4229 64.1772 2.7051 81.2174 63.9928 59.7755 64.9851 
2.40621 28.2195 91.4235 472.598 163.034 92.87 360.408 0 437.742 219.23 32.6891 863.846 122.796 80.1919 101.592 22.139 68.675 181.343 99.538 84.9979 128.095 3.7577 90.2815 23.9316 192.406 209.428 98.8137 24.8124 
390.489 394.064 438.94 364.264 355.287 316.242 1034.83 426.895 0 380.765 994.204 77.3302 174.589 141.877 187.317 147.035 389.832 35.9948 9.14358 91.7766 32.5145 68.3348 80.5115 99.3512 308.182 142.523 79.5826 96.4808 
14.0049 173.226 90.2429 36.9211 332.467 505.942 204.987 7.08226 25.176 0 513.819 211.03 328.092 12.0952 90.4627 42.122 68.531 74.9165 113.523 12.1794 70.3441 4.15992 48.1282 48.1881 41.3357 57.5464 0.888312 9.03064 
16.4943 262.587 40.851 0.0288888 90.6201 63.6988 81.92 0.0207078 920.914 436.077 0 346.389 246.056 175.401 304.62 15.0285 13.7577 91.9362 4.56046 52.4383 138.983 78.5766 41.607 9.51964 131.401 121.487 77.3419 32.632 
198.898 208.409 0.0920078 51.7451 164.354 152.92 219.131 160.66 18.2686 9.88071 466.702 0 66.5642 1.00308 169.198 265.209 31.6331 25.1897 90.1591 87.0565 166.908 21.796 11.7992 104.197 168.372 66.548 21.2247 82.4006 
52.3872 119.759 14.8808 60.8271 1.54309 193.73 219.123 2.24494 129.338 302.812 207.025 116.131 0 97.84 100.037 84.1039 44.474 90.5683 25.6816 12.1203 0.924823 7.38076 64.0237 23.6302 3.88124 50.6512 33.7015 17.2902 
43.353 60.988 14.4534 0.00149367 24.7876 20.9261 82.269 124.888 137.869 28.6932 144.295 11.6794 146.668 0 22.3829 17.2168 19.2972 30.445 0.153914 0.269663 0.682476 9.4889 7.39415 5.97398 0.721577 12.8302 6.77474 1.41633 
66.5186 88.3634 29.7499 3.08745 92.1198 41.8233 23.5767 146.845 52.0178 52.1117 364.233 258.107 23.7197 61.9751 0 5.97918 0.0523386 0.0329513 19.0407 1.40695 8.09056 6.36671 7.1362 17.0623 12.3431 8.33625 2.33031 1.72821 
50.8811 32.9762 1.09378 33.7722 54.1195 24.1326 3.09231e-06 38.7406 0.838646 90.5918 76.2825 495.55 31.145 19.3105 61.1051 0 10.7877 50.2826 7.89217 0.280008 17.6564 9.79305 5.11404 16.5977 29.3036 18.7185 5.09714 20.5181 
284.125 406.861 2.32366 317.433 130.275 295.674 105.693 19.9202 285.847 79.3435 76.2712 27.0727 2.14857 13.8667 22.7737 16.1423 0 109.298 221.881 34.0427 66.5376 0.870333 6.19929 11.3237 300.901 1.97114 13.2988 0.886225 
217.647 303.892 101.504 111.996 195.509 18.6155 2.18104 57.7479 192.012 4.68308 35.565 4.82857 104.877 16.1271 68.1339 36.365 5.02038 0 61.659 87.3342 4.61081 28.9792 34.7782 6.78424 37.6307 51.9933 4.22304 45.1914 
102.124 2.16392 22.3764 0.733684 146.105 7.78238 24.7429 32.7366 67.1058 91.4348 0.379277 2.90456 2.25203 12.2538 8.475 29.1767 188.426 143.421 0 1.50044 42.0692 7.77144 4.22474 5.42177 27.4683 18.607 24.2757 26.6651 
190.629 19.1613 16.2709 46.669 94.9052 22.5471 10.7581 68.8194 22.8462 6.21627 72.982 64.7967 10.7309 0.952847 0.261405 5.46423 4.57082 74.9707 25.9505 0 250.621 0.362218 4.03298 0.704567 1.81524 8.17368 8.60456 7.04124 
0.334823 52.9607 86.1084 58.6433 2.89013 15.2081 6.16709 205.42 186.876 43.8707 145.54 0.961645 44.4941 38.2434 55.0658 44.9567 33.8705 123.038 19.6851 325.56 0 0.482933 35.5672 46.917 59.9081 59.1995 31.7634 3.06835 
0.124274 5.9871 1.03024 4.92392 14.0042 5.07951 22.8303 9.35785 5.42512 20.795 37.5722 0.900885 13.7552 8.91323 16.5159 2.71308 21.2014 0.420331 5.51559 5.10583 12.7495 0 3.97646 0.82476 23.3236 2.71276 10.8449 2.3225 
41.7964 8.81233 12.4521 3.4461 35.0528 12.1694 45.1705 6.17947 42.6478 60.5971 107.615 61.2107 91.1698 9.01457 4.96754 7.06453 14.3845 43.7352 1.2836 1.68339 9.60088 9.14409 0 0.547793 23.6113 7.73331 2.70317 9.53252 
25.2448 3.03028 14.7803 24.7563 15.8469 1.08034 20.7752 77.6215 28.2658 8.08 11.311 115.005 0.20933 1.60724 22.2444 1.96167 4.70754 22.1346 14.1432 6.01405 4.21907 0.446571 14.1819 0 40.1291 5.52756 18.345 14.0561 
347.518 341.012 27.3282 311.961 0.0988627 288.02 91.59 36.4684 406.109 63.7825 144.085 501.823 9.23005 16.535 0.245006 50.1301 298.544 18.1102 30.8572 8.99704 25.3717 75.7733 21.2595 2.86148 0 48.5931 136.208 71.9115 
4.5981 0.69411 18.3154 41.3825 69.038 15.8798 56.8739 28.0024 142.527 64.5555 103.345 394.717 50.26 6.12316 11.2048 25.806 7.35436 43.6814 29.4794 12.0214 61.3629 4.74163 9.05786 16.6712 40.5659 0 9.95163 19.4033 
0.143114 15.3607 0.509119 4.33021 9.80798 20.0009 58.5496 1.99737 68.0261 23.5652 4.65668 11.7584 6.86683 7.52044 5.53292 0.294954 5.86584 7.33551 6.39226 9.29195 11.0086 11.9529 4.5349 0.047117 53.0438 21.6945 0 87.9586 
44.3219 39.3297 5.42508 0.0985063 0.155388 18.3111 9.04452 17.8581 87.769 6.66744 10.1848 1.14116 17.9472 0.527311 11.7009 18.4077 0.558818 34.4763 25.7907 3.62211 23.5279 6.72661 1.38248 6.21818 21.6844 60.8457 39.7029 0 
