0 675.387 187.53 595.378 250.561 291.83 93.4094 87.9572 358.007 89.3755 72.1722 84.1892 11.5422 51.458 0.0716273 2.05807 371.121 215.088 107.985 211.117 2.89122 5.91251 24.9377 8.01451 320.767 3.03004 4.02045 28.8661 
379.927 0 231.631 442.24 4.48502 369.976 455.262 266.063 533.784 2.9736 1.74682 222.783 69.4874 34.1196 67.9571 0.122228 308.328 1116.96 170.067 45.3519 27.7208 8.127 4.66627 16.2193 357.952 80.0335 46.7776 1.33838 
197.361 352.918 0 141.16 37.9683 60.0065 143.526 107.582 175.758 5.60915 0.121263 53.7506 69.2028 0.00178076 0.692408 20.8441 43.9644 0.1759 8.64272 22.6268 115.292 8.34184 12.4207 0.0320463 24.9543 8.24459 8.84778 2.13449 
302.039 445.243 273.914 0 31.0496 350.414 53.0219 108.572 584.008 39.5974 187.302 26.029 2.46724 12.5365 35.3741 6.48551 300.42 12.1075 6.78554 18.1985 393.772 12.8572 5.80965 12.9926 292.619 6.33505 27.5436 1.09851 
255.538 130.228 5.17722 8.20951 0 175.822 33.1699 222.819 66.6022 328.863 3.78948 31.3525 177.35 12.3152 95.02 21.144 140.932 68.6917 297.273 94.348 129.556 51.3967 0.501815 1.73177 45.5627 0.783325 49.1244 31.1171 
291.804 519.666 2.40415 338.279 935.194 0 1357.75 204.694 480.153 860.979 207.558 58.1557 561.624 0.0315751 41.8154 0.000315965 336.362 0.475179 90.3297 20.8849 0.258984 4.16825 5.11953 10.1029 289.461 18.8553 0.340764 0.0215751 
51.0188 54.4133 217.156 20.0456 7.11871 892.931 0 10.1481 196.753 112.708 483.217 281.849 50.6225 3.5304 30.6474 12.1638 4.00891 142.107 157.056 65.2448 85.5086 55.6054 67.8729 0.835929 86.3362 52.9817 58.6657 60.8576 
2.81281 6.39125 158.961 420.415 136.626 132.556 404.086 0 611.29 205.656 4.3592 357.442 111.419 94.9835 131.94 70.3462 75.1322 178.404 92.0367 96.0749 152.218 5.96779 96.1679 11.4541 181.629 231.259 95.7798 13.3954 
357.567 491.48 278.43 457.141 344.34 476.837 1214.63 605.03 0 335.92 1455.1 151.551 153.142 143.434 141.323 135.863 391.121 18.2371 18.9879 98.4705 49.7344 69.4232 71.2789 100.184 303.78 139.179 78.8121 92.6368 
5.15692 207.642 102.954 24.4257 312.31 420.768 49.9653 22.3806 0.0520375 0 604.448 233.576 321.583 5.18322 112.004 54.9376 73.6404 59.4254 103.768 16.3663 77.0164 7.36287 52.6537 52.4923 48.1042 64.2983 0.256128 12.5688 
6.17496 245.8 10.2823 6.60647 128.686 19.0047 10.3124 14.6729 583.174 587.051 0 457.978 254.012 135.1 398.837 0.33501 9.4492 108.279 10.0336 59.3039 144.655 78.7812 59.0786 19.8042 118.02 97.1381 80.9116 43.0323 
216.474 191.291 6.76638 102.24 173.032 141.961 253.205 15.1687 0.0248517 30.404 359.498 0 82.7039 1.35855 229.537 459.923 26.3929 16.2508 94.1679 81.0264 168.322 16.9706 4.11478 69.8697 82.7895 202.697 12.3797 55.1287 
61.6003 131.299 9.45208 65.2414 8.68993 162.109 214.961 0.123539 154.11 331.531 171.467 129.697 0 58.1244 112.368 81.7907 40.5068 95.8876 32.6117 9.66737 0.18614 2.17557 50.8052 31.2347 1.99546 52.7628 35.0611 14.6225 
39.9494 56.1409 13.0884 0.244015 30.8132 21.7123 72.9671 119.512 127.069 18.327 99.215 1.65624 156.375 0 51.5163 13.2323 18.4829 33.9539 0.00261301 0.417202 0.164174 8.55367 4.00708 7.88035 0.168745 12.2948 7.49226 2.10691 
69.3155 81.5844 32.3431 1.08812 94.5832 41.1004 9.38099 118.581 23.8319 28.9373 407.354 212.193 41.6524 48.2024 0 6.54228 0.00847587 0.67489 21.9174 1.96718 5.41752 7.96977 2.95239 11.6809 16.3343 12.7254 3.37117 0.730092 
58.8323 41.3932 2.7033 38.4037 47.9298 25.8493 1.55289 94.527 7.35064 91.6576 126.056 388.822 21.1333 18.4075 89.2785 0 12.2421 53.5675 9.70957 0.586766 22.5272 10.5209 3.067 8.03256 32.3157 11.9051 3.70865 21.8752 
293.668 396.869 0.598815 318.562 114.29 306.852 100.971 14.4924 295.874 75.5392 70.6842 22.0724 3.89528 14.9688 24.2295 17.5445 0 48.5278 161.701 33.8041 64.8952 1.27423 7.03332 12.3087 308.463 1.27407 14.1687 1.34708 
232.791 256.071 72.947 127.863 218.155 31.293 13.889 75.7457 207.343 11.664 23.1047 1.31147 106.044 19.5023 66.5605 31.8851 3.37111 0 80.5461 85.393 9.28986 27.0217 36.8341 8.87544 41.2843 48.6367 3.05766 43.2186 
109.25 0.180798 29.2177 2.64424 219.487 1.8468 11.6399 24.3037 84.4674 77.3285 2.79519 0.964205 5.17731 10.4913 6.21489 29.9049 154.752 133.388 0 2.8214 46.7323 6.57691 3.28387 6.53872 28.4893 20.4008 24.1014 26.8234 
133.876 37.9277 12.5531 48.1724 94.6144 23.5873 18.3097 55.6242 14.5854 9.54588 77.7677 72.9212 8.38676 0.734175 0.549134 4.71226 6.3706 68.0092 28.4198 0 330.028 0.503066 3.95907 0.969638 2.49995 8.98642 8.13772 7.68941 
10.7582 34.4838 67.3264 84.6781 0.46738 20.932 13.0321 196.705 185.774 51.4928 148.527 0.104148 39.8174 36.0979 52.9239 40.0607 38.101 123.641 24.0692 232.955 0 0.872246 34.0405 47.6323 60.5021 61.2241 33.7721 1.74555 
0.463474 8.10157 0.669988 4.11463 17.3508 3.75173 18.5357 12.5197 8.15444 15.7415 31.7388 0.0997353 6.2791 9.77768 15.619 1.90834 21.0809 0.929205 4.46204 5.32353 14.1096 0 6.362 1.78549 21.93 3.29958 10.317 1.9022 
43.5928 6.07184 12.1533 4.71873 31.1269 13.3478 51.3649 12.1412 32.459 60.2702 120.285 45.1236 89.7308 6.32896 1.5218 9.14585 15.122 44.4579 0.762269 1.90361 11.5946 6.62187 0 6.40211 22.6417 8.55028 1.89214 9.83072 
20.8048 5.34776 14.0372 25.8784 12.4988 1.89427 26.6562 95.9313 19.8349 12.4012 3.82818 80.6236 0.224749 3.31712 25.9414 0.0451706 3.9065 19.3207 12.8625 6.16914 6.15046 1.21919 20.2236 0 44.38 3.69188 18.9829 13.5504 
357.834 352.807 28.1029 313.284 0.837203 296.395 89.7074 14.2802 416.196 67.5777 137.293 216.324 12.6154 16.565 1.44778 65.3428 306.175 14.6666 30.8671 8.07837 21.1082 7.97025 26.2292 21.0939 0 106.978 149.724 16.8268 
1.61424 2.85336 15.2039 37.5353 66.8803 13.0939 67.6952 68.5003 139.211 57.8506 127.001 313.576 52.4688 4.64076 15.8037 19.5113 8.70467 39.631 28.6572 12.0676 62.5791 4.09769 9.65002 16.2527 37.0224 0 15.2739 36.7652 
0.648562 12.6024 0.991392 5.8537 7.84237 19.6854 59.7 5.23105 63.8001 20.5445 8.05526 20.4418 8.49692 8.20471 6.91347 0.839988 6.66678 8.98515 7.33973 9.67001 13.0456 12.2714 3.54482 0.047117 50.7659 16.0354 0 67.0124 
40.1884 34.8115 3.94483 0.0452347 0.00571078 16.8833 13.2593 8.24019 81.3963 9.84006 4.75741 9.95162 20.7078 0.200147 9.43095 20.335 0.938018 31.7344 26.2514 3.01069 26.6784 7.22371 0.925857 5.0139 26.317 63.344 68.7234 0 
