0 206.053 16.4586 207.794 268.538 336.706 33.9161 3.09079 467.797 54.4942 79.4156 33.8483 106.561 31.6099 71.6407 13.3099 274.331 170.817 104.137 202.492 6.2608 18.7883 7.1134 23.611 255.037 34.7909 2.22688 0.139582 
378.265 0 0.286097 517.569 254.267 420.261 58.8945 288.114 404.812 3.27341 229.244 176.258 133.568 32.0822 24.3232 48.6404 300.386 716.563 7.013 2.92459 57.4935 10.8099 40.0678 7.7102 223.152 24.6595 45.6012 15.2455 
27.0202 439.429 0 298.363 158.541 17.5569 191.397 1.51774 8.3614 62.4012 165.983 7.24802 12.1171 3.56587 22.5071 24.8584 49.5814 0.0320106 1.49801 20.6161 0.0579411 7.54702 1.52831 15.5938 4.82841 7.03791 15.5414 14.5449 
533.544 517.198 299.085 0 15.1001 232.343 186.107 377.367 227.291 0.118422 132.62 100.501 71.5989 18.7754 35.7595 39.8883 256.432 120.756 59.134 0.0117921 438.99 9.27949 6.33764 26.0942 210.232 43.825 15.2794 28.2866 
267.017 457.994 179.301 113.697 0 28.8529 113.246 163.656 241.422 307.821 247.581 159.745 123.717 57.8171 68.8658 57.2718 51.814 121.721 59.1988 82.939 0.683706 56.6654 26.3956 7.09231 65.2797 64.4195 42.9403 41.9848 
317.965 394.336 66.6352 217.701 733.672 0 718.221 190.374 355.846 371.967 169.346 30.3778 86.6763 0.777927 0.178928 0.594719 243.132 48.7967 18.6747 17.4848 76.9331 7.12352 9.97555 3.56323 233.985 25.5919 0.917307 13.0123 
8.9396 450.248 0.0414153 145.871 285.236 514.614 0 4.36443 1266.78 105.435 167.483 125.717 31.3448 15.365 135.277 0.13925 109.655 130.116 83.0224 86.7858 5.13996 12.345 12.154 71.3429 54.8677 30.5469 59.4858 40.1688 
39.8016 27.1394 3.50698 487.471 217.63 23.8423 408.351 0 594.005 47.1287 260.442 423.299 3.78101 27.5204 167.39 33.3898 9.57805 73.7939 43.8184 111.992 74.2626 0.0222391 80.2103 132.571 172.626 130.248 2.72802 44.2778 
247.2 453.632 469.157 523.101 37.8942 352.705 118.129 600.793 0 354.012 876.24 290.102 195.872 13.7858 94.0076 12.0263 244.199 90.89 51.6545 81.8067 101.154 53.8282 7.1586 30.9117 212.875 83.6955 59.1545 2.17365 
24.6388 206.707 63.1166 91.8437 326.767 140.923 467.361 171.342 152.017 0 45.35 132.219 132.537 81.1861 16.2562 12.1279 2.32656 1.90008 122.828 33.8351 0.818379 58.5705 45.0275 31.2038 59.8241 76.1059 5.43823 19.4035 
3.83892 0.0858279 111.573 51.123 160.587 45.1684 206.733 147.668 237.725 107.705 0 108.272 145.071 1.54755 0.973477 86.5405 58.3771 143.091 129.091 9.97376 9.12344 34.5992 8.87384 3.1596 132.328 8.6392 11.5891 110.054 
18.8861 219.009 52.6053 257.172 121.849 81.8853 240.158 3.19201 398.411 233.953 102.149 0 158.881 36.4892 6.83088 217.114 49.4851 142.455 27.7412 1.75433 66.24 68.7762 66.7108 156.959 356.039 47.845 6.23152 13.0453 
29.6226 145.597 19.6682 9.95558 32.7317 91.1493 58.3536 126.801 18.0339 196.934 13.5465 137.486 0 141.955 118.97 66.9243 57.9931 7.13183 43.0224 25.2007 1.60464 69.6136 20.0592 52.3053 46.9683 2.52195 39.305 22.9976 
46.5103 11.2071 5.26454 21.5415 39.6574 21.6321 88.2918 113.11 26.4691 83.9054 13.5912 14.2434 18.5886 0 26.5864 10.3254 11.9476 10.9012 3.54006 0.229746 4.02401 7.10898 9.5212 0.0292766 1.70897 11.8689 3.19396 6.37663 
4.12349 39.6958 2.12248 0.88617 73.1987 1.32664 45.7509 72.6387 220.002 122.984 23.5402 209.829 76.6173 2.45656 0 2.54529 0.00942531 42.7268 0.0223846 0.103843 43.1845 14.1833 14.6017 28.0602 1.43978 24.6294 3.93919 13.4024 
80.448 83.8547 0.155022 8.46008 23.3015 27.1048 3.70758 18.0093 147.963 10.3388 228.464 491.252 71.2741 3.56615 68.4651 0 15.6369 10.1175 1.37411 4.88562 24.8636 0.644291 3.39768 20.94 36.1316 12.7571 15.572 20.2835 
306.2 357.074 23.6157 226.26 151.696 262.374 0.279928 81.3582 287.885 20.8225 95.5599 44.6636 0.43817 20.46 24.2514 20.5625 0 149.013 433.087 21.554 68.3081 15.9239 18.0845 20.82 232.464 0.00300167 19.7719 15.9313 
130.388 151.434 80.5746 7.16155 48.8162 0.99821 232.798 178.895 140.466 84.4884 69.4015 151.812 28.5576 2.00841 32.3638 61.7104 20.7322 0 15.8228 33.1042 93.6348 6.72358 40.1275 8.2981 21.7691 60.6158 4.3684 37.5043 
102.552 170.023 42.8921 54.5448 0.183898 63.6149 124.014 106.993 121.642 111.477 125.982 57.8943 74.6351 20.0374 35.6147 22.5907 106.279 147.082 0 16.5998 19.114 0.96897 1.03983 12.2455 29.7745 16.6487 8.84327 22.2687 
120.471 100.506 27.1259 31.3916 84.0523 12.5288 44.3032 30.5456 16.4443 41.4935 0.478797 49.6497 23.6396 1.0256 1.01139 9.13603 2.74974 9.15991 0.125232 0 3.77201 4.87801 3.37091 0.306865 0.122671 0.420945 3.10999 7.56964 
16.5358 65.9855 25.7572 159.773 129.983 56.5477 138.623 203.213 162.984 3.26329 3.01521 104.801 47.1654 42.8998 48.3093 38.5533 25.6187 7.56611 3.50279 160.73 0 24.48 30.5646 39.3302 30.5374 5.21329 43.3366 6.15818 
8.13035 5.74213 0.349496 1.38252 2.0435 20.4948 59.5702 1.74535 0.3085 36.6779 78.79 38.7525 77.3804 10.5587 0.0459008 10.9699 8.48943 16.0922 0.229661 5.60804 32.8159 0 13.2028 0.740366 12.6146 2.18186 7.58453 0.00688559 
27.964 42.2292 2.16489 7.51375 56.0715 2.07206 32.8101 79.2767 1.50705 18.7978 8.91158 115.753 1.14397 9.53516 17.0636 8.80682 18.3593 45.0515 0.0022489 2.87971 15.7741 0.764434 0 0.838921 2.77785 5.96837 13.4899 4.32626 
56.5908 19.7203 1.41318 13.6956 41.3938 12.375 43.1952 1.00471 24.1756 60.3823 57.7478 164.594 9.07402 2.47132 3.69144 4.8049 0.517332 20.0632 7.09613 5.60089 0.00598915 0.384263 6.7391 0 26.1352 9.2394 8.43051 1.9029 
215.526 212.855 16.3032 231.554 26.8476 229.189 19.74 6.96362 333.413 35.5608 110.29 42.4853 11.6492 13.144 4.17876 52.1939 231.448 33.8273 30.4664 13.442 58.4067 67.8448 14.5247 37.1153 0 53.1148 50.2453 4.53525 
39.0322 80.7504 13.8583 28.8959 25.5229 0.493015 86.4673 228.531 83.5941 32.3411 114.575 247.874 2.23771 3.86751 21.9719 5.93167 14.8229 61.7569 30.1236 5.35742 8.56848 5.37471 4.27506 16.1333 0.387251 0 28.856 63.5029 
0.0772643 11.2549 0.374425 1.21477 0.247299 20.0886 50.1421 97.3559 77.2923 33.2066 30.2963 83.2 20.7482 3.91145 1.26536 17.8 22.4311 33.5957 23.6677 10.863 28.7096 12.8281 13.2528 13.9687 17.9858 15.386 0 21.6428 
59.0026 64.1222 21.8676 32.1242 2.04034 21.1476 32.5941 35.5594 10.0118 22.7246 48.568 141.284 12.5201 11.5409 2.72469 18.1018 14.9943 24.7574 24.3589 3.12271 18.165 10.3616 7.08069 10.9899 39.4238 29.5949 28.6602 0 
