0 766.855 196.497 773.277 242.52 450.91 107.295 103.541 526.25 94.9224 78.7204 93.2132 9.91195 50.9308 0.240827 1.33312 530.683 221.09 109.814 202.738 6.26073 6.35857 25.8599 8.96829 479.823 2.19232 4.52378 30.1968 
493.778 0 161.092 570.885 19.4521 511.101 415.923 274.025 663.019 0.839336 0.342131 221.596 74.2426 32.2385 65.0754 0.00572865 461.752 699.735 168.041 38.9246 23.2413 7.47054 4.02337 17.4495 513.701 80.9103 46.1085 1.75174 
204.066 409.246 0 79.5182 29.2589 62.2763 162.98 127.689 234.652 3.54758 1.80452 45.4544 68.1353 0.00786923 1.13818 20.1442 45.3058 1.18155 7.26068 21.7454 111.757 8.13778 12.3426 0.00569188 24.3798 7.38924 8.47391 2.46335 
448.524 573.832 299.403 0 25.1408 505.514 42.7763 711.626 722.76 43.6137 181.29 16.9242 3.20801 13.1849 36.1674 7.89995 458.756 15.7591 7.96542 15.9626 618.866 12.6244 6.23972 13.7791 448.903 5.12606 27.5796 0.799188 
248.459 178.599 9.54452 11.9666 0 125.032 16.7289 222.932 83.9853 322.275 1.5348 35.5942 176.023 10.954 95.0308 22.9429 144.037 59.3694 300.66 93.6955 128.522 50.7167 0.303799 2.1495 44.1738 0.470392 49.0769 30.0664 
447.411 669.966 4.17868 492.382 623.044 0 636.366 199.071 694.919 868.271 223.267 64.4689 624.796 0.000435789 41.6695 0.038073 494.656 0.0702766 90.4618 21.3686 0.543706 4.56169 5.51293 10.5411 446.774 19.6209 0.254186 0.00176136 
62.7446 90.2047 202.566 27.8114 19.0213 830.038 0 3.22399 439.585 162.006 472.98 278.529 42.1801 2.34268 36.3627 14.7015 5.21236 152.148 156.108 68.1073 81.409 56.4549 68.7737 0.484214 87.5559 49.6556 58.245 59.5079 
6.91449 2.83735 178.79 343.959 128.398 143.915 409.081 0 641.14 200.101 0.979103 214.006 107.766 99.0189 140.222 88.1508 76.954 176.807 89.615 99.0218 158.872 6.71248 97.5542 8.54584 176.381 233.702 94.5982 10.6034 
504.074 676.606 219.081 640.993 335.736 691.535 1018.58 636.913 0 315.351 618.48 175.83 146.04 143.082 201.338 131.502 546.493 14.0115 22.5022 100.105 55.3073 69.6308 68.353 100.055 458.181 137.25 78.4339 91.2225 
3.33663 215.985 105.923 21.0557 299.492 327.663 21.9483 28.3934 1.46326 0 598.31 238.264 310.049 3.65067 117.272 58.6499 74.9916 54.9155 100.351 17.6817 78.8797 8.465 53.8324 53.62 50.0342 66.0717 0.14142 13.701 
4.03817 238.744 4.95242 10.7051 140.171 10.4185 1.98748 24.0489 479.178 602.61 0 481.612 253.836 121.767 407.459 0.170579 8.30836 112.993 12.0345 61.2652 145.918 78.6731 64.4334 23.4492 113.406 89.5431 81.8064 46.231 
220.279 185.169 10.7067 118.661 174.956 137.757 261.24 77.7394 1.1529 38.3678 320.73 0 87.5017 3.25924 243.553 487.311 24.8878 13.9272 95.1829 79.0091 168.089 15.6201 2.57093 60.0936 36.9481 246.425 10.1573 47.5551 
64.309 134.239 8.04087 66.384 11.875 151.507 211.646 9.72299e-05 160.862 330.362 159.839 133.351 0 46.8797 114.914 80.5873 39.2998 97.2769 34.7358 8.97665 0.0748801 1.21046 46.7348 33.5465 1.55093 53.2685 35.4328 13.852 
38.8783 54.5696 12.6379 0.394996 32.6362 21.8421 69.9033 117.192 122.93 15.5632 85.7146 0.415629 155.351 0 57.437 11.8129 18.225 34.9737 0.00252864 0.466594 0.0783047 8.24257 3.00238 8.37966 0.0780512 12.0747 7.69972 2.33276 
69.946 79.2569 32.8986 0.685572 94.9085 40.5531 6.31787 109.451 18.1971 22.9691 398.453 194.268 47.4738 39.8633 0 15.7358 0.0350853 1.0216 22.7629 2.14799 4.71618 8.45356 2.01227 10.1151 17.5231 14.0946 3.7097 0.512755 
61.0475 43.9149 3.30257 39.5085 46.0199 26.2401 2.60459 113.482 10.4631 91.2799 140.836 326.034 18.4007 17.67 88.867 0 12.6767 54.4524 10.2691 0.698044 24.027 10.7123 2.52383 5.81443 32.9047 9.98145 3.3281 22.166 
452.082 548.684 0.301536 474.115 109.014 465.488 99.2605 13.0182 454.345 74.2223 68.9363 20.6521 4.50677 15.2882 24.6384 17.9508 0 34.1432 471.066 33.6656 64.3158 1.40797 7.28534 12.5985 465.929 1.09487 14.4236 1.50133 
235.105 231.434 64.5147 131.755 223.224 35.4861 19.1933 81.2462 210.766 14.2878 19.8385 0.690257 106.15 20.5322 65.9443 30.5466 9.21999 0 86.1419 84.4721 10.9661 26.429 37.4103 9.53837 42.3348 47.5703 2.74518 42.5893 
110.943 0.976567 31.2801 3.4294 238.71 0.858333 8.61506 21.9758 89.5942 72.9179 3.93224 0.58726 6.26204 9.97731 5.59802 30.0732 138.118 129.665 0 3.28659 48.0858 6.23457 3.02349 6.88308 28.7605 20.9201 24.0324 26.8448 
114.677 44.3089 11.455 48.1278 94.073 23.8107 20.8473 51.7069 12.4306 10.6442 79.0105 75.1822 7.73265 0.67373 0.653884 4.48879 6.94941 65.7308 29.1086 0 331.66 0.548945 3.93282 1.05502 2.71972 9.21592 7.99392 7.8771 
16.5357 29.5689 61.6048 87.481 0.14479 22.7443 15.511 192.989 184.556 53.7555 148.965 0.503576 38.4236 35.4178 52.1905 38.5554 39.3484 123.49 25.4151 191.856 0 1.00923 33.552 47.7678 60.5567 61.6839 34.3454 1.42171 
0.605169 8.77955 0.57708 3.88371 18.3842 3.3873 17.3095 13.527 9.05752 14.3274 30.0341 0.0162107 4.57545 9.99277 15.3056 1.69133 21.0297 1.11777 4.1661 5.38507 14.517 0 7.10926 2.13133 21.4435 3.48014 10.1512 1.78369 
44.0596 5.34441 12.0329 5.12307 29.9466 13.6699 53.1166 14.2444 29.5688 59.9406 123.331 40.5347 88.5222 5.30546 0.856574 9.70566 15.3323 44.6189 0.632624 1.96945 12.2083 5.88178 0 8.92836 22.1529 8.77051 1.67452 9.90093 
19.5202 6.14984 13.7783 26.1175 11.5588 2.17454 28.4645 101.045 17.5452 13.8174 2.34651 70.5464 0.562566 3.89301 26.7222 0.482169 3.67972 18.4965 12.4797 6.20646 6.7836 1.51493 20.8207 0 44.6895 3.19671 19.1027 13.3639 
515.94 511.41 28.2218 468.866 1.19352 454.158 88.8101 9.50391 573.785 68.4758 134.399 1057.33 13.6933 16.4981 1.98875 51.6928 463.666 13.6906 30.8317 7.80064 19.8757 1.96237 27.5375 28.0644 0 122.482 110.536 37.8668 
1.01665 3.76658 14.2577 36.1611 66.0811 12.2681 70.7566 82.6812 137.289 55.6599 133.312 274.806 53.0049 4.21647 17.1822 17.4865 9.11753 38.3919 28.3746 12.0556 62.7915 3.90978 9.79538 16.0342 35.6922 0 16.9401 41.8709 
0.867918 11.8198 1.16357 6.33855 7.29297 19.5648 59.9487 6.46898 62.4504 19.6558 9.22431 23.3885 9.00525 8.39989 7.33784 1.05299 6.91036 9.49916 7.62831 9.7745 13.6701 12.3529 3.26564 0.119528 49.5328 14.3834 0 58.697 
38.9169 33.4566 3.54065 0.136059 0.0462488 16.4353 14.6321 6.04674 79.2977 10.8765 3.52166 14.1449 21.5346 0.132461 8.76974 20.8135 1.06864 30.9041 26.3638 2.83609 27.6126 7.36777 0.806086 4.66729 27.758 62.2083 76.0866 0 
