0 427.551 201.825 696.595 167.043 450.088 196.043 208.7 579.544 127.076 121.171 151.39 2.31787 46.4958 3.59895 0.414434 519.66 236.207 116.488 40.2106 54.2034 9.48782 31.5889 15.9644 468.292 0.0385641 8.32496 38.5794 
531.114 0 53.9359 425.079 290.779 423.702 104.368 293.295 477.654 17.6165 16.5822 200.001 103.724 20.7007 45.6257 2.7563 423.087 528.829 141.988 7.71971 3.50444 3.8649 1.00955 25.8088 479.567 83.5144 41.3604 5.60811 
193.394 326.553 0 205.367 0.0743891 65.4749 246.1 243.139 473.096 1.57454 54.4914 7.05832 58.9268 0.836578 6.2708 14.8745 52.1652 26.965 1.15222 15.2009 81.5511 6.79856 11.5092 0.339148 19.9377 2.80895 6.15924 5.00035 
538.132 425.707 125.567 0 1.55092 463.999 1.94314 955.621 538.757 69.5423 127.443 5.75116 9.9792 17.1128 39.2424 18.8632 443.552 47.4147 17.161 4.3246 724.448 11.0498 9.12277 18.6362 421.99 0.341476 27.2299 0.00965717 
177.105 481.354 62.2239 49.0125 0 108.01 44.9565 209.164 214.392 216.463 10.674 66.5757 156.149 3.96609 90.7184 35.1276 154.002 13.5859 246.544 84.9659 118.008 45.6375 0.204969 5.78661 34.9809 0.344728 48.2263 23.3855 
426.266 559.996 24.278 447.744 465.252 0 564.004 141.057 896.8 717.153 273.581 105.213 532.583 0.942893 37.2593 1.71792 476.548 5.85517 82.6321 23.6354 4.72664 7.32225 8.1399 13.201 425.008 23.9126 2.83063e-05 0.390057 
150.238 400.704 82.2233 95.9772 195.804 197.137 0 48.6943 1058.62 471.613 288.005 230.237 5.1316 0.511664 77.7309 34.8468 16.1819 206.586 139.398 83.7218 55.1481 60.7136 72.2004 0.490024 91.776 29.1023 54.6416 49.8397 
70.4565 13.6739 268.819 68.9567 75.7336 200.613 351.975 0 531.824 151.928 35.1801 258.138 82.5313 119.041 178.4 205.603 87.2571 159.436 72.6212 113.065 192.887 12.3127 102.106 0.00876052 126.143 204.518 84.3528 0.368913 
431.266 798.66 1.35794 742.39 235.601 896.884 129.741 540.774 0 145.706 169.058 324.13 96.5973 132.463 292.021 95.4813 509.257 0.0875216 49.8684 106.255 93.6547 69.6889 48.6742 95.2665 423.101 116.052 74.4839 79.6405 
1.0682 242.176 114.304 4.83992 169.276 71.2474 111.963 78.6229 97.9583 0 275.375 243.714 165.594 0.220179 133.663 79.193 81.5479 28.6327 74.5873 26.5472 89.169 16.8316 59.2392 58.8981 60.9379 74.2762 0.20542 21.5762 
1.10336 176.756 16.5366 55.8614 207.934 16.9216 95.5818 126.024 7.20925 370.456 0 490.681 226.254 40.2753 249.74 42.3875 2.68134 140.243 28.2688 72.5356 149.179 76.1978 97.453 51.198 79.5671 42.6063 85.5876 66.8541 
227.548 138.056 53.051 216.352 179.682 103.246 284.557 942.88 74.4587 103.021 79.7946 0 116.675 32.5881 268.523 252.574 16.0229 3.15657 99.6169 64.2536 159.714 8.10543 1.28219 11.7152 7.92729 399 1.03143 10.3599 
80.707 146.788 1.6012 71.6083 41.8484 184.756 171.148 4.63972 194.113 228.784 83.3586 151.558 0 1.37536 117.367 68.0431 31.4481 103.855 48.5177 5.06634 0.534711 1.69587 21.9557 48.0082 0.0285154 55.0993 37.4288 9.26228 
31.5891 43.5179 9.43981 2.15798 44.1968 21.5215 48.5004 95.8652 89.2542 2.80382 16.247 11.6684 111.316 0 37.7143 3.03483 16.4309 41.0994 0.481686 0.835734 0.269275 6.02497 0.0942568 10.3215 0.311978 10.1104 8.93492 3.94904 
71.6855 61.8873 33.8693 0.307465 92.558 33.9 1.13239 51.2596 17.1951 0.607416 171.232 68.5685 84.9044 0.0242415 0 88.205 0.626161 4.83648 27.9168 3.42978 1.34248 11.4954 0.324975 2.13365 24.5661 22.6108 6.12508 0.0304147 
72.8781 59.4732 8.13234 42.9962 33.5282 27.3183 15.0943 225.114 40.7375 81.773 214.626 0.831895 4.85535 9.61926 18.0937 0 15.4345 58.9843 13.9756 1.60275 33.8487 11.6271 0.221604 0.336543 33.03 1.14578 1.32788 22.708 
439.817 488.776 0.783311 440.5 72.3883 451.778 85.5005 5.32187 441.638 64.1101 57.0985 12.463 9.32032 17.2136 26.9521 20.3927 0 3.09032 354.46 32.0819 59.7097 2.40051 8.92219 14.3954 444.131 0.266496 15.9991 2.66108 
225.253 59.5396 18.8256 145.604 234.821 64.713 68.7791 116.24 219.086 35.9893 4.5526 1.3814 104.235 27.2534 60.5359 22.1414 101.358 0 119.062 75.2302 24.3636 22.571 40.6609 14.1435 48.5297 40.1841 1.13532 38.1743 
116.665 20.1409 43.9818 10.527 301.085 3.36831 0.0305056 9.51079 120.063 44.4318 15.3551 0.373241 15.2438 6.86778 2.34935 30.6103 14.8541 99.8048 0 6.94683 56.2014 4.21405 1.59198 9.18343 30.1214 24.0285 23.4123 26.7043 
13.4419 88.2879 5.10224 42.7376 85.9913 24.2606 39.2262 28.2149 2.5361 18.5728 84.7742 87.3993 4.09713 0.343098 1.51342 3.10317 11.0223 49.6778 32.9002 0 138.736 0.882089 3.7218 1.66078 4.26557 10.5143 7.03279 9.00262 
76.2652 6.40471 27.4495 21.0929 2.39451 35.0796 35.3054 159.04 167.782 67.7702 146.871 9.88688 29.6374 30.7042 46.5903 28.7236 47.0603 119.035 34.2907 0.536363 0 2.10368 30.1096 47.7936 59.5948 63.0187 37.7044 0.132725 
1.93563 13.5633 0.144607 2.5333 25.2595 1.45114 10.2106 20.5565 15.6847 6.57913 19.7459 1.14662 0.0632582 10.8399 12.8867 0.589449 20.5421 2.70708 2.48552 5.74019 17.1285 0 11.6811 4.83199 17.7467 4.67828 9.01249 1.10477 
46.2613 1.74306 10.9525 7.90416 22.4444 15.355 62.9159 30.5222 13.5046 55.4638 133.554 15.5057 73.4062 0.199712 1.14554 12.1665 16.5651 45.0542 0.0878477 2.38805 16.2937 1.84954 0 20.8114 17.2667 9.87648 0.577061 10.1418 
11.9317 12.3432 11.7809 26.572 6.28041 4.31539 40.2412 127.422 5.88862 23.8754 1.43713 17.5799 6.12943 7.63526 27.5831 12.0941 2.36877 13.4522 10.0461 6.34676 11.3756 3.97842 11.1751 0 36.586 0.790676 19.092 11.8287 
496.11 495.283 27.7623 435.38 4.87179 434.717 79.7558 2.14157 545.962 71.5108 108.159 1185.8 21.1515 15.2906 7.1205 37.6378 442.076 8.09225 30.1991 6.01698 12.5699 15.5901 33.0096 35.3022 0 125.502 115.765 127.252 
0.452711 12.2414 8.36452 25.706 59.4501 7.26605 87.5118 176.032 116.132 40.3658 161.649 29.2515 55.0403 1.84828 25.1931 5.50523 11.8393 30.2887 26.1928 11.7066 62.5165 2.76836 10.358 13.7417 25.2427 0 27.3772 63.0232 
2.98356 7.30282 2.54872 9.70173 4.2038 18.5226 60.5096 17.0298 53.0332 14.1886 18.1789 45.0919 12.4624 9.5328 10.1252 2.90773 8.51207 12.9984 9.52839 10.3493 17.8094 12.7252 1.69796 1.33054 36.0309 5.22967 0 8.55867 
30.5474 24.8833 1.42245 1.82848 1.20923 13.3959 24.4129 0.0462201 64.229 18.2957 0.00808422 54.3176 26.7831 0.0289999 4.87948 22.6686 2.08602 25.5191 26.8093 1.8158 33.4463 8.23697 0.229966 2.65099 36.3518 38.6761 90.2796 0 
