0 81.1352 173.641 212.734 123.851 89.6124 230.352 252.236 238.325 139.078 140.077 176.321 0.54838 43.8312 6.46913 2.20926 147.619 228.683 116.474 61.0968 88.4716 11.1119 34.1342 19.6946 97.6826 0.97542 10.4351 42.3514 
342.656 0 243.555 55.0585 436.445 49.7889 13.8714 282.437 57.6119 41.9913 38.1046 182.434 116.217 15.7742 36.4207 6.05688 45.7688 810.082 123.395 1.06249 0.193265 2.54461 0.276332 29.9329 97.8528 82.9036 38.8754 8.10396 
159.408 118.734 0 294.719 4.87643 60.0503 246.065 271.6 404.686 7.35578 97.2184 0.375506 53.4009 1.67091 9.78811 12.1291 54.2042 48.365 0.0831121 11.8852 64.6282 6.15579 10.9319 0.788097 17.5033 1.33146 5.13504 6.41387 
274.449 54.0612 319.194 0 0.350308 77.9664 1.31246 732.044 93.9872 80.7971 97.0169 29.1004 14.2504 18.7487 39.4047 24.5373 71.8278 65.5498 22.2553 1.20301 345.388 10.2655 10.5166 20.7051 45.8534 0.0516672 26.7241 0.320923 
134.317 531.566 95.7658 71.627 0 169.781 128.45 194.675 273.25 145.921 28.3286 82.667 140.903 1.82057 86.2117 41.0443 152.437 2.78824 186.556 78.4268 110.937 42.8568 0.853663 8.03746 30.5754 1.40166 47.5044 20.3141 
58.5108 132.315 36.5567 62.3656 762.572 0 1455.44 106.038 454.593 288.465 261.085 122.666 626.06 2.03273 33.3725 3.30577 101.928 13.2839 74.3227 24.1586 8.02317 8.72868 9.3977 14.3271 50.3096 25.4708 0.0603774 0.874414 
191.406 503.023 32.7932 131.774 301.166 894.433 0 115.472 256.798 507.27 169.485 194.847 0.0318214 3.1241 97.3466 45.8887 23.0691 223.377 125.982 89.0031 43.3499 61.9721 72.3618 1.83143 91.5403 20.4925 52.4318 44.8125 
116.617 37.6791 275.78 73.0125 53.0254 212.942 281.755 0 346.176 124.292 80.5781 723.879 70.0725 124.237 184.854 243.822 91.1914 147.46 64.0029 116.394 202.546 15.4023 101.576 2.3258 96.6326 168.428 78.1211 0.436177 
46.29 451.726 82.724 374.838 172.763 456.919 902.79 357.543 0 70.5887 941.482 373.54 73.0698 122.709 230.845 75.7197 125.705 1.81054 64.8014 106.446 112.137 68.9609 39.3472 90.7748 45.6754 101.789 71.7548 72.901 
5.62301 236.533 111.497 1.04021 99.7974 289.018 270.387 106.613 178.471 0 90.7251 231.529 86.4941 2.52563 129.758 85.9556 83.2902 18.4962 61.1238 30.8407 92.9113 21.392 60.3907 60.1215 64.9682 76.0368 0.709563 25.5505 
6.1669 141.302 47.0515 84.9109 232.702 54.4132 204.653 188.849 213.509 168.468 0 412.214 199.592 13.8649 116.245 81.9703 1.08158 150.741 37.617 76.9084 147.795 74.0023 110.75 65.7553 62.5417 24.3475 86.1662 76.1716 
220.565 113.069 79.9446 246.368 177.296 84.1557 277.499 998.466 139.274 137.442 14.2627 0 128.788 54.3366 239.097 64.3741 12.3732 0.699013 100.431 56.5074 151.897 5.32003 5.79737 1.45293 120.399 347.812 0.000730824 1.86157 
87.6097 148.64 0.256572 72.7356 60.3714 127.596 143.363 9.94628 202.48 147.949 51.2373 156.614 0 2.82351 110.235 59.7983 27.7391 105.494 54.8913 3.5612 1.4451 5.82964 12.4591 54.1868 0.116184 55.1016 38.1322 7.33724 
27.9875 37.9241 7.83753 3.42352 49.3746 20.6995 38.1337 82.8582 70.9424 0.308813 1.64363 27.3968 76.6329 0 11.5839 0.596589 15.5082 43.6911 0.988499 1.03869 0.798036 4.91735 1.63593 10.314 0.897247 8.92137 9.4511 4.78759 
71.1114 52.7353 32.758 1.44125 88.8916 29.2683 7.48554 28.3367 37.1997 1.38884 53.172 23.7802 99.871 12.586 0 79.1868 1.15118 7.5315 30.1297 4.09547 0.452719 12.8344 2.23473 0.323911 27.2629 25.9884 7.38131 0.352446 
76.7396 66.0851 10.8078 42.3369 27.7113 26.9505 23.9112 253.986 59.4273 73.5925 228.051 70.0247 1.36348 5.31876 0.00958956 0 16.7043 60.3953 15.7641 2.13121 38.4548 11.8587 0.00666705 3.93994 30.9801 5.87394e-05 0.678639 22.1651 
70.8369 95.8486 2.41034 60.0933 54.9719 80.4368 77.6245 2.81435 72.0528 58.509 51.2521 9.20523 12.083 18.0413 27.8472 21.4356 0 28.1962 396.253 30.9391 57.0396 2.94724 9.70308 15.2023 68.8514 0.0698445 16.7059 3.30711 
206.783 53.2233 5.78892 144.892 227.369 78.6884 98.5288 131.708 214.661 48.5253 1.02184 4.46394 101.818 30.4357 57.1889 18.3735 162.371 0 131.559 69.1297 32.0489 20.7289 41.9137 16.4992 51.0825 36.4469 0.614109 35.8877 
116.184 36.4342 49.2755 14.9347 285.451 9.58857 2.71515 5.28417 132.094 31.9352 22.9601 1.58087 20.5351 5.53615 1.27369 30.538 6.52366 83.3606 0 9.02845 59.6293 3.37242 1.0648 10.3133 30.5314 25.3433 23.0151 26.4737 
0.0502226 107.708 2.79864 37.5735 79.7008 23.8813 48.5913 18.8142 0.431232 22.7092 86.0994 91.5716 2.74312 0.22299 2.02257 2.49534 13.1149 41.6544 34.2702 0 31.8744 1.06179 3.59781 1.97696 5.06167 11.0092 6.55929 9.48072 
113.046 1.224 14.8006 67.8998 5.97205 41.1086 46.5164 138.346 155.082 73.9144 143.018 18.1244 25.6383 28.3056 43.475 24.1273 50.4751 114.936 38.5502 38.5257 0 2.74696 28.3192 47.3049 58.3734 62.6746 39.0879 0.000792752 
2.80875 16.0496 0.0398948 1.97965 28.594 0.800915 7.39145 24.158 19.2517 3.84912 15.3927 2.65562 1.90847 10.8988 11.5516 0.259056 20.218 3.6779 1.82821 5.88365 18.3565 0 13.388 6.29691 15.7693 5.25968 8.43544 0.834819 
46.8117 0.711744 10.2765 9.28872 19.02 15.897 66.5071 39.4393 7.79187 52.06 132.435 7.31015 62.8192 0.312637 3.884 12.474 17.0755 44.9032 0.00358516 2.58154 18.2888 0.647967 0 18.7889 14.2313 10.1937 0.251097 10.1288 
8.83544 15.8145 10.6738 26.1377 4.28302 5.49673 45.7041 134.865 2.44434 28.9852 6.10451 4.00659 10.5979 9.06001 25.4971 19.8221 1.83877 11.2448 8.9214 6.35318 13.8211 5.38929 3.83486 0 28.3031 0.198915 18.6264 10.9284 
120.426 121.599 26.8344 55.143 7.39269 60.7407 73.7429 12.8194 163.947 71.2638 92.3754 567.97 24.9017 14.2955 10.3133 53.4654 66.9206 5.88641 29.6632 5.19021 9.55611 33.4578 33.4655 27.3386 0 35.4973 35.836 19.6369 
2.13197 17.6143 5.88001 20.2922 55.5209 5.19798 93.206 210.016 101.882 32.8632 166.186 1.32472 55.142 1.01603 28.03 1.78454 13.1553 26.4514 24.9586 11.3847 61.4207 2.27501 10.3929 12.2206 19.8257 0 31.5694 62.2156 
4.38933 5.49463 3.35776 11.4045 3.01617 17.8776 60.1563 23.3775 48.2318 11.7873 23.1592 56.4017 14.197 9.98759 11.4468 4.04068 9.29007 14.7604 10.4512 10.5621 19.8265 12.81 1.11199 2.31571 27.26 2.27017 0 0.0405143 
26.5639 20.9921 0.734724 3.25153 2.28563 11.8973 29.4708 2.18873 56.4419 22.1546 1.03935 78.4668 29.1912 0.177522 3.3372 22.7638 2.6706 22.9694 26.8547 1.39941 36.0655 8.61178 0.0778618 1.85464 39.2892 23.0623 74.8017 0 
