0 501.116 152.18 502.598 100.544 449.415 245.051 271.779 606.017 144.452 149.641 188.433 0.0981064 42.2507 8.34372 3.76178 499.787 220.811 115.602 53.0562 108.683 12.0285 35.4586 21.8036 451.075 2.00243 11.6567 44.3218 
799.998 0 355.22 427.761 492.998 410.796 0.000298023 271.435 397.585 58.6547 52.8589 171.306 122.392 13.2971 31.5792 8.34522 397.288 740.135 112.167 0.00465447 0.117383 1.93651 0.0697438 32.1884 445.219 82.0795 37.4705 9.62508 
135.921 35.3435 0 238.755 12.4768 55.4976 234.245 276.495 324.191 12.1423 122.325 0.257676 50.1616 2.23032 11.8966 10.6336 54.9528 61.5178 0.0197206 10.1167 55.3125 5.80643 10.5743 1.10598 16.1275 0.747203 4.60304 7.22648 
679.06 425.974 358.043 0 2.5229 423.113 6.33365 628.179 417.891 86.3427 80.4788 48.2706 16.8129 19.5559 39.1362 27.5592 424.795 75.6928 25.1533 0.303861 648.069 9.83123 11.2697 21.737 396.782 0.446344 26.3608 0.672012 
110.773 519.312 114.208 84.4032 0 222.228 184.377 184.971 300.558 108.288 41.0059 91.5532 131.406 0.992598 83.1668 44.2343 149.902 0.311954 150.07 74.3389 106.606 41.259 1.38956 9.38993 28.1976 2.26849 47.0283 18.6837 
415.265 456.75 43.1574 408.435 825.056 0 1144.55 86.8085 727.885 201.078 244.836 131.136 77.0931 2.77989 30.8908 4.35386 452.939 18.4205 68.8396 24.286 10.1353 9.50805 10.072 14.8924 401.731 26.1659 0.141531 1.21526 
211.573 525.02 14.1227 149.925 351.58 926.088 0 159.036 13.01 481.553 110.713 173.58 0.923114 5.43788 107.231 52.0483 27.1877 229.432 117.539 91.1996 37.2709 62.443 72.0518 2.90843 90.8089 16.2827 51.1061 42.0027 
143.74 54.9387 268.366 87.542 41.8504 214.866 237.227 0 238.418 108.814 110.847 927.383 63.3223 125.757 184.811 255.52 93.0486 140.118 59.2492 117.235 205.804 17.1842 100.565 5.26892 80.4059 145.183 74.4294 1.81607 
396.349 803.97 167.324 713.701 138.333 730.983 1238.58 249.403 0 38.7491 240.571 391.049 60.8695 116.233 246.122 64.8983 471.986 4.98444 73.1748 105.807 121.926 68.3656 34.4227 87.7932 396.632 93.2627 70.0574 68.9755 
9.53726 228.68 108.196 0.13791 66.3344 396.937 358.198 122.1 224.477 0 26.575 221.277 50.464 4.79319 124.562 88.6071 83.8516 13.7846 53.7718 33.1564 94.6107 23.9797 60.6171 60.4241 66.7952 76.3825 1.10866 27.7431 
10.5782 121.622 68.5279 101.528 243.289 81.4069 269.678 223.409 307.666 78.8684 0 353.963 182.414 4.98851 56.3178 106.006 0.508694 155.651 43.0314 78.9829 146.266 72.549 116.958 73.6951 53.4632 16.2126 86.1493 80.9793 
214.101 99.3689 95.2638 255.759 174.779 73.5805 268.914 850.133 178.646 155.872 0.748369 0 134.727 67.3813 213.994 9.22135 10.5546 0.103733 100.521 52.1873 146.718 4.03356 9.54325 0.00032934 131.866 290.95 0.353582 0.116953 
91.0598 148.5 0.00841827 72.9714 71.152 98.8506 126.971 13.6057 204.781 104.542 36.245 158.316 0 10.2697 104.366 54.8945 25.7445 105.974 58.2491 2.84435 2.1224 9.0355 8.25424 57.2486 0.381378 54.8692 38.4477 6.36645 
26.0166 34.8488 6.97037 4.21184 52.0525 20.0855 32.6665 75.3145 60.9314 0.00328823 0.0571846 38.1481 57.4345 0 2.53344 0.0503623 14.9895 45.0021 1.3367 1.15575 1.20088 4.32132 3.08882 10.0472 1.33426 8.22845 9.71042 5.25544 
70.4273 47.6679 31.7539 2.39282 86.2652 26.494 13.1347 18.2333 52.5777 4.98484 14.0936 8.47041 106.55 26.3929 0 60.4221 1.50044 9.21466 31.2547 4.46923 0.165926 13.5181 3.91138 0.00570268 28.486 27.523 8.08512 0.672431 
78.3002 69.3767 12.305 41.3619 24.6409 26.5181 29.2958 259.622 70.1586 68.3819 228.078 166.015 0.356417 3.31028 6.34893 0 17.3805 60.9542 16.7358 2.44114 40.9024 11.9277 0.146004 7.26572 29.3801 0.328149 0.413322 21.6631 
425.617 437.747 3.65013 408.451 45.9311 433.509 73.0706 1.77493 426.431 55.2999 48.0452 7.61719 13.7007 18.4664 28.2763 21.9685 0 51.116 308.256 30.2197 55.4688 3.26424 10.1277 15.6276 419.818 0.0161176 17.0789 3.68319 
193.643 27.7676 1.76053 142.521 219.996 85.9685 115.399 139.574 210.068 55.7446 0.1572 6.85274 100.115 32.1475 55.1843 16.409 194.835 0 137.2 65.4403 36.515 19.7275 42.5132 17.8175 52.3546 34.3744 0.396564 34.5999 
115.062 46.7535 51.8553 17.5525 265.244 14.1334 5.95677 3.48176 137.753 25.7039 27.5937 2.58186 23.6379 4.85719 0.821823 30.4111 20.4124 74.1903 0 10.2371 61.3624 2.94816 0.820487 10.9349 30.6899 26.0099 22.7719 26.3049 
5.20732 117.015 1.80515 34.2563 75.7277 23.5197 53.6883 14.3539 0.0210024 25.0185 86.4275 93.3505 2.11323 0.168008 2.32385 2.18295 14.2823 37.304 34.889 0 3.58617 1.1651 3.52433 2.15528 5.50694 11.2422 6.29808 9.72396 
133.64 0.105789 9.35736 50.1838 8.55659 44.3709 52.9559 126.321 147.118 77.0726 140.192 23.5108 23.5249 26.9684 41.6779 21.6889 52.2518 112.21 40.8579 93.242 0 3.12938 27.3093 46.907 57.5113 62.2268 39.7806 0.0583938 
3.34628 17.4503 0.0102623 1.70349 30.4099 0.524979 6.02493 26.1712 21.2867 2.65145 13.1984 3.72799 3.95523 10.8362 10.791 0.134615 20.0173 4.26202 1.50992 5.95479 19.0202 0 14.1133 7.11238 14.6678 5.57697 8.1134 0.702557 
46.9754 0.33975 9.87114 10.0473 17.2154 16.1166 68.1326 44.4743 5.29208 49.911 130.219 4.06687 56.491 1.18441 5.92057 12.3853 17.3323 44.7256 0.00474026 2.68486 19.3827 0.244937 0 15.5918 12.4956 10.3059 0.129113 10.0876 
7.31254 17.8206 10.0405 25.7316 3.34452 6.17296 48.5841 137.306 1.18469 31.7891 9.9235 0.613643 13.4435 9.64787 23.7808 23.5445 1.57607 10.1024 8.3209 6.3405 15.2105 6.19246 1.15531 0 23.3292 0.0409444 18.2549 10.4014 
470.808 473.116 26.1511 403.658 8.95533 412.443 70.093 22.0802 510.31 70.6759 83.291 735.765 26.9697 13.6568 12.178 31.8875 417.962 4.81853 29.3103 4.75051 8.05869 71.7926 33.0901 29.3626 0 74.144 177.963 122.096 
3.54888 20.8343 4.66363 17.3779 53.2063 4.18601 95.5817 222.922 93.3605 28.8511 166.015 22.2005 54.9635 0.659446 29.2064 0.584518 13.8738 24.3896 24.2389 11.1699 60.5736 2.02165 10.3487 11.31 16.9544 0 33.4939 58.6122 
5.25627 4.60749 3.83451 12.3486 2.44778 17.489 59.7995 27.1217 45.5605 10.5443 26.0274 62.6395 15.1613 10.2104 12.1558 4.7133 9.71752 15.7428 10.9577 10.6614 20.9329 12.8311 0.840865 2.94892 22.2954 1.14559 0 1.69473 
24.4213 18.9474 0.452475 4.17638 3.0072 11.0775 32.2908 4.66865 52.1223 24.3127 2.31691 92.0544 30.4685 0.310262 2.60166 22.5993 3.015 21.5922 26.8348 1.19266 37.4389 8.80475 0.0287174 1.47279 40.3977 15.2264 62.0971 0 
