0 20.7447 27.5292 20.0942 269.284 137.464 45.7095 8.177 269.337 60.7868 87.1151 26.5949 107.456 32.9809 71.6937 15.5641 70.6516 158.902 101.389 161.77 11.7101 19.5068 7.89776 22.0852 52.5366 37.5093 2.67658 0.0310981 
252.702 0 18.7645 317.545 315.822 206.913 26.4041 282.437 172.161 0.763047 238.506 183.951 136.732 34.2601 21.2687 51.5112 93.6022 1.706 10.7857 1.06249 50.6739 9.95896 38.7705 6.68453 24.8028 22.2192 44.7803 13.9328 
40.3298 384.985 0 280.848 167.525 13.5183 170.772 0.0339069 0.0737511 68.4604 182.025 3.64142 10.3029 4.08635 20.9626 24.816 48.3128 0.354353 0.851009 21.7025 0.685149 7.3027 1.77128 15.6445 4.10382 6.10186 15.1884 13.9453 
308.86 317.808 268.104 0 20.7572 28.3605 193.07 329.469 14.165 0.0137302 121.138 119.5 70.926 18.167 36.628 38.6564 54.9655 115.087 60.0496 0.0791717 787.874 8.96644 5.83826 25.8078 8.8957 43.1624 15.9501 28.9952 
269.064 495.165 172.813 121.859 0 30.6648 151.347 172.024 217.852 320.257 252.863 163.545 130.89 59.3951 65.7058 55.2947 58.3699 133.809 81.249 80.3977 1.38511 56.8302 25.0295 6.23494 65.8579 63.2649 42.3429 40.8975 
122.344 209.102 66.5397 14.6095 30.0488 0 115.434 198.405 220.622 142.325 190.453 24.6985 169.951 1.12293 0.554827 0.948051 40.9919 43.5059 14.9469 16.7262 76.6161 6.59831 9.49692 3.16361 33.6103 25.0442 0.751456 12.434 
15.855 487.565 2.77652 132.891 323.257 258.313 0 0.221495 1298.23 58.4546 125.131 110.147 40.1799 12.5374 138.303 0.643971 109.867 118.113 90.145 88.6837 7.07129 13.6179 10.5109 71.6227 51.7648 27.0526 59.8071 42.1819 
27.6655 37.6792 10.7087 478.844 214.265 33.1311 410.22 0 540.123 56.3936 237.151 249.441 5.44672 32.2222 173.263 19.892 11.0862 67.5258 47.1151 113.741 82.8676 0.108245 77.1554 129.608 164.916 112.698 3.81201 39.0215 
57.8698 284.43 471.812 307.997 54.4152 217.252 3.31322 548.843 0 369.857 466.501 263.56 199.388 14.5526 56.5278 16.5046 46.9596 81.7152 57.3646 78.5685 108.283 55.1488 5.4136 27.8135 10.3968 90.0495 60.8163 3.16401 
20.0784 216.397 57.0008 88.375 331.7 225.363 425.629 161.735 120.763 0 12.6269 118.895 102.15 79.5526 22.3912 9.29033 1.59538 0.880315 121.886 32.2008 1.36083 57.7651 43.1686 29.2135 57.9885 76.3563 4.79366 17.9415 
1.97576 0.315324 129.48 61.716 147.501 29.9153 252.89 123.948 313.38 53.9434 0 72.5201 130.992 5.36582 12.8352 103.646 56.1438 138.742 129.146 8.45029 7.05705 36.6115 6.03189 1.64961 135.926 12.9885 13.1699 109.63 
25.2025 221.298 62.6544 251.944 115.875 89.3703 228.096 56.8173 402.634 239.206 142.198 0 158.018 44.7462 16.165 298.229 47.5795 144.503 30.0149 2.67382 60.6036 67.5799 61.0909 147.705 320.715 19.9517 8.33472 18.5407 
26.8445 143.832 21.9421 8.47964 26.8201 82.3742 48.0936 130.079 23.6015 165.281 7.90866 133.509 0 148.911 117.819 69.843 57.0924 8.60192 40.5057 24.2392 1.17834 66.0124 24.1041 54.5952 45.8621 3.19167 39.2996 22.0385 
47.446 12.8414 4.69783 21.9097 37.5469 21.3951 85.8631 116.303 32.1194 84.0965 22.2908 20.0755 28.4031 0 16.4553 12.0244 11.5505 11.9101 3.13801 0.27382 3.48511 6.69629 9.0786 0.00213767 2.10529 11.5568 3.42664 6.04041 
3.16369 36.1809 2.96505 0.478292 70.2077 2.15586 53.1808 62.1832 224.722 117.774 53.9087 228.745 83.1696 8.23973 0 0.0188905 0.042995 40.9379 0.000102229 0.0586492 41.9081 13.7307 16.3887 28.1132 2.07198 23.2938 3.53884 14.1747 
80.1451 83.1705 0.0325191 6.78471 25.443 27.255 2.2548 8.33929 145.017 13.3 228.304 493.048 68.4656 4.99161 80.5752 0 16.1288 11.2909 1.67435 4.6266 23.1165 0.494867 2.74792 18.0871 35.4042 15.0924 15.9906 20.8388 
107.334 156.217 25.551 27.6743 153.071 61.7269 0.74052 79.3976 84.6786 22.9575 95.6872 42.7473 0.233931 20.6625 24.7231 20.9697 0 125.25 182.284 22.3626 68.1428 16.1974 18.2186 20.8796 32.3162 0.0231927 19.5702 16.2925 
117.439 154.73 70.7149 4.37302 39.3595 0.258649 230.187 180.196 149.359 89.7447 75.042 151.777 31.0821 2.50277 34.1936 61.7123 10.1504 0 20.0419 30.1237 90.5469 6.21172 40.6609 9.04811 23.055 60.9877 4.81432 36.6219 
99.6684 167.604 45.0515 55.9165 3.73066 67.8879 117.972 108.768 126.427 108.208 127.139 55.4022 72.8979 19.484 35.0679 23.1908 116.839 148.713 0 15.6327 20.5792 0.801765 0.865392 12.6891 29.9883 17.2863 8.49649 21.9167 
98.2806 107.708 27.4155 28.7709 81.6068 11.6981 47.9314 26.6386 19.2445 40.0086 0.182089 46.5595 22.6703 0.945679 0.862285 9.24944 2.30705 7.34906 0.264764 0 21.3639 4.9594 3.3112 0.367371 0.0692083 0.541475 2.94211 7.7885 
24.6338 58.9063 31.2803 175.902 130.861 54.4549 140.309 205.497 157.975 2.39284 1.86382 110.386 45.5811 42.4698 49.3656 40.2944 27.0364 9.35198 4.24054 209.926 0 24.8908 29.8949 40.1394 32.0448 6.19648 43.5508 5.47043 
8.71494 6.42642 0.272614 1.21496 2.55003 20.4451 58.8265 2.24521 0.133477 38.5268 78.67 36.8417 74.3268 10.693 0.121079 11.1546 8.17845 16.7856 0.151344 5.54358 32.7876 0 13.7588 1.01986 13.4035 2.36552 7.34896 0.0192074 
29.011 40.9818 2.44336 6.99297 55.8359 1.75981 30.5656 82.2315 2.50956 16.8953 12.2612 112.353 0.332508 9.66997 18.7309 9.47422 18.2348 45.0542 0.00193068 2.94915 16.5371 0.429635 0 0.0654357 2.17316 5.62881 13.4649 4.57268 
57.0027 18.2442 1.69692 12.7849 40.205 11.8941 41.0752 0.201877 27.1464 60.1558 52.1567 156.276 10.9497 1.90106 5.03595 2.78589 0.628391 19.1032 6.69412 5.68608 0.0539881 0.595231 9.70164 0 29.688 8.53215 7.78365 2.19949 
13.7101 11.2688 15.3157 29.5256 25.191 28.2077 17.2201 3.30499 132.594 33.1555 115.796 239.913 10.4771 12.6256 3.28626 57.2855 31.3773 32.5079 30.3152 13.3282 57.813 34.5361 13.4479 39.6471 0 95.035 167.043 73.5816 
41.7615 81.6391 12.7606 30.8672 27.4083 0.77816 88.9533 232.685 89.9502 29.4922 106.205 295.398 2.87278 3.40242 20.4881 7.85343 15.3302 61.6497 29.9417 5.66482 9.77735 5.14959 3.94083 16.3614 0.0729795 0 27.1376 62.3745 
0.180711 10.3881 0.264013 0.952351 0.138241 20.016 51.1312 96.2035 77.9044 32.2394 28.1619 87.2366 21.4537 4.15643 1.0268 17.5233 22.421 34.2289 23.7836 10.8162 29.4576 12.8123 13.3417 14.5434 14.4523 17.3186 0 30.8964 
59.5162 63.7837 22.0025 32.44 1.61154 21.4469 30.5866 30.6648 11.9386 21.2078 52.3271 148.659 13.3887 11.4075 3.24843 18.8354 15.3641 23.7729 24.0849 2.91837 19.2087 10.4055 6.85032 11.3465 40.1427 23.5959 19.6509 0 
