0 321.027 99.9246 16.1781 55.9005 74.6442 264.462 300.048 240.813 152.691 167.409 209.403 0.340587 38.6817 12.9171 8.24619 106.918 196.673 111.851 22.15 151.593 14.0146 38.0699 26.3445 61.7517 5.28722 14.3655 48.2143 
561.592 0 473.289 111.778 528.97 55.8265 58.3976 238.261 13.6654 98.8111 89.0559 145.268 133.568 8.66383 22.0875 14.1552 8.12315 132.087 87.2457 3.77897 3.90364 0.923726 0.0812428 36.8822 43.5234 79.264 34.426 13.1508 
82.6108 27.36 0 34.1147 38.2168 43.2835 186.885 261.219 126.855 25.3482 173.422 8.04859 42.9966 3.61213 16.566 7.6082 55.6605 90.5186 1.07434 6.64865 36.5915 5.08018 9.73712 1.92863 13.1962 0.0623236 3.55619 9.00323 
345.567 108.916 312.615 0 13.2433 17.6601 28.0859 583.783 1.26579 96.1909 48.1734 98.799 22.6328 21.0239 37.7765 33.4177 35.0103 96.5565 31.3805 0.359807 640.833 8.90943 12.8125 23.6365 3.61911 2.49822 25.4067 1.80892 
64.6293 410.954 149.547 110.627 0 419.532 304.459 161.231 341.601 41.8104 73.22 110.031 109.534 0.0630336 75.5975 50.7333 140.951 3.14764 76.2348 64.8089 96.5877 37.7484 2.91829 12.4874 23.3174 4.72562 45.8454 15.3877 
36.5276 19.3017 55.3987 6.08615 484.971 0 11.8836 49.3697 140.256 215.985 193.754 145.762 386.441 4.65179 25.109 6.90484 58.2555 31.2716 55.7928 24.1878 15.2122 11.151 11.4388 15.9508 8.93005 27.2406 0.420737 2.09765 
245.529 483.078 0.287898 181.378 422.67 166.279 0 255.208 483.008 342.679 22.394 127.146 11.0418 12.1597 124.92 64.8526 36.5004 234.433 97.9512 94.1252 25.5828 62.9298 70.5056 5.91997 87.933 8.8032 48.0711 36.029 
200.649 98.3257 229.6 117.235 21.9959 207.669 141.355 0 57.2429 76.9113 181.502 982.834 49.5293 125.837 176.624 255.766 96.2483 123.22 49.299 116.728 207.824 21.1166 96.8512 15.0076 48.4166 93.6788 66.1428 7.67454 
10.4289 379.984 363.158 261.55 72.5051 143.347 980.052 63.8029 0 1.99195 1386.28 402.734 37.6899 100.277 252.908 43.2069 67.8452 16.5024 90.782 102.804 141.241 66.675 24.6993 80.4564 5.19391 74.3795 66.0529 60.3081 
20.7396 202.51 97.6277 0.980406 15.5785 471.342 488.601 153.603 312.241 0 19.3686 192.766 4.52616 11.6465 107.598 91.5629 84.1267 6.00206 38.8462 37.8824 97.3561 29.5448 60.1667 60.2159 69.7047 75.6889 2.22304 32.3432 
23.3163 81.7131 119.712 135.879 257.748 145.567 394.621 290.464 721.789 0.283278 0 216.6 142.522 0.902724 0.0013135 156.319 0.000673174 163.886 54.9026 82.5666 141.345 68.9496 127.069 89.751 35.6204 4.22522 85.356 90.2289 
195.059 71.4868 126.799 257.51 166.847 51.9638 241.197 332.113 262.268 191.587 27.3402 0 145.388 95.677 148.55 58.0631 7.15873 0.572126 99.9015 43.0701 133.998 1.89238 20.0343 6.61199 166.853 144.118 3.16028 3.24411 
97.476 145.597 0.604521 72.5939 94.471 104.53 91.7394 22.8827 204.272 31.3477 12.4146 159.407 0 38.6022 88.3619 44.061 21.6552 106.024 64.9192 1.5892 3.94682 17.657 2.1042 62.797 1.42691 53.8556 38.9513 4.52383 
21.913 28.4472 5.21229 6.05807 57.2484 18.4559 21.9918 59.0362 40.8638 1.79207 11.5647 64.1936 22.633 0 5.65836 0.856939 13.8707 47.4962 2.22532 1.41431 2.30114 3.12499 6.59126 8.9401 2.49583 6.71623 10.1996 6.24773 
68.1701 37.1336 28.83 5.08842 79.462 20.386 29.2715 3.90336 91.9075 19.1056 15.3967 1.73617 116.263 54.7211 0 14.904 2.37247 13.1906 33.4023 5.27105 0.0226807 14.8202 8.50928 0.914877 30.3945 29.8782 9.58808 1.65907 
80.252 75.4173 15.4242 38.0176 18.5369 25.1088 41.5272 246.816 92.7953 56.2298 211.571 394.976 0.365389 0.511787 47.2518 0 18.7548 61.6344 18.7496 3.13311 45.8183 11.9397 1.00101 15.8666 25.1662 3.11114 0.0677381 20.1742 
40.2728 26.6031 6.99636 9.44546 28.7126 43.6858 63.0976 0.364068 40.1402 48.3125 41.3353 4.73961 17.322 19.2945 29.0368 22.9986 0 113.684 130.284 28.5064 51.9343 3.97085 11.0137 16.4833 25.784 0.0259702 17.8321 4.52444 
160.691 146.336 0.917599 133.263 197.784 99.9016 150.476 154.4 195.804 71.3912 0.79734 13.4011 95.7102 35.6553 50.6194 12.536 251.981 0 145.943 57.0513 46.3787 17.641 43.5736 20.6436 54.7292 29.9884 0.0936381 31.8188 
110.806 70.6434 56.4175 23.4188 202.611 25.7759 16.5394 0.901077 147.242 14.4021 38.2442 5.44134 30.5446 3.55149 0.191357 29.9475 66.4247 55.1723 0 12.9102 64.6591 2.14099 0.40887 12.2455 30.8719 27.2848 22.2023 25.8536 
42.1167 132.376 0.404538 26.5812 66.3838 22.4245 64.0674 6.77594 0.860755 29.9124 86.2068 95.8835 1.04964 0.0773608 3.0043 1.57902 16.7668 28.4431 35.879 0 36.5316 1.39347 3.3575 2.5403 6.45824 11.6418 5.74514 10.1914 
175.056 1.72394 1.84406 36.2307 15.3343 51.0475 66.9362 100.269 128.506 83.182 132.711 36.604 19.2724 24.1165 37.7211 16.8007 55.7595 105.452 45.6263 235.392 0 4.00233 25.1247 45.7789 55.2743 60.7061 41.0872 0.473842 
4.60949 20.4729 0.0110785 1.18556 34.1833 0.132603 3.57663 30.4764 25.7262 0.845404 9.05482 6.52382 10.4455 10.4931 9.15043 0.00452226 19.5425 5.60828 0.936543 6.08754 20.3964 0 15.0713 8.80696 12.3628 6.23892 7.42407 0.460157 
47.0048 0.00117132 8.9489 11.6259 13.6086 16.3975 70.7253 55.1858 1.57187 44.8324 122.104 0.306658 42.6359 4.28273 10.9869 11.6295 17.8206 44.1378 0.114579 2.89559 21.6787 0.026632 0 6.90534 8.87032 10.3983 0.00366636 9.9241 
4.53455 22.2401 8.66594 24.5117 1.73655 7.64474 54.3055 138.525 0.00734224 37.5965 20.5466 3.16773 20.1837 10.3423 19.1718 28.6166 1.08665 7.85964 7.09613 6.27716 18.2304 7.90122 0.770708 0 13.3357 0.096001 17.2238 9.23002 
74.7206 79.4728 24.3462 5.18295 12.6279 19.968 61.7532 47.9822 104.751 68.4346 63.8829 232.397 31.3102 12.1332 16.228 1.53795 24.0987 2.90318 28.4354 3.86166 5.28256 9.69677 30.9286 51.315 0 71.8038 140.164 34.4428 
7.60006 28.122 2.5029 11.6066 48.0217 2.37293 98.765 234.252 74.4822 20.8395 159.658 133.418 54.0606 0.154995 30.7046 0.204168 15.3762 20.1747 22.6327 10.6343 58.25 1.52929 10.1134 9.27929 11.4429 0 36.5039 45.243 
7.29264 2.98248 4.90793 14.3451 1.44098 16.5946 58.6821 35.4926 39.8876 8.10704 32.3235 75.5624 17.2177 10.6165 13.6 6.22703 10.6202 17.8467 12.0258 10.8304 23.2593 12.8183 0.38987 4.46824 12.4352 0.0195634 0 18.5574 
20.0418 14.8749 0.079934 6.42176 4.81756 9.37009 38.2708 12.6859 43.0464 28.9058 6.56993 119.864 33.0476 0.702926 1.33048 21.7722 3.79403 18.7479 26.6915 0.807772 40.1758 9.1821 0.0036949 0.803247 41.3938 3.25946 32.1776 0 
