0 938.975 49.0976 431.599 21.8366 514.975 266.525 308.147 680.42 156.447 181.287 223.106 2.1789 34.8374 18.2353 14.2153 527.826 164.388 105.649 115.949 190.818 16.069 40.4182 30.9507 487.439 9.98608 17.2406 51.7126 
977.168 0 357.987 628.996 445.366 532.231 208.059 194.692 487.27 141.773 129.485 117.013 141.915 4.91194 13.862 21.1314 439.3 172.273 62.2356 15.213 12.8113 0.277817 0.693305 41.4379 457.51 75.0673 31.2828 17.0711 
35.1546 225.773 0 60.6314 73.4105 29.3077 121.342 215.418 6.06343 41.7175 214.491 25.84 35.5725 5.22083 21.271 4.89058 55.1813 118.385 3.68253 3.71677 20.4102 4.37047 8.80164 2.94025 10.306 0.135853 2.61728 10.8379 
734.314 626.145 68.8043 0 31.2748 429.881 61.8437 1311.94 450.392 103.086 22.1484 155.192 28.9006 22.1442 35.4072 38.1984 460.827 115.422 37.6059 3.00816 314.902 7.98167 14.2727 25.116 427.319 6.06504 24.2091 3.45419 
27.8925 236.645 175.549 133.792 0 388.259 397.757 134.218 355.476 4.58108 110.596 127.646 86.2661 0.246169 66.7226 56.803 127.621 16.5306 21.5365 54.3917 85.5739 34.0726 4.96844 15.8888 18.6688 7.99285 44.4239 12.3012 
476.447 422.145 63.7317 422.692 434.116 0 919.057 20.1209 433.131 789.274 129.743 155.245 554.544 6.85419 18.9641 9.81838 478.232 46.2018 41.7171 23.6004 21.0308 12.771 12.7073 16.813 432.118 27.7622 0.843945 3.19026 
264.652 343.115 22.9541 199.819 430.446 267.485 0 340.373 1271.82 156.508 2.04062 82.3313 31.3448 21.0642 137.026 76.8536 46.4581 228.742 76.9903 94.6651 15.6957 62.7316 67.7935 9.87029 83.3441 3.45967 44.7332 30.0748 
251.13 147.264 168.16 322.137 8.0277 186.334 59.5034 0 1.44086 47.9459 253.01 550.149 36.6406 121.738 158.418 223.998 98.453 104.904 39.612 113.187 203.272 25.2596 91.1218 28.9205 22.4005 46.7114 57.3415 17.2243 
452.83 733.73 470.698 596.417 24.1263 434.182 109.586 0.574921 0 12.1809 1272.94 379.503 19.0807 81.7704 258.43 24.4416 479.203 33.955 107.705 97.6654 158.11 64.4115 16.1414 71.8996 432.788 55.2728 61.514 51.2902 
35.4146 166.089 83.0383 5.44985 0.236307 296.622 493.528 181.636 370.843 0 176.68 157.24 9.11296 20.8764 84.612 90.827 83.1771 1.34219 25.3485 42.3162 98.9417 35.1432 58.4845 58.8774 71.2772 73.1134 3.69729 36.8489 
40.1665 46.7293 171.061 166.263 260.757 207.736 473.118 342.032 868.634 97.3158 0 91.3234 100.972 16.7154 57.331 198.322 0.4376 169.081 67.1212 85.0322 134.243 64.6726 132.652 104.13 20.4196 0.0011402 83.5548 98.0463 
169.847 46.2599 154.53 235.197 155.616 32.4774 202.918 4.7519 335.36 220.406 119.783 0 153.263 122.541 80.101 272.596 4.37331 3.34544 98.201 34.1411 119.207 0.540855 33.4819 25.3446 259.008 27.6282 8.6435 15.1881 
102.632 139.29 2.68545 71.05 117.429 89.5486 58.3537 34.0421 196.627 0.276566 0.86764 157.115 0 77.4625 68.9702 33.0956 17.7501 104.782 70.9229 0.687526 6.29525 28.3064 3.26217e-05 66.9393 3.11273 52.1529 39.2369 2.9661 
17.9276 22.2808 3.60454 8.10881 61.743 16.4357 12.9084 43.0326 23.4513 6.72752 40.9645 92.4436 2.6068 0 32.9768 4.04858 12.72 49.6081 3.31536 1.68749 3.73199 2.05342 9.1723 7.2468 3.94096 5.1929 10.6077 7.23274 
64.863 27.1407 24.9937 8.60239 71.1733 14.3239 49.7712 0.142891 135.184 40.2764 121.77 29.8054 119.297 60.3877 0 1.35257 3.42327 17.6896 35.2238 6.08473 0.500883 15.9068 13.8565 3.81043 31.3151 30.897 11.0991 3.03948 
80.3499 80.0909 18.3523 33.1797 13.0464 23.0852 54.3996 204.273 113.958 43.2403 175.81 495.381 3.22423 0.191752 85.5649 0 20.0554 61.638 20.7024 3.86768 50.3274 11.7722 2.51856 24.0272 20.2381 8.26757 0.0154765 18.1702 
471.23 434.574 11.2313 426.894 14.8028 469.091 52.8395 0.0165759 470.118 41.1437 34.7541 2.5127 21.202 20.0293 29.6003 23.9002 0 183.305 255.115 26.5466 48.1199 4.72961 11.8872 17.284 447.408 0.201394 18.5421 5.431 
123.333 238.754 10.3171 118.902 168.205 111.267 182.52 166.448 176.055 87.1258 4.72489 21.862 90.265 38.9995 45.6588 9.06595 283.673 0 150.065 48.0842 56.6841 15.5891 44.3565 23.5203 56.6745 25.6207 0.00034004 28.958 
104.147 95.8676 59.6422 29.6009 126.571 39.3142 31.583 0.000656701 153.128 6.05473 49.8404 9.2769 37.8206 2.42403 0.00116816 29.2239 104.238 37.4606 0 15.7161 67.4511 1.45272 0.137668 13.5529 30.8488 28.3774 21.5555 25.2746 
102.787 140.742 0.0069603 18.6342 56.0717 20.9118 73.5947 1.9136 3.96186 34.7544 84.7643 96.7274 0.34906 0.0211287 3.7399 1.05646 19.2569 20.2529 36.4335 0 164.358 1.63621 3.17506 2.93538 7.41829 11.9137 5.18979 10.5959 
209.867 8.59384 0.140775 123.981 23.7625 57.328 81.1142 74.4516 108.099 88.4763 123.331 51.6738 15.3146 21.2381 33.5794 12.3301 58.927 97.4481 50.2295 326.884 0 4.96619 22.8733 44.2701 52.4969 58.4322 42.1846 1.28228 
6.0453 23.5749 0.0970008 0.755482 37.8552 1.83416e-06 1.73584 34.8352 30.3325 0.0411371 5.60742 10.0088 19.4951 9.87978 7.49642 0.05425 18.9977 7.10786 0.495601 6.19719 21.7435 0 15.1875 10.3991 10.1521 6.88803 6.72259 0.267053 
46.6096 0.26486 7.95091 13.1535 10.3027 16.4288 72.1446 65.7163 0.037315 39.1548 109.834 0.843782 29.0574 7.67094 16.3525 10.1913 18.2375 43.2651 0.368538 3.09627 23.9532 0.666932 0 0.683511 5.55767 10.295 0.0569408 9.65936 
2.37528 26.8628 7.26478 22.8362 0.640611 9.15499 59.4507 134.433 0.842572 43.1265 34.1021 18.3224 27.6831 10.2309 13.7908 28.6289 0.683979 5.84959 5.92985 6.16497 21.3508 9.56062 7.13009 0 5.9546 0.66775 15.8872 7.99844 
493.216 500.438 22.1035 423.481 16.7685 443.115 52.7682 79.9111 512.814 64.9064 45.1204 933.991 35.5702 10.4223 20.2423 48.6944 445.912 1.45268 27.3879 3.03164 3.04686 53.6395 27.1339 75.2531 0 84.6147 81.8014 13.8647 
12.9704 35.912 0.965508 6.65457 42.5024 1.03809 99.3901 222.925 55.3733 13.6993 145.779 280.811 52.4632 0.000906675 30.7896 2.71548 16.858 16.1763 20.9151 9.99395 55.2366 1.09566 9.69311 7.19039 7.04851 0 37.9123 27.6912 
9.5997 1.69387 6.0655 16.3301 0.693747 15.6037 57.0813 44.3413 34.2138 5.93174 38.8764 87.7764 19.3017 10.9342 14.9594 7.84122 11.5268 19.9939 13.095 10.9454 25.5734 12.7282 0.107362 6.19552 4.76227 0.630138 0 46.9932 
15.8953 11.1617 0.0119186 9.01621 7.00602 7.70968 44.211 24.0864 34.1949 33.4933 12.8026 144.383 35.4592 1.24104 0.465962 20.3363 4.64462 15.9923 26.4118 0.493138 42.6842 9.51938 0.0845159 0.32734 40.4688 0.189036 8.18475 0 
