0 837.969 40.2928 315.24 16.7288 391.826 264.79 307.195 555.863 156.635 183.524 224.872 2.73411 34.0433 19.3735 15.5642 400.795 157.237 104.137 139.016 197.776 16.4861 40.8525 31.8695 361.498 11.0795 17.8319 52.358 
828.266 0 313.452 520.294 416.802 417.248 243.491 185.153 375.154 150.224 137.745 111.259 143.207 4.27866 12.405 22.6419 315.056 27.9434 57.4134 18.3182 15.1656 0.1936 0.886884 42.3232 329.342 74.0751 30.6461 17.8956 
27.4974 274.787 0 100.125 81.0787 26.5184 107.708 203.488 0.352088 45.2314 220.763 30.4347 34.0833 5.56317 22.184 4.39974 54.9439 123.502 4.37996 3.21492 17.6186 4.23136 8.60504 3.1625 9.74387 0.24195 2.44394 11.2074 
590.521 517.583 116.644 0 35.6012 301.67 69.5762 1292.93 334.74 104.064 17.9819 166.235 30.1903 22.3227 34.823 38.985 334.982 118.811 38.8288 3.82823 10.0239 7.7964 14.5513 25.3559 301.204 6.93805 23.9425 3.83952 
22.1387 200.703 179.205 137.833 0 370.992 410.404 128.577 354.702 1.56598 118.399 130.997 81.5853 0.416447 64.8264 57.9478 124.506 20.3807 14.2669 52.2483 83.2829 33.3234 5.43743 16.5999 17.7761 8.73628 44.1123 11.7135 
353.651 295.192 64.7837 295.471 387.019 0 775.576 15.6445 297.476 492.079 116.653 156.453 184.524 7.32443 17.7384 10.4312 351.123 49.3502 38.8987 23.4259 22.2676 13.0886 12.9457 16.9597 305.803 27.7979 0.945351 3.43193 
266.434 308.35 31.4595 201.637 423.817 421.238 0 354.345 1306.3 122.545 7.09023 73.993 36.4594 23.0619 138.654 79.0906 48.4966 226.349 72.7651 94.4822 13.9694 62.6098 67.1186 10.7626 82.2362 2.67396 44.0342 28.9003 
259.814 157.231 154.434 324.36 6.02885 180.604 46.5013 0 8.82179 42.7249 266.454 440.058 34.2135 120.435 153.747 214.388 98.77 101.14 37.7313 112.128 201.59 26.1073 89.7548 32.1147 18.2149 38.6982 55.5442 19.5293 
331.67 590.112 473.079 451.186 17.3179 297.978 26.5795 6.40237 0 19.8377 1114.19 370.919 16.0294 77.8577 269.816 21.1923 350.493 38.066 110.929 96.3994 161.111 63.8934 14.604 70.0714 307.696 51.5475 60.5501 49.471 
38.6917 157.961 79.76 6.75609 1.89827 240.104 477.886 186.613 377.625 0 221.063 149.6 16.258 22.9466 79.5808 90.2367 82.8421 0.80669 22.8967 43.1559 99.1158 36.2502 58.0054 58.4779 71.4248 72.3823 4.03327 37.7284 
43.9511 40.6264 180.472 171.538 259.942 218.643 480.764 349.751 860.161 134.443 0 71.0353 92.8576 22.0659 80.6507 204.944 0.637935 169.735 69.568 85.3844 132.58 63.7443 133.182 106.717 17.7954 0.138633 83.0769 99.4088 
164.227 41.6838 159.324 228.143 153.014 28.9729 194.339 1.58242 347.539 225.069 144.121 0 154.473 127.462 67.6412 319.771 3.89376 4.17046 97.734 32.406 116.053 0.368198 36.4485 30.3423 243.401 14.3195 10.0408 18.5409 
103.498 137.644 3.27333 70.605 121.837 75.4493 52.209 36.465 194.28 0.257064 0.16631 156.257 0 85.6081 64.8827 30.953 16.9971 104.381 72.0272 0.551124 6.82485 30.6127 0.0888643 67.5792 3.52342 51.7332 39.2675 2.69101 
17.153 21.0937 3.30797 8.53695 62.5449 15.9938 11.3329 39.96 20.4241 8.06228 48.5538 98.0714 0.932854 0 39.2073 4.90632 12.4872 49.9811 3.55592 1.74352 4.05587 1.85928 9.44044 6.85995 4.25801 4.89433 10.679 7.42648 
64.0845 25.2502 24.142 9.38676 69.3702 13.1638 54.2129 0.721899 143.666 45.0947 151.181 39.1036 119.056 57.7863 0 4.7299 3.65362 18.6426 35.5451 6.24752 0.670424 16.0947 14.9308 4.59405 31.374 30.9298 11.3992 3.35829 
80.1451 80.8435 18.8981 32.0694 12.0381 22.6158 56.981 193.041 117.844 40.634 166.917 488.908 4.12408 0.445518 88.6396 0 20.3051 61.5573 21.0826 4.01812 51.1689 11.7175 2.88592 25.3303 19.2199 9.50855 0.0405272 17.7175 
346.479 305.677 12.1697 299.503 12.5063 343.119 50.7853 0.0757409 345.179 39.7064 33.4648 2.14885 22.0032 20.1643 29.6886 24.064 0 196.621 315.528 26.1287 47.3287 4.88712 12.0597 17.4369 320.747 0.256199 18.6785 5.6195 
115.671 243.295 13.3428 115.518 161.636 113.16 188.299 168.475 171.553 90.2186 5.89366 23.7618 89.0625 39.6432 44.6297 8.42715 286.17 0 150.306 46.2556 58.7724 15.1847 44.4788 24.0981 57.009 24.7571 0.00694672 28.3795 
102.552 100.882 60.1105 30.8537 111.472 42.1352 35.037 0.0253994 153.842 4.78936 52.2369 10.1541 39.3009 2.22172 0.0165254 29.049 110.461 34.1791 0 16.2871 67.9444 1.33003 0.100612 13.8126 30.8195 28.5725 21.4173 25.144 
116.033 141.477 0.0517899 17.0891 53.9391 20.5643 75.3542 1.29205 4.84333 35.7036 84.3322 96.6897 0.253708 0.0140944 3.89242 0.962911 19.7508 18.7276 36.4908 0 193.611 1.68632 3.13689 3.01506 7.60972 11.9521 5.07891 10.6687 
215.635 10.5671 0.521406 129.18 25.623 58.5187 83.9253 69.4614 103.894 89.4256 121.253 54.8709 14.5637 20.6634 32.7366 11.4975 59.5152 95.7173 51.1231 331.812 0 5.16926 22.4176 43.9249 51.8816 57.8919 42.3779 1.49012 
6.3518 24.2008 0.12432 0.680491 38.5716 0.00507145 1.44435 35.707 31.2666 0.00349193 5.00877 10.7821 21.5561 9.72733 7.16921 0.0857365 18.8807 7.42487 0.423768 6.21627 22.0085 0 15.1068 10.6969 9.73016 7.01544 6.58158 0.234533 
46.4801 0.389595 7.74467 13.4492 9.68377 16.4049 72.2827 67.7595 0.000383936 37.9676 106.957 1.46884 26.4878 8.2183 17.3748 9.83646 18.312 43.0573 0.436373 3.13498 24.4029 0.893312 0 0.190944 4.96227 10.2511 0.0890041 9.5947 
2.02274 27.8023 6.9853 22.452 0.484912 9.45788 60.396 132.998 1.24958 44.1806 37.0884 22.7079 29.241 10.1111 12.6928 27.9891 0.614195 5.47808 5.70486 6.13682 21.9821 9.8779 8.87673 0 4.97091 0.841511 15.5877 7.74815 
365.807 373.519 21.6106 296.303 17.6449 316.747 50.9258 86.6807 383.256 64.0577 41.5638 990.911 36.4035 10.0649 21.0168 55.189 319.291 1.2207 27.1588 2.87413 2.66907 68.8036 26.2151 77.2363 0 107.458 156.508 1.7195 
14.1843 37.5052 0.740981 5.79724 41.3712 0.833778 99.2029 218.059 51.6465 12.4083 142.21 307.398 52.0637 0.0132266 30.634 3.53379 17.1503 15.4098 20.5605 9.85456 54.5577 1.01658 9.58814 6.77718 6.34264 0 37.9877 24.156 
10.0907 1.47815 6.30536 16.7221 0.576238 15.3952 56.7055 46.1434 33.0891 5.53138 40.2042 90.0829 19.7198 10.9866 15.2183 8.17171 11.7081 20.4268 13.3083 10.9618 26.0325 12.701 0.0718202 6.55994 3.63002 0.95852 0 53.0641 
15.1021 10.469 0.0351742 9.56929 7.48612 7.38655 45.3803 26.714 32.4778 34.3995 14.2656 148.659 35.9181 1.36487 0.345147 19.9829 4.8227 15.4551 26.3398 0.439056 43.1549 9.58172 0.113273 0.256764 40.0566 0.782184 5.06989 0 
