0 693.019 32.1691 164.79 12.2613 230.982 262.351 305.388 393.198 156.633 185.568 226.298 3.3505 33.2427 20.5331 16.9588 236.104 149.923 102.541 157.915 204.353 16.9048 41.2742 32.7853 197.94 12.2202 18.4277 52.9838 
635.662 0 265.611 372.936 385.387 264.651 279.288 175.438 226.561 158.528 145.99 105.507 144.367 3.68646 11.0175 24.1852 153.382 152.935 52.6906 21.6657 17.6987 0.124504 1.10382 43.1977 163.602 73.035 30.0076 18.732 
20.6554 322.159 0 144.144 88.8364 23.7782 94.2807 190.898 1.63846 48.7932 226.264 35.3279 32.5985 5.91087 23.081 3.92951 54.6601 128.405 5.13285 2.745 15.0014 4.09338 8.40582 3.39074 9.18936 0.378118 2.27571 11.5767 
406.349 370.408 134.174 0 40.1263 136.001 77.521 1194.17 183.068 104.902 14.2113 177 31.4881 22.4853 34.2048 39.7079 171.544 122.043 40.0398 4.73758 293.649 7.61143 14.8247 25.5761 137.546 7.85839 23.6673 4.24244 
16.9958 165.99 182.28 141.632 0 359.171 420.609 122.89 352.739 0.129192 126.246 134.279 76.9255 0.630876 62.8979 59.066 121.259 24.5917 8.43102 50.0953 80.9691 32.5707 5.92535 17.32 16.8976 9.50789 43.7919 11.1365 
193.306 131.842 65.6097 130.82 594.213 0 771.684 11.692 130.788 984.098 103.749 157.419 138.159 7.80233 16.5237 11.0508 186.393 52.533 36.1056 23.2331 23.5252 13.4033 13.1784 17.0973 141.914 27.8104 1.05221 3.68082 
267.503 272.747 41.086 202.793 414.576 578.159 0 366.982 1281.91 91.5374 15.1212 65.949 41.8785 25.1209 140 81.26 50.5442 223.555 68.557 94.2028 12.3337 62.4609 66.4016 11.6865 81.0688 1.98693 43.3258 27.7341 
267.906 167.151 140.544 328.781 4.30893 174.457 34.9199 0 22.3333 37.7373 279.417 333.392 31.8455 118.98 148.782 203.9 99.045 97.3583 35.8748 110.957 199.661 26.9602 88.3195 35.4242 14.4209 31.3014 53.7402 21.9532 
173.325 408.111 468.454 268.491 11.5883 130.725 0.0751491 18.4059 0 29.2321 973.915 361.143 13.2231 73.8993 254.886 18.1397 184.205 42.36 114.084 95.0588 163.973 63.3544 13.1312 68.211 145.138 47.8796 59.5693 47.6521 
42.0645 149.646 76.3912 8.19208 5.13536 182.348 457.232 191.339 382.563 0 267.429 141.853 25.3255 25.077 74.4732 89.5021 82.4594 0.406243 20.5422 43.9776 99.2416 37.3494 57.4805 58.0356 71.5161 71.5822 4.38243 38.5986 
47.855 34.8787 189.421 176.485 258.658 228.793 485.42 356.483 857.33 175.672 0 52.9324 84.8905 28.0626 106.852 210.837 0.875657 170.258 72.0074 85.6885 130.841 62.7936 133.511 109.192 15.3279 0.605332 82.5609 100.699 
158.453 37.2938 163.812 220.337 150.304 25.6259 185.536 21.9149 358.691 229.318 169.798 0 155.554 132.177 55.9099 364.233 3.44083 5.08349 97.2255 30.6938 112.846 0.228517 39.4893 35.6969 237.37 5.24525 11.5326 22.185 
104.307 135.877 3.9164 70.1158 126.155 59.7353 46.3035 38.9433 191.675 2.36637 0.0135241 155.269 0 93.6727 60.7703 28.8411 16.2547 103.93 73.0964 0.429616 7.37374 32.962 0.348318 68.1528 3.95774 51.2882 39.2892 2.42849 
16.3877 19.9257 3.02111 8.96963 63.3118 15.5413 9.84711 36.9496 17.5743 9.50403 56.5872 103.63 0.0989274 0 45.0964 5.81677 12.2537 50.3369 3.80363 1.79995 4.39182 1.67289 9.60756 6.46257 4.58299 4.59935 10.7466 7.61861 
63.2692 23.4043 23.2682 10.1944 67.5264 12.0307 58.7257 1.74308 151.954 50.0432 181.826 49.4306 118.532 54.0715 0 9.99213 3.89042 19.6113 35.8514 6.41004 0.864309 16.2721 15.9882 5.43562 31.3905 30.9047 11.698 3.69025 
79.8661 81.5322 19.4274 30.9206 11.0628 22.1272 59.5498 181.154 121.581 38.0447 157.602 473.344 5.12823 0.801384 89.6548 0 20.5512 61.4496 21.4586 4.16938 51.988 11.6559 3.2704 26.474 18.2027 10.7996 0.077378 17.2499 
184.152 139.375 13.1348 134.567 10.3879 179.537 48.7368 0.177772 182.668 38.272 32.1869 1.8128 22.8115 20.2952 29.7687 24.2221 0 209.429 115 25.7029 46.5291 5.0464 12.2314 17.5872 156.502 0.317516 18.8129 5.81021 
108.02 253.017 16.7186 111.989 154.903 114.914 193.818 170.366 166.892 93.2798 7.1864 25.7256 87.8247 40.2773 43.5906 7.80813 287.302 0 150.35 44.4228 60.8641 14.7827 44.5896 24.676 57.3246 23.8985 0.0219781 27.7995 
100.875 105.847 60.5173 32.1072 96.785 44.9683 38.6172 0.118536 154.398 3.66688 54.6512 11.0664 40.7855 2.02748 0.0496877 28.8644 116.721 31.0053 0 16.8601 68.4152 1.21248 0.069333 14.0715 30.782 28.7596 21.2762 25.0085 
129.226 141.887 0.138041 15.5748 51.7933 20.2031 77.0563 0.791108 5.80868 36.6438 83.8533 96.5832 0.173462 0.00847612 4.04647 0.87323 20.2424 17.2462 36.53 0 222.01 1.73691 3.0982 3.09483 7.80063 11.9851 4.96823 10.7387 
220.932 12.7303 1.14122 127.592 27.536 59.6842 86.7174 64.559 99.6671 90.3362 119.114 58.1169 13.8274 20.0899 31.8906 10.6878 60.0874 93.9475 52.0061 331.577 0 5.37562 21.9607 43.5657 51.2476 57.3242 42.5622 1.71306 
6.66443 24.8277 0.15498 0.609256 39.2807 0.020685 1.17907 36.5775 32.2033 0.00716765 4.44172 11.5794 23.6873 9.56569 6.84427 0.124335 18.7611 7.74734 0.357471 6.23438 22.272 0 14.992 10.9861 9.31664 7.14186 6.44049 0.204076 
46.334 0.538128 7.5368 13.741 9.0801 16.3709 72.3715 69.7731 0.0539674 36.7679 103.96 2.26359 23.9898 8.69143 18.3621 9.46325 18.3835 42.8387 0.509819 3.17318 24.8503 1.15038 0 0.00193248 4.39497 10.1995 0.128136 9.52626 
1.69763 28.7448 6.70691 22.0531 0.350696 9.7603 61.3106 131.366 1.73535 45.2136 40.1483 27.4931 30.8109 9.96024 11.6031 27.1502 0.548065 5.11727 5.48288 6.10679 22.6149 10.1886 10.6696 0 4.17897 1.03415 15.2786 7.49722 
200.774 208.974 21.1048 131.592 18.5355 152.791 49.075 93.5009 216.066 63.1644 38.0966 971.97 37.2285 9.70401 21.777 57.5265 155.086 1.00853 26.9236 2.71975 2.31519 74.7104 25.2526 77.8688 0 114.397 192.809 34.3504 
15.4402 39.1047 0.545432 4.99068 40.2335 0.651218 98.912 212.399 47.977 11.1694 138.406 331.528 51.6385 0.039938 30.4217 4.44541 17.4409 14.6558 20.2027 9.71166 53.8549 0.940168 9.47655 6.3679 5.70115 0 37.9931 20.7188 
10.5908 1.27674 6.54758 17.1116 0.469505 15.1836 56.3116 47.9507 31.9699 5.14325 41.5346 92.3337 20.1377 11.0352 15.4722 8.50378 11.8893 20.8603 13.5212 10.9759 26.4899 12.6707 0.0433681 6.92928 2.65645 1.35342 0 59.0217 
14.3227 9.79438 0.0706884 10.132 7.97965 7.0671 46.5405 29.4429 30.7836 35.3 15.7954 152.681 36.3684 1.49381 0.242192 19.6093 5.00328 14.9231 26.2624 0.387993 43.6146 9.64228 0.146179 0.194612 39.5725 1.77212 2.66587 0 
