0 581.312 20.2066 66.5881 6.22687 107.876 256.661 300.41 266.081 156.199 188.578 227.925 4.53085 31.8744 22.5403 19.4166 106.603 137.26 99.6574 177.183 214.524 17.6167 41.9584 34.3256 70.4459 14.2528 19.4456 53.997 
447.221 0 182.92 269.759 327.415 155.388 338.841 158.724 126.592 172.124 159.821 95.8165 146.023 2.78003 8.83547 26.8641 29.4853 587.813 44.9704 27.8393 22.3754 0.042124 1.52372 44.6513 32.5232 71.1705 28.9238 20.1725 
11.1277 392.946 0 216.642 102.021 19.3077 72.4755 168.446 19.5499 54.8902 233.697 44.2242 30.1024 6.50964 24.5546 3.18405 54.0755 136.142 6.52886 2.02634 10.9969 3.86264 8.06327 3.78983 8.27098 0.676194 2.00298 12.2003 
238.979 267.628 92.7909 0 48.1827 5.31676 91.3014 1171.51 78.8812 105.993 8.78156 194.354 33.6983 22.7237 33.0852 40.7788 44.3057 127.126 42.0563 6.46856 26.2254 7.29934 15.2749 25.9029 10.0482 9.51567 23.183 4.96274 
9.76179 111.867 186.101 147.47 0 350.147 431.968 113.206 346.748 1.32455 139.547 139.655 69.124 1.09362 59.5707 60.8936 115.492 32.4962 1.9857 46.4419 77.0108 31.2904 6.79261 18.5575 15.4453 10.8757 43.2302 10.1855 
71.3618 7.4428 66.4765 1.90737 788.967 0 1596.8 6.25817 13.0869 833.209 82.6686 158.5 25.9899 8.62575 14.5051 12.1117 56.9094 57.9733 31.4658 22.8658 25.6963 13.9282 13.5581 17.3093 13.9578 27.7788 1.2453 4.11785 
267.677 212.441 59.6015 203.224 393.329 795.075 0 385.013 1115.15 47.709 35.202 53.1037 51.6806 28.7312 141.618 84.7616 54.0219 217.942 61.5095 93.5116 9.77793 62.1474 65.0949 13.3186 78.9632 1.05287 42.107 25.783 
280.13 183.705 117.06 367.478 2.04622 163.202 18.839 0 58.3913 29.8746 300.038 174.202 27.9818 116.177 139.775 184.462 99.4139 90.9352 32.7942 108.726 195.843 28.4135 85.7419 41.258 8.94606 20.3487 50.678 26.3095 
55.5702 248.099 445.152 109.597 4.45262 12.0821 88.0593 52.0968 0 48.8159 1463.87 342.08 9.05414 67.1311 186.277 13.4519 52.1915 50.0138 119.247 92.6266 168.484 62.3957 10.7935 64.9977 19.67 41.8333 57.873 44.5818 
47.9684 135.267 70.5219 10.9066 14.1078 92.5633 412.215 198.721 386.587 0 347.228 128.588 44.7136 28.8004 65.7418 87.9371 81.7047 0.0381796 16.7963 45.3241 99.3445 39.1879 56.4902 57.1916 71.5417 70.0758 5.0028 40.0474 
54.7083 26.0217 203.323 184.044 255.429 243.986 486.336 365.516 854.067 251.924 0 27.8609 71.8403 39.5532 156.015 219.017 1.36248 170.843 76.11 86.0928 127.732 61.1362 133.608 113.104 11.5293 2.13929 81.6019 102.711 
148.383 30.3204 170.65 205.582 145.483 20.3496 170.234 106.75 375.005 235.517 215.456 0 157.09 139.626 38.0587 428.67 2.7358 6.82595 96.272 27.8547 107.313 0.067549 44.7803 45.4852 267.037 0.0691792 14.2649 28.9733 
105.541 132.619 5.12736 69.189 133.224 34.5416 36.9232 43.2535 186.697 10.6961 1.00537 153.305 0 106.892 53.8092 25.3531 15.0239 103.053 74.8218 0.258158 8.34552 37.0168 1.17303 68.9694 4.74539 50.4787 39.3058 2.0133 
15.1154 17.9968 2.55924 9.71039 64.5275 14.7543 7.54702 32.0195 13.1829 12.1746 71.0204 112.808 0.622124 0 53.6105 7.44919 11.8574 50.8992 4.23858 1.89623 4.98731 1.3762 9.6511 5.77313 5.14923 4.11013 10.8528 7.93954 
61.8087 20.3925 21.7467 11.6089 64.3226 10.1857 66.4723 4.46383 165.377 58.6305 234.487 68.9411 117.007 45.7005 0 22.4599 4.3054 21.2833 36.3346 6.6841 1.24742 16.5478 17.7173 6.97718 31.3219 30.7311 12.1997 4.2804 
79.2263 82.5492 20.2814 28.9005 9.49104 21.2591 63.8499 159.891 127.53 33.7254 141.084 428.095 7.05745 1.62466 86.5954 0 20.9586 61.2059 22.0848 4.4268 53.3204 11.5361 3.95456 27.9995 16.4976 13.0721 0.166477 16.4277 
58.8286 7.73834 14.8246 4.90548 7.22353 52.0204 45.2915 0.447795 57.0476 35.8556 30.0531 1.30799 24.1943 20.5071 29.8852 24.4765 0 229.607 79.0358 24.9656 45.1587 5.31995 12.5198 17.8357 27.9228 0.436054 19.0359 6.13793 
95.1872 289.78 23.1799 105.719 143.21 117.552 202.504 173.246 158.676 98.3726 9.65084 29.1878 85.6533 41.3276 41.8124 6.80707 286.082 0 149.974 41.3202 64.4053 14.1081 44.7504 25.6531 57.8155 22.4588 0.0665875 26.8157 
97.8615 114.084 61.0634 34.2246 73.2966 49.7593 44.934 0.43163 154.974 2.1005 58.7677 12.6876 43.3025 1.71753 0.146279 28.5299 128.157 25.9026 0 17.8327 69.1595 1.02536 0.029598 14.5072 30.7001 29.0574 21.0311 24.7685 
150.923 141.837 0.37759 13.1012 48.1445 19.5621 79.7964 0.22095 7.62865 38.211 82.9376 96.2464 0.0722254 0.00220236 4.31032 0.730549 21.0678 14.8467 36.5551 0 265.662 1.82358 3.0316 3.22993 8.12203 12.0286 4.78143 10.8507 
228.75 16.8087 2.72807 115.068 30.8869 61.5942 91.3891 56.4978 92.4899 91.7864 115.363 63.7064 12.6159 19.1232 30.4541 9.3718 61.0182 90.8699 53.4747 319.512 0 5.73219 21.1853 42.9267 50.1337 56.3032 42.8535 2.12435 
7.20709 25.8897 0.21445 0.497377 40.463 0.0710749 0.790476 38.0458 33.7927 0.107475 3.55556 12.9811 27.4356 9.27216 6.30093 0.205727 18.553 8.30503 0.257962 6.26282 22.7138 0 14.7214 11.4541 8.63804 7.35334 6.20174 0.157276 
46.0491 0.843381 7.18187 14.2248 8.09482 16.2908 72.4096 73.1037 0.350519 34.7142 98.6358 3.98871 19.9519 9.29485 19.933 8.79513 18.4975 42.4444 0.646778 3.23659 25.6015 1.65203 0 0.384837 3.50518 10.0951 0.210359 9.402 
1.2106 30.3439 6.23927 21.3457 0.172783 10.2699 62.785 128.171 2.73459 46.9094 45.4715 36.4253 33.4861 9.63662 9.79686 25.3131 0.444515 4.53153 5.11438 6.05178 23.6877 10.6971 13.6602 0 3.29774 1.40184 14.735 7.07199 
70.7773 79.7926 20.2221 2.34565 20.0732 24.6882 45.9329 105.062 82.4128 61.5546 32.4603 758.985 38.604 9.08743 23.025 51.5569 26.5766 0.694906 26.5115 2.46592 1.77167 60.3793 23.537 75.7988 0 84.3854 100.536 113.716 
17.6558 41.8192 0.281643 3.74847 38.2972 0.392654 98.1854 201.141 41.9272 9.19816 131.478 365.252 50.8617 0.117743 29.9357 6.18179 17.9284 13.41 19.5906 9.46226 52.6134 0.817049 9.27308 5.68719 4.7688 0 37.8428 15.2475 
11.4573 0.968807 6.96246 17.7642 0.313572 14.8186 55.6047 51.0149 30.091 4.51492 43.789 96.0041 20.8446 11.1087 15.8902 9.06818 12.1954 21.5954 13.8806 10.9948 27.2594 12.6127 0.0114556 7.56401 1.39368 2.16903 0 68.5612 
13.037 8.69528 0.158598 11.1041 8.84459 6.53563 48.4796 34.273 27.9757 36.8078 18.5296 158.865 37.1102 1.72323 0.109124 18.9333 5.31448 14.0354 26.1195 0.308551 44.3666 9.74068 0.211236 0.108826 38.5965 4.31341 0.325782 0 
