0 611.756 16.9195 107.258 4.7218 138.947 254.449 298.33 295.638 155.947 189.414 228.233 4.94209 31.4362 23.1897 20.2226 135.679 133.176 98.6933 179.981 217.488 17.844 42.1681 34.8126 100.184 14.9252 19.7717 54.3069 
455.025 0 157.515 306.262 308.117 190.767 357.097 153.363 165.572 176.303 164.17 92.7552 146.468 2.51729 8.18659 27.7326 60.4712 356.057 42.5959 29.9269 23.9621 0.0250466 1.67109 45.1063 61.1506 70.5508 28.5783 20.6371 
8.67579 411.812 0 236.394 106.196 17.9415 65.8804 161.087 29.209 56.8388 235.545 47.2014 29.3142 6.70247 25.01 2.96086 53.8624 138.441 7.00408 1.81869 9.84068 3.79 7.95301 3.92 7.98467 0.788618 1.91943 12.3981 
255.047 304.278 86.4637 0 50.838 34.1438 95.7396 332.516 116.761 106.253 7.31459 199.596 34.4041 22.7897 32.7106 41.0779 74.1383 128.635 42.6882 7.0671 641.793 7.20035 15.4146 25.9947 39.8281 10.0674 23.0241 5.20171 
7.86262 96.2574 186.942 149.162 0 348.132 433.966 110.118 344.153 2.65776 143.767 141.315 66.6722 1.26694 58.4978 61.4573 113.591 35.2054 0.866556 45.2799 75.742 30.8818 7.07927 18.9559 14.9928 11.3267 43.0464 9.88982 
102.886 38.8736 66.6098 31.3086 778.588 0 936.31 4.87218 49.8139 439.701 76.2361 158.696 340.878 8.89097 13.8754 12.4515 86.0132 59.7128 30.0195 22.7383 26.3973 14.0931 13.6751 17.3711 43.5748 27.7549 1.30992 4.26093 
267.3 193.665 65.995 202.957 385.191 841.023 0 389.804 1034.44 36.4254 43.2085 49.2399 54.9499 29.9097 141.956 85.8278 55.1299 215.931 59.2942 93.2347 9.02246 62.0315 64.6552 13.8552 78.2603 0.816714 41.7142 25.1689 
283.605 188.881 109.685 389.399 1.4994 159.42 14.7063 0 73.0881 27.5355 306.205 132.001 26.7926 115.199 136.767 177.907 99.5058 88.8897 31.8314 107.953 194.487 28.8782 84.8843 43.1689 7.46395 17.3093 49.7029 27.7587 
88.6315 267.253 433.907 129.748 2.87629 48.5234 148.414 66.1063 0 55.9454 1322.13 335.401 7.88528 64.9676 163.879 12.0929 80.5193 52.5438 120.84 91.8112 169.827 62.0787 10.092 63.96 50.1385 39.9588 57.3243 43.6085 
49.8932 130.639 68.619 11.8426 17.8522 68.717 395.617 200.898 386.708 0 372.225 124.348 51.8549 30.0116 62.9604 87.3562 81.4367 0.002992 15.671 45.7403 99.3481 39.7661 56.1489 56.8984 71.5159 69.5576 5.20779 40.5015 
56.9482 23.4457 207.377 186.221 254.127 248.243 484.785 367.746 846.831 277.186 0 21.4638 67.8234 43.5297 172.493 221.122 1.53951 170.949 77.4062 86.1922 126.7 60.5966 133.518 114.272 10.4242 2.82132 81.2746 103.305 
145.111 28.229 172.614 200.523 143.891 18.7794 165.284 145.623 379.477 237.218 230.364 0 157.499 141.843 32.979 445.379 2.52787 7.43155 95.9445 26.9683 105.528 0.0362715 46.4967 48.7707 285.641 1.15876 15.1869 31.2861 
105.898 131.514 5.54424 68.8685 135.402 28.0347 34.1155 44.6532 184.968 14.5621 1.64912 152.604 0 110.93 51.6065 24.2697 14.6394 102.744 75.3478 0.212654 8.66582 38.3231 1.53592 69.188 5.00961 50.2065 39.3057 1.88899 
14.7172 17.3966 2.41884 9.9479 64.892 14.4989 6.87378 30.4992 11.9052 13.0819 75.7919 115.651 1.29711 0 55.7988 7.98583 11.7311 51.0675 4.38101 1.92705 5.18374 1.28699 9.60133 5.55098 5.33326 3.95753 10.8844 8.04041 
61.3234 19.4658 21.2531 12.0704 63.2837 9.62031 68.9538 5.58637 169.454 61.3992 250.984 75.6072 116.357 42.6183 0 27.1466 4.44114 21.8233 36.479 6.77097 1.38369 16.6289 18.2467 7.49504 31.2747 30.6414 12.3581 4.47532 
78.979 82.8329 20.5413 28.2405 9.01253 20.9729 65.2017 152.908 129.315 32.3728 135.68 409.343 7.72989 1.94145 84.4103 0 21.0858 61.1123 22.2812 4.50899 53.7297 11.4939 4.17974 28.3679 15.9626 13.8121 0.201833 16.1587 
89.2783 36.2934 15.376 33.9985 6.33103 81.7551 44.2027 0.559296 87.4075 35.0908 29.3824 1.16435 24.6377 20.572 29.9173 24.5539 0 235.558 87.9071 24.7268 44.7184 5.40799 12.6109 17.9131 57.3367 0.477638 19.1056 6.24343 
91.1549 306.97 25.4206 103.655 139.426 118.301 205.084 174.077 155.984 99.9662 10.5065 30.3244 84.943 41.6554 41.2421 6.50117 284.871 0 149.736 40.3349 65.5308 13.8951 44.7945 25.9636 57.9601 22.0046 0.0858292 26.5023 
96.8582 116.651 61.1991 34.896 66.2787 51.2757 47.0052 0.572091 155.061 1.69153 60.0833 13.2234 44.1034 1.62394 0.187653 28.4179 132.175 24.3549 0 18.1426 69.3823 0.968976 0.0204461 14.6451 30.6691 29.1471 20.9515 24.6893 
157.544 141.625 0.478212 12.3418 46.9816 19.3508 80.629 0.113183 8.25566 38.7026 82.619 96.0981 0.0491539 0.00106041 4.39503 0.687598 21.3285 14.1132 36.5522 0 277.864 1.85142 3.01012 3.2729 8.22376 12.0392 4.72216 10.8846 
230.921 18.2128 3.37252 110.49 31.9813 62.1847 92.8582 54.0029 90.2056 92.2234 114.137 65.5065 12.2399 18.8168 29.996 8.96806 61.3043 89.8702 53.9348 312.73 0 5.84757 20.9381 42.7154 49.7688 55.9627 42.9407 2.26409 
7.38325 26.2277 0.235357 0.464088 40.8341 0.0934094 0.682863 38.5114 34.2991 0.164146 3.29334 13.4405 28.6615 9.17375 6.13007 0.235822 18.4852 8.48554 0.229662 6.27128 22.8533 0 14.6156 11.5969 8.42814 7.41994 6.12582 0.143644 
45.9486 0.954607 7.06828 14.3759 7.79112 16.2593 72.3921 74.1409 0.498959 34.0559 96.8818 4.63608 18.7228 9.42964 20.4021 8.57422 18.5319 42.3125 0.693673 3.25643 25.8388 1.82835 0 0.688283 3.24195 10.0574 0.240698 9.36026 
1.07251 30.8532 6.09162 21.1126 0.129208 10.4313 63.2342 127.044 3.09867 47.4342 47.1977 39.468 34.34 9.51643 9.23631 24.6289 0.413794 4.35184 4.99908 6.03317 24.0292 10.8539 14.5663 0 3.14203 1.52946 14.557 6.93675 
99.7179 108.99 19.9347 31.5791 20.57 54.25 44.9325 108.723 110.192 61.0175 30.734 115.612 39.0357 8.89013 23.4106 47.4369 56.0129 0.607189 26.3769 2.3872 1.61349 50.8506 22.9715 74.3528 0 68.0449 65.9081 120.975 
18.3831 42.6834 0.215648 3.38704 37.679 0.323827 97.8929 197.149 40.0512 8.60553 129.154 373.806 50.5997 0.15103 29.7483 6.78062 18.0823 13.022 19.3942 9.38101 52.2051 0.779535 9.20461 5.4744 4.51387 0 37.7532 13.6246 
11.7381 0.879584 7.09567 17.9699 0.270491 14.7008 55.3694 51.9898 29.4978 4.32269 44.5062 97.1326 21.0691 11.1297 16.0199 9.24814 12.2927 21.8295 13.9946 10.9995 27.5029 12.5924 0.00559566 7.76811 1.09791 2.46628 0 71.3904 
12.6371 8.35716 0.193861 11.4181 9.12743 6.36913 49.0894 35.8612 27.0993 37.2827 19.4361 160.658 37.3407 1.79909 0.0777133 18.7073 5.4149 13.7565 26.0708 0.285128 44.5989 9.7709 0.234388 0.0866852 38.2466 5.33826 0.0532453 0 
