0 671.194 13.9007 179.688 3.42146 201.091 252.05 296.017 356.155 155.64 190.19 228.44 5.37031 30.9966 23.8438 21.0394 195.85 129.073 97.7079 181.459 220.312 18.0715 42.374 35.2979 161.027 15.6094 20.0989 54.6107 
492.967 0 133.104 373.343 288.588 257.147 374.848 147.994 235.849 180.401 168.485 89.7081 146.873 2.26718 7.56019 28.6081 122.611 440.851 40.2653 32.0691 25.5943 0.0123807 1.82504 45.5575 120.899 69.9187 28.2326 21.1044 
6.51726 428.487 0 253.512 110.348 16.6075 59.4907 153.661 40.6528 58.788 237.137 50.2425 28.5296 6.89618 25.4583 2.74471 53.6363 140.655 7.49377 1.62154 8.74334 3.71776 7.84221 4.05162 7.70139 0.909399 1.83747 12.5955 
301.896 371.516 95.3979 0 53.5319 94.1286 100.189 1185.82 186.046 106.47 5.97707 204.685 35.1108 22.8509 32.3276 41.3563 135.083 130.089 43.3147 7.68741 84.7388 7.10152 15.5525 26.0804 100.735 10.63 22.8629 5.44523 
6.1632 81.5781 187.599 150.77 0 345.288 435.169 107.032 341.233 4.44593 147.971 142.95 64.2385 1.45276 57.4188 62.0119 111.661 38.0034 0.204195 44.119 74.4695 30.4727 7.37105 19.3562 14.5452 11.7851 42.8602 9.59763 
165.523 101.743 66.6738 91.8712 612.03 0 1496.06 3.65607 119.43 891.284 69.966 158.82 456.025 9.15742 13.2526 12.7921 146.223 61.4544 28.5905 22.6058 27.1028 14.2568 13.7901 17.4302 104.31 27.7243 1.37606 4.40589 
266.716 175.263 72.594 202.496 376.437 872.944 0 394.115 943.706 26.5602 51.9475 45.4927 58.2853 31.1013 142.208 86.8696 56.2378 213.815 57.0952 92.9305 8.2954 61.9079 64.2043 14.3998 77.542 0.610292 41.3192 24.5584 
286.87 194.001 102.394 414.426 1.03694 155.553 11.0681 0 89.2099 25.2788 312.162 94.8978 25.6235 114.18 133.697 171.209 99.5852 86.8453 30.8778 107.149 193.063 29.3438 84.0094 45.1034 6.11096 14.498 48.7279 29.2366 
152.9 317.442 420.964 181.257 1.6409 117.863 222.041 81.5795 0 63.4735 1031.42 328.448 6.79417 62.8028 146.227 10.8001 139.967 55.1162 122.406 90.9764 171.126 61.7559 9.41154 62.9161 111.753 38.1108 56.7713 42.6377 
51.838 125.996 66.7029 12.8119 22.0089 48.2001 378.099 202.988 386.268 0 396.723 120.106 59.4214 31.234 60.1857 86.7362 81.1553 0.00739481 14.5791 46.1503 99.3377 40.3408 55.7951 56.5936 71.4737 69.0209 5.41638 40.9521 
59.2142 20.992 211.237 188.283 252.696 252.201 482.351 369.659 833.513 302.625 0 15.8687 63.8816 47.6461 189.186 222.977 1.72716 171.017 78.6969 86.2773 125.649 60.0513 133.369 115.401 9.37068 3.59574 80.9367 103.875 
141.812 26.2016 174.472 195.308 142.271 17.2638 160.305 189.411 383.585 238.784 245.367 0 157.871 143.981 28.2157 459.923 2.32791 8.06151 95.6053 26.0908 103.733 0.0146397 48.2265 52.1288 306.188 3.56498 16.1336 33.6679 
106.237 130.378 5.97603 68.5359 137.544 22.6467 31.3986 46.0654 183.172 18.9929 2.4501 151.867 0 114.865 49.4149 23.2005 14.2583 102.422 75.8623 0.171546 8.9914 39.6353 1.9468 69.3864 5.28024 49.9274 39.303 1.76844 
14.3222 16.8033 2.28177 10.1861 65.2456 14.2413 6.22979 29.0044 10.6876 14.0157 80.6315 118.451 2.21465 0 57.6875 8.52791 11.6047 51.2306 4.52533 1.95795 5.38343 1.20037 9.5212 5.32818 5.51898 3.80655 10.9149 8.14061 
60.8284 18.5554 20.7557 12.5369 62.2361 9.06622 71.4378 6.83036 173.423 64.1774 267.162 82.4608 115.629 39.3956 0 32.075 4.5786 22.367 36.6187 6.85765 1.52684 16.7067 18.7641 8.02456 31.2152 30.5353 12.5159 4.67354 
78.7108 83.0971 20.7952 27.5735 8.54474 20.682 66.544 145.855 131.045 31.033 130.227 388.821 8.4296 2.28308 81.6842 0 21.2118 61.0109 22.4762 4.59128 54.1316 11.4498 4.40799 28.6769 15.4327 14.5575 0.24055 15.8864 
150.844 96.021 15.9336 94.2195 5.495 142.598 43.1184 0.683105 148.885 34.3282 28.716 1.02896 25.0827 20.6356 29.9469 24.6295 0 241.254 339.948 24.4861 44.276 5.49651 12.7018 17.9897 117.867 0.521081 19.1748 6.34955 
87.1558 326.142 27.7447 101.56 135.62 119.006 207.57 174.865 153.258 101.545 11.3959 31.4775 84.2237 41.9801 40.6698 6.20147 283.268 0 149.442 39.3514 66.6551 13.6829 44.8353 26.2738 58.0991 21.5526 0.107505 26.1887 
95.8344 119.187 61.3164 35.5658 59.5175 52.785 49.1029 0.732215 155.101 1.32621 61.4009 13.7685 44.9039 1.53282 0.234132 28.3031 136.428 22.8459 0 18.4524 69.5983 0.914116 0.0129803 14.7827 30.6358 29.2344 20.8711 24.6088 
163.982 141.319 0.590474 11.5975 45.8192 19.1361 81.442 0.0411032 8.90527 39.1906 82.2873 95.9302 0.030503 0.000331154 4.48007 0.645861 21.5881 13.3947 36.544 0 289.054 1.87939 2.98851 3.31587 8.32522 12.0482 4.66298 10.9177 
232.933 19.6665 4.08321 106.545 33.0884 62.7665 94.318 51.5448 87.9229 92.6483 112.896 67.3158 11.8684 18.5111 29.5377 8.57172 61.5854 88.8612 54.3911 304.621 0 5.96379 20.6908 42.5003 49.3991 55.615 43.0253 2.40806 
7.56107 26.5656 0.257212 0.431916 41.2027 0.118769 0.58304 38.976 34.8056 0.232744 3.04068 13.9061 29.9016 9.07299 5.96031 0.26793 18.4168 8.66752 0.202991 6.27945 22.9922 0 14.5006 11.7366 8.22132 7.48618 6.04994 0.13062 
45.8434 1.0726 6.95443 14.5256 7.49238 16.225 72.3603 75.1662 0.673391 33.3957 95.1014 5.33015 17.5229 9.53516 20.8545 8.34981 18.5654 42.1777 0.742157 3.2761 26.0753 2.01234 0 1.07563 2.98885 10.0176 0.273048 9.31749 
0.942626 31.3627 5.94462 20.8758 0.091942 10.5922 63.6733 125.865 3.48465 47.9514 48.9375 42.5993 35.1944 9.38828 8.68437 23.9014 0.384147 4.17546 4.88476 6.01406 24.3707 11.0081 15.4369 0 3.04753 1.66206 14.3767 6.80159 
159.764 169.292 19.6445 91.9445 21.0701 114.926 43.9325 112.367 169.08 60.4689 29.0428 948.384 39.4643 8.69249 23.7902 42.5729 116.566 0.52533 26.2405 2.30948 1.46252 40.1932 22.3977 72.563 0 51.5936 49.2777 114.287 
19.1206 43.5472 0.15839 3.04246 37.06 0.261567 97.5712 192.975 38.2018 8.03025 126.778 381.207 50.3307 0.188401 29.5454 7.39964 18.2356 12.6382 19.1971 9.29885 51.7906 0.742835 9.13438 5.2637 4.27954 0 37.6435 12.0693 
12.0213 0.79458 7.2294 18.1746 0.230579 14.5822 55.129 52.964 28.907 4.13422 45.223 98.2413 21.2936 11.1496 16.148 9.42817 12.3898 22.0637 14.1085 11.0035 27.7457 12.5712 0.00181227 7.97308 0.854892 2.78118 0 74.0956 
12.2418 8.02473 0.232627 11.7341 9.41386 6.20395 49.6953 37.4722 26.2317 37.755 20.3596 162.363 37.5685 1.87629 0.051607 18.4763 5.51601 13.4794 26.0207 0.262606 44.8277 9.80058 0.258715 0.0670452 37.8786 6.46133 0.0120025 0 
