0 834.818 8.70405 377.229 1.44285 376.312 246.703 290.704 527.791 154.865 191.562 228.548 6.2771 30.1145 25.1655 22.7036 367.202 120.835 95.6744 181.654 225.526 18.5273 42.7737 36.2626 333.753 17.0122 20.756 55.1995 
617.662 0 88.454 556.847 249.263 440.559 408.458 137.258 427.918 188.329 176.995 83.6674 147.561 1.80505 6.37647 30.3785 298.069 296.768 35.7437 36.5066 28.9914 0.000299036 2.15257 46.4478 291.483 68.6186 27.5408 22.0471 
3.10548 454.457 0 277.954 118.547 14.0468 47.4158 138.695 68.4837 62.6785 239.534 56.4987 26.9722 7.28597 26.3315 2.33421 53.1459 144.816 8.51543 1.2593 6.73102 3.57449 7.61908 4.31905 7.14471 1.17576 1.67837 12.9887 
446.017 555.357 165.881 0 59.0224 265.296 109.088 855.818 376.425 106.777 3.69752 214.351 36.5253 22.9588 31.537 41.8498 308.032 132.825 44.5508 8.99004 411.236 6.90445 15.8229 26.2337 273.648 11.786 22.534 5.94548 
3.37418 55.3232 188.356 153.726 0 334.09 435.174 100.872 334.444 9.36554 156.323 146.14 59.4327 1.86163 55.2455 63.093 107.719 43.8537 0.256805 41.8044 71.9154 29.6532 7.96946 20.163 13.6648 12.7235 42.4807 9.02385 
341.844 279.491 66.5931 264.202 456.716 0 1268.89 1.74067 314.737 400.912 57.9796 158.854 415.779 9.69353 12.0312 13.4748 317.684 64.9369 25.7913 22.3262 28.5263 14.5805 14.0142 17.54 276.86 27.6431 1.51284 4.70128 
264.927 139.971 86.3135 200.994 357.213 891.621 0 401.254 741.924 11.334 71.4943 38.3656 65.1385 33.5202 142.454 88.8764 58.4516 209.275 52.7535 92.2412 6.92786 61.6376 63.2694 15.5124 76.0609 0.287152 40.5226 23.3489 
292.749 204.046 88.1483 466.351 0.366464 147.586 5.31175 0 125.364 21.0217 323.405 37.8824 23.3479 112.025 127.39 157.459 99.707 82.7631 28.9987 105.454 190.021 30.2775 82.2095 49.0356 3.80055 9.5828 46.7798 32.2736 
332.763 468.758 390.445 336.201 0.201897 312.658 401.058 116.567 0 79.639 776.217 313.781 4.84859 58.4786 132.306 8.4194 309.948 60.3803 125.456 89.2508 173.582 61.0936 8.11528 60.8105 286.142 34.4999 55.6537 40.7045 
55.782 116.695 62.8396 14.8483 31.513 19.2772 340.766 206.9 383.709 0 443.544 111.639 75.7146 33.7071 54.6757 85.3811 80.5529 0.134967 12.4989 46.9514 99.2748 41.4782 55.051 55.9493 71.3403 67.8938 5.84421 41.8421 
63.8187 16.4606 218.341 192.05 249.45 259.177 474.873 372.517 783.774 353.316 0 7.15685 56.2393 56.2626 222.758 225.923 2.13421 171.036 81.2604 86.4049 123.488 58.9446 132.896 117.541 7.42185 5.41808 80.2294 104.948 
135.144 22.3463 177.855 184.452 138.955 14.4033 150.287 289.345 390.68 241.505 275.463 0 158.497 148.008 19.6992 481.904 1.9521 9.39359 94.8926 24.3638 100.115 0.000321977 51.7211 59.0438 344.908 12.256 18.0987 38.6272 
106.863 128.012 6.88361 67.8346 141.71 15.8045 26.2523 48.9252 179.384 29.4793 4.51965 150.287 0 122.375 45.077 21.1081 13.5072 101.735 76.8567 0.102518 9.65811 42.273 2.9103 69.7223 5.84055 49.3489 39.29 1.53887 
13.5428 15.6385 2.01782 10.6643 65.9194 13.7205 5.03095 26.0955 8.43682 15.9592 90.4731 123.903 4.76504 0 60.4787 9.62132 11.3516 51.541 4.81958 2.01998 5.7926 1.03517 9.27212 4.88224 5.89506 3.50993 10.9726 8.33893 
59.8104 16.7854 19.7513 13.4835 60.1177 7.99472 76.4019 9.67544 181.006 69.7427 298.126 96.6444 113.94 32.686 0 42.3849 4.85863 23.4645 36.8842 7.03033 1.83364 16.8525 19.7585 9.11473 31.0599 30.2743 12.8293 5.0795 
78.1123 83.5667 21.2841 26.2208 7.64203 20.0873 69.1957 131.628 134.333 28.3966 119.223 343.383 9.90901 3.03633 74.7649 0 21.4601 60.7851 22.8617 4.75605 54.9129 11.3559 4.87225 29.1114 14.3909 16.0585 0.328013 15.3328 
325.042 266.719 17.0663 265.768 3.995 315.329 40.9644 0.967494 322.917 32.8114 27.3963 0.783015 25.9769 20.759 29.9988 24.7756 0 251.817 99.5859 23.9992 43.3862 5.67494 12.8826 18.1406 289.999 0.613522 19.3112 6.56352 
79.2761 367.468 32.6299 97.2863 127.953 120.28 212.251 176.312 147.71 104.657 13.2749 33.8302 82.7587 42.6195 39.5201 5.62107 278.901 0 148.684 37.3916 68.8985 13.2612 44.9065 26.8931 58.36 20.6551 0.158149 25.5613 
93.7273 124.159 61.4953 36.8991 46.8489 55.7763 53.3708 1.11116 155.042 0.727736 64.0392 14.8863 46.5023 1.35802 0.3424 28.0655 145.719 19.9485 0 19.072 70.0096 0.809043 0.00311402 15.0566 30.5622 29.4016 20.7079 24.4437 
176.209 140.426 0.849516 10.1576 43.498 18.6968 83.0066 0.00418485 10.271 40.1548 81.5853 95.5352 0.00648363 0.000111148 4.65107 0.566038 22.1037 12.0043 36.512 0 308.005 1.93568 2.9449 3.40171 8.52712 12.0613 4.54494 10.9813 
236.468 22.7193 5.70006 102.46 35.3398 63.9031 97.2069 46.7462 83.3697 93.4617 110.37 70.9579 11.1397 17.9022 28.6212 7.80193 62.1325 86.8166 55.2927 284.726 0 6.19898 20.196 42.0588 48.6452 54.8979 43.1863 2.70861 
7.92151 27.2411 0.303779 0.370958 41.9319 0.17856 0.406864 39.9021 35.8186 0.405568 2.56451 14.8558 32.4198 8.86479 5.62433 0.338123 18.2777 9.03574 0.154553 6.29495 23.2684 0 14.2435 12.0064 7.81725 7.61752 5.89834 0.106407 
45.619 1.32874 6.7261 14.8204 6.90979 16.1479 72.2537 77.1792 1.09986 32.0715 91.4676 6.85606 15.2162 9.65593 21.7058 7.89199 18.6297 41.899 0.843852 3.31493 26.5454 2.40229 0 2.08793 2.51416 9.9317 0.343722 9.22887 
0.707649 32.381 5.65279 20.3916 0.0363615 10.9124 64.5212 123.356 4.32188 48.9623 52.4525 49.1068 36.9026 9.1091 7.60998 22.3295 0.328108 3.8326 4.65909 5.97426 25.0536 11.3084 17.042 0 3.04325 1.94183 14.0094 6.53179 
330.898 340.932 19.0558 263.794 22.0801 287.344 41.9359 119.583 337.907 59.338 25.77 774.618 40.3117 8.2967 24.53 31.6515 288.744 0.379256 25.9628 2.15717 1.18233 19.2674 21.2287 68.0783 0 26.2591 84.1375 68.0987 
20.6249 45.2721 0.0702339 2.40526 35.8207 0.156827 96.8408 184.118 34.5882 6.93284 121.878 392.359 49.7719 0.275299 29.0941 8.69316 18.5403 11.8835 18.8008 9.13198 50.9434 0.671913 8.98877 4.84919 3.87375 0 37.3644 9.18369 
12.5946 0.637382 7.49835 18.5808 0.16027 14.3426 54.6337 54.9091 27.7332 3.76876 46.6546 100.396 21.7417 11.186 16.3992 9.78816 12.5839 22.5323 14.3357 11.0096 28.2292 12.5264 0.000479812 8.38526 0.529954 3.46263 0 79.08 
11.4655 7.3774 0.320627 12.3719 9.99727 5.87776 50.8952 40.758 24.5241 38.6914 22.2555 165.5 38.0156 2.0346 0.0153509 18 5.72019 12.9307 25.9159 0.220285 45.2748 9.85831 0.310859 0.0353005 37.0905 8.98524 0.622953 0 
