0 929.868 5.97891 499.315 0.61339 483.069 242.893 286.818 632.017 154.252 192.316 228.403 6.89499 29.5455 26.0239 23.7937 471.53 115.53 94.3248 180.916 228.562 18.8209 43.0222 36.8784 438.986 17.9371 21.1801 55.5645 
690.972 0 63.529 667.734 224.12 552.339 428.462 130.381 545.841 193.218 182.367 79.8288 147.917 1.53507 5.66507 31.5289 405.153 442.793 32.9429 39.4582 31.2651 0.00186204 2.3768 47.0114 395.373 67.7584 27.096 22.6584 
1.5649 465.474 0 285.72 123.72 12.4843 40.2125 129.06 89.4923 65.1669 240.515 60.6309 25.9809 7.53787 26.8753 2.08612 52.8041 147.294 9.20103 1.0495 5.56897 3.4833 7.47468 4.49375 6.79418 1.36419 1.57954 13.2402 
532.708 666.476 236.42 0 62.614 369.641 114.783 1132.06 493.45 106.883 2.51524 220.174 37.4348 23.0178 31.0125 42.1218 413.421 134.46 45.3326 9.86868 291.228 6.7782 15.9928 26.3193 379.044 12.5494 22.318 6.27608 
2.01697 40.8459 188.448 155.439 0 321.144 433.487 96.9272 329.431 13.4533 161.636 148.131 56.3929 2.15042 53.8392 63.7678 105.132 47.7839 1.25978 40.3234 70.2686 29.1259 8.36434 20.6855 13.1097 13.3415 42.2318 8.66254 
449.389 388.61 66.3947 369.299 791.677 0 773.93 0.878144 437.744 870.325 50.713 158.723 214.745 10.0399 11.2646 13.914 422.105 67.1714 24.0375 22.1361 29.4493 14.786 14.154 17.6047 382.006 27.5769 1.60392 4.89493 
263.344 118.634 95.429 199.626 343.752 871.576 0 404.773 605.928 4.86411 85.4074 34.056 69.6598 35.0976 142.428 90.1106 59.8719 206.149 50.0075 91.7415 6.11054 61.4477 62.6458 16.2435 75.0783 0.14285 40.0063 22.58 
296.056 210.347 79.292 494.712 0.115348 142.32 2.70373 0 151.06 18.4714 330.131 14.4625 21.9308 110.558 123.23 148.434 99.759 80.147 27.8116 104.304 187.93 30.8792 81.0185 51.6029 2.59861 6.93853 45.5301 34.2804 
442.772 560.234 367.962 430.718 0.0073737 435.371 531.362 141.612 0 90.7411 1260.31 303.86 3.76699 55.7089 139.226 7.03671 413.45 63.8425 127.356 88.103 175.06 60.6562 7.32845 59.446 392.526 32.2439 54.9273 39.4691 
58.3516 110.727 60.3409 16.2235 38.4212 10.5121 315.517 209.221 380.895 0 471.61 106.222 86.9154 35.3137 51.1756 84.4309 80.1381 0.300484 11.2371 47.4526 99.2048 42.2006 54.5475 55.5112 71.22 67.1325 6.1266 42.4061 
66.8256 13.8203 222.45 194.212 247.098 262.973 468.271 373.666 734.487 385.23 0 3.34579 51.5118 62.0421 244.129 227.269 2.41807 170.967 82.8937 86.4568 122.059 58.222 132.47 118.83 6.28287 6.77899 79.753 105.587 
130.816 20.0122 179.791 177.211 136.771 12.6879 143.822 360.268 394.428 242.96 294.719 0 158.818 150.413 14.9729 490.673 1.72761 10.3001 94.4105 23.2745 97.7719 0.0115021 53.9881 63.6118 362.283 20.4847 19.4109 41.9439 
107.227 126.428 7.49718 67.3588 144.3 14.3757 23.1549 50.7869 176.815 37.3046 6.17515 149.197 0 126.915 42.3295 19.7979 13.0323 101.264 77.4708 0.067455 10.0975 43.9744 3.62807 69.8951 6.21387 48.963 39.2762 1.39941 
13.0494 14.9056 1.85555 10.9726 66.3286 13.382 4.32441 24.2859 7.1233 17.2592 96.8809 127.294 6.89589 0 61.5287 10.3254 11.1888 51.7293 5.0126 2.06 6.06235 0.934766 9.05189 4.59661 6.13977 3.32327 11.0074 8.46484 
59.1369 15.6846 19.1001 14.1009 58.7411 7.3332 79.5816 11.75 185.608 73.3123 316.737 106.033 112.696 28.3088 0 49.1191 5.0422 24.1768 37.0449 7.14081 2.04518 16.9391 20.3661 9.83459 30.9346 30.0725 13.0292 5.34689 
77.6843 83.8267 21.5845 25.3402 7.08536 19.6964 70.8744 122.459 136.32 26.7359 112.118 311.834 10.9145 3.56617 69.4277 0 21.6171 60.6238 23.1062 4.86203 55.3988 11.2915 5.17515 29.2588 13.7361 17.0258 0.39125 14.9712 
431.241 370.793 17.8058 370.292 3.15366 420.569 39.5916 1.17611 429.013 31.8428 26.5578 0.642479 26.5545 20.8357 30.027 24.8658 0 257.98 95.6212 23.6824 42.8104 5.7906 12.9981 18.2359 394.873 0.676835 19.3976 6.70225 
74.3083 393.49 35.9261 94.4875 122.999 121.002 215.048 177.151 144.083 106.622 14.5519 35.3746 81.799 43.0235 38.7779 5.26152 275.297 0 148.078 36.1384 70.3359 12.992 44.945 27.2903 58.5158 20.0832 0.195832 25.158 
92.3326 127.276 61.5708 37.7511 39.3637 57.6748 56.1603 1.39591 154.905 0.436665 65.7361 15.6239 47.5273 1.25095 0.42273 27.9071 152.27 18.1743 0 19.4699 70.2593 0.744766 0.000339574 15.2319 30.5099 29.5038 20.6014 24.3348 
183.536 139.656 1.04002 9.26908 42.0105 18.4078 83.9681 0.0559776 11.1948 40.7658 81.1072 95.2402 0.000400002 0.000841976 4.76158 0.517326 22.4326 11.1446 36.4803 0 317.516 1.97212 2.91661 3.45681 8.65618 12.0664 4.46929 11.0203 
238.389 24.7807 6.87449 103.6 36.812 64.6141 99.0404 43.7494 80.4544 93.9584 108.717 73.3131 10.6815 17.5125 28.0319 7.3235 62.4734 85.4844 55.8641 269.622 0 6.35198 19.8778 41.7672 48.1507 54.422 43.2842 2.91063 
8.15657 27.6748 0.335702 0.334167 42.3949 0.223348 0.31021 40.4948 36.4696 0.541664 2.27915 15.4788 34.0625 8.7264 5.41106 0.387425 18.1869 9.27539 0.126878 6.3043 23.4447 0 14.0596 12.1728 7.56452 7.70114 5.80104 0.0921403 
45.465 1.50751 6.579 15.0065 6.54601 16.0924 72.1551 78.4455 1.42833 31.2182 89.0851 7.93225 13.8023 9.66889 22.2125 7.5923 18.6692 41.7136 0.912546 3.33953 26.8455 2.66772 0 2.89274 2.23201 9.87208 0.393322 9.16977 
0.574154 33.0349 5.46686 20.0731 0.0140006 11.117 65.0443 121.64 4.90539 49.595 54.7326 53.4466 37.9987 8.9143 6.94302 21.247 0.294375 3.61933 4.51615 5.94759 25.4921 11.4954 17.9572 0 3.17066 2.13158 13.769 6.35884 
435.11 445.466 18.6722 368.52 22.7358 392.398 40.6561 124.154 440.646 58.588 23.7477 805.263 40.8491 8.0422 24.9912 24.6481 393.647 0.297822 25.7808 2.0615 1.01763 8.8517 20.4645 64.6725 0 19.8558 136.068 31.6429 
21.6113 46.378 0.0321977 2.03299 35.0236 0.103493 96.3107 178.097 32.3299 6.26578 118.633 396.849 49.3984 0.339635 28.7726 9.55964 18.7347 11.4077 18.5448 9.02296 50.3865 0.628072 8.89165 4.58806 3.65769 0 37.1435 7.50348 
12.9679 0.545361 7.67222 18.8394 0.121786 14.187 54.3051 56.156 26.9847 3.542 47.5729 101.736 22.0292 11.207 16.557 10.0194 12.7084 22.8334 14.4814 11.0121 28.5384 12.4957 0.00401305 8.65154 0.436215 3.93603 0 81.9475 
10.9768 6.9738 0.384521 12.7855 10.3796 5.67112 51.6574 42.9118 23.4469 39.2871 23.5075 167.32 38.2971 2.13905 0.00330361 17.6841 5.85281 12.582 25.8454 0.195003 45.5546 9.89428 0.346827 0.020214 36.549 10.789 1.49919 0 
