0 457.489 7.12054 433.726 11.4234 265.646 191.302 230.565 380.755 143.444 194.188 217.854 14.4922 23.8334 34.8542 35.3373 233.173 64.522 79.2945 251.27 243.9 21.7618 45.1215 42.7733 210.416 28.0065 25.4713 58.6022 
184.413 0 53.9351 434.48 27.7822 368.625 525.976 66.0646 442.376 230.705 229.688 44.4474 147.739 0.034448 0.819349 43.3539 198.528 726.061 10.4681 71.6589 57.2272 0.418056 5.18524 52.2122 155.045 58.2505 22.6703 28.9409 
14.7591 326.554 0 79.435 167.525 1.5664 0.279141 42.618 354.562 88.441 226.155 104.493 16.6582 10.0598 31.3834 0.347453 48.3128 162.384 17.1286 0.00106929 0.00072758 2.61541 6.00839 6.33549 3.66835 3.93553 0.747035 15.6714 
155.664 435.745 327.083 0 99.4662 137.293 166.572 293.473 384.831 104.052 3.24442 257.3 46.4043 23.1591 25.1971 42.8138 186.976 144.926 52.4662 19.9736 650.666 5.54156 17.5005 26.6087 153.849 20.7804 19.9847 9.91859 
7.57711 19.9882 172.813 163.812 0 55.3253 349.992 59.3079 255.81 88.3446 210.333 165.154 29.0154 6.10979 39.6746 69.5509 77.8093 92.6762 50.0476 26.1419 53.8237 23.8704 12.7185 26.0318 8.0789 20.0824 39.5427 5.4016 
242.89 221.53 58.4469 144.242 722.878 0 201.269 8.27987 459.867 10.1969 3.42112 151.014 330.07 13.4978 4.68274 18.2173 185.628 88.6706 9.19977 19.8341 38.8919 16.7014 15.3474 17.9905 153.751 26.3279 2.6435 6.9728 
230.272 0.289585 186.998 170.036 182.397 80.1395 0 392.184 109.856 84.9243 260.839 4.48938 117.706 51.4144 134.451 99.7278 73.7374 167.3 25.3299 84.45 0.722978 58.875 55.5314 24.1285 64.1308 1.43945 34.696 15.3506 
307.259 263.556 12.7516 412.269 5.33456 86.891 24.4009 0 454.238 1.82519 371.915 350.895 9.93859 92.8904 79.3873 60.5797 99.1496 54.8323 16.9889 90.4913 161.87 36.9134 67.8891 78.0804 3.17606 4.18308 33.3219 56.113 
267.646 207.246 102.163 137.948 28.763 456.701 1271.66 443.591 0 219.11 350.816 191.674 0.477991 29.6308 65.648 0.0140586 169.217 100.83 143.346 75.2048 185.22 55.8187 1.5984 45.5801 178.662 13.161 47.3855 27.6056 
84.8201 54.7742 35.8107 32.3718 133.37 320.352 72.7982 223.321 307.519 0 602.811 55.5985 213.161 51.533 20.214 71.9108 74.8628 5.48811 2.17216 51.8058 97.2421 48.9321 48.5276 50.1814 68.5651 58.1153 9.24629 47.627 
98.1439 0.0645883 241.05 203.789 213.276 268.647 337.877 355.533 214.624 597.937 0 43.2565 14.2866 125.103 398.108 216.73 6.18307 166.803 98.3511 85.679 106.292 50.5945 123.139 127.66 0.086731 27.8149 74.1048 109.737 
87.26 3.50447 188.041 99.8695 113.115 1.37327 81.1867 990.803 395.123 244.415 459.654 0 158.458 165.498 3.86877 349.553 0.232076 21.3877 88.6116 13.4401 74.0587 0.996489 76.8504 111.633 304.739 186.436 34.3514 79.036 
109.212 108.214 14.8159 61.6013 165.674 54.9176 2.52388 70.0877 146.242 149.048 35.6933 135.35 0 155.174 18.0117 8.57522 8.65898 95.3553 82.4548 0.119224 14.9254 60.6862 14.676 69.7405 10.4709 44.5458 38.9048 0.363973 
8.49545 8.3646 0.583832 14.0442 69.3394 9.92158 0.176034 9.28806 0.142403 31.9675 159.058 154.666 45.918 0 40.9935 16.5828 9.56524 53.1173 7.09275 2.4636 9.02911 0.201865 4.99541 1.97956 8.65985 1.67363 11.2528 9.64106 
51.6746 6.49778 12.5801 20.4945 44.6304 2.12918 109.426 41.7623 216.808 106.347 407.544 200.468 94.188 0.0767644 0 89.6362 7.01827 31.5108 38.2086 8.2139 4.75485 17.4899 24.6378 17.3539 28.6347 26.6978 14.9379 8.24925 
71.6456 84.5919 23.9158 16.4236 2.6109 15.5142 86.1 40.0926 150.054 12.1712 45.9714 28.6777 22.9848 10.1104 9.07984 0 23.0638 58.3336 25.392 5.91301 59.5006 10.4857 8.22315 25.1721 8.17825 26.0434 1.31513 11.2018 
212.962 137.088 25.551 136.795 0.223829 192.243 26.579 4.34894 210.05 22.5596 18.6679 0.00117214 32.4041 21.4832 30.0857 25.6033 0 287.321 169.277 20.3862 36.9393 6.98426 14.1189 19.1108 163.762 1.47362 20.2037 8.13507 
31.0428 426.709 73.6075 65.341 74.3932 123.879 232.873 181.461 106.243 124.359 30.0588 51.9724 71.5392 46.7239 31.3029 2.28334 210.018 0 137.157 24.1309 84.3245 10.3928 45.0177 31.1981 59.5435 14.6302 0.791383 21.1477 
76.9533 153.92 60.6279 45.8937 0.0655137 74.8078 85.1221 5.96884 149.36 1.5955 82.4687 23.7425 57.5295 0.416214 1.67781 26.0972 229.563 4.69836 0 23.3862 72.1061 0.246103 0.126016 16.9364 29.7783 30.2936 19.4707 23.1314 
224.448 124.067 3.90062 2.38101 27.6758 15.288 91.4667 3.7839 22.2134 46.4194 75.2368 90.5711 0.34159 0.04555 5.88281 0.147622 25.5766 4.1635 35.6923 0 282.155 2.34588 2.62387 4.00042 9.90339 11.9724 3.72633 11.3302 
241.753 49.0657 23.8476 208.978 52.3812 70.7836 116.051 18.3804 52.4782 97.7547 91.1894 97.0298 6.56608 13.7219 22.2042 3.30493 65.3955 71.5725 61.1792 79.0295 0 7.95621 16.7116 38.5406 42.8336 49.0804 44.0133 5.29434 
10.6394 31.9641 0.738615 0.0710697 46.7366 0.938408 0.0644262 46.2712 42.913 2.9519 0.342099 22.1872 50.9647 7.18185 3.42842 1.05271 17.218 11.7878 0.000192534 6.37144 25.1497 0 11.5272 13.4912 5.37841 8.49638 4.83955 0.00582895 
43.5154 3.8837 5.11267 16.7039 3.40201 15.2898 69.8952 89.665 6.96919 22.7575 64.0749 22.4226 3.17224 7.23491 25.1856 4.53662 18.9796 39.6008 1.73793 3.56834 29.7402 5.8116 0 14.3592 0.506264 9.09818 1.06233 8.49263 
0.00649598 39.4747 3.70609 16.6411 0.365782 13.0814 69.2642 100.697 12.5741 55.0793 77.7403 100.765 48.6309 6.45756 1.71009 9.22293 0.0571505 1.80468 3.18642 5.63628 29.8252 13.0576 19.942 0 9.69992 4.39981 11.22 4.67343 
196.568 209.934 14.6839 137.369 29.5042 162.862 28.2492 164.558 188.212 50.2372 7.62302 414.536 45.8561 5.54979 28.8499 41.017 162.848 0.0246117 23.8242 1.20911 0.0478195 76.4646 12.6839 30.5463 0 62.8638 188.398 35.0875 
32.1302 57.1294 0.455899 0.0237252 27.129 0.178443 88.5468 109.344 13.2206 1.38407 83.5439 326.556 45.0922 1.32869 24.3622 19.0064 20.6066 7.09418 15.9452 7.86897 44.3499 0.268063 7.78601 2.27523 3.47591 0 33.2619 0.107371 
16.8802 0.0189522 9.43853 21.2976 0.0272913 12.5747 50.6062 68.2956 19.8233 1.6421 56.5745 112.904 24.8661 11.3117 17.962 12.2891 13.9411 25.8325 15.916 10.9785 31.5451 12.113 0.22704 11.3218 4.47944 9.97394 0 91.9702 
6.58171 3.51308 1.32929 17.0122 14.4883 3.75623 58.8006 65.6299 13.7098 44.9079 37.22 176.338 40.8336 3.2859 0.366325 14.1974 7.23236 9.28617 25.0083 0.0264792 48.0102 10.2029 0.807972 0.0991959 29.9817 33.763 28.016 0 
