0 530.455 9.71061 545.66 14.0116 367.705 185.785 224.324 479.179 142.095 193.852 216.146 15.284 23.3287 35.6504 36.4002 333.726 60.3655 77.8488 261.414 243.871 22.0224 45.2728 43.2688 311.891 28.9586 25.8547 58.8158 
271.289 0 74.6129 530.17 18.6344 471.832 523.935 61.0128 553.764 232.858 233.165 41.6532 147.394 0.00838569 0.59684 44.4151 302.197 623.713 9.02889 74.621 59.7609 0.490074 5.48246 52.6318 255.635 57.3385 22.2811 29.5096 
18.3224 297.897 0 56.0713 170.444 1.08277 2.23223e-05 36.6169 375.605 90.282 222.853 108.425 15.8957 10.2798 31.6893 0.262344 47.8262 162.801 17.9123 0.00314033 0.0579374 2.54258 5.87761 6.50536 3.42886 4.21929 0.687268 15.8776 
250.295 531.641 335.15 0 102.678 238.887 170.405 941.21 495.733 103.465 4.41084 258.479 47.1799 23.1319 24.6421 42.6945 288.686 145.306 53.0296 20.9469 11.848 5.43446 17.6162 26.5841 255.767 21.5414 19.7638 10.2672 
9.72734 29.4152 170.064 163.753 0 47.4977 337.685 56.216 247.655 97.3324 214.108 166.386 26.9173 6.55137 38.4309 69.9733 75.3214 97.005 57.3211 24.9636 52.3839 23.4083 13.1379 26.5139 7.68159 20.7244 39.2872 5.14459 
346.151 329.869 57.2681 246.435 362.952 0 697.269 10.3096 583.437 519.524 1.85585 149.787 398.856 13.798 4.21419 18.5835 286.429 90.4533 8.17191 19.5976 39.7388 16.8577 15.4342 18.0014 255.357 26.1672 2.74667 7.16822 
225.978 0.178767 194.156 166.187 167.595 56.8109 0 386.963 186.042 103.118 277.578 3.16936 122.041 52.8762 133.093 100.321 74.9223 163.311 23.4467 83.6136 0.496933 58.589 54.8307 24.8708 63.0755 1.79331 34.2144 14.7556 
306.272 267.197 9.40007 414.78 6.46611 82.0113 30.3562 0 479.896 1.17648 373.153 416.523 9.08068 91.0992 75.4874 53.8262 98.9965 52.6976 16.1309 89.0868 159.162 37.4477 66.6362 80.4292 4.33342 6.04352 32.2769 58.1594 
374.161 299.816 82.3123 238.203 33.8431 580.41 1222.22 469.628 0 230.859 612.193 181.289 0.856564 27.5564 58.1874 0.0117882 269.461 104.239 144.472 73.954 185.696 55.3512 1.28657 44.3487 281.693 11.8222 46.6965 26.6088 
87.1817 50.3918 33.761 33.9766 143.245 361.625 57.1629 223.729 297.695 0 598.31 51.6006 224.133 52.9413 17.9882 70.5697 74.3002 6.25113 1.70009 52.13 96.9584 49.4789 47.9151 49.6315 68.2052 57.207 9.54769 48.0493 
100.973 0.00320628 240.591 203.538 209.476 266.26 322.143 351.415 195.257 602.61 0 53.2444 12.0109 130.726 403.175 213.759 6.59658 166.133 99.6276 85.4965 104.779 49.8876 121.89 128.066 0.00927504 30.2615 73.5298 109.902 
83.4874 2.67873 187.761 93.1072 110.891 0.913857 76.0453 1012.52 391.942 243.386 470.106 0 158.112 165.985 6.1728 321.852 0.166012 22.5389 88.0146 12.6721 71.962 1.1601 78.842 115.859 319.15 205.021 35.8136 82.5352 
109.241 106.418 15.5594 61.0084 167.121 54.2476 1.67945 71.8375 143.174 160.597 39.3406 133.882 0 155.892 16.2349 7.77142 8.30609 94.7298 82.7905 0.159201 15.3901 62.0994 15.9606 69.5615 10.8916 44.1084 38.8515 0.304136 
8.12804 7.86041 0.503915 14.312 69.5083 9.614 0.073297 8.26476 0.0855814 33.3825 163.978 156.405 50.5532 0 37.2381 17.0058 9.42198 53.1961 7.28952 2.49955 9.31472 0.162033 4.55451 1.78334 8.88574 1.54946 11.2654 9.73712 
50.9563 5.85772 12.0185 21.069 43.3699 1.80749 111.791 45.112 218.078 108.866 405.239 207.991 92.0905 0.0473174 0 89.063 7.20527 32.1747 38.2721 8.30573 5.04587 17.5104 24.8296 18.008 28.3439 26.29 15.098 8.52315 
70.9645 84.4973 24.0582 15.6511 2.31463 15.1267 87.281 34.3832 150.69 11.0998 41.0154 16.4295 24.2045 10.7347 5.79367 0 23.1809 58.0722 25.5797 6.00468 59.7942 10.4007 8.48138 24.3758 7.79716 26.727 1.42182 10.8615 
315.393 238.682 26.258 238.028 0.453388 293.754 25.502 4.72404 312.455 21.7798 18.0159 0.0117999 32.9268 21.5299 30.0713 25.654 0 286.827 379.383 20.0844 36.4108 7.09328 14.2151 19.1814 265.107 1.55849 20.2701 8.26601 
27.9286 423.345 77.194 62.74 70.3212 123.745 233.505 181.478 102.831 125.737 31.6557 53.5308 70.5781 47.0204 30.6406 2.07533 202.22 0 135.785 23.1292 85.5192 10.171 44.9966 31.5378 59.5876 14.173 0.863362 20.7952 
75.4861 155.805 60.3964 46.5725 0.085192 76.1059 87.7136 6.52219 148.51 2.05396 83.913 24.523 58.3857 0.36331 1.82803 25.9176 235.188 3.90859 0 23.7252 72.2118 0.214657 0.150621 17.0829 29.6952 30.3429 19.3647 23.0148 
224.713 122.053 4.23109 1.97249 26.4762 14.9951 91.933 4.3906 23.3319 46.8754 74.6253 90.011 0.407072 0.0527899 5.98309 0.125425 25.8408 3.69645 35.5815 0 268.547 2.37982 2.59712 4.04777 10.0096 11.9514 3.66176 11.3505 
240.641 51.494 25.7572 210.47 53.821 71.242 117.422 16.5894 50.148 97.9856 89.5644 99.1162 6.24365 13.3965 21.6963 3.01929 65.6107 70.2986 61.6131 64.1806 0 8.1049 16.433 38.2285 42.3324 48.5595 44.0559 5.53685 
10.8707 32.3388 0.781588 0.0570253 47.0945 1.02481 0.106205 46.7678 43.4757 3.25548 0.252235 22.8202 52.4629 7.03347 3.26799 1.12627 17.1269 12.0204 0.00219065 6.37507 25.2957 0 11.2517 13.5751 5.21678 8.56303 4.75553 0.00314949 
43.3075 4.14481 4.98429 16.8387 3.16838 15.1976 69.5851 90.5172 7.65121 22.0246 61.8171 24.0024 2.57277 6.84253 25.2453 4.27424 18.9997 39.3912 1.82309 3.58707 29.9868 6.12093 0 15.3611 0.455535 9.01482 1.13637 8.42538 
0.0240915 40.0329 3.56032 16.3193 0.447441 13.2468 69.5455 98.5616 13.4057 55.485 79.7468 105.07 49.527 6.20881 1.40093 8.21524 0.0449474 1.67233 3.07756 5.60487 30.203 13.166 19.4315 0 10.6845 4.62878 10.9845 4.52935 
297.189 310.801 14.3224 238.836 30.1189 264.325 27.1995 167.496 287.706 49.4322 6.59261 844.067 46.2643 5.33739 29.1171 48.5106 264.222 0.0481186 23.6391 1.14314 0.021964 74.1788 12.0141 29.1401 0 43.9294 180.958 10.5346 
33.1067 58.0433 0.563455 0.00160129 26.4416 0.238518 87.655 102.981 11.8789 1.11658 80.3211 311.658 44.6634 1.44502 23.8801 19.8517 20.7658 6.75308 15.7121 7.76177 43.7779 0.243158 7.67743 2.1013 3.63349 0 32.7829 0.365876 
17.2416 0.00708367 9.59685 21.5029 0.0444811 12.4273 50.2434 69.3312 19.2207 1.50674 57.3508 113.681 25.1136 11.3116 18.0705 12.4845 14.0493 26.0969 16.0411 10.9703 31.8036 12.0724 0.263162 11.5558 5.25782 10.605 0 91.0585 
6.23792 3.2587 1.43921 17.3905 14.8762 3.60095 59.3864 67.7015 12.9473 45.3727 38.5233 176.297 41.0331 3.39567 0.440619 13.8661 7.35924 9.01157 24.9226 0.0190034 48.1968 10.2257 0.857537 0.126357 29.3284 35.9675 31.513 0 
