0 656.23 17.3596 758.745 21.1426 561.803 172.28 208.93 664.337 138.66 192.728 211.618 17.2345 22.1356 37.5408 38.934 524.513 50.8738 74.3627 278.528 242.873 22.6403 45.6082 44.4229 504.893 31.2455 26.765 59.2847 
439.734 0 133.619 706.347 4.09152 667.266 511.808 49.6307 768.82 237.099 240.838 35.305 146.363 0.0173558 0.208881 46.929 500.526 1042.06 6.01867 81.6212 65.884 0.683763 6.21787 53.5972 446.648 55.1386 21.3612 30.8634 
28.1389 226.72 0 15.2726 176.572 0.288234 1.61101 23.9686 418.924 94.4479 213.834 117.649 14.138 10.7964 32.3461 0.107742 46.6194 163.158 19.8134 0.0711245 0.559198 2.37272 5.56786 6.91123 2.88842 4.92501 0.55501 16.3592 
432.767 708.271 267.731 0 110.163 432.467 178.801 36.184 709.38 101.861 7.87501 259.781 49.0004 23.0414 23.308 42.2944 482.275 145.833 54.3142 23.2762 90.5079 5.18234 17.8782 26.4929 449.907 23.3507 19.2317 11.1083 
15.8553 58.4368 162.762 163.08 0 46.6625 306.26 49.1005 227.614 119.619 222.605 169.11 22.1998 7.65489 35.5047 70.9117 69.4246 107.392 76.03 22.2377 48.9926 22.3164 14.1524 27.6605 6.7733 22.2722 38.6705 4.557 
543.223 539.602 54.2138 441.383 800.521 0 896.193 15.9625 824.007 477.286 0.0403762 146.543 474.93 14.5015 3.19092 19.4365 477.857 94.5658 5.95478 19.0177 41.7473 17.2183 15.6269 18.0118 448.738 25.7546 2.99832 7.6381 
215.045 7.28342 209.833 156.416 133.535 87.9535 0 372.13 425.333 151.178 316.537 0.947782 132.247 56.3292 129.479 101.546 77.6926 153.59 19.2201 81.5157 0.129114 57.8742 53.1287 26.6543 60.5277 2.78564 33.0668 13.3782 
302.642 274.996 3.44382 423.473 9.57281 70.6619 46.8341 0 536.217 0.203285 374.375 577.097 7.18949 86.7349 66.3626 39.0332 98.5689 47.7311 14.1688 85.6561 152.52 38.7122 63.6203 85.9511 7.77765 11.7758 29.8309 63.0518 
579.166 473.708 42.4812 431.49 47.3513 821.437 1031.03 527.146 0 258.112 772.782 156.892 2.192 22.8626 78.5894 0.419457 459.658 112.349 146.933 70.9301 186.54 54.2185 0.68028 41.4395 478.529 8.908 45.0518 24.2894 
92.7544 40.5444 29.041 37.8674 166.968 446.087 26.961 224.128 272.846 0 576.756 42.5603 248.956 56.231 13.1541 67.2659 72.9077 8.25201 0.80831 52.8557 96.2147 50.738 46.4166 48.2817 67.2728 54.9928 10.2779 49.0217 
107.677 0.631096 238.101 202.217 200.025 258.793 283.409 340.14 140.218 602.53 0 80.5117 7.36694 143.773 408.09 205.508 7.62783 164.352 102.581 84.9903 101.127 48.1945 118.672 128.771 0.140257 36.3837 72.1207 110.158 
74.6789 1.15812 186.431 77.5113 105.555 0.195506 64.2826 1029.03 382.37 240.204 491.124 0 157.09 166.555 13.7128 252.575 0.0533166 25.371 86.5473 10.9261 67.0159 1.59754 83.5046 125.688 348.413 248.682 39.3546 90.8712 
109.21 102.062 17.3771 59.5526 170.229 46.8674 0.35858 75.9967 135.72 188.026 48.5665 130.255 0 156.314 12.3346 6.00694 7.49333 93.1827 83.5142 0.27715 16.515 65.3768 19.1765 69.0298 11.9156 43.0434 38.7116 0.183441 
7.28256 6.71859 0.337092 14.9417 69.8431 8.88826 0.00688703 6.05953 0.326157 36.7815 174.973 160.015 61.9823 0 28.0363 17.8842 9.08286 53.3536 7.76358 2.58485 10.0061 0.0847737 3.52341 1.35103 9.42015 1.2714 11.2894 9.95892 
49.2212 4.46331 10.7095 22.4281 40.3898 1.14537 117.145 53.4042 220.018 114.459 392.695 224.67 86.8813 1.9186 0 84.5847 7.656 33.7544 38.3961 8.52099 5.76807 17.54 25.1479 19.5222 27.6019 25.2612 15.4709 9.1809 
69.2608 84.1665 24.351 13.8508 1.68061 14.2021 89.9503 22.3685 151.793 8.72942 30.1679 0.831998 27.1738 12.1947 0.863127 0 23.4509 57.4154 26.0141 6.22057 60.4424 10.1908 9.07633 22.273 6.98202 28.2342 1.69044 10.0556 
510.681 432.346 27.9404 430.587 1.31822 486.849 23.0082 5.67373 507.707 19.9646 16.5035 0.081359 34.1674 21.6338 30.024 25.7645 0 283.577 93.2398 19.3639 35.1538 7.35386 14.4412 19.3443 457.865 1.76896 20.424 8.579 
21.1163 427.006 85.7332 56.6208 60.9274 123.173 234.356 181.278 94.7601 128.859 35.5741 57.2718 68.2702 47.7019 29.0737 1.61993 182.901 0 132.286 20.8061 88.3146 9.65064 44.9285 32.338 59.6612 13.1079 1.04659 19.9618 
71.9558 159.914 59.7529 48.1468 2.53084 79.001 93.8237 7.92821 146.269 3.36917 87.2996 26.4104 60.3899 0.251918 2.20924 25.4795 245.747 2.31822 0 24.5221 72.4239 0.148536 0.2178 17.4273 29.4865 30.446 19.1097 22.7319 
222.984 116.92 5.05898 1.15142 23.6952 14.2928 92.9012 6.00357 26.066 47.9238 73.1191 88.5911 0.585315 0.0720982 6.22112 0.0798757 26.4568 2.69444 35.2924 0 231.699 2.46081 2.53319 4.15939 10.258 11.8932 3.50956 11.3939 
237.1 57.3953 30.5051 203.533 57.2637 72.2671 120.57 12.676 44.7523 98.4625 85.6768 104.031 5.50779 12.6331 20.5 2.39037 66.0915 67.2593 62.6161 34.0429 0 8.46168 15.7744 37.4723 41.1264 47.2957 44.1423 6.13177 
11.4263 33.2227 0.888174 0.0298454 47.9238 1.24435 0.246943 47.9336 44.8024 4.03223 0.0934702 24.3437 55.985 6.67615 2.89906 1.30979 16.9074 12.5783 0.0156203 6.38213 25.6384 0 10.5732 13.7511 4.85583 8.71835 4.55723 6.50384e-05 
42.7919 4.79623 4.68173 17.147 2.64498 14.9657 68.7797 92.4343 9.38699 20.3058 56.4824 27.9151 1.39533 5.84994 25.2458 3.6672 19.0425 38.8801 2.03279 3.63042 30.5643 6.86497 0 17.4997 0.404781 8.80819 1.32119 8.26147 
0.110468 41.3454 3.22256 15.5481 0.673959 13.6323 70.1491 93.3579 15.4696 56.3903 84.447 115.18 51.6094 5.60941 0.785491 5.97808 0.0218268 1.37758 2.82556 5.52794 31.0934 13.4016 17.8272 0 13.2262 5.1864 10.4221 4.19228 
488.195 502.371 13.4637 431.964 31.5834 457.347 24.754 173.929 476.126 47.4883 4.43381 10.0887 47.2068 4.842 29.6961 63.7621 457.049 0.135185 23.1931 0.993232 0.000368203 54.3213 10.4612 27.4678 0 12.2179 81.7571 17.8128 
35.4418 60.1766 0.863277 0.0532472 24.824 0.415627 85.4175 88.0705 8.95783 0.595121 72.6931 272.648 43.618 1.73813 22.6886 21.8177 21.1386 5.97279 15.1583 7.50479 42.4008 0.188782 7.41398 1.7123 4.11791 0 31.5695 1.58671 
18.1074 0.00184332 9.97282 21.9806 0.102023 12.0752 49.3613 71.7521 17.8152 1.20793 59.1732 115.375 25.6978 11.3054 18.3166 12.9427 14.305 26.7228 16.3365 10.9475 32.4111 11.972 0.35938 12.1067 7.35141 12.1489 0 87.7453 
5.45447 2.691 1.71646 18.2869 15.8106 3.24295 60.7408 72.6181 11.2119 46.4499 41.658 175.64 41.489 3.66065 0.643865 13.0711 7.66309 8.3727 24.7118 0.00620322 48.6186 10.2768 0.980581 0.20386 27.7555 41.103 40.1669 0 
