0 485.608 30.3832 685.538 32.516 474.445 153.866 187.709 564.662 133.667 190.557 204.692 19.9434 20.5806 40.0202 42.2743 433.391 39.3185 69.6825 279.16 239.587 23.4497 45.9973 45.8897 416.728 34.2988 27.9603 59.818 
342.518 0 224.644 590.236 1.04644 578.631 481.033 36.1294 705.903 240.755 249.598 27.6172 144.557 0.180979 0.00169811 50.2109 419.576 492.628 2.96145 90.6623 74.1206 0.986852 7.24671 54.7984 356.116 52.1808 20.1616 32.6483 
43.6416 135.495 0 3.49242 182.791 0.0165694 8.52336 11.1297 458.05 99.438 199.657 129.413 11.9473 11.4605 33.0546 0.00732023 44.9275 162.266 22.3886 0.295019 1.99523 2.15618 5.1631 7.44894 2.24081 5.91698 0.401954 16.9737 
343.591 592.654 81.7883 0 119.604 345.681 188.17 79.5839 643.884 99.3154 13.8696 258.259 51.342 22.8674 21.5274 41.5221 394.941 145.718 55.8843 26.3494 631.011 4.85577 18.1944 26.3028 363.414 25.7194 18.5169 12.239 
26.004 109.109 151.648 161.061 0 64.4043 261.412 40.2809 200.201 150.321 232.689 172.25 16.5989 9.22024 31.7292 72.0048 61.7397 121.17 103.122 18.8226 44.604 20.8945 15.5248 29.1703 5.6564 24.3533 37.8385 3.83385 
460.001 473.859 49.7151 356.265 112.239 0 1011.35 25.0856 784.115 535.95 1.76295 141.598 96.0823 15.4026 2.04667 20.5178 387.685 99.6848 3.54203 18.2185 44.3759 17.6694 15.8508 17.9923 361.212 25.1478 3.34315 8.26741 
199.263 31.9159 227.085 142.404 92.3324 302.306 0 347.805 797.876 221.527 364.642 0.00828724 145.355 60.8078 123.933 102.754 81.2327 140.378 14.2213 78.5292 0.00918472 56.8589 50.815 29.038 57.099 4.41071 31.5508 11.6472 
295.174 283.332 0.0620611 391.686 14.5344 56.4326 73.065 0 597.353 0.147551 372.287 776.687 5.02279 80.7906 54.7816 22.6857 97.8701 41.4444 11.7564 80.9604 143.385 40.3649 59.5815 93.0442 13.7474 21.9916 26.7 69.5226 
506.717 365.253 9.0332 350.472 67.9404 782.373 677.423 590.405 0 291.774 807.03 125.874 4.87206 17.254 126.62 1.83587 368.061 122.992 149.7 66.8541 187.026 52.6832 0.173423 37.6588 395.679 5.66771 42.8744 21.3495 
99.9683 28.936 23.2035 43.1238 198.081 511.207 3.94477 223.426 237.655 0 526.899 31.7492 278.045 60.4107 7.84635 62.6961 70.9591 11.2776 0.132996 53.7132 95.0888 52.3051 44.3591 46.4175 65.8846 51.9709 11.2679 50.2324 
116.418 3.10626 231.889 198.944 186.784 245.328 230.981 322.312 51.924 578.711 0 123.022 2.94528 159.984 399.114 192.291 9.08811 161.61 106.288 84.1694 96.21 45.9411 113.933 129.139 0.986018 45.034 70.1769 110.201 
63.4938 0.11321 183.273 58.3344 98.4493 0.0551561 49.9161 974.883 365.664 234.472 509.944 0 155.316 166.042 27.8112 161.737 2.61638e-06 29.2981 84.5141 8.80318 60.6037 2.27679 89.4577 138.016 333.312 302.176 44.14 101.792 
108.96 96.1611 19.8718 57.5405 173.588 29.2969 0.102559 81.4581 125.617 223.069 61.795 125.206 0 154.11 7.94194 4.00936 6.47984 91.0201 84.3062 0.481408 18.0385 69.491 23.7261 68.1056 13.313 41.5896 38.4994 0.0707591 
6.23053 5.34005 0.167789 15.7539 70.1398 7.94813 0.300451 3.6581 1.44419 41.304 187.716 163.595 77.5499 0 16.4553 18.7417 8.6396 53.497 8.4009 2.6967 10.9422 0.020773 2.26753 0.862475 10.1158 0.943477 11.3078 10.2364 
46.8823 2.90571 9.05247 24.1954 36.5139 0.499085 123.555 64.9133 220.228 120.882 362.048 243.558 79.6139 8.23979 0 72.7634 8.2626 35.8348 38.5016 8.79761 6.78314 17.5381 25.2662 21.4028 26.5216 23.7899 15.9448 10.0589 
66.8446 83.5057 24.6364 11.5748 0.997928 12.9824 93.152 10.2286 152.365 6.00578 18.1259 10.4905 31.2113 14.0196 1.09233 0 23.7887 56.4751 26.5609 6.50006 61.1877 9.89818 9.81094 19.148 6.11429 29.9359 2.07538 9.00622 
425.548 345.851 30.1525 342.123 3.13345 398.824 19.8736 7.04685 422.588 17.6609 14.5946 0.267753 35.7954 21.7549 29.9344 25.8884 0 274.961 22.4081 18.4097 33.4981 7.70002 14.7332 19.548 369.52 2.06468 20.6188 8.99476 
13.4879 449.722 96.8847 48.7574 49.2645 121.878 234.074 180.499 84.272 132.628 40.9807 62.2674 65.186 48.5482 27.0298 1.10466 156.326 0 127.199 17.882 91.8929 8.98085 44.8004 33.3756 59.6909 11.7535 1.3138 18.875 
67.2319 164.487 58.709 50.1298 10.7927 82.3753 101.717 9.97002 142.858 5.57494 91.6477 28.9609 62.9571 0.136125 2.76208 24.8797 252.161 0.849086 0 25.5503 72.6192 0.0799434 0.324787 17.8718 29.1876 30.5517 18.7672 22.3473 
215.761 109.488 6.23321 0.400995 20.1977 13.3578 93.871 8.48494 29.8151 49.2253 71.0272 86.5371 0.868193 0.101993 6.53342 0.0354514 27.2407 1.61107 34.8572 0 177.022 2.56813 2.44835 4.30421 10.5764 11.7993 3.31197 11.4405 
230.567 65.4067 37.1541 182.522 61.829 73.476 124.465 8.28588 37.9829 98.9351 80.5164 110.387 4.60494 11.6498 18.9502 1.67092 66.6586 63.2413 63.8745 8.00051 0 8.93871 14.9153 36.4467 39.5096 45.5801 44.2243 6.9541 
12.1698 34.3715 1.03794 0.00736112 48.9697 1.56329 0.520737 49.436 46.5246 5.17058 0.00220787 26.3873 60.5116 6.19768 2.44115 1.56953 16.6121 13.3234 0.0518925 6.38812 26.0804 0 9.6377 13.9313 4.431 8.91609 4.29927 0.00304298 
42.0682 5.7184 4.28975 17.5267 2.02519 14.6338 67.5759 94.7179 11.9102 18.0993 49.5702 33.3763 0.386301 4.47944 24.9446 2.91226 19.0881 38.1796 2.3243 3.68501 31.306 7.8541 0 19.6167 0.487779 8.51872 1.58308 8.03715 
0.319425 43.0404 2.79756 14.522 1.04137 14.1224 70.8032 86.2753 18.3657 57.4523 90.454 128.069 54.2385 4.81352 0.240887 3.46557 0.00398588 1.03213 2.50831 5.4219 32.2487 13.6627 15.0262 0 16.9305 5.94551 9.67839 3.76083 
397.476 412.356 12.3383 344.274 33.5163 369.313 21.6502 181.13 382.225 44.8715 2.22935 24.2684 48.3861 4.21254 30.3343 72.3749 368.795 0.316534 22.5929 0.810916 0.0573115 17.5728 8.521 28.5602 0 27.9139 72.9958 110.479 
38.536 62.8939 1.35087 0.343848 22.7325 0.721606 82.2318 69.2341 5.70795 0.155958 62.8016 216.242 42.1879 2.15797 21.0347 24.2728 21.6173 5.0119 14.4301 7.16238 40.5526 0.127553 7.05663 1.25516 4.9848 0 29.8237 4.44109 
19.2608 0.044155 10.4668 22.5865 0.213496 11.608 48.1585 74.8457 16.0249 0.863921 61.5204 117.267 26.4576 11.2841 18.615 13.531 14.6388 27.5411 16.721 10.9103 33.1955 11.8311 0.50802 12.8183 10.5881 14.2605 0 81.1109 
4.49654 2.02366 2.11497 19.458 17.0662 2.79607 62.4396 79.0437 9.09685 47.8071 45.8526 173.585 42.0495 4.01754 0.967784 12.0127 8.0679 7.56109 24.4194 1.02901e-06 49.1263 10.3374 1.15358 0.333416 25.6638 47.4528 51.8525 0 
