0 197.645 42.2481 453.321 42.5444 240.419 139.586 171.093 320.962 129.538 188.393 198.736 22.1038 19.4135 41.8917 44.805 196.975 31.3459 66.0722 262.434 235.624 24.0614 46.2528 46.9622 182.581 36.6427 28.8654 60.1588 
119.627 0 295.886 331.335 11.0793 341.343 447.561 27.1176 487.612 242.032 255.172 22.3227 142.851 0.420266 0.0755672 52.6738 191.027 1030.58 1.34662 97.3177 80.4757 1.25348 8.07332 55.6565 120.367 49.8939 19.2596 34.0046 
57.0535 76.1334 0 28.9084 186.026 0.402242 17.2476 4.53301 471.802 102.816 187.352 137.953 10.3827 11.9507 33.4701 0.00981093 43.5687 160.564 24.3905 0.565956 3.66535 1.99714 4.85859 7.85897 1.7992 6.71447 0.301804 17.4248 
118.47 334.037 47.8142 0 126.388 113.038 193.888 706.437 422.96 97.0636 19.4584 254.669 53.0748 22.6938 20.1634 40.7541 161.468 145.017 56.9809 28.6631 463.353 4.61183 18.4122 26.1058 130.662 27.4953 17.9637 13.1132 
35.1878 155.125 142.214 158.684 0 73.4978 225.845 34.0392 178.955 174.09 239.444 174.287 12.8354 10.4918 28.9314 72.7248 55.9988 131.62 125.003 16.3724 41.3367 19.8272 16.594 30.3161 4.86899 25.9643 37.1914 3.32315 
229.257 256.596 45.9984 124.775 594.658 0 1506.23 33.1917 572.976 656.771 6.16371 137.356 172.567 16.0649 1.33898 21.3035 152.069 103.324 2.11154 17.5864 46.3561 17.9935 15.9979 17.9523 127.658 24.6401 3.61522 8.75293 
186.383 61.3067 237.202 131.07 64.8481 543.929 0 326.116 1055.72 277.13 397.546 0.810207 154.959 64.1397 119.168 103.36 83.8329 130.116 10.8799 76.1004 0.195095 56.0324 49.0066 30.8715 54.4467 5.88142 30.3963 10.3972 
287.54 288.124 0.949205 318.333 18.942 46.3221 95.9709 0 631.549 1.03642 367.919 900.601 3.62743 76.1531 46.4189 12.983 97.2368 36.8781 10.0575 77.2742 136.189 41.6101 56.4735 98.2583 19.3147 31.6208 24.3952 74.4325 
284.32 119.742 0.0761061 126.713 85.4414 571.987 396.749 626.548 0 314.988 42.4338 103.576 7.59461 13.4829 115.904 3.57062 131.513 131.001 151.433 63.6967 186.92 51.4843 0.0111524 34.8336 165.752 3.6761 41.213 19.2083 
105.325 21.2612 19.099 47.193 221.032 517.474 0.232045 221.965 209.743 0 475.194 24.4479 296.658 63.4471 4.67842 59.0847 69.394 13.8638 0.00176921 54.2889 94.1234 53.4237 42.7372 44.9397 64.7114 49.6045 12.0411 51.0977 
122.959 6.22113 225.037 195.321 176.206 232.588 191.395 306.712 11.564 543.793 0 159.342 0.907917 171.321 380.989 180.673 10.2739 159.233 108.957 83.43 92.402 44.2132 109.976 128.991 2.13565 51.989 68.635 110.011 
55.3726 0.0512422 179.835 45.0863 93.0102 0.56105 39.9701 881.181 350.087 228.991 517.076 0 153.649 164.698 41.3934 100.029 0.0317367 32.4251 82.8945 7.32867 55.8254 2.87056 93.8101 146.781 279.579 337.294 47.8541 109.959 
108.612 91.5705 21.8371 55.9434 175.566 16.4543 1.03648 85.5839 117.772 247.973 72.5576 121.175 0 150.39 5.20897 2.74883 5.75358 89.2844 84.7842 0.673634 19.2277 72.4421 27.3901 67.2364 14.4104 40.448 38.3171 0.0203207 
5.47902 4.39014 0.0779366 16.3562 70.2552 7.24898 0.811641 2.22642 2.89497 44.7497 195.887 165.394 89.432 0 9.04962 19.147 8.30539 53.5571 8.8946 2.78128 11.6725 0.00103545 1.44681 0.558614 10.636 0.724615 11.3118 10.4357 
45.0685 1.93881 7.85353 25.5145 33.6176 0.183543 127.89 74.0009 218.603 124.971 329.492 255.177 73.8488 15.4334 0 60.422 8.73312 37.413 38.5379 9.0024 7.60204 17.5057 25.1261 22.7233 25.6277 22.5937 16.2912 10.7327 
64.8852 82.8345 24.776 9.93285 0.596135 12.0586 95.3328 4.05249 152.127 4.25478 10.8708 40.0159 34.3562 15.2914 6.34899 0 24.0316 55.7046 26.9567 6.70844 61.6708 9.66403 10.3248 16.5977 5.61992 30.99 2.39089 8.22215 
193.714 113.573 31.8246 107.966 5.01751 164.797 17.6122 8.18179 190.814 15.9801 13.2087 0.48126 37.027 21.8349 29.8455 25.9662 0 265.284 320.703 17.6813 32.2408 7.9654 14.9508 19.6945 135.343 2.30339 20.7607 9.31351 
8.77129 462.923 105.177 42.98 41.0197 120.49 232.798 179.517 76.4563 135.221 45.263 66.1063 62.812 49.1517 25.4943 0.777788 135.779 0 122.992 15.7711 94.5281 8.48369 44.6739 34.1514 59.6625 10.7623 1.53652 18.0575 
63.5994 167.298 57.7705 51.5632 20.7247 84.5814 107.556 11.6626 139.929 7.60097 94.8568 30.9457 64.8486 0.0716832 3.22007 24.4069 250.55 0.214407 0 26.314 72.7036 0.0418815 0.420123 18.2027 28.9423 30.609 18.5018 22.0459 
206.727 103.395 7.18274 0.0883217 17.6777 12.6421 94.3727 10.6327 32.7663 50.1519 69.3584 84.8409 1.1195 0.128089 6.76962 0.0135638 27.8149 0.970195 34.4858 0 134.29 2.65019 2.3834 4.41254 10.8115 11.7149 3.164 11.468 
224.245 71.643 42.4602 170.529 65.3133 74.2852 127.225 5.54939 33.1184 99.1755 76.5738 115.111 3.9696 10.9199 17.7936 1.20804 67.0388 60.1827 64.7824 0.234802 0 9.30668 14.2689 35.6455 38.2607 44.24 44.2625 7.60805 
12.7438 35.2324 1.15883 0.000387375 49.7285 1.82787 0.795665 50.5518 47.813 6.1209 0.0224122 27.9665 63.8423 5.82988 2.11538 1.78015 16.383 13.8973 0.0935626 6.39014 26.4094 0 8.90314 14.0283 4.14692 9.06111 4.10572 0.0106512 
41.4849 6.46714 3.99745 17.7946 1.60756 14.3621 66.555 96.2635 14.0006 16.4714 44.4418 37.7338 0.0378711 3.45116 24.4908 2.37977 19.1146 37.6267 2.55739 3.72457 31.8552 8.60408 0 20.5662 0.663937 8.28623 1.79573 7.86049 
0.550218 44.3009 2.49042 13.7369 1.37274 14.4806 71.192 80.7589 20.6943 58.1579 94.851 137.399 56.1413 4.21369 0.0354423 1.96166 1.25244e-06 0.802239 2.27841 5.3378 33.1126 13.8228 12.5449 0 19.9438 6.53778 9.11268 3.44319 
161.451 176.832 11.4903 110.721 34.9864 135.344 19.3888 185.569 143.968 42.8462 1.05032 861.333 49.2338 3.75377 30.7218 68.0278 134.688 0.504874 22.1273 0.683995 0.165358 3.77026 7.1436 31.2595 0 68.4985 171.595 110.948 
40.8935 64.8827 1.78991 0.732043 21.1757 1.00853 79.641 55.82 3.70876 0.0117102 55.4761 172.186 41.0629 2.50108 19.7251 26.0019 21.9717 4.33325 13.878 6.89954 39.1245 0.0889387 6.77799 0.951663 5.81041 0 28.397 7.48317 
20.1468 0.113666 10.841 23.0289 0.325291 11.2508 47.2141 77.1185 14.712 0.640325 63.2613 118.441 27.0273 11.258 18.822 13.9656 14.8902 28.1583 17.0098 10.8766 33.7797 11.7176 0.637416 13.3465 13.3685 15.9101 0 74.576 
3.8257 1.57815 2.44254 20.3383 18.0387 2.47563 63.6636 83.8613 7.62325 48.7901 49.0792 171.137 42.4448 4.29423 1.25584 11.2043 8.37906 6.96735 24.186 0.00338167 49.4758 10.3783 1.2932 0.452518 24.079 51.8006 60.5457 0 
