0 67.4926 51.1959 350.41 50.0288 140.816 129.769 159.595 214.629 126.558 186.661 194.34 23.6296 18.6235 43.1629 46.5267 95.9737 26.336 63.5837 245.019 232.206 24.4778 46.4074 47.6735 83.1409 38.253 29.4825 60.3594 
36.6343 0 341.888 213.674 23.8942 238.4 420.377 21.6258 397.181 242.149 258.418 18.9905 141.522 0.640823 0.24112 54.3384 95.4553 769.338 0.601714 101.726 84.8527 1.45377 8.66028 56.2153 19.9292 48.314 18.6478 34.931 
66.871 43.7065 0 60.9518 187.469 0.95808 24.8211 1.68011 472.674 104.903 178.287 143.548 9.36535 12.2778 33.6915 0.0507593 42.6055 158.899 25.7775 0.800531 5.08869 1.89119 4.65221 8.13953 1.52316 7.27967 0.241413 17.7249 
29.8589 216.519 86.8577 0 130.797 14.8442 197.054 538.849 330.359 95.3729 23.7648 251.032 54.2342 22.5548 19.2286 40.142 62.5073 144.235 57.681 30.2227 671.787 4.44719 18.5499 25.9453 32.2339 28.6915 17.5808 13.7174 
42.1429 189.299 135.347 156.651 0 73.3058 201.326 30.0187 164.391 190.29 243.582 175.502 10.5188 11.4006 27.0592 73.1613 52.1404 138.712 140.335 14.7743 39.1404 19.1044 17.3375 31.0982 4.36165 27.079 36.7416 2.99351 
131.952 168.42 43.3399 27.3068 273.633 0 1507.73 39.2657 481.611 418.363 10.6677 134.23 571.96 16.5051 0.938477 21.821 51.6528 105.676 1.34053 17.1429 47.6992 18.2055 16.0869 17.9125 28.674 24.2707 3.80615 9.08817 
177.215 86.0896 242.478 123.065 48.3856 709.001 0 309.918 1190.33 314.708 417.72 2.11007 161.303 66.3737 115.657 103.617 85.5627 123.032 8.83338 74.3653 0.459872 55.4403 47.7475 32.1341 52.6144 7.0012 29.6062 9.57628 
281.392 290.607 3.27135 256.451 22.2606 39.8262 112.874 0 648.001 2.10481 363.575 964.335 2.8003 72.9354 40.9655 7.82741 96.7534 33.8689 8.96447 74.7029 131.163 42.4556 54.3346 101.718 23.6036 39.0467 22.8593 77.7734 
192.761 14.6746 2.55022 36.6938 98.1946 481.174 229.959 644.456 0 329.401 0.127197 89.1489 9.78945 11.1732 81.0715 5.07775 30.5347 136.417 152.431 61.5135 186.61 50.6492 0.0114815 32.9302 69.2763 2.55516 40.0748 17.7931 
108.911 16.6301 16.4765 50.0001 236.117 500.466 4.70323 220.51 190.407 0 434.445 19.9447 307.354 65.4429 2.96602 56.5595 68.2838 15.7705 0.102637 54.644 93.4094 54.1511 41.6018 43.9009 63.8521 47.9563 12.58 51.6614 
127.367 8.95226 219.35 192.297 168.76 222.765 165.055 295.132 18.1398 512.517 0 185.677 0.184226 178.48 363.44 172.054 11.1221 157.464 110.705 82.8676 89.7672 43.0253 107.106 128.677 3.17058 56.9034 67.55 109.771 
50.0356 0.373715 176.986 36.8084 89.2809 1.2104 33.7023 795.811 338.126 224.708 518.273 0 152.353 163.31 51.9421 64.3737 0.0893887 34.6308 81.7512 6.39159 52.6132 3.31481 96.6875 152.415 239.437 357.555 50.4252 115.439 
108.295 88.3876 23.2125 54.8193 176.627 11.0254 2.23298 88.3868 112.35 263.754 80.2176 118.329 0 146.872 3.65672 2.01897 5.2792 88.0529 85.0489 0.823401 20.0559 74.3629 29.9826 66.5608 15.1775 39.6501 38.1819 0.0033698 
4.98957 3.79046 0.0360028 16.7597 70.2793 6.78003 1.30327 1.44756 4.18086 47.0982 200.647 166.154 97.428 0 5.0672 19.2956 8.07823 53.5739 9.23661 2.83889 12.1811 0.00197568 0.974491 0.38672 10.9864 0.590578 11.3096 10.5661 
43.8125 1.38761 7.06785 26.4014 31.6673 0.0564915 130.565 80.3347 216.615 127.344 303.507 261.611 69.8173 21.1919 0 50.9974 9.05952 38.4895 38.5408 9.13961 8.1851 17.4681 24.9166 23.5626 24.9827 21.7418 16.521 11.1958 
63.4875 82.2924 24.8325 8.86048 0.380153 11.4305 96.6925 1.42888 151.629 3.22266 6.92523 70.0252 36.5354 16.0868 12.21 0 24.1909 55.1504 27.2173 6.84875 61.959 9.49829 10.651 14.812 5.36723 31.5824 2.6177 7.6946 
95.855 15.7019 32.9607 8.62551 6.5514 65.4434 16.129 9.00257 93.0212 14.8674 12.294 0.662929 37.8657 21.8837 29.7744 26.0112 0 257.216 81.506 17.1821 31.382 8.14802 15.0973 19.7907 35.9354 2.47354 20.8547 9.53279 
6.1072 461.017 110.707 39.1502 35.7253 119.344 231.401 178.653 71.2108 136.853 48.2709 68.7485 61.1757 49.5443 24.4545 0.586716 121.788 0 119.958 14.3868 96.2853 8.14965 44.573 34.6752 59.6177 10.104 1.69857 17.5029 
61.1013 168.878 57.0585 52.5045 29.216 85.9018 111.452 12.8882 137.765 9.15504 96.9996 32.3247 66.1102 0.0393712 3.55176 24.0754 246.175 0.0221944 0 26.8268 72.7294 0.0228555 0.492263 18.4254 28.7657 30.6367 18.3179 21.8353 
198.932 99.0386 7.85743 0.00446153 16.0287 12.1512 94.5976 12.2272 34.8298 50.7533 68.1798 83.616 1.3093 0.147606 6.93042 0.00452683 28.1964 0.623984 34.2118 0 106.103 2.70656 2.33877 4.4857 10.9687 11.6508 3.06392 11.4828 
219.283 75.9649 46.1919 169.2 67.6992 74.783 129.008 3.98446 29.942 99.2807 73.8723 118.281 3.56066 10.4299 17.014 0.933736 67.2734 58.0918 65.3788 1.26832 0 9.56104 13.8304 35.0873 37.3975 43.3067 44.2766 8.06942 
13.1407 35.8146 1.24499 0.000653318 50.229 2.01958 1.01675 51.3015 48.6833 6.81199 0.0807985 29.0581 66.0542 5.57711 1.90416 1.93053 16.224 14.2935 0.129068 6.39027 26.6309 0 8.39291 14.0744 3.97206 9.1576 3.97466 0.0185133 
41.0698 7.00244 3.80061 17.9673 1.34879 14.1669 65.8052 97.223 15.5121 15.3857 41.0143 40.8034 0.00956088 2.78208 24.0722 2.03939 19.1287 37.2386 2.72248 3.75064 32.2233 9.1122 0 20.8496 0.839931 8.12137 1.94772 7.73673 
0.743672 45.1483 2.28866 13.1988 1.62509 14.7181 71.4036 76.9388 22.3465 58.5889 97.7611 143.487 57.391 3.81049 0.000367104 1.16315 0.0020421 0.661347 2.12682 5.27856 33.6959 13.9128 10.7606 0 22.0678 6.94884 8.72658 3.23146 
60.7594 76.4664 10.9155 11.7996 35.991 36.0649 17.8945 188.064 41.8497 41.4464 0.494933 741.921 49.7886 3.45072 30.9371 60.5341 35.3292 0.658691 21.8043 0.603059 0.271407 7.43845 6.25745 33.6118 0 89.8703 173.606 64.1758 
42.5047 66.2017 2.12322 1.07956 20.1288 1.23134 77.7904 47.2215 2.5825 0.00774839 50.5954 142.687 40.2755 2.74689 18.8088 27.1012 22.2092 3.89528 13.5013 6.71869 38.1375 0.0664898 6.58434 0.766833 6.45412 0 27.3774 9.95283 
20.757 0.17977 11.096 23.3221 0.415193 11.0055 46.5536 78.631 13.8388 0.506356 64.4288 119.11 27.4131 11.2352 18.9534 14.256 15.0611 28.5781 17.2056 10.8509 34.1731 11.6367 0.733964 13.7007 15.4073 17.0536 0 69.4959 
3.39593 1.30445 2.67854 20.9343 18.7125 2.26632 64.466 87.1099 6.68399 49.4372 51.2999 169.034 42.6997 4.48587 1.47321 10.6515 8.59357 6.5729 24.0209 0.00972038 49.6965 10.4037 1.39263 0.544103 23.0063 54.4678 66.2154 0 
