0 62.2185 51.9087 346.838 50.6239 137.649 129.014 158.709 210.942 126.324 186.519 193.991 23.7485 18.5631 43.2603 46.6587 92.7077 25.9661 63.3918 243.561 231.921 24.5097 46.4186 47.7274 79.9951 38.3771 29.5298 60.3737 
35.0365 0 345.263 209.094 25.0733 234.94 418.157 21.2269 394.663 242.133 258.649 18.7443 141.414 0.659685 0.257717 54.4657 92.608 914.704 0.556623 102.06 85.1902 1.46977 8.70612 56.2573 16.7101 48.1921 18.601 35.0023 
67.6445 41.54 0 63.8134 187.554 1.01053 25.455 1.51771 472.451 105.056 177.571 143.969 9.28889 12.3027 33.7064 0.0552258 42.5303 158.754 25.8846 0.820204 5.20742 1.88313 4.63641 8.16111 1.50283 7.32376 0.237045 17.7477 
27.695 211.947 90.4839 0 131.128 11.8015 197.272 310.57 327.662 95.238 24.1115 250.714 54.3224 22.5435 19.1567 40.0921 59.399 144.165 57.7331 30.3416 680.705 4.4346 18.5601 25.9321 29.1678 28.7828 17.5512 13.7641 
42.699 191.996 134.806 156.481 0 73.0957 199.446 29.7182 163.273 191.528 243.884 175.59 10.3495 11.4718 26.9166 73.193 51.8462 139.254 141.521 14.6542 38.9728 19.0491 17.395 31.1583 4.32372 27.1651 36.7067 2.96881 
128.963 166.127 43.1322 24.3176 421.561 0 1581.82 39.7493 478.818 508.432 11.0631 133.982 572.629 16.5385 0.910539 21.86 48.433 105.853 1.28833 17.1084 47.802 18.2214 16.0934 17.909 25.565 24.2416 3.821 9.11406 
176.5 88.1371 242.826 122.443 47.2062 720.815 0 308.631 1198.81 317.554 419.185 2.23518 161.782 66.5439 115.379 103.631 85.694 122.486 8.6843 74.2295 0.48485 55.3939 47.6499 32.2314 52.4729 7.09111 29.5454 9.5143 
280.89 290.771 3.50694 251.76 22.5258 39.3423 114.21 0 649.021 2.20236 363.197 968.415 2.74101 72.6868 40.5558 7.48283 96.7145 33.6415 8.88276 74.5036 130.773 42.5203 54.1698 101.98 23.9487 39.6443 22.7426 78.0295 
190.215 11.1702 3.02986 34.3472 99.1991 478.425 218.538 645.59 0 330.456 60.8347 88.0706 9.96936 11.0052 77.9009 5.20432 27.2742 136.831 152.501 61.3449 186.578 50.5846 0.0152569 32.7849 66.3609 2.47717 39.9873 17.686 
109.184 16.2957 16.2813 50.2162 237.251 498.501 5.28114 220.383 188.918 0 431.163 19.6155 308.103 65.5935 2.85002 56.3637 68.1972 15.9215 0.116816 54.67 93.3527 54.2057 41.5137 43.8201 63.7842 47.8288 12.6218 51.7038 
127.703 9.18241 218.88 192.047 168.181 221.975 163.065 294.213 20.0143 509.888 0 187.743 0.151256 179.009 361.929 171.372 11.1884 157.323 110.837 82.8225 89.5637 42.9338 106.88 128.646 3.25853 57.286 67.4655 109.749 
49.6329 0.41077 176.75 36.2002 88.9938 1.27051 33.2392 788.659 337.165 224.361 518.24 0 152.248 163.188 52.7916 61.9017 0.0950322 34.8026 81.662 6.32197 52.3683 3.35022 96.9052 152.835 236.69 358.97 50.6239 115.856 
108.268 88.1416 23.3193 54.7319 176.699 10.7707 2.34362 88.6016 111.932 264.917 80.8156 118.108 0 146.57 3.54823 1.96737 5.24347 87.9567 85.0672 0.83554 20.1201 74.5071 30.1848 66.5061 15.2371 39.5882 38.1712 0.0026567 
4.9528 3.74603 0.0334395 16.7904 70.2793 6.74432 1.34584 1.39446 4.28951 47.2784 200.983 166.196 98.0356 0 4.80363 19.3026 8.06082 53.5744 9.26305 2.84331 12.2205 0.00253467 0.941539 0.374749 11.0131 0.58081 11.3093 10.5759 
43.7154 1.34896 7.00872 26.4691 31.5183 0.0497272 130.761 80.8246 216.433 127.512 301.403 262.052 69.5048 21.655 0 50.2543 9.08477 38.5721 38.5403 9.15005 8.23067 17.4647 24.8968 23.6248 24.932 21.6753 16.5384 11.2315 
63.3782 82.2479 24.8356 8.77987 0.365529 11.3824 96.7925 1.28212 151.58 3.14898 6.6572 72.6276 36.7036 16.1451 12.7286 0 24.2029 55.1068 27.237 6.85945 61.9797 9.48538 10.6752 14.6742 5.35072 31.6234 2.63551 7.65438 
92.8308 12.6865 33.0477 5.49105 6.67743 62.3045 16.0171 9.06718 90.003 14.7831 12.2248 0.678098 37.9301 21.8872 29.7686 26.0144 0 256.549 110.175 17.1437 31.3161 8.16209 15.1085 19.7979 32.7939 2.48686 20.8619 9.5497 
5.9216 460.383 111.127 38.8601 35.3304 119.249 231.276 178.581 70.811 136.974 48.5049 68.9524 61.0495 49.5738 24.3748 0.573123 120.718 0 119.72 14.2824 96.4189 8.12414 44.5648 34.7152 59.6134 10.054 1.71136 17.4604 
60.9089 168.988 57.0014 52.5754 29.9232 85.9968 111.747 12.9847 137.593 9.28017 97.1624 32.4315 66.2062 0.0372841 3.57788 24.0497 245.732 0.0155804 0 26.8659 72.7303 0.0216283 0.498046 18.4424 28.7518 30.6385 18.3036 21.819 
198.282 98.6976 7.91008 0.00240667 15.9045 12.1135 94.6109 12.3538 34.9899 50.7984 68.0879 83.5196 1.3245 0.149162 6.94275 0.00403193 28.2253 0.600488 34.19 0 104.002 2.71091 2.33533 4.49129 10.9806 11.6456 3.05627 11.4838 
218.881 76.2986 46.4818 169.38 67.8825 74.8194 129.141 3.87473 29.703 99.2868 73.6645 118.522 3.53006 10.3925 16.9545 0.914079 67.2906 57.931 65.4238 1.56233 0 9.58067 13.7968 35.044 37.3309 43.2343 44.2773 8.10537 
13.1713 35.8592 1.25173 0.000843493 50.2669 2.03469 1.03487 51.3586 48.7498 6.86646 0.0867832 29.1425 66.2219 5.55765 1.88831 1.9423 16.2117 14.3241 0.132036 6.39024 26.6479 0 8.35349 14.0773 3.95928 9.16492 3.96463 0.0192068 
41.0373 7.04442 3.78559 17.9803 1.3298 14.1516 65.7459 97.2935 15.631 15.3031 40.7538 41.0423 0.014465 2.73228 24.0365 2.01406 19.1297 37.2084 2.73536 3.75262 32.2514 9.15102 0 20.8587 0.855301 8.1085 1.95962 7.72711 
0.759739 45.2129 2.27343 13.1574 1.64535 14.7361 71.418 76.6439 22.4755 58.6203 97.9814 143.944 57.4851 3.77982 0.0012329 1.10993 0.00235959 0.651067 2.11536 5.27395 33.7405 13.9191 10.6223 0 22.2326 6.9806 8.69692 3.21536 
57.5186 73.2501 10.8716 8.69749 36.0683 32.9328 17.7814 188.237 38.5027 41.3383 0.460736 526.499 49.8304 3.4278 30.952 59.8491 32.1915 0.671359 21.7793 0.597036 0.28065 8.16576 6.19136 33.8003 0 90.9027 170.445 60.0167 
42.6285 66.3018 2.14995 1.10901 20.0489 1.24934 77.6456 46.5817 2.50417 0.0106355 50.225 140.464 40.2143 2.76613 18.7377 27.1827 22.2272 3.86247 13.4723 6.70476 38.0613 0.0648969 6.56935 0.753396 6.50621 0 27.2977 10.1548 
20.8041 0.18547 11.1156 23.3443 0.422561 10.9866 46.5023 78.7459 13.7726 0.496691 64.5179 119.157 27.4427 11.2332 18.9632 14.2781 15.0742 28.6102 17.2206 10.8488 34.2031 11.6304 0.741653 13.7277 15.5682 17.1419 0 69.0876 
3.36386 1.28444 2.69707 20.9799 18.7646 2.25055 64.5265 87.3579 6.61415 49.486 51.4711 168.858 42.7188 4.50068 1.4906 10.609 8.61013 6.54298 24.008 0.0103436 49.7128 10.4055 1.40042 0.551486 22.9244 54.6614 66.6387 0 
