0 53.9741 53.3447 341.823 51.8229 133.51 127.504 156.936 205.762 125.854 186.233 193.29 23.987 18.4423 43.4549 46.9226 88.3734 25.2337 63.0079 240.614 231.339 24.5736 46.4407 47.8349 75.9011 38.6251 29.6245 60.4019 
34.1549 0 351.931 202.118 27.5113 230.2 413.67 20.4395 391.797 242.089 259.101 18.2563 141.197 0.69825 0.292561 54.7199 89.1112 1103.29 0.471701 102.725 85.8648 1.50204 8.79816 56.3409 12.471 47.948 18.5073 35.1446 
69.1976 37.3584 0 69.6815 187.712 1.11959 26.7435 1.21756 471.879 105.358 176.13 144.807 9.13687 12.3522 33.7353 0.0647256 42.3796 158.458 26.0991 0.860253 5.44893 1.86707 4.60485 8.20424 1.46253 7.41219 0.22842 17.7931 
25.6267 204.989 97.6068 0 131.786 7.91668 197.696 17.2806 324.432 94.966 24.8116 250.06 54.4986 22.5204 19.0129 39.991 55.3805 144.02 57.8366 30.5789 573.74 4.40947 18.5803 25.9054 25.2341 28.9649 17.492 13.8575 
43.8209 197.414 133.72 156.135 0 72.6111 195.688 29.121 161.04 194.001 244.48 175.762 10.0148 11.6147 26.6323 73.2554 51.2592 140.338 143.895 14.4149 38.6383 18.9385 17.5103 31.2784 4.24832 27.3375 36.637 2.91973 
125.181 163.732 42.7155 20.5388 669.592 0 1549.93 40.7239 475.314 669.78 11.8745 133.484 497.226 16.605 0.8559 21.9379 44.1915 106.203 1.18701 17.0393 48.0075 18.2532 16.1061 17.9019 21.5454 24.183 3.85075 9.16585 
175.065 92.2923 243.497 121.195 44.8849 743.88 0 306.042 1214.87 323.218 422.073 2.4961 162.737 66.8834 114.82 103.658 85.9558 121.393 8.38958 73.957 0.536806 55.3007 47.4546 32.4262 52.1899 7.27245 29.4239 9.39094 
279.872 291.086 4.00259 242.508 23.0603 38.381 116.897 0 650.953 2.40407 362.42 976.207 2.62431 72.1889 39.7414 6.81628 96.6361 33.1884 8.72044 74.1046 129.993 42.6499 53.84 102.503 24.6458 40.8497 22.5098 78.5409 
187.318 6.39086 4.11245 31.8816 101.217 475.007 196.406 647.753 0 332.539 444.071 85.9285 10.3335 10.6732 71.4867 5.46195 22.9525 137.657 152.639 61.0075 186.511 50.455 0.0244135 32.4949 62.729 2.32489 39.812 17.4725 
109.729 15.6362 15.8941 50.6495 239.508 494.307 6.53616 220.122 185.942 0 424.545 18.9648 309.568 65.8933 2.62479 55.9714 68.0233 16.2257 0.147886 54.7214 93.2386 54.3144 41.3371 43.6582 63.6475 47.5732 12.7054 51.7881 
128.375 9.65055 217.928 191.538 167.021 220.381 159.104 292.365 24.3533 504.539 0 191.888 0.0950474 180.056 358.844 169.997 11.3219 157.04 111.099 82.7314 89.1563 42.7506 106.426 128.581 3.43778 58.053 67.2963 109.703 
48.8315 0.490126 176.272 34.9972 88.4201 1.39502 32.3215 774.131 335.226 223.66 518.121 0 152.036 162.937 54.5077 57.0843 0.106832 35.147 81.4833 6.18378 51.8793 3.42164 97.3389 153.67 231.425 361.734 51.0214 116.689 
108.213 87.6491 23.5332 54.5565 176.838 10.3388 2.57295 89.0308 111.094 267.223 82.0155 117.663 0 145.953 3.33616 1.86611 5.17235 87.7638 85.1028 0.860053 20.2487 74.7941 30.5897 66.3957 15.3563 39.4641 38.1496 0.00148652 
4.87958 3.65798 0.0285933 16.8517 70.2785 6.67302 1.43301 1.29129 4.51093 47.6382 201.644 166.275 99.2467 0 4.29595 19.3148 8.02602 53.575 9.31599 2.85214 12.2994 0.00386068 0.877182 0.351352 11.0665 0.561503 11.3085 10.5955 
43.521 1.27328 6.89087 26.6041 31.2212 0.0374914 131.148 81.8057 216.057 127.84 297.157 262.911 68.8794 22.5879 0 48.7646 9.13534 38.7374 38.5389 9.17091 8.3222 17.4577 24.8554 23.7482 24.8302 21.5418 16.5732 11.3028 
63.1588 82.1578 24.8411 8.61942 0.337138 11.2862 96.9906 1.01236 151.476 3.00402 6.13653 77.9481 37.0406 16.2605 13.792 0 24.2268 55.0194 27.2763 6.88084 62.0206 9.45944 10.7231 14.3986 5.31897 31.7036 2.67127 7.57409 
88.98 8.85736 33.2217 1.42128 6.93316 58.2244 15.7943 9.19698 86.1645 14.6151 12.0868 0.708943 38.0588 21.8942 29.7568 26.0206 0 255.196 182.558 17.0669 31.184 8.19027 15.1309 19.8124 28.7094 2.51358 20.8761 9.58353 
5.5589 458.893 111.963 38.2823 34.5459 119.057 231.018 178.432 70.014 137.213 48.9734 69.3597 60.797 49.6325 24.2158 0.546407 118.585 0 119.241 14.0746 96.6853 8.07327 44.5481 34.7952 59.6045 9.95443 1.73707 17.3755 
60.524 169.202 56.8863 52.7169 31.3604 86.184 112.338 13.1787 137.247 9.53264 97.4875 32.6451 66.3975 0.0332778 3.6304 23.998 244.803 0.0058477 0 26.944 72.7317 0.0192762 0.509711 18.4764 28.7239 30.6418 18.2752 21.7862 
196.96 98.0139 8.01571 0.000185239 15.6573 12.0379 94.6358 12.609 35.3107 50.8882 67.9036 83.326 1.35515 0.1523 6.96741 0.00312812 28.283 0.55481 34.1463 0 99.833 2.71959 2.32844 4.50247 11.0045 11.6352 3.04097 11.4857 
218.067 76.9673 47.0631 169.861 68.2495 74.8914 129.407 3.65935 29.2273 99.2981 73.249 119.005 3.46931 10.3179 16.8356 0.875364 67.3246 57.6098 65.5135 2.24145 0 9.62004 13.7297 34.9573 37.1975 43.0894 44.2785 8.17745 
13.2327 35.9482 1.26525 0.0012961 50.3423 2.06506 1.07155 51.4728 48.8826 6.97604 0.0994056 29.3113 66.5562 5.51872 1.8568 1.96594 16.1871 14.3854 0.138068 6.39016 26.6816 0 8.27459 14.0828 3.93397 9.17953 3.94458 0.0206335 
40.9721 7.12861 3.75559 18.0059 1.29223 14.1208 65.6265 97.4329 15.87 15.1385 40.2341 41.521 0.0273098 2.63355 23.9636 1.9638 19.1315 37.1479 2.76121 3.75655 32.3074 9.22854 0 20.8713 0.88685 8.0827 1.98353 7.70785 
0.792381 45.342 2.2431 13.0746 1.68625 14.772 71.4461 76.0536 22.7342 58.6823 98.4202 144.853 57.6729 3.71862 0.00449241 1.00709 0.00306346 0.630734 2.0925 5.26471 33.8296 13.9313 10.3456 0 22.5625 7.04423 8.63765 3.18326 
53.235 69.0152 10.7837 4.69256 36.2226 28.8667 17.5561 188.575 34.0081 41.122 0.39598 125.299 49.9136 3.38211 30.981 58.4437 28.1144 0.697075 21.7293 0.585077 0.299584 9.79563 6.05999 34.178 0 92.6473 162.898 51.7718 
42.8761 66.5011 2.20385 1.16906 19.8895 1.28576 77.3549 45.3129 2.351 0.0177737 49.4866 136.041 40.0919 2.8048 18.5954 27.3442 22.2634 3.79728 13.4144 6.67686 37.9086 0.0617703 6.53936 0.726862 6.61144 0 27.1376 10.5637 
20.8983 0.19716 11.1547 23.3886 0.437485 10.9488 46.3995 78.9749 13.6403 0.477646 64.6954 119.249 27.5017 11.2293 18.9826 14.3221 15.1004 28.6746 17.2505 10.8446 34.2631 11.6177 0.75715 13.7815 15.8916 17.3187 0 68.2641 
3.30017 1.2449 2.73431 21.071 18.8689 2.21918 64.647 87.8531 6.47541 49.5835 51.8133 168.5 42.7567 4.53033 1.52568 10.5241 8.64326 6.48325 23.9821 0.0116477 49.7453 10.4092 1.41603 0.566393 22.7608 55.0434 67.4791 0 
