0 55.2966 59.9607 354.773 57.3467 151.443 120.725 148.954 218.996 123.704 184.885 190.062 25.0704 17.9012 44.3278 48.1059 105.485 22.053 61.278 227.084 228.56 24.8604 46.5354 48.3132 94.0956 39.7418 30.05 60.521 
68.69 0 380.375 207.17 39.7848 245.179 392.688 17.0679 415.044 241.71 260.994 16.1326 140.181 0.885128 0.476591 55.8575 109.998 418.344 0.176348 105.671 88.9035 1.65143 9.21702 56.7102 30.0369 46.847 18.0873 35.7844 
76.2943 21.1185 0 98.1251 188.235 1.67795 32.8811 0.274997 467.269 106.66 169.524 148.507 8.46621 12.573 33.8499 0.116763 41.6939 157.009 27.0671 1.05184 6.59962 1.79549 4.46338 8.39818 1.28768 7.8142 0.191579 17.9954 
53.9295 210.106 123.32 0 134.682 27.1018 199.417 589.803 345.948 93.7089 28.0676 246.851 55.284 22.4121 18.3665 39.5166 73.9188 143.297 58.2899 31.6384 200.097 4.29692 18.6685 25.7789 44.162 29.7785 17.2246 14.2786 
49.0101 222.14 128.756 154.488 0 69.6711 178.872 26.4983 151.025 205.043 247.039 176.493 8.57295 12.2664 25.3647 73.523 48.6391 145.19 154.587 13.3592 37.144 18.4431 18.0317 31.8181 3.91658 28.1158 36.3215 2.70368 
144.73 189.452 40.8216 40.1842 4.91231 0 1100.43 45.2184 494.241 403.772 15.8619 131.192 60.9172 16.9011 0.630605 22.2831 61.7302 107.743 0.78188 16.7262 48.9286 18.3939 16.1605 17.8668 40.0867 23.9144 3.98573 9.39954 
168.544 111.884 246.096 115.549 35.0922 836.423 0 294.13 1271.82 348.215 434.399 3.84642 166.968 68.3977 112.25 103.74 87.1213 116.473 7.12325 72.7147 0.803124 54.8753 46.5712 33.3038 50.9132 8.11448 28.8772 8.84414 
275.085 292.312 6.6299 204.151 25.5336 34.1717 129.213 0 657.852 3.41947 358.615 1004.95 2.13006 69.9419 36.1514 4.19345 96.2714 31.1794 8.00697 72.2994 126.462 43.2308 52.3549 104.823 27.8871 46.4476 21.473 80.8352 
210.845 22.0354 10.9921 57.9011 110.444 494.325 109.585 655.71 0 341.5 9.28296 76.5328 12.0489 9.24975 43.2487 6.69484 40.1478 141.355 153.214 59.4855 186.154 49.8683 0.0921112 31.198 83.0179 1.69826 39.024 16.5247 
112.156 12.8265 14.2002 52.5996 249.451 471.36 13.8036 218.843 172.58 0 393.94 16.1618 315.615 67.2201 1.72416 54.1972 67.2318 17.6254 0.333043 54.9434 92.7125 54.7942 40.5372 42.9236 63.0195 46.4175 13.0841 52.1606 
131.376 11.896 213.423 189.128 161.763 212.988 141.611 283.86 53.2545 479.068 0 210.753 0.00297591 184.603 343.926 163.685 11.9307 155.732 112.26 82.3084 87.3175 41.9258 104.348 128.235 4.30226 61.5328 66.5275 109.469 
45.284 0.933744 174.009 29.7987 85.8394 2.02651 28.3315 705.495 326.231 220.387 516.701 0 151.047 161.698 62.475 37.5728 0.168485 36.7117 80.6713 5.57964 49.6948 3.75184 99.2634 157.324 212.297 373.069 52.8153 120.397 
107.947 85.4257 24.5019 53.7606 177.392 9.74394 3.73484 90.9555 107.32 277.206 87.4688 115.644 0 142.962 2.46058 1.44293 4.85784 86.8859 85.248 0.974704 20.8306 76.0593 32.4281 65.8801 15.8966 38.9023 38.0497 0.000398103 
4.55613 3.27393 0.0114746 17.1254 70.2618 6.35496 1.85833 0.875526 5.57498 49.2522 204.403 166.513 104.625 0 2.34414 19.3383 7.86973 53.5718 9.55511 2.89183 12.6565 0.0132629 0.613475 0.255134 11.3052 0.478486 11.304 10.6819 
42.6438 0.959418 6.37011 27.2069 29.8931 0.00377482 132.814 86.2337 214.16 129.213 277.445 266.386 66.0525 26.8749 0 42.0295 9.36381 39.4797 38.5276 9.26405 8.73916 17.4224 24.6429 24.2858 24.3649 20.9346 16.7277 11.624 
62.1591 81.7332 24.8565 7.91143 0.223544 10.855 97.8487 0.1916 150.931 2.39289 4.05029 103.704 38.5606 16.7581 18.9889 0 24.3328 54.6198 27.4504 6.97648 62.1943 9.34154 10.9321 13.1609 5.19713 32.032 2.83467 7.21537 
108.267 28.3115 34.0016 19.7503 8.13964 76.4828 14.808 9.79149 105.513 13.8684 11.4746 0.856167 38.6367 21.9243 29.7014 26.0467 0 248.801 424.98 16.7213 30.5909 8.31727 15.2309 19.8763 46.959 2.63543 20.9393 9.73605 
4.06553 448.513 115.68 35.7169 31.1076 118.147 229.738 177.72 66.4561 138.255 51.0991 71.1955 59.6582 49.8918 23.5032 0.434016 109.056 0 117.052 13.1546 97.8725 7.84583 44.4695 35.1535 59.5581 9.51125 1.85508 16.9947 
58.7909 170.083 56.3523 53.3432 38.1894 86.9789 114.964 14.067 135.656 10.7068 98.9361 33.6115 67.2499 0.0180658 3.87082 23.7639 239.917 0.0198867 0 27.2927 72.7301 0.0103658 0.563806 18.6283 28.5962 30.6541 18.1464 21.6378 
190.682 94.9021 8.49615 0.0212996 14.5642 11.6981 94.7193 13.7856 36.7631 51.2843 67.0665 82.4406 1.49725 0.166807 7.07814 0.000478453 28.54 0.371564 33.9448 0 81.7276 2.75873 2.29744 4.55251 11.1109 11.587 2.97243 11.4935 
214.268 79.9832 49.6952 174.019 69.8997 75.2016 130.575 2.76576 27.1257 99.3349 71.3798 121.157 3.20199 9.98449 16.3036 0.711425 67.4715 56.1654 65.9109 6.78898 0 9.79763 13.4285 34.5651 36.5953 42.4342 44.2809 8.50504 
13.5097 36.3469 1.32695 0.00453258 50.6772 2.20411 1.24444 51.9829 49.4777 7.47839 0.166783 30.073 68.0415 5.34355 1.71788 2.07368 16.0757 14.6617 0.166874 6.38949 26.8327 0 7.91876 14.1024 3.8248 9.24462 3.85473 0.0276834 
40.6753 7.51278 3.62146 18.1189 1.12962 13.9803 65.0774 98.0364 16.9635 14.4053 37.9196 43.6924 0.135125 2.20409 23.611 1.74418 19.1388 36.8734 2.87882 3.774 32.5575 9.57522 0 20.8375 1.04167 7.96527 2.09256 7.6205 
0.94769 45.9187 2.10873 12.7022 1.87632 14.9317 71.5593 73.3917 23.9112 58.9486 100.369 148.857 58.5042 3.44608 0.0443508 0.604619 0.0073637 0.543215 1.99109 5.22271 34.2283 13.9816 9.10393 0 24.0524 7.33139 8.37144 3.04027 
70.5852 86.58 10.3899 23.3143 36.9167 47.1959 16.5557 189.962 50.4349 40.1462 0.165197 786.621 50.282 3.17941 31.0993 51.6979 46.3977 0.818607 21.5032 0.532685 0.392389 19.7003 5.48424 35.871 0 94.8524 114.597 19.6451 
43.9881 67.3874 2.45387 1.45835 19.1767 1.45571 76.03 39.7705 1.72064 0.0724382 46.2041 116.6 39.5368 2.98118 17.9518 28.0475 22.4247 3.51036 13.1544 6.55121 37.2202 0.0486453 6.40374 0.613139 7.10255 0 26.4088 12.4813 
21.3229 0.254122 11.3306 23.5856 0.507815 10.7785 45.934 79.9945 13.0516 0.396497 65.4886 119.631 27.7661 11.2106 19.0674 14.5187 15.218 28.9635 17.3849 10.8252 34.5315 11.5599 0.828749 14.0218 17.3734 18.1156 0 64.4537 
3.02067 1.07449 2.90464 21.4791 19.34 2.08043 65.1806 90.0664 5.86813 50.0154 53.3551 166.791 42.9236 4.66424 1.68816 10.1427 8.7927 6.21756 23.8645 0.0184721 49.8868 10.4253 1.48716 0.635819 22.0298 56.6736 71.15 0 
