0 243.001 120.589 450.699 109.723 343.671 67.1774 84.9907 372.394 103.993 170.177 159.316 34.6884 13.5737 51.3451 57.5957 294.525 3.58409 46.9079 170.375 196.2 27.2066 47.0111 51.9095 292.099 48.9651 33.5351 61.0106 
490.647 0 464.013 297.025 206.956 399.423 192.77 0.666057 623.234 227.382 267.517 3.38571 129.459 3.27667 3.7108 64.8362 330.296 419.765 3.24053 126.678 113.923 3.15771 12.9952 59.3251 224.389 37.6064 14.6933 41.0397 
137.618 67.3177 0 293.112 180.68 10.3027 100.586 18.1391 318.335 113.625 109.892 173.861 3.79217 14.2438 33.8224 1.12895 35.5936 138.171 35.1871 3.33193 19.9745 1.24626 3.33068 9.9896 0.255511 11.3688 0.0102564 19.5289 
381.912 299.643 270.247 0 154.081 236.21 201.426 309.449 534.804 81.3218 60.9096 204.897 61.3315 21.2199 13.1024 34.4312 275.039 132.964 61.2339 39.6438 692.061 3.39885 19.2213 24.3566 248.983 36.0218 14.9526 17.82 
99.5117 422.049 84.6079 135.344 0 167.044 57.129 9.11439 73.8873 285.568 260.156 179.77 0.857182 18.1997 15.6758 74.8677 28.5771 182.926 237.878 5.96558 25.4801 14.4648 22.513 36.2451 1.6574 34.7066 33.6008 1.21637 
350.614 438.446 24.672 251.962 63.1223 0 306.86 88.0207 585.165 998.986 67.711 109.437 221.519 19.11 0.0934219 24.7813 254.831 118.081 0.694475 14.0017 56.3063 19.404 16.4304 17.3897 241.715 21.3872 5.17469 11.3719 
112.383 308.455 240.172 68.5008 0.602347 504.645 0 185.205 756.908 495.198 486.968 25.8159 197.024 79.9578 88.1599 102.025 95.9215 76.3419 0.554224 61.5155 5.05921 50.967 39.0021 40.6276 40.2179 16.6671 24.3562 4.8651 
224.016 289.987 51.4562 128.873 50.0518 7.84295 239.219 0 600.304 18.4716 308.898 824.74 0.0131393 51.1541 12.008 7.16055 92.5047 16.5339 3.19569 56.9004 96.3839 47.935 40.0563 121.81 60.478 101.229 13.5885 99.0964 
448.725 233.171 173.344 345.951 192.8 587.993 387.152 606.799 0 385.327 445.317 17.2952 30.8617 2.32185 99.8581 21.3499 231.536 170.242 155.037 46.7232 179.678 44.7989 2.32611 21.0502 299.199 0.306545 32.4975 9.5083 
130.599 0.169236 3.56422 68.6507 313.58 171.738 161.171 201.747 70.9986 0 132.936 1.37042 327.992 76.625 1.59057 39.1742 60.1333 31.0939 4.70555 56.1805 87.572 58.1525 33.6171 36.4968 57.0324 36.5863 16.3614 54.7968 
154.676 38.7815 164.416 161.992 116.723 141.68 28.7496 204.579 449.225 219.315 0 368.274 9.36008 210.07 178.175 106.146 17.5105 142.899 120.583 77.9778 71.7943 35.0435 85.2231 122.247 15.0042 91.4855 59.7394 105.893 
20.1345 10.0152 148.736 2.23905 64.6639 11.6607 4.89943 125.481 238.105 186.431 451.691 0 140.626 144.915 139.252 38.3857 1.22175 50.5569 73.4433 1.71661 32.7223 7.04877 113.255 180.268 210.951 387.274 67.8756 148.115 
104.573 66.6963 32.8754 46.7597 177.439 74.2938 21.321 106.407 76.1127 328.989 134.996 97.84 0 106.785 0.361436 0.0333556 2.59945 78.9939 85.4981 2.19781 25.8656 84.7415 48.347 60.4691 20.5923 34.0261 37.0651 0.257081 
2.26634 0.883651 0.167252 19.2359 69.294 3.91442 7.44062 0.550534 18.4895 62.0532 212.831 161.315 141.641 0 9.10489 17.5921 6.59759 53.1774 11.5948 3.21602 15.7415 0.307627 0.286578 0.0546655 13.1634 0.0424398 11.1913 11.3018 
35.2205 0.0711792 2.71623 31.8574 19.5482 1.07321 141.631 122.733 186.509 133.453 103.635 269.097 42.5447 57.7952 0 1.45005 11.3217 45.5413 38.1031 9.98895 12.5218 16.9013 21.3288 27.4728 20.1118 15.6007 17.8918 14.2793 
53.1571 77.0142 24.3929 3.04097 0.18235 7.41575 102.786 18.0876 141.547 0.000492094 3.58084 366.889 51.2189 19.2429 71.5616 0 25.1045 50.9164 28.7351 7.72939 62.9831 8.29012 12.1845 4.06649 5.54035 32.6013 4.34093 4.44709 
315.207 240.875 40.2444 220.485 21.5519 275.1 7.69678 15.3636 313.388 8.29826 6.92964 2.61142 43.3533 22.0828 29.0871 26.1386 0 180.009 138.086 13.8592 25.707 9.38727 16.0265 20.3442 246.226 3.74794 21.4181 11.0202 
0.72541 269.032 142.579 17.0758 8.95531 107.848 211.659 169.011 39.2693 144.604 69.6565 86.4984 50.1002 51.7259 17.7981 0.000171067 39.7705 0 97.0452 6.55822 106.936 6.05239 43.6014 38.0129 58.7914 6.15599 2.98034 13.9134 
44.4792 171.945 50.9609 57.8642 113.224 90.4406 134.581 22.386 120.306 22.7276 109.994 41.8962 73.7584 0.0706192 6.1293 21.7083 170.436 3.78418 0 30.0169 72.2345 0.0427532 1.11664 19.8316 27.4056 30.5816 17.0409 20.3412 
123.23 67.5955 12.73 2.14495 6.81791 8.90536 93.6098 25.2256 49.2829 54.0441 59.6291 74.2171 2.94145 0.311972 7.98015 0.0684699 30.4869 0.27059 31.9864 0 0.026109 3.08693 2.03762 4.9519 11.9339 11.0929 2.42171 11.4977 
174.949 105.215 72.1506 238.462 83.4573 76.9032 138.539 0.186484 12.3418 98.7398 55.9916 137.784 1.38062 7.3688 12.0945 0.00522138 68.2996 44.3253 68.8171 122.817 0 11.3113 10.9906 31.1709 31.4994 36.7948 44.1193 11.4247 
15.868 39.5439 1.88965 0.107581 53.1623 3.51024 3.16858 55.9901 54.2216 12.213 1.39583 36.5241 78.9661 3.90515 0.756522 3.05321 15.1174 17.0073 0.511479 6.36489 28.0332 0 5.00224 13.9571 3.21111 9.74164 3.13098 0.126335 
37.9798 11.0301 2.56743 18.8876 0.196624 12.6858 59.8051 101.478 27.1089 8.83847 20.5633 62.5204 4.15665 0.0474183 19.3145 0.3864 19.1377 34.4516 3.93765 3.90366 34.513 12.2287 0 15.3493 3.1033 6.91737 3.08777 6.8564 
2.76324 50.4405 1.13327 9.64499 3.83286 16.1288 71.6652 51.3523 34.417 60.3443 114.595 175.51 64.4698 1.45638 1.935 1.25644 0.115192 0.0671237 1.23729 4.84996 37.405 14.0934 1.03204 0 35.933 9.73917 6.21031 1.95054 
262.18 279.666 7.26003 226.498 42.6211 246.894 9.18571 192.669 236.132 31.9566 2.09845 457.231 52.9347 1.69449 31.3011 33.1723 245.95 2.20075 19.5642 0.189608 1.64349 62.6109 1.7989 39.6144 0 15.6687 110.525 82.499 
53.0431 74.0106 4.97807 5.01381 13.5905 3.24355 64.0944 6.61632 0.297094 1.94715 22.1395 7.17043 34.7045 4.57805 12.5258 32.1458 23.6864 1.54177 11.0199 5.50048 31.4061 0.000169449 5.2492 0.038574 12.179 0 19.9536 31.8014 
24.8973 1.00618 12.7687 25.0668 1.29371 9.35711 41.8705 87.7133 8.57489 0.0135046 71.6654 120.715 29.8963 10.9811 19.6128 16.0266 16.1768 31.3203 18.4729 10.6231 36.6606 11.0328 1.53876 15.8751 30.7367 24.6836 0 30.1394 
1.15848 0.139518 4.48409 24.7269 23.3612 1.08674 69.0405 107.24 1.93311 53.1855 66.1431 146.814 44.0682 5.80048 3.32285 7.05978 10.0573 4.19603 22.8068 0.13587 50.7784 10.5191 2.13302 1.35851 16.4458 63.6269 91.4481 0 
