0 76.7185 142.257 179.154 130.196 120.866 50.337 64.5066 136.406 96.3045 163.496 146.949 38.3626 12.1114 53.7225 60.7795 72.1194 0.744345 41.8606 169.924 181.2 28.0277 47.0442 53.0197 72.8401 52.1882 34.7552 60.9656 
367.048 0 415.701 46.272 282.37 158.854 124.821 0.153416 393.486 217.655 265.734 1.08993 124.7 4.48926 5.592 67.7898 118.768 687.415 6.70832 132.309 122.556 3.8106 14.4681 60.0546 4.52422 34.3061 13.5251 42.8809 
158.078 152.015 0 273.376 172.996 14.883 128.856 34.9749 235.382 114.327 88.2815 180.126 2.53978 14.7586 33.3845 1.73517 33.2707 128.833 38.0653 4.4231 26.2343 1.07036 2.94829 10.5435 0.0765591 12.7059 0.000403233 20.0077 
217.255 48.4234 365.097 0 158.669 22.0053 196.741 256.65 296.854 76.1681 74.5948 184.482 63.2596 20.6713 11.3082 32.1818 56.9948 127.507 61.9114 42.0257 239.69 3.09469 19.3382 23.6933 32.4281 37.9586 14.1234 19.0889 
119.747 476.309 68.7178 126.424 0 269.112 27.4144 4.99052 50.9395 306.492 261.11 179.697 0.0389802 20.5248 12.6421 74.9583 22.3496 194.777 261.839 3.9783 21.6866 13.1094 24.1709 37.794 1.07296 37.0971 32.5862 0.821563 
132.601 230.476 19.1641 38.1612 494.658 0 54.1321 104.774 291.244 492.308 92.5214 100.719 212.931 19.7738 0.491486 25.4941 34.083 120.602 2.09653 12.9885 58.7943 19.6927 16.4461 17.1395 24.0611 20.3684 5.62788 12.0858 
92.5804 378.98 226.411 52.8132 10.274 152.266 0 145.713 359.348 508.76 481.591 38.0098 205.078 83.5454 78.727 100.379 98.642 62.8659 0.00200991 57.2067 7.45374 49.4154 36.228 43.2318 36.4134 20.344 22.7561 3.70182 
201.912 283.735 75.6976 59.1626 60.3216 2.76909 278.071 0 534.613 26.5583 284.386 617.417 0.137421 44.5656 6.29408 18.8452 90.8441 12.2791 1.98169 51.3311 85.5796 49.556 35.7497 126.691 73.9858 122.751 11.1209 105.116 
241.188 33.107 257.215 165.415 222.603 294.536 787.171 543.487 0 385.993 1165.56 5.91705 39.3903 2.18205 51.6787 28.3236 10.6702 179.503 154.384 42.183 175.873 42.9094 3.84312 17.7509 86.6429 1.49129 30.1877 7.40517 
136.281 0.549301 1.42144 74.1619 326.097 93.1517 238.146 193.02 42.7301 0 61.8501 0.0168977 315.409 79.1721 4.74903 33.8581 57.3914 36.629 7.46941 56.3523 85.4113 59.0642 31.0612 34.0888 54.586 33.0389 17.5858 55.5304 
162.11 51.6085 143.311 149.671 100.632 114.447 8.0283 174.313 556.853 130.847 0 417.779 16.9731 213.07 116.246 85.1465 19.7228 137.515 122.941 76.0871 66.2005 32.5875 77.7808 118.799 20.2598 102.208 57.1544 103.917 
13.3139 15.5352 137.322 0.00109943 57.3318 16.9133 1.14235 18.3663 203.154 171.855 408.331 0 135.996 136.376 168.147 107.302 1.8338 55.8248 70.6652 0.859394 27.2637 8.46227 117.247 184.747 127.647 356.807 73.2322 156.24 
102.871 60.0108 35.9655 44.115 175.463 96.3281 30.7986 111.621 65.3388 331.409 152.187 91.1255 0 90.4725 1.90714 0.464376 1.95105 75.9326 85.1676 2.75163 27.7474 86.9525 54.0991 58.0789 22.3488 32.2064 36.6456 0.464925 
1.62774 0.38946 0.35234 19.9089 68.5888 3.14798 10.2847 1.8059 24.7226 66.217 209.289 156.416 149.979 0 20.0736 16.2015 6.15507 52.8758 12.3439 3.32912 16.8917 0.505279 0.997423 0.24883 13.7608 0.000884931 11.1183 11.4783 
32.5379 0.511891 1.74543 33.327 16.217 2.03154 142.449 134.992 172.165 131.749 53.1727 258.605 34.553 61.823 0 0.85956 12.0457 47.6452 37.8075 10.2253 14.0049 16.6175 19.5639 27.98 18.4629 13.6412 18.2525 15.2092 
49.6909 74.832 23.9728 1.80735 0.563028 6.27474 103.548 34.4871 136.196 0.347104 10.7629 442.698 55.6329 19.3089 84.5763 0 25.3321 49.4334 29.1213 7.97819 62.9759 7.88662 12.397 1.8609 6.25271 31.8494 4.93872 3.57301 
99.0368 28.4787 42.337 2.89639 27.6952 56.0946 5.66035 17.6204 97.7452 6.60377 5.55128 3.46947 44.9949 22.0992 28.8008 26.1165 0 151.176 138.108 12.8468 23.9875 9.77621 16.2952 20.4834 27.7661 4.18869 21.5689 11.4866 
3.54255 249.012 149.937 11.8125 4.14201 103.068 202.188 164.729 30.8349 145.824 76.5894 91.9342 46.6668 52.2382 15.8685 0.0651086 21.8663 0 89.2806 4.69665 109.795 5.45414 43.1974 38.9809 58.3513 5.10659 3.44573 12.8507 
39.4896 170.203 48.6545 59.1579 144.917 90.2552 140.426 25.7419 113.998 27.9081 113.468 44.9507 75.81 0.167723 7.04509 20.9286 143.428 6.68992 0 30.9073 71.8464 0.100951 1.35906 20.2351 26.9239 30.4795 16.6301 19.8503 
96.2387 57.6706 14.3034 3.71961 4.68798 7.93532 92.4319 29.9612 53.8846 54.7884 56.7843 70.9352 3.57079 0.374484 8.29304 0.13201 31.0962 0.857309 31.167 0 10.0448 3.20555 1.94395 5.08699 12.1996 10.8765 2.23331 11.4725 
158.258 114.096 80.1181 219.316 88.1831 77.1212 140.583 1.40675 8.33221 98.1343 50.6162 143.088 0.906704 6.50506 10.6916 0.0424019 68.4228 40.203 69.6779 183.299 0 11.8692 10.1495 29.9038 29.6485 34.7098 43.9817 12.5513 
16.7344 40.6324 2.11225 0.17772 53.9161 4.0394 4.06569 57.3151 55.8217 14.131 2.12536 38.8689 82.1363 3.40915 0.501621 3.43672 14.7603 17.8667 0.6806 6.34776 28.4382 0 4.02685 13.7713 3.1171 9.89953 2.88278 0.179126 
36.9206 12.4222 2.22065 19.0856 0.048162 12.1724 57.6318 102 31.1402 7.10877 15.3681 69.4114 6.9041 0.0678483 17.3053 0.13097 19.1103 33.5262 4.3511 3.94322 35.1568 13.0329 0 11.8114 4.14804 6.51617 3.47962 6.56803 
3.63709 51.9274 0.850107 8.58465 4.69396 16.4963 71.3369 43.754 38.4351 60.4786 118.687 181.582 66.1494 0.913018 3.24639 3.17745 0.185309 0.00750113 1.0073 4.70675 38.4759 13.9987 0.0427405 0 39.5079 10.588 5.47138 1.60801 
40.9212 58.8022 6.2209 9.76628 44.6197 28.4841 7.00262 189.738 13.6109 29.0351 4.45352 159.28 53.6972 1.26072 31.0297 55.056 27.5937 2.85579 18.8464 0.108021 2.2982 23.0143 1.0225 33.539 0 72.1896 33.3632 7.35051 
56.1503 76.0228 6.05634 6.74878 11.7574 4.03734 59.5078 1.37767 1.47045 3.22602 15.2914 0.20599 32.8948 5.19418 10.6267 32.737 24.102 1.02398 10.2706 5.12451 29.3033 0.00943929 4.8299 0.000270232 14.3526 0 17.5589 39.2092 
26.1913 1.39643 13.2705 25.525 1.6625 8.84751 40.3383 90.1122 7.16512 0.00475412 73.6766 120.184 30.6271 10.8672 19.7367 16.5052 16.5118 32.1431 18.8493 10.5332 37.3764 10.8244 1.84083 16.4652 35.6208 26.9191 0 19.0396 
0.698745 0.0179444 5.11556 25.8113 24.8401 0.803595 70.1575 112.699 1.02908 54.1258 70.636 137.461 44.3697 6.21337 4.02347 6.02075 10.5193 3.55674 22.3938 0.20431 50.9715 10.5354 2.38654 1.67809 14.7468 62.9119 92.9392 0 
