0 313.178 159.449 306.778 147.737 289.998 37.5034 48.7432 294.939 89.604 157.3 136.065 41.5583 10.9129 55.669 63.3627 242.193 0.00033145 37.6628 157.974 167.396 28.7153 47.0145 53.8822 245.534 54.865 35.7762 60.8349 
615.235 0 348.107 198.081 345.793 312.156 75.4154 2.01423 551.683 207.691 262.504 0.132103 120.315 5.66128 7.47663 70.1632 297.821 871.386 10.5978 136.151 129.645 4.41103 15.7634 60.5837 177.003 31.5313 12.5559 44.4202 
173.677 237.119 0 215.771 164.609 19.2415 152.832 52.9033 164.421 114.146 70.691 184.094 1.66443 15.1554 32.8381 2.34521 31.2595 120.046 40.4661 5.44934 32.0525 0.930144 2.63549 11.0036 0.0066228 13.8534 0.015242 20.3821 
433.393 199.72 297.978 0 161.459 199.345 190.606 279.593 448.204 71.5608 86.702 165.644 64.7845 20.1582 9.84342 30.1319 230.754 122.223 62.3223 43.7876 749.06 2.84437 19.4027 23.0704 207.501 39.4461 13.416 20.1581 
137.279 509.215 55.7566 118.169 0 337.467 10.2379 2.43386 34.2635 319.781 260.313 179.108 0.179442 22.5692 10.2785 74.8698 17.554 203.908 278.315 2.59052 18.6513 11.9921 25.5949 39.0883 0.67362 39.1277 31.7096 0.545417 
305.669 409.176 14.8119 215.6 511.198 0 748.634 119.113 395.067 411.786 115.086 93.0627 469.298 20.2768 1.07302 26.0149 205.638 122.208 3.86809 12.1205 60.8268 19.9057 16.4253 16.895 198.238 19.4636 6.02306 12.6921 
76.4489 432.003 210.518 40.5304 27.4719 9.28645 0 113.819 103.586 501.015 466.801 49.9345 210.591 86.3145 70.5775 98.5655 100.752 52.0576 0.303943 53.4664 9.83603 48.0401 33.8643 45.4194 33.2244 23.687 21.4104 2.83012 
182.155 276.265 98.5443 5.33199 69.5347 0.472774 309.008 0 465.331 34.43 261.474 423.298 0.614232 39.1196 2.83444 32.7408 89.3095 9.12107 1.17213 46.6372 76.5307 50.9006 32.1721 130.249 85.8905 140.965 9.19126 109.931 
422.51 227.496 327.01 371.332 246.999 398.448 1093.61 475.666 0 380.009 1001.1 0.896643 47.2686 3.10198 6.0072 34.85 182.329 186.788 153.285 38.3794 172.054 41.28 5.42062 15.1169 265.041 3.19295 28.2464 5.8057 
140.646 2.95833 0.35456 78.6635 331.574 59.2599 305.248 184.655 23.7269 0 20.9301 0.573206 298.129 80.9459 8.705 29.4595 54.9942 41.5778 10.2882 56.3828 83.4518 59.7096 28.879 32.0172 52.4001 30.0513 18.6431 56.061 
167.954 63.609 124.71 138.4 87.2838 91.9092 0.419555 148.766 690.014 69.3282 0 453.779 25.0822 212.864 70.2004 68.0294 21.6834 132.651 124.665 74.3486 61.4718 30.5163 71.3245 115.367 25.2492 111.092 54.9063 101.961 
8.55581 21.1087 126.9 1.47384 51.2746 22.0541 0.00803277 3.19188 173.303 158.756 365.415 0 131.725 128.255 191.695 184.387 2.45048 60.3971 68.2376 0.359401 22.9349 9.7548 120.15 186.822 70.8895 318.568 77.715 162.197 
101.228 54.4069 38.6027 41.8279 172.968 101.255 39.9955 115.877 56.5153 326.245 166.474 85.3378 0 76.093 4.16096 1.22068 1.46995 73.2482 84.712 3.26883 29.3736 88.4159 58.8942 55.8828 23.8639 30.6395 36.262 0.689596 
1.16468 0.12545 0.56235 20.4405 67.8431 2.55072 13.0225 3.43558 30.5878 69.5077 203.601 151.079 154.446 0 31.0308 14.7687 5.78563 52.5532 12.9854 3.4236 17.8842 0.709959 1.89126 0.521248 14.2334 0.0145119 11.0429 11.6079 
30.2668 1.20235 1.07974 34.4754 13.5773 3.0724 142.131 144.75 158.591 128.975 21.9384 245.297 28.1454 60.9461 0 7.34286 12.6682 49.3938 37.4973 10.4154 15.3125 16.3375 17.8846 28.123 17.032 11.994 18.5336 15.9827 
46.6775 72.7891 23.5139 0.999746 1.05054 5.3565 103.761 51.8555 130.905 1.14611 19.7257 482.875 59.2689 19.0027 89.4474 0 25.5044 48.1141 29.4168 8.1795 62.8478 7.53497 12.4711 0.625116 7.09315 30.8286 5.4673 2.89083 
274.284 207.611 44.0357 177.29 33.3936 229.017 4.16028 19.6374 273.525 5.30091 4.49078 4.29203 46.3639 22.0962 28.5304 26.0746 0 126.324 296.905 11.9964 22.5446 10.1085 16.5161 20.5894 201.28 4.57986 21.6882 11.8848 
7.58138 240.432 155.018 8.03478 1.47156 98.6147 193.053 160.639 24.3328 146.404 82.5443 96.499 43.763 52.6106 14.2867 0.212723 10.5536 0 82.5371 3.34345 112.045 4.96555 42.816 39.7768 57.9093 4.28349 3.86649 11.9678 
35.3559 167.731 46.5619 60.1088 172.173 89.4956 144.803 28.7313 108.366 32.6124 116.19 47.569 77.4224 0.282804 7.86385 20.2506 123.686 9.77798 0 31.6234 71.4296 0.169852 1.5831 20.5653 26.4928 30.361 16.2754 19.4231 
74.0838 49.4172 15.6396 5.36751 3.17358 7.13213 91.114 34.202 57.8025 55.3132 54.308 68.0292 4.1504 0.431833 8.55337 0.202166 31.5742 1.61331 30.4255 0 35.1298 3.30658 1.86433 5.19798 12.4121 10.6771 2.07734 11.44 
143.405 121.465 86.6971 188.584 92.1112 77.14 141.963 3.33454 5.51195 97.4576 46.1426 147.273 0.580548 5.80484 9.55 0.195985 68.4541 36.7747 70.3303 233.331 0 12.349 9.45071 28.8102 28.0735 32.9222 43.8317 13.539 
17.4778 41.5301 2.30961 0.251105 54.4964 4.51203 4.91139 58.39 57.1336 15.8409 2.86349 40.8651 84.4658 3.00143 0.324645 3.77392 14.4517 18.6032 0.843114 6.32974 28.7712 0 3.25101 13.5592 3.08787 10.0247 2.67714 0.231207 
35.9852 13.6547 1.94102 19.2202 0.000813258 11.7186 55.6806 102.139 34.6956 5.76567 11.4692 75.2299 9.73953 0.440162 15.4743 0.019329 19.0758 32.7181 4.71568 3.97383 35.6782 13.6347 0 8.64187 5.14387 6.16755 3.82529 6.31808 
4.46918 53.1275 0.639326 7.7074 5.48955 16.7806 70.9059 37.5466 41.923 60.4374 121.681 185.075 67.3653 0.542041 4.58984 5.40062 0.25799 0.00364456 0.829268 4.58145 39.3538 13.8623 0.238901 0 42.0634 11.2923 4.86455 1.33924 
212.055 230.209 5.38193 184.866 46.2899 201.997 5.35895 185.662 184.058 26.5818 7.12359 278.872 54.2623 0.938038 30.6574 74.7325 201.196 3.47734 18.2288 0.0564027 2.9385 6.52981 0.611614 25.8588 0 88.786 147.784 72.3396 
58.7064 77.5654 7.03362 8.39053 10.2807 4.76962 55.5294 0.0006702 3.16252 4.5557 10.3684 9.70781 31.334 5.72918 9.06916 32.8402 24.4389 0.665033 9.64282 4.80703 27.5195 0.0284847 4.47452 0.0390975 16.3048 0 15.5356 45.2145 
27.2925 1.77771 13.6894 25.8818 2.01171 8.41595 39.0096 91.9799 6.05493 0.0513642 75.2908 119.35 31.2327 10.7576 19.8114 16.8828 16.7925 32.8319 19.163 10.4497 37.9632 10.6396 2.11595 16.9304 39.639 28.7255 0 11.1508 
0.397491 0.00493022 5.67618 26.6917 26.1082 0.59498 70.9884 116.973 0.48029 54.8376 74.378 128.785 44.5793 6.56429 4.66158 5.17834 10.9148 3.0509 22.0295 0.273354 51.0819 10.5419 2.61018 1.97322 13.462 60.9508 91.5057 0 
