0 584.857 171.702 486.551 161.324 500.034 28.5798 37.6794 497.181 84.2977 152.157 127.396 44.0935 10.0078 57.1363 65.2912 453.327 0.501033 34.4597 136.7 156.084 29.2454 46.954 54.5019 458.671 56.9064 36.5622 60.6735 
879.529 0 284.273 399.436 392.323 509.75 44.1864 4.92865 750.185 198.922 258.904 0.0288133 116.69 6.66454 9.12478 71.9205 515.755 1091.21 14.2139 138.506 134.984 4.90858 16.801 60.9375 390.166 29.392 11.8151 45.6033 
184.356 304.266 0 156.109 156.984 22.8785 170.907 68.8518 113.214 113.506 57.7421 186.28 1.10542 15.4376 32.3029 2.8794 29.6723 112.732 42.3018 6.30798 36.8703 0.82676 2.39979 11.3549 0.00512211 14.7514 0.041745 20.6527 
676.452 400.615 294.753 0 162.899 416.297 184.513 1174.84 641.734 67.8432 96.3431 150.281 65.8981 19.7289 8.74504 28.4578 444.742 117.718 62.5358 44.9782 730.233 2.65437 19.4306 22.5479 422.539 40.4961 12.863 20.9842 
150.984 525.036 46.1742 111.363 0 365.442 2.50598 1.06172 23.2999 326.989 258.661 178.313 0.826386 24.2045 8.57979 74.6944 14.1565 210.361 288.302 1.70645 16.4103 11.1435 26.714 40.083 0.425103 40.7085 31.0165 0.368303 
518.659 624.577 11.6919 432.473 886.121 0 827.324 130.202 555.069 327.46 133.217 86.9736 306.882 20.6279 1.67955 26.3644 417.972 123.107 5.61035 11.441 62.3559 20.0508 16.387 16.684 412.605 18.7351 6.33767 13.1643 
64.4849 466.834 195.803 31.7879 46.2331 47.196 0 90.598 7.68433 482.858 449.049 60.1444 213.991 88.2826 64.2005 96.892 102.263 44.1155 1.03441 50.5106 11.9121 46.932 32.0208 47.1057 30.7732 26.4237 20.3702 2.22652 
166.333 269.116 117.34 7.4559 76.991 0.00623714 331.234 0 405.342 41.1649 242.536 279.099 1.224 34.9962 1.0674 45.8428 88.0342 6.96104 0.684825 43.0181 69.5976 51.9279 29.444 132.624 95.3353 154.831 7.79725 113.474 
641.456 460.652 376.119 609.755 265.101 558.312 1251.4 416.399 0 371.237 1205.7 0.0482973 53.78 4.49296 21.8044 40.2843 394.873 192.061 152.081 35.4582 168.711 39.9948 6.8323 13.178 482.613 4.95857 26.7477 4.68186 
143.734 6.15763 0.016126 82.0354 332.409 55.4113 355.514 177.571 12.5319 0 3.74887 2.10203 280.858 82.0679 12.5636 26.1315 53.0848 45.5814 12.7772 56.3323 81.8461 60.1286 27.1758 30.3896 50.6315 27.7481 19.4783 56.4147 
172.186 73.5916 110.06 129.195 77.1727 75.1444 1.14126 129.257 807.69 33.3647 0 477.078 32.3967 210.931 40.8156 55.4259 23.2632 128.683 125.825 72.9104 57.8077 28.913 66.2388 112.382 29.4527 117.809 53.1219 100.262 
5.5394 25.9978 118.4 4.77557 46.6777 26.4709 0.45847 42.315 150.344 148.181 329.052 0 128.187 121.435 208.905 250.396 2.99341 64.0181 66.3032 0.117427 19.7689 10.8207 122.085 187.301 67.6125 282.582 81.1535 166.187 
99.8213 50.1031 40.6604 40.0225 170.509 97.2211 47.8326 119.074 49.8913 317.691 177.293 80.7859 0 64.8645 6.50381 2.05801 1.13988 71.104 84.2448 3.70194 30.6589 89.282 62.541 54.0709 25.0586 29.406 35.9454 0.895668 
0.855193 0.0203671 0.759441 20.8281 67.1685 2.12169 15.3532 5.06144 35.4911 71.8959 197.525 146.208 156.139 0 39.6758 13.5215 5.50166 52.2592 13.4887 3.49622 18.6677 0.892514 2.73486 0.799517 14.578 0.0565944 10.9755 11.6959 
28.5049 1.94211 0.666796 35.3022 11.649 4.02345 141.232 151.846 147.294 125.991 6.65925 232.371 23.454 57.5383 0 16.3099 13.1584 50.7304 37.2177 10.5567 16.3617 16.0947 16.484 28.0473 15.9037 10.7321 18.7362 16.5735 
44.2924 71.0796 23.0925 0.530297 1.53552 4.67667 103.645 67.2473 126.334 2.08938 28.4149 495.222 62.0132 18.5369 88.721 0 25.6251 47.0483 29.6262 8.3298 62.6696 7.25562 12.4595 0.112241 7.89302 29.801 5.89192 2.40047 
489.362 426.132 45.305 391.931 38.118 442.341 3.14144 21.2732 489.073 4.37485 3.7356 4.9934 47.4144 22.0829 28.3022 26.0271 0 107.2 514.305 11.3403 21.4313 10.3688 16.6838 20.6643 415.146 4.89567 21.7755 12.1966 
11.7589 221.128 158.176 5.55915 0.321569 94.9092 185.29 157.169 19.7187 146.56 87.2162 100.017 41.5096 52.8604 13.092 0.387215 4.46874 0 77.2145 2.43892 113.68 4.59711 42.4942 40.3805 57.521 3.68622 4.21105 11.2922 
32.2121 165.181 44.8513 60.7527 193.052 88.5211 147.815 31.1471 103.816 36.4551 118.157 49.6236 78.5932 0.39347 8.52777 19.7123 110.878 12.571 0 32.155 71.0486 0.236113 1.76944 20.8149 26.1425 30.2482 15.9951 19.0833 
57.9575 43.1687 16.674 6.83856 2.18782 6.52121 89.8864 37.6348 60.8526 55.6524 52.3421 65.6931 4.63104 0.479271 8.75269 0.267217 31.921 2.36663 29.8187 0 63.8015 3.38558 1.80222 5.28207 12.5692 10.5118 1.95832 11.4075 
131.534 127.068 91.6583 167.538 95.1117 77.0475 142.805 5.40328 3.69944 96.8263 42.7224 150.32 0.375499 5.28069 8.69291 0.394063 68.4313 34.1538 70.788 268.167 0 12.7271 8.91586 27.9469 26.8448 31.5197 43.6934 14.3285 
18.0622 42.2126 2.4688 0.317218 54.9101 4.89488 5.62397 59.1951 58.1254 17.2228 3.51466 42.4226 86.0357 2.69371 0.212481 4.04369 14.2076 19.1819 0.981979 6.31345 29.024 0 2.68682 13.3598 3.09654 10.1165 2.52013 0.276483 
35.2333 14.6468 1.73301 19.3033 0.0146252 11.3539 54.0952 102.05 37.5427 4.80293 8.78162 79.7161 12.2537 0.943236 13.9935 0.0012833 19.0415 32.0738 5.00857 3.99578 36.0683 14.0462 0 6.26252 5.98264 5.89143 4.10267 6.12018 
5.1748 54.0218 0.494486 7.04063 6.15075 16.9839 70.4725 32.9002 44.6823 60.3054 123.692 186.688 68.1737 0.315855 5.76903 7.44724 0.323125 0.0307559 0.701614 4.48144 40.0176 13.7206 1.05265 0 43.6938 11.8276 4.40634 1.1444 
424.067 442.393 4.75814 400.038 47.5731 415.833 4.21721 181.5 395.792 24.693 9.62326 967.198 54.6491 0.71694 30.2776 84.3083 415.132 4.00361 17.7422 0.0275669 3.49141 16.6272 0.454345 19.1331 0 62.5306 142.955 128.013 
60.6393 78.6574 7.83148 9.7698 9.18281 5.37604 52.3881 0.93118 4.92096 5.74481 7.14278 26.651 30.1036 6.15186 7.9015 32.6618 24.6911 0.437458 9.15905 4.56097 26.1322 0.050524 4.19869 0.115159 17.8805 0 13.9788 49.5525 
28.1522 2.10701 14.0111 26.1389 2.30715 8.08035 37.9566 93.3236 5.24608 0.122481 76.4871 118.455 31.6953 10.6637 19.8498 17.158 17.009 33.3624 19.4038 10.38 38.4073 10.4905 2.34203 17.2689 42.6358 30.062 0 6.2788 
0.220308 0.0528938 6.12811 27.3501 27.104 0.453025 71.5595 120.054 0.194461 55.3357 77.2386 121.618 44.7127 6.8376 5.18529 4.55077 11.2253 2.68048 21.7366 0.334204 51.1333 10.5423 2.78973 2.21811 12.5683 58.599 88.6928 0 
