0 668.5 188.05 426.347 181.857 479.338 16.8852 22.9894 465.401 75.9974 143.7 113.775 48.0823 8.66105 59.3118 68.1113 434.92 3.15824 29.6486 87.8062 137.875 30.0543 46.7954 55.3663 443.282 59.972 37.7599 60.3201 
923.797 0 179.241 374.607 455.047 470.325 11.3461 11.9394 706.955 183.809 251.499 0.996956 110.746 8.3688 11.9755 74.4652 507.456 890.773 20.7755 140.98 142.865 5.72937 18.452 61.381 375.154 26.1361 10.6956 47.4016 
197.766 395.766 0 66.4233 143.527 28.8038 196.774 96.2174 48.3966 111.653 39.5109 188.027 0.460256 15.8244 31.2904 3.80271 27.1931 100.771 45.0626 7.72782 44.7376 0.677265 2.05026 11.8839 0.0956759 16.1386 0.108865 21.0332 
697.291 375.007 343.822 0 163.81 407.085 172.981 858.833 592.008 61.9154 111.409 125.873 67.4844 19.0157 7.13206 25.7613 430.699 110.141 62.6776 46.4763 374.732 2.36956 19.4343 21.6784 410.158 41.9146 12.0061 22.2449 
171.911 530.925 32.5645 100.315 0 373.408 0.897432 0.0416433 10.2438 332.304 254.328 176.497 2.76091 26.7998 6.2167 74.2377 9.5375 219.076 298.263 0.692561 13.1731 9.87084 28.4591 41.5947 0.151316 43.1448 29.9275 0.161396 
502.283 608.384 7.44561 422.861 703.776 0 1273.71 146.914 465.584 642.577 161.428 77.4264 585.968 21.0966 2.87675 26.8034 401.493 123.871 8.90797 10.3894 64.6179 20.2379 16.2894 16.323 399.243 17.5721 6.83548 13.8927 
47.3394 506.305 169.806 19.9854 83.4973 324.572 0 58.5166 78.6142 435.555 411.767 77.3421 217.614 90.9741 54.4114 93.8651 104.359 32.8044 3.02254 45.8926 15.4955 45.1576 29.1766 49.674 27.0576 30.8627 18.7783 1.42776 
141.525 255.882 147.249 84.5175 88.9233 1.61334 361.38 0 307.514 52.5333 211.881 99.867 2.58101 28.8775 0.000297966 69.4424 85.9263 4.16273 0.184755 37.5185 59.1583 53.4788 25.3492 135.569 110.021 175.199 5.83995 118.549 
633.352 480.863 435.913 630.975 290.943 468.277 1288.5 318.886 0 350.894 788.213 4.12778 64.4225 7.81613 102.368 49.2117 378.94 199.451 149.621 31.035 162.926 37.9822 9.32514 10.3908 474.027 8.43742 24.4579 3.1641 
147.928 13.3461 0.362242 86.9716 327.656 87.9817 424.344 165.729 2.06842 0 4.85 6.35687 248.542 83.3314 19.7832 21.2063 50.0675 52.0006 17.1122 56.1242 79.2299 60.6274 24.5482 27.8586 47.7929 24.2488 20.7881 56.8553 
178.125 89.9666 87.6596 114.418 62.2069 51.3393 13.8467 100.331 927.308 2.84275 0 503.513 45.3086 204.906 9.98306 37.6945 25.7938 122.26 127.293 70.5455 52.1954 26.4567 58.3456 107.256 36.4541 127.716 50.3109 97.3404 
2.12607 34.4601 104.771 13.535 39.8156 33.9607 3.48341 182.876 116.116 131.377 269.699 0 122.375 110.172 232.672 350.944 3.94142 69.7028 63.2421 0.00327475 15.257 12.5691 124.482 186.04 104.153 220.041 86.3494 171.138 
97.4315 43.5911 43.8341 37.1982 165.835 86.3098 60.9798 123.791 40.1695 297.061 193.262 73.7039 0 48.0336 11.1039 3.77755 0.708599 67.7028 83.3277 4.42374 32.6766 90.1299 67.9628 51.1078 26.9268 27.4807 35.425 1.26839 
0.467464 0.0347371 1.1213 21.3787 65.9647 1.52573 19.2791 8.18088 43.5825 75.2481 185.467 137.532 155.544 0 51.5162 11.4295 5.06961 51.7301 14.272 3.60667 19.8955 1.21359 4.20808 1.33727 15.0667 0.176413 10.8562 11.8086 
25.802 3.43387 0.219132 36.4538 8.90715 5.72457 138.72 161.775 128.925 120.016 0.547439 208.547 16.828 48.2025 0 34.974 13.9249 52.7479 36.7197 10.7627 18.0348 15.6773 14.2046 27.6046 14.1486 8.83992 19.0201 17.4626 
40.5566 68.2407 22.3334 0.0919862 2.46737 3.69397 102.975 93.548 118.553 4.09649 44.5107 479.072 66.0695 17.4436 79.8975 0 25.788 45.3367 29.9131 8.55019 62.2573 6.81541 12.3205 0.142337 9.36747 27.84 6.56903 1.71919 
476.877 419.656 47.164 379.173 45.8658 427.255 1.83434 23.9105 477.411 3.10285 2.69428 6.18276 49.0083 22.0432 27.9189 25.9275 0 78.9096 499.814 10.3386 19.7309 10.7741 16.9353 20.7665 401.037 5.40306 21.9009 12.6817 
19.9452 157.077 161.583 2.58804 0.193026 88.8109 172.281 151.333 13.4269 146.284 94.4686 105.374 38.0494 53.1755 11.3145 0.760791 0.109864 0 68.9247 1.30905 115.996 4.04897 41.9535 41.284 56.8443 2.84131 4.77299 10.2698 
27.5091 160.183 42.0807 61.5745 223.678 86.3608 151.737 35.0246 96.5368 42.6675 120.922 52.8205 80.2489 0.601185 9.59794 18.8633 95.2237 17.536 0 32.9292 70.3619 0.36056 2.07804 21.1868 25.576 30.0381 15.5547 18.546 
36.0874 33.9557 18.2482 9.41159 1.0121 5.60664 87.6469 43.138 65.5437 56.0532 49.2459 61.9673 5.42414 0.55738 9.0543 0.38577 32.4115 3.81415 28.8317 0 119.785 3.50822 1.7061 5.40777 12.7967 10.2391 1.7787 11.3448 
112.927 135.43 98.9572 156.985 99.632 76.7171 143.695 9.57246 1.58677 95.6696 37.5642 154.636 0.144717 4.5086 7.4268 0.836994 68.3135 30.1999 71.406 309.621 0 13.3193 8.10644 26.5938 24.9456 29.3388 43.4419 15.5831 
18.9748 43.2372 2.72431 0.435042 55.4813 5.51119 6.81792 60.3818 59.6039 19.4397 4.6527 44.831 88.0135 2.23816 0.0847245 4.47202 13.8236 20.0849 1.21807 6.28432 29.403 0 1.89668 12.9933 3.16279 10.2484 2.28315 0.354703 
34.0319 16.2343 1.42945 19.3933 0.124818 10.7724 51.5376 101.57 42.0595 3.46735 5.27474 86.5177 16.6339 2.04054 11.6597 0.0945428 18.9758 31.0526 5.47666 4.02636 36.6429 14.5734 0 3.07709 7.3746 5.45824 4.54461 5.8091 
6.36387 55.3302 0.305173 6.04329 7.24404 17.2655 69.6334 26.1118 49.0047 59.927 126.213 187.198 69.1732 0.0828255 7.79112 11.0169 0.438728 0.125432 0.523678 4.32279 41.0068 13.4407 3.34859 0 45.5074 12.6259 3.72623 0.869471 
407.103 425.621 3.85022 388.059 49.5218 401.63 2.7024 173.432 378.854 21.8236 14.1926 900.485 55.1523 0.429955 29.5375 82.6489 401.131 4.89008 16.9807 0.00299972 4.43953 57.5552 0.498105 9.41711 0 6.21018 15.5324 64.6667 
63.5128 80.1474 9.12153 12.0592 7.58153 6.37282 47.4851 5.84319 8.38898 7.84204 3.28108 67.6634 28.1805 6.81176 6.19581 31.9388 25.063 0.177431 8.42102 4.18348 23.9964 0.0971854 3.77568 0.312244 20.3849 0 11.6317 55.4018 
29.4835 2.67232 14.4999 26.4992 2.80475 7.56304 36.2992 95.1996 4.09599 0.293316 78.2256 116.649 32.394 10.5042 19.8746 17.5489 17.34 34.1719 19.7699 10.2639 39.0706 10.2512 2.71141 17.748 46.9474 31.9823 0 1.37058 
0.0477026 0.228777 6.85174 28.3167 28.6561 0.270021 72.3067 124.349 0.00234133 56.0053 81.5474 109.957 44.8664 7.25893 6.0384 3.63697 11.7096 2.14956 21.268 0.440578 51.1523 10.5347 3.0762 2.6219 11.3812 53.6635 81.6083 0 
