0 578.356 193.42 282.428 189.627 347.521 13.0742 18.1294 329.617 72.7383 140.241 108.416 49.6604 8.15357 60.1285 69.1547 304.18 4.81874 27.8234 67.3297 130.597 30.3666 46.7116 55.672 313.691 61.1355 38.2215 60.1474 
809.705 0 139.961 244.421 475.44 331.556 4.22937 15.4918 564.957 177.446 248.013 1.75126 108.32 9.08433 13.1862 75.3984 380.511 346.451 23.6463 141.546 145.804 6.06699 19.1118 61.5193 245.822 24.885 10.2674 48.0927 
201.845 423.959 0 40.011 137.788 31.1839 205.915 107.582 29.5611 110.646 33.1071 188.155 0.282499 15.9584 30.8355 4.19417 26.2194 95.9317 46.1108 8.31 47.9266 0.622383 1.91902 12.0853 0.162067 16.6776 0.143817 21.1688 
577.791 244.504 306.38 0 163.722 279.982 167.831 1127.88 448.027 59.5525 117.288 116.274 68.0571 18.7213 6.53342 24.6798 301.644 106.997 62.6697 46.9412 250.789 2.26136 19.4225 21.3192 281.76 42.3965 11.6712 22.7305 
179.905 526.884 27.7306 95.8615 0 372.773 3.76247 0.0146054 6.52363 332.38 252.051 175.594 3.82559 27.8337 5.38508 73.9975 7.95567 222.03 300.226 0.416431 11.9879 9.38763 29.1447 42.1757 0.0815338 44.0921 29.4965 0.103083 
372.058 477.051 6.00634 295.51 277.964 0 934.523 153.217 311.563 188.682 172.288 73.6758 239.872 21.254 3.42809 26.9401 271.529 123.957 10.3882 9.97948 65.4652 20.2985 16.2385 16.1705 270.484 17.1069 7.03359 14.1762 
41.1711 516.263 158.824 16.0154 100.428 469.867 0 47.5089 175.583 411.51 394.297 84.4733 218.469 91.9026 50.6448 92.5412 105.096 28.7443 4.08254 44.0799 17.0163 44.445 28.0706 50.6618 25.6355 32.6592 18.1626 1.16142 
131.833 250.031 158.961 119.663 93.6947 3.01473 371.513 0 269.178 57.2637 199.598 51.6983 3.24849 26.586 0.146097 79.5766 85.0585 3.2548 0.0747458 35.4116 55.1952 54.0714 23.7964 136.468 115.725 182.662 5.14359 120.386 
506.016 366.483 452.314 514.477 300.172 313.94 1229.51 280.401 0 340.843 875.476 7.50642 68.7485 9.49996 120.744 52.8497 249.263 202.067 148.463 29.3443 160.469 37.1886 10.3995 9.3759 347.065 10.0395 23.5738 2.6464 
149.365 16.8762 0.787873 88.7961 323.809 112.795 446.922 160.837 0.367939 0 14.5727 8.63905 234.385 83.6638 22.9884 19.3691 48.8691 54.5758 18.9602 55.9995 78.1648 60.7718 23.527 26.8679 46.6525 22.908 21.3056 56.9916 
180.234 96.6281 79.1375 108.52 56.6287 42.9363 22.5676 89.5922 935.586 0.00354931 0 510.359 50.8447 201.571 3.46937 31.4768 26.8107 119.661 127.755 69.5762 50.026 25.5062 55.271 105.094 39.342 131.394 49.1971 96.1036 
1.22039 38.0508 99.3367 18.1269 37.2264 37.0896 5.43539 259.324 103.373 124.716 246.047 0 119.997 105.574 240.791 386.455 4.34775 71.9476 62.0244 0.0459416 13.6284 13.2847 125.213 184.881 110.835 194.509 88.3314 172.647 
96.4279 41.1046 45.0673 36.0868 163.726 83.6925 66.4166 125.554 36.5676 286.739 199.19 70.9316 0 41.7913 13.2107 4.58798 0.56679 66.3477 82.905 4.72285 33.4744 90.2944 69.9916 49.9007 27.6625 26.724 35.2114 1.432 
0.346694 0.0996082 1.28128 21.5768 65.4415 1.31647 20.9135 9.59566 46.8918 76.4352 179.941 133.791 154.238 0 55.2031 10.5768 4.90325 51.4987 14.5794 3.64918 20.3803 1.35151 4.81281 1.58057 15.2421 0.241367 10.8046 11.8448 
24.7559 4.13102 0.109353 36.8591 7.92017 6.46173 137.371 165.265 121.551 117.255 4.17755 198.163 14.4763 43.5149 0 43.1332 14.2269 53.5182 36.5035 10.8389 18.7044 15.5007 13.2901 27.3246 13.4631 8.12622 19.121 17.8007 
39.0865 67.0697 22.0025 0.0184711 2.89147 3.33464 102.55 104.431 115.296 5.05932 51.5827 461.39 67.5823 16.9015 74.2032 0 25.8437 44.6478 30.0126 8.63213 62.0507 6.64104 12.2262 0.430339 10.0177 26.9609 6.83981 1.48011 
348.385 293.727 47.8531 250.71 49.024 297.788 1.41491 24.9755 349.273 2.66055 2.33034 6.68208 49.6201 22.0212 27.759 25.88 0 68.5154 393.868 9.95209 19.0743 10.9333 17.0309 20.8019 271.997 5.60756 21.9466 12.8721 
23.6943 124.967 162.404 1.72289 0.696314 86.3181 166.902 148.903 11.264 146.002 97.303 107.435 36.7076 53.2746 10.6448 0.941295 0.13757 0 65.6833 0.959246 116.827 3.84215 41.728 41.6267 56.5547 2.53801 5.00224 9.878 
25.7314 157.891 40.9606 61.8362 234.814 85.3047 153.014 36.5836 93.6233 45.1729 121.907 54.0743 80.8424 0.69451 10.03 18.5264 90.1573 19.6821 0 33.2151 70.0611 0.416525 2.20537 21.3273 25.3465 29.9441 15.3803 18.3323 
28.836 30.542 18.851 10.5076 0.671494 5.2605 86.6611 45.3447 67.3618 56.1681 48.0199 60.4776 5.75039 0.589469 9.16978 0.438038 32.5875 4.47243 28.4304 0 144.085 3.55629 1.66854 5.45539 12.8804 10.1271 1.71005 11.3161 
105.651 138.58 101.661 161.064 101.354 76.5256 143.903 11.518 0.996003 95.1579 35.5977 156.184 0.083552 4.22009 6.95266 1.05548 68.2398 28.6912 71.6171 320.521 0 13.5532 7.79633 26.0596 24.2049 28.4844 43.3312 16.0842 
19.334 43.627 2.82719 0.486273 55.6814 5.75964 7.31453 60.8256 60.1623 20.3305 5.14068 45.7706 88.6308 2.06771 0.0502606 4.64272 13.6714 20.4403 1.31741 6.27162 29.5471 0 1.61854 12.8314 3.20569 10.2964 2.19255 0.388001 
33.55 16.8715 1.31718 19.4156 0.19759 10.5398 50.5054 101.268 43.8564 2.99852 4.13063 89.1147 18.4968 2.55616 10.7475 0.171227 18.9458 30.6456 5.66451 4.03718 36.8577 14.7409 0 2.0799 7.94569 5.28738 4.72133 5.68604 
6.8604 55.8157 0.243006 5.66613 7.69436 17.3644 69.2497 23.6093 50.7069 59.7212 126.996 186.729 69.4781 0.0321759 8.6375 12.5022 0.488865 0.180075 0.460727 4.25952 41.3805 13.3114 4.53698 0 45.9633 12.9264 3.47086 0.771133 
276.953 295.521 3.5157 259.885 50.2701 272.536 2.19646 169.766 248.87 20.7232 16.2033 1097 55.3168 0.336681 29.1986 76.6834 272.133 5.26036 16.6804 0.00012195 4.84064 72.0089 0.61077 6.4018 0 0.086345 39.4603 25.4038 
64.5933 80.6613 9.6422 13.0006 6.98937 6.78074 45.5623 8.89532 9.98683 8.74482 2.1625 87.8711 27.4237 7.07056 5.5681 31.5107 25.2021 0.106763 8.13634 4.03722 23.1666 0.119616 3.61205 0.415488 21.3781 0 10.7418 57.3351 
30.0039 2.91178 14.6877 26.6273 3.01271 7.36166 35.6425 95.863 3.68102 0.380391 78.8664 115.804 32.6613 10.4372 19.8726 17.6896 17.468 34.4844 19.9108 10.2158 39.3217 10.1547 2.86205 17.9198 48.502 32.6777 0 0.407517 
0.0143371 0.331486 7.14223 28.676 29.266 0.210862 72.5525 125.861 0.011214 56.2327 83.1871 105.248 44.9088 7.42279 6.3852 3.30069 11.9 1.95628 21.0797 0.48622 51.1394 10.5289 3.19093 2.78773 10.9837 51.3526 78.0246 0 
