0 823.821 207.165 273.833 250.687 315.655 1.91347 1.45058 272.929 41.8631 103.197 57.865 65.309 3.85933 66.8846 77.2154 286.93 38.4232 12.2706 52.8014 60.9777 33.2716 45.2417 57.6187 306.387 71.0967 42.4765 57.4366 
689.731 0 40.3721 320.653 500.265 257.009 112.646 71.592 411.323 107.31 198.539 20.1061 82.3149 17.4022 27.5178 82.3684 394.21 527.405 59.1443 134.657 168.963 9.83949 25.8923 61.7768 244.406 13.6553 6.41484 54.3772 
201.106 347.106 0 216.132 74.28 53.423 249.479 218.689 96.9748 93.0372 0.0310776 172.768 0.857102 16.6984 24.8581 8.76362 16.8676 48.023 55.0203 14.5091 80.3984 0.200636 0.827806 13.8417 1.73022 21.6353 0.746551 22.0667 
526.395 318.09 67.3721 0 149.655 297.569 104.38 1251.5 303.145 36.2421 169.695 33.2469 72.0774 15.45 1.88531 13.9718 299.712 72.6611 60.6725 47.5244 519.096 1.31082 18.9076 17.3254 286.275 44.6624 8.45337 27.1371 
245.025 326.034 0.411479 51.6445 0 379.248 125.021 10.9758 15.1486 275.073 213.759 161.176 23.0105 38.285 0.332167 69.8319 0.0130276 235.442 260.387 1.45958 3.1291 5.16516 35.8434 47.4643 0.546646 53.0086 25.1627 0.229335 
351.802 415.306 0.17168 308.165 659.22 0 860.049 201.871 289.923 532.822 256.733 38.5248 631.166 21.9526 10.9812 27.1684 262.311 118.366 29.5627 6.12971 72.4231 20.4943 15.3643 14.3677 272.307 12.3821 9.05369 16.8631 
2.43403 434.025 49.931 0.649914 297.667 506.073 0 1.00735 1300.46 112.655 177.548 161.042 209.436 96.8429 18.3656 75.9436 109.577 2.50324 22.423 26.7994 35.096 37.019 17.7077 59.5966 13.082 51.3985 12.4275 0.00831398 
46.5692 177.288 254.227 335.497 141.329 38.2405 407.361 0 8.36129 109.314 83.4874 399.912 13.7548 8.31457 18.2142 187.262 75.3799 0.307766 1.62448 16.9073 21.8007 59.3707 10.5673 137.192 165.486 231.077 0.596181 133.118 
501.728 523.592 360.036 574.874 354.138 287.949 5.01108 11.0938 0 198.81 800.538 88.9106 113.877 36.3866 182.364 90.5775 244.933 218.22 131.636 14.5121 131.432 29.3268 23.5882 2.02192 363.609 32.1634 15.4072 0.0110657 
156.639 69.6913 13.3387 102.562 234.8 495.041 472.046 108.017 55.5731 0 318.283 47.8388 82.7095 81.8714 62.3578 5.11179 36.8524 80.879 40.8321 53.4899 66.6624 60.6096 14.0309 17.4176 34.8988 11.1084 26.4584 57.2015 
193.53 165.109 13.8232 52.0542 13.791 0.00434582 196.369 12.5886 624.938 223.501 0 464.391 115.395 144.64 111.1 0.00322413 37.4358 92.3367 128.771 58.9446 30.091 16.6797 27.1892 80.1975 70.6607 158.968 38.0585 81.5103 
5.75383 79.9862 47.4445 91.2483 15.5475 71.9961 46.0385 1007.89 12.7791 61.583 47.5608 0 94.267 58.5374 272.202 444.454 9.35767 94.0632 49.6853 3.10397 2.30575 21.1418 125.821 154.94 77.1216 7.57225 105.54 173.552 
84.7258 19.4462 56.5246 25.2568 135.67 172.765 124.505 139.816 9.14578 143.64 243.279 44.5738 0 1.74912 41.2629 16.284 0.0173194 52.5719 76.9143 8.12247 41.4514 86.7897 85.7783 37.0691 34.8826 19.3514 32.8344 3.55661 
0.12567 2.5197 3.35084 22.9403 58.8541 0.0671404 39.1952 28.6505 81.6295 83.6683 109.253 89.852 113.011 0 46.7342 2.81052 3.37097 48.5221 17.5781 4.03886 25.2009 3.02135 9.40563 4.67129 16.4201 1.39849 10.1558 11.9497 
15.1004 14.1568 1.0583 39.3026 1.17995 15.3821 114.187 184.808 52.3841 80.5232 186.605 84.0537 0.524027 1.16118 0 88.6434 17.2182 60.3445 33.7707 11.4421 25.6164 13.4103 4.80574 21.7224 7.1116 2.39295 19.7822 20.7214 
24.9161 54.1179 17.8839 2.28016 8.75606 0.712513 93.652 209.326 79.0608 19.2756 133.876 109.671 79.4443 9.30617 4.73808 0 26.1363 37.4227 30.5877 9.28887 58.6932 4.90671 10.1987 10.2853 18.0508 16.146 9.60937 0.0666438 
350.442 325.989 53.2349 257.174 82.2617 291.826 0.205815 36.2494 355.729 0.105791 0.143711 12.5462 55.1754 21.6133 25.9086 25.155 0 2.83712 582.484 6.39502 12.9846 12.5012 17.8744 21.0042 271.449 7.77369 22.2899 14.7426 
74.0189 71.5087 154.526 2.67754 21.8819 59.8685 108.932 121.406 0.0591476 138.089 124.182 126.077 24.1793 53.4936 4.98588 3.726 50.4806 0 35.4808 0.437142 122.538 2.06594 39.1161 44.617 52.9963 0.443771 7.51685 6.33332 
10.7866 126.707 29.318 62.513 300.075 69.3677 157.111 52.8023 64.169 70.8628 128.331 66.2449 84.877 1.96397 14.594 15.1271 39.5426 45.8515 0 35.4462 66.1781 1.18186 3.64177 22.5395 22.8833 28.6755 13.6203 16.146 
11.3143 5.48673 24.0428 23.0743 1.07053 2.32613 74.0475 67.7518 84.0854 55.9913 35.823 45.2968 9.38869 0.946654 10.2074 1.11925 33.7988 13.5025 24.1124 0 328.281 4.02633 1.30564 5.86836 13.5244 8.88476 1.09263 10.9115 
40.7541 164.442 121.833 127.561 116.384 72.8004 141.649 39.1941 2.55749 88.4397 18.3691 166.63 0.379973 1.84499 3.03086 4.52436 66.6853 15.3998 72.7219 241.13 0 15.8951 4.99018 20.7534 17.1417 20.239 41.8777 21.2426 
22.8906 47.0586 3.91277 1.13988 56.8978 8.37031 12.9973 64.4853 64.9474 29.5489 11.1362 54.7372 89.6468 0.699003 0.192666 6.3726 12.132 23.9567 2.49473 6.10826 30.8216 0 0.0360571 10.7519 4.07877 10.6544 1.37864 0.793704 
28.535 23.5031 0.437949 19.2339 1.80247 8.15863 39.6904 94.9387 61.7908 0.174299 0.387414 111.379 40.0046 8.13863 2.97679 2.04888 18.5248 26.4718 7.62963 4.10707 38.6316 15.0928 0 3.18549 13.9366 3.61883 6.53365 4.4587 
12.5857 59.6813 0.0100469 2.47783 12.7289 17.9675 63.8951 5.0584 67.2215 56.0081 128.149 162.799 69.7507 0.785345 17.6765 25.9249 1.12616 1.24613 0.053575 3.61082 44.5846 11.5041 18.2391 0 42.3511 15.3791 1.36904 0.109962 
266.059 284.308 0.968807 268.458 57.0476 270.986 0.0189112 121.848 244.406 10.9302 41.6156 1186.2 55.9116 0.0303943 24.5574 49.7113 272.002 9.55492 13.6976 0.177588 9.62381 19.7904 4.42737 22.3306 0 12.1124 140.691 25.8997 
73.5307 83.4634 15.0193 23.0883 2.34971 11.1994 27.3032 67.7741 32.0775 19.7512 3.70257 324.4 20.022 9.52261 1.0118 23.5814 26.3568 0.371867 5.50477 2.67356 15.3741 0.464064 2.11083 2.16947 30.8353 0 3.44814 62.1327 
35.0243 5.79059 16.3979 27.4692 5.43637 5.44281 29.046 100.063 0.744528 1.83933 83.8305 103.639 35.0685 9.64642 19.4983 18.6662 18.6695 37.3936 21.2095 9.66779 41.5044 9.135 4.49518 19.0775 58.3646 37.3709 0 20.0785 
0.733596 2.35444 10.1522 31.5351 35.2462 0.0201911 73.4967 134.947 2.64863 57.3649 97.3676 58.1222 44.7767 8.96465 10.0794 0.786218 13.7843 0.524554 19.1019 1.05105 50.3948 10.3891 4.37737 4.61408 9.04755 22.7964 30.4059 0 
