0 550.379 80.2331 477.991 256.294 483.483 94.852 42.2802 611.703 82.8835 113.556 7.9955 109.152 37.5107 70.8726 24.1604 406.568 115.529 90.4135 64.8964 41.547 21.9573 10.8049 17.0595 392.554 46.7786 4.49662 0.246233 
845.051 0 243.555 616.247 486.957 495.153 14.5082 250.327 421.44 5.3811 260.994 205.732 144.857 41.6749 12.0785 60.8906 418.831 75.9371 28.9648 1.68271 29.703 7.26797 34.1806 3.6908 379.67 14.5807 41.7816 9.80158 
97.4877 118.733 0 57.8207 186.538 3.24363 93.2611 24.4025 112.592 87.7382 224.656 0.634404 5.10241 6.01884 15.5194 23.995 43.2751 10.2469 0.0127173 24.8447 7.85396 6.46047 2.70569 15.6015 2.02604 3.31082 13.9063 11.8453 
523.242 618.424 263.261 0 45.1999 364.839 203.283 98.065 360.99 2.83082 81.0056 183.451 67.691 15.9001 38.7435 33.2044 398.163 93.0386 62.1626 2.54952 194.064 7.89613 4.23425 24.4027 354.031 39.5739 18.1881 31.0245 
260.415 522.469 140.134 145.437 0 248.271 290.41 196.751 134.542 329.83 261.105 173.677 152.547 64.0787 54.3086 48.1028 81.5043 172.978 167.622 70.3753 5.56969 56.9546 20.4476 3.68912 67.2103 58.7158 40.1393 37.033 
481.679 587.951 61.2077 355.359 151.049 0 615.822 214.032 772.064 543.349 248.707 9.28186 212.334 2.72863 3.32458 2.72531 382.278 26.7905 5.01852 14.0017 74.5042 4.89793 7.84191 1.95098 380.703 22.7959 0.307416 10.4527 
52.2107 519.032 41.8698 85.7603 417.062 288.564 0 25.0705 443.088 3.79987 20.6634 61.1603 75.8105 4.86975 142.428 5.06584 108.932 77.8833 113.374 93.2767 15.7674 18.2724 5.69868 71.6091 41.0698 16.2827 60.4662 48.8841 
2.40621 83.4443 60.9319 480.76 197.149 72.8455 377.935 0 293.509 91.4292 153.775 11.0652 13.251 49.8044 184.57 0.0495921 16.9217 47.2174 58.5682 117.166 112.972 0.884628 65.8478 115.696 132.09 55.9581 8.77598 22.8407 
449.198 719.573 343.61 573.18 126.288 769.863 697.213 304.844 0 384.363 1308.25 167.104 205.375 21.1682 78.0835 36.0346 405.444 52.3708 77.5231 66.689 131.681 59.3207 1.24994 18.1068 353.55 110.227 66.0903 7.85174 
7.73698 238.319 36.5879 74.6455 314.635 457.681 222.355 125.983 34.6965 0 54.9831 74.7918 22.0978 71.5587 48.2858 2.30914 0.131429 0.322904 115.49 26.5596 4.21149 54.2483 36.4286 22.514 51.0287 75.5565 2.87645 13.2216 
0.243531 11.896 186.721 100.99 102.401 0.967178 397.9 53.656 810.849 13.1514 0 2.69189 83.68 34.1324 137.589 161.41 48.4201 122.26 127.338 4.13737 1.95712 43.4948 0.409973 0.167788 144.201 33.4311 19.1465 106.284 
52.2363 222.787 99.2283 215.185 94.7299 113.825 180.023 586.874 386.741 246.715 298.975 0 152.248 76.043 72.7189 488.233 41.0522 149.638 38.1106 7.18152 42.392 62.974 42.339 110.616 360.855 17.5186 17.5277 43.0705 
18.1323 135.021 30.1507 4.259 10.6248 103.937 19.295 139.405 47.0813 64.4428 0.0387853 118.108 0 155.365 108.118 78.0329 53.6659 14.5219 32.0383 20.9328 0.215894 52.6029 39.3462 61.4713 41.7384 6.01278 39.09 18.7856 
50.2068 19.0162 2.93487 22.8288 30.3329 20.1285 75.7531 124 54.0458 81.9193 64.344 45.7378 71.2846 0 0.141243 16.9546 10.1947 15.573 1.93186 0.450729 1.92182 5.24745 5.8696 0.607837 3.70287 10.2661 4.25118 4.8993 
0.825689 24.8201 6.72478 0.0275058 59.2011 6.32499 79.5816 30.5045 224.619 94.115 215.389 269.744 102.596 41.7267 0 32.0749 0.33916 34.7337 0.306884 0.000993507 37.3395 12.0468 21.674 26.4745 4.98331 18.2045 2.30787 16.7029 
77.5342 79.4078 0.299517 2.3185 33.0306 27.1353 0.00167603 3.36448 129.92 25.4853 208.547 322.507 57.4823 10.6568 81.6843 0 17.7675 15.6432 2.90252 3.75265 17.3997 0.13047 0.967534 8.03255 31.5121 22.9667 17.2318 22.2335 
458.339 497.813 32.175 381.407 153.222 407.366 3.92829 72.1984 422.037 30.6719 95.3068 36.2527 0.0157193 21.2576 26.2095 22.2659 0 51.8152 174.424 25.0086 67.1201 17.0907 18.6108 21.0001 380.462 0.234347 18.8365 17.492 
74.3084 321.598 39.1514 0.00455244 13.9062 1.35806 212.621 181.237 177.114 106.839 94.4687 149.662 40.1073 4.56724 40.4065 61.1356 2.50253 0 37.3231 20.5664 79.3754 4.59709 42.269 11.7833 27.524 61.7281 6.47395 33.4994 
88.3052 153.518 51.6961 59.7127 47.3018 80.2749 95.2672 113.513 140.399 94.7117 129.125 46.8478 66.2322 17.518 32.8989 25.1087 165.925 150.079 0 12.4088 25.7982 0.34832 0.388084 14.1906 30.5488 19.4274 7.34058 20.644 
31.8148 128.108 27.5162 19.5974 71.8536 8.90538 60.1479 14.9008 29.9683 34.6709 0.229226 36.1559 19.3614 0.692587 0.43855 9.53956 1.07617 2.59788 1.1212 0 159.84 5.2243 3.0952 0.611077 0.00121662 1.05811 2.39346 8.50762 
61.8969 36.6391 52.3531 130.049 132.018 46.9331 143.739 207.668 138.242 0.428942 0.00850357 128.333 40.1108 40.7274 52.5779 45.9809 31.9515 16.6942 7.23925 325.675 0 26.236 27.5066 42.6453 37.1284 10.0923 44.0758 3.40405 
10.8128 8.99815 0.0814234 0.720406 4.66909 20.0518 55.7902 4.39685 0.0803732 44.5544 77.4884 30.3838 62.231 10.9048 0.640522 11.6465 7.13648 19.1819 0.00652342 5.30804 32.5881 0 15.0172 2.26509 15.9704 3.02932 6.53818 0.107433 
32.4822 36.5213 3.48163 5.28989 54.5455 0.871612 23.1315 91.0364 7.73852 10.9396 27.0228 98.0722 1.22641 7.95672 23.2602 11.3405 17.7467 44.8082 0.126069 3.1761 19.1707 0.010476 0 3.80483 1.02838 4.46617 13.2269 5.41816 
57.7866 13.4906 2.82672 9.72465 35.9685 10.194 33.7548 2.0625 37.9841 58.4204 34.063 121.268 18.3329 0.460198 10.6434 0.0451733 1.08459 15.9024 5.38148 5.94154 0.576529 1.631 18.7655 0 39.6809 6.14191 5.66037 3.33468 
357.145 355.514 11.9356 371.32 19.7327 373.4 9.70664 1.02319 475.637 25.11 131.707 1.57634 6.86358 10.6944 1.00066 8.06533 379.796 27.9859 29.6309 12.8352 55.2861 74.541 10.3495 28.9966 0 7.26319 171.011 13.5688 
50.9179 83.3841 9.10814 36.924 33.9825 2.20977 95.5817 227.235 110.141 20.2544 76.2992 395.59 5.5836 1.98184 15.1261 15.4702 17.038 60.7517 29.1321 6.7152 14.3591 4.38768 2.85084 16.6988 0.911988 0 20.7502 50.7102 
0.855586 7.64257 0.0316156 0.29315 0.00320798 19.6424 54.1859 91.0212 79.3152 28.8333 21.2267 99.7892 23.8358 5.01154 0.39482 16.3684 22.3236 36.2889 24.1012 10.6104 31.9323 12.692 13.493 16.3166 5.1411 23.9167 0 65.1941 
60.704 62.0792 22.2005 33.037 0.523729 22.2701 23.9205 16.1426 19.5462 16.2297 65.1331 167.892 16.4643 10.8267 5.3044 20.9316 16.5994 20.4462 23.0584 2.25842 22.8412 10.5098 6.03637 12.448 41.0782 6.61872 0.918569 0 
