0 856.158 179.759 484.311 267.631 398.354 19.1599 20.1504 355.313 25.8481 79.9431 32.4749 74.4373 1.98337 69.6333 79.813 380.097 70.8891 5.62319 53.7171 27.682 34.8382 43.8092 57.8085 403.996 75.4393 44.7234 54.9633 
567.953 0 254.889 519.357 364.894 347.687 284.784 118.637 426.287 65.58 159.273 39.7593 65.8188 23.3052 37.7009 84.3716 499.102 653.731 84.3992 120.314 176.714 12.4564 30.0999 60.9503 348.334 8.19952 4.46789 57.5867 
166.367 109.032 0 283.928 38.4505 62.6986 227.011 263.449 293.669 77.1311 10.6376 150.475 3.23229 16.6054 20.3199 11.9059 11.7739 23.7621 58.7637 18.2776 98.4457 0.0572053 0.375099 14.652 3.42427 24.0892 1.32887 22.1996 
505.806 516.365 356.665 0 130.899 408.789 63.3639 281.817 355.188 23.4675 191.636 5.32091 72.9593 13.2526 0.393629 8.24643 400.496 51.3658 57.8444 44.3547 295.524 0.851299 18.2568 14.6538 390.655 43.7184 6.64613 29.3312 
265.583 145.525 4.98298 28.4392 0 167.308 246.446 26.8371 58.0786 201.95 179.607 148.141 41.124 44.5368 0.242736 65.8482 2.35844 228.859 194.574 5.35179 0.520296 3.16518 39.7083 50.175 1.837 57.8113 22.5209 0.923956 
437.083 460.247 4.61028 414.678 972.148 0 512.741 214.18 562.971 812.011 273.575 21.1037 198.994 21.595 16.861 26.3133 360.42 109.659 43.6272 4.10617 75.2032 20.2539 14.5312 13.0593 375.984 9.57211 10.3037 18.3351 
2.19532 267.237 8.47642 13.7499 394.623 78.1484 0 33.5099 590.837 6.0721 61.4161 206.171 189.556 95.8876 5.7804 63.6562 109.699 0.595327 39.3287 17.6169 48.1355 32.3278 12.231 64.0405 7.2251 62.8055 9.35272 0.639204 
13.3085 126.925 276.26 432.418 168.049 74.0303 368.536 0 36.7415 141.953 31.4324 906.173 23.228 2.0575 41.8103 237.444 68.733 3.91815 4.84482 8.5277 8.34242 62.0059 4.89737 130.47 185.036 231.508 0.0208408 135.445 
584.619 705.777 160.838 647.937 347.915 559.601 546.272 31.7036 0 104.067 791.848 168.103 140.71 59.2812 133.774 112.283 347.614 218.687 117.447 7.70963 110.909 24.6803 33.3469 0.165073 472.856 49.7552 11.1141 0.671742 
154.634 111.872 27.1818 106.404 154.258 409.643 321.195 75.6816 138.999 0 528.846 82.8496 17.9663 76.4746 88.2164 0.799884 29.7214 96.5448 56.1191 50.9112 59.0807 59.1185 9.13149 12.2937 27.7449 5.72269 29.5346 56.3224 
194.38 203.7 0.085327 24.6781 1.62543 15.488 332.836 0.0675236 166.267 455.286 0 351.958 157.497 98.1513 265.052 11.2949 44.189 75.2358 126.232 51.8404 19.897 12.0125 13.8955 63.3855 90.262 165.888 31.4301 71.0884 
19.9736 108.767 22.3827 148.328 6.62532 94.4269 85.6313 875.164 0.469334 30.784 0.59386 0 77.6423 32.9864 243.97 230.349 13.1919 106.816 42.1823 7.18149 0.0312794 26.4399 120.372 124.202 59.699 23.6692 113.21 161.884 
76.3648 9.7423 62.4286 19.1333 113.939 166.364 158.674 145.24 1.23451 57.7137 253.662 30.4573 0 3.91291 61.8698 25.9388 0.44497 44.1869 71.8455 10.5176 46.2519 80.4014 90.4597 29.0445 39.0577 15.1481 31.1864 5.26014 
0.853457 5.4828 4.95066 23.2014 53.7962 0.0814979 51.2319 43.5878 102.043 83.6735 63.2035 61.2469 72.8726 0 16.0271 0.295479 2.55887 46.1607 19.3116 4.24261 28.0735 4.22786 9.24992 6.74954 16.5993 2.49804 9.65107 11.7886 
10.1207 22.5783 3.34633 39.3029 0.000359752 21.5867 93.534 181.883 22.873 54.448 334.085 28.2111 1.41066 8.57321 0 56.137 18.9953 63.639 31.6463 11.6642 29.9298 11.9043 1.34973 16.5643 3.98055 0.493609 19.8731 22.0246 
17.1929 45.5107 14.863 6.08316 13.6173 0.0536205 84.6075 249.811 56.1711 31.0547 181.475 0.0075173 83.2737 4.43556 8.84415 0 26.0825 32.8217 30.5661 9.5375 55.5841 3.89127 8.22936 19.2349 23.561 9.29624 11.2946 0.108858 
452.134 448.575 55.0488 365.039 102.312 390.348 2.09028 43.5208 460.779 0.221295 0.101937 16.8277 58.0183 21.202 24.5742 24.5001 0 6.34052 396.68 4.5398 9.73947 13.4326 18.2882 20.9948 374.108 9.188 22.3992 15.8487 
111.825 36.0526 136.756 11.4621 47.2359 43.7199 73.8903 102.7 2.74261 129.101 138.589 135.365 17.5038 52.9521 2.52648 6.24019 113.928 0 20.3943 2.71552 123.649 1.24479 37.2292 46.0372 50.2837 0.0098892 9.23528 4.51943 
4.60582 102.547 22.2643 61.2228 288.935 56.1847 151.923 62.9294 47.0059 85.9272 129.123 73.1856 85.6047 3.01865 17.5245 13.0623 11.453 64.6446 0 36.2253 63.0866 1.82426 4.65117 23.103 21.2505 27.6254 12.537 14.7799 
50.0574 0.093449 26.2064 31.0937 4.5942 1.07581 64.4231 80.8843 92.5207 54.7345 28.6639 36.1558 11.8984 1.19336 10.7264 1.66203 34.0438 20.8579 21.2807 0 295.817 4.30254 1.09748 6.06155 13.7419 8.03844 0.779073 10.5653 
13.9063 174.231 126.841 82.8248 123.325 69.0337 136.567 61.9119 9.92072 83.0504 10.3551 168.333 1.35054 0.862591 1.40396 7.69305 65.0376 9.10112 72.5068 96.9562 0 17.3215 3.5549 17.6009 13.2263 15.6061 40.6966 24.4735 
25.0103 48.7187 4.61702 1.65804 56.944 10.0296 17.0118 66.0054 67.1187 35.2326 15.6796 59.714 85.7677 0.206817 0.699189 7.41325 11.1815 26.0545 3.36723 5.97729 31.4506 0 0.228933 9.17303 4.91841 10.7627 0.967292 1.10287 
25.3578 27.6891 0.129941 18.7744 3.5257 6.70631 32.9126 88.4055 72.1488 0.149436 4.94132 120.665 54.1182 9.65989 0.439807 3.96359 18.1633 23.8635 8.89167 4.11587 39.3759 14.147 0 11.5499 17.3896 2.67863 7.64753 3.72847 
16.6466 61.1216 0.210841 1.12884 16.2049 17.9888 59.421 0.360335 76.3983 52.4018 123.036 134.343 67.5024 2.22308 22.6519 29.2641 1.63128 2.34178 0.00164692 3.20685 46.0421 10.0323 20.7626 0 34.0112 16.2875 0.537366 1.20668e-05 
363.292 380.618 0.18378 376.732 60.4742 372.66 1.2527 87.4362 349.62 6.27311 60.3862 305.9 55.3512 0.39688 20.8705 84.8469 374.905 12.6481 11.9162 0.463565 13.1504 82.714 8.67688 52.1788 0 93.4732 141.114 55.0767 
77.1086 83.0726 18.2345 29.2592 0.714071 14.0623 17.6805 118.921 49.6572 27.7885 15.4431 397.867 15.7767 10.8045 0.0219928 16.7347 26.848 1.37718 4.10925 1.94712 11.1895 0.776127 1.35093 3.78359 35.5268 0 0.869229 52.0205 
37.8873 7.94813 17.2773 27.5895 7.20261 4.37064 25.0601 100.419 0.0469194 3.22849 85.5271 93.3942 36.2925 9.06771 18.9668 18.8669 19.3319 38.9686 21.9026 9.27705 42.5379 8.47044 5.5737 19.2653 58.8457 37.9753 0 49.335 
2.07956 4.43106 12.0258 32.5743 38.7375 0.255728 72.7393 134.872 6.41347 57.0427 103.695 32.9792 44.2125 9.79345 12.4294 0.0919208 14.9099 0.097538 17.8209 1.48592 49.41 10.2325 5.12016 5.83797 9.31859 7.66689 6.90582 0 
