0 897.552 166.425 623.399 269.204 489.173 28.1208 30.3126 448.489 21.394 72.691 25.6643 77.2286 1.51141 70.2741 80.2466 474.176 82.4699 4.01897 48.3926 19.4579 35.3024 43.2726 57.7101 499.192 76.5117 45.3788 54.0556 
595.832 0 331.606 647.473 308.117 447.134 341.475 134.587 500.433 53.5744 146.066 47.1134 60.6197 25.2805 41.0772 84.6354 595.67 19.8009 92.577 114.434 178.067 13.3336 31.4359 60.5348 445.938 6.72212 3.9155 58.4987 
151.37 50.498 0 235.931 28.8258 64.5815 212.777 271.312 354.561 71.5561 18.7444 141.812 4.29222 16.4898 18.8028 12.923 10.2914 17.5024 59.6466 19.4179 103.555 0.0297734 0.267057 14.8637 4.06712 24.7523 1.54653 22.1755 
561.686 644.596 301.002 0 123.686 507.837 51.3547 766.354 445.98 19.8112 196.444 1.37801 72.9854 12.5361 0.150325 6.66107 496.669 44.8993 56.7093 42.843 726.356 0.724712 17.9993 13.7865 487.889 43.0576 6.10173 29.9371 
268.392 96.2577 9.80928 22.1803 0 137.121 285.048 33.1503 76.4873 175.923 167.621 143.423 47.6704 46.471 0.692545 64.3747 4.22863 224.495 170.215 7.07203 0.149217 2.62506 40.8905 50.9479 2.40219 59.217 21.6838 1.2409 
527.945 538.42 7.19009 512.059 250.765 0 552.913 214.866 723.922 803.037 272.206 16.4814 161.341 21.3595 18.8341 25.8911 456.044 106.155 48.2052 3.52939 75.8396 20.1215 14.223 12.6163 473.154 8.71134 10.7017 18.7717 
5.97207 209.74 2.33029 21.1978 414.71 186.882 0 52.6246 293.841 0.0683867 35.2244 219.276 181.316 94.9588 3.20258 59.5499 109.323 2.30832 45.3854 15.0025 52.5106 30.8261 10.6562 65.2701 5.6928 66.3161 8.44892 1.04851 
6.78269 111.115 275.889 429.427 175.827 86.7114 347.742 0 77.5528 151.928 19.6282 996.541 26.6658 0.934916 50.7895 247.947 66.5233 5.89912 6.2138 6.41105 5.33781 62.7436 3.52301 127.28 188.981 226.737 0.19017 135.285 
672.83 821.44 102.164 725.785 339.643 720.584 860.227 70.3816 0 77.6191 158.42 195.289 148.758 67.0996 195.995 118.585 444.911 217.323 112.447 5.9581 104.133 23.238 36.6439 0.00668236 571.191 55.7566 9.87081 1.23822 
152.987 125.815 32.3087 106.841 128.284 307.148 260.396 65.9229 169.584 0 571.685 95.0644 6.76137 74.1485 95.9406 0.206343 27.5205 101.331 61.1067 49.9381 56.6096 58.432 7.75263 10.8008 25.5234 4.35056 30.4954 55.887 
193.478 214.714 0.654751 17.7893 0.240097 26.737 372.26 2.17998 112.036 515.617 0 308.592 170.404 83.2681 310.823 19.5366 46.3601 69.8484 124.939 49.517 17.0253 10.6585 10.4846 57.9976 96.3017 166.342 29.3736 67.6099 
26.1258 118.062 16.0926 166.267 4.54404 101.397 99.7695 728.916 4.17474 22.8797 1.4707 0 72.3368 25.9835 228.432 154.823 14.5256 110.688 39.825 8.8041 0.0630505 28.1872 117.777 113.268 71.3607 51.7182 115.131 156.433 
73.5536 7.30311 64.0891 17.2969 106.58 153.648 168.611 146.409 0.246465 36.6099 254.045 26.3907 0 9.06156 68.4918 29.2847 0.700438 41.5558 70.0354 11.3241 47.7592 77.7787 91.0577 26.5381 40.3331 13.8761 30.6329 5.86268 
1.21875 6.6443 5.49894 23.192 52.0504 0.210039 55.0611 48.675 108.056 82.9643 49.9227 52.5382 59.8645 0 8.04302 0.0292618 2.32084 45.3297 19.8435 4.30168 28.97 4.62927 8.65615 7.37366 16.5685 2.89909 9.47461 11.7024 
8.70972 25.5486 4.31427 39.0644 0.10324 23.575 86.3464 178.596 16.663 46.3599 368.594 15.9671 3.20807 16.7132 0 40.5362 19.5499 64.536 30.9061 11.7112 31.3028 11.3982 0.672344 14.8003 3.14554 0.184371 19.8521 22.3536 
14.9505 42.726 13.8583 7.61545 15.3397 0.0012663 81.2601 256.397 49.175 35.1115 194.149 12.7311 83.8926 3.13524 20.2273 0 26.0289 31.3433 30.5005 9.5915 54.442 3.58031 7.53473 21.8766 25.279 7.33609 11.8208 0.266699 
548.347 551.563 55.3774 463.733 108.383 485.851 3.09457 45.8719 558.151 0.522908 0.293022 18.291 58.8294 21.0461 24.1196 24.2593 0 14.7065 529.552 4.00569 8.78816 13.7246 18.4037 20.9708 471.027 9.65062 22.4182 16.1944 
124.2 51.528 129.446 15.4323 56.8403 38.7969 63.446 96.5943 5.09028 125.657 142.754 137.94 15.5601 52.6746 1.9112 7.16026 136.448 0 16.3251 3.8356 123.62 1.02561 36.5856 46.4227 49.3419 0.00658175 9.80968 4.00013 
3.16127 94.4497 20.0989 60.5507 277.259 51.6921 149.11 66.1368 41.8448 90.4375 128.873 75.2932 85.5574 3.39579 18.469 12.412 10.6873 70.8353 0 36.3778 61.9969 2.05553 4.9918 23.2538 20.7133 27.2498 12.1913 14.3415 
68.216 0.120513 26.7006 33.5216 6.2046 0.773387 61.147 84.8443 94.8548 54.159 26.4661 33.3256 12.7362 1.27591 10.872 1.8526 34.0428 23.4322 20.3601 0 261.279 4.38862 1.03362 6.11332 13.7828 7.75829 0.68956 10.4401 
8.1509 176.272 127.154 96.5887 125.139 67.6193 134.397 69.7922 13.2154 81.1531 8.24829 168.118 1.78204 0.625956 1.01291 8.85252 64.4066 7.41523 72.2984 57.1981 0 17.7744 3.14417 16.6193 12.0563 14.2151 40.2758 25.5077 
25.6744 49.1753 4.8465 1.841 56.8486 10.5609 18.3617 66.3728 67.6856 37.0161 17.2484 61.2023 83.8662 0.110144 0.923764 7.73654 10.8778 26.7126 3.66809 5.93076 31.6272 0 0.47488 8.63906 5.21957 10.7796 0.850413 1.21065 
24.3369 29.0292 0.0696623 18.5751 4.18608 6.25206 30.7689 85.955 75.2654 0.4121 7.42313 122.804 58.5013 9.5979 0.0999681 4.6483 18.032 23.0281 9.30127 4.11333 39.5582 13.6788 0 14.3592 18.385 2.39832 7.99821 3.50146 
18.0113 61.4291 0.328016 0.804747 17.3646 17.9405 57.8306 0.00512236 79.1066 51.066 120.543 123.84 66.4232 2.79492 23.9867 29.1866 1.80993 2.75861 0.0161671 3.07789 46.4237 9.52174 19.942 0 30.7491 16.471 0.350676 0.0121517 
458.659 475.576 0.0628141 475.388 61.4404 469.215 2.04383 76.5267 448.12 5.03491 66.6198 954.435 55.029 0.598411 19.6093 75.9925 471.9 13.6991 11.3583 0.581797 14.3567 59.2954 10.2332 57.7943 0 88.0112 84.9627 23.5796 
77.9212 82.617 19.2125 31.1306 0.390292 14.9777 14.958 135.623 55.6563 30.4796 20.6957 398.205 14.4877 11.1644 0.0159551 14.4818 26.9699 1.82724 3.70128 1.73537 9.96655 0.890854 1.13919 4.36451 36.7539 0 0.399969 47.2171 
38.7611 8.69407 17.529 27.5652 7.80779 4.04719 23.8076 100.18 0.0001116 3.74599 85.8494 89.7749 36.642 8.8699 18.7517 18.867 19.5313 39.437 22.1072 9.14423 42.8185 8.25321 5.92503 19.2411 58.1665 37.7903 0 59.0218 
2.64651 5.21827 12.6189 32.7864 39.8158 0.385484 72.2904 133.948 7.93122 56.7812 105.291 26.1046 43.9579 10.0355 13.1755 0.0134871 15.2635 0.0327398 17.4028 1.63773 49.015 10.1715 5.35705 6.23831 9.55242 4.30448 2.66583 0 
