0 805.212 159.469 581.613 269.284 424.44 32.9177 35.796 385.289 19.398 69.2854 22.6678 78.5339 1.30856 70.5381 80.385 410.955 88.1299 3.34629 49.738 16.0075 35.5173 43.0039 57.6363 436.451 76.967 45.6802 53.604 
504 0 364.903 599.841 280.174 387.503 367.307 142.246 428.867 48.1624 139.727 50.7758 58.1663 26.2341 42.6989 84.6967 533.419 542.475 96.4557 111.446 178.517 13.7583 32.0699 60.3116 384.405 6.06574 3.66428 58.9134 
143.764 29.61 0 204.802 24.6429 65.274 205 273.831 380.63 68.8449 23.3361 137.475 4.84625 16.4204 18.0746 13.4065 9.61256 14.8183 60.0119 19.946 105.851 0.0198234 0.221914 14.9562 4.38934 25.0458 1.65548 22.1528 
481.265 597.06 287.008 0 120.082 446.832 45.9288 1091 383.019 18.1543 198.328 0.399457 72.9545 12.1935 0.074727 5.95482 434.384 41.9041 56.1312 42.0462 181.774 0.667855 17.8686 13.3726 426.093 42.6842 5.84837 30.2087 
269.064 75.5915 12.6434 19.4311 0 130.026 302.724 36.3494 85.898 163.405 161.783 141.091 50.8955 47.3793 0.987117 63.6407 5.30406 222.051 158.385 7.96827 0.0513575 2.38479 41.444 51.2999 2.6969 59.8633 21.2863 1.40785 
463.098 467.79 8.59419 450.241 841.752 0 782.272 214.631 691.732 644.881 270.401 14.4582 681.884 21.2273 19.7813 25.6657 393.552 104.374 50.3773 3.26748 76.0993 20.0491 14.0695 12.4015 411.357 8.30915 10.8909 18.9736 
8.40482 183.098 0.743326 25.2409 422.022 278.17 0 63.0072 178.112 2.43517 25.1126 225.221 177.112 94.413 2.23517 57.5755 109.073 3.51269 48.3608 13.8177 54.6233 30.1113 9.93796 65.8219 5.02315 67.9571 8.03207 1.27828 
4.42613 103.726 274.43 441.052 179.378 92.8702 336.638 0 101.548 156.561 14.9293 1019.88 28.3678 0.553042 55.2568 251.84 65.4576 6.97942 6.92203 5.50308 4.13607 63.0771 2.9452 125.595 190.44 223.668 0.330497 135.056 
606.415 767.086 77.6113 653.445 334.696 688.495 997.061 93.4801 0 66.0468 371.318 208.306 152.476 70.8636 229.136 121.451 383.249 216.42 109.997 5.19873 100.884 22.5589 38.2383 0.00530588 509.841 58.659 9.30094 1.56759 
152.036 132.445 34.8448 106.913 116.21 253.44 231.101 61.4131 184.416 0 586.193 100.995 3.28149 72.9468 99.4664 0.0596691 26.4875 103.563 63.4855 49.4504 55.4264 58.0704 7.12992 10.1166 24.4799 3.75925 30.9489 55.6538 
192.852 219.683 1.77554 14.8676 0.0133924 33.0449 389.62 4.21919 104.047 539.786 0 287.332 176.387 76.326 330.497 24.173 47.3951 67.304 124.243 48.4036 15.7264 10.0378 9.01512 55.4457 99.1198 166.256 28.4061 65.9337 
29.3072 122.476 13.4285 174.576 3.6871 104.657 106.68 649.132 7.22015 19.4867 4.64339 0 69.8201 22.8888 220.123 121.629 15.1788 112.493 38.7105 9.62883 0.206861 29.0275 116.404 107.949 94.97 68.2886 115.952 153.571 
72.1938 6.25883 64.8387 16.445 103.028 149.416 173.124 146.868 0.0413663 28.0434 253.724 24.5361 0 12.2128 71.6114 30.9118 0.842141 40.3128 69.1427 11.715 48.4722 76.4399 91.1866 25.3599 40.9297 13.2833 30.3648 6.15935 
1.41495 7.23243 5.76523 23.1717 51.199 0.292024 56.8716 51.1354 110.808 82.5081 43.9802 48.5162 53.8304 0 5.06716 4.78351e-05 2.21111 44.9213 20.0929 4.32877 29.3931 4.82217 8.2942 7.65883 16.539 3.09756 9.38805 11.6556 
8.06995 27.0042 4.812 38.9109 0.23351 24.5144 82.8609 176.648 14.3166 42.6132 381.621 11.2845 4.31223 21.192 0 33.174 19.8118 64.9362 30.5435 11.7295 31.9551 11.1536 0.429949 13.9543 2.77871 0.0893401 19.8337 22.4949 
13.9253 41.3987 13.376 8.39248 16.1865 0.00333881 79.5976 258.338 45.9282 37.0776 199.611 27.0414 84.0824 2.58019 26.8031 0 25.9971 30.6388 30.4593 9.61286 53.8739 3.43483 7.19729 23.0417 26.0792 6.46074 12.0688 0.366 
486.041 492.479 55.4907 402.69 111.196 423.258 3.63974 46.9949 496.409 0.711133 0.418546 19.0036 59.199 20.9676 23.8984 24.1392 0 19.8382 303.72 3.7615 8.3499 13.8627 18.456 20.9559 409.122 9.87275 22.4245 16.3578 
130.078 69.9942 125.735 17.5048 61.627 36.5086 58.6477 93.6754 6.45489 123.926 144.656 139.097 14.6679 52.5249 1.64752 7.61766 147.269 0 14.5276 4.43356 123.541 0.92853 36.2722 46.5947 48.881 0.0279236 10.0876 3.76305 
2.56612 90.5633 19.0876 60.1876 270.454 49.5266 147.583 67.6563 39.4534 92.5209 128.669 76.2771 85.4874 3.58207 18.9195 12.1043 12.4386 73.7963 0 36.434 61.4611 2.17008 5.15709 23.3207 20.4548 27.0643 12.0267 14.1323 
77.528 0.432662 26.9007 34.6413 7.05028 0.646328 59.56 86.6808 95.9009 53.856 25.4366 31.9969 13.141 1.31584 10.9378 1.94613 34.0289 24.6916 19.9198 0 241.925 4.42926 1.00366 6.13628 13.7974 7.62342 0.648726 10.378 
5.93033 177.053 127.082 102.599 125.933 66.9116 133.274 73.628 14.9371 80.2211 7.3244 167.887 2.00798 0.526408 0.848703 9.42851 64.0885 6.66926 72.1757 41.1954 0 17.9897 2.95671 16.1564 11.5134 13.569 40.068 26.0003 
25.9885 49.3802 4.95653 1.93107 56.7845 10.8137 19.0152 66.5277 67.9339 37.8577 18.0143 61.8929 82.8546 0.0746272 1.04104 7.8886 10.733 27.024 3.81511 5.9078 31.7072 0 0.622107 8.38117 5.36744 10.7847 0.797215 1.2635 
23.8501 29.6672 0.0474786 18.4715 4.5188 6.03788 29.7545 84.7309 76.7112 0.582685 8.77106 123.674 60.5468 9.47203 0.022589 4.98237 17.9668 22.63 9.4974 4.11121 39.6356 13.4301 0 15.6034 18.8355 2.26868 8.16406 3.39455 
18.6715 61.5495 0.392672 0.669073 17.9246 17.9082 57.0476 0.0325036 80.3541 50.4007 119.217 118.673 65.8504 3.08182 24.5678 28.95 1.89795 2.96834 0.0283462 3.01653 46.591 9.27311 19.2879 0 29.1355 16.5397 0.275497 0.0259337 
396.048 412.751 0.0274638 414.296 61.8781 407.128 2.48665 71.4156 387.095 4.48957 69.6075 1133.83 54.8515 0.708298 18.9984 68.4839 410.031 14.21 11.0946 0.642599 14.9438 43.9355 10.9986 59.4011 0 70.197 28.2873 49.177 
78.2507 82.3445 19.6674 31.9978 0.270062 15.4122 13.7276 143.464 58.5576 31.7763 23.4276 394.197 13.8862 11.3264 0.0660512 13.4193 27.0221 2.0632 3.51345 1.6381 9.40435 0.948011 1.04395 4.65057 37.2861 0 0.239168 44.739 
39.1701 9.05883 17.6438 27.543 8.10292 3.89642 23.2151 100.006 0.00766002 4.00476 85.9655 87.9998 36.8014 8.77357 18.6417 18.8561 19.6243 39.6542 22.2018 9.07961 42.9438 8.14895 6.09319 19.2154 57.7152 37.6386 0 63.4632 
2.93935 5.61375 12.8999 32.8668 40.3228 0.456429 72.042 133.357 8.70556 56.63 105.976 23.0649 43.8242 10.1467 13.5287 0.00072808 15.431 0.01401 17.2022 1.71218 48.8134 10.1407 5.46966 6.43013 9.68071 3.01963 1.3264 0 
