0 332.33 134.397 282.95 266.484 54.3876 50.9362 56.5644 22.1292 13.4254 58.3341 13.9892 82.718 0.74097 71.2189 80.5275 45.637 107.263 1.5551 80.5728 6.90621 36.1978 42.0587 57.2706 72.4611 78.2106 46.6245 52.0284 
64.17 0 447.589 281.144 188.526 38.5376 443.015 167.501 41.9779 31.9457 118.789 63.5084 50.2158 29.4284 48.0866 84.6041 170.301 145.346 109.063 100.852 179.102 15.1886 34.1481 59.4605 24.6806 4.12399 2.89068 60.1892 
117.251 0.0571687 0 91.8236 12.9234 66.5833 175.624 276.326 446.572 59.7367 41.507 122.373 6.89232 16.1268 15.665 14.9879 7.50702 7.43886 60.9577 21.6064 112.731 0.00129232 0.102237 15.223 5.52159 25.9073 2.0385 22.0265 
67.4354 278.857 355.758 0 107.551 88.0803 29.6798 568.228 26.9827 13.1127 202.612 1.3405 72.6545 11.0609 0.0109092 3.86981 71.863 32.4965 54.0602 39.0967 226.754 0.496143 17.4008 12.0084 65.1036 41.1933 5.0409 31.0245 
268.217 23.5613 24.2687 11.5206 0 109.654 355.848 47.7124 119.333 122.592 142.11 133.037 61.9547 50.3075 2.32187 61.0789 9.67139 212.394 119.4 11.2626 0.0902652 1.67078 43.2229 52.3856 3.78434 61.8854 19.9815 2.03116 
92.0646 79.5379 13.9392 88.7568 389.738 0 856.588 211.299 417.799 586.422 259.34 8.65174 194.14 20.7018 22.9134 24.8149 30.5925 98.0301 57.4335 2.46541 76.7547 19.7682 13.5334 11.6774 50.4884 7.02312 11.5131 19.6111 
19.2143 102.915 1.78129 40.6113 435.059 660.19 0 102.289 0.0250757 33.4905 3.63249 243.261 162.118 92.1501 0.267847 51.0157 107.933 9.22398 58.5196 10.2038 61.6973 27.7595 7.72107 67.4835 3.09764 73.2013 6.72102 2.19392 
0.195221 80.2878 263.905 506.875 190.312 113.429 295.395 0 197.414 171.171 3.89073 998.935 34.2593 3.01186e-05 70.6817 259.27 61.8878 11.1539 9.50942 2.98186 1.24549 64.094 1.39845 119.324 193.276 210.118 1.06504 133.603 
228.876 423.983 18.3562 252.847 314.065 415.258 1285.98 187.078 0 33.5514 911.202 250.771 164.118 83.3205 250.152 130.196 23.1691 212.302 101.648 3.04633 90.1196 20.3569 43.5865 0.339543 149.949 68.3633 7.52684 2.92314 
148.157 153.971 43.5562 106.528 78.7384 90.6079 138.696 47.2935 233.258 0 604.211 120.871 0.652125 68.5865 110.217 0.201542 23.1593 110.68 71.2965 47.7352 51.5016 56.722 5.23941 7.98947 21.1165 2.10319 32.4249 54.7681 
189.897 234.649 9.27454 6.99101 1.25178 57.6809 438.528 15.5562 87.1991 593.621 0 216.601 195.154 54.5581 381.713 42.3876 50.8103 59.0394 121.589 44.7088 11.7695 8.10449 4.91278 47.1495 108.083 164.592 25.2751 60.3366 
40.8689 136.886 6.26206 200.361 1.48613 115.051 130.032 372.378 22.9263 10.108 27.3405 0 61.601 13.9018 189.327 35.6345 17.413 118.256 35.0782 12.5785 1.26795 31.8322 111.279 90.1589 198.027 134.203 118.219 143.018 
67.6253 3.36662 67.1135 13.7459 91.1796 150.953 186.847 147.932 0.583219 7.51022 250.374 18.8216 0 25.4946 81.6199 36.396 1.40063 36.2674 66.0673 13.0332 50.8 71.6462 90.8946 21.5633 42.844 11.3923 29.4599 7.18132 
2.16263 9.32718 6.66319 23.0332 48.3071 0.656032 62.7461 59.3686 119.292 80.4737 26.5183 35.9826 35.2338 0 0.0587205 0.351197 1.8659 43.5183 20.8968 4.41334 30.7696 5.46313 6.81059 8.52869 16.3739 3.78279 9.09145 11.4749 
6.11324 31.9725 6.6088 38.2247 1.03297 27.5514 71.2009 168.555 9.50614 30.9265 406.455 1.5047 9.0433 37.0467 0 12.2227 20.6641 66.1299 29.3046 11.7712 34.0954 10.3334 0.0120024 11.1821 1.71764 0.0175581 19.7345 22.8893 
10.7539 37.0323 11.7785 11.1475 19.094 0.133642 73.8356 259.107 35.7038 43.665 214.626 106.735 84.2245 1.09558 50.979 0 25.8643 28.3165 30.2783 9.66329 51.8945 2.96817 6.06873 26.3091 28.6043 3.89401 12.8721 0.801944 
123.255 140.245 55.6653 44.4385 120.063 59.7704 5.73813 50.7084 135.537 1.53426 0.989966 21.4231 60.34 20.69 23.1478 23.7191 0 41.5726 157.119 3.00432 6.97305 14.3142 18.6153 20.8905 47.9565 10.6132 22.4332 16.8909 
149.19 161.361 112.598 25.1132 78.2374 29.2675 43.7722 84.0384 12.0549 117.83 150.539 142.584 11.8838 51.9514 0.913794 9.21174 182.503 0 9.2779 6.69282 122.986 0.641745 35.2084 47.1083 47.3056 0.203062 11.0239 3.0285 
1.03634 77.719 15.8605 58.7978 242.965 42.3371 141.726 72.6189 31.9098 99.055 127.61 79.4259 85.0407 4.22625 20.4065 11.0988 28.6226 83.558 0 36.5437 59.6189 2.56785 5.71578 23.5184 19.591 26.4223 11.4838 13.4413 
110.127 2.81735 27.394 38.1256 10.1856 0.306461 54.2287 92.4831 99.0378 52.7272 22.1282 27.7161 14.5011 1.45024 11.1388 2.2666 33.9216 28.9807 18.461 0 170.248 4.56169 0.906961 6.20416 13.8231 7.17261 0.522332 10.1622 
1.07935 178.743 125.836 100.543 128.22 64.4276 129.174 86.5777 21.2852 77.0237 4.64942 166.54 2.8461 0.258542 0.408838 11.4328 62.9603 4.47548 71.6635 6.05414 0 18.6981 2.37612 14.6531 9.79183 11.5164 39.3493 27.6239 
27.0135 49.9977 5.3225 2.2414 56.4885 11.6447 21.2155 66.946 68.6526 40.5897 20.6223 64.084 79.058 0.00623513 1.47392 8.38015 10.2554 28.0415 4.31689 5.82841 31.9523 0 1.23956 7.51902 5.8719 10.7875 0.633153 1.44476 
22.2437 31.7665 0.00432122 18.0904 5.69809 5.34317 26.4481 80.4488 81.2841 1.35124 13.9418 125.85 67.0378 8.64382 0.157831 6.10618 17.7396 21.3166 10.1487 4.10007 39.8477 12.5022 0 18.9597 20.1992 1.85997 8.70443 3.04786 
20.892 61.8266 0.645841 0.308705 19.8049 17.7595 54.3557 1.02066 84.2597 48.0806 114.24 101.125 63.7008 4.0789 26.2053 27.2917 2.20163 3.71091 0.0925741 2.81458 47.0763 8.43264 16.1095 0 23.678 16.6794 0.09118 0.107869 
32.7125 48.6242 0.0131452 55.738 63.2169 45.3317 4.24377 55.161 29.3966 2.90023 79.4807 470.647 54.1573 1.13269 16.9504 39.1524 48.9823 15.9401 10.2346 0.863433 16.9357 12.8377 13.6023 59.8142 0 13.1072 90.2721 142.842 
79.0706 81.1953 21.1104 34.7267 0.0297502 16.8333 9.99184 168.276 68.2606 36.1011 33.4005 362.863 11.9641 11.8154 0.471831 10.0286 27.1669 2.93905 2.92435 1.33426 7.647 1.14787 0.756385 5.63131 38.7869 0 0.000207242 35.9743 
40.4854 10.3042 17.9989 27.4214 9.10746 3.41478 21.2814 99.1631 0.169067 4.91367 86.1761 81.9355 37.2946 8.44655 18.2453 18.7708 19.9219 40.3436 22.5009 8.86036 43.3184 7.80152 6.65044 19.0656 55.6962 36.8517 0 76.663 
4.00806 7.01012 13.8179 33.037 41.963 0.731887 71.0658 130.733 11.4877 56.0104 107.883 14.2166 43.3261 10.494 14.6806 0.0713546 15.9789 0.00777278 16.534 1.96738 48.0875 10.0305 5.83963 7.06645 10.1567 0.366909 0.202206 0 
