0 481.981 86.7233 397.946 253.55 387.123 100.67 47.2786 514.39 85.2503 116.339 6.62462 109.207 37.9769 70.6944 25.146 309.602 110.818 89.1145 64.9556 45.6231 22.2178 11.1344 16.5442 296.026 47.7536 4.71597 0.32243 
768.762 0 273.671 511.42 498.632 392.278 22.591 245.869 317.135 7.05912 262.483 207.596 145.466 42.4559 11.2263 61.8396 320.754 778.641 31.3328 2.3844 27.7207 7.00157 33.6793 3.41997 284.771 13.8384 41.445 9.39546 
104.118 93.525 0 39.5363 187.381 2.53623 85.1902 29.4798 134.616 89.5973 227.794 1.17728 4.64551 6.23603 14.938 23.8474 42.6805 12.061 0.0499121 25.1198 9.0541 6.3702 2.81407 15.5772 1.84357 3.05538 13.7631 11.6183 
411.493 513.749 202.933 0 48.1828 268.109 203.069 617.086 269.152 3.41442 76.8082 189.746 67.2639 15.6438 38.8875 32.5265 301.938 90.5066 62.2927 3.00819 763.384 7.78216 4.07374 24.2158 258.15 39.0797 18.4206 31.2031 
258.104 515.702 135.885 147.47 0 268.16 304.459 198.981 125.899 327.749 261.063 174.483 154.546 64.5092 53.0554 47.3029 83.9853 176.836 177.027 69.2009 6.17488 56.9279 19.9693 3.4538 67.297 58.179 39.8899 36.6086 
386.783 493.427 60.215 259.18 755.945 0 1326.37 214.539 691.119 91.4007 253.166 8.04248 428.214 2.93607 3.74732 2.96372 285.889 25.1701 4.2498 13.7025 74.1872 4.72638 7.6651 1.83656 284.905 22.5247 0.271376 10.2421 
57.08 512.99 48.3472 80.7558 422.67 391.671 0 31.0964 332.624 8.89941 14.414 56.5042 79.979 4.24917 142.286 5.77435 108.682 73.791 115.695 93.5864 16.8756 18.7939 5.26352 71.5193 39.9344 15.2591 60.4963 49.5778 
1.31857 89.033 68.1801 484.429 194.848 77.6108 371.206 0 265.727 95.3738 144.982 29.4103 14.2671 51.7785 184.928 0.530311 17.6029 45.1807 59.7972 117.293 116.183 1.01109 64.5783 113.904 128.141 50.6004 9.41545 21.3103 
358.555 630.777 320.676 466.67 134.936 689.193 816.661 276.928 0 382.144 669.177 156.892 205.449 22.2431 52.5584 38.4437 310.914 49.4865 79.6982 65.3641 134.05 59.7327 0.975735 17.164 257.636 112.19 66.6132 8.46582 
6.74109 239.537 34.5257 73.0421 309.852 468.535 199.248 122.005 28.1938 0 72.8416 70.3737 16.6784 70.5073 51.3619 1.83168 0.0708142 0.531195 114.532 25.9577 4.60447 53.8071 35.6832 21.8164 50.2322 75.3216 2.69871 12.7467 
0.484614 14.0791 192.071 105.298 97.6959 0.244328 410.541 47.5203 835.854 22.97 0 0.785146 78.8839 38.4439 156.016 167.093 47.5917 120.374 126.966 3.76229 1.5969 44.2253 0.197893 0.348607 144.698 36.0512 19.8324 105.759 
55.5467 222.365 103.184 209.785 92.4366 116.266 174.449 653.315 382.37 246.536 315.878 0 151.383 79.5354 80.4772 493.652 40.3572 150.011 38.9991 7.7819 40.569 62.4382 40.4231 106.344 365.912 25.9117 18.6773 46.123 
17.2816 133.842 31.0556 3.88794 9.30038 113.388 16.8991 140.218 49.9363 55.5359 0.269778 116.32 0 154.401 106.596 78.7248 53.2701 15.231 31.1547 20.5796 0.158585 51.1055 41.0525 62.1069 41.27 6.36011 39.0503 18.4421 
50.4598 19.7226 2.76537 22.8949 29.57 19.9539 74.5297 124.51 56.5589 81.4346 69.6714 48.8944 76.2952 0 0.754926 17.3508 10.0505 15.9816 1.81899 0.471935 1.78102 5.09194 5.43501 0.73293 3.89294 10.1104 4.34146 4.7792 
0.664435 23.6852 7.19624 0.0662606 57.972 6.87915 82.394 27.6289 223.125 91.1812 234.488 271.559 104.316 45.2859 0 37.9167 0.387192 34.0679 0.374302 0.00368886 36.8359 11.8565 22.1278 26.1422 5.35578 17.63 2.18984 16.9593 
77.1159 78.8815 0.389969 1.97101 33.8572 27.065 0.0133279 5.4558 127.897 26.9398 204.823 293.767 56.2096 11.2773 77.9544 0 17.938 16.1361 3.05139 3.66106 16.8177 0.105249 0.825825 7.06867 30.9854 23.7462 17.3459 22.3337 
362.84 401.09 32.8736 286.358 152.823 311.367 4.41201 71.3891 325.203 31.5264 95.1922 35.5675 0.036235 21.3121 26.3562 22.3951 0 45.3273 11.6612 25.2787 66.9697 17.1821 18.6465 21.0054 284.801 0.269772 18.7542 17.6166 
69.9666 344.55 36.1213 0.0223578 11.8988 1.80369 210.014 181.037 179.775 108.557 96.5312 149.257 41.1002 4.82068 41.0613 61.0213 4.36706 0 39.39 19.6175 78.1366 4.43735 42.4205 12.0899 28.0057 61.7583 6.66313 33.1574 
86.9719 151.526 52.3266 60.0317 54.4219 81.352 92.7126 113.895 141.649 93.0882 129.155 45.9368 65.4607 17.3023 32.6416 25.3004 172.842 149.838 0 12.0745 26.372 0.310782 0.34811 14.3491 30.5929 19.6517 7.22003 20.5021 
26.4356 129.818 27.4456 18.6341 70.7023 8.61524 61.4141 13.8159 31.2029 34.0823 0.330903 35.0717 19.0101 0.667495 0.401373 9.56142 0.971264 2.22869 1.24656 0 177.908 5.25133 3.07112 0.64035 0.00444706 1.12244 2.33729 8.58148 
66.5839 34.4838 54.7328 116.519 131.973 46.1042 143.888 207.381 135.931 0.312878 0.00192576 130.119 39.524 40.5173 52.8825 46.5588 32.4804 17.5842 7.60134 329.794 0 26.374 27.2433 42.8879 37.6615 10.5538 44.1128 3.21023 
11.0452 9.29288 0.0675987 0.674875 4.92954 19.9898 55.423 4.6659 0.124381 45.1647 77.2928 29.7052 60.8196 10.9045 0.719293 11.6858 7.02728 19.4396 0.00228919 5.28154 32.5575 0 15.0878 2.42196 16.2288 3.1032 6.45135 0.121029 
32.8412 36.03 3.59941 5.11651 54.3644 0.793975 22.3676 91.8454 8.45331 10.3618 28.8622 96.339 1.65366 7.60734 23.6067 11.4933 17.689 44.7587 0.150686 3.19931 19.4533 0.0336599 0 4.69518 0.994422 4.3433 13.1878 5.50819 
57.8129 13.0131 2.96075 9.40687 35.5028 10.0088 32.9738 2.67626 39.1889 58.1497 32.2661 117.105 19.1969 0.361072 11.3038 0.172931 1.14018 15.5692 5.24731 5.96546 0.664703 1.76818 19.385 0 40.4623 5.89438 5.44453 3.46585 
261.076 259.532 11.5791 275 19.1722 277.417 9.01495 1.72379 379.184 24.2776 133.101 726.677 6.51631 10.4769 0.831755 3.80286 284.165 27.5043 29.5428 12.7734 54.9727 83.4422 10.0808 26.3096 0 12.9842 188.938 40.1871 
51.8672 83.4505 8.73421 37.4923 34.6907 2.40227 96.1072 224.893 112.105 19.3295 73.0929 398.412 5.91996 1.84828 14.5448 16.3297 17.2175 60.608 29.0289 6.82658 14.8855 4.30734 2.7406 16.6937 1.17331 0 20.0422 48.8835 
0.956627 7.37028 0.020127 0.244841 0.010475 19.5912 54.4809 90.36 79.4029 28.4621 20.5242 100.996 24.0868 5.10402 0.344509 16.2272 22.3075 36.4988 24.1279 10.5843 32.1884 12.6732 13.4951 16.4861 4.45276 24.5989 0 68.5613 
60.7783 61.8484 22.1976 33.0561 0.442487 22.3392 23.2322 14.8243 20.4432 15.7211 66.479 169.328 16.8011 10.7538 5.54545 21.1137 16.7285 20.0956 22.9408 2.19172 23.2334 10.5167 5.94756 12.5538 41.0303 5.32841 0.32574 0 
