0 276.681 126.335 279.442 264.719 31.5525 56.9939 63.588 1.92075 11.8115 55.1194 11.7442 83.9454 0.6002 71.3669 80.4753 24.139 113.144 1.14448 97.4596 4.87185 36.395 41.7549 57.1229 51.2877 78.5074 46.895 51.5261 
27.4755 0 461.975 271.859 162.106 23.2748 462.11 175.068 15.9058 27.5848 112.494 67.5397 47.8608 30.4079 49.723 84.4867 149.167 723.181 112.797 97.4516 179.005 15.6302 34.7723 59.1685 4.87899 3.60551 2.67333 60.5469 
108.977 3.90234 0 62.0405 10.0581 66.6779 165.838 275.302 459.134 56.9528 47.8335 117.607 7.57602 16.0186 14.938 15.4599 6.91221 5.67654 61.1644 22.0812 114.585 1.72861e-05 0.0749426 15.2919 5.88418 26.1346 2.16151 21.9727 
34.5574 269.769 344.872 0 103.598 68.336 25.3314 144.071 10.805 11.7237 203.311 2.88447 72.5038 10.7182 0.0479277 3.3176 51.1208 29.8118 53.3854 38.1148 810.791 0.448983 17.2484 11.5971 44.7999 40.6663 4.80537 31.2465 
267.034 13.3636 28.4261 9.49879 0 97.9162 369.909 51.3793 130.032 110.642 136.074 130.498 65.4104 51.1714 2.83456 60.2626 11.2346 209.01 107.883 12.3582 0.211675 1.47869 43.7467 52.6909 4.14795 62.463 19.5885 2.2417 
68.7505 51.7316 15.7482 68.1768 829.124 0 1472.67 209.527 419.002 876.644 254.51 7.16823 640.488 20.5162 23.8569 24.526 9.7933 95.9773 59.5187 2.24208 76.8917 19.6705 13.3624 11.4539 30.2598 6.64733 11.7006 19.7951 
23.293 81.9727 3.98872 45.8145 435.536 766.572 0 115.473 18.8177 49.4703 0.910769 248.197 157.277 91.3282 0.0485407 49.0257 107.492 11.4667 61.6811 9.20351 63.8647 27.0503 7.09774 67.9371 2.60244 74.731 6.34388 2.51843 
0.00399686 73.5445 259.056 515.082 193.369 119.65 281.756 0 230.276 175.359 1.94524 963.553 36.1219 0.0477794 75.5124 259.827 60.792 12.5986 10.3673 2.36539 0.700306 64.3764 1.04064 117.221 193.526 205.048 1.36924 132.954 
203.208 406.97 8.19448 219.417 306.604 416.768 1306.4 219.491 0 25.6513 717.328 263.286 167.435 87.068 229.432 132.609 3.28272 210.716 99.0492 2.50369 86.8599 19.7025 45.2269 0.543123 129.863 71.3232 7.02239 3.41414 
146.763 160.314 46.2759 106.223 68.3479 54.3371 113.402 43.2785 247.695 0 600.322 126.93 2.56115 67.1548 113.163 0.433884 22.1777 112.752 73.6385 47.1847 50.309 56.2677 4.71845 7.38678 20.1252 1.69301 32.8652 54.4651 
188.736 238.711 12.6593 5.1641 2.22589 66.1495 450.388 20.3413 76.4187 601.182 0 195.554 200.49 48.4199 392.264 48.6904 51.843 56.5836 120.679 43.5859 10.6738 7.55474 3.90444 44.6883 110.68 163.675 24.3471 58.627 
44.6704 141.178 4.60586 207.545 1.01169 118.069 137.205 293.088 29.3243 7.84306 37.7436 0 59.1455 11.5784 179.194 18.9231 18.1129 119.938 33.9934 13.5385 1.76603 32.6901 109.555 84.7634 216.344 156.554 118.769 139.514 
66.2196 2.66188 67.74 12.9645 87.5725 156.273 190.612 148.116 1.11566 3.81243 248.676 17.2191 0 30.2946 84.5337 38.0823 1.59713 35.0613 65.0984 13.4406 51.4968 70.0894 90.5895 20.4457 43.4063 10.8404 29.1799 7.50356 
2.41908 10.0067 6.93996 22.9697 47.4083 0.794145 64.4864 61.8829 121.663 79.7013 21.9687 32.4482 30.1349 0 0.141235 0.590588 1.76656 43.0771 21.1342 4.43746 31.1801 5.65774 6.29557 8.76696 16.3036 3.99859 8.99839 11.4123 
5.56883 33.5213 7.19622 37.9633 1.38622 28.4453 67.6532 165.625 8.96021 27.638 408.083 0.330186 10.7912 41.7267 0 7.55989 20.9185 66.4523 28.917 11.7781 34.739 10.0817 0.00319247 10.3595 1.44335 0.0692756 19.6929 22.9865 
9.86104 35.7183 11.2954 12.0335 20.0065 0.210351 72.0156 257.628 32.7792 45.6766 218.181 138.674 84.1205 0.76208 58.279 0 25.8156 27.615 30.2098 9.67244 51.2643 2.83122 5.72613 27.091 29.326 3.22633 13.1103 0.966167 
102.375 122.52 55.6577 25.0386 122.605 38.7528 6.46272 51.8338 115.251 1.84427 1.21042 22.1758 60.6615 20.6003 22.9144 23.5847 0 49.4701 317.529 2.79003 6.57749 14.4496 18.6596 20.8658 27.6552 10.8396 22.4321 17.0505 
154.84 189.112 108.394 27.634 83.476 27.1808 39.5922 81.1282 14.0747 115.873 152.195 143.538 11.0906 51.7539 0.73326 9.71946 192.806 0 7.90338 7.46145 122.728 0.565125 34.8772 47.2474 46.8126 0.287768 11.3131 2.82067 
0.706289 73.8508 14.9205 58.3201 233.306 40.1646 139.715 74.1031 29.7399 100.921 127.173 80.3485 84.8402 4.43007 20.8562 10.7978 36.5629 86.4956 0 36.554 59.0392 2.69424 5.88892 23.5713 19.3264 26.219 11.3195 13.2318 
120.262 3.94307 27.4919 39.107 11.2358 0.227916 52.5921 94.1548 99.8892 52.347 21.1552 26.4545 14.9199 1.4917 11.1947 2.36707 33.8706 30.3158 18.0183 0 147.69 4.60128 0.878351 6.22231 13.8242 7.03455 0.486598 10.0936 
0.376556 178.983 125.156 91.3593 128.81 63.6321 127.817 90.5682 23.4023 76.02 3.95463 165.957 3.12778 0.195876 0.306687 12.0698 62.595 3.8936 71.4761 1.50676 0 18.9121 2.21191 14.2055 9.29232 10.9202 39.1218 28.1146 
27.3204 50.1668 5.43412 2.33931 56.3732 11.895 21.8942 67.0444 68.8395 41.4013 21.4352 64.7201 77.7762 0.00040105 1.61857 8.52559 10.1108 28.3465 4.47383 5.80328 32.0207 0 1.46462 7.2558 6.0288 10.7842 0.586974 1.50171 
21.7578 32.3996 0.0003837 17.9634 6.07943 5.13688 25.4618 79.0828 82.6041 1.64555 15.7171 126.295 68.9096 8.28014 0.316497 6.44926 17.6671 20.9192 10.347 4.09545 39.8988 12.1914 0 19.6818 20.5715 1.74236 8.86572 2.94489 
21.5759 61.8739 0.734394 0.226376 20.3834 17.7018 53.5095 1.59009 85.3749 47.3421 112.558 95.7243 62.9739 4.39201 26.6097 26.5402 2.29758 3.95093 0.119303 2.75365 47.203 8.17325 14.9015 0 22.0206 16.6952 0.0548618 0.143679 
11.8042 27.4503 0.0398355 36.1999 63.5898 24.8301 4.86394 50.476 10.3123 2.48404 82.4578 197.238 53.9146 1.27946 16.3238 31.972 28.7159 16.477 9.97742 0.93635 17.5546 15.8942 14.4064 58.6439 0 14.342 136.319 123.68 
79.237 80.7723 21.5278 35.5076 0.00451323 17.2584 8.96358 175.34 71.2204 37.4196 36.6856 348.37 11.4019 11.949 0.666636 9.05285 27.2025 3.23345 2.7554 1.24756 7.1453 1.21177 0.677657 5.93797 39.1606 0 0.0167855 33.2168 
40.8731 10.6938 18.0991 27.37 9.42086 3.27381 20.7028 98.8264 0.259244 5.20534 86.1876 80.0429 37.4339 8.34486 18.1152 18.7299 20.0093 40.5441 22.5876 8.79215 43.4201 7.69534 6.81963 19.0007 54.9395 36.5285 0 80.0669 
4.36228 7.46021 14.0925 33.0596 42.4494 0.827714 70.7233 129.737 12.397 55.7865 108.352 11.9189 43.1583 10.593 15.0242 0.126808 16.1433 0.0227255 16.3299 2.0475 47.8494 9.99462 5.951 7.25975 10.3108 0.0671665 0.873398 0 
