0 444.144 89.9979 354.147 252.086 335.021 103.605 49.8636 461.771 86.4314 117.725 5.98607 109.226 38.2085 70.5989 25.6428 257.23 108.466 88.4569 65.4997 47.7161 22.3479 11.3003 16.2883 243.872 48.2391 4.82741 0.364354 
725.947 0 288.532 454.896 503.85 336.927 27.269 243.575 261.273 7.98075 263.157 208.491 145.751 42.8452 10.8104 62.3095 267.831 465.674 32.5439 2.78015 26.7504 6.86993 33.4281 3.2882 233.435 13.4731 41.2756 9.1951 
107.437 81.7737 0 31.9939 187.712 2.21388 81.22 32.1764 146.073 90.5085 229.246 1.51073 4.4246 6.34521 14.6482 23.7695 42.3796 13.0191 0.0776774 25.2525 9.68363 6.32506 2.86882 15.5637 1.75533 2.93103 13.6911 11.5047 
351.781 457.296 176.979 0 49.6951 215.869 202.867 64.6799 219.615 3.72598 74.7258 192.829 67.0446 15.5148 38.9534 32.1818 249.934 89.2318 62.3508 3.25075 694.513 7.72522 3.99432 24.1198 206.327 38.8252 18.5364 31.2895 
256.852 511.644 133.72 148.447 0 276.612 311.332 200.063 121.626 326.489 260.975 174.866 155.52 64.7192 52.4272 46.9012 85.2231 178.734 181.692 68.6074 6.48857 56.9116 19.7311 3.33887 67.3361 57.9071 39.7642 36.3957 
335.412 442.11 59.6909 207.221 602.967 0 837.532 214.706 645.988 317.149 255.243 7.45431 668.315 3.0422 3.96724 3.08622 233.805 24.3742 3.88823 13.5526 74.0222 4.64142 7.57679 1.78051 233.114 22.387 0.254187 10.137 
59.5739 509.308 51.7184 78.2724 425.106 446.056 0 34.3321 281.293 12.2352 11.6981 54.2281 82.0812 3.95403 142.172 6.14499 108.546 71.7673 116.84 93.7279 17.4419 19.0563 5.05191 71.468 39.3681 14.7575 60.5084 49.9227 
0.896022 91.8658 71.9069 483.53 193.666 80.0182 367.629 0 252.001 97.3544 140.622 41.7724 14.7877 52.7701 185.043 0.961888 17.9475 44.1736 60.4114 117.339 117.785 1.07742 63.9401 112.987 126.143 47.9949 9.74274 20.5614 
309.363 582.279 308.838 409.445 139.303 644.209 874.532 263.104 0 380.765 1330 151.83 205.445 22.8073 40.5388 39.6676 259.76 48.0661 80.7852 64.6984 135.222 59.9362 0.851229 16.7 205.809 113.154 66.8716 8.78074 
6.26776 240.06 33.5073 72.2323 307.263 472.579 187.858 120.011 25.176 0 82.5792 68.1948 14.2398 69.9688 52.9135 1.61325 0.0474746 0.654614 114.033 25.6572 4.80721 53.582 35.3091 21.4694 49.8307 75.1935 2.61184 12.5116 
0.635871 15.2357 194.669 107.451 95.3598 0.0622684 416.565 44.5718 844.529 28.8564 0 0.258384 76.5151 40.6745 165.399 169.875 47.1776 119.423 126.767 3.58113 1.43039 44.59 0.120472 0.463476 144.917 37.388 20.1785 105.484 
57.2278 222.112 105.156 206.997 91.2893 117.471 171.642 685.705 380.003 246.375 324.24 0 150.933 81.2846 84.4427 495.046 40.01 150.185 39.4449 8.09033 39.6677 62.1673 39.4739 104.197 365.542 30.6776 19.2633 47.6748 
16.8626 133.236 31.5093 3.70836 8.66943 118.356 15.7558 140.611 51.3853 51.2813 0.463174 115.418 0 153.8 105.803 79.0566 53.0701 15.5909 30.7149 20.4031 0.133234 50.3542 41.9083 62.4169 41.0339 6.53695 39.0292 18.2706 
50.5831 20.0787 2.68214 22.9256 29.1896 19.8639 73.909 124.742 57.8237 81.1746 72.3762 50.4958 78.8047 0 1.24149 17.5369 9.97849 16.187 1.76374 0.482702 1.71253 5.01429 5.21562 0.799521 3.9892 10.0314 4.38672 4.71933 
0.590308 23.1245 7.43637 0.0919126 57.3545 7.16325 83.7939 26.235 222.275 89.6932 243.947 272.265 105.147 46.9843 0 40.8905 0.412381 33.735 0.410497 0.00567588 36.5832 11.7608 22.3448 25.9655 5.54601 17.3416 2.13184 17.0864 
76.897 78.6097 0.439589 1.80735 34.2711 27.0257 0.0374943 6.68584 126.859 27.676 202.857 279.124 55.5677 11.5852 75.8632 0 18.0229 16.3844 3.12709 3.61543 16.5291 0.0936457 0.758883 6.60247 30.7152 24.1286 17.4015 22.3802 
311.19 348.814 33.2217 234.945 152.594 259.473 4.66394 70.9818 272.895 31.9553 95.1295 35.2256 0.0496583 21.3387 26.4286 22.4591 0 42.2159 110.098 25.4127 66.8915 17.2276 18.664 21.0075 233.08 0.288409 18.7128 17.6787 
67.8241 354.864 34.639 0.0665692 10.9508 2.04982 208.661 180.914 181.08 109.408 97.5601 149.041 41.5983 4.94971 41.3878 60.9603 5.48961 0 40.4367 19.149 77.5146 4.35842 42.4947 12.2442 28.2467 61.7699 6.75856 32.9858 
86.2979 150.498 52.6354 60.1847 58.1275 81.8704 91.4294 114.076 142.255 92.2652 129.157 45.4818 65.071 17.1941 32.5111 25.3952 176.39 149.69 0 11.9083 26.6599 0.292803 0.328925 14.4282 30.6138 19.7634 7.15995 20.4308 
23.9148 130.635 27.4044 18.1559 70.1198 8.47101 62.0431 13.2869 31.8256 33.787 0.388704 34.5323 18.8348 0.655094 0.383381 9.57168 0.920768 2.05443 1.31163 0 186.904 5.26475 3.05901 0.655218 0.00682055 1.15524 2.30939 8.61818 
68.9675 33.4246 55.9276 109.969 131.938 45.6883 143.946 207.2 134.764 0.261677 0.0125285 131.002 39.2306 40.4106 53.0319 46.8453 32.745 18.0364 7.78531 331.13 0 26.4426 27.1112 43.0073 37.9272 10.7877 44.13 3.11531 
11.1621 9.44165 0.0611657 0.652647 5.06218 19.9573 55.2364 4.80318 0.149969 45.4671 77.19 29.367 60.107 10.9026 0.760313 11.7045 6.97286 19.5686 0.000985412 5.2682 32.5415 0 15.1182 2.50195 16.3567 3.14033 6.40793 0.128129 
33.0197 35.7834 3.65873 5.03051 54.2707 0.756449 21.9884 92.2397 8.82148 10.0776 29.7982 95.4595 1.89074 7.42382 23.7684 11.5659 17.6597 44.7323 0.163812 3.21084 19.5947 0.0501739 0 5.1652 0.983966 4.28205 13.1673 5.55316 
57.8218 12.7767 3.02866 9.24887 35.2692 9.9161 32.5838 3.01246 39.7939 58.0083 31.3797 115.005 19.6336 0.315853 11.6365 0.267592 1.16847 15.4033 5.1807 5.97716 0.711109 1.83855 19.6574 0 40.8279 5.77147 5.33756 3.53208 
209.159 207.659 11.4015 222.951 18.8938 225.536 8.6776 2.14157 327.05 23.8639 133.774 8.54064 6.34559 10.3676 0.75301 2.22952 232.459 27.2637 29.4977 12.7418 54.8129 86.6611 9.95133 24.9124 0 18.3526 186.36 56.4583 
52.339 83.4749 8.54883 37.7698 35.0449 2.50126 96.3561 223.601 113.071 18.8724 71.4951 399.179 6.0914 1.78296 14.2546 16.7596 17.307 60.5327 28.9761 6.88217 15.1511 4.26727 2.686 16.6882 1.316 0 19.6875 47.9387 
1.00922 7.23566 0.0153506 0.222307 0.0156766 19.5648 54.626 90.022 79.4422 28.2761 20.1761 101.589 24.212 5.15031 0.320614 16.1554 22.299 36.6031 24.1407 10.5709 32.3158 12.6633 13.4952 16.5693 4.13314 24.9372 0 70.1924 
60.8116 61.7296 22.1943 33.0625 0.404413 22.3724 22.8901 14.1837 20.8974 15.4686 67.1494 169.998 16.97 10.7167 5.66736 21.2015 16.7928 19.9207 22.8815 2.15865 23.4297 10.5199 5.90305 12.6059 40.9954 4.73103 0.141764 0 
