0 558.136 88.3824 768.586 251.331 454.12 87.6925 99.3741 439.562 5.64872 41.1129 3.87371 89.3144 0.142578 71.6934 79.667 452.095 140.135 0.0632324 185.582 0.0652418 37.2468 40.2592 56.2267 480.254 79.3832 48.042 49.077 
438.304 0 452.254 740.755 59.6968 486.388 519.273 208.582 435.651 11.3326 84.3696 86.8766 37.4558 34.9546 57.2016 83.4168 576.995 723.65 129.154 81.0309 176.93 17.7055 37.5985 57.6273 440.591 1.65631 1.77855 62.0132 
71.4331 92.772 0 10.9378 1.4134 65.2949 118.186 260.223 464.999 44.2553 80.7253 95.0482 11.0763 15.4113 11.6639 17.561 4.45782 0.603508 61.627 24.0636 121.585 0.020162 0.00381149 15.5351 7.65496 26.9662 2.76699 21.6345 
436.187 739.792 66.1799 0 84.8599 502.857 9.40902 229.943 476.988 6.2508 202.87 17.2291 71.4573 9.15636 0.553513 1.29846 481.977 18.6619 50.0228 33.1685 364.917 0.261788 16.4875 9.73252 477.507 37.8287 3.78128 32.1099 
256.203 3.7486 50.6969 2.63662 0 20.565 418.478 69.3671 181.018 60.733 108.356 118.327 81.7211 54.98 5.81887 56.292 19.7632 190.988 59.3866 17.9291 1.42277 0.743444 46.0538 53.949 6.01775 64.8958 17.7995 3.33678 
488.07 456.147 24.9076 498.893 757.401 0 1112.7 197.06 908.724 735.415 224.489 2.09897 189.736 19.514 28.089 23.0244 440.845 85.8826 68.6108 1.34117 77.1489 19.1486 12.5301 10.4069 463.538 5.01647 12.5552 20.5831 
46.3593 14.1711 24.8118 72.2279 416.934 888.329 0 181.097 483.008 153.866 11.6851 267.244 133.685 86.7774 1.31273 39.9714 104.91 24.6585 76.5154 5.21584 73.9008 23.8232 4.54057 69.7125 0.871289 81.3404 4.73557 4.28489 
5.66233 45.373 227.98 396.111 205.709 147.416 214.953 0 390.109 192.881 1.61601 666.758 45.091 1.55247 98.1439 252.173 55.6885 20.2629 14.7324 0.440966 0.202318 65.5166 0.0729824 106.483 191.003 176.866 3.24816 128.76 
609.658 841.481 14.0042 588.745 266.185 908.287 980.052 378.867 0 2.68241 176.243 316.769 181.217 103.766 221.565 142.101 438.744 201.493 86.8043 0.685014 72.0316 16.7812 52.8258 2.08439 562.878 84.8602 4.90973 6.13793 
139.122 187.682 59.0185 103.714 28.5301 18.9623 25.6619 26.6892 308.687 0 529.317 154.47 26.8839 60.0099 124.457 2.61782 17.8499 121.687 84.1312 44.4839 44.8284 53.9184 2.65245 4.88581 15.768 0.373428 34.8421 52.8716 
181.872 254.223 34.2765 0.298822 10.2081 109.316 483.988 49.755 114.505 580.162 0 106.529 222.415 23.9759 405.957 81.2139 56.5618 45.6649 115.89 38.4288 6.28437 5.25342 0.739485 33.8316 121.745 157.067 20.2228 50.7444 
63.676 160.226 0.241963 235.595 0.000509112 130.949 170.089 34.258 67.5181 1.08166 103.866 0 48.1551 3.52414 130.198 10.6893 21.459 127.246 29.1202 18.32 5.09494 36.6661 100.715 60.5992 193.862 262.073 120.456 121.901 
59.6652 0.477785 70.2225 9.61131 71.1054 190.551 205.228 148.132 5.73368 2.87837 236.94 10.6824 0 55.8194 96.911 45.8817 2.66135 29.658 60.4475 15.356 54.6409 62.4095 87.9173 15.5533 45.8745 8.44077 27.8603 9.05655 
3.77227 13.3796 8.22888 22.5501 43.1658 1.58926 72.1587 73.4139 131.181 75.271 6.24715 18.1379 11.1178 0 9.80501 2.42393 1.34196 40.9588 22.1853 4.53907 33.0225 6.54575 3.79072 9.67788 15.8621 5.02921 8.55272 11.0797 
3.37124 40.8368 10.1142 36.455 3.66039 32.3297 51.5833 149.609 11.9788 14.4653 379.875 5.85861 20.5203 58.2707 0 0.719693 22.0623 67.6934 27.0695 11.7754 37.6579 8.91275 0.66709 6.79269 0.481109 0.741993 19.4326 23.297 
6.19964 29.7774 9.10616 16.3409 24.3661 0.782186 63.3045 240.969 20.5983 54.875 227.963 304.795 82.7694 0.0035836 84.2243 0 25.5414 24.4157 29.8146 9.67771 48.2012 2.23167 4.18594 29.1898 32.3069 0.920934 14.1683 1.9049 
532.263 566.487 55.2603 462.318 133.285 468.457 10.304 56.9889 547.931 3.6247 2.50396 25.7437 61.9893 20.1551 21.8084 22.9257 0 91.92 178.64 1.8992 4.89358 15.0627 18.8394 20.7231 460.704 11.8903 22.4047 17.7715 
179.454 253.942 88.2112 40.3244 108.36 18.3543 22.6705 67.9154 25.1782 106.303 159.001 147.284 7.76165 50.7057 0.157398 12.1927 235.75 0 2.95545 11.4693 121.014 0.274803 33.3062 47.7864 44.4584 0.865303 12.6747 1.95528 
0.000448802 56.5037 10.8683 55.8011 183.245 30.4001 129.184 80.7729 20.5549 108.711 124.481 84.3852 83.5337 5.41602 22.9096 9.43921 86.2927 99.7126 0 36.463 56.2528 3.30955 6.70628 23.7721 18.0944 25.2344 10.5663 12.2695 
165.231 11.4125 27.6272 43.0807 16.6162 0.0158176 45.0126 101.245 103.178 50.38 16.8811 20.9057 16.8795 1.68632 11.4202 2.84722 33.526 36.6155 15.9878 0 54.4841 4.77984 0.751182 6.29106 13.7882 6.39372 0.337927 9.75958 
1.80563 178.45 120.279 26.8571 130.895 59.739 120.932 109.09 34.1982 71.2161 1.4713 162.244 4.58552 0.01932 0.0253721 15.1623 60.7803 1.72835 70.4242 19.6186 0 19.8898 1.52873 12.2017 7.13674 8.34503 38.0189 30.3568 
28.7069 50.8349 5.95066 2.81176 55.6918 13.0311 25.0746 67.3259 69.5114 45.0129 25.2939 67.4663 71.1809 0.0629437 2.35986 9.16959 9.44712 29.7268 5.22335 5.68138 32.3008 0 2.70358 6.0471 6.76525 10.7439 0.396214 1.77522 
19.5355 35.2825 0.0370966 17.3131 7.96974 4.21906 21.0485 72.445 88.2313 3.35623 25.0082 127.023 76.7932 6.11771 1.72206 8.00332 17.3125 19.0996 11.2632 4.06674 40.0538 10.6165 0 20.7933 22.0048 1.24268 9.5889 2.48552 
24.7723 61.8716 1.21004 0.0115405 23.0864 17.3619 49.4584 5.78424 90.0558 43.7585 103.886 71.071 59.2114 5.85283 27.8664 21.8547 2.7617 5.14171 0.285458 2.4757 47.6609 6.96569 8.69335 0 14.7419 16.6077 0.00605563 0.37316 
442.384 456.659 0.347274 472.563 65.101 456.911 8.21866 30.8892 449.897 0.976047 95.8702 520.224 52.6091 2.05664 13.4442 29.404 461.921 19.0135 8.81765 1.30643 20.4802 76.9007 18.1093 49.2895 0 100.806 2.95549 47.1703 
79.5059 78.394 23.3082 38.77 0.17394 19.1649 4.90301 203.871 84.7589 43.4725 53.0771 259.495 8.95074 12.4692 1.97571 5.03195 27.3159 4.75587 2.03751 0.882769 5.03416 1.52469 0.368538 7.38755 40.3642 0 0.623659 20.7188 
42.5853 12.5539 18.5144 27.0469 10.913 2.65705 18.0947 96.8014 0.919521 6.63986 85.9269 71.0889 38.0131 7.8631 17.4603 18.4538 20.3932 41.4139 22.9614 8.46848 43.8156 7.20265 7.59561 18.5882 50.7651 34.5622 0 90.8854 
6.16627 9.68306 15.3279 32.9889 44.6162 1.34057 68.8764 124.017 16.9486 54.5455 109.839 3.85976 42.2872 11.0088 16.5599 0.582614 16.889 0.1922 15.3823 2.43167 46.6492 9.81491 6.45692 8.14652 11.0201 1.77211 9.70587 0 
