0 555.641 83.4909 787.147 248.977 467.255 91.9722 104.38 455.002 5.00396 39.3936 3.15501 89.9786 0.106063 71.693 79.4934 465.828 143.601 0.0208884 194.544 0 37.3511 40.0526 56.0839 494.058 79.4375 48.1795 48.7416 
456.45 0 441.919 757.745 49.4658 505.366 522.565 212.732 449.915 9.70833 80.8469 89.4735 36.1589 35.55 58.1651 83.2138 590.496 42.0086 131.165 78.8259 176.463 17.9809 37.9607 57.4029 455.324 1.45606 1.67476 62.1823 
66.7615 111.43 0 16.866 0.860201 64.8982 111.888 257.063 459.38 42.6336 85.3708 92.0725 11.5735 15.3192 11.2496 17.8243 4.17355 0.320295 61.6278 24.2952 122.301 0.0259355 0.00115935 15.5577 7.89709 27.048 2.85058 21.5795 
449.947 756.948 62.764 0 82.3823 517.258 7.87066 696.77 497.203 5.65433 202.371 19.9324 71.2786 8.95532 0.659606 1.10128 496.015 17.3686 49.555 32.4804 782.963 0.241007 16.3813 9.49391 491.766 37.4122 3.65524 32.2029 
254.161 7.09772 53.92 2.04931 0 14.2044 422.603 71.8291 187.741 55.0359 104.789 116.689 83.8801 55.4547 6.28166 55.7501 21.0281 188.368 53.8169 18.7154 1.65914 0.665736 46.3416 54.0949 6.28486 65.1849 17.5688 3.49466 
500.659 467.59 26.1766 512.81 103.031 0 569.294 194.94 924.672 280.493 219.743 1.65695 309.451 19.3662 28.6217 22.809 454.964 84.4982 69.7212 1.23957 77.1372 19.0719 12.4164 10.2685 477.898 4.81671 12.6655 20.6785 
49.8379 9.31288 28.7181 75.9015 412.084 847.818 0 190.017 572.097 170.258 15.8598 269.251 130.489 86.0951 1.75085 38.812 104.508 26.7073 78.4679 4.77347 75.2111 23.4077 4.24598 69.9054 0.712896 82.145 4.54156 4.54764 
7.17965 42.0972 222.993 372.816 207.097 150.869 205.996 0 410.743 194.93 2.61877 617.416 46.304 1.90278 101.101 249.969 55.0172 21.3804 15.3504 0.302075 0.381391 65.6458 0.0296331 104.967 190.234 172.693 3.55031 128.071 
620.347 854.355 21.0783 594.704 260.288 924.495 898.463 399.641 0 1.40356 852.239 323.093 182.819 105.849 239.625 143.13 453.462 200.066 85.1825 0.53114 70.1303 16.4119 53.8178 2.35762 577.093 86.5999 4.66004 6.54799 
137.984 190.975 60.6875 103.255 24.463 30.8468 18.5126 24.7766 315.732 0 514.326 157.975 31.8118 59.0195 125.629 3.03491 17.3101 122.774 85.4548 44.1126 44.1167 53.582 2.42441 4.59404 15.2271 0.27113 35.0936 52.6402 
180.798 255.837 37.7602 0.102669 11.6615 115.291 485.652 54.4146 143.301 570.856 0 96.2917 224.918 21.3244 403.377 85.7753 57.1719 44.2936 115.196 37.7596 5.79309 4.98171 0.509132 32.4837 123.069 155.926 19.7039 49.7194 
66.3147 162.604 0.075662 238.559 0.0111898 132.491 174.305 18.366 73.4512 0.654364 114.385 0 46.7662 2.80839 123.733 18.0971 21.9097 128.143 28.5005 18.9852 5.65253 37.1871 99.4607 57.5835 192.15 275.161 120.573 119.452 
58.8027 0.322784 70.4962 9.20492 68.9917 193.695 206.782 148.034 6.59335 4.71174 234.955 9.93551 0 59.4513 98.3767 46.8952 2.81927 28.9729 59.8198 15.6103 55.0427 61.3544 87.4192 14.9494 46.1811 8.14568 27.6846 9.26723 
3.96926 13.8477 8.3979 22.4802 42.6016 1.71165 73.1114 74.9006 132.242 74.5926 4.87767 16.535 9.26133 0 12.0276 2.74342 1.29059 40.6724 22.3171 4.55117 33.2568 6.65992 3.47044 9.77186 15.7906 5.1673 8.49259 11.031 
3.12293 41.8081 10.5172 36.2225 4.03392 32.8031 49.5455 147.245 13.0348 13.0165 372.135 7.88112 21.9747 59.5338 0 1.74204 22.2079 67.8254 26.8214 11.7709 38.0324 8.75964 0.837052 6.36287 0.392968 0.881403 19.3905 23.3207 
5.77886 29.0192 8.82699 16.9244 24.9521 0.882795 62.1361 237.674 19.1818 56.0558 228.409 326.18 82.4889 0.00220445 86.1673 0 25.4996 24.0029 29.7535 9.67393 47.7832 2.15746 3.99265 29.2687 32.6485 0.720006 14.3011 2.04865 
546.135 582.13 55.1648 477.221 134.542 482.361 10.8643 57.6569 562.172 3.899 2.70609 26.2209 62.1439 20.0932 21.6604 22.8349 0 98.0298 80.8781 1.7948 4.69077 15.1415 18.8599 20.701 475.047 12.0283 22.3984 17.8638 
182.454 255.887 85.5191 42.0942 111.663 17.3065 20.7687 66.2229 26.8343 104.993 159.786 147.693 7.36757 50.5525 0.113349 12.5311 240.641 0 2.48206 12.0463 120.727 0.244519 33.0958 47.8443 44.1416 0.963196 12.8558 1.85359 
0.00735827 54.3198 10.3761 55.4352 176.251 29.1702 127.667 81.6206 19.4612 109.623 124.05 84.8851 83.3174 5.55019 23.1749 9.26557 93.7197 101.386 0 36.4345 55.8756 3.3938 6.81526 23.7931 17.9322 25.1002 10.4684 12.1443 
170.635 12.6502 27.6066 43.5262 17.3801 0.00637082 44.0244 102.092 103.529 50.0979 16.3501 20.216 17.1386 1.71213 11.4458 2.91182 33.4679 37.4519 15.7245 0 44.828 4.80268 0.735159 6.29822 13.7785 6.30966 0.320461 9.71386 
2.5541 178.183 119.439 20.4638 131.09 59.205 119.961 111.507 35.7252 70.5689 1.23512 161.637 4.79493 0.00987391 0.0116133 15.5838 60.5278 1.50889 70.2644 26.4905 0 20.0165 1.44849 11.9476 6.87363 8.03062 37.8684 30.6469 
28.8845 50.9085 6.0183 2.87598 55.5849 13.1769 25.4953 67.3417 69.576 45.4671 25.8101 67.8017 70.244 0.0818737 2.46531 9.25024 9.36083 29.9038 5.32431 5.66473 32.3331 0 2.88752 5.89088 6.86233 10.7357 0.373995 1.81225 
19.2479 35.6539 0.0485082 17.2206 8.23219 4.10358 20.4903 71.5412 88.9072 3.62139 26.3448 126.958 77.7211 5.79598 1.98301 8.19979 17.2637 18.8637 11.3829 4.0621 40.0644 10.3965 0 20.6559 22.1555 1.18283 9.68066 2.42749 
25.194 61.8446 1.2801 0.00351636 23.4433 17.3087 48.9129 6.51674 90.6087 43.2707 102.652 67.9357 58.6732 6.04203 27.954 21.1237 2.82492 5.30727 0.312332 2.43981 47.7054 6.80763 7.88126 0 13.8641 16.577 0.0140473 0.410823 
456.445 470.525 0.409522 487.312 65.2729 471.123 8.71478 28.6131 465.201 0.829596 97.5698 640.237 52.4164 2.16975 13.0722 32.7742 476.284 19.3516 8.66947 1.35879 20.8703 82.8127 18.5855 47.9951 0 105.991 17.9664 69.6078 
79.4806 78.0327 23.5219 39.1515 0.230552 19.4064 4.45801 207.019 86.4992 44.2555 55.3432 246.053 8.64846 12.5252 2.1945 4.57626 27.3246 4.97431 1.95126 0.839433 4.78349 1.56773 0.334839 7.57987 40.4571 0 0.766182 19.1776 
42.7997 12.8043 18.5629 26.9944 11.1134 2.58063 17.7616 96.4806 1.03516 6.83783 85.8549 69.8979 38.081 7.79873 17.3683 18.4073 20.441 41.5209 23.0071 8.42511 43.8584 7.13798 7.69621 18.5208 50.1521 34.2507 0 91.6318 
6.42206 9.99075 15.485 32.9586 44.8897 1.416 68.6035 123.138 17.5844 54.3587 109.951 3.12672 42.1618 11.058 16.7538 0.66595 16.9849 0.226456 15.2578 2.48359 46.4803 9.78973 6.52195 8.26146 11.1083 2.35952 11.492 0 
