0 201.509 58.4915 512.749 234.261 178.443 115.484 131.933 179.653 2.21138 30.7093 0.559866 93.3671 0.00236462 71.5227 78.3064 179.722 161.632 0.181337 220.209 1.85315 37.8794 38.9086 55.2236 208.101 79.4919 48.8645 46.8962 
218.591 0 357.986 480.129 10.4596 249.042 522.696 233.684 172.93 3.12182 62.8546 103.5 29.517 38.7224 63.2263 81.8891 302.336 79.1907 141.3 66.9893 173.231 19.4659 39.862 56.1183 174.494 0.603618 1.17259 62.9948 
43.5463 225.773 0 90.4268 0.220876 61.9841 79.2527 236.063 406.877 34.2263 110.93 76.3111 14.3702 14.7811 9.11107 19.1754 2.8056 0.313726 61.3997 25.4138 125.307 0.0689406 0.0129066 15.6429 9.22516 27.3773 3.31346 21.2448 
177.898 480.249 129.034 0 69.2168 233.973 1.94313 14.5961 250.327 2.95927 198.018 37.2616 70.1646 7.89903 1.37815 0.32039 211.254 11.1746 46.9599 28.6933 750.808 0.144545 15.79 8.24582 208.099 35.0307 3.01424 32.6202 
241.003 42.0388 71.9837 0.161443 0 28.695 435.046 85.3034 223.12 28.749 86.1636 107.8 95.4154 57.8907 9.02217 52.7784 28.3093 173.503 28.0567 23.1139 3.22036 0.323167 47.8214 54.8004 7.79562 66.6115 16.35 4.39371 
208.499 172.82 33.0812 227.024 1.90126 0 377.439 181.904 626.527 660.548 191.907 0.178641 321.809 18.516 31.3573 21.5918 170.851 76.9145 75.2754 0.762622 76.8981 18.6308 11.7923 9.52632 194.868 3.80736 13.2477 21.1571 
69.9152 0.613097 53.4355 95.977 377.724 472.732 0 237.659 1031.43 262.494 48.1142 277.949 113.196 82.1378 5.12426 32.7592 102.114 38.7907 88.8552 2.73267 82.1727 21.2187 2.83364 70.7796 0.135516 86.1831 3.57062 6.07085 
18.1768 26.4376 193.586 299.151 213.57 168.291 158.611 0 513.39 204.823 11.9548 349.382 52.9117 4.3565 116.647 233.867 51.4233 27.7671 18.8239 0.00377546 2.28135 66.2571 0.122986 96.5127 184.481 149.044 5.37792 123.867 
317.313 557.174 80.3568 268.387 227.05 627.717 424.876 503.766 0 1.52899 622.579 353.524 190.53 116.432 311.567 147.739 172.616 191.644 76.4937 0.0402705 60.1828 14.4912 59.0822 4.08954 292.859 95.6916 3.43281 8.94013 
131.409 207.176 69.5034 100.319 7.83816 141.667 0.0283555 15.663 348.555 0 417.855 176.086 63.9252 53.5623 130.579 5.75243 14.5391 128.227 92.2826 42.0652 40.3429 51.6773 1.37617 3.17971 12.4633 0.00143902 36.4068 51.3183 
174.413 262.744 58.488 0.785339 20.9338 147.587 483.501 82.0097 368.98 499.073 0 49.0892 236.693 9.62684 373.38 110.737 60.397 37.2213 111.233 34.2173 3.50051 3.64752 0.00470766 25.6237 129.597 148.831 17.0199 44.2933 
80.8754 174.773 0.776453 251.265 0.624081 140.096 196.202 17.2819 108.11 0.180867 175.884 0 39.5732 0.354625 90.0995 86.7362 24.3652 132.694 25.2664 22.678 9.09233 39.9662 92.4389 42.3167 247.051 337.294 120.788 105.978 
54.1904 0.00790953 71.7531 7.16765 57.9492 194.753 213.579 147.117 12.142 21.7718 222.738 6.38624 0 79.3448 105.495 52.2393 3.73418 25.4076 56.4012 16.9806 57.1503 55.5711 84.2091 11.8832 47.7514 6.64705 26.7349 10.4205 
5.09666 16.4437 9.29735 22.0502 39.5618 2.4329 77.9661 82.6966 137.126 70.6177 0.415885 9.14203 2.14677 0 26.1822 4.70335 1.03261 39.1093 22.9982 4.61106 34.48 7.25816 1.90496 10.1658 15.357 5.91287 8.16487 10.7515 
1.95354 47.0251 12.7326 34.8524 6.31435 35.1707 39.0479 133.749 21.1387 6.48921 317.828 23.4148 30.3402 61.8212 0 14.0633 22.9701 68.4109 25.4743 11.7308 40.0009 7.94432 2.04878 4.25303 0.0726599 1.81781 19.1343 23.3812 
3.76979 25.0614 7.37511 20.0851 28.1316 1.51724 55.8282 216.267 12.3854 62.2138 227.48 425.64 80.5992 0.377777 89.2311 0 25.2537 21.8248 29.3905 9.63642 45.4893 1.77866 3.00809 28.9042 34.2571 0.0632026 14.9869 2.8927 
260.337 305.447 54.4885 197.155 140.66 196.942 14.0709 61.1924 278.355 5.52064 3.9118 28.8065 62.8937 19.7483 20.8583 22.3327 0 131.878 109.37 1.28567 3.67713 15.5562 18.9577 20.5697 191.972 12.7668 22.3544 18.3493 
197.426 273.718 71.1608 51.8798 129.296 12.1702 11.9345 57.3656 36.4074 97.8072 163.549 149.555 5.42822 49.6725 0.000259054 14.3923 263.156 0 0.649462 15.3188 118.957 0.112735 31.9542 48.1047 42.4175 1.57195 13.8344 1.35565 
0.430133 43.1073 7.91097 53.3486 138.365 22.862 119.096 86.0379 14.0739 114.044 121.442 87.4407 81.9891 6.28595 24.5752 8.35578 133.002 110.042 0 36.2177 53.8157 3.85797 7.40482 23.8847 17.063 24.3636 9.94862 11.4789 
196.369 20.1849 27.3475 45.5839 21.6691 0.0273183 38.7888 106.268 105.084 48.5005 13.6314 16.6869 18.5306 1.85116 11.5668 3.26296 33.1072 41.9447 14.3308 0 8.27547 4.9226 0.652027 6.32932 13.7082 5.8609 0.234948 9.46202 
8.67961 175.994 114.213 12.4347 131.819 56.266 114.521 124.294 44.281 67.0469 0.322993 157.944 5.98469 0.0125479 0.0278851 17.8946 59.1219 0.588258 69.3252 77.4602 0 20.6881 1.05607 10.6234 5.54441 6.44243 37.0413 32.1815 
29.817 51.248 6.37934 3.22793 54.9451 13.9432 27.7561 67.3451 69.8306 47.8139 28.6057 69.497 64.9949 0.224186 3.05936 9.66567 8.90224 30.8354 5.87454 5.57315 32.4882 0 3.94172 5.06948 7.38024 10.68 0.266062 2.01477 
17.726 37.6112 0.134987 16.6988 9.68994 3.50653 17.5945 66.5988 92.2653 5.1922 33.8917 125.988 82.22 4.04163 3.64624 9.20639 16.9942 17.613 12.0216 4.03389 40.0826 9.18289 0 18.8711 22.808 0.885862 10.1582 2.12626 
27.4545 61.5972 1.68352 0.0389515 25.3581 16.9916 45.9484 11.1094 93.3187 40.6022 95.7167 51.8267 55.6354 7.02562 28.1134 16.936 3.17216 6.22838 0.475718 2.2502 47.883 5.96865 3.94256 0 9.60741 16.3392 0.11247 0.641068 
172.036 185.005 0.82614 206.286 66.0883 187.335 11.5754 17.7532 187.641 0.248294 106.359 196.583 51.3051 2.81509 11.1185 56.2934 193.314 21.1804 7.89255 1.65321 22.9786 76.8242 21.0626 42.8764 0 69.8433 147.484 142.699 
79.1107 75.9165 24.581 40.994 0.666042 20.6591 2.43059 221.147 95.5947 48.3791 67.7785 172.185 7.10941 12.7752 3.53506 2.47027 27.3471 6.21378 1.52095 0.625633 3.54736 1.80554 0.181755 8.60989 40.6973 0 1.765 11.6381 
43.9056 14.1682 18.799 26.6747 12.2039 2.18926 16.0175 94.5561 1.76535 7.93371 85.3249 63.4937 38.4132 7.45007 16.853 18.1187 20.6877 42.0655 23.2388 8.18963 44.052 6.79194 8.22859 18.1105 46.6995 32.3931 0 92.7814 
7.86234 11.6966 16.3049 32.7155 46.3098 1.85042 67.0277 117.971 21.1258 53.2675 110.224 0.511742 41.4485 11.3001 17.7575 1.20025 17.4901 0.456304 14.5917 2.767 45.5326 9.64882 6.86415 8.86922 11.5403 6.79969 23.0015 0 
