0 390.382 94.9375 291.315 249.777 259.597 108.036 53.8437 385.525 88.1995 119.796 5.08746 109.242 38.554 70.4476 26.3929 181.445 104.946 87.4607 66.7718 50.9218 22.5429 11.5509 15.9068 168.414 48.9651 4.99674 0.432007 
663.459 0 310.408 372.627 510.875 256.651 35.0594 240.056 180.488 9.46531 264.082 209.789 146.154 43.4275 10.1994 63.0085 191.225 187.9 34.3934 3.42944 25.3221 6.67446 33.0504 3.09513 159.207 12.9326 41.0201 8.89795 
112.41 65.3482 0 22.8823 188.094 1.77016 75.3595 36.4115 163.726 91.8516 231.275 2.08802 4.10265 6.50965 14.2149 23.6474 41.9238 14.5184 0.130776 25.4455 10.6642 6.25735 2.95166 15.5416 1.62677 2.74879 13.5827 11.3342 
265.099 375.128 146.77 0 51.988 140.3 202.445 933.089 148.416 4.21789 71.6255 197.368 66.7086 15.3202 39.0446 31.6578 174.696 87.31 62.429 3.63092 172.664 7.63986 3.87631 23.9726 131.373 38.4345 18.7093 31.4154 
254.857 504.736 130.424 149.862 0 287.427 321.428 201.645 115.284 324.325 260.758 175.414 156.949 65.0274 51.4834 46.2963 87.0759 181.541 188.63 67.7094 6.97294 56.8837 19.375 3.16987 67.3895 57.4951 39.5745 36.0754 
261.087 367.699 58.8714 132.081 141.915 0 1159.26 214.848 580.056 675.411 258.164 6.61198 374.309 3.20436 4.30757 3.27399 158.452 23.1984 3.37476 13.3272 73.7668 4.515 7.44447 1.69788 158.198 22.178 0.229445 9.9795 
63.3855 502.979 56.9299 74.5753 428.293 529.025 0 39.4564 210.422 18.2017 8.14467 50.8818 85.2547 3.53042 141.949 6.7211 108.33 68.7613 118.538 93.9231 18.3065 19.4517 4.74207 71.3832 38.5204 14.0182 60.5229 50.4377 
0.414516 96.1598 77.6155 478.208 191.855 83.6568 362.006 0 231.688 100.334 134.131 64.1557 15.5842 54.2623 185.138 1.84713 18.4692 42.6775 61.3324 117.386 120.18 1.18083 62.9789 111.589 123.121 44.1837 10.243 19.4587 
238.369 512.031 290.711 326.298 145.897 578.503 957.623 242.607 0 378.364 993.298 144.299 205.387 23.6868 25.0037 41.5266 185.803 45.9636 82.4145 63.6967 136.966 60.2383 0.680283 16.0137 130.867 114.579 67.2552 9.26278 
5.58875 240.738 31.9966 71.0087 303.141 476.838 171.045 117.015 20.9492 0 98.1327 64.967 10.929 69.1455 55.2554 1.3112 0.0211823 0.863756 113.263 25.2069 5.1191 53.2388 34.7466 20.9513 49.2246 74.988 2.48404 12.1619 
0.901059 17.0505 198.463 110.675 91.8786 0.0138447 425.213 40.304 853.361 38.8694 0 0.00342906 73.0009 44.1095 179.628 173.968 46.5565 117.988 126.452 3.31741 1.19765 45.1361 0.0401545 0.666241 145.21 39.4253 20.7016 105.058 
59.7805 221.681 108.105 202.711 89.5677 119.256 167.409 732.852 376.23 246.044 336.646 0 150.237 83.9096 90.4874 495.477 39.4896 150.429 40.1151 8.56316 38.3291 61.7572 38.062 100.967 361.162 38.5098 20.156 50.032 
16.2419 132.307 32.1916 3.44661 7.76252 125.964 14.1104 141.183 53.5843 45.1628 0.850413 114.053 0 152.754 104.576 79.5362 52.7676 16.1371 30.0578 20.1386 0.0993355 49.2245 43.1942 62.8719 40.6776 6.80614 38.996 18.014 
50.7642 20.6166 2.55924 22.9686 28.6203 19.7256 72.9671 125.061 59.7301 80.7627 76.4793 52.9249 82.567 0 2.19073 17.8006 9.87052 16.4966 1.68235 0.499053 1.61224 4.89798 4.88518 0.90436 4.13511 9.91145 4.45479 4.62979 
0.487278 22.2922 7.80182 0.138222 56.4252 7.59785 85.8841 24.2013 220.87 87.437 257.963 273.072 106.353 49.4117 0 45.3799 0.451636 33.2359 0.467885 0.0094564 36.2029 11.6164 22.6576 25.6875 5.8362 16.9077 2.04614 17.2754 
76.5565 78.1914 0.519487 1.57462 34.8928 26.9617 0.0966534 8.75791 125.27 28.7906 199.781 256.965 54.5983 12.0432 72.4696 0 18.1497 16.7591 3.24215 3.54721 16.0992 0.0775019 0.663456 5.92474 30.3018 24.6922 17.4831 22.4453 
236.474 273.141 33.7422 160.597 152.213 184.398 5.05436 70.3676 197.204 32.6009 95.0289 34.7138 0.07375 21.3778 26.5361 22.5542 0 37.7227 329.943 25.6124 66.7707 17.2953 18.6896 21.0099 158.272 0.317518 18.6503 17.7715 
64.6483 368.574 32.4586 0.17698 9.59918 2.44796 206.573 180.701 183.006 110.671 99.1001 148.702 42.3474 5.14612 41.8763 60.8642 7.40839 0 42.0231 18.454 76.5783 4.24119 42.6043 12.4768 28.6085 61.7828 6.90276 32.7278 
85.2778 148.916 53.0906 60.406 63.8572 82.6225 89.4982 114.337 143.14 91.0171 129.144 44.8001 64.4818 17.0313 32.3133 25.5361 181.8 149.432 0 11.66 27.0929 0.266831 0.30115 14.5466 30.6438 19.9306 7.07013 20.3232 
20.3539 131.811 27.3354 17.4431 69.2378 8.25571 62.9813 12.5102 32.7662 33.3428 0.484053 33.7268 18.5721 0.636677 0.35714 9.58624 0.847486 1.80607 1.41223 0 200.274 5.28476 3.04076 0.677794 0.0113282 1.20524 2.26777 8.67295 
72.59 31.8602 57.7249 100.692 131.87 45.063 144.014 206.882 132.997 0.19343 0.0457867 132.312 38.7904 40.2485 53.2524 47.2719 33.1421 18.7237 8.06484 332.219 0 26.545 26.9123 43.1842 38.3245 11.1422 44.154 2.97543 
11.338 9.66653 0.0521168 0.619966 5.2641 19.9069 54.9529 5.01258 0.192824 45.917 77.0297 28.861 59.0307 10.8978 0.823882 11.7313 6.8914 19.7621 4.47225e-05 5.24807 32.5167 0 15.1579 2.62384 16.5467 3.19628 6.34281 0.139151 
33.2862 35.4125 3.74827 4.90242 54.1264 0.701776 21.423 92.8182 9.387 9.65717 31.2222 94.1249 2.27541 7.13855 23.9965 11.6699 17.6153 44.6907 0.184521 3.22804 19.8068 0.0810791 0 5.8976 0.97645 4.19042 13.1353 5.62055 
57.83 12.4251 3.13161 9.01305 34.9178 9.77682 31.9996 3.55313 40.7042 57.7888 30.0662 111.833 20.2943 0.253543 12.1381 0.447724 1.2115 15.1554 5.08135 5.99441 0.783612 1.94629 20.0173 0 41.344 5.58829 5.17834 3.63222 
134.063 132.629 11.136 147.654 18.4785 150.485 8.1825 2.85203 251.601 23.2468 134.752 893.197 6.09323 10.2028 0.642064 0.637264 157.673 26.9031 29.4287 12.6937 54.5694 89.6783 9.76339 22.772 0 28.8988 168.636 81.1286 
53.0431 83.5006 8.27281 38.1777 35.5763 2.6531 96.7122 221.515 114.497 18.1937 69.1068 399.519 6.35259 1.68684 13.82 17.4041 17.4409 60.4155 28.8954 6.96541 15.5526 4.20727 2.60478 16.6762 1.54495 0 19.1551 46.4851 
1.0907 7.03574 0.00939625 0.190523 0.0254368 19.5242 54.8408 89.5058 79.4953 27.9965 19.6577 102.464 24.3994 5.21982 0.286354 16.0461 22.2858 36.7585 24.1593 10.5506 32.5061 12.648 13.494 16.6921 3.68488 25.4407 0 72.5658 
60.8567 61.547 22.1873 33.0679 0.35049 22.4204 22.3795 13.2463 21.5854 15.0924 68.1514 170.943 17.2239 10.66 5.8519 21.329 16.889 19.6589 22.7918 2.10942 23.7244 10.5242 5.83617 12.6827 40.9294 3.89669 0.00721036 0 
