0 450.535 8.70395 652.733 178.03 401.226 181.587 209.529 447.807 0.38269 11.6097 4.46994 101.269 0.519936 69.5817 72.8107 405.162 204.682 4.00394 224.694 25.6098 39.0948 35.3884 51.9991 431.842 77.5735 50.3251 41.3308 
725.561 0 53.5713 653.238 55.8171 561.52 382.981 277.718 474.536 4.09551 22.5618 142.495 13.9993 47.3397 76.2107 76.1725 515.314 219.253 162.867 35.6647 158.053 23.6989 44.8153 51.823 413.732 0.180124 0.241147 64.4417 
3.10542 468.862 0 286.642 18.3706 47.9294 12.2334 151.53 149.657 14.3526 180.618 36.4625 23.2265 12.9146 4.06212 22.3226 0.399216 13.2637 58.7497 27.3661 126.125 0.295418 0.272952 15.5601 13.1441 27.325 4.7374 19.9645 
541.746 655.585 343 0 35.3647 460.659 6.5565 576.95 605.244 0.0190801 172.173 104.777 65.7118 5.16399 4.64557 0.618532 437.786 0.944691 39.0301 17.8413 598.462 0.00503938 13.9512 5.07486 436.927 27.319 1.52903 33.065 
187.808 250.068 124.606 6.02654 0 256.079 384.105 124.286 307.652 0.449854 40.6761 82.3944 126.36 63.6905 18.8183 43.9569 52.4026 126.722 0.50706 36.7663 10.1211 0.0149136 51.399 56.098 12.703 69.501 13.0879 7.37305 
418.671 408.578 51.4134 447.932 175.119 0 550.033 133.864 652.286 50.2318 103.749 3.91883 334.096 15.686 37.6446 17.7167 401.065 54.9313 86.622 0.0384538 74.6935 17.1394 9.93227 7.45927 426.258 1.56306 14.8009 22.2036 
134.415 121.034 142.468 150.484 229.419 260.404 0 353.316 943.706 476.062 204.203 283.185 65.9875 68.7461 22.9011 17.7077 93.4263 80.5891 116.268 0.0232247 100.831 15.4508 0.382346 71.8032 0.916747 94.8447 1.46049 11.3102 
71.2029 1.53421 100.328 95.3941 222.755 204.114 47.4528 0 662.413 221.926 69.7942 12.8845 72.0951 16.0189 154.871 159.448 41.4449 48.8064 29.8753 3.07584 15.6211 67.2548 3.22385 70.8547 155.399 79.0427 12.262 108.003 
492.907 701.851 341.291 413.915 128.561 655.665 222.041 661.709 0 60.1996 1575.99 401.18 203.76 139.581 287.735 152.235 412.41 162.019 52.7372 1.60431 35.0683 9.64607 73.1024 11.199 517.28 118.245 0.982197 17.2599 
109.372 237.067 91.8136 88.2106 10.7866 465.799 119.338 1.06404 386.525 0 112.463 218.353 184.844 37.5704 131.985 17.238 7.9127 139.967 108.533 35.8862 30.205 45.5224 0.0086171 0.581399 6.02472 1.69202 39.7769 46.9263 
151.505 266.086 127.854 17.4898 58.5438 228.793 387.229 175.389 776.871 195.147 0 1.65393 253.686 1.54758 190.119 177.301 69.0035 20.138 98.1944 24.7674 0.132713 1.00276 4.978 10.1721 142.35 121.487 10.3937 29.9288 
123.754 202.737 16.31 256.225 7.16396 154.856 248.081 595.269 220.231 14.5963 362.826 0 21.9606 5.79513 18.0566 392.537 31.5765 143.037 17.0169 34.0084 22.5089 47.6045 70.7848 10.4397 289.143 394.534 117.798 67.2343 
41.481 3.6447 73.3796 2.75468 30.5279 115.166 218.414 141.193 35.3302 120.654 176.838 0.577156 0 130.271 117.852 65.9536 6.89351 16.4158 46.4513 20.8771 62.6416 38.8416 70.9796 4.9697 51.4836 3.20667 23.9996 13.8576 
8.86435 24.3962 11.7093 20.3769 31.0023 4.97597 88.9989 102.338 143.313 56.9761 13.5911 0.00120629 8.8108 0 60.3253 11.4124 0.461577 34.4942 24.6774 4.73527 37.6175 8.77513 0.021871 10.24 13.73 7.99739 7.20092 9.81332 
0.128061 61.4266 19.1842 30.0279 15.0068 40.042 14.8955 91.2606 62.5491 0.24257 114.252 99.7536 57.2103 33.1717 0 74.7511 24.9397 68.9702 21.5693 11.4779 45.1469 5.73611 7.653 0.48425 0.526288 5.95273 18.1556 22.9654 
0.398166 15.085 3.81557 28.8205 37.281 4.08182 38.2707 133.665 1.08362 77.296 197.106 457.537 72.1206 4.45366 42.4034 0 24.3713 16.0559 28.0678 9.38076 38.6538 0.894396 0.877755 21.6764 36.549 1.96952 16.6572 5.83428 
482.747 549.508 51.1872 437.223 151.845 422.268 24.7189 70.6598 506.217 11.3481 8.35056 36.2842 64.3001 18.6667 18.532 20.7883 0 223.417 105.057 0.307451 1.48423 16.6579 19.1255 20.0874 423.649 14.828 22.1396 19.6301 
227.522 465.057 34.272 80.7193 175.765 2.41523 0.0938611 34.8714 68.4776 76.6296 170.065 151.829 1.54803 46.7003 0.764071 19.998 286.897 0 1.80011 25.8899 111.997 0.0113337 28.6324 48.3929 37.3688 4.00854 16.652 0.3742 
4.95878 17.3153 2.66828 46.4948 44.2938 8.53186 92.0715 97.1942 3.46159 121.994 111.668 93.4768 76.8256 8.48841 28.29 5.99469 201.574 130.809 0 35.0546 47.7184 5.27181 9.10546 23.9571 14.6268 22.1481 8.52789 9.6587 
228.045 47.7766 25.3636 48.1805 35.1153 0.710511 24.9853 114.566 106.523 43.3163 7.19863 8.39621 22.4519 2.24662 11.7636 4.28294 31.6709 54.3951 10.6046 0 62.0308 5.23784 0.443071 6.35225 13.347 4.62556 0.0660319 8.69731 
42.8485 163.461 94.0397 56.8482 131.11 47.4492 97.4617 157.618 70.9431 56.779 0.892141 143.899 9.90831 0.488195 0.86288 24.7628 54.7282 0.27119 65.9782 266.375 0 22.5124 0.28581 7.25484 2.54918 2.87816 34.5382 36.3 
32.2671 51.7132 7.37851 4.28381 52.5735 15.9396 34.1094 66.6366 69.7339 53.5403 36.6478 73.3245 48.8438 0.969316 4.95399 10.6706 7.64663 33.298 7.49809 5.29482 32.7691 0 7.30705 2.9691 8.77724 10.4235 0.0613902 2.61892 
13.6475 42.78 0.596836 15.0208 14.2069 2.04276 10.4182 52.1506 99.191 10.8274 57.5801 117.971 90.1203 0.364993 10.0816 11.4371 16.1646 14.2295 13.7845 3.9255 39.7983 5.68955 0 7.96486 23.1981 0.274411 11.3621 1.37146 
33.7451 60.006 3.04572 0.822067 30.7255 15.8297 37.374 29.2688 98.5693 32.7608 74.1542 16.0345 45.9826 9.28573 25.8776 5.43254 4.22147 9.10606 1.10405 1.74366 47.8434 3.75339 0.408347 0 3.03958 15.056 0.86954 1.52836 
401.553 410.906 2.69743 442.478 67.4348 416.954 21.2204 0.837437 437.591 0.425406 127.353 322.44 47.519 4.92567 6.17351 37.7845 425.263 26.4331 5.86731 2.59682 29.0084 48.5878 26.9418 54.9687 0 115.339 105.409 147.177 
76.0456 68.493 26.724 44.2105 3.03434 23.7485 5.92934e-06 233.27 118.168 59.0436 103.345 15.5162 3.54198 13.0234 8.56478 0.00595813 27.1982 10.2758 0.597038 0.191355 1.05032 2.53356 1.85937e-06 11.4052 39.1304 0 6.46322 0.189779 
46.6251 18.1783 19.2485 25.4474 15.4042 1.25497 11.4972 87.4279 4.77183 11.3048 82.5799 45.7253 39.0645 6.44444 15.2255 16.9776 21.2936 43.3424 23.7735 7.5018 44.2809 5.82696 9.64869 16.5486 36.5306 25.8091 0 72.2862 
12.4845 16.9542 18.3853 31.3364 49.8811 3.32561 61.6576 99.9299 32.0978 49.4486 108.123 4.91062 39.0908 11.7823 20.217 3.41985 18.8351 1.50667 12.7288 3.60619 42.5108 9.20092 7.76295 10.483 12.2223 27.6844 63.1984 0 
