0 195.503 1.87584 275.679 157.328 76.5798 200.677 231.889 138.859 1.63916 7.36991 9.02338 103.242 0.925379 68.5381 70.469 79.7232 215.089 6.19616 252.065 38.1055 39.3971 34.1919 50.7492 105.229 76.3571 50.6447 39.4752 
496.496 0 6.70474 293.138 112.525 260.406 310.149 286.139 185.201 10.253 13.6853 154.198 10.1775 49.9272 79.8274 73.8068 184.126 520.91 167.234 27.0754 151.592 25.0486 46.249 50.2735 92.2644 0.642923 0.092444 64.6432 
0.027992 465.714 0 239.296 29.4833 42.2403 2.74917 121.595 75.7692 9.59961 199.212 26.1519 26.2617 12.2342 2.83236 23.0833 0.0900244 20.9297 57.3325 27.5957 124.069 0.39852 0.422345 15.4375 14.409 27.0145 5.2215 19.4632 
274.066 295.899 299.831 0 26.3431 133.693 14.2739 1023.73 318.523 0.525265 160.517 129.111 63.9301 4.38719 6.02009 1.45869 111.869 0.0455897 36.3873 14.5886 508.837 0.000699984 13.3243 4.19669 111.511 24.6898 1.15908 32.9838 
167.577 328.2 139.939 11.1211 0 280.772 345.448 136.451 326.948 6.68394 29.1805 74.4298 135.286 65.1785 22.4631 41.0741 60.7931 111.287 6.86316 41.341 13.0221 0.115222 52.3448 56.2986 14.4381 70.0654 12.1086 8.44572 
89.3089 96.6765 56.2024 119.647 543.427 0 858.623 116.642 244.155 625.274 77.1456 7.423 525.866 14.6862 39.1019 16.3937 76.8545 48.0683 88.7016 0.000336869 73.5466 16.5981 9.32168 6.82076 101.847 1.04853 15.2644 22.4411 
155.472 191.115 170.893 165.278 176.822 644.321 0 378.967 530.882 504.215 262.938 278.938 52.4698 63.982 30.6473 13.7177 90.1411 95.4028 124.016 0.103811 106.33 13.7608 0.0786385 71.6899 1.88215 96.6894 0.984015 13.2337 
93.12 0.000175283 72.5995 38.1462 222.828 210.428 24.1541 0 652.238 223.824 95.8052 116.454 78.2227 20.9916 164.374 131.173 38.3573 56.2231 33.7053 5.19506 22.0867 67.3513 5.03455 62.559 143.049 58.7064 14.9274 101.954 
152.16 339.939 411.108 78.8888 99.3128 247.399 606.415 654.893 0 93.2768 1008.82 403.086 205.219 144.498 308.637 151.028 91.3002 151.222 45.6548 2.97328 28.2235 8.29199 77.1898 14.0716 189.664 124.154 0.514948 20.3245 
101.585 241.029 97.6762 83.3829 26.5668 477.122 194.704 0.00941814 380.147 0 45.3506 228.25 224.133 32.5635 128.615 21.8453 6.19862 142.5 112.59 33.8351 27.1779 43.3701 0.0617038 0.191604 4.43405 2.94836 40.7392 45.3513 
143.006 262.236 150.358 26.8293 73.2382 247.653 335.934 206.769 901.859 107.705 0 15.3085 253.836 6.79622 125.008 194.473 71.5639 15.6943 93.5793 21.9752 0.0125374 0.508192 8.40277 6.63947 144.521 111.153 8.59858 25.7581 
137.257 209.344 24.9408 248.317 10.6322 157.305 260.445 813.43 256.029 23.6055 414.738 0 17.3102 11.1058 6.05085 461.814 33.9355 145.519 14.6872 37.8081 27.7805 49.9438 63.6458 4.60735 305.235 370.079 115.796 55.5359 
37.5997 6.12471 73.3078 1.77862 23.3123 112.432 215.54 138.349 44.632 160.597 159.839 0.0395486 0 141.955 119.155 69.7149 8.06273 13.9157 43.2512 22.1138 64.2387 33.6504 65.7754 3.36247 52.4451 2.36531 23.1173 14.997 
10.2228 27.0648 12.4159 19.7187 28.3363 5.91066 91.5738 107.61 142.891 52.1291 24.9925 0.834872 18.5886 0 61.792 13.5056 0.327887 32.9793 25.1339 4.76107 38.5129 9.18999 0.409339 9.94946 13.1073 8.63154 6.88543 9.47475 
0.000831161 65.7737 21.1936 28.2602 18.3691 40.961 9.3809 77.4908 79.806 2.10786 59.8027 129.54 66.0692 19.8014 0 86.5887 25.5076 68.8179 20.312 11.3564 46.6419 5.07659 9.87383 0.0629826 1.07172 7.63613 17.7716 22.6604 
0.0460096 12.3498 2.89082 31.3797 40.1884 5.10226 32.9791 105.281 0.0611615 81.1528 180.398 385.758 68.5979 6.41725 22.4759 0 24.0358 14.3563 27.5614 9.25566 36.4068 0.673459 0.451674 18.0871 36.5364 3.63283 17.0991 6.90307 
155.196 227.396 49.7469 115.612 153.422 96.1803 28.5144 73.483 180.309 13.5456 10.0583 38.6969 64.5308 18.2918 17.7782 20.2618 0 246.679 60.4157 0.137467 0.992344 16.9869 19.1464 19.9009 99.4446 15.4733 22.0442 20.0095 
232.791 457.559 24.6181 89.7554 188.669 0.86922 0.480617 28.6597 79.7803 69.818 170.857 151.645 0.80839 45.6174 1.32845 21.8656 281.276 0 4.04783 29.5626 109.231 0.0603127 27.5522 48.3499 35.7222 4.99067 17.562 0.19092 
7.35893 11.3248 1.56961 44.0781 23.4981 5.30691 83.0201 100.289 1.57266 123.064 107.902 95.0211 74.7877 9.22048 29.3853 5.31244 208.062 136.04 0 34.5246 45.7118 5.75054 9.65437 23.9242 13.8617 21.4077 8.09089 9.09946 
223.404 57.7924 24.387 47.983 39.6573 1.10963 21.0263 116.073 106.085 41.4935 5.5579 6.31572 23.6858 2.37244 11.7823 4.61154 31.094 58.1802 9.49804 0 117.618 5.33091 0.384643 6.34005 13.1844 4.2469 0.0342288 8.4395 
57.889 157.719 86.3897 29.5426 130.058 44.5405 91.6508 166.961 79.9066 53.4592 2.01242 138.459 11.3169 0.778602 1.36201 27.0156 53.2139 0.856102 64.7146 308.467 0 23.0701 0.143397 6.30343 1.83441 2.03622 33.6951 37.5362 
32.9883 51.7123 7.68841 4.63665 51.6564 16.5154 36.0981 66.1978 69.459 55.0563 39.2189 74.2406 43.549 1.3014 5.60921 10.9344 7.2598 34.0285 8.03329 5.20055 32.8112 0 8.41476 2.39111 9.1899 10.3127 0.026596 2.8201 
12.4272 44.2987 0.806637 14.4337 15.7486 1.65183 8.4805 47.5294 100.569 12.935 65.4666 113.948 91.041 0.0124402 12.4014 11.904 15.8808 13.2036 14.3302 3.88257 39.6078 4.64079 0 4.45513 22.878 0.152308 11.6961 1.16266 
35.6906 59.2386 3.53792 1.26985 32.4045 15.3861 34.6345 36.3183 99.4796 30.2302 66.9901 8.61011 42.6859 9.7743 24.4317 2.7859 4.57494 10.0986 1.35303 1.59238 47.6688 3.12063 2.13991 0 2.92372 14.4805 1.2482 1.87684 
77.1626 85.2401 3.48557 119.292 67.5715 92.1011 24.6834 0.0204018 119.827 1.02556 132.586 906.695 46.1362 5.66341 4.83883 14.7131 101.137 28.1165 5.27725 2.92768 30.9277 85.7379 28.3448 63.0888 0 90.5146 22.7519 53.3858 
74.4887 65.749 27.1282 44.5879 4.11797 24.5725 0.239424 228.284 124.084 62.0376 114.071 0.502448 2.65693 12.9623 10.4418 0.361524 27.0874 11.723 0.392481 0.105672 0.565003 2.78049 0.0185667 12.2254 37.9962 0 8.43242 0.286908 
47.3637 19.4938 19.3253 24.9639 16.4542 1.01096 10.1925 84.6949 6.0013 12.4515 81.3439 40.3287 39.1848 6.12098 14.6624 16.5233 21.4591 43.6692 23.9074 7.27691 44.2582 5.52511 10.0689 15.9429 33.4876 23.4374 0 60.4952 
14.104 18.741 18.9665 30.699 50.8772 3.86377 59.6985 93.3783 35.812 48.0299 106.611 9.75012 38.2433 11.8729 20.8688 4.31317 19.2373 1.9593 12.1439 3.88313 41.4527 9.04395 8.02554 10.9568 12.248 35.4179 74.6183 0 
