0 324.269 104.876 206.804 244.761 149.632 116.982 62.1583 273.743 91.7197 123.905 3.50529 109.234 39.238 70.1162 27.9091 70.9083 97.9452 85.4345 70.0657 57.5575 22.9323 12.0576 15.1522 58.5295 50.407 5.34318 0.584446 
575.543 0 351.93 248.289 521.939 137.095 53.3063 232.747 60.8363 12.7955 265.612 212.218 146.873 44.5853 9.02497 64.3844 79.0724 133.321 38.2052 4.92606 22.5647 6.29081 32.2927 2.72567 51.7878 11.879 40.5042 8.316 
122.3 37.3577 0 13.2187 188.449 1.02848 64.0332 45.5323 200.299 94.4479 234.785 3.51792 3.49331 6.84076 13.3541 23.3849 40.9969 17.7351 0.278097 25.809 12.7527 6.12194 3.11974 15.4911 1.38351 2.40003 13.364 10.9932 
133.386 250.965 123.164 0 56.6538 30.2636 201.176 923.632 48.2093 5.28889 65.5191 206.108 66.0119 14.9276 39.1991 30.5867 65.2391 83.4364 62.5536 4.44849 594 7.4694 3.6443 23.6673 22.5282 37.6217 19.0524 31.6542 
250.453 488.063 123.679 152.502 0 302.969 340.752 204.655 102.877 319.034 260.024 176.415 159.686 65.6196 49.5914 45.0796 90.7625 187.002 202.235 65.8871 7.99077 56.8147 18.6675 2.84434 67.4773 56.6562 39.1908 35.4318 
153.312 259.152 57.1161 22.9248 241.514 0 875.106 214.74 485.401 245.644 263.282 5.0732 587.648 3.53899 5.02501 3.66379 48.7776 20.915 2.45334 12.8754 73.2273 4.26593 7.18047 1.53793 49.3851 21.7514 0.183723 9.66539 
71.2463 487.509 67.8606 67.3006 432.952 690.121 0 50.6426 95.5515 33.49 2.94393 44.4439 91.6636 2.75286 141.312 7.94485 107.848 62.8659 121.86 94.2525 20.0886 20.2493 4.14985 71.1851 36.8333 12.5877 60.5388 51.4582 
0.00143336 104.893 89.4131 452.575 188.098 91.0164 349.874 0 192.355 106.316 121.365 121.888 17.2319 57.2611 185.042 4.46592 19.5299 39.7397 63.1717 117.402 124.944 1.40157 61.0433 108.711 116.996 36.9342 11.2766 17.3301 
137.472 411.553 253.547 200.816 159.213 484.329 1104.67 202.774 0 372.384 1083.43 129.508 205.086 25.565 8.15638 45.3221 78.9199 41.864 85.6658 61.682 140.396 60.8307 0.395531 14.6765 22.1016 117.348 68.0079 10.2614 
4.34374 241.704 29.041 68.531 294.066 478.556 138.696 111.016 13.6078 0 132.346 58.6661 5.58879 67.4449 59.9806 0.799901 0 1.36818 111.639 24.3087 5.77053 52.5329 33.6171 19.9243 47.9989 74.5299 2.23757 11.4736 
1.56888 20.9631 205.663 117.093 85.0085 0.725516 441.02 32.3429 859.782 62.956 0 1.42026 66.1249 51.2791 208.379 181.841 45.315 115.085 125.766 2.81913 0.793718 46.2249 0.00866257 1.18107 145.664 43.609 21.7614 104.153 
64.9912 220.632 113.957 193.79 86.126 122.746 158.878 820.31 367.904 245.064 360.851 0 148.768 89.1551 102.876 490.367 38.4509 150.859 41.4611 9.54491 35.7011 60.9242 35.2834 94.4847 339.601 56.4892 21.9892 54.8467 
15.0296 130.378 33.5604 2.95049 6.09304 141.069 11.0755 142.263 58.0699 33.9335 1.9732 111.287 0 150.147 101.984 80.4296 52.1536 17.2526 28.7536 19.6101 0.0464312 46.9584 45.7709 63.7457 39.9572 7.35843 38.924 17.5026 
51.1119 21.7047 2.32058 23.0439 27.4871 19.4374 71.0458 125.591 63.5706 79.8615 84.826 57.8712 90.0525 0 4.84547 18.2698 9.65491 17.1205 1.525 0.532475 1.42041 4.66618 4.22517 1.1313 4.43206 9.6669 4.59146 4.45167 
0.310681 20.6601 8.5508 0.258935 54.5562 8.49643 90.0234 20.3462 217.606 82.8491 285.12 273.767 108.623 53.7556 0 54.2972 0.535408 32.2385 0.593754 0.019893 35.4387 11.325 23.2355 25.0864 6.43345 16.037 1.87942 17.6479 
75.8326 77.3168 0.698764 1.15571 36.1381 26.8154 0.297311 13.7018 121.981 31.0546 193.195 212.606 52.6382 12.9413 64.8863 0 18.4018 17.5163 3.47773 3.4116 15.2507 0.0497698 0.490919 4.65473 29.447 25.7802 17.6399 22.5587 
128.022 162.711 34.7765 52.9321 151.32 75.2525 5.87978 69.1282 86.8457 33.899 94.8039 33.6943 0.136151 21.453 26.7469 22.7411 0 29.3942 137.51 26.0072 66.5157 17.4296 18.7387 21.0123 49.6808 0.379879 18.5241 17.9558 
58.4432 388.841 28.2612 0.556198 7.15331 3.34764 202.188 180.176 186.736 113.152 102.166 147.967 43.8523 5.54914 42.8487 60.6551 12.0765 0 45.2505 17.0926 74.6952 4.01102 42.8166 12.9463 29.3324 61.7926 7.19487 32.2095 
83.206 145.617 53.9707 60.8187 75.8868 84.0322 85.6173 114.816 144.823 88.4746 129.057 43.4398 63.2867 16.7044 31.91 25.8134 192.819 148.793 0 11.1676 27.9633 0.218473 0.249238 14.7827 30.6985 20.263 6.8915 20.1063 
14.0642 133.983 27.1716 16.0371 67.4456 7.82925 64.8369 11.0193 34.6699 32.4506 0.70591 32.1292 18.0481 0.600518 0.30737 9.61231 0.709825 1.35643 1.6241 0 226.246 5.32437 3.00396 0.723961 0.023751 1.30804 2.18539 8.78142 
79.9893 28.8205 61.3322 85.181 131.679 43.8071 144.079 206.079 129.412 0.0877734 0.174759 134.879 37.9101 39.9168 53.68 48.1137 33.9367 20.1295 8.63687 331.08 0 26.7479 26.5123 43.5291 39.1147 11.8648 44.1958 2.70475 
11.6924 10.1223 0.0361835 0.557044 5.67853 19.7997 54.3727 5.44361 0.294611 46.8035 76.6871 27.8544 56.8522 10.8806 0.958257 11.7805 6.72926 20.1495 0.00182225 5.20738 32.464 0 15.2151 2.87423 16.9203 3.30902 6.21259 0.162541 
33.8148 34.6669 3.92916 4.64955 53.8241 0.598342 20.3052 93.9279 10.565 8.83846 34.138 91.4031 3.14823 6.53709 24.3987 11.8602 17.5248 44.5998 0.229602 3.26207 20.231 0.164845 0 7.4437 0.99083 4.00816 13.067 5.755 
57.8276 11.7331 3.34134 8.54599 34.2117 9.49775 30.8345 4.76412 42.5343 57.3233 27.4987 105.428 21.6346 0.149057 13.1483 0.94294 1.29977 14.6628 4.88477 6.02776 0.938967 2.16939 20.5534 0 42.2559 5.22645 4.86457 3.83525 
24.9324 23.6299 10.6083 38.0965 17.6567 41.4089 7.23184 4.57172 141.653 22.0255 136.596 885.658 5.60208 9.87097 0.446227 0.377766 49.127 26.1833 29.286 12.5946 54.0692 88.6468 9.41031 18.4375 0 54.9305 103.282 116.55 
54.4371 83.5127 7.7287 38.9621 36.6388 2.96869 97.3613 216.821 117.269 16.8624 64.3679 397.283 6.88912 1.50148 12.9553 18.6874 17.7075 60.1659 28.7287 7.13135 16.3661 4.08776 2.44487 16.6388 2.05571 0 18.0904 43.462 
1.26291 6.6431 0.00184921 0.134267 0.052003 19.4395 55.2597 88.4411 79.5809 27.4356 18.6352 104.164 24.773 5.35902 0.223576 15.8224 22.2575 37.0658 24.1941 10.5085 32.8838 12.6155 13.487 16.9304 2.90218 26.432 0 77.0179 
60.9298 61.1666 22.1654 33.064 0.254158 22.5102 21.3682 11.4579 22.9853 14.3489 70.1416 172.609 17.7339 10.5433 6.2268 21.5692 17.0804 19.1373 22.61 2.01228 24.3145 10.5315 5.702 12.8323 40.7482 2.4584 0.24826 0 
