0 806.679 9.0272 483.732 99.0688 431.349 243.336 281.45 536.812 9.46011 0.607569 29.0069 107.268 2.61878 64.6733 62.7542 428.225 233.533 14.4501 239.392 81.5004 40.0231 30.7291 46.8004 448.99 71.6072 51.1673 34.2043 
1004.38 0 107.288 530.992 318.581 655.831 108.796 293.697 646.576 39.9976 0.547836 183.274 2.6935 56.5505 88.2303 66.1148 513.245 473.1 172.424 8.75863 130.502 28.7605 49.8173 45.6026 450.484 3.35148 0.0444853 64.5611 
17.3986 256.96 0 12.7953 69.3375 25.6692 11.8449 47.3609 4.58951 1.29053 234.251 5.9713 34.9487 10.2043 0.548985 24.4995 0.376354 48.7762 52.1556 27.2366 113.106 0.757634 0.990777 14.87 17.8468 25.4709 6.62322 17.8714 
749.747 533.824 210.213 0 7.69578 473.888 48.2966 466.69 743.574 5.3833 122.723 193.593 58.2158 2.52108 10.4877 5.45086 457.046 3.48758 28.9864 6.82934 218.601 0.0865406 11.5174 2.15592 457.564 17.4003 0.399244 32.2197 
109.272 496.574 173.348 31.9919 0 436.251 208.864 167.893 354.788 58.3644 6.83164 53.351 156.477 68.3342 33.5037 33.0877 84.6044 70.2013 58.2573 54.0937 22.5949 0.874414 54.4588 56.3286 19.5971 70.7327 9.55499 11.6922 
430.226 501.587 65.0622 457.772 526.026 0 424.376 69.4126 437.291 684.436 20.1555 22.2245 583.658 11.7811 41.5404 12.6554 427.961 30.352 90.2787 0.368021 69.3527 14.9617 7.62095 5.13392 450.998 0.154413 16.462 22.8562 
209.091 395.975 231.681 194.77 53.2317 708.035 0 410.275 52.3117 449.363 408.667 253.639 21.6909 50.1498 55.5103 5.1359 79.9959 137.278 141.923 2.62437 120.065 9.50235 0.42183 70.31 6.22924 99.372 0.154437 19.0905 
159.697 11.8007 15.5822 66.658 216.047 213.515 0.508771 0 490.552 220.068 178.138 708.248 94.8054 37.1615 181.743 57.1669 30.1399 77.8763 44.8627 13.6301 44.5784 67.0763 11.9031 40.5997 104.514 15.6747 23.3019 83.5202 
463.192 578.807 463.987 447.396 33.9176 438.259 1299.88 500.444 0 202.805 1006.06 375.033 202.311 151.435 239.212 141.451 450.942 119.393 27.9566 8.77589 12.789 5.04237 87.2325 23.2882 527.912 136.515 0.00137956 29.632 
79.0987 237.308 109.643 68.323 98.8299 288.867 408.53 6.07033 320.314 0 20.6705 244.823 308.103 19.7196 110.974 36.1545 2.51139 146.334 120.578 28.0669 19.4174 37.078 1.39796 0.209418 1.27354 8.05602 43.1078 40.6322 
117.48 240.302 204.5 60.236 117.817 273.372 177.109 287.639 735.061 0.46269 0 115.777 241.324 38.4439 7.23179 224.787 78.1293 6.15707 79.9865 14.9186 2.01258 0.00697357 21.8584 0.733481 145.592 80.6855 4.47183 15.5264 
172.139 221.124 55.7485 206.291 23.3301 158.186 281.711 1004.03 342.041 57.4603 507.64 0 7.15976 33.2853 6.49791 448.874 40.5591 150.268 9.04927 48.5401 44.3911 56.1079 44.2769 0.786513 304.94 224.661 107.871 27.2674 
27.468 15.9868 71.6745 0.183285 8.05947 125.383 197.398 128.336 73.7359 264.917 110.772 1.80131 0 156.379 115.981 78.1215 11.6665 7.98719 34.4924 25.4938 68.2554 20.3977 49.9507 0.527573 54.5121 0.695747 20.6589 18.2338 
14.3161 34.6221 14.1547 17.6361 21.2582 8.70623 96.0953 119.088 135.941 38.2614 69.6711 12.119 58.9273 0 38.6613 17.9657 0.0770497 28.7199 26.1945 4.79833 40.7166 10.1273 3.50682 8.47068 11.1877 10.2447 5.99999 8.45704 
0.765113 76.8113 26.3257 22.999 28.8217 41.792 0.651558 42.2514 131.368 16.148 1.4756 208.912 89.126 0.00102522 0 72.1736 26.9243 67.596 16.8479 10.9238 50.3762 3.40178 16.229 0.945142 3.48756 12.8687 16.5471 21.4172 
0.866043 6.07532 0.961249 37.438 48.0477 8.31597 19.7264 37.1917 3.72742 88.8705 123.951 115.887 57.324 12.3455 1.26282 0 22.9797 10.05 25.9658 8.80817 30.1299 0.222114 0.0051752 7.78791 34.6476 10.1981 18.0777 10.0584 
495.209 578.399 44.9283 472.433 152.711 441.443 39.76 80.7292 524.468 20.3469 15.449 45.3923 64.633 17.1851 15.6743 18.7285 0 284.746 188.395 0.0184414 0.145965 17.8424 19.1245 19.3065 449.413 17.2224 21.7144 20.9878 
235.659 440.158 5.62374 112.823 217.28 0.619194 11.6573 14.3152 112.276 51.416 169.857 148.93 0.00291392 42.3184 3.6505 27.1673 236.067 0 14.5726 40.1667 100.375 0.393623 24.5262 47.9034 31.1131 8.18025 20.1035 0.00200011 
16.1285 1.24692 0.0372904 37.0014 0.129852 0.314368 58.2031 107.576 0.180554 122.317 96.1353 98.3182 68.2975 11.3021 32.1603 3.61274 215.701 146.449 0 32.6903 40.0542 7.13893 11.1829 23.6973 11.7834 19.2893 6.92118 7.60725 
177.389 86.1239 20.9899 44.9716 52.4036 2.6267 11.5349 117.31 102.717 36.1288 2.09555 2.06278 27.0311 2.71779 11.7258 5.51606 29.2256 67.8984 6.67771 0 279.526 5.57012 0.243572 6.25895 12.6234 3.24932 0.000174625 7.69615 
105.769 138.234 63.7133 51.6212 125.192 36.4123 75.0714 188.524 104.965 44.2867 7.33864 121.471 15.5743 1.91443 3.29506 33.2967 48.7759 4.11965 60.7689 311.651 0 24.5552 0.00260781 3.99147 0.465221 0.459557 31.2597 40.7459 
34.8318 51.3463 8.52042 5.64846 48.7482 17.9373 41.4469 64.4741 68.1101 58.4062 46.2606 76.0043 29.3209 2.41688 7.50564 11.513 6.2229 35.912 9.55207 4.92641 32.8118 0 11.3058 1.08131 10.2274 9.93762 0.00492006 3.3962 
9.27553 48.1388 1.52975 12.7076 20.2155 0.775103 4.08878 35.0836 102.243 19.3671 86.9202 99.7695 89.5055 1.48842 18.5842 12.4739 15.0497 10.5075 15.7935 3.74386 38.8394 2.1434 0 0.0189658 20.9686 0.000405033 12.4843 0.668931 
40.8491 56.5088 5.01392 2.95909 36.9257 14.0011 27.1867 57.8181 100.068 23.325 47.4029 0.00732362 33.3473 10.3956 19.0929 0.0693794 5.59737 13.012 2.15773 1.20158 46.795 1.6213 11.498 0 7.49922 12.5521 2.60321 2.98334 
427.877 432.184 6.07136 470.986 67.2323 440.355 34.9548 9.17839 488.487 3.96983 142.759 286.719 41.9335 7.79492 1.91379 36.3816 451.305 32.7583 3.78816 3.90748 36.1694 19.4459 30.7835 66.788 0 97.2345 35.68 108.418 
68.8833 57.4156 27.5217 43.9908 7.87107 26.3972 3.35426 194.786 136.474 69.0457 140.087 64.2123 0.86057 12.4575 15.9492 4.01349 26.628 16.0563 0.0494864 0.000214374 1.12688e-05 3.49541 0.255336 14.221 33.5479 0 14.6668 9.7525 
49.0813 23.2047 19.3737 23.4162 19.4222 0.471201 6.94332 76.1631 10.0274 15.7757 77.0898 26.5248 39.3039 5.22681 13.0166 15.0701 21.8494 44.376 24.1885 6.6425 43.9624 4.70735 11.1341 14.0483 26.2272 16.6505 0 25.423 
18.8862 23.9017 20.3482 28.4915 53.2664 5.49995 53.7593 74.0833 46.4014 43.6725 100.481 30.5172 35.6815 11.9659 22.303 7.13657 20.2845 3.49265 10.5512 4.66791 38.315 8.57625 8.68569 12.1447 11.9251 54.2725 92.4675 0 
