0 573.713 37.0646 40.463 59.6615 49.5252 262.138 302.669 184.147 19.052 0.44235 49.8319 108.857 4.39234 60.9548 56.0704 38.2146 236.453 22.414 147.536 118.634 40.2884 28.0429 43.4586 54.1355 66.8924 51.2133 30.2188 
578.777 0 313.994 72.3072 457.011 275.197 15.6922 284.166 337.396 71.6039 2.1663 200.664 0.225898 60.8525 92.7426 59.5059 106.394 1013.4 169.593 1.47985 112.57 31.474 52.0577 41.8276 66.3347 6.64507 0.349993 63.9017 
51.2571 62.7604 0 61.5235 103.216 14.4033 49.1949 11.5547 99.5201 0.119841 241.043 0.156814 41.4726 8.61397 0.000849523 24.8562 1.6501 73.4637 47.2916 26.0587 100.675 1.09171 1.54976 14.2447 20.2595 23.7343 7.71161 16.5203 
382.41 74.2024 128.924 0 0.913949 74.5881 81.8685 1300.42 368.522 12.0201 92.1821 231.354 53.3359 1.43761 14.2828 9.75264 62.7439 11.3943 23.5696 2.73156 200.336 0.241693 10.1325 1.05009 63.499 12.3017 0.089664 31.1617 
68.5823 530.706 186.36 52.4497 0 401.151 106.755 187.968 349.014 120.823 0.241342 39.0956 168.09 69.7248 42.308 27.2841 101.889 43.4586 119.169 63.2806 30.9861 1.88366 55.5367 55.8586 23.7091 70.3819 7.81488 14.3423 
38.1391 162.638 66.6217 58.5437 1056.4 0 326.058 38.7961 61.7446 459.723 1.11749 37.2979 419.159 9.58054 41.7413 9.9211 39.0857 19.0847 87.4713 1.07541 65.3529 13.6378 6.37452 3.9805 59.3953 0.00614234 17.2644 22.933 
240.266 500.704 249.425 203.139 5.26197 111.242 0 392.792 753.25 308.931 473.661 223.888 6.90599 39.7515 75.6076 1.36548 71.6648 166.919 151.176 6.57017 128.589 6.77566 1.77817 68.3099 10.9276 99.0219 0.00271718 23.8623 
209.024 34.6557 0.0983087 123.047 204.754 202.214 23.6993 0 297.004 209.072 241.319 1014.3 106.442 50.7897 185.102 17.7788 24.4268 94.4886 53.5036 22.0451 64.7503 66.3658 18.5733 26.2143 74.7358 1.05691 30.3127 68.9044 
52.3006 114.433 357.35 111.333 6.36688 60.2942 722.736 308.351 0 283.982 758.401 326.414 193.794 150.388 188.078 129.035 68.2431 95.1099 17.1075 14.8303 5.05097 3.12147 93.2587 31.1155 126.68 141.453 0.355165 37.1538 
62.3032 221.207 113.86 56.1602 168.22 80.0804 500.063 18.6355 246.3 0 153.988 246.069 331.518 11.7157 91.766 47.5512 0.816951 146.115 123.197 23.7866 14.3239 32.2035 3.47232 1.24806 0.155471 13.2286 44.5744 36.8505 
97.4591 214.756 230.882 89.7081 152.179 264.538 74.2016 334.764 502.837 79.346 0 229.888 220.825 74.0697 16.398 227.745 82.4588 1.8567 69.3849 10.4083 5.64666 0.452873 34.9658 0.186824 141.741 58.1144 2.24274 9.38143 
194.163 223.353 82.893 161.387 35.3582 153.303 284.102 673.55 384.691 88.8493 513.846 0 2.4015 55.1585 37.5975 271.073 45.521 151.736 5.67835 56.509 58.2388 60.3322 31.0213 9.68788 262.543 97.3533 99.9638 11.8521 
20.667 25.85 69.1565 0.0604774 1.74061 65.5185 175.574 119.092 97.2912 316.361 75.6133 6.107 0 148.316 107.557 82.1625 14.6611 4.58287 28.2143 27.9379 70.8368 12.1663 37.7519 0.0105853 55.4668 0.0947239 18.8267 20.695 
17.6222 40.2665 15.1974 15.8868 16.3995 10.8948 96.8654 124.263 125.75 28.1781 109.781 28.0486 94.3727 0 12.3525 19.309 0.00341038 25.5284 26.784 4.79382 42.081 10.5981 6.59124 6.89011 9.63155 11.2597 5.33776 7.63979 
2.36454 83.7826 29.5041 18.9149 37.3859 40.772 0.785555 21.2829 167.841 33.5274 60.5761 252.367 103.25 11.8119 0 31.7342 27.8232 65.9538 14.3278 10.5161 52.7346 2.33063 20.4319 3.41414 6.03281 16.9994 15.4999 20.1472 
3.13133 2.769 0.187018 40.6578 53.5756 10.9687 11.6562 6.96252 12.3043 91.48 79.5174 3.03839 47.9772 16.2031 28.1846 0 22.0807 7.26871 24.6111 8.38647 25.5046 0.0437883 0.387487 2.13871 31.624 16.1659 18.5596 12.4799 
96.5904 183.941 40.6846 86.3152 147.478 47.747 48.5965 85.5068 128.427 25.9705 20.027 50.3347 64.2058 16.302 14.1068 17.5257 0 283.326 284.534 0.260453 0.00548989 18.425 19.0335 18.7928 58.6132 18.48 21.4082 21.6451 
226.718 419.894 0.143466 126.991 230.351 4.20139 28.7571 6.66981 136.345 38.6458 166.15 144.892 0.577086 39.6122 6.05913 31.1746 181.858 0 26.0063 48.1971 92.8026 0.825751 22.2593 47.2668 27.6751 10.9613 22.0067 0.161024 
24.4063 0.328878 0.353708 31.5361 17.8181 0.555556 41.0288 111.681 2.77061 118.329 86.3656 99.8175 62.7825 12.8846 33.9504 2.54009 221.638 149.988 0 31.0062 35.7988 8.22461 12.3203 23.4022 10.2868 17.664 6.09126 6.5555 
122.757 105.788 17.9686 40.643 61.6644 4.10548 6.12831 115.454 98.2812 31.9281 0.58399 0.392803 29.4249 2.96958 11.5832 6.17219 27.6024 74.1732 4.84412 0 332.181 5.7302 0.158718 6.15488 12.1076 2.5665 0.0255885 7.12013 
143.521 121.079 46.745 107.308 119.833 30.4372 62.6411 199.741 123.085 37.5977 13.2858 107.436 19.0474 3.06147 5.22831 37.9142 45.2772 8.03578 57.4488 213.878 0 25.6014 0.136264 2.59272 0.0326708 0.0141742 29.3638 42.9111 
36.0514 50.7358 9.1101 6.42886 46.264 18.8145 45.2189 62.7287 66.5679 60.0432 51.3438 76.5733 19.7653 3.39484 8.95572 11.7919 5.48588 37.1762 10.7099 4.71081 32.7037 0 13.0936 0.4232 10.8907 9.59707 0.0588809 3.8405 
7.17105 50.613 2.18966 11.3538 23.6784 0.329915 1.81444 26.4647 101.445 24.5588 101.559 86.9633 84.6499 4.28276 22.2667 12.1836 14.391 8.65217 16.83 3.62274 38.0466 0.835074 0 3.28563 18.7104 0.0646763 12.9318 0.385836 
44.404 53.9442 6.19197 4.59681 40.1269 12.845 21.902 74.6693 98.6875 18.4289 33.8368 5.41373 26.4786 10.1215 14.3831 2.84285 6.39585 15.3162 2.86059 0.939967 45.7864 0.793321 18.3304 0 14.6643 10.8765 3.86686 3.92088 
38.8178 40.1571 8.30872 80.4303 66.3114 48.4054 42.9968 25.8903 111.841 7.29359 145.878 939.432 38.5097 9.40342 0.572906 53.8295 60.6346 36.1552 2.82446 4.68671 39.9434 71.2717 31.1315 44.1883 0 69.9174 65.4668 118.445 
63.6335 50.7004 27.1247 42.044 11.3151 27.2846 7.86639 155.746 141.434 72.8582 154.465 183.288 0.161513 11.7848 20.0261 8.78811 26.1454 19.5421 0.00600977 0.0463887 0.316333 4.0516 0.59979 15.3749 29.2944 0 19.6873 23.3222 
50.0413 26.0069 19.2555 22.0854 21.6742 0.2006 4.89279 69.0653 13.564 18.3624 73.1988 17.6905 39.1913 4.57054 11.7308 13.831 22.0757 44.714 24.3132 6.16192 43.5252 4.11989 11.8197 12.4788 22.1335 11.7721 0 6.27873 
22.6686 27.8876 21.1427 26.4777 54.6808 6.83518 48.9428 59.3517 54.37 40.0883 94.248 51.5017 33.5927 11.8858 22.9918 9.46626 20.9984 4.88764 9.39765 5.26369 35.8081 8.19902 9.10721 12.8929 11.5074 62.2942 88.6928 0 
