0 931.672 56.2548 360.504 42.9219 375.007 266.631 307.371 522.245 24.8047 1.88526 61.5353 109.189 5.41505 58.8919 52.5648 358.75 234.406 26.81 129.314 137.219 40.3561 26.6979 41.7088 371.915 64.2521 51.1292 28.2585 
835.076 0 403.179 370.825 502.585 591.527 0.381611 274.978 691.976 89.1008 6.50796 207.596 0.00993898 62.7401 94.3647 56.0457 418.176 1144.95 166.161 0.121105 103.32 32.7856 53.0202 39.8975 389.284 8.63429 0.605424 63.3943 
72.3315 10.4148 0 154.266 119.704 9.73323 74.5283 2.61478 178.793 1.15263 237.877 0.379448 44.6346 7.82564 0.103262 24.8077 2.59431 86.0379 44.6463 25.2162 93.5192 1.27591 1.86335 13.8785 21.3754 22.7204 8.25702 15.8125 
686.254 372.03 69.8439 0 0.0028462 389.855 99.5534 621.242 681.551 16.1148 77.3305 244.761 50.7774 1.00948 16.2435 12.1866 380.635 16.7904 20.9858 1.36139 196.39 0.346002 9.44737 0.645905 381.403 9.99578 0.0183943 30.4976 
50.8622 512.7 188.403 63.4978 0 325.076 64.9885 196.466 337.995 155.314 0.310024 32.6799 172.297 70.1 46.7213 24.5175 109.954 32.1466 152.211 67.5872 35.4436 2.51437 55.908 55.4763 25.7964 69.9476 7.01214 15.7099 
358.835 507.888 65.7099 374.351 1071.05 0 809.081 26.3111 431.892 875.917 0.430033 45.686 327.793 8.51468 41.3285 8.6277 359.919 14.337 84.9082 1.55169 63.1418 12.9614 5.77635 3.45244 378.513 0.0960463 17.629 22.8981 
251.747 523.296 247.8 202.574 0.0545983 87.019 0 372.129 1123.18 227.289 486.021 206.637 2.58947 34.7618 85.4519 0.388549 67.3931 180.322 154.281 9.10783 132.172 5.5852 2.77745 67.0375 13.6484 98.1209 0.0733423 26.3089 
231.422 49.6588 2.21463 243.126 197.431 192.765 46.834 0 202.002 201.324 270.497 1017.82 111.843 57.7626 183.626 6.17992 21.7688 102.638 57.8001 26.7429 75.4246 65.8616 22.2687 20.035 60.7052 0.187398 33.9499 61.6608 
365.336 405.09 275.34 466.719 0.748876 429.456 315.922 212.56 0 318.428 520.536 295.904 187.765 148.09 132.671 121.55 392.022 83.3699 12.6361 18.2862 2.51459 2.33853 95.706 35.1913 440.729 142.454 0.75644 40.9797 
54.2775 209.603 114.348 50.0918 202.983 27.2923 508.34 27.076 205.288 0 249.433 243.158 328.289 8.42678 81.1384 53.1553 0.321806 145.049 123.404 21.7153 12.0586 29.7851 4.80871 2.06922 0.00103634 16.1369 45.1988 34.9288 
87.5695 199.915 238.076 104.76 168.655 251.739 37.1929 351.93 340.235 159.391 0 289.978 207.787 93.6611 52.4182 222.772 84.3968 0.654159 64.1099 8.45026 8.07455 0.924647 42.1315 1.13263 138.459 47.6201 1.42028 6.87811 
203.332 222.365 96.7511 137.207 41.953 149.26 280.977 438.704 396.894 105.416 495.994 0 0.982641 66.9523 60.671 168.726 47.9548 151.804 4.29293 60.3554 65.3736 62.2768 25.0928 17.4614 279.483 47.8452 95.5384 6.45717 
17.5986 31.3732 67.5368 0.332623 0.319399 37.091 162.804 114.069 109.05 328.724 59.7282 9.11466 0 138.849 101.76 83.3862 16.2206 3.24074 25.2455 29.1089 71.9721 8.78379 31.9125 0.260466 55.7496 0.0023512 17.9282 21.9139 
19.3117 43.0055 15.6194 14.9797 14.1734 11.9766 96.4205 125.666 119.385 23.4946 129.686 37.7811 111.009 0 3.58401 19.2313 0.00243429 23.9643 27.0098 4.78159 42.6618 10.7524 7.9166 6.0257 8.84505 11.6869 5.01349 7.22438 
3.46004 86.7405 30.8035 16.9105 41.7455 39.7782 2.93716 13.2833 183.54 43.5968 115.232 265.67 108.803 24.0025 0 13.8052 28.2146 64.9271 13.1193 10.2904 53.7527 1.86751 22.1278 5.10541 7.47557 19.0067 14.948 19.4271 
4.73636 1.60124 0.0258916 41.7611 56.1522 12.3196 8.37371 0.774276 18.1652 91.7256 59.2395 8.46287 43.2418 17.6379 48.7463 0 21.6056 6.04596 23.8978 8.15384 23.2744 0.00639943 0.788831 0.585897 29.7075 19.1631 18.7163 13.6582 
412.256 500.392 38.4362 408.018 143.521 366.107 53.0148 87.6428 445.162 28.8735 22.4352 52.7363 63.8407 15.851 13.3395 16.9178 0 273.141 354.137 0.481149 0.0889052 18.6942 18.9657 18.5187 378.174 19.082 21.2389 21.9457 
219.072 342.476 0.367929 132.71 233.883 7.08237 39.5267 3.93642 147.761 32.7992 163.438 142.306 1.2215 38.2137 7.44226 33.1453 152.008 0 32.5695 52.1045 88.8222 1.09473 21.1452 46.861 25.994 12.4438 22.9436 0.331909 
28.9312 1.96545 0.960489 28.8387 36.6216 1.91356 33.3007 113.262 5.14438 115.355 81.3284 100.251 59.8952 13.6674 34.7361 2.07624 219.369 150.353 0 30.088 33.7076 8.77277 12.8769 23.2185 9.56996 16.8544 5.69653 6.05827 
94.2618 114.426 16.3856 37.9786 66.0309 4.92731 4.05509 113.697 95.5442 29.8267 0.182091 0.0516061 30.5637 3.09106 11.4823 6.48591 26.7393 76.8936 4.03505 0 323.063 5.80319 0.123418 6.09044 11.8255 2.25265 0.0538029 6.83131 
161.531 112.069 38.7825 94.6702 116.697 27.5659 56.6148 203.567 131.602 34.387 16.7831 100.24 20.8399 3.7156 6.32392 40.1372 43.5067 10.399 55.709 151.299 0 26.0968 0.275733 2.00985 0.00434444 0.0242898 28.409 43.8998 
36.6017 50.3322 9.38945 6.81948 44.9521 19.1844 46.9913 61.7326 65.6479 60.5684 53.7691 76.6192 15.5686 3.90901 9.66866 11.8798 5.13491 37.7533 11.2856 4.60141 32.617 0 13.8055 0.208232 11.1829 9.41152 0.107069 4.06312 
6.21885 51.6992 2.5478 10.6747 25.4091 0.178686 1.02396 22.5189 100.423 27.1865 108.062 80.1786 81.2105 5.81848 23.6067 11.8245 14.0554 7.79128 17.321 3.55787 37.5899 0.4038 0 6.53004 17.3936 0.150996 13.1059 0.274111 
46.0436 52.5305 6.78731 5.50489 41.6373 12.2449 19.4219 82.8939 97.4543 16.1408 27.7096 11.6169 23.212 9.76397 12.0208 5.50785 6.79913 16.4853 3.23707 0.821209 45.1827 0.48828 20.2709 0 18.9189 10.0035 4.55574 4.41097 
359.596 359.446 9.48339 399.795 65.6552 367.455 46.9969 36.6976 438.259 9.24998 145.961 415.682 36.7521 10.1821 0.198059 35.5017 380.252 37.7961 2.39777 5.08233 41.7422 91.2912 30.8459 29.9775 0 35.9008 89.2388 128.503 
60.7674 47.2967 26.7192 40.6531 13.1908 27.5654 10.7129 134.05 142.447 74.2477 159.602 247.874 0.0203617 11.3704 21.9268 11.566 25.8653 21.3225 0.0505612 0.10764 0.699357 4.33097 0.818561 15.8205 27.0143 0 22.1579 30.9708 
50.4117 27.3902 19.1499 21.3813 22.7908 0.109022 4.00564 65.3953 15.456 19.6608 71.0804 13.896 39.0737 4.25307 11.086 13.1816 22.1669 44.8214 24.3481 5.92374 43.2437 3.8388 12.1193 11.6724 20.5233 9.54206 0 1.37059 
24.58 29.8754 21.4557 25.3881 55.2589 7.52188 46.4795 52.2172 58.2541 38.2403 90.7226 62.9992 32.5153 11.8004 23.2061 10.6493 21.3283 5.64923 8.8421 5.55872 34.5295 8.00507 9.29092 13.2133 11.3304 63.5982 81.6085 0 
