0 942.646 56.9902 371.055 42.3642 385.431 266.731 307.465 533.093 25.0215 1.95521 61.9685 109.196 5.45337 58.8155 52.4375 368.987 234.291 26.9721 129.072 137.879 40.3577 26.6496 41.6451 382.05 64.1543 51.1249 28.1886 
842.56 0 405.846 380.454 503.85 601.508 0.247626 274.598 703.331 89.7423 6.70517 207.822 0.0144631 62.8045 94.4151 55.9199 428.097 1128.25 166.014 0.100443 102.986 32.832 53.0528 39.8279 399.602 8.70966 0.615817 63.3739 
73.1204 9.33344 0 157.763 120.281 9.58016 75.4941 2.41151 181.84 1.2089 237.685 0.42525 44.7466 7.79755 0.111461 24.8032 2.63176 86.4869 44.5492 25.1831 93.2531 1.28272 1.87499 13.8648 21.4143 22.6824 8.27659 15.7867 
695.57 381.634 66.6033 0 0.000444262 399.897 100.189 477.798 691.342 16.2701 76.8082 245.167 50.6844 0.995513 16.3143 12.2767 390.772 17.0001 20.8949 1.3209 100.713 0.350068 9.42291 0.633228 391.54 9.91647 0.0168402 30.4722 
50.2657 511.644 188.421 63.9006 0 322.578 63.6493 196.751 337.507 156.564 0.353057 32.4585 172.428 70.1096 46.8793 24.4201 110.234 31.7688 153.399 67.7376 35.6064 2.53853 55.9193 55.4608 25.8715 69.929 6.98416 15.7595 
369.093 518.982 65.6572 384.419 1103.02 0 699.047 25.9033 444.329 873.309 0.513973 45.9957 241.999 8.47699 41.3076 8.58238 370.163 14.1781 84.803 1.57021 63.06 12.9369 5.75525 3.43409 388.692 0.101231 17.6417 22.896 
252.104 523.698 247.614 202.496 0.10503 90.6494 0 371.258 1133.57 224.375 486.203 205.995 2.47316 34.586 85.7994 0.364609 67.2388 180.782 154.374 9.20534 132.292 5.54457 2.81706 66.9887 13.7502 98.08 0.0776328 26.3973 
232.188 50.2351 2.40978 246.703 197.149 192.384 47.7883 0 198.772 201.021 271.501 1015.93 112.032 58.0132 183.536 5.87305 21.676 102.927 57.9537 26.9168 75.8127 65.8418 22.4052 19.8268 60.2179 0.235289 34.0818 61.403 
375.342 414.366 272.242 478.268 0.649617 441.864 303.048 209.284 0 319.559 718.163 294.751 187.528 147.988 132.804 121.268 402.371 82.9558 12.4877 18.415 2.43996 2.31256 95.7867 35.3392 450.724 142.472 0.77351 41.1175 
53.9956 209.148 114.346 49.8755 204.203 26.5494 508.147 27.4029 203.802 0 253.017 243.011 327.992 8.31805 80.7499 53.3541 0.308297 145 123.398 21.642 11.9808 29.6987 4.86015 2.10225 0.000371036 16.2447 45.2199 34.8595 
87.2174 199.361 238.257 105.298 169.233 251.187 36.0825 352.46 333.184 162.608 0 292.112 207.29 94.3737 54.035 222.518 84.4635 0.622493 63.9214 8.38372 8.16882 0.944565 42.3944 1.18109 138.326 47.2562 1.39428 6.79535 
203.636 222.304 97.2469 136.333 42.1964 149.096 280.813 430.315 397.214 106.016 495.113 0 0.943387 67.3812 61.5703 165.221 48.0415 151.799 4.24691 60.4913 65.6315 62.3446 24.8896 17.7772 278.724 46.3463 95.3744 6.29331 
17.4927 31.5779 67.4745 0.346375 0.289629 36.3914 162.328 113.884 109.47 328.989 59.1841 9.23264 0 138.451 101.535 83.4203 16.2773 3.19699 25.1412 29.1502 72.011 8.67198 31.7075 0.275515 55.7574 0.00153732 17.8962 21.9575 
19.3727 43.1025 15.6333 14.9468 14.0961 12.0151 96.3947 125.702 119.143 23.332 130.386 38.1482 111.578 0 3.36014 19.2194 0.00283013 23.9087 27.017 4.78103 42.6814 10.757 7.9589 5.99424 8.81684 11.7012 5.00194 7.20941 
3.50281 86.8399 30.8463 16.8393 41.9024 39.737 3.03886 13.0295 184.064 43.9701 117.4 266.032 108.982 24.4776 0 13.2689 28.2279 64.8879 13.0766 10.2821 53.7873 1.8518 22.1827 5.17083 7.52909 19.0776 14.9279 19.4004 
4.79944 1.56528 0.0228601 41.7942 56.2423 12.3681 8.26557 0.667069 18.3929 91.7216 58.549 9.45019 43.072 17.682 49.4918 0 21.5882 6.00411 23.8718 8.14524 23.1954 0.00568248 0.80562 0.547964 29.6345 19.2689 18.7209 13.6999 
422.313 510.461 38.3542 418.288 143.364 376.263 53.173 87.7163 455.254 28.9785 22.523 52.8217 63.8258 15.8347 13.3121 16.8959 0 272.667 317.659 0.490266 0.0937382 18.7036 18.963 18.5086 388.369 19.1033 21.2326 21.9561 
218.762 339.458 0.411824 132.897 233.973 7.19827 39.9371 3.85176 148.161 32.5965 163.331 142.207 1.24888 38.163 7.49402 33.2156 150.927 0 32.8137 52.2431 88.6773 1.10503 21.1055 46.8454 25.9341 12.498 22.9771 0.339139 
29.0977 2.04912 0.987551 28.7427 37.4019 1.97683 33.0353 113.313 5.2422 115.237 81.1463 100.263 59.7903 13.6954 34.763 2.0605 219.162 150.349 0 30.0542 33.6331 8.79251 12.8968 23.2115 9.54464 16.8254 5.68258 6.04076 
93.2585 114.719 16.3283 37.8779 66.1838 4.95773 3.98855 113.624 95.44 29.7514 0.171938 0.0453247 30.6038 3.09537 11.4783 6.49699 26.7077 76.9859 4.00736 0 322.304 5.80573 0.122237 6.08798 11.8151 2.24171 0.0550003 6.82093 
162.16 111.742 38.5054 93.9733 116.579 27.4645 56.4015 203.682 131.9 34.2735 16.9146 99.9808 20.905 3.74002 6.36473 40.2158 43.4429 10.4886 55.6456 149.049 0 26.1143 0.281603 1.99035 0.00558441 0.0274451 28.3746 43.9341 
36.6207 50.3165 9.3993 6.83352 44.9043 19.1969 47.0535 61.6954 65.613 60.5837 53.8546 76.618 15.426 3.92767 9.69404 11.8823 5.12251 37.7734 11.3062 4.59746 32.6135 0 13.8286 0.201917 11.1929 9.40468 0.109052 4.07111 
6.18594 51.7363 2.56097 10.6504 25.4712 0.174123 0.999801 22.3822 100.379 27.281 108.284 79.9318 81.0758 5.87238 23.6478 11.8091 14.0433 7.76114 17.3383 3.55549 37.5728 0.391178 0 6.65872 17.3445 0.154734 13.1115 0.270458 
46.1007 52.4782 6.80871 5.53841 41.6903 12.2231 19.335 83.1848 97.4037 16.0609 27.4987 11.8792 23.0971 9.74863 11.9371 5.61594 6.81364 16.5274 3.25088 0.817099 45.1598 0.478692 20.3165 0 19.0762 9.97187 4.58109 4.42877 
369.839 369.636 9.52607 409.98 65.6293 377.633 47.1398 37.1107 448.697 9.32355 145.946 213.433 36.6885 10.2096 0.188245 34.6487 390.45 37.8542 2.38312 5.09658 41.8057 91.1148 30.8303 29.4906 0 36.1975 95.2063 125.205 
60.662 47.1744 26.7023 40.5985 13.2599 27.5735 10.8217 133.259 142.465 74.2911 159.76 250.127 0.0178034 11.3546 21.9929 11.6687 25.8548 21.3868 0.0529519 0.110292 0.715796 4.34101 0.826944 15.8348 26.9313 0 22.2454 31.2477 
50.4237 27.4396 19.1455 21.3556 22.8308 0.106261 3.97544 65.2624 15.5254 19.7074 71.0023 13.7679 39.0687 4.24183 11.0629 13.158 22.17 44.8245 24.349 5.91523 43.2328 3.82886 12.1296 11.6433 20.4704 9.46509 0 1.25989 
24.6487 29.9467 21.4659 25.3481 55.2781 7.54672 46.3905 51.9652 58.392 38.1733 90.5915 63.4198 32.4763 11.7968 23.2122 10.6918 21.3398 5.6773 8.82242 5.56928 34.4833 7.99805 9.29718 13.2241 11.3251 63.6102 81.2999 0 
