0 425.832 121.41 277.977 235.282 178.691 132.044 76.9697 299.285 97.5215 130.637 1.51495 109.099 40.3558 69.4795 30.4786 99.4633 86.4511 81.9648 73.3734 69.2154 23.5788 12.9176 13.9215 88.1605 52.7761 5.94321 0.888981 
629.057 0 411.05 251.869 531.165 150.718 90.9066 219.833 77.0011 19.381 267.211 215.758 147.806 46.4922 7.21252 66.6073 105.019 467.979 44.8662 7.99258 18.2765 5.67325 31.0242 2.15994 85.5469 10.2072 39.6307 7.38374 
138.408 7.34544 0 23.6762 187.819 0.233965 46.5927 62.4717 262.823 98.4878 238.957 6.70256 2.58188 7.39782 11.9421 22.8945 39.4102 23.7095 0.64478 26.3461 16.5952 5.89649 3.40668 15.3884 1.01994 1.86696 12.9947 10.4252 
129.509 254.757 149.782 0 64.6269 59.8564 197.818 209.231 97.1862 7.32612 55.679 219.543 64.7785 14.2643 39.3737 28.7404 95.5432 76.9184 62.6668 5.97346 267.742 7.18622 3.27004 23.1266 53.9805 36.1792 19.6157 32.0123 
241.933 452.488 112.076 156.325 0 317.302 369.909 209.203 83.1872 307.469 257.912 177.803 163.876 66.5328 46.4323 43.0337 96.8309 195.608 223.822 62.7798 9.8301 56.6614 17.5036 2.33907 67.567 55.2156 38.5389 34.3509 
185.994 288.777 53.8729 54.0454 401.749 0 1500.34 213.401 528.398 334.956 269.58 2.94975 591.243 4.12599 6.32457 4.35388 78.7631 17.3236 1.23718 12.1205 72.245 3.86263 6.74302 1.28743 80.7666 21.0158 0.118717 9.14507 
84.9673 454.009 87.3163 55.6262 435.536 895.998 0 71.8593 2.30237 68.1703 0.0360249 34.5239 102.475 1.66681 139.697 10.1902 106.906 53.4274 127.157 94.6194 23.2107 21.5967 3.2459 70.7712 34.0507 10.3522 60.5261 53.1289 
0.944802 119.798 109.962 374.711 181.456 103.442 327.249 0 132.102 116.314 100.876 250.811 20.1359 62.2857 184.04 11.2831 21.3468 35.0148 66.2255 117.194 132.777 1.81043 57.7854 103.686 106.609 26.0678 13.0946 14.0203 
182.197 453.722 191.124 204.223 181.605 528.178 1268.2 141.318 0 359.053 1691.86 105.859 204.038 29.045 29.7736 51.8513 113.55 35.3645 91.0499 58.2983 145.927 61.7822 0.0911757 12.5568 53.8604 121.704 69.2188 12.0251 
2.60941 242.151 24.3334 64.3251 276.663 460.146 89.9791 101.032 4.80511 0 196.847 48.6743 0.610353 64.4616 67.9214 0.225846 0.0577647 2.46216 108.698 22.8212 6.93701 51.3004 31.7251 18.2427 45.9202 73.628 1.85412 10.3602 
3.08584 28.2916 216.398 127.641 73.8814 4.28813 462.576 20.8731 858.755 113.881 0 9.44004 55.1758 64.006 255.824 193.908 43.2501 110.161 124.457 2.07618 0.303914 48.0272 0.338673 2.35989 146.029 50.8718 23.5658 102.494 
73.9558 218.337 123.523 178.025 80.4045 128.303 144.54 938.102 351.836 242.493 398.838 0 146.098 97.8357 124.144 464.719 36.7268 151.402 43.7184 11.2854 31.476 59.499 30.8019 83.687 281.762 92.454 25.1797 63.1268 
13.0981 126.962 35.8508 2.20617 3.74704 162.591 6.79962 143.873 65.7793 18.4833 4.86564 106.577 0 144.334 97.2879 81.7185 51.1047 19.1776 26.6126 18.7321 0.00242627 43.1743 50.0602 65.0907 38.735 8.31891 38.7875 16.6562 
51.6483 23.5522 1.94497 23.1372 25.6176 18.9237 67.7421 126.158 70.0273 78.1355 99.0261 66.3294 102.25 0 11.2669 18.8696 9.29683 18.1738 1.27897 0.590268 1.12693 4.28327 3.15649 1.55776 4.94111 9.24632 4.82064 4.15809 
0.104083 18.0427 9.84808 0.542793 51.4179 10.0747 96.7657 14.5867 210.865 75.0329 326.544 272.201 111.96 59.1404 0 68.146 0.690525 30.5807 0.836179 0.0457888 34.1547 10.8327 24.0491 23.9586 7.47557 14.5829 1.61579 18.2506 
74.5013 75.75 1.05436 0.598441 38.2163 26.5181 0.874562 24.2026 116.195 34.916 181.041 141.874 49.3191 14.3655 50.6261 0 18.8166 18.8005 3.88626 3.18835 13.8719 0.0171091 0.259319 2.82801 27.9479 27.4623 17.8816 22.6979 
159.885 191.107 36.4771 86.2532 149.444 106.04 7.38528 67.0316 115.669 36.0799 94.3586 32.0082 0.282192 21.5694 27.0858 23.0432 0 17.6177 373.357 26.6503 66.0522 17.6492 18.8146 21.009 81.4543 0.49603 18.3102 18.2592 
48.5876 401.711 21.7924 1.65459 3.85681 5.14828 194.296 179.004 192.574 117.145 107.225 146.574 46.3769 6.25042 44.4534 60.257 22.2228 0 50.7747 14.9132 71.5297 3.64022 43.1501 13.7409 30.5395 61.7618 7.69253 31.3393 
79.6681 139.733 55.3449 61.4171 97.368 86.0909 79.1166 115.489 147.361 84.1126 128.736 41.1845 61.2486 16.1556 31.2158 26.2612 211.043 147.364 0 10.3606 29.4249 0.148533 0.173528 15.1735 30.7743 20.8114 6.59688 19.7396 
6.21467 137.05 26.8226 13.7634 64.3825 7.13212 67.8603 8.72529 37.9023 30.9543 1.16737 29.5113 17.1796 0.542281 0.232525 9.64672 0.507006 0.748222 2.00837 0 265.662 5.38908 2.94177 0.803818 0.0545298 1.48751 2.05065 8.95892 
92.705 24.0338 67.3546 71.9801 131.199 41.7021 143.975 204.25 123.301 0.00323913 0.574364 138.997 36.4444 39.3425 54.3527 49.4803 35.2612 22.5624 9.62754 319.512 0 27.0803 25.8392 44.0781 40.4168 13.1072 44.247 2.28083 
12.2901 10.8995 0.0160569 0.459422 6.4 19.6026 53.3682 6.19777 0.511733 48.2387 76.0512 26.1943 53.1589 10.8299 1.20329 11.8492 6.46137 20.7959 0.0156203 5.13837 32.3674 0 15.2448 3.30996 17.5223 3.4993 5.99577 0.205487 
34.6815 33.4148 4.23568 4.2385 53.2803 0.443674 18.484 95.6332 12.6635 7.54181 39.181 86.7255 4.90271 5.46976 24.9038 12.1225 17.3686 44.4264 0.315543 3.31768 20.9378 0.368684 0 10.1684 1.10176 3.7079 12.9405 5.97795 
57.768 10.6139 3.7017 7.78262 33.0262 9.03168 28.9053 7.15877 45.6062 56.4701 23.4105 94.6428 23.9195 0.0358123 14.8398 2.15184 1.45329 13.8523 4.5636 6.07993 1.22837 2.56281 20.8756 0 43.403 4.63864 4.3564 4.1813 
55.9034 54.8189 9.74079 68.2952 16.3143 72.3723 5.76802 8.30481 170.947 20.0318 139.326 88.7653 4.82464 9.31233 0.198068 8.31831 80.9761 24.9886 29.0343 12.4211 53.1965 68.1364 8.89091 11.6163 0 89.5424 49.9816 94.0074 
56.7137 83.416 6.8478 40.1716 38.4067 3.52892 98.2535 207.533 121.632 14.726 56.6187 385.068 7.82428 1.21371 11.5332 20.7915 18.1481 59.7051 28.4355 7.40594 17.7511 3.8901 2.18632 16.5371 3.05947 0 16.3238 38.1585 
1.57716 6.01049 0.00219987 0.0622552 0.117129 19.2878 55.9253 86.573 79.662 26.4965 16.976 106.839 25.3911 5.59139 0.136032 15.4345 22.2049 37.5678 24.2451 10.4346 33.5043 12.5556 13.4617 17.305 1.9418 28.0309 0 83.4157 
61.0001 60.4878 22.1057 33.0144 0.127825 22.6409 19.7141 8.74237 25.3854 13.1383 73.4106 174.714 18.5896 10.3393 6.86767 21.9237 17.3962 18.2743 22.2999 1.85444 25.2993 10.5396 5.47744 13.0686 40.3014 0.77826 2.14649 0 
