0 519.552 114.821 82.9732 11.0196 36.4254 262.772 300.961 209.1 42.448 10.2241 95.1328 108.654 8.51079 52.8928 43.0052 5.2202 218.687 39.4357 108.665 182.939 40.3374 23.1528 36.8846 10.1913 56.5445 50.582 23.2119 
236.112 0 456.682 8.8764 519.735 201.595 63.6915 238.862 397.57 137.176 28.0893 219.946 2.54259 66.8618 96.6281 46.5985 41.2763 878.262 151.394 3.6606 78.7457 36.1071 55.0692 34.705 40.4975 14.8488 1.59174 61.5204 
132.04 83.9292 0 286.023 157.659 1.56642 149.744 9.39658 392.744 8.63305 210.66 10.3994 52.533 5.81008 1.50424 23.995 5.97455 117.58 37.1855 22.3084 72.73 1.81429 2.78683 12.761 23.9923 19.6718 9.69647 13.8628 
219.911 8.01675 336.919 0 5.24417 21.314 144.598 578.168 266.653 28.902 41.9194 259.792 43.7437 0.241035 21.4732 19.1606 18.7019 34.7746 14.6575 0.0148521 76.0567 0.702861 7.67592 0.0489576 19.2705 4.88565 0.0850823 28.3569 
15.5409 373.944 179.81 93.4519 0 224.836 2.79949 213.497 287.128 243.627 10.6741 18.2179 178.167 70.1064 58.1638 17.7124 128.758 9.98732 233.964 77.8149 47.8645 4.55794 56.3742 54.0232 31.3707 68.0241 5.09543 19.4435 
9.29674 207.631 58.4468 8.68182 647.965 0 1583.56 4.50736 281.11 109.941 25.4254 69.5259 462.372 5.87394 38.7333 5.52344 6.34066 4.91515 74.9854 3.15975 56.7303 11.1454 4.29054 2.21939 19.4006 0.827399 18.4797 22.5842 
267.385 478.43 212.788 186.882 45.0771 762.912 0 288.71 1046.64 47.7082 452.366 156.563 1.14672 22.6092 109.353 0.64399 55.947 209.69 157.568 17.3633 139.418 2.98501 6.35667 62.8897 21.8365 93.5965 0.704788 32.8988 
279.099 97.6022 36.6104 335.459 173.647 158.324 134.793 0 25.5085 174.946 333.689 592.338 124.627 76.036 170.447 4.46593 15.3923 123.265 68.9553 40.3305 104.51 64.0807 32.9309 7.44035 28.8043 17.5554 43.8376 43.3087 
1.95457 4.56142 66.3571 212.064 11.9441 277.772 138.939 30.0707 0 377.785 165.574 204.689 167.048 137.373 144.001 98.8495 45.7311 54.5706 4.00913 28.5413 0.0234505 0.817942 100.323 46.2624 67.8411 140.548 2.49332 51.1501 
34.8427 170.372 110.663 34.67 282.306 208.563 412.215 54.9222 100.593 0 497.688 225.187 276.619 2.25732 52.3378 67.0424 0.0977587 139.395 120.583 16.5147 6.97591 23.5399 9.18367 5.12076 0.829008 24.6149 46.5121 29.8013 
62.5152 156.448 236.91 142.89 207.934 197.224 0.612322 374.07 41.498 416.171 0 431.026 166.94 145.115 208.379 191.711 88.8025 0.408827 50.4606 4.23377 16.2619 2.91895 62.1748 7.24445 125.99 23.7807 0.151383 2.11256 
220.992 213.462 131.855 75.1204 60.8048 134.161 260.126 12.2336 398.372 149.396 393.943 0 0.221818 98.6964 134.93 2.9321 54.2222 149.958 1.56781 69.9478 84.5164 66.8743 12.0975 46.416 110.406 2.02965 82.6669 0.0206431 
10.5896 47.4363 62.2403 2.056 1.96963 47.9058 125.357 99.7812 138.935 315.273 25.3753 19.5061 0 101.459 82.6554 84.0889 20.5158 0.816626 18.0081 32.0359 74.493 2.41369 18.0491 2.448 55.8998 0.393134 15.6077 25.0906 
23.8544 49.8953 16.4078 12.5218 8.98207 14.7252 92.7625 125.654 99.4949 12.7164 176.069 67.1869 144.773 0 6.5275 16.8097 0.108889 19.9456 27.3942 4.71902 43.884 10.9037 9.665 3.72357 6.78938 12.5417 4.18075 6.11689 
7.21605 92.776 33.218 11.874 53.2507 35.8086 14.6073 1.07619 213.304 72.124 285.12 270.15 117.941 55.6339 0 3.77593 29.0708 61.611 10.1053 9.63103 55.9368 0.882232 24.9128 10.5669 11.672 23.8674 13.4138 17.2985 
10.3206 0.0469174 0.299512 42.9988 62.304 15.8702 2.25481 13.7019 37.6743 89.1362 17.7017 194.527 30.9811 19.3377 88.1091 0 20.2733 3.34608 21.9111 7.47804 17.6929 0.066081 2.40927 1.17297 23.7179 26.303 18.8693 16.5824 
44.3524 130.773 32.2254 55.1664 129.37 5.91658 64.5203 92.484 79.3119 36.7377 29.129 58.851 62.4191 14.6302 11.3651 15.2931 0 221.464 238.234 1.36389 0.776057 19.3397 18.7184 17.7408 20.3217 20.591 20.7408 22.6559 
190.416 228.811 9.88368 142.998 233.654 17.7353 73.3017 0.166225 175.075 19.319 153.783 133.832 3.99695 34.3957 11.6112 38.2193 75.8073 0 51.8988 61.8965 77.8258 1.9673 18.2635 45.5243 21.6826 16.6194 25.3783 1.06103 
41.806 12.4416 3.88501 21.9435 108.639 9.0581 16.2466 115.959 14.5351 104.775 67.7567 100.428 51.96 15.7033 36.465 1.0757 173.929 147.023 0 27.4501 28.3144 10.2377 14.3104 22.6233 7.77372 14.7292 4.71243 4.8303 
30.6522 132.189 12.1472 29.8521 76.4831 7.31024 0.624102 106.656 86.8766 24.3348 0.20671 0.663636 33.3847 3.39801 11.1271 7.26441 24.3158 82.6728 2.24215 0 206.017 5.97506 0.0518475 5.88289 11.0098 1.51282 0.175596 6.06688 
203.163 87.6581 20.4022 111.288 107.13 20.4274 41.5337 207.945 151.902 26.3769 27.494 81.0381 25.7375 5.68404 9.59358 45.6896 38.7759 17.8098 50.8868 19.4255 0 27.3248 0.864804 0.829569 0.501408 0.758422 25.8641 46.22 
37.8749 48.9689 10.0796 7.85262 41.2865 19.9449 51.2995 58.7333 62.7737 61.0463 59.779 76.0145 6.66964 5.30862 11.4877 11.9531 4.2587 39.1127 12.7977 4.30679 32.2876 0 15.0172 0.00297635 11.8467 8.87586 0.298873 4.65321 
4.0172 54.0938 3.56985 8.89052 29.9548 0.000624936 0.0174352 13.4076 95.8875 34.0991 122.092 61.7214 69.5171 8.9983 25.262 10.2965 13.1481 5.72134 18.5349 3.37341 36.2013 0.0104756 0 16.1929 13.5335 0.539977 13.4108 0.0712585 
49.92 48.4218 8.35971 8.13192 45.3349 10.6085 13.4419 103.137 92.6051 10.679 14.062 37.285 15.3002 8.2388 6.29692 14.8371 7.87855 19.6213 4.30781 0.544849 43.2907 0.0363953 18.9018 0 30.5289 7.66288 6.51673 5.75575 
5.99578 1.94423 12.697 40.5203 63.3369 8.4884 57.3112 70.6835 97.423 15.2248 141.692 525.709 32.0049 12.1143 0.138468 2.82388 22.5308 41.9409 1.43922 6.14095 46.1978 17.5117 28.8011 8.61054 0 114.333 80.8376 144.551 
52.5994 38.304 25.0486 35.86 18.5689 27.7986 19.8369 76.6321 140.573 76.2625 166.231 377.123 0.284165 10.0677 26.2792 19.3244 25.0078 26.1158 0.369595 0.38439 2.38603 5.07145 1.52863 16.5624 20.8462 0 28.2421 50.0096 
51.0555 30.9868 18.7303 19.4138 25.7137 0.000504696 2.08929 55.4552 20.8037 23.0968 64.9993 5.97979 38.5762 3.44982 9.38877 11.3958 22.3421 44.9182 24.3572 5.3002 42.3079 3.1347 12.7728 9.51358 17.3876 4.57544 0 5.52902 
29.6581 35.0834 22.0182 22.2987 56.3897 9.38209 39.8635 34.6515 68.0742 33.2296 80.3339 94.6837 29.5758 11.4393 23.367 13.7392 22.1195 7.85499 7.43748 6.32839 31.0833 7.47594 9.69134 13.887 11.2545 58.296 52.0825 0 
