0 525.582 118.945 109.12 9.55675 55.2798 261.69 299.547 229.238 43.7728 11.0276 97.5399 108.543 8.74398 52.4534 42.3381 22.9762 217.096 40.3494 103.114 185.796 40.3258 22.9093 36.543 27.3388 55.98 50.5273 22.8721 
236.292 0 449.024 28.7505 515.223 215.687 72.9473 235.834 417.485 140.462 30.0668 220.47 2.87748 67.0986 96.6764 45.9377 57.4358 986.923 150.102 4.27067 77.0711 36.3283 55.1842 34.3436 58.4934 15.3237 1.67594 61.3638 
136.034 98.8527 0 280.666 159.845 1.25391 154.88 11.4337 404.172 9.38308 207.901 11.5616 53.0483 5.67627 1.65798 23.9041 6.25152 119.583 36.6533 22.0764 71.2372 1.85407 2.8551 12.6766 24.1536 19.4453 9.79544 13.7249 
227.603 27.7532 330.767 0 5.99552 38.0072 147.459 815.69 278.374 29.8701 39.7635 259.693 43.2477 0.20746 21.8311 19.6575 35.8089 36.1799 14.2512 0.0443095 589.036 0.731701 7.55646 0.0328268 36.3546 4.59232 0.102989 28.1902 
13.8084 360.956 178.512 95.4923 0 217.067 1.49343 214.367 282.656 249.113 11.904 17.3612 178.29 70.0554 58.9322 17.2728 129.899 8.90508 238.843 78.4506 48.7485 4.71825 56.3793 53.9001 31.7568 67.8516 4.97394 19.7068 
27.5042 228.126 57.7179 25.6423 944.385 0 1212.3 3.656 313.508 484.901 28.4402 71.2217 473.544 5.70349 38.48 5.32876 24.0496 4.44113 74.1554 3.28784 56.2615 11.0193 4.19371 2.14332 36.6788 0.903159 18.5324 22.551 
267.648 470.213 208.974 185.108 50.9863 803.447 0 281.837 983.674 39.5072 446.761 152.983 1.57282 21.8388 110.84 0.809772 55.1556 211.345 157.533 18.0061 139.797 2.83487 6.65069 62.5645 22.4478 93.1765 0.771478 33.3574 
281.645 101.232 40.3161 348.143 171.804 155.553 141.853 0 19.1761 172.86 337.116 550.149 125.424 77.2652 169.083 5.88652 14.9878 124.624 69.7096 41.3163 106.527 63.9347 33.7052 6.78619 26.9576 19.7168 44.5292 42.1054 
19.5705 20.9739 55.8483 236.315 14.0466 310.213 188.976 23.1783 0 379.886 918.716 198.179 165.397 136.423 126.574 97.1711 63.9145 52.7354 3.58895 29.2997 0.0742367 0.741956 100.542 47.0343 84.1642 140.181 2.64802 51.8496 
33.6169 167.32 110.155 33.6589 286.706 234.36 400.457 57.0868 94.1317 0 511.204 223.446 271.131 1.97334 50.4035 67.9298 0.139072 138.862 120.216 16.1726 6.67416 23.1201 9.52649 5.37544 0.950219 25.2335 46.5849 29.4468 
60.8692 153.311 235.772 145.342 210.349 192.643 1.58463 374.306 49.2158 432.805 0 438.925 163.876 148.438 220.366 188.758 89.0681 0.545402 49.5422 3.99471 16.915 3.09499 63.586 7.84751 124.948 22.3879 0.111495 1.88378 
221.84 212.53 134.113 71.1866 62.1659 132.911 258.073 4.7519 396.85 152.35 384.645 0 0.326169 100.841 140.332 0.7766 54.645 149.725 1.42941 70.5742 85.8384 67.1619 11.358 48.7702 111.062 4.01559 81.7281 0.000467728 
10.1666 48.6075 61.8255 2.22653 2.36438 50.68 122.659 98.7513 140.893 311.995 23.481 20.343 0 98.4464 81.1858 84.004 20.8205 0.708849 17.5438 32.2286 74.6416 2.11793 17.201 2.67673 55.879 0.453124 15.4505 25.307 
24.1704 50.3489 16.4445 12.3506 8.66262 14.9064 92.3843 125.458 97.9959 12.0732 178.752 69.3387 146.363 0 8.09562 16.54 0.121923 19.6752 27.4096 4.71313 43.9518 10.9006 9.6702 3.57148 6.65053 12.5855 4.12471 6.04041 
7.51823 93.094 33.3276 11.5455 54.0341 35.4712 15.7014 0.733145 214.632 74.1034 295.989 268.813 118.258 57.0325 0 5.42191 29.1205 61.3519 9.90766 9.58238 56.0604 0.8273 25.0047 10.9783 11.9761 24.1704 13.3045 17.1413 
10.7715 0.0208847 0.354681 42.994 62.6908 16.1107 1.97362 16.0681 39.1961 88.7921 15.6497 212.759 30.1648 19.3341 88.9321 0 20.1775 3.18834 21.7691 7.42846 17.3266 0.0784533 2.54617 1.4579 23.2695 26.7271 18.8661 16.7709 
61.0471 147.161 31.7874 72.8434 128.219 23.1697 65.2986 92.7748 96.1046 37.2869 29.6065 59.2598 62.2974 14.5445 11.2319 15.1802 0 216.858 434.331 1.4402 0.847732 19.3808 18.6978 17.6844 37.69 20.6907 20.7038 22.7005 
188.057 227.334 10.9834 143.438 233.137 18.6155 75.8482 0.0895597 176.777 18.5033 152.993 133.165 4.24355 34.1267 11.9242 38.561 71.0855 0 53.3122 62.5367 77.0469 2.03594 18.0682 45.4184 21.3928 16.92 25.5441 1.12577 
42.7318 13.4688 4.15309 21.4845 114.377 9.72323 15.2702 116.067 15.3372 103.915 66.8148 100.389 51.4002 15.8417 36.5656 1.01861 168.593 146.573 0 27.258 27.9502 10.3396 14.4073 22.5765 7.65508 14.5836 4.64758 4.7501 
27.3683 133.107 11.8582 29.2528 77.1375 7.48402 0.497722 106.052 86.2102 23.9616 0.265187 0.784651 33.569 3.41842 11.0981 7.31522 24.1418 82.9934 2.1371 0 194.964 5.98582 0.0480472 5.86666 10.9501 1.46668 0.186463 6.01415 
205.614 85.9703 19.3087 119.164 106.408 19.9619 40.5474 207.942 153.168 25.8517 28.3041 79.7173 26.0832 5.83209 9.83786 46.0535 38.4474 18.3788 50.5434 14.467 0 27.4053 0.916913 0.767151 0.565448 0.845755 25.6875 46.3645 
37.9532 48.8595 10.1246 7.92388 41.024 19.9857 51.5759 58.5077 62.5528 61.0314 60.1709 75.935 6.18323 5.40595 11.6087 11.9498 4.20089 39.1979 12.9014 4.28616 32.2597 0 15.0628 0.00803117 11.8874 8.83661 0.31546 4.694 
3.88218 54.2335 3.64387 8.76865 30.2657 5.3916e-06 0.00512761 12.8548 95.4821 34.5694 122.874 60.4448 68.5959 9.13167 25.2704 10.1647 13.0844 5.5894 18.6142 3.36001 36.0961 0.0234261 0 16.757 13.255 0.57498 13.4237 0.0621426 
50.1622 48.1201 8.46737 8.32321 45.5738 10.4937 13.0623 104.425 92.1908 10.3362 13.2712 39.4679 14.7994 8.10813 5.94772 15.5256 7.95372 19.8397 4.38558 0.527779 43.145 0.0242559 18.4786 0 31.2855 7.50246 6.65798 5.85051 
23.7101 19.393 12.922 57.7461 63.1471 25.7934 58.0021 73.2255 115.891 15.6751 141.169 425.506 31.6736 12.2393 0.183174 5.04029 39.9071 42.2162 1.382 6.21444 46.4884 18.7234 28.599 8.52166 0 105.661 109.838 148.26 
52.0107 37.6891 24.9038 35.478 18.9598 27.788 20.5415 72.9074 140.208 76.3129 166.311 382.167 0.335543 9.96833 26.5362 19.8518 24.9426 26.45 0.40208 0.409405 2.53701 5.12255 1.58408 16.5898 20.4254 0 28.6273 51.1278 
51.0823 31.2315 18.6941 19.273 25.9137 1.80679e-06 1.97976 54.7619 21.1896 23.3335 64.5563 5.55066 38.5322 3.39642 9.27256 11.2698 22.3508 44.9151 24.3535 5.2575 42.2334 3.08818 12.8104 9.36472 17.2206 4.29055 0 6.68921 
30.0084 35.439 22.0429 22.0763 56.4468 9.51228 39.404 33.5276 68.7232 32.8791 79.5685 96.8704 29.3686 11.4075 23.3568 13.947 22.1699 8.01706 7.34391 6.38088 30.8425 7.43857 9.71442 13.9241 11.2802 57.5035 49.7498 0 
