0 528.796 119.767 116.492 9.27633 61.1602 261.461 299.25 235.368 44.0391 11.1917 98.0222 108.52 8.79095 52.3652 42.2046 28.6363 216.77 40.5325 101.921 186.362 40.3234 22.8607 36.4745 32.8767 55.8667 50.5161 22.8043 
238.467 0 447.328 34.874 514.237 220.6 74.8627 235.222 423.546 141.118 30.4694 220.57 2.94688 67.1453 96.6844 45.8055 62.777 855.691 149.84 4.39813 76.737 36.3725 55.2068 34.2712 64.2003 15.4194 1.69304 61.332 
136.827 101.947 0 279.358 160.274 1.19551 155.901 11.8638 406.37 9.53653 207.337 11.801 53.1509 5.64962 1.68955 23.8854 6.30755 119.98 36.5467 22.0295 70.9381 1.86207 2.86882 12.6596 24.1855 19.3998 9.81522 13.6973 
231.234 33.8495 328.861 0 6.15161 43.4547 148.026 1035.19 282.805 30.0648 39.3375 259.656 43.1484 0.201045 21.9026 19.7569 41.3382 36.4633 14.1705 0.0520895 636.538 0.737533 7.53258 0.0299875 41.8792 4.53463 0.106775 28.1566 
13.4736 358.325 178.242 95.8995 0 215.366 1.28088 214.536 281.748 250.196 12.1577 17.192 178.31 70.0444 59.0856 17.1855 130.125 8.69586 239.803 78.5766 48.9258 4.75059 56.3799 53.8752 31.834 67.8165 4.94982 19.7595 
33.2572 234.317 57.5691 31.1441 842.766 0 1069.98 3.4963 322.069 536.431 29.0611 71.5611 405.857 5.66959 38.4282 5.29015 29.6997 4.34905 73.9874 3.31373 56.1673 10.9941 4.17442 2.12825 42.2419 0.91868 18.5429 22.5442 
267.688 468.5 208.194 184.743 52.2062 810.873 0 280.449 970.516 37.9519 445.595 152.266 1.66604 21.6858 111.134 0.845188 54.9973 211.67 157.522 18.1358 139.871 2.80526 6.71024 62.499 22.5708 93.0909 0.785176 33.4492 
282.141 101.962 41.0747 350.979 171.432 154.994 143.276 0 18.0148 172.44 337.785 541.675 125.581 77.5106 168.804 6.19358 14.9075 124.895 69.8603 41.5141 106.93 63.9051 33.8605 6.65875 26.5943 20.1626 44.6677 41.8657 
25.2109 26.3958 53.8422 243.262 14.4868 318.784 199.758 21.9036 0 380.273 814.601 196.878 165.063 136.231 123.059 96.834 69.6591 52.3708 3.50766 29.4521 0.0878098 0.727217 100.584 47.1888 89.5362 140.104 2.67955 51.9894 
33.3738 166.705 110.05 33.4577 287.566 239.596 398.046 57.5232 92.8571 0 513.819 223.09 270.009 1.91879 50.0183 68.106 0.148203 138.753 120.14 16.1044 6.61461 23.0364 9.59566 5.42705 0.975441 25.3577 46.5992 29.3759 
60.5417 152.682 235.528 145.828 210.827 191.717 1.83318 374.333 51.0101 436.076 0 440.468 163.261 149.097 222.758 188.156 89.1206 0.575039 49.359 3.94768 17.047 3.1308 63.8684 7.97071 124.738 22.1135 0.104254 1.83957 
222.004 212.339 134.561 70.4074 62.4391 132.658 257.653 3.67064 396.521 152.939 382.759 0 0.34946 101.268 141.413 0.510984 54.7294 149.677 1.40247 70.6989 86.1028 67.2189 11.2126 49.2457 111.491 4.4925 81.5396 0.00299031 
10.083 48.8426 61.7418 2.26137 2.44759 51.2075 122.118 98.5446 141.283 311.306 23.1101 20.5124 0 97.8396 80.8898 83.9849 20.8816 0.688223 17.4515 32.2669 74.6709 2.06104 17.0333 2.72371 55.8743 0.465632 15.419 25.3502 
24.2337 50.4393 16.4515 12.3163 8.59931 14.9425 92.3068 125.416 97.6944 11.9462 179.279 69.7705 146.668 0 8.42654 16.4847 0.124617 19.6213 27.4125 4.71193 43.9651 10.8997 9.66936 3.54126 6.62283 12.594 4.11352 6.02512 
7.57934 93.1561 33.3485 11.4801 54.1906 35.4028 15.9244 0.672398 214.886 74.4986 298.126 268.521 118.317 57.2933 0 5.78463 29.1303 61.2995 9.8683 9.57259 56.0847 0.816516 25.0215 11.0608 12.0372 24.2304 13.2826 17.1097 
10.8626 0.0169259 0.366255 42.9917 62.7676 16.1587 1.9196 16.5624 39.5029 88.7208 15.2534 216.433 30.0021 19.3315 89.06 0 20.1583 3.15722 21.7406 7.4185 17.2536 0.081056 2.57389 1.51847 23.1794 26.8106 18.8653 16.8084 
66.494 152.543 31.6997 78.4858 127.986 28.7286 65.454 92.8323 101.57 37.3968 29.7023 59.3414 62.2727 14.5274 11.2052 15.1576 0 215.925 466.639 1.45569 0.862466 19.389 18.6936 17.673 43.2713 20.7106 20.6964 22.7094 
187.579 226.997 11.2098 143.521 233.026 18.7936 76.3601 0.0770498 177.114 18.3419 152.833 133.031 4.29371 34.0728 11.9872 38.6292 70.1548 0 53.5958 62.6641 76.8908 2.04982 18.0292 45.397 21.3349 16.9803 25.5773 1.13893 
42.9173 13.6787 4.20771 21.3931 115.532 9.85874 15.0782 116.087 15.4999 103.742 66.6263 100.381 51.288 15.8693 36.5854 1.00737 167.498 146.48 0 27.2194 27.8775 10.36 14.4266 22.5671 7.63144 14.5545 4.63465 4.73413 
26.733 133.286 11.8004 29.1325 77.2674 7.51893 0.47415 105.929 86.0759 23.8871 0.277742 0.810071 33.6057 3.4225 11.0922 7.32533 24.1069 83.0563 2.11639 0 192.734 5.98796 0.0473046 5.86338 10.9381 1.45753 0.188675 6.0036 
206.096 85.6327 19.093 120.792 106.263 19.8692 40.3508 207.936 153.419 25.7471 28.4674 79.4531 26.1524 5.86187 9.88698 46.126 38.3817 18.4934 50.4744 13.5586 0 27.4214 0.927527 0.754966 0.5787 0.863802 25.6521 46.3932 
37.9687 48.8374 10.1336 7.93813 40.9712 19.9937 51.6309 58.4623 62.5083 61.0277 60.2489 75.9185 6.08801 5.4254 11.6329 11.949 4.18936 39.2148 12.9222 4.28203 32.254 0 15.0713 0.00933759 11.8955 8.82871 0.318831 4.70218 
3.85541 54.2611 3.65873 8.7443 30.3279 6.02879e-05 0.00354358 12.7455 95.3996 34.6634 123.027 60.1896 68.4101 9.15669 25.2704 10.1379 13.0716 5.56319 18.63 3.35732 36.0749 0.0266311 0 16.8666 13.1992 0.582109 13.4261 0.0603945 
50.2103 48.0595 8.48887 8.36162 45.6213 10.4707 12.9868 104.681 92.1066 10.2682 13.1156 39.91 14.6999 8.08165 5.87878 15.6632 7.96879 19.8834 4.40122 0.524392 43.1156 0.0221223 18.3897 0 31.4355 7.4704 6.68634 5.8695 
29.3613 24.9912 12.967 63.2981 63.1087 31.3622 58.14 73.7359 121.692 15.7658 141.061 653.63 31.6073 12.2642 0.192856 5.55382 45.4899 42.271 1.37069 6.22916 46.5462 19.1611 28.5577 8.52606 0 103.704 115.907 148.139 
51.8926 37.5663 24.8743 35.4009 19.0384 27.7854 20.6834 72.1687 140.131 76.3217 166.321 383.103 0.346329 9.94831 26.5868 19.9569 24.9294 26.5169 0.408734 0.414496 2.56777 5.13278 1.59527 16.595 20.3414 0 28.7037 51.3471 
51.0874 31.2804 18.6867 19.2448 25.9538 8.43168e-06 1.95817 54.6232 21.267 23.3809 64.4674 5.46664 38.5232 3.38578 9.2493 11.2446 22.3525 44.9143 24.3526 5.24897 42.2183 3.0789 12.8179 9.33493 17.1879 4.23451 0 6.9335 
30.0785 35.5102 22.0477 22.0317 56.4579 9.53834 39.3121 33.3043 68.8526 32.8089 79.4147 97.3067 29.3271 11.401 23.3545 13.9885 22.1799 8.04969 7.32524 6.39138 30.7943 7.43107 9.71897 13.9314 11.2859 57.3392 49.2821 0 
