0 822.367 153.641 620.676 1.12769 494.711 247.909 282.085 677.116 55.9113 19.2946 118.927 107.167 10.9013 48.4583 36.4637 452.576 200.568 48.5717 36.5536 208.666 40.167 20.773 33.4934 451.367 50.8577 49.9528 19.9307 
529.406 0 331.079 490.386 447.429 608.239 173.645 206.829 854.382 168.481 49.8559 223.22 6.68641 68.9162 96.5055 40.1025 473.211 1044.46 137.406 11.5415 62.5947 38.2336 56.0508 31.1484 489.724 19.7408 2.5067 59.8353 
168.478 256.015 0 166.488 175.983 0.00238267 196.773 37.139 468.436 17.1507 179.713 24.1569 57.3976 4.53603 3.30699 22.9206 8.91629 135.807 31.9108 19.8882 58.0075 2.21923 3.47966 11.8962 25.4578 17.3801 10.6646 12.4958 
566.805 488.312 328.278 0 14.6256 458.267 170.405 424.981 648.251 38.7616 22.8232 252.543 38.8386 0.020309 24.9369 24.0422 459.338 49.2652 10.8618 0.974692 1.5652 1.00908 6.52189 0.0294922 459.652 2.37274 0.333628 26.6248 
2.8836 239.441 163.58 112.934 0 100.38 7.55342 220.248 239.323 291.504 25.3893 10.6428 177.797 69.3243 65.5349 13.5815 138.961 2.01479 275.074 83.6167 56.6524 6.23525 56.2759 52.6918 35.1599 66.1171 3.96189 22.0567 
461.949 675.192 50.2802 448.585 889.812 0 1094.29 0.00185706 854.892 541.051 60.8459 86.2199 162.416 4.27988 35.8756 3.73692 452.996 1.28782 66.1831 4.50371 52.0022 9.90667 3.37484 1.52493 461.58 1.70552 18.9635 22.1961 
265.379 376.403 169.806 166.187 115.08 847.505 0 218.023 345.902 0.420646 382.46 121.443 8.15362 15.499 122.768 3.07105 48.2078 223.608 155.779 24.0252 142.451 1.67485 9.48829 59.4963 28.0557 88.916 1.48573 37.4084 
299.284 134.236 78.58 499.943 154.653 129.688 206.519 0 2.59056 153.327 361.152 200.39 131.93 87.7875 154.852 26.2825 11.6263 136.173 76.2473 50.189 124.153 62.522 40.6911 2.29297 13.0705 43.3037 50.6467 31.968 
450.908 449.796 1.64932 717.174 39.2895 852.53 801.958 1.36381 0 386.23 181.142 141.808 149.813 127.117 70.4098 82.0216 496.878 37.59 0.884108 36.2168 1.7442 0.232206 101.898 53.8376 500.713 135.692 4.20124 57.9711 
23.5685 139.218 104.372 25.1579 317.434 451.372 280.879 77.1941 44.6151 0 592.937 205.646 215.472 0.290946 34.1968 75.2349 0.813956 133.402 116.064 13.2613 4.2907 19.4988 12.7531 7.84984 2.36427 30.8232 47.1282 26.3288 
46.9638 125.424 220.276 165.424 229.618 149.76 29.1616 369.155 133.061 552.658 0 493.725 136.127 175.241 318.886 159.37 91.1937 2.58618 41.62 2.18058 23.1308 4.85422 75.9955 14.0933 114.891 11.7541 0.0230197 0.431975 
227.155 202.665 152.609 39.9113 74.4076 120.915 236.982 86.9468 374.914 177.394 295.393 0 2.10289 119.026 186.704 40.3906 58.3157 147.108 0.485315 75.8692 97.4176 69.5291 5.79048 70.8735 144.512 48.637 73.241 2.17003 
6.78655 59.1907 57.9223 4.00618 7.34593 56.558 98.7545 89.4823 157.35 272.005 9.79148 28.3291 0 71.0834 67.7165 82.529 23.5489 0.0885408 13.6626 33.8737 75.8113 0.341835 10.467 5.10378 55.5236 1.16175 14.0803 27.1976 
26.9634 54.2078 16.6668 10.8409 6.07294 16.4424 88.3958 122.683 84.3141 7.04633 198.537 88.5209 155.397 0 26.6636 13.7358 0.268075 17.3318 27.4836 4.65262 44.458 10.7984 9.05189 2.31473 5.45404 12.8834 3.63925 5.36852 
10.4062 95.3314 33.963 8.78309 60.8263 32.1991 26.7333 0.548891 221.864 91.0502 374.089 248.511 119.253 61.7676 0 29.9374 29.5065 58.9071 8.22662 9.13685 56.9993 0.417598 25.2246 14.6765 14.7031 26.6108 12.3242 15.7071 
15.0747 0.239912 1.03494 42.4542 65.8785 18.1844 0.301334 43.9574 53.3387 84.8943 2.89563 370.126 23.2265 18.6279 82.9165 0 19.3117 1.95782 20.4917 6.97649 14.2123 0.232453 3.85907 5.13398 19.2135 29.9359 18.763 18.3424 
480.966 563.411 27.9028 501.06 117.245 448.125 72.0372 95.0941 516.626 42.1447 33.8944 62.7872 61.0961 13.781 10.0745 14.1805 0 172.63 262.046 2.19609 1.61245 19.725 18.4962 17.171 463.396 21.5459 20.3623 23.0702 
165.601 173.31 22.8669 145.754 225.901 27.0725 99.0687 0.428906 190.586 11.9995 145.394 126.867 6.71389 31.7281 14.8154 41.5192 34.6841 0 66.053 67.9423 70.0961 2.68763 16.3662 44.4104 18.8826 19.633 26.995 1.77563 
51.0329 24.045 6.8589 17.5594 166.277 16.42 7.89022 116.579 23.1906 95.7104 58.528 99.7724 46.4193 17.0483 37.3475 0.581764 114.728 141.438 0 25.5137 24.7884 11.242 15.2494 22.1329 6.63842 13.3067 4.09204 4.06761 
6.8957 139.299 9.36637 23.8783 82.4851 9.05706 0.00158145 100.121 80.0016 20.718 1.09088 2.27874 35.1343 3.59394 10.8173 7.74564 22.5742 85.3676 1.31637 0 97.767 6.07481 0.0207979 5.71312 10.4051 1.08793 0.29583 5.54977 
224.309 71.2388 10.8221 183.307 99.735 16.0267 32.2041 206.228 163.485 21.3867 35.8031 68.1786 29.1707 7.20279 12.0889 49.1431 35.5437 23.6923 47.4599 2.62655 0 28.0932 1.43914 0.322143 1.2921 1.81494 24.1246 47.5514 
38.5919 47.8115 10.5074 8.55192 38.6592 20.2807 53.8926 56.4187 60.4845 60.638 63.4925 75.0283 2.66257 6.25946 12.6451 11.8749 3.70533 39.901 13.8133 4.10257 31.9841 0 15.2453 0.157991 12.2239 8.47822 0.480108 5.05425 
2.7861 55.3225 4.31323 7.70489 32.9874 0.0587239 0.211542 8.43692 91.4259 38.6505 128.638 49.3211 59.9987 9.6689 24.7534 8.88866 12.5166 4.48672 19.2887 3.23824 35.1175 0.356607 0 20.2884 10.7831 0.926596 13.491 0.00876235 
52.1518 45.3681 9.40717 10.0533 47.5876 9.47447 9.91201 115.002 88.1231 7.51992 7.22137 60.4088 10.6732 6.85509 3.22478 21.3332 8.62098 21.7758 5.09263 0.3884 41.7793 0.0233404 13.4831 0 37.33 6.11084 7.92816 6.69307 
452.744 446.117 14.9092 481.974 61.314 451.023 63.938 96.13 550.804 19.8283 135.354 525.213 28.7407 13.2864 0.841315 39.7555 465.676 44.5809 0.926673 6.86368 48.9522 74.0162 26.5336 14.6896 0 34.265 88.1409 26.3564 
46.7169 32.3321 23.4765 31.8788 22.5046 27.5471 27.1065 42.8146 135.736 76.2662 164.913 398.686 0.969302 9.04868 28.5185 24.2729 24.3341 29.4092 0.745736 0.661878 4.0541 5.57283 2.10534 16.6986 16.8144 0 31.7678 59.1771 
51.2222 33.3687 18.3355 18.0065 27.6691 0.0339477 1.13999 48.6383 24.6766 25.4165 60.5359 2.44331 38.0905 2.93738 8.25547 10.1492 22.4084 44.8342 24.2969 4.88266 41.5214 2.68949 13.0997 8.06116 15.9637 2.1456 0 20.8554 
33.0889 38.5479 22.1831 20.0755 56.8351 10.6671 35.3508 24.2206 74.2594 29.7732 72.5979 115.73 27.5195 11.0896 23.1504 15.7297 22.5914 9.50026 6.53712 6.84009 28.7048 7.10434 9.89245 14.1986 11.7371 48.6284 29.5295 0 
