0 209.954 196.914 385.34 5.41096 152.788 210.242 235.895 337.187 77.2494 37.2789 153.687 103.333 14.8494 41.4454 26.9563 94.7085 164.93 62.5827 20.9912 235.136 39.6802 17.2872 28.334 83.5876 41.9467 48.6384 15.3028 
83.3785 0 74.1951 223.116 260.499 178.389 369.832 152.596 461.879 208.182 90.2561 220.322 16.2241 70.8223 93.8852 30.5691 94.0659 808.013 112.168 30.2295 40.3943 41.2047 56.8974 25.8593 132.648 27.8508 4.22889 56.7364 
204.36 461.15 0 10.1989 188.309 3.89559 242.484 103.419 406.878 33.8674 122.912 52.8966 63.7143 2.84067 7.08284 20.6279 14.126 155.344 24.0398 15.8375 36.8646 2.87976 4.59291 10.4759 27.1192 13.7776 12.086 10.4252 
96.171 220.13 86.8373 0 35.9424 85.6945 196.379 274.756 182.328 54.3994 4.45047 217.817 31.4787 0.142458 29.7571 30.997 90.1872 72.7449 6.09211 5.03476 396.742 1.55944 4.89797 0.569547 90.0746 0.263508 1.00023 23.6881 
2.86457 62.3779 127.638 138.133 0 26.8398 81.8629 222.709 158.808 330.161 57.0201 2.98839 170.859 67.022 75.5759 8.26506 149.584 1.44406 301.061 90.2598 70.0164 9.14754 55.5197 50.214 40.7587 62.4289 2.51904 26.0513 
114.931 316.448 35.2292 81.4727 521.622 0 739.276 9.26815 552.906 489.919 130.182 110.315 554.083 2.2874 30.3013 1.65195 93.1244 0.244625 51.0762 6.82373 44.5355 8.07619 2.17129 0.716152 94.1346 3.53968 19.5443 21.366 
244.135 180.477 94.2959 124.927 248.512 68.0527 0 112.484 118.409 74.2754 237.747 72.1095 29.4633 7.0634 136.889 9.83731 36.9727 233.935 147.338 35.1446 144.078 0.41116 15.0911 53.6816 38.044 79.8359 3.1626 44.0881 
307.856 189.616 154.715 424.099 123.588 84.445 310.293 0 125.365 117.812 374.043 21.5217 140.531 103.434 124.161 85.2677 6.89481 153.219 86.5208 65.2552 151.86 59.6951 52.6737 0.102571 0.804028 95.707 60.7392 17.5035 
107.136 132.438 80.3546 406.989 103.247 553.467 1266.61 116.567 0 349.148 440.161 60.8913 120.87 108.877 44.6755 56.6666 142.965 17.3051 0.4256 48.3692 9.23925 0.0223656 101.877 64.9124 120.072 123.619 7.50469 67.8069 
10.3603 91.0954 90.1869 13.1554 331.27 462.895 83.365 113.112 1.65676 0 551.636 168.149 111.617 0.815925 12.6841 84.8339 3.14282 121.585 105.812 8.90512 1.46362 13.8937 18.8078 12.7862 6.02624 40.4079 47.6365 21.2349 
26.8864 80.5449 176.28 190.76 252.224 77.8701 138.588 333.4 443.353 592.433 0 514.684 89.774 205.645 406.765 102.999 93.847 9.20127 29.3719 0.361007 35.0961 8.56421 95.6809 27.7506 95.383 1.4112 0.913766 0.285848 
227.199 180.389 175.976 6.34683 95.271 97.9828 192.326 628.618 309.22 212.883 142.807 0 8.35697 144.577 248.128 272.595 64.1501 140.585 0.0180589 83.6257 115.966 72.7616 0.592077 110.039 11.4975 198.048 58.643 14.6992 
2.62026 77.3663 50.6012 8.00536 21.1989 5.1759 60.7753 73.6121 180.527 175.406 0.0425411 43.7036 0 29.2193 44.7701 77.3271 28.2181 0.368094 8.13547 36.377 77.1908 0.751951 2.72363 10.6411 54.265 3.03294 11.8743 30.2522 
31.5823 59.9705 16.6325 8.37686 2.72536 18.685 79.4098 114.121 60.7896 1.54938 213.204 119.242 149.353 0 57.1798 8.15742 0.633401 13.6299 27.3635 4.5187 44.9329 10.3411 5.92339 0.727115 3.62215 13.0202 2.87203 4.275 
16.0105 96.7378 33.6877 4.85124 71.4007 25.8502 49.4333 11.2728 215.544 115.014 400.519 187.317 113.808 40.3285 0 79.4145 29.9401 54.2592 5.70366 8.337 57.9495 0.0416159 23.2895 20.5933 19.2537 29.5691 10.6471 13.181 
23.3481 2.35813 2.88693 39.6625 70.2156 21.3553 0.768722 110.454 78.562 75.3229 4.40712 495.381 13.1206 15.0809 35.7239 0 17.7959 0.563816 18.2845 6.17537 9.56091 0.661501 6.30236 14.3522 12.4723 32.7171 18.2977 20.5181 
106.032 179.017 21.4918 138.246 96.4307 81.8587 82.5616 97.9514 141.596 50.1712 41.268 68.3095 58.6076 12.485 8.22888 12.5103 0 94.8026 501.748 3.76793 3.39893 20.2232 18.0843 16.2583 97.281 22.8658 19.7357 23.5897 
123.922 23.6023 49.7345 143.35 204.027 43.3574 138.787 4.96586 208.108 4.14515 130.509 114.887 11.9411 27.6662 20.0842 46.1762 1.82725 0 87.6055 75.7953 58.3699 3.95132 13.6293 42.4504 14.9187 24.3516 29.3561 3.16282 
65.06 46.7531 12.5784 11.6361 245.315 30.2091 0.882376 115.703 38.9643 80.0722 45.0647 97.6635 38.0789 18.9872 38.2195 0.122875 37.0134 128.634 0 22.4485 19.7638 12.7538 16.5974 21.2754 5.0729 11.2237 3.23436 3.03406 
10.7683 141.587 5.6092 15.1162 89.4859 11.7797 1.62209 88.1661 68.5985 15.5857 3.66561 6.39862 37.4831 3.86668 10.2578 8.38422 19.8605 87.4535 0.382806 0 1.95957 6.19907 0.000377461 5.41859 9.43523 0.57527 0.530578 4.78374 
242.016 48.0981 1.91673 160.158 87.6033 10.248 19.9918 196.887 176.868 14.6976 49.4699 49.8115 34.4308 9.72481 16.1801 53.7434 30.7153 33.5744 42.1567 101.468 0 29.1469 2.55081 0.00290309 3.12708 4.19064 21.5135 49.169 
39.4441 45.7499 11.084 9.59059 34.5618 20.5088 57.2321 52.5755 56.5957 58.9627 68.4287 72.7244 0.0347652 7.62171 14.2171 11.572 2.93884 40.8794 15.3114 3.79096 31.4121 0 14.6772 0.81244 12.7152 7.83748 0.825246 5.65337 
1.35065 56.5525 5.47649 6.0007 37.3904 0.407417 1.78719 3.04338 82.9431 45.0369 133.424 32.0076 44.5673 7.9986 21.7118 6.47076 11.5499 2.90078 20.3074 3.02221 33.2967 1.72665 0 18.8712 6.82683 1.66924 13.4219 0.0272199 
54.8463 40.4776 10.9089 13.0421 50.5414 7.77652 5.52866 128.84 79.8693 3.73544 1.1233 99.1458 5.1271 4.55987 0.442618 28.0845 9.74418 25.0168 6.3471 0.202039 39.2048 0.437391 3.9426 0 43.6223 3.96273 10.0933 8.10166 
93.1856 82.9093 18.1544 112.648 57.6672 84.4737 72.9913 133.577 197.663 27.3163 121.362 617.521 23.8717 14.7665 2.92914 43.7748 99.6404 48.2383 0.367555 7.93895 52.6203 35.7764 22.2453 33.3108 0 109.574 106.783 69.346 
37.6944 23.8383 20.5844 25.2344 28.7081 26.579 39.1128 8.59502 123.689 74.2624 154.538 317.366 2.72185 7.39348 30.5482 30.0283 23.1954 34.3358 1.53943 1.20308 7.27739 6.31561 3.08326 16.3507 11.5048 0 35.7382 63.4766 
51.0716 36.8231 17.5883 15.822 30.5419 0.241415 0.250459 38.5754 30.7584 28.8383 53.4666 0.0534581 37.1483 2.22656 6.6126 8.27532 22.4299 44.4883 24.1087 4.26803 40.1256 2.07456 13.4079 5.97399 14.5852 0.182754 0 53.5276 
38.1264 43.5631 22.1057 16.6481 57.0215 12.5955 28.6878 11.6025 82.581 24.6097 60.3771 143.704 24.3776 10.4223 22.3559 18.4077 23.2009 12.1668 5.27194 7.58494 25.1163 6.53163 10.0854 14.4403 13.584 29.3188 4.85916 0 
