0 250.706 198.915 446.848 6.53424 209.516 207.109 232.101 393.487 78.7326 38.6807 155.966 103.002 15.1344 40.9533 26.3273 150.409 162.206 63.5426 26.7282 236.333 39.6369 17.0528 27.9794 138.588 41.3269 48.5323 15 
141.119 0 60.9724 285.81 246.457 229.099 382.278 148.761 513.197 210.457 93.2721 219.785 17.0133 70.9004 93.6017 29.9332 148.418 691.368 110.303 31.7598 38.9914 41.3984 56.9279 25.5007 188.316 28.4344 4.36195 56.5 
205.734 466.409 0 12.9092 188.428 4.42136 244.139 108.627 395.627 35.1456 118.84 55.1396 64.099 2.73566 7.38175 20.4443 14.5132 156.276 23.5112 15.5486 35.5053 2.92728 4.67187 10.374 27.2081 13.5279 12.1817 10.2834 
147.553 282.812 84.2742 0 37.6661 140.455 197.486 562.806 231.035 55.4833 3.6975 214.548 30.9786 0.170539 30.0651 31.4422 145.07 74.3829 5.80939 5.41736 626.188 1.60109 4.79208 0.630978 144.93 0.195581 1.05851 23.474 
3.70078 53.6177 124.817 139.617 0 35.8402 89.3609 222.539 153.244 331.088 59.5392 2.63274 170.115 66.8163 76.2097 7.94241 150.089 1.90668 301.065 90.6174 70.9319 9.3637 55.4416 50.0238 41.1369 62.1417 2.43142 26.3276 
171.469 370.664 34.1425 136.638 614.207 0 235.745 10.5782 604.964 845.201 135.241 111.88 352.584 2.1706 29.8743 1.53756 148.648 0.367479 49.9932 6.99408 44.0118 7.95275 2.09691 0.671288 149.107 3.68637 19.5777 21.2986 
241.945 167.515 89.2205 121.82 257.823 39.8747 0 105.885 165.381 84.9239 227.236 69.0058 31.3447 6.59441 137.557 10.4284 36.2267 234.157 146.521 35.9435 144.061 0.355564 15.5109 53.2548 38.749 79.1339 3.2992 44.5391 
307.455 193.273 160.02 421.545 121.393 81.4054 316.634 0 139.423 115.314 373.625 35.331 141.011 104.395 121.827 90.0858 6.61206 154.271 87.1905 66.2825 153.642 59.4806 53.4988 0.199049 0.501202 99.6466 61.4195 16.6439 
164.271 192.6 92.4653 463.768 108.374 605.738 1236.49 130.253 0 344.624 1206.56 56.3038 118.798 107.543 30.9027 54.9782 198.862 16.1718 0.579695 49.2191 9.95948 0.0371781 101.771 65.6499 174.191 122.602 7.7624 68.4575 
9.63527 87.888 89.0404 12.4515 330.396 444.454 72.7987 115.612 0.826664 0 540.907 165.312 104.832 1.00336 11.5428 85.3551 3.35595 120.664 104.972 8.63184 1.32337 13.5331 19.2482 13.1575 6.3336 41.0661 47.6532 20.893 
25.6776 77.6452 172.636 192.05 253.288 73.3435 148.179 329.831 484.516 586.813 0 512.677 86.7136 206.922 407.78 99.0776 93.9874 9.79563 28.5853 0.2922 35.9812 8.85233 96.9494 28.814 93.9528 1.06567 1.02171 0.379712 
226.799 178.631 177.168 5.06675 96.702 96.3189 188.946 669.593 303.66 214.941 133.299 0 8.92999 146.037 251.188 290.948 64.5355 140.043 0.036612 84.1027 117.186 72.9494 0.430778 112.694 16.1338 209.665 57.6371 15.9352 
2.40406 78.6171 50.0688 8.32392 22.38 3.55208 58.3534 72.5174 181.882 168.176 2.27169e-05 44.8371 0 26.8136 43.2413 76.8535 28.5424 0.446963 7.80291 36.537 77.2591 0.933595 2.36992 11.0824 54.1489 3.19166 11.7269 30.4564 
31.8952 60.3312 16.6117 8.21227 2.54226 18.8215 78.6995 113.367 59.1927 1.31482 213.291 121.203 147.997 0 58.3995 7.77212 0.663936 13.3866 27.3442 4.50805 44.9485 10.2972 5.65316 0.647963 3.50603 13.013 2.82158 4.20184 
16.4269 96.7267 33.6082 4.61751 72.0804 25.3873 51.1293 12.4832 214.287 116.37 396.94 182.257 113.124 37.981 0 81.6737 29.9602 53.9168 5.54452 8.27982 57.9862 0.0301261 23.0594 20.965 19.5587 29.7144 10.5309 13.0038 
23.9567 2.58137 3.04395 39.3906 70.4655 21.5557 0.948871 115.506 80.3125 74.5447 5.55788 493.991 12.511 14.7521 32.0926 0 17.689 0.498758 18.1303 6.11866 9.26935 0.698501 6.47389 15.0412 12.0294 32.7765 18.2528 20.644 
160.535 232.741 21.0613 193.492 94.9223 136.961 83.2429 98.1002 196.039 50.7134 41.7811 68.6703 58.4156 12.3952 8.10656 12.3959 0 89.7481 587.744 3.88925 3.54428 20.2539 18.0526 16.1932 152.342 22.9513 19.6902 23.6208 
120.976 23.9719 51.8161 142.903 202.126 44.5477 141.468 5.45368 209.032 3.75124 129.4 114.006 12.3475 27.3862 20.4633 46.481 1.0677 0 89.0644 76.2732 57.5665 4.04591 13.4467 42.3038 14.6582 24.6822 29.5152 3.2715 
66.0157 48.4958 13.0188 11.2635 249.856 31.242 0.656143 115.565 40.1496 78.9335 44.1681 97.4706 37.5107 19.1162 38.2593 0.103813 33.7777 127.581 0 22.2327 19.432 12.8575 16.687 21.2113 4.97177 11.0835 3.17871 2.96805 
12.7784 141.369 5.37653 14.5482 89.8702 11.9685 1.84306 87.2664 67.7797 15.2496 3.8952 6.75227 37.6315 3.88441 10.2155 8.42409 19.6709 87.509 0.33905 0 0.610292 6.20648 0.000118255 5.3967 9.36627 0.545755 0.549036 4.73174 
242.556 46.6087 1.56704 158.205 86.734 9.89131 19.2421 195.964 177.595 14.2765 50.4504 48.6088 34.7953 9.90778 16.4742 54.031 30.3861 34.2928 41.7873 112.018 0 29.2148 2.63779 0.000347342 3.2805 4.38697 21.3345 49.2631 
39.4928 45.5948 11.1206 9.66125 34.2751 20.5123 57.4358 52.2967 56.3102 58.8026 68.7375 72.5313 0.00755684 7.71065 14.3165 11.5433 2.88906 40.9376 15.4129 3.76937 31.3678 0 14.5998 0.874893 12.7469 7.79175 0.852068 5.69431 
1.27051 56.6097 5.55773 5.88792 37.6845 0.442537 1.95021 2.76888 82.2914 45.4499 133.523 30.9047 43.4939 7.78508 21.4165 6.29922 11.4827 2.80385 20.3723 3.00684 33.1636 1.85416 0 18.4452 6.57264 1.72668 13.409 0.0333702 
55.0013 40.1307 11.0078 13.2491 50.7245 7.66115 5.27063 129.589 79.2434 3.52062 0.897143 101.843 4.81407 4.40209 0.343463 28.3445 9.82159 25.2389 6.43637 0.191404 39.0154 0.484205 3.41572 0 43.8365 3.82646 10.242 8.19753 
148.739 138.224 18.3707 167.461 57.3918 139.523 73.5656 135.995 253.49 27.8489 120.23 568.222 23.5411 14.8542 3.1143 40.0465 154.706 48.4749 0.338425 8.012 52.8504 29.3577 21.9257 34.0184 0 100.747 79.4775 50.0633 
37.0752 23.2827 20.3664 24.7615 29.1435 26.4877 39.9701 7.1562 122.673 74.0394 153.482 307.777 2.87277 7.27653 30.6243 30.3222 23.1119 34.6714 1.60371 1.24543 7.52832 6.36601 3.15447 16.3032 11.1854 0 35.9436 63.309 
51.0439 37.0542 17.5306 15.6698 30.7361 0.26246 0.212956 37.899 31.1854 29.0696 52.9686 0.0194982 37.0744 2.18052 6.5031 8.1478 22.428 44.455 24.0915 4.22642 40.0206 2.03475 13.4209 5.83666 14.5204 0.126496 0 55.834 
38.4652 43.8974 22.0863 16.4115 57.0133 12.727 28.2388 10.8879 83.1042 24.259 59.5229 145.391 24.1603 10.3707 22.2815 18.5742 23.2384 12.358 5.18897 7.6349 24.87 6.49172 10.0938 14.4469 13.7655 27.9415 3.8693 0 
