0 289.261 200.412 501.205 7.50716 260.378 204.56 229.02 443.956 79.9193 39.8161 157.775 102.732 15.3635 40.5589 25.8269 200.459 160.008 64.3095 31.592 237.229 39.6012 16.8657 27.6958 188.077 40.8308 48.4461 14.7593 
193.563 0 51.1988 341.459 235.26 275.177 391.999 145.692 559.57 212.23 95.7018 219.326 17.6563 70.958 93.3657 29.4266 197.4 207.835 108.802 33.0033 37.8823 41.5523 56.9498 25.2145 238.332 28.9034 4.46977 56.3088 
206.721 469.561 0 16.5634 188.455 4.86413 245.311 112.826 386.121 36.1778 115.583 56.9541 64.402 2.65279 7.62404 20.2952 14.8255 156.981 23.09 15.3169 34.4293 2.96548 4.73524 10.2922 27.2769 13.3282 12.2582 10.1701 
194.535 338.457 87.7169 0 39.0655 189.76 198.304 904.637 275.576 56.3497 3.14446 211.864 30.5795 0.194799 30.3089 31.7945 194.462 75.6928 5.58765 5.73229 222.75 1.63475 4.70793 0.682331 194.3 0.14849 1.10628 23.3017 
4.44567 47.0356 122.537 140.778 0 43.674 95.5333 222.371 148.811 331.662 61.5814 2.36417 169.496 66.6474 76.711 7.6883 150.473 2.32243 300.9 90.8942 71.6637 9.53819 55.3766 49.87 41.4388 61.9089 2.36241 26.5488 
222.195 419.396 33.2724 186.269 80.7854 0 113.565 11.6849 651.406 744.758 139.29 113.122 56.5924 2.07908 29.5294 1.44882 198.552 0.483654 49.1247 7.13124 43.5922 7.85422 2.0382 0.636406 198.567 3.8056 19.6038 21.2437 
240.131 157.333 85.205 119.32 265.218 24.0709 0 100.699 207.709 93.8512 218.847 66.5567 32.8845 6.22994 138.061 10.9123 35.6326 234.288 145.847 36.5851 144.035 0.313965 15.8497 52.9112 39.3142 78.5657 3.41046 44.8992 
307.042 196.176 164.241 421.072 119.634 78.9892 321.6 0 151.059 113.314 373.17 48.7294 141.385 105.152 119.945 93.9848 6.38988 155.1 87.7226 67.1029 155.054 59.3071 54.1583 0.298991 0.310128 102.813 61.962 15.9697 
215.507 246.351 102.612 514.46 112.524 652.348 1206.73 141.613 0 340.843 486.592 52.7427 117.136 106.47 21.7866 53.6356 249.061 15.2905 0.719977 49.8997 10.5539 0.0517196 101.677 66.2371 222.975 121.773 7.97148 68.9753 
9.0729 85.3398 88.1095 11.9004 329.529 428.497 64.7794 117.611 0.367951 0 531.702 163.024 99.488 1.16708 10.665 85.7586 3.53123 119.917 104.288 8.41573 1.21616 13.2472 19.6025 13.4574 6.58451 41.5921 47.6648 20.6203 
24.7276 75.3482 169.678 193.036 254.092 69.7844 155.98 326.883 517.344 581.574 0 510.757 84.2845 207.863 408.085 95.9537 94.0959 10.2838 27.9615 0.242377 36.6947 9.08581 97.9543 29.6746 92.8025 0.823918 1.11235 0.464335 
226.441 177.204 178.08 4.14435 97.8458 94.9822 186.22 701.628 299.135 216.548 125.85 0 9.40143 147.173 253.509 305.464 64.8424 139.602 0.0561239 84.4789 118.156 73.0965 0.320115 114.807 21.6593 218.937 56.8329 16.9564 
2.23769 79.6169 49.6405 8.58257 23.3444 2.74313 56.4389 71.6421 182.943 162.387 0.0245342 45.7505 0 24.9486 42.0264 76.4644 28.8021 0.515527 7.54146 36.6639 77.3113 1.09291 2.10421 11.4407 54.0534 3.32138 11.6093 30.6192 
32.145 60.6161 16.5934 8.08118 2.40021 18.929 78.1236 112.75 57.9199 1.14081 213.275 122.752 146.831 0 59.2538 7.4661 0.688854 13.193 27.3278 4.49939 44.9595 10.261 5.435 0.587707 3.41415 13.0057 2.78144 4.14353 
16.7628 96.7078 33.5392 4.43416 72.6193 25.0153 52.495 13.4928 213.21 117.424 393.597 178.157 112.55 36.0715 0 83.2967 29.9754 53.6407 5.4185 8.2339 58.013 0.0222662 22.867 21.258 19.8015 29.8249 10.4378 12.8618 
24.447 2.76701 3.17213 39.166 70.6608 21.7143 1.10652 119.563 81.7114 73.9119 6.57192 491.886 12.0319 14.4831 29.2503 0 17.6032 0.449561 18.0067 6.07317 9.03874 0.728776 6.61097 15.5917 11.678 32.8113 18.2156 20.7424 
209.625 281.196 20.7181 243.167 93.7102 186.53 83.7838 98.2148 245.076 51.146 42.1921 68.9572 58.2601 12.3234 8.00908 12.3045 0 85.7598 512.335 3.98754 3.6626 20.2782 18.0269 16.1409 201.874 23.0192 19.6535 23.6453 
118.618 25.4085 53.4977 142.521 200.572 45.5051 143.603 5.86 209.744 3.44995 128.505 113.296 12.6769 27.1621 20.7681 46.7234 0.605631 0 90.2276 76.6495 56.9243 4.12229 13.3012 42.1853 14.4509 24.9473 29.6421 3.35967 
66.7788 49.9034 13.3752 10.9689 253.379 32.0743 0.499135 115.447 41.106 78.0178 43.454 97.3118 37.0567 19.219 38.2892 0.0897152 31.4358 126.725 0 22.0596 19.168 12.9405 16.7585 21.1596 4.89141 10.9716 3.13448 2.91571 
14.5372 141.159 5.19301 14.0982 90.1683 12.1195 2.02978 86.5404 67.1219 14.9824 4.0837 7.04147 37.749 3.89851 10.1813 8.45561 19.5191 87.5453 0.305946 0 0.0815657 6.21232 1.61927e-05 5.37906 9.31092 0.52267 0.564013 4.69023 
242.924 45.428 1.31228 157.257 86.0358 9.60987 18.6513 195.201 178.159 13.9434 51.2385 47.653 35.0872 10.0551 16.7108 54.2584 30.1229 34.8709 41.4914 120.64 0 29.2688 2.70836 9.00517e-05 3.4058 4.547 21.1914 49.3367 
39.5308 45.4694 11.1496 9.71771 34.0453 20.514 57.5965 52.0723 56.0802 58.6704 68.9817 72.3736 5.3862e-05 7.78128 14.3952 11.5197 2.84946 40.9833 15.494 3.75207 31.3319 0 14.5344 0.926415 12.772 7.75499 0.873814 5.72705 
1.20814 56.653 5.6228 5.79814 37.919 0.471642 2.08561 2.55839 81.7641 45.7776 133.58 30.0318 42.6359 7.60734 21.1734 6.16197 11.429 2.72737 20.4237 2.9945 33.0564 1.95899 0 18.079 6.3715 1.77319 13.3978 0.0387422 
55.1225 39.8523 11.0866 13.4148 50.8691 7.569 5.06825 130.169 78.7378 3.35305 0.734393 103.995 4.57029 4.27637 0.273082 28.5308 9.88353 25.4165 6.50807 0.183099 38.8629 0.523303 3.01628 0 43.9859 3.71865 10.3609 8.2741 
198.667 187.963 18.543 216.792 57.1693 189.046 74.0199 137.909 303.623 28.2764 119.31 1166.6 23.2771 14.923 3.266 36.9314 204.241 48.663 0.315979 8.07032 53.0323 25.0039 21.6686 34.4887 0 92.4332 62.4922 37.4148 
36.58 22.841 20.1904 24.3825 29.4925 26.4124 40.6581 6.09713 121.845 73.8532 152.608 299.842 2.99629 7.18279 30.6792 30.5466 23.0446 34.9396 1.65601 1.27977 7.73174 6.40625 3.21177 16.2631 10.9348 0 36.1013 63.132 
51.0201 37.2386 17.4837 15.5478 30.8911 0.279914 0.185144 37.3595 31.5276 29.2543 52.5691 0.00440654 37.0145 2.14395 6.41582 8.04596 22.4262 44.4275 24.0774 4.19318 39.9358 2.00314 13.4306 5.72743 14.4714 0.0888899 0 57.6624 
38.7354 44.1639 22.0694 16.2222 57.0047 12.8322 27.8806 10.3313 83.5181 23.9789 58.8388 146.715 23.9864 10.3288 22.2203 18.7056 23.268 12.5116 5.12294 7.67476 24.673 6.45973 10.1001 14.4512 13.916 26.8447 3.15518 0 
