0 350.931 202.482 585.15 9.0886 339.658 200.669 224.324 522.557 81.6984 41.5419 160.466 102.316 15.7091 39.9663 25.0813 278.535 156.68 65.4581 39.1639 238.471 39.5462 16.5861 27.2708 265.308 40.0862 48.3142 14.4006 
276.486 0 37.9705 427.927 218.574 347.339 406.154 141.09 631.856 214.804 99.372 218.585 18.6399 71.0362 92.9962 28.6705 273.894 764.758 106.538 34.8996 36.2405 41.7816 56.9782 24.786 316.343 29.6103 4.63372 56.0185 
208.015 472.501 0 24.4413 188.38 5.56457 246.811 119.17 371.082 37.7405 110.704 59.7059 64.8483 2.53043 7.99265 20.068 15.2977 157.97 22.461 14.9686 32.8349 3.02311 4.83059 10.1689 27.376 13.0289 12.3725 10.0003 
268.668 424.926 99.2444 0 41.197 266.732 199.417 120.806 345.548 57.6476 2.39767 207.726 29.982 0.234189 30.6704 32.3164 271.546 77.656 5.26229 6.21891 170.678 1.68584 4.58268 0.763013 271.352 0.0899583 1.17983 23.0416 
5.68815 37.9009 119.085 142.473 0 56.083 105.067 222.067 142.194 332.241 64.6894 1.98808 168.528 66.3871 77.4532 7.31411 151.011 3.02218 300.372 91.2934 72.76 9.80224 55.2753 49.6361 41.8902 61.5547 2.26064 26.8809 
301.294 495.283 31.9677 263.733 486.289 0 825.756 13.4422 722.937 357.389 145.359 114.965 227.063 1.94517 29.0067 1.32042 276.403 0.687642 47.8193 7.33848 42.9616 7.7069 1.95148 0.585764 275.749 3.98735 19.642 21.1599 
237.31 142.413 79.2681 115.549 276.201 12.2541 0 93.0882 278.26 107.874 206.324 62.9412 35.2512 5.70152 138.768 11.6561 34.7464 234.409 144.802 37.5515 143.976 0.256405 16.363 52.3918 40.164 77.7028 3.58057 45.4376 
306.272 200.491 170.524 422.608 116.993 75.3938 328.864 0 169.117 110.314 372.287 72.6082 141.928 106.268 117.099 99.8987 6.06312 156.324 88.5146 68.3301 157.148 59.0439 55.1468 0.486815 0.108988 107.582 62.7731 14.9811 
295.428 330.196 118.527 593.13 118.828 724.126 1153.27 159.284 0 334.91 1123.37 47.5878 114.636 104.852 12.2209 51.6361 327.349 14.0116 0.958765 50.9215 11.476 0.078016 101.52 67.1133 299.152 120.502 8.28961 69.7473 
8.25931 81.5512 86.6913 11.0945 327.952 402.857 53.5103 120.605 0.0232353 0 516.904 159.564 91.6246 1.43546 9.40815 86.3405 3.8022 118.782 103.243 8.09584 1.06379 12.8223 20.137 13.9117 6.96899 42.3799 47.6794 20.2129 
23.3313 71.9426 165.174 194.439 255.218 64.5568 167.876 322.312 565.343 572.505 0 507.357 80.6735 209.137 407.694 91.2949 94.252 11.0367 27.0354 0.176346 37.7738 9.44096 99.4451 30.9827 91.0672 0.519336 1.25541 0.607161 
225.844 175.034 179.377 2.93216 99.5589 92.9684 182.098 748.114 292.226 218.89 114.952 0 10.1297 148.826 256.771 326.832 65.3002 138.925 0.0931643 85.034 119.602 73.3116 0.184821 117.954 32.3051 232.761 55.628 18.5407 
1.99907 81.1146 48.9942 8.97709 24.8234 2.38767 53.6067 70.3297 184.494 153.714 0.158806 47.1307 0 22.2542 40.2195 75.8639 29.192 0.627528 7.15672 36.8523 77.3855 1.35506 1.73467 11.9868 53.9056 3.5205 11.4337 30.8625 
32.5189 61.0378 16.5631 7.88544 2.19452 19.0873 77.2469 111.801 56.0191 0.902647 213.105 125.044 144.949 0 60.3252 7.01151 0.727077 12.9044 27.3014 4.48619 44.9733 10.2048 5.10558 0.502533 3.27799 12.9922 2.7216 4.05643 
17.2709 96.6628 33.4264 4.16521 73.4192 24.4547 54.5576 15.0745 211.474 118.95 387.797 171.932 111.644 33.1718 0 85.4071 29.9966 53.2234 5.23186 8.16468 58.0488 0.0126981 22.5652 21.6894 20.1638 29.9811 10.2982 12.6486 
25.1877 3.05713 3.36863 38.8178 70.9462 21.9489 1.36541 125.668 83.8061 72.9471 8.24685 487.094 11.3278 14.0702 25.121 0 17.4741 0.380522 17.821 6.0047 8.6975 0.775323 6.81626 16.415 11.1562 32.8426 18.158 20.8861 
286.258 356.861 20.2056 320.663 91.8837 263.882 84.5878 98.3793 321.621 51.7932 42.8095 69.3845 58.0236 12.2155 7.86364 12.1673 0 79.8769 287.635 4.13691 3.84354 20.314 17.988 16.0621 279.161 23.1202 19.5981 23.6814 
115.082 29.2066 56.0456 141.904 198.188 46.9489 146.789 6.49551 210.766 3.02108 127.151 112.223 13.1779 26.826 21.2277 47.0846 0.156223 0 91.9653 77.2035 55.962 4.23808 13.0838 42.0058 14.1417 25.3458 29.8321 3.49396 
67.9208 52.0373 13.9161 10.5327 258.469 33.3317 0.303741 115.259 42.5541 76.637 42.3882 97.0665 36.377 19.3726 38.331 0.0704978 28.3351 125.416 0 21.7993 18.7741 13.065 16.8651 21.0813 4.77195 10.8042 3.06864 2.83796 
17.4205 140.788 4.92248 13.4311 90.6 12.3461 2.32635 85.4408 66.131 14.5844 4.37431 7.48563 37.9233 3.91949 10.1294 8.50224 19.2909 87.5861 0.259445 0 0.209931 6.22089 3.88869e-05 5.35234 9.22754 0.488946 0.586838 4.62806 
243.367 43.6761 0.972134 156.973 84.9837 9.19417 17.7797 194.015 178.973 13.4498 52.4257 46.2303 35.5255 10.2775 17.0675 54.5948 29.7286 35.7434 41.0468 133.818 0 29.3491 2.81579 0.0026844 3.59781 4.79192 20.9768 49.4446 
39.5863 45.2792 11.1926 9.8023 33.6999 20.5147 57.8333 51.7336 55.7324 58.4654 69.3433 72.1319 0.0125822 7.88636 14.5119 11.483 2.79053 41.0505 15.6153 3.72609 31.2773 0 14.4308 1.00625 12.8096 7.69961 0.906907 5.77612 
1.11741 56.7136 5.72055 5.66422 38.2693 0.51699 2.29696 2.25783 80.9635 46.2646 133.631 28.739 41.3511 7.33001 20.7975 5.95616 11.3482 2.61454 20.5 2.9759 32.8944 2.1208 0 17.4898 6.07353 1.84389 13.3799 0.0475429 
55.2995 39.4332 11.204 13.6631 51.083 7.43108 4.7716 131.005 77.9711 3.10893 0.520629 107.214 4.2157 4.08886 0.182508 28.7733 9.97649 25.6829 6.61607 0.170972 38.6322 0.584683 2.45658 0 44.1731 3.55904 10.5389 8.38874 
276.557 265.57 18.8 293.775 56.8318 266.324 74.6937 140.743 381.792 28.9196 117.906 277.103 22.8819 15.0239 3.49956 32.1636 281.533 48.9427 0.283738 8.15767 53.3017 20.0635 21.2808 35.0285 0 78.6732 49.3355 25.259 
35.8385 22.1835 19.9239 23.8127 30.0172 26.2958 41.6935 4.6639 120.577 73.5613 151.248 287.539 3.18617 7.04191 30.7514 30.865 22.9428 35.3413 1.73595 1.33205 8.04124 6.46652 3.29826 16.1993 10.5672 0 36.3265 62.7955 
50.9817 37.5142 17.4125 15.3646 31.1231 0.307134 0.147047 36.5534 32.0423 29.5307 51.9683 0.00189726 36.9233 2.08955 6.28551 7.89353 22.4229 44.3848 24.0556 4.14344 39.8071 1.9561 13.4439 5.56476 14.4025 0.0448741 0 60.3697 
39.1395 44.5618 22.042 15.9383 56.9887 12.9896 27.3449 9.5215 84.1309 23.5596 57.8115 148.659 23.7252 10.2652 22.1255 18.8996 23.3118 12.7434 5.02453 7.73435 24.3777 6.41168 10.1088 14.4562 14.1503 25.2113 2.2165 0 
