0 222.22 211.02 563.841 28.6421 310.101 164.25 180.75 482.872 96.9458 57.52 182.33 98.221 18.7914 34.8 18.9019 239.526 126.723 75.2473 86.7268 243.9 38.9938 14.2112 23.611 218.911 33.6572 47.0538 11.4278 
336.117 0 7.77314 456.89 88.806 260.827 499.912 101.926 530.388 232.6 132.026 209.692 28.0738 71.2987 89.0419 22.3485 222.3 376.148 86.4664 52.6065 23.2414 43.6823 57.0098 21.1331 276.123 35.8721 6.16456 53.3344 
209.507 409.892 0 175.254 182.049 13.2853 246.55 174.391 216.589 51.8341 69.9498 84.6938 68.2855 1.57499 11.4112 17.938 19.5634 162.95 17.1961 11.943 20.1894 3.53769 5.66947 9.07704 28.0279 10.4643 13.3445 8.54373 
229.821 454.316 44.4048 0 61.0124 218.926 203.179 713.887 246.98 68.713 0.168224 167.323 24.8964 0.724076 33.5665 36.4458 223.701 94.3751 2.82601 11.0866 294.175 2.15725 3.54926 1.64187 223.275 0.194334 1.91029 20.7155 
22.5089 0.0119304 88.1945 154.696 0 136.412 197.484 216.85 87.9808 323.122 93.4904 0.0900057 158.251 63.7839 83.3573 4.43103 153.836 12.8048 282.056 93.9305 82.1506 12.2055 54.1993 47.4656 45.7304 58.2465 1.46897 29.7631 
271.476 427.249 20.9595 220.253 405.978 0 750.866 33.1916 577.387 1005.58 195.985 129.828 210.297 0.959545 24.2679 0.45054 235.16 3.92672 36.5332 9.1966 37.4651 6.45689 1.27074 0.233141 228.534 5.70269 19.9217 20.357 
208.281 38.7509 34.2287 82.6271 361.752 452.862 0 37.5114 1018.98 250.765 105.466 34.9947 58.2856 2.06943 142.314 18.9509 27.3466 231.62 134.118 46.0608 142.473 0.0014407 21.036 47.7211 47.5809 69.7439 5.21444 50.0088 
292.16 235.252 220.658 398.683 94.1288 46.3225 380.58 0 344.696 84.592 354.814 424.873 145.728 114.843 91.6972 152.504 3.57409 165.859 95.0417 78.7269 173.978 56.6148 63.6092 3.9929 2.66362 148.726 69.6346 7.62809 
275.35 350.158 275.875 540.567 175.999 580.286 439.124 333.31 0 272.364 1432.95 13.3222 92.8272 90.5682 94.875 35.249 289.595 5.18036 4.43252 59.7746 20.9265 0.530599 99.3718 74.4297 243.812 108.304 11.2704 76.178 
2.76343 50.9323 73.48 5.20694 300.974 160.875 0.473885 146.072 14.1475 0 351.524 128.589 34.123 4.8777 1.72418 90.1721 6.54174 108.234 93.3245 5.54863 0.168666 9.36674 24.8996 18.053 10.6931 49.0964 47.664 16.7688 
12.7706 44.8148 123.896 202.581 260.871 26.2305 275.946 276.064 798.97 441.936 0 453.439 51.5116 213.036 363.439 53.4084 95.2756 18.568 19.5203 0.04325 47.5238 12.7572 111.386 43.0366 75.682 0.81493 2.84863 2.63368 
217.663 154.864 186.935 1.22265 114.192 75.2842 145.259 1014.63 227.817 235.517 38.099 0 17.4679 160.259 273.176 468.897 69.1342 132.395 0.803607 89.3615 131.546 74.9013 0.559957 143.62 81.3378 338.97 45.3152 34.709 
0.489972 93.9143 43.2374 12.7019 39.1292 37.802 31.3987 59.05 195.778 82.4392 6.17525 59.5317 0 4.91243 25.5763 69.8752 32.5849 2.05261 4.21699 38.3855 77.8221 4.76391 0.0230037 17.1132 52.4048 5.46672 9.94636 32.9205 
35.7042 64.384 16.1617 6.24461 0.791194 20.2999 69.0781 102.471 40.1772 0.00594738 204.478 142.937 122.725 0 58.3629 3.44395 1.09964 10.4997 26.9888 4.36088 44.9613 9.62971 2.36163 0.0402813 2.19183 12.7481 2.22254 3.32267 
21.8752 95.4438 32.0041 2.15913 79.888 19.5318 72.8573 31.9173 190.85 129.213 303.506 116.22 101.695 9.94798 0 85.5726 30.1053 49.4513 3.73376 7.55057 58.1366 0.0416211 19.3531 24.9557 23.1742 30.8406 9.08833 10.7945 
31.824 6.14114 5.2668 35.2687 73.0232 23.8125 4.71251 177.526 101.547 63.872 29.9959 373.203 6.02198 10.1671 1.35706 0 16.3362 0.0228384 16.1987 5.40254 5.97977 1.23336 8.54526 23.0417 6.96607 32.059 17.5622 21.9247 
234.691 296.162 15.8996 275.802 75.8065 218.506 91.1604 99.4306 268.867 57.2836 48.1844 72.9304 55.8202 11.277 6.64101 10.9848 0 35.5566 523.1 5.52752 5.58025 20.597 17.6243 15.3616 232.824 23.9539 19.0987 23.9591 
84.8873 73.9434 78.9908 134.523 175.07 59.7376 173.168 13.2938 217.265 0.487852 114.891 102.557 17.8569 23.918 25.3166 50.0797 8.47246 0 106.529 81.4629 47.707 5.29992 11.2465 40.3621 11.5645 28.8319 31.4521 4.75834 
77.6133 71.4105 18.8945 7.06459 291.387 44.532 0.634245 113.033 55.6823 64.4163 33.4713 94.5805 30.5744 20.6659 38.5351 0.000874927 20.7126 112.981 0 19.5184 15.4781 14.1413 17.7645 20.3644 3.7885 9.38052 2.52354 2.20369 
53.2414 134.761 2.8339 8.13342 93.5295 14.2988 5.70459 75.4641 57.3847 11.2926 7.28044 11.8405 39.3278 4.093 9.65143 8.87268 17.3004 87.2551 0.01669 0 45.4359 6.28651 0.00905893 5.1089 8.49047 0.242484 0.802292 4.09564 
241.753 29.569 0.161534 206.108 75.6762 5.93721 11.0086 181.766 184.427 9.49777 62.9393 34.5159 39.3361 12.2729 20.2437 57.2678 26.343 43.5493 37.1717 247.476 0 30.0107 3.82656 0.174662 5.46417 7.15539 19.1236 50.2444 
39.9899 43.5321 11.5416 10.5285 30.6787 20.4264 59.6765 48.6947 52.5905 56.358 72.2235 69.78 1.31028 8.74514 15.4461 11.1069 2.30206 41.562 16.6545 3.49961 30.7652 0 13.2683 1.82068 13.1312 7.20791 1.2171 6.19908 
0.477412 57.0252 6.57102 4.54554 41.2237 0.992779 4.53389 0.432981 73.5876 50.232 132.269 18.4597 30.4673 4.5895 17.0717 4.20921 10.6434 1.73181 21.1204 2.81101 31.4317 3.72901 0 10.9849 3.71619 2.49917 13.1621 0.161131 
56.5908 35.7394 12.1794 15.8015 52.7745 6.25523 2.55725 136.501 70.9554 1.36714 0.206398 134.017 1.7203 2.55318 0.16141 28.95 10.7831 27.9798 7.57386 0.0829771 36.5453 1.24896 0.000630266 0 43.9048 2.29195 12.0626 9.36662 
235.713 222.4 20.9463 244.654 53.7317 220.053 80.0868 163.04 342.007 34.568 104.698 829.829 19.5091 15.7764 5.80224 9.70258 235.228 51.2446 0.0766751 8.9045 55.4533 61.3371 17.8646 31.4958 0 46.7529 157.123 140.51 
29.4964 16.7654 17.506 18.8743 34.6022 25.1058 50.7672 0.300124 108.392 70.4103 137.19 169.886 5.05569 5.81775 30.8638 32.6492 22.0218 38.7833 2.50176 1.82239 10.9323 6.98216 4.07032 15.4746 7.83572 0 37.6929 56.5042 
50.5159 39.8486 16.748 13.7685 33.1053 0.594737 0.000510599 29.7491 36.5495 31.8885 46.6989 0.989413 36.0637 1.64162 5.18909 6.59395 22.3684 43.9415 23.8339 3.7177 38.6237 1.56815 13.4951 4.21932 14.069 0.287476 0 80.7078 
42.5649 47.9138 21.697 13.4944 56.6877 14.3386 22.8047 3.82794 89.0147 19.9831 48.9071 163.066 21.4592 9.67352 21.1609 20.4136 23.6567 14.8081 4.20338 8.24002 21.829 5.99145 10.1464 14.4212 16.6127 12.2675 1.06351 0 
