0 10.0824 209.376 345.118 39.797 106.207 147.872 161.368 272.492 103.213 64.742 190.634 96.2365 20.135 32.6147 16.4685 32.2813 113.762 79.2558 87.9937 243.262 38.7196 13.2374 22.0853 8.53128 30.9761 46.4588 10.2496 
194.216 0 42.5099 273.024 47.8444 36.5338 519.892 86.1912 291.379 237.473 145.99 204.652 32.5096 71.185 86.9824 19.8241 10.3974 406.362 77.9059 60.5823 18.4815 44.4368 56.9071 19.6287 68.0215 38.5718 6.86943 52.1135 
204.888 343.746 0 245.265 176.422 17.3016 239.343 196.508 149.656 57.9528 54.3024 95.5881 69.4936 1.23185 12.9518 16.9635 21.4432 163.064 15.0961 10.6818 15.5894 3.76288 6.0287 8.60612 28.1894 9.40932 13.744 7.93966 
40.5714 270.832 83.5684 0 69.9088 8.42104 201.546 193.359 21.9065 73.2184 1.53419 148.551 22.8112 1.00962 34.6477 37.944 12.6218 101.149 2.01161 13.443 691.898 2.37157 3.14287 2.10696 12.1299 0.567198 2.26802 19.7004 
32.6548 7.75756 75.1269 158.406 0 150.834 238.946 213.286 67.6205 311.896 106.422 0.0291266 152.957 62.5038 85.5428 3.4148 154.017 18.8564 267.417 94.5896 86.0333 13.2801 53.6396 46.4739 47.3071 56.7268 1.18373 30.9804 
68.171 202.912 16.6587 11.5692 252.844 0 1480.55 43.7006 305.526 890.63 215.193 135.401 89.0474 0.641992 22.1912 0.218153 26.8217 6.0681 31.8819 10.0088 35.14 5.94567 1.023 0.131473 17.5982 6.49688 20.012 19.9782 
193.923 13.2921 19.9418 69.1027 390.111 751.223 0 20.7977 1236.71 314.709 70.0415 25.2924 69.1532 1.06549 142.388 22.4495 24.3928 228.4 128.799 49.69 141.307 0.0257131 23.1187 45.6682 50.717 66.1589 5.989 51.8795 
282.386 248.147 238.302 307.028 84.6207 35.5531 395.289 0 420.946 74.0753 342.401 610.653 146.833 117.824 80.8564 174.139 2.711 169.274 97.6024 82.9431 180.279 55.5115 67.0965 6.46141 6.02545 165.234 72.4243 5.21676 
77.464 171.277 341.292 317.819 200.604 308.799 165.063 409.929 0 241.478 1630.46 5.01448 83.6782 84.4753 85.2049 28.9674 82.5678 2.71404 6.64142 63.4803 25.6638 0.842503 98.0473 77.3471 29.8005 102.59 12.6462 78.7368 
1.30931 39.5571 67.5256 3.34797 283.06 87.9415 4.70311 156.375 28.9528 0 271.755 115.263 17.3165 6.90847 0.312492 91.1092 7.90378 103.439 88.7219 4.60008 0.0217442 8.03859 26.9652 19.8999 12.4654 51.8445 47.5811 15.3677 
9.19113 34.8788 106.009 203.768 261 14.6361 320.973 253.625 829.178 366.907 0 419.07 40.6332 210.778 325.52 39.4683 95.5286 22.2679 16.6436 0.224197 51.832 14.2812 115.82 48.445 69.0961 2.51765 3.70951 3.90824 
212.645 145.727 188.06 5.25692 120.204 67.8133 129.464 1026.09 199.248 240.407 17.2126 0 21.0954 163.413 273.327 493.166 70.6777 129.291 1.31273 90.9163 136.237 75.422 1.55016 153.254 42.4699 370.71 41.0708 42.6939 
0.15741 99.1714 40.7408 14.4308 45.8859 61.1784 23.4907 54.3696 199.312 56.621 11.2686 64.9639 0 1.26068 20.1004 66.9588 34.0217 2.89731 3.1946 38.9778 77.8948 6.79373 0.117705 19.4691 51.6546 6.40413 9.33763 33.7604 
37.0149 65.6222 15.919 5.58641 0.406454 20.7209 65.3629 97.9919 33.9497 0.262319 197.148 149.241 110.746 0 51.8207 2.23149 1.27914 9.5387 26.8116 4.30219 44.8853 9.34186 1.4077 0.000275148 1.78813 12.5778 2.02289 3.02564 
23.9165 94.4868 31.1733 1.49657 82.3446 17.4564 80.6381 40.5292 179.469 131.81 254.587 93.1506 96.4731 3.48517 0 76.1324 30.1105 47.781 3.16789 7.2842 58.0538 0.114077 17.7323 26.0341 24.3579 30.9298 8.57919 10.0142 
34.7192 7.74043 6.1631 33.513 73.6819 24.4991 6.70276 197.578 108.674 59.7225 42.6501 297.405 4.24171 8.44818 0.327461 0 15.8461 0.0021319 15.5082 5.14451 4.96728 1.45525 9.228 25.3304 5.41865 31.1749 17.2603 22.2466 
22.1511 79.435 14.1695 65.6533 68.9794 8.53885 93.7047 99.6709 55.5898 59.5268 50.461 74.3396 54.8086 10.8791 6.14598 10.4891 0 21.4269 530.514 6.1646 6.40338 20.7018 17.4569 15.0563 22.2333 24.283 18.8774 24.0575 
72.6715 65.75 88.8727 130.364 164.183 65.2101 183.425 16.8354 218.701 0.065837 109.466 98.2992 20.0068 22.6959 27.0937 51.2678 18.3453 0 112.33 82.9537 44.2838 5.77968 10.497 39.6213 10.5333 30.3174 32.1218 5.34582 
81.5596 79.9158 21.1311 5.77938 298.457 49.325 1.86224 111.779 61.481 59.1846 29.9027 93.3404 28.1842 21.1905 38.5358 0.023852 25.3872 107.211 0 18.5453 14.1535 14.594 18.1304 20.0414 3.40184 8.79492 2.30714 1.95736 
72.9427 130.768 2.10393 6.21001 94.317 15.111 7.55217 71.054 53.636 9.99468 8.71068 13.9396 39.8623 4.16166 9.43503 9.01032 16.4556 86.7474 0.00101752 0 84.4532 6.30954 0.017626 4.99989 8.17221 0.163494 0.902761 3.87465 
238.154 24.2643 0.977117 231.157 71.6665 4.75572 8.59162 175.6 185.843 8.01098 67.4742 29.941 40.9493 13.1506 21.6264 58.2601 24.9326 46.9611 35.527 286.582 0 30.2716 4.29576 0.327798 6.35891 8.27903 18.3453 50.5087 
40.1185 42.7418 11.6757 10.8311 29.391 20.3385 60.3392 47.3585 51.1976 55.2953 73.2991 68.6513 2.49046 9.076 15.7965 10.9175 2.10784 41.7398 17.086 3.40326 30.5281 0 12.6471 2.22652 13.268 6.99427 1.36059 6.37635 
0.286628 57.0411 6.93018 4.09787 42.424 1.2373 5.69128 0.0893651 70.2632 51.7575 130.734 14.679 26.0985 3.39842 15.3114 3.51187 10.3432 1.41081 21.3599 2.73943 30.7833 4.50206 0 7.96484 2.86316 2.797 13.0369 0.22908 
57.0027 34.1519 12.5663 16.6898 53.3996 5.77153 1.81965 137.84 67.8143 0.838346 0.904525 144.399 0.988571 1.9755 0.563539 27.9891 11.1242 28.9424 7.98971 0.0551068 35.6187 1.59745 0.408354 0 42.7796 1.82646 12.6906 9.76899 
27.5816 13.3575 21.8013 32.8285 52.3325 9.5725 82.1072 170.98 133.574 36.9751 98.6409 353.281 18.1186 16.0255 6.91127 19.5285 24.6463 52.1488 0.0283868 9.21359 56.2602 86.9494 16.4289 26.7871 0 93.1555 50.0043 72.2611 
26.885 14.6438 16.438 16.8222 36.5503 24.5106 54.6134 2.86635 102.682 68.7581 130.157 120.849 5.96262 5.30474 30.634 32.8482 21.6121 40.2115 2.86395 2.04879 12.2607 7.19595 4.40629 15.0799 6.94964 0 37.943 52.2336 
50.2476 40.8038 16.4425 13.0921 33.9263 0.74387 0.0378078 26.9906 38.4728 32.8616 44.4481 1.94676 35.6639 1.46562 4.74551 6.0598 22.3312 43.715 23.7227 3.54093 38.0874 1.41514 13.4822 3.69024 14.0936 0.72402 0 86.7848 
43.9651 49.2728 21.4941 12.4776 56.4735 14.898 20.9508 2.16773 90.8344 18.5097 45.1754 167.703 20.5023 9.40294 20.6795 20.9548 23.7841 15.7097 3.87394 8.44742 20.7605 5.81208 10.1419 14.3645 17.8761 7.84808 4.35206 0 
