0 785.598 140.697 604.215 222.212 457.535 150.133 96.0727 573.144 104.336 138.48 0.210002 108.735 41.6576 68.5788 33.618 378.424 73.0852 77.6671 66.0783 84.0198 24.3498 13.9734 12.4925 368.389 55.5512 6.69952 1.33687 
915.515 0 458.249 498.889 526.618 412.433 145.795 203.304 346.09 28.8909 267.541 219.141 148.486 48.7357 5.28695 69.1484 381.021 353.71 53.3004 12.574 13.6676 4.96944 29.4955 1.56515 370.744 8.34707 38.5612 6.32943 
156.632 2.11826 0 75.5992 185.066 0.0241347 28.6351 85.1575 335.052 102.815 241.112 11.8009 1.66442 8.07184 10.2982 22.2224 37.4448 31.799 1.28233 26.8727 21.7593 5.62666 3.76124 15.2349 0.654477 1.31013 12.5444 9.74606 
376.579 501.889 109.519 0 74.4193 340.413 191.809 134.027 405.284 10.1699 44.5613 233.502 63.1843 13.4562 39.4453 26.444 376.512 69.0592 62.646 8.05129 569.82 6.84829 2.84262 22.4279 336.535 34.3163 20.2764 32.375 
229.899 398.978 97.787 159.911 0 335.788 398.813 213.85 61.569 289.395 253.938 178.994 168.258 67.5036 42.649 40.5566 103.939 205.027 247.275 58.9544 12.266 56.4146 16.1347 1.79548 67.5812 53.4216 37.7371 33.0423 
469.096 565.375 49.5252 336.515 534.242 0 744.332 209.91 804.104 746.505 273.298 1.1481 668.788 4.87501 8.04191 5.24435 359.422 13.3958 0.318242 11.215 70.9326 3.39927 6.22386 1.0142 363.03 20.0964 0.059294 8.52729 
102.238 402.954 112.018 42.5828 430.031 953.161 0 100.999 71.5644 122.598 6.11747 24.0787 115.533 0.717253 136.864 13.2074 105.548 42.8405 133.075 94.7571 27.1933 23.2403 2.30178 70.1379 30.7732 7.92838 60.4466 55.0792 
4.749 138.062 135.471 275.228 172.912 118.409 296.734 0 71.8182 128.26 77.9499 441.638 23.8682 68.3198 181.465 23.2903 23.6034 29.6515 69.8602 116.562 141.944 2.36788 53.84 97.3295 94.0027 15.2777 15.4264 10.4647 
480.564 743.552 120.782 453.619 208.363 804.92 1291.86 79.0504 0 337.915 1684.78 79.6194 201.886 33.7863 88.7992 59.9528 399.754 28.1628 97.421 54.2118 152.224 62.8634 0.00824244 10.2028 337.065 126.472 70.5966 14.2985 
1.10209 240.766 19.099 59.1861 252.514 402.54 43.2026 89.1748 0.144022 0 281.92 37.6435 1.26545 60.6634 77.4202 0.000833825 0.280372 4.18667 104.802 21.0567 8.46668 49.7339 29.448 16.282 43.3765 72.3232 1.43983 9.08363 
5.56237 38.3352 226.959 139.91 61.1791 12.3771 479.781 10.2746 869.826 189.029 0 28.0933 43.0166 80.2744 308.77 206.37 40.7839 104.135 122.616 1.33141 0.0205028 50.1649 1.36226 4.29416 145.819 59.9807 25.7889 100.262 
85.0945 214.7 134.561 157.982 73.5919 134.492 127.318 1018.45 329.278 237.894 439.269 0 142.542 108.032 150.037 408.821 34.673 151.764 46.4446 13.5386 26.6817 57.7315 25.7059 70.9176 230.494 143.054 29.2135 73.3828 
10.9335 122.548 38.6027 1.45196 1.67038 176.27 3.00963 145.484 75.3523 5.88464 9.98262 100.784 0 135.131 91.0977 82.9253 49.8058 21.5907 24.1051 17.685 0.0225678 38.6543 55.1519 66.5132 37.236 9.53455 38.5967 15.6524 
52.2193 25.8183 1.53282 23.1959 23.4125 18.2554 63.6339 126.311 77.8024 75.7109 116.225 76.7177 116.045 0 21.4519 19.2707 8.86964 19.4574 1.01107 0.662967 0.818545 3.83181 1.99342 2.14103 5.57235 8.72294 5.09748 3.81216 
0.00164737 15.0861 11.4737 1.01786 47.6305 12.0855 104.516 8.85294 200.77 65.5102 367.164 265.889 115.184 61.9372 0 81.2418 0.901979 28.6037 1.1803 0.0908309 32.6007 10.2329 24.7617 22.4178 8.79487 12.8495 1.3236 18.9414 
72.7052 73.6974 1.57206 0.167859 40.7065 26.0748 1.96339 40.204 108.809 39.6583 164.802 69.9172 45.2764 15.9092 32.8128 0 19.305 20.3743 4.40181 2.92566 12.2805 0.000397314 0.0770317 1.19124 26.0476 29.2291 18.1385 22.7816 
442.527 469.329 38.4709 370.881 146.571 387.529 9.39975 64.47 394.898 38.7183 93.7094 30.0098 0.526502 21.6941 27.4711 23.3895 0 7.27577 246.909 27.3961 65.4331 17.9058 18.8957 20.9929 364.223 0.655394 18.0477 18.617 
37.6822 397.105 14.994 3.7303 1.22216 7.7913 183.948 177.115 198.915 121.679 113.188 144.633 49.4263 7.13928 46.3481 59.6985 38.0066 0 57.6008 12.457 67.6972 3.21691 43.5162 14.7129 31.9862 61.6468 8.30698 30.2859 
75.3017 132.1 56.8327 61.9846 124.841 88.0587 71.3167 116.087 149.953 78.7048 128.063 38.5033 58.7339 15.4919 30.3484 26.7742 230.667 145.057 0 9.41681 31.1941 0.0822857 0.100613 15.6377 30.8398 21.4588 6.24876 19.2915 
1.44403 139.78 26.282 11.1792 60.5994 6.32141 71.3558 6.30137 41.8632 29.1487 1.87084 26.4546 16.1473 0.475843 0.156247 9.67299 0.308036 0.254256 2.51981 0 303.086 5.46453 2.86582 0.904321 0.108017 1.7158 1.89338 9.16621 
108.409 18.7837 74.5319 77.4846 130.357 39.1642 143.5 201.259 115.778 0.0530608 1.35691 143.652 34.6904 38.6188 55.0921 51.056 36.8484 25.6217 10.8758 290.883 0 27.4694 25.022 44.6928 41.9517 14.6572 44.2779 1.81781 
13.0182 11.8594 0.00254669 0.354373 7.31501 19.336 52.1034 7.16034 0.850156 49.8857 75.1831 24.2354 48.6551 10.7329 1.53105 11.9094 6.14399 21.5719 0.0500369 5.05362 32.2368 0 15.1719 3.86019 18.2079 3.73121 5.73625 0.26351 
35.6961 31.8994 4.6108 3.76368 52.5631 0.287868 16.3745 97.4329 15.3936 6.10408 45.4905 80.9171 7.48295 4.15062 25.227 12.3431 17.1729 44.1822 0.436373 3.38252 21.7844 0.71639 0 13.446 1.37693 3.35473 12.7682 6.2431 
57.6048 9.33057 4.15059 6.89509 31.5922 8.47243 26.6182 10.631 49.3141 55.3226 18.8513 81.6955 26.7317 0.00228794 16.8526 4.1798 1.64793 12.8982 4.18938 6.13681 1.62535 3.06778 20.3011 0 44.1354 3.96273 3.7734 4.60798 
337.873 337.048 8.72386 349.244 14.7521 354.169 4.21719 14.1584 450.398 17.7178 142.011 64.2831 3.96179 8.63599 0.0311827 27.302 363.835 23.5656 28.7096 12.1997 52.0875 31.8672 8.38435 5.41613 0 78.5821 167.432 7.20441 
59.3576 83.1077 5.83915 41.451 40.5177 4.25491 99.0063 194.186 126.406 12.3111 47.6547 357.32 9.01119 0.905167 9.87355 23.2146 18.67 59.0795 28.0587 7.73149 19.4573 3.65581 1.89036 16.3507 4.50359 0 14.2361 31.556 
1.99866 5.2882 0.0239496 0.0118934 0.229596 19.0887 56.6695 84.1845 79.6578 25.3641 15.0632 109.777 26.1246 5.87033 0.0594142 14.9456 22.1328 38.1523 24.2947 10.3396 34.2331 12.4745 13.4092 17.7158 1.36595 29.8444 0 89.0972 
60.9995 59.601 21.996 32.8835 0.0329101 22.7664 17.7862 5.94022 28.3667 11.7359 77.2387 176.107 19.6239 10.0796 7.66024 22.2715 17.7697 17.2508 21.9163 1.67199 26.4815 10.5426 5.20695 13.33 39.5312 0.00259624 6.78497 0 
