0 42.49 206.708 356.856 47.6753 132.833 137.321 148.954 294.354 107.115 69.4492 195.572 94.9 20.9999 31.2297 14.9854 57.0146 105.532 81.7509 85.9692 241.946 38.5329 12.6287 21.1243 31.2759 29.2904 46.0616 9.52656 
264.713 0 77.3903 310.113 27.7825 51.6702 525.58 76.5827 294.741 239.696 154.817 201.074 35.4538 71.0433 85.5597 18.2727 32.393 226.805 72.4955 65.7362 15.7049 44.9008 56.8059 18.6869 92.1072 40.2975 7.33491 51.3121 
200.392 294.235 0 277.779 171.995 20.0346 232.689 209.742 110.549 61.8461 45.0847 102.519 70.1819 1.03377 13.9519 16.3256 22.6563 162.512 13.8082 9.89253 12.9304 3.90825 6.25783 8.30486 28.2562 8.75204 13.994 7.56033 
81.5748 308.218 187.918 0 75.654 31.2371 199.519 599.577 38.0045 76.006 3.11098 136.367 21.5102 1.21479 35.2862 38.8091 34.897 105.321 1.56307 15.0144 536.396 2.51235 2.8947 2.43037 34.3747 0.904484 2.51017 19.0477 
39.9478 19.9883 66.9898 160.28 0 165.05 265.025 210.614 55.7436 302.65 114.79 0.220992 149.323 61.637 86.8283 2.83387 153.816 23.2584 256.239 94.8645 88.466 13.9802 53.252 45.8216 48.293 55.7257 1.01785 31.7528 
95.3857 215.546 14.095 35.5242 135.819 0 1353.47 50.9414 286.28 873.465 226.366 138.689 538.38 0.472145 20.8617 0.113399 50.8168 7.65903 28.9971 10.5311 33.6663 5.62686 0.878439 0.0817419 39.9257 7.02089 20.0607 19.7256 
184.291 3.90938 12.699 60.8012 404.963 888.475 0 12.5966 1299.95 353.642 50.6818 19.8628 76.3288 0.597037 141.99 24.7867 22.5763 225.739 125.197 51.9939 140.404 0.0820804 24.4711 44.343 52.7021 63.8249 6.50665 53.0463 
275.086 255.67 248.049 242.019 78.6715 29.301 402.134 0 467.188 67.567 333.082 723.877 147.376 119.504 74.0327 187.262 2.22218 171.243 99.1636 85.5517 184.002 54.7873 69.2746 8.32358 8.84347 175.199 74.1573 3.9114 
108.484 214.592 378.639 329.924 216.063 289.656 52.1211 456.723 0 221.049 1653.11 1.78301 77.9315 80.6123 50.01 25.2181 107.345 1.55193 8.2676 65.8133 28.8884 1.07784 97.0801 79.1387 50.2982 98.8141 13.555 80.3082 
0.661687 32.9261 63.6702 2.37189 269.959 59.4826 15.7736 162.715 40.8575 0 221.749 106.822 9.43226 8.36681 0.00603895 91.4866 8.83045 100.303 85.6899 4.03876 0.000405632 7.23845 28.2885 21.0989 13.6486 53.5535 47.5047 14.4964 
7.20522 29.1114 94.7698 203.807 260.377 8.92419 348.273 238.72 854.917 316.466 0 394.352 34.2595 208.151 296.991 31.4766 95.6335 24.7702 14.9155 0.412524 54.6191 15.2856 118.424 51.9536 64.9181 4.07941 4.3136 4.84472 
208.997 139.774 188.118 9.25428 123.954 63.1092 119.482 998.467 181.057 242.81 8.07668 0 23.554 164.865 271.282 494.943 71.6335 127.217 1.70051 91.8156 139.094 75.7053 2.4335 158.893 25.2389 385.21 38.4225 48.0652 
0.0414493 102.448 39.1414 15.574 50.3677 72.9908 18.9876 51.4334 201.156 42.2262 15.2607 68.4599 0 0.177917 16.8923 65 34.9345 3.50822 2.61516 39.3364 77.9063 8.25626 0.432344 21.0168 51.143 7.03403 8.95717 34.2844 
37.8351 66.3521 15.7427 5.18064 0.227421 20.9585 62.936 94.9999 30.1775 0.621711 191.441 152.8 102.572 0 46.313 1.58034 1.39997 8.94597 26.6852 4.26315 44.8151 9.14607 0.909102 0.0239912 1.55011 12.4494 1.89968 2.84144 
25.2391 93.7443 30.5785 1.13574 83.8118 16.1522 85.5367 46.3911 171.55 132.885 221.486 79.1125 92.8842 1.03287 0 67.8411 30.1011 46.6984 2.8299 7.11306 57.964 0.178666 16.6426 26.6123 25.0767 30.9004 8.25699 9.52139 
36.5778 8.84432 6.75789 32.3292 74.031 24.9015 8.1379 209.326 113.041 57.0122 51.5826 245.848 3.26312 7.37104 2.7936 0 15.532 0.0294861 15.0685 4.97981 4.36778 1.60465 9.64029 26.5549 4.51815 30.4519 17.0534 22.4134 
43.5362 98.0828 13.1029 88.4148 64.6644 31.5397 95.2435 99.76 76.4326 60.9245 51.907 75.2064 54.1416 10.6259 5.83837 10.1756 0 14.159 259.504 6.58406 6.95347 20.7637 17.3463 14.8596 44.7708 24.4847 18.7336 24.114 
65.1742 54.7752 95.1145 127.423 156.991 68.6823 189.597 19.2836 219.199 0.000615871 105.956 95.5477 21.4234 21.9226 28.2358 51.9972 26.4375 0 115.878 83.8006 42.1347 6.09409 10.0295 39.1368 9.89691 31.2637 32.5427 5.73535 
84.0089 85.3662 22.5856 5.0222 300.648 52.3545 2.9751 110.888 65.2231 55.8624 27.7055 92.495 26.6889 21.5167 38.5096 0.0546944 29.6374 103.411 0 17.9256 13.3339 14.8809 18.3583 19.8301 3.1653 8.42812 2.17396 1.80763 
86.3637 127.814 1.6916 5.10213 94.6744 15.6209 8.85043 68.2072 51.2485 9.20129 9.67981 15.3494 40.1833 4.20381 9.29324 9.09173 15.9186 86.3119 0.0180638 0 113.313 6.32271 0.0245414 4.92879 7.96821 0.121207 0.96949 3.73562 
234.989 21.1207 1.85085 238.312 69.1029 4.06781 7.20017 171.401 186.461 7.12511 70.3748 27.1631 41.9742 13.7184 22.5162 58.8462 24.0437 49.1582 34.481 306.08 0 30.4316 4.60669 0.449934 6.95936 9.03003 17.8524 50.6537 
40.1872 42.2239 11.7568 11.0219 28.5704 20.2671 60.7234 46.4944 50.2935 54.5687 73.9373 67.8935 3.43097 9.27502 16.0047 10.788 1.98822 41.8409 17.3578 3.34184 30.3711 0 12.2171 2.50195 13.3563 6.85686 1.45555 6.4885 
0.190306 57.0152 7.15772 3.82189 43.1705 1.40571 6.49015 0.0049282 68.0959 52.6758 129.468 12.4704 23.4245 2.68277 14.1593 3.08825 10.1518 1.22311 21.505 2.69338 30.3623 5.01586 0 6.13613 2.37204 2.992 12.9472 0.27837 
57.2222 33.137 12.8036 17.2471 53.7683 5.46908 1.41392 138.378 65.7721 0.56803 1.60342 150.59 0.62654 1.63777 0.943093 27.0777 11.3409 29.551 8.25722 0.0403087 35.0167 1.83856 1.11402 0 41.7662 1.55451 13.083 10.0206 
51.7205 36.9418 22.326 54.5697 51.4173 32.2056 83.3053 175.487 157.286 38.5048 94.6745 694.442 17.2477 16.1614 7.65295 30.8609 47.1879 52.7013 0.00989092 9.40767 56.7403 89.4618 15.5311 23.5534 0 110.94 72.6513 25.4121 
25.254 13.3529 15.749 15.5404 37.7886 24.1054 57.0472 5.84314 98.9089 67.6142 125.398 92.1316 6.57382 4.98208 30.4031 32.7978 21.3457 41.1092 3.10583 2.19832 13.1361 7.33039 4.62195 14.8032 6.4761 0 37.9981 49.1166 
50.055 41.4007 16.2409 12.6625 34.4426 0.847087 0.0922723 25.2796 39.6986 33.4721 43.0135 2.72003 35.3987 1.35806 4.47034 5.72609 22.3033 43.559 23.6467 3.42962 37.7356 1.32136 13.4634 3.36772 14.1708 1.1026 0 89.6379 
44.8385 50.1171 21.3477 11.8387 56.3105 15.2495 19.7958 1.35206 91.9111 17.5876 42.8239 170.161 19.8951 9.22505 20.3519 21.2659 23.8592 16.2911 3.67013 8.57713 20.0849 5.69761 10.1327 14.3155 18.7426 5.4828 7.53456 0 
