0 99.3488 205.187 401.077 51.2219 184.649 132.79 143.639 343.982 108.762 71.4893 197.601 94.3103 21.3726 30.6382 14.3662 108.079 102.022 82.8051 85.3022 241.167 38.45 12.3706 20.7153 81.4911 28.574 45.8871 9.22329 
335.968 0 94.8858 365.791 20.7575 98.9495 526.297 72.5769 336.434 240.434 158.574 199.456 36.7425 70.966 84.9243 17.6219 82.3401 741.33 70.1923 67.9551 14.5776 45.0956 56.754 18.2872 142.87 41.0381 7.53836 50.9632 
198.11 271.987 0 287.601 169.906 21.2413 229.372 215.166 95.0397 63.5094 41.3366 105.478 70.4574 0.953856 14.3842 16.0485 23.1795 162.128 13.2687 9.55834 11.8584 3.97103 6.35606 8.1755 28.2761 8.4742 14.1001 7.39914 
140.623 364.033 235.165 0 78.1275 81.5188 198.419 335.997 86.0472 77.1789 3.95291 131.12 20.9594 1.30818 35.5475 39.1576 84.9053 107.071 1.3877 15.7025 507.712 2.57371 2.79092 2.57532 84.3731 1.07249 2.61731 18.7666 
43.2583 26.897 63.5653 160.964 0 173.98 276.012 209.375 50.9397 298.216 118.399 0.358077 147.706 61.2535 87.3535 2.60079 153.654 25.2704 251.045 94.9477 89.4984 14.284 53.0785 45.537 48.711 55.2888 0.950494 32.0831 
147.503 261.171 13.0443 86.2875 783.97 0 1365.4 54.162 318.228 846.691 230.867 140.034 98.5683 0.407155 20.2917 0.0788667 101.555 8.39357 27.7825 10.7559 33.0369 5.4919 0.819671 0.0640159 89.9472 7.24959 20.0795 19.6147 
180.063 1.58345 10.0677 57.3358 410.496 926.483 0 9.68936 1306.52 369.595 43.2328 17.7218 79.4552 0.437299 141.714 25.8127 21.8137 224.457 123.604 52.9782 139.979 0.115967 25.0565 43.7711 53.5489 62.8138 6.73429 53.5404 
271.714 258.719 251.837 217.637 76.1518 26.7775 404.445 0 486.149 64.8294 328.77 769.342 147.571 120.17 71.1375 192.683 2.02725 172.037 99.8158 86.6501 185.526 54.4719 70.1968 9.18907 10.208 179.313 74.8891 3.40787 
162.311 273.682 393.22 374.965 222.603 321.615 22.4722 475.99 0 212.181 877.391 0.896631 75.4925 78.9635 33.9073 23.6747 158.406 1.15202 9.01589 66.8056 30.3182 1.18742 96.6366 79.8902 99.5673 97.1668 13.9522 80.9671 
0.45092 30.2415 62.0076 2.00381 263.981 51.8857 22.439 165.373 46.5103 0 200.936 103.227 6.76125 9.02983 0.0165553 91.5958 9.24133 98.9403 84.3683 3.80853 0.00845017 6.90662 28.857 21.6179 14.1683 54.275 47.4663 14.1281 
6.42537 26.7798 90.0174 203.654 259.942 6.89297 359.527 232.215 867.97 294.642 0 383.178 31.6685 206.748 283.945 28.2844 95.6649 25.8765 14.1999 0.51059 55.8229 15.724 119.485 53.47 63.1349 4.86047 4.58566 5.27529 
207.33 137.195 187.987 11.2978 125.542 61.1101 115.237 978.634 173.303 243.668 5.19218 0 24.642 165.353 269.901 492.386 72.0367 126.306 1.88175 92.1791 140.287 75.8152 2.87156 161.181 23.8891 389.939 37.3017 50.4281 
0.0145891 103.833 38.4542 16.0738 52.3272 76.8092 17.1907 50.1866 201.848 36.6096 17.1443 69.9655 0 0.0145965 15.5887 64.1376 35.3251 3.78723 2.38397 39.4857 77.9029 8.92223 0.6274 21.6905 50.9158 7.31169 8.7958 34.5063 
38.1831 66.6507 15.6621 5.01011 0.16644 21.053 61.8832 93.6867 28.611 0.822088 188.762 154.211 98.9677 0 43.7096 1.33263 1.45331 8.69669 26.6277 4.24602 44.7797 9.05932 0.72536 0.0458304 1.45279 12.3896 1.84782 2.76371 
25.811 93.3949 30.3085 0.995877 84.4166 15.5989 87.6161 48.984 168.014 133.206 207.101 73.3018 91.2886 0.419108 0 63.8752 30.094 46.23 2.69044 7.03939 57.9168 0.210718 16.1646 26.8331 25.3759 30.8673 8.11944 9.31133 
37.3772 9.33729 7.01805 31.8075 74.1638 25.0654 8.79186 214.076 114.867 55.8373 55.5953 223.646 2.88134 6.91766 4.56382 0 15.3969 0.050853 14.8801 4.90917 4.12177 1.67057 9.81096 27.0176 4.15372 30.1057 16.9614 22.4757 
93.1731 146.532 12.6546 138.606 62.8262 81.863 95.883 99.7829 125.82 61.5158 52.5257 75.5705 53.8503 10.5175 5.70842 10.0418 0 11.4807 209.716 6.76706 7.19544 20.7891 17.298 14.7747 94.8798 24.5693 18.6712 24.1368 
62.0381 50.5464 97.7671 126.096 153.855 70.1645 192.149 20.3772 219.313 0.0211493 104.44 94.3596 22.0417 21.5923 28.7276 52.3032 30.3112 0 117.361 84.1387 41.2213 6.23093 9.83142 38.9261 9.62905 31.6692 32.7217 5.90597 
85.042 87.7044 23.2152 4.71252 301.027 53.6438 3.5299 110.483 66.8365 54.4433 26.7824 92.1196 26.0549 21.6545 38.4921 0.0717632 31.6243 101.755 0 17.66 12.9885 15.0035 18.4548 19.7382 3.06623 8.27243 2.11797 1.74515 
92.26 126.454 1.52776 4.65669 94.7931 15.8375 9.43501 66.9796 50.2263 8.86932 10.1088 15.9702 40.3161 4.22149 9.23156 9.12511 15.6887 86.0988 0.0317993 0 126.331 6.328 0.0278525 4.89792 7.88047 0.104997 0.99875 3.67641 
233.43 19.8312 2.30864 238.647 68.0024 3.78853 6.63946 169.54 186.657 6.76015 71.6201 26.0063 42.413 13.9638 22.8995 59.0864 23.6651 50.1053 34.0332 312.923 0 30.4986 4.74289 0.508126 7.22395 9.36023 17.6419 50.7102 
40.2135 41.9985 11.7905 11.1032 28.2187 20.2329 60.8791 46.1209 49.9021 54.2457 74.1996 67.5596 3.87813 9.35744 16.0902 10.7305 1.93792 41.8813 17.4735 3.3155 30.3023 0 12.0252 2.62384 13.3946 6.79764 1.49711 6.53639 
0.155008 56.9955 7.25491 3.70583 43.4861 1.48087 6.84696 0.00077317 67.1562 53.0563 128.858 11.5731 22.3074 2.3918 13.661 2.91226 10.0696 1.14666 21.5654 2.67353 30.1798 5.24044 0 5.3941 2.17459 3.07677 12.9065 0.300918 
57.3061 32.7012 12.903 17.4838 53.9193 5.34087 1.25537 138.532 64.8876 0.468089 1.96301 153.132 0.496334 1.50092 1.13443 26.6202 11.4337 29.8109 8.37253 0.034669 34.756 1.94629 1.5163 0 41.2642 1.44397 13.2493 10.1272 
102.524 87.5136 22.5459 104.336 51.0196 82.3618 83.7971 177.281 207.85 39.159 92.952 791.79 16.8781 16.2142 7.97869 36.384 97.2983 52.9325 0.00488148 9.49017 56.9379 86.604 15.1515 22.2201 0 112.189 104.477 18.5548 
24.5634 12.8143 15.452 14.9982 38.3185 23.9256 58.0851 7.43127 97.2626 67.1028 123.297 80.654 6.84368 4.84496 30.2842 32.7341 21.2301 41.4911 3.21218 2.26366 13.5181 7.3876 4.7147 14.6788 6.29521 0 37.9969 47.6993 
49.9674 41.6538 16.1529 12.4787 34.6622 0.893294 0.122912 24.5577 40.2241 33.7314 42.3988 3.0899 35.2824 1.31304 4.35419 5.5847 22.2902 43.4893 23.6128 3.38221 37.5824 1.28204 13.4528 3.23304 14.22 1.28839 0 90.6004 
45.2083 50.4738 21.281 11.5671 56.2343 15.399 19.3071 1.0606 92.3526 17.1964 41.8229 171.093 19.6354 9.14755 20.2066 21.391 23.89 16.5419 3.58421 8.63216 19.7966 5.64846 10.1273 14.2915 19.1278 4.58676 9.14009 0 
