0 289.786 200.782 553.684 59.8669 357.58 122.23 131.298 511.484 112.545 76.296 202.121 92.8957 22.2464 29.2638 12.962 279.411 93.8936 85.2271 85.953 238.856 38.2499 11.7751 19.7679 250.848 26.918 45.47 8.53151 
554.921 0 140.482 546.164 8.24565 262.26 523.935 63.5202 485.519 241.654 167.256 195.489 39.808 70.7476 83.3834 16.1376 251.197 752.032 64.8673 73.1403 12.0977 45.5408 56.6132 17.3647 313.443 42.7665 8.02209 50.1362 
191.992 219.166 0 299.419 164.609 24.1255 220.606 227.154 62.4914 67.3663 33.1069 112.332 71.0537 0.77918 15.3991 15.3946 24.4065 160.891 12.0409 8.78953 9.52105 4.11852 6.58516 7.87338 28.3026 7.8359 14.345 7.02646 
332.622 544.75 312.504 0 83.9082 251.114 195.325 50.8265 251.955 79.8597 6.29871 118.887 19.6912 1.53871 36.1276 39.9171 253.767 111.055 1.01834 17.3377 708.453 2.71925 2.55496 2.928 253.218 1.51848 2.87508 18.1085 
51.3887 46.7033 55.7564 162.278 0 203.149 300.982 206.272 40.4479 286.84 126.851 0.805378 143.801 60.3313 88.5166 2.09468 153.103 30.247 238.07 95.0607 91.8814 15.0012 52.6568 44.8623 49.6753 54.2523 0.802177 32.8519 
321.256 419.289 10.7161 256.988 778.363 0 1425.92 61.9219 445.124 806.853 240.633 143.013 548.274 0.273952 18.9641 0.0225712 272.104 10.2279 25.0071 11.2823 31.5743 5.18112 0.690072 0.0310465 258.817 7.79227 20.1184 19.35 
170.002 0.178657 5.08111 49.5008 421.359 957.914 0 4.3645 1272.99 404.549 27.9784 13.1741 86.8497 0.160804 140.826 28.2594 20.0733 221.139 119.784 55.2648 138.9 0.217688 26.4349 42.4289 55.5145 60.4325 7.27865 54.6781 
263.309 265.402 259.71 175.742 70.3519 21.2756 408.351 0 527.821 58.577 318.006 865.018 147.935 121.598 64.4728 204.772 1.60651 173.771 101.297 89.1633 188.908 53.7245 72.3203 11.3616 13.7471 188.495 76.5699 2.36479 
340.223 463.767 423.247 530.914 237.598 448.459 1.23618 518.534 0 191.366 1228.7 0.00156224 69.8677 75.1367 7.76894 20.2316 329.677 0.449468 10.8792 69.1013 33.761 1.46337 95.5353 81.6034 266.76 93.2628 14.8964 82.4701 
0.115566 24.3651 58.1147 1.2638 249.28 44.8082 42.2427 171.423 60.8969 0 154.608 94.91 2.23487 10.6621 0.371977 91.7271 10.232 95.7223 81.2394 3.29585 0.0673319 6.15908 30.1851 22.8393 15.4088 55.9315 47.3639 13.2814 
4.77415 21.6803 79.1376 202.898 258.539 3.15529 384.521 216.824 897.926 244.071 0 355.963 25.9687 202.845 252.075 21.4193 95.7071 28.5341 12.591 0.779725 58.6522 16.7648 121.827 57.031 58.9995 6.93924 5.25094 6.34747 
203.204 131.123 187.315 16.8128 129.192 56.4956 105.433 915.137 155.397 245.262 0.920671 0 27.2575 166.173 265.526 478.825 72.9617 124.129 2.33961 92.9754 142.99 76.0446 4.03058 166.201 38.1464 397.339 34.7235 56.0697 
0.00524831 107.018 36.849 17.2614 56.9822 82.3065 13.3194 47.3072 203.229 24.907 21.93 73.4912 0 0.338018 12.7232 62.0767 36.2347 4.47824 1.88519 39.8234 77.8757 10.5645 1.22193 23.2848 50.3672 7.97717 8.42342 35.0177 
38.986 67.3135 15.4625 4.62029 0.0610564 21.2557 59.4005 90.5564 25.0811 1.39685 181.998 157.227 90.3863 0 37.2381 0.832049 1.58137 8.12597 26.4863 4.20516 44.6852 8.85053 0.372694 0.123834 1.23688 12.2395 1.72908 2.58533 
27.1559 92.5077 29.6445 0.704494 85.7705 14.324 92.4078 55.2038 159.467 133.625 173.603 60.321 87.4437 0.0473174 0 53.9492 30.0705 45.1278 2.37775 6.86676 57.7861 0.295626 15.0289 27.2829 26.0522 30.7425 7.79993 8.82441 
39.2459 10.5326 7.6364 30.56 74.4342 25.4273 10.406 224.418 119.011 53.0701 65.3383 172.902 2.08026 5.88682 10.229 0 15.0808 0.123185 14.4408 4.7443 3.57371 1.82864 10.1937 27.9421 3.35615 29.2167 16.7387 22.5994 
261.192 311.754 11.6303 307.835 58.572 251.467 97.3273 99.801 293.215 62.8764 53.966 76.4025 53.1586 10.2647 5.40949 9.73085 0 6.29052 550.414 7.20127 7.774 20.8458 17.1829 14.5752 263.948 24.7623 18.5241 24.1867 
54.921 45.6579 103.883 122.851 146.431 73.6029 197.872 23.0313 219.347 0.182136 100.88 91.5692 23.5091 20.8252 29.8794 53.0016 40.2338 0 120.729 84.869 39.1105 6.55515 9.37484 38.4275 9.01565 32.6147 33.1362 6.31245 
87.4113 93.1526 24.6972 4.0255 300.599 56.6227 5.00355 109.49 70.6182 51.1484 24.6742 91.2134 24.5925 21.9715 38.4365 0.120575 36.4158 97.8358 0 17.0411 12.1964 15.2887 18.677 19.5207 2.84057 7.91273 1.98991 1.60333 
106.223 123.071 1.17626 3.6891 94.9891 16.3378 10.8631 64.1018 47.8461 8.1143 11.141 17.4571 40.6151 4.26185 9.0855 9.19944 15.1534 85.5402 0.0788233 0 157.582 6.33951 0.0363866 4.82501 7.67515 0.0716686 1.06854 3.5393 
229.331 16.9621 3.5688 233.072 65.4333 3.1737 5.41581 165.061 186.958 5.94329 74.5288 23.3875 43.4347 14.541 23.7983 59.6208 22.787 52.3256 32.9896 325.026 0 30.6518 5.06721 0.6575 7.85761 10.1494 17.1522 50.8291 
40.2675 41.4648 11.8666 11.292 27.3983 20.1445 61.2209 45.2428 48.9799 53.4656 74.7851 66.7594 5.02253 9.54269 16.2811 10.5915 1.82279 41.9688 17.7417 3.25402 30.1385 0 11.5612 2.91681 13.4852 6.65879 1.59604 6.6477 
0.0867015 56.9297 7.48074 3.44041 44.2118 1.66304 7.71252 0.065829 64.9406 53.9128 127.279 9.59778 19.7745 1.75959 12.4935 2.51606 9.87786 0.977657 21.7022 2.62699 29.7498 5.77315 0 3.79449 1.74546 3.27721 12.8059 0.356844 
57.4779 31.6833 13.1296 18.0302 54.2551 5.04517 0.921532 138.716 62.8046 0.272251 2.94058 158.779 0.251152 1.20132 1.64594 25.4072 11.6499 30.4143 8.64295 0.0231548 34.1413 2.20755 2.66921 0 39.9426 1.20058 13.6323 10.3731 
273.229 257.694 23.0469 272.602 50.0788 251.555 84.8932 181.13 377.868 40.6807 88.888 402.737 16.0246 16.3245 8.75565 49.528 266.369 53.4586 9.20513e-07 9.68101 57.3798 72.0481 14.2805 19.4388 0 99.0637 177.105 41.2229 
22.9728 11.5935 14.7563 13.7524 39.552 23.4924 60.4918 11.8466 93.3606 65.8615 118.268 56.2226 7.49128 4.52817 29.9612 32.4879 20.9576 42.3749 3.46638 2.41895 14.4245 7.52005 4.9317 14.3755 5.92577 0 37.936 44.231 
49.751 42.2376 15.9438 12.0507 35.1711 1.00564 0.211428 22.9011 41.4497 34.3311 40.9648 4.04202 35.0054 1.2106 4.08752 5.25886 22.2575 43.3201 23.5309 3.27232 37.2192 1.19236 13.4221 2.92747 14.3748 1.7757 0 92.2129 
46.0602 51.2937 21.1159 10.9393 56.0419 15.7447 18.1824 0.517237 93.3357 16.2936 39.506 172.979 19.0311 8.96382 19.8566 21.6632 23.9586 17.1312 3.38707 8.7592 19.1269 5.53372 10.1111 14.2284 20.0572 2.78853 13.4063 0 
