0 544.189 190.091 714.591 76.4387 562.545 103.596 109.681 705.684 119.053 85.0064 209.402 90.2409 23.819 26.8357 10.6029 482.071 79.6991 89.4063 100.951 233.045 37.8694 10.7365 18.1037 450.019 24.0238 44.6916 7.35316 
840.579 0 232.206 758.49 0.0287725 453.608 505.906 48.4866 647.704 242.061 182.368 187.771 45.4687 70.2252 80.4389 13.6145 449.914 135.778 55.5843 82.3534 8.20986 46.3023 56.2932 15.7546 514.562 45.8468 8.91649 48.6179 
178.519 128.707 0 279.971 153.791 29.451 201.727 245.881 19.8415 74.1245 20.4004 124.301 71.9542 0.509494 17.2236 14.2062 26.613 157.513 9.96369 7.46204 5.9447 4.38526 6.99312 7.33401 28.2794 6.73515 14.7728 6.37433 
577.654 757.749 299.29 0 94.1876 450.998 188.033 57.3603 450.714 84.43 11.7788 97.3547 17.4904 1.99304 37.0562 41.0779 452.01 117.784 0.499055 20.3379 80.4147 2.98705 2.15593 3.60625 451.462 2.49821 3.36169 16.9277 
67.1763 93.655 42.6109 163.624 0 281.575 342.305 200.014 24.4221 263.283 141.96 2.04574 136.4 58.5929 90.3714 1.32395 151.516 40.0548 212.357 94.9795 96.037 16.3093 51.8455 43.6204 51.3559 52.3445 0.56817 34.2165 
528.077 596.906 7.03965 458.767 188.559 0 928.817 76.4932 572.669 756.375 255.243 147.754 177.024 0.101027 16.6166 0.00691134 473.292 13.9058 20.2883 12.2258 28.9895 4.64142 0.485379 0.00151376 457.002 8.79 20.1705 18.8569 
151.517 11.6497 0.355126 36.5424 433.236 816.751 0 0.0622361 1058.62 456.729 8.69334 6.67128 100.304 0.0041351 138.401 32.7937 17.1082 214.123 112.63 59.2976 136.675 0.477939 28.9331 40.0098 58.9766 56.1196 8.29564 56.654 
246.579 275.746 270.169 155.024 60.3202 12.8907 410.067 0 590.926 47.946 296.547 986.952 148.272 123.693 52.9858 224.03 0.97526 176.446 103.795 93.4629 194.318 52.3513 76.001 15.7528 21.2475 203.222 79.4708 0.969807 
555.012 699.449 460.385 702.037 263.141 575.646 129.738 583.694 0 154.411 1376.68 2.49541 60.1034 68.3996 32.9945 14.6686 532.052 0.00251052 14.603 73.1188 40.2579 2.02582 93.3434 84.5139 462.23 86.1151 16.6404 85.0266 
0.0637754 15.3111 51.1639 0.362163 220.847 66.3704 90.899 181.637 90.2928 0 83.0683 80.4192 0.239964 13.8575 2.14944 91.5314 12.1072 89.86 75.5164 2.4676 0.311895 4.92003 32.5556 25.0511 17.7155 58.7837 47.1357 11.8159 
2.42391 13.8204 60.6923 200.179 254.701 0.0622847 423.805 188.892 909.836 158.77 0 304.363 17.0675 193.781 192.516 11.3554 95.6732 33.5324 9.93549 1.39973 63.7617 18.6828 125.525 63.4417 51.7381 11.5157 6.54279 8.49062 
195.059 120.146 184.857 29.1216 135.513 48.4722 88.4174 751.812 124.454 246.671 1.96371 0 32.1826 166.522 253.857 430.153 74.5572 120.073 3.27746 94.213 147.532 76.3595 6.5667 173.966 108.184 397.5 30.262 66.5131 
0.174223 112.519 33.9839 19.453 65.5417 80.6381 7.57497 42.283 204.873 9.32836 31.7696 79.8135 0 3.34661 8.26086 58.2428 37.8507 5.84855 1.13746 40.3889 77.7598 13.7891 2.76119 26.1989 49.3256 9.22439 7.77325 35.9077 
40.3867 68.377 15.0671 3.95442 0.0016316 21.5553 54.8954 84.761 19.2511 2.79053 168.302 161.61 74.7517 0 25.146 0.223578 1.82237 7.14708 26.2081 4.12912 44.4746 8.45691 0.0292815 0.35547 0.891613 11.9352 1.5252 2.27775 
29.5889 90.6784 28.3473 0.30786 87.9805 12.1168 100.694 66.8063 143.361 133.222 116.414 39.5604 80.2101 3.05796 0 35.3576 30.0042 43.1303 1.86466 6.55644 57.4817 0.482103 12.9564 27.8512 27.1777 30.3555 7.23532 7.96854 
42.5861 12.8179 8.77488 28.2405 74.7782 25.9999 13.583 239.98 125.957 48.068 83.8129 91.7873 0.96821 4.17502 24.7691 0 14.5133 0.33039 13.6583 4.4503 2.6873 2.12523 10.8174 29.0125 2.12648 27.3676 16.315 22.7438 
458.02 503.521 9.88269 506.526 51.1304 451.065 99.7337 99.7094 488.79 65.2348 56.5233 77.8254 51.8822 9.81433 4.89164 9.18071 0 0.847216 508.256 8.00068 8.85527 20.9377 16.9699 14.2149 462.463 25.0914 18.256 24.2639 
43.0003 66.9246 114.45 116.575 132.888 79.6449 207.221 28.1091 218.597 0.86211 94.4576 86.5341 26.2119 19.4684 31.9487 54.1919 60.7329 0 126.393 85.9646 35.4178 7.15062 8.57979 37.514 7.96207 34.2984 33.8647 7.06693 
91.4849 102.799 27.3782 2.92539 295.298 61.8046 8.24499 107.543 77.4068 45.3474 21.0776 89.4927 22.0459 22.5209 38.2862 0.238875 44.7267 90.6733 0 15.9397 10.8323 15.7946 19.0633 19.1219 2.45705 7.28364 1.77036 1.3642 
131.266 116.353 0.659057 2.22356 95.0566 17.2107 13.6267 58.9347 43.6259 6.8367 13.0887 20.2377 41.11 4.33072 8.81774 9.31955 14.2025 84.3327 0.2148 0 213.416 6.35716 0.0544257 4.69185 7.30695 0.027878 1.19835 3.29813 
220.472 12.3473 6.47138 206.956 60.85 2.20635 3.53082 156.623 186.939 4.60821 79.72 19.0067 45.251 15.5865 25.4156 60.4821 21.2405 56.3201 31.1337 332.202 0 30.9132 5.66904 0.971246 9.04487 11.622 16.2843 50.9956 
40.3382 40.4855 11.9938 11.6249 25.9358 19.9574 61.7563 43.6526 47.3043 51.9839 75.7362 65.2599 7.40658 9.8478 16.5908 10.3273 1.62522 42.1015 18.214 3.14417 29.8345 0 10.6824 3.46753 13.652 6.40866 1.77938 6.84479 
0.0136964 56.7429 7.87989 2.98608 45.4692 2.01134 9.36936 0.441754 60.9166 55.3283 123.937 6.49949 15.5378 0.834458 10.418 1.86487 9.53519 0.708722 21.9315 2.5431 28.9674 6.74683 0 1.53652 1.0943 3.64323 12.6079 0.468045 
57.7008 29.8642 13.5144 18.9831 54.7964 4.53036 0.452389 138.426 59.0285 0.0534909 5.16014 167.784 0.0188613 0.740795 2.77572 22.7934 12.0347 31.4814 9.13035 0.00834247 33.0237 2.70654 5.36012 0 37.1008 0.818281 14.297 10.801 
474.722 458.306 23.8967 469.683 48.358 450.343 86.6652 186.777 577.679 43.3738 81.5091 305.17 14.5345 16.476 10.1956 67.9742 464.885 54.3509 0.0150007 10.0155 58.101 34.2321 12.7874 16.4891 0 43.9779 123.38 130.171 
20.2143 9.54331 13.5087 11.6066 41.741 22.6735 64.7205 22.0863 86.2156 63.4861 108.901 22.4075 8.70806 3.97567 29.2291 31.7151 20.4607 43.9258 3.94108 2.70567 16.0935 7.75279 5.32009 13.7907 5.45262 0 37.6262 37.6149 
49.3234 43.2559 15.5577 11.291 36.0658 1.22182 0.428514 20.0471 43.6339 35.3815 38.411 6.04571 34.4908 1.03686 3.62717 4.69242 22.1906 42.9956 23.3745 3.07874 36.5516 1.03953 13.347 2.41342 14.8042 2.82759 0 92.8185 
47.5409 52.7121 20.7892 9.84108 55.6477 16.3508 16.2317 0.0266664 94.9223 14.7191 35.4449 175.317 17.9586 8.62638 19.1949 22.0791 24.0695 18.196 3.04704 8.98105 17.943 5.32852 10.07 14.0914 21.8115 0.661244 22.5983 0 
