0 487.829 180.346 574.31 89.1139 458.582 90.5308 94.6598 593.196 123.516 91.3454 213.98 88.2327 24.9583 25.1137 9.02999 376.916 69.8375 92.2862 125.146 227.577 37.5775 10.0099 16.9302 342.391 21.9983 44.1051 6.55177 
789.785 0 299.544 654.806 5.57213 342.84 482.565 38.6859 513.394 240.945 192.837 181.747 49.6735 69.7453 78.1755 11.9061 342.309 529.703 49.1359 88.8759 5.85636 46.8231 56.009 14.6275 408.154 48.0516 9.58387 47.4938 
167.043 73.3734 0 237.452 145.052 33.3577 185.97 256.907 3.56699 78.8403 12.9991 132.605 72.4696 0.349698 18.5371 13.3395 28.2072 154.185 8.56742 6.54918 3.86746 4.57972 7.28509 6.94699 28.2069 5.97787 15.0727 5.9166 
505.522 654.578 282.907 0 101.477 344.105 181.463 982.87 347.349 87.5261 16.7039 82.3869 15.9616 2.35288 37.636 41.7512 343.683 122.285 0.237975 22.5388 93.736 3.18594 1.88709 4.13115 343.158 3.3439 3.73221 16.0757 
79.4011 135.095 33.9366 163.791 0 345.679 368.553 194.968 15.2213 244.143 152.755 3.28539 130.769 57.2725 91.5244 0.876399 149.902 47.7841 192.295 94.6969 98.9406 17.2713 51.2164 42.6988 52.5307 50.9293 0.424346 35.1908 
425.749 472.951 4.81985 353.16 594.42 0 1009.63 87.4066 420.241 728.062 263.282 150.682 346.577 0.0287117 14.959 0.0630465 367.022 16.8559 17.1111 12.9052 27.1558 4.26592 0.359638 0.00359652 348.573 9.52827 20.1944 18.4866 
137.971 30.6134 0.363765 28.1802 435.562 602.257 0 1.16059 816.198 484.16 1.53775 3.32197 110.092 0.15947 136.007 36.1694 15.0941 208.251 107.251 62.1472 134.842 0.727283 30.7554 38.2555 61.4216 52.9817 9.06231 58.0288 
233.329 281.846 274.66 156.004 53.4015 8.07894 407.105 0 625.322 40.7782 279.547 1026.44 148.265 124.83 45.1399 235.698 0.617042 178.028 105.472 96.3933 197.69 51.3337 78.5516 19.2967 27.5186 212.301 81.4734 0.342404 
458.785 617.144 472.177 571.561 280.254 422.769 333.041 619.891 0 128.618 1271.52 7.50655 53.3431 63.6487 87.7565 11.1626 426.554 0.323628 17.5851 75.9342 45.1897 2.48554 91.5932 86.4836 352.081 80.8652 17.9399 86.7604 
0.460845 10.0147 46.2085 0.050463 199.118 104.505 134.561 188.461 113.884 0 43.4516 70.3736 3.67385 16.3635 4.31732 91.0502 13.538 85.5661 71.313 1.94226 0.598218 4.10701 34.2548 26.6623 19.4425 60.7435 46.9359 10.8004 
1.21576 9.20167 48.4386 197.157 250.903 0.725516 446.99 168.722 853.598 104.934 0 265.877 11.7396 185.715 149.949 5.99118 95.5622 37.3183 8.20298 1.9555 67.4748 20.1077 127.783 68.0678 46.6442 15.4651 7.55319 10.2092 
188.62 112.184 182.109 39.7717 139.886 42.9114 76.6821 607.735 103.372 246.536 9.56854 0 35.9158 165.885 242.61 378.958 75.6596 117.027 4.04682 94.9548 150.562 76.5107 8.75083 178.531 156.49 387.274 27.1777 74.2491 
0.44289 116.315 31.9303 21.082 71.8591 73.4514 4.40757 38.7713 205.396 2.67727 39.8065 84.3673 0 7.38337 5.60427 55.379 39.0058 6.9413 0.714147 40.7658 77.6231 16.3261 4.23849 28.34 48.5281 10.1669 7.31734 36.5291 
41.3665 69.0449 14.7526 3.50072 0.0611904 21.7203 51.6135 80.4523 15.4642 4.07773 157.34 163.933 63.544 0 16.887 0.0234911 2.00548 6.47531 25.9877 4.07202 44.2899 8.15851 0.0218687 0.592973 0.67615 11.6885 1.38512 2.0656 
31.36 89.1731 27.3317 0.121988 89.3995 10.5963 106.384 75.4555 131.285 132.022 79.6367 26.9107 74.7701 7.91204 0 22.8013 29.9371 41.6722 1.53198 6.33179 57.2068 0.643572 11.4555 28.0679 27.9176 29.9491 6.83444 7.36545 
44.9823 14.5764 9.61668 26.5124 74.9151 26.3515 16.0904 248.6 130.557 44.4466 97.7098 46.1934 0.425582 3.07774 37.5472 0 14.103 0.541194 13.0975 4.23945 2.12401 2.34948 11.2135 29.2955 1.40513 25.852 15.99 22.7866 
348.748 390.582 8.69412 398.354 45.9312 343.729 101.323 99.5454 378.504 66.8716 58.3491 78.7984 50.9322 9.49134 4.5318 8.78919 0 0.0522086 154.022 8.59416 9.6707 20.9964 16.8107 13.9523 354.25 25.3156 18.0587 24.3102 
35.1301 108.342 121.684 111.712 122.999 83.8883 213.202 32.0183 217.418 1.661 89.7995 82.8776 28.2185 18.5036 33.4446 55.0021 77.3562 0 130.165 86.5846 32.8276 7.59206 8.02415 36.8387 7.23797 35.5048 34.3794 7.6322 
94.2799 109.62 29.3262 2.23711 287.982 65.3908 11.0466 106.009 82.2984 41.2615 18.6305 88.1751 20.2691 22.9024 38.1376 0.348614 50.0875 85.4192 0 15.1519 9.89178 16.1557 19.3328 18.8269 2.1967 6.84185 1.61962 1.20337 
148.769 111.031 0.376998 1.38772 94.8808 17.8207 15.7762 55.2109 40.6242 5.97567 14.5703 22.3324 41.4347 4.37769 8.61977 9.39581 13.5233 83.3002 0.353741 0 250.622 6.36756 0.069622 4.59377 7.04108 0.00890049 1.29584 3.12766 
212.951 9.44704 9.0598 185.444 57.5645 1.61565 2.41699 150.237 186.486 3.74725 83.444 16.0998 46.5504 16.3498 26.5875 61.0269 20.1456 59.2116 29.8057 325.559 0 31.0917 6.11968 1.23405 9.94204 12.7295 15.6654 51.079 
40.3687 39.7605 12.0784 11.861 24.8869 19.7997 62.0813 42.4921 46.0772 50.8501 76.3449 64.1264 9.38118 10.046 16.7883 10.125 1.48941 42.178 18.5485 3.06512 29.6065 0 10.0169 3.8837 13.7771 6.22713 1.91653 6.98523 
0.000116369 56.5537 8.1632 2.67539 46.3419 2.27963 10.6465 0.917409 57.978 56.2532 121.133 4.6239 12.7421 0.364988 8.95781 1.44651 9.28848 0.541432 22.0847 2.48216 28.3933 7.458 0 0.500333 0.721306 3.91228 12.4511 0.556957 
57.7942 28.5565 13.7749 19.6483 55.139 4.17116 0.216398 137.728 56.2751 0.000479465 7.1239 173.322 0.0155744 0.473401 3.7488 20.6247 12.3105 32.2403 9.4845 0.00225693 32.2044 3.08954 7.65941 0 34.7202 0.586223 14.7587 11.0993 
368.692 351.688 24.4705 360.447 47.0891 342.369 87.789 189.819 470.08 45.2863 76.1367 1069.2 13.4911 16.5484 11.2672 72.741 356.671 54.9548 0.0446118 10.2509 58.5652 16.672 11.7726 16.6581 0 18.3279 43.2459 120.357 
18.3009 8.17559 12.6112 10.1357 43.302 22.0502 67.6951 31.1867 80.9671 61.658 101.916 7.17056 9.62986 3.59048 28.5837 30.9041 20.0953 45.0186 4.29889 2.91911 17.3319 7.9171 5.59945 13.338 5.26253 0 37.2456 32.6634 
48.9834 43.969 15.2702 10.7487 36.6983 1.38961 0.631408 18.0813 45.1999 36.1203 36.582 7.72287 34.1049 0.919293 3.30905 4.29808 22.136 42.7442 23.2541 2.94161 36.0562 0.935438 13.2768 2.06982 15.2481 3.72226 0 91.4347 
48.5725 53.6954 20.5294 9.0713 55.3241 16.7772 14.8768 0.0562836 95.9272 13.6181 32.5934 176.166 17.1929 8.37667 18.6912 22.321 24.1401 18.9715 2.81195 9.13661 17.1014 5.18069 10.0309 13.9737 23.1377 0.0360135 30.189 0 
