0 415.394 175.522 461.256 94.9073 362.477 84.8601 88.1795 493.112 125.434 94.1726 215.828 87.3156 25.466 24.3567 8.36632 280.413 65.5748 93.5284 138.964 224.816 37.443 9.69281 16.4161 244.801 21.1157 43.8377 6.2087 
715.14 0 328.129 557.437 11.0797 244.545 469.638 34.6314 404.071 240.073 197.356 178.953 51.5726 69.5044 77.1335 11.1776 244.824 144.345 46.3461 91.7276 4.93357 47.0469 55.8683 14.1358 311.057 49.0262 9.88656 46.9864 
161.533 52.8576 0 213.029 140.947 35.0971 178.493 261.08 0.543869 80.8851 10.2142 136.189 72.6624 0.288109 19.1184 12.9526 28.9157 152.475 7.97527 6.15665 3.08282 4.66674 7.41421 6.77562 28.1598 5.65179 15.2037 5.71666 
423.905 557.441 300.647 0 104.669 246.9 178.213 243.625 252.855 88.8447 19.143 75.9456 15.2984 2.5213 37.8691 42.0053 245.775 124.183 0.152517 23.5223 734.692 3.27592 1.77275 4.37378 245.267 3.75599 3.90211 15.6975 
85.0265 155.126 30.3281 163.649 0 371.477 379.078 192.589 11.7977 235.155 157.508 3.92834 128.194 56.6682 91.9865 0.706679 149.06 51.3823 183.084 94.5113 100.205 17.7038 50.9251 42.2821 53.0427 50.2899 0.367094 35.6212 
330.447 367.982 3.95776 256.503 450.059 0 208.304 92.3347 305.309 198.624 266.142 151.848 197.158 0.0106971 14.2344 0.106057 270.01 18.2437 15.7657 13.2064 26.3495 4.10281 0.309669 0.0107981 250.603 9.86101 20.2013 18.3181 
131.929 41.7363 1.28902 24.7568 434.897 494.63 0 2.77486 696.734 493.242 0.228284 2.2006 114.445 0.300396 134.775 37.6949 14.2329 205.432 104.808 63.3956 133.967 0.854657 31.57 37.4737 62.493 51.5822 9.41201 58.626 
227.16 284.179 275.81 151.414 50.4191 6.28636 404.672 0 637.236 37.7372 271.635 1029.69 148.195 125.235 41.7891 240.221 0.483891 178.638 106.183 97.6478 199.043 50.8741 79.6559 20.9683 30.5223 215.883 82.3388 0.165884 
366.278 530.418 473.145 463.264 287.449 307.592 443.544 632.674 0 117.524 1634.22 10.5798 50.4222 61.5694 107.939 9.7459 329.863 0.638829 18.9879 77.162 47.4441 2.70434 90.7708 87.3232 253.413 78.5131 18.5284 87.5008 
0.753582 8.00561 44.0309 0.00323419 189.243 126.231 155.739 191.339 124.886 0 29.6378 66.0371 6.49013 17.5279 5.51254 90.7456 14.1946 83.6425 69.4289 1.72824 0.754952 3.7675 35.0063 27.3821 20.2262 61.587 46.8376 10.3602 
0.810543 7.43929 43.3242 195.535 248.945 1.79643 455.745 159.812 810.398 83.8346 0 248.674 9.67582 181.751 131.696 4.13972 95.4896 39.0476 7.48281 2.23155 69.1313 20.7521 128.674 70.1194 44.4247 17.3877 8.02323 11.0186 
185.616 108.642 180.632 44.9402 141.777 40.5084 71.6349 540.307 94.4122 246.166 14.7477 0 37.6215 165.364 236.913 352.922 76.1366 115.642 4.4136 95.2436 151.841 76.5574 9.81437 180.268 168.537 380.058 25.8444 77.7272 
0.601619 117.954 31.022 21.8185 74.6983 69.8997 3.26825 37.2421 205.451 1.00441 43.6146 86.3872 0 9.65689 4.5808 54.0829 39.5165 7.45488 0.557221 40.9249 77.548 17.5072 4.99119 29.3008 48.1614 10.5972 7.11817 36.7999 
41.7937 69.3149 14.6053 3.30636 0.115136 21.7798 50.1493 78.5074 13.8994 4.72384 152.219 164.735 58.6468 0 13.5396 0.000118147 2.08939 6.18597 25.8845 4.04602 44.199 8.02223 0.0837291 0.716708 0.589545 11.5717 1.32473 1.97394 
32.151 88.4552 26.8602 0.0664428 89.9823 9.94202 108.825 79.3555 125.837 131.248 64.9859 21.9863 72.3052 10.6864 0 17.794 29.9021 41.0197 1.39417 6.23172 57.0698 0.722517 10.7926 28.1116 28.2264 29.735 6.658 7.10147 
46.0426 15.3866 9.99549 25.7324 74.946 26.491 17.2604 251.682 132.483 42.8385 103.982 30.4333 0.254706 2.63366 43.5076 0 13.9203 0.651345 12.8492 4.14608 1.89417 2.45188 11.3741 29.2869 1.13058 25.1353 15.8405 22.7891 
250.442 290.644 8.18581 300.47 43.6714 246.266 101.99 99.4462 279.717 67.5814 59.1557 79.2166 50.502 9.34821 4.37551 8.61652 0 0.546314 383.289 8.86251 10.0427 21.0205 16.7384 13.8347 256.372 25.4118 17.9699 24.3282 
31.8433 131.503 124.776 109.467 118.587 85.7387 215.646 33.8199 216.724 2.09839 87.7243 81.2465 29.1256 18.0786 34.1103 55.3492 85.1543 0 131.755 86.8142 31.6964 7.79161 7.78188 36.5341 6.92571 36.0388 34.6055 7.88924 
95.4821 112.604 30.1944 1.95967 283.831 66.9374 12.413 105.292 84.4674 39.476 17.5832 87.569 19.4959 23.0681 38.0609 0.403957 52.2983 83.0658 0 14.8035 9.48527 16.3152 19.4502 18.6937 2.08532 6.64866 1.55462 1.13497 
156.262 108.549 0.276463 1.07742 94.7424 18.0863 16.7719 53.5596 39.303 5.60936 15.2491 23.2866 41.5704 4.39785 8.53048 9.4269 13.2232 82.7985 0.426442 0 265.662 6.37156 0.0769665 4.54962 6.92283 0.00385011 1.34022 3.05281 
209.322 8.27581 10.3384 177.843 56.1104 1.38199 1.9884 147.324 186.166 3.39207 85.0926 14.8771 47.1251 16.6915 27.1098 61.2483 19.6643 60.4988 29.2183 319.512 0 31.1684 6.32455 1.36066 10.3517 13.2339 15.3919 51.1062 
40.3767 39.4333 12.1141 11.9649 24.4222 19.7236 62.2094 41.9726 45.5268 50.329 76.5945 63.6087 10.3247 10.128 16.8691 10.032 1.43082 42.207 18.6955 3.03 29.5028 0 9.714 4.0734 13.8342 6.14611 1.97884 7.04722 
0.00456361 56.455 8.28784 2.54191 46.7207 2.40339 11.2358 1.18345 56.664 56.638 119.785 3.8889 11.5742 0.215688 8.32434 1.2754 9.17889 0.474225 22.1495 2.45495 28.1353 7.77487 0 0.218188 0.582191 4.03308 12.3776 0.598806 
57.8177 27.9766 13.886 19.9377 55.2785 4.01486 0.13906 137.287 55.0449 0.00506682 8.0921 175.51 0.058217 0.372829 4.2208 19.6021 12.4326 32.5748 9.64264 0.000784888 31.8366 3.26563 8.74005 0 33.5854 0.495045 14.9588 11.2291 
271.792 254.54 24.7146 262.117 46.5178 244.607 88.2466 190.887 372.388 46.1274 73.7418 273.249 13.0358 16.5706 11.7512 72.0793 258.791 55.2125 0.0628195 10.3539 58.7565 14.9861 11.3401 17.4543 0 18.0768 49.4808 91.6197 
17.4719 7.59788 12.2136 9.5046 43.9909 21.7647 68.9947 35.656 78.6154 60.816 98.7618 3.07404 10.0513 3.42316 28.2663 30.4786 19.931 45.4974 4.46204 3.01576 17.8916 7.9892 5.72327 13.1289 5.21888 0 37.0349 30.4489 
48.8237 44.2803 15.14 10.5092 36.9761 1.46738 0.734024 17.233 45.8932 36.4437 35.7728 8.5296 33.9293 0.869105 3.17141 4.12673 22.1099 42.6278 23.1984 2.8813 35.8322 0.890797 13.2414 1.92458 15.4847 4.15502 0 90.3408 
49.0212 54.1216 20.4074 8.73542 55.1697 16.9638 14.2887 0.172391 96.336 13.1383 31.3482 176.318 16.8546 8.26404 18.4605 22.4128 24.169 19.3184 2.71015 9.20458 16.7306 5.11501 10.0109 13.9164 23.7408 0.00772423 33.7503 0 
