0 557.415 136.782 309.28 135.54 325.928 49.7481 48.7433 427.212 137.162 113.207 225.114 80.7639 28.8974 19.4137 4.49663 243.434 39.3182 101.23 235.129 201.365 36.4605 7.65643 13.0812 200.746 15.4889 41.9289 4.11293 
771.321 0 461.974 490.573 92.5766 206.867 350.074 12.7056 286.122 228.323 225.149 158.475 64.7519 67.4464 69.5892 6.79441 202.967 691.72 29.0538 109.79 0.753582 48.4321 54.6922 10.9811 269.511 55.4714 12.0221 43.4505 
119.721 3.90224 0 42.4606 110.634 46.4783 123.447 276.308 47.9554 93.5962 0.149092 158.118 73.371 0.027616 22.9442 10.3465 33.6566 137.52 4.4749 3.75664 0.102577 5.26197 8.27023 5.6365 27.6045 3.64249 16.0475 4.43017 
478.878 492.07 255.423 0 124.992 206.286 151.715 1106.9 247.376 96.7064 39.2304 37.4438 11.1091 3.78617 39.03 42.967 199.456 135.155 0.071284 30.1036 581.245 3.90717 1.08743 6.14828 199.172 7.07662 5.12854 13.165 
125.07 303.355 10.7271 159.244 0 423.938 427.749 174.526 0.0588837 169.666 188.299 9.70892 109.884 52.3325 94.2691 0.0375437 141.467 77.8419 119.4 92.3087 108.267 20.6942 48.7772 39.368 56.3215 45.8309 0.0887732 38.4767 
300.451 274.51 0.325659 219.116 921.703 0 771.769 125.912 199.268 501.477 273.268 157.42 218.571 0.11703 9.62076 0.683169 229.4 28.7142 7.92359 15.214 21.0802 3.06745 0.0693189 0.159989 203.616 12.1629 20.1883 17.1226 
91.8625 152.408 21.7519 7.0635 403.827 44.3323 0 31.0962 47.913 499.509 21.5026 0.664235 143.289 2.39407 123.933 48.2678 9.0075 183.409 87.7114 71.4501 127.135 1.97653 37.1108 32.1962 69.4249 42.1526 11.9086 62.4158 
182.155 293.517 269.755 14.9854 32.0304 0.0480721 371.206 0 657.497 19.8698 214.103 831.478 146.643 126.3 21.8801 258.692 0.00767968 181.211 110.414 105.257 205.722 47.6631 86.5735 33.6285 53.7634 231.935 87.7465 0.629982 
356.062 550.284 412.85 342.476 327.869 199.423 1175.04 659.323 0 52.1405 777.466 44.0995 32.3219 48.1789 55.1646 2.61942 291.051 5.5061 29.6028 85.0007 63.5095 4.40935 84.5542 92.3718 202.824 62.559 22.665 91.9817 
4.5717 0.290966 30.016 1.15263 122.215 315.191 310.982 207.951 203.764 0 6.23404 39.4031 44.7142 26.0786 17.044 87.2701 18.9345 70.5366 56.6099 0.604869 2.28168 1.84283 39.9784 32.2623 25.736 66.7827 46.0238 7.58542 
0.219153 0.412725 15.3769 180.393 231.631 21.0311 486.77 102.325 459.918 1.93391 0 137.499 0.908001 149.945 32.5855 0.605619 94.628 51.3856 3.45321 4.55137 80.3426 25.26 132.792 83.7173 30.3639 32.7875 11.5192 17.1697 
163.348 84.9935 166.797 85.4475 153.602 25.6259 40.9743 131.087 42.5213 238.773 76.231 0 49.7897 158.131 189.327 158.27 79.1378 105.844 7.27936 96.5252 159.318 76.5435 18.3869 187.016 142.149 295.061 17.5341 101.358 
2.29923 128.126 25.0121 26.9603 94.111 72.2007 0.0299922 27.4998 202.949 10.696 72.5575 99.8448 0 31.796 0.345204 45.0781 42.9077 11.3529 0.00629907 41.8613 76.8134 26.2219 11.5176 35.8652 45.4996 13.6695 5.83133 38.5342 
44.5318 70.6951 13.4974 2.12133 0.918441 21.9553 40.2925 65.0726 5.40729 10.2043 114.984 166.345 28.6642 0 0.239491 0.889462 2.69525 4.38754 25.1049 3.86118 43.4459 7.05326 1.47394 1.81607 0.157585 10.6779 0.948503 1.40095 
37.5184 82.8698 23.404 0.129852 93.1127 5.94605 123.555 105.95 88.9841 122.329 3.50375 1.50464 55.2959 35.1263 0 0.00997432 29.5833 36.5635 0.629958 5.55512 55.9096 1.36701 6.54286 27.558 29.9606 27.7797 5.50023 5.39906 
53.0549 21.2726 12.5958 20.3695 74.6726 27.1541 25.9527 259.549 143.373 32.1806 146.18 11.5843 0.243722 0.486945 79.175 0 12.6843 1.65627 11.1936 3.52453 0.681259 3.18284 12.1845 27.1155 0.0550978 19.7773 14.755 22.5408 
201.787 231.154 5.10342 253.588 29.4429 202.989 105.82 98.3565 227.358 72.0628 64.4994 81.8017 47.4799 8.39091 3.38191 7.47556 0 17.1828 166.539 10.7386 12.7009 21.1508 16.2261 13.0302 209.894 26.0038 17.3536 24.4089 
13.4878 260.37 143.172 93.2322 89.0866 97.4964 228.406 46.906 209.368 6.34553 73.7439 70.2113 35.4632 15.2789 38.595 57.4728 141.856 0 140.936 87.6115 24.4273 9.18905 6.22597 34.4118 4.97884 39.5936 36.0847 9.71212 
102.88 131.657 36.0328 0.560171 242.965 76.4233 23.4482 99.9252 98.8816 28.0597 11.2116 83.1659 14.5731 24.1194 37.3722 0.881633 67.8824 67.0938 0 12.4928 6.93696 17.3748 20.202 17.7643 1.40498 5.39942 1.14875 0.723895 
198.888 90.3161 0.00523279 0.00714391 92.8522 19.7747 24.0736 42.5855 30.6675 3.41534 20.132 30.055 42.3444 4.52195 7.90912 9.59086 11.2347 78.7536 1.09086 0 329.214 6.38847 0.135894 4.24356 6.12628 0.024316 1.6563 2.56354 
180.859 2.35089 20.8673 186.164 46.46 0.278592 0.18494 126.715 182.137 1.44742 96.0432 7.80489 50.9498 19.0319 30.6435 62.4035 16.513 69.1752 25.3117 237.07 0 31.6429 7.77647 2.37024 13.2811 16.8153 13.5784 51.1314 
40.3423 37.1485 12.3233 12.6485 21.3205 19.1151 62.8063 38.4175 41.7434 46.5606 77.9371 59.9053 17.6598 10.5789 17.2976 9.35788 1.06421 42.3198 19.6602 2.79372 28.7655 0 7.60193 5.41467 14.2493 5.59573 2.42007 7.458 
0.203055 55.5564 9.1039 1.7197 49.1199 3.30634 15.5346 3.84116 47.7411 58.7925 109.181 0.573735 5.02998 0.239346 4.44767 0.386395 8.44117 0.136419 22.5336 2.26961 26.3548 9.87979 0 1.33337 0.0879295 4.86254 11.824 0.917643 
57.6849 24.0996 14.5566 21.7754 56.0102 3.01896 0.0627999 132.269 46.6992 0.487898 16.0702 185.52 1.05099 0.0065013 7.94309 12.2705 13.2494 34.782 10.7198 0.0107128 29.3047 4.53447 15.9156 0 25.0674 0.0789978 16.2187 12.0541 
232.018 213.312 26.1748 212.697 42.5594 199.094 90.6363 193.38 325.779 51.6176 57.6848 1084.37 10.1141 16.5596 15.0984 38.6383 212.294 56.7752 0.266581 11.0217 59.8005 76.756 8.7734 33.9996 0 101.751 90.8106 92.85 
12.2645 4.21394 9.58105 5.66977 48.5362 19.7173 77.3171 71.4257 62.6611 54.7145 77.1027 20.119 13.0698 2.3684 25.6758 26.6677 18.7933 48.6049 5.6274 3.69369 21.7973 8.45938 6.54779 11.609 5.57926 0 34.9724 16.2028 
47.612 46.2851 14.2248 8.9237 38.7936 2.04241 1.62456 11.9519 50.5139 38.5395 30.3944 14.9076 32.6817 0.564888 2.30688 3.04009 21.9059 41.768 22.7894 2.48526 34.2624 0.616334 12.9344 1.07164 17.786 7.58462 0 76.0458 
51.8788 56.8151 19.4849 6.58373 53.9608 18.1715 10.5673 2.59783 98.4705 10.0674 23.3658 173.693 14.6104 7.48116 16.8044 22.7715 24.3236 21.6885 2.06742 9.64319 14.2867 4.67281 9.83566 13.4509 27.9392 3.77334 58.7477 0 
