0 852.709 119.792 498.047 151.531 554.182 38.0291 35.9539 643.158 141.085 120.484 227.161 78.0649 30.2263 17.5851 3.29565 472.626 30.5508 103.871 251.189 190.265 36.0444 6.91673 11.8563 427.335 13.4782 41.1405 3.40592 
1005.46 0 473.22 697.764 141.249 440.971 293.796 6.97212 488.004 221.144 234.432 149.879 69.9871 66.4492 66.4498 5.35829 431.095 265.432 23.1938 116.059 0.11473 48.9096 54.1307 9.83849 496.684 57.8924 12.8931 42.0301 
102.341 30.9986 0 12.7578 98.1209 50.5405 101.475 275.811 94.4554 97.9058 0.51153 165.339 73.3652 0.000463745 24.3573 9.3516 35.4615 130.288 3.3646 2.95783 0.0579449 5.49639 8.59351 5.20526 27.2795 2.96191 16.3554 3.96293 
734.453 699.753 115.365 0 132.113 434.564 139.691 824.805 496.057 99.2231 48.5161 25.5057 9.62817 4.33383 39.2815 42.9789 425.118 138.467 0.272951 32.5668 175.826 4.16317 0.863373 6.89576 424.973 8.59675 5.6404 12.1986 
141.095 360.408 5.65219 155.96 0 397.744 434.751 166.678 1.01152 143.438 199.402 12.6103 102.449 50.539 94.7535 0.00339783 137.665 88.9173 95.5239 91.0168 111.155 21.8852 47.8609 38.1923 57.5062 44.0406 0.0316858 39.5592 
531.724 483.214 0.000137118 448.395 704.449 0 293.045 138.661 431.291 450.457 270.18 158.466 167.225 0.264943 7.9952 1.03939 457.101 33.2362 5.52947 15.9745 19.1286 2.69829 0.0221433 0.26489 428.901 13.0752 20.1552 16.6329 
77.1324 207.15 35.77 3.00038 380.262 119.334 0 49.6639 3.36197 476.03 43.2082 2.91423 153.966 3.73295 118.64 52.4464 7.26899 173.63 80.8956 74.368 124.068 2.53376 39.267 30.1592 71.9519 38.541 12.9394 63.7663 
163.679 294.039 261.084 3.12273 25.8141 0.455798 350.929 0 636.447 14.3129 190.629 674.854 145.54 125.927 15.6374 259.778 0.0222033 181.476 111.778 107.775 207.126 46.3686 88.9827 39.1051 63.9165 234.068 89.6289 1.58553 
595.251 795.952 362.701 539.372 339.124 430.539 1298.31 640.712 0 32.7183 1310.32 62.5593 26.1634 43.3336 62.1398 1.05226 519.282 8.65633 34.2166 87.8059 70.0771 5.17671 81.8499 94.0248 427.253 56.4293 24.3423 93.4672 
6.89978 0.127533 25.0207 2.28166 97.5098 390.242 368.795 212.958 234.713 0 30.9156 30.5415 67.3846 29.6644 22.9883 85.2785 20.9092 65.4404 51.6539 0.322274 3.09226 1.27296 41.8452 34.1529 27.961 68.5444 45.6379 6.60524 
0.99967 0.0299811 8.10224 172.705 223.125 33.7078 484.785 82.0465 377.692 2.9402 0 99.66 0.0113887 135.791 10.7383 3.49759 94.1197 56.4499 2.29149 5.66177 84.6815 27.0776 133.474 88.8008 25.424 39.7683 13.0227 19.8611 
153.919 76.0677 159.758 103.096 157.709 20.5782 30.9658 37.3699 27.2387 233.67 110.837 0 54.7794 153.654 167.746 91.2527 80.1975 101.85 8.57101 96.705 161.653 76.3832 22.3192 187.215 174.909 249.756 14.6629 110.384 
3.24901 131.62 22.7554 29.0238 101.648 92.0681 0.892449 24.018 200.646 23.9713 85.0344 104.94 0 43.0093 0.000455147 41.5148 44.1947 13.0628 0.0325363 42.1591 76.4214 29.8981 14.676 38.4238 44.383 14.9357 5.35954 39.1622 
45.522 71.0194 13.0186 1.72426 1.43488 21.9164 36.5285 59.7898 3.14718 12.82 99.9305 165.168 19.218 0 0.651877 1.70154 2.94878 3.76406 24.7641 3.78515 43.0886 6.65835 2.39427 2.35079 0.0633364 10.2854 0.817608 1.20112 
39.6023 80.376 21.957 0.360135 93.9384 4.62263 128.317 116.113 75.2159 117.255 0.385769 0.0206096 48.7006 44.8523 0 2.41628 29.421 34.8169 0.412481 5.29271 55.3503 1.66791 5.07051 26.953 30.4594 26.7973 5.06817 4.78066 
55.6833 23.7341 13.6113 18.2844 74.3406 27.2775 29.655 256.362 146.523 28.2106 161.718 46.2831 0.776191 0.106676 86.984 0 12.204 2.16786 10.5623 3.28836 0.371955 3.48366 12.3614 25.362 0.0135055 17.5427 14.3005 22.3209 
426.718 452.027 4.08123 478.692 24.484 429.842 106.981 97.7376 450.636 73.6472 66.5202 82.691 46.254 8.02383 3.02572 7.04483 0 29.4972 150.648 11.495 13.7997 21.1861 16.016 12.7127 435.325 26.2064 17.1062 24.4209 
8.33118 273.241 148.938 86.5431 78.0066 101.648 231.504 52.3757 205.298 8.58675 68.3721 65.9393 38.0139 14.2279 40.3244 58.1911 164.515 0 143.724 87.5647 21.7923 9.75507 5.66021 33.5581 4.30056 40.946 36.6367 10.4602 
105.388 138.396 38.2639 0.243485 222.089 79.5752 28.5152 97.6041 104.309 23.9872 9.08365 81.316 12.812 24.495 37.0257 1.11559 76.8827 60.9416 0 11.6187 6.04229 17.7776 20.4744 17.3896 1.1749 4.94117 1.00666 0.588237 
210.324 82.729 0.093097 0.0827745 91.677 20.3759 27.1504 38.4539 27.4778 2.6993 22.159 32.8178 42.5773 4.56441 7.65984 9.63264 10.483 76.8881 1.42934 0 331.66 6.3903 0.163147 4.12121 5.81877 0.0578832 1.78665 2.38147 
168.267 1.01146 25.7571 203.551 42.8141 0.0755888 0.00228008 118.38 179.711 0.908598 100.184 5.63742 52.4059 19.954 32.0143 62.6898 15.3378 72.5196 23.8266 191.856 0 31.8067 8.37187 2.83401 14.4913 18.2824 12.89 51.0665 
40.2873 36.2277 12.3896 12.905 20.1362 18.8354 62.9115 37.0178 40.2465 44.9891 78.2953 58.3744 20.9143 10.7036 17.408 9.07595 0.935513 42.3249 20.0213 2.70236 28.4617 0 6.77177 5.95737 14.4265 5.3808 2.60087 7.61373 
0.35913 55.0997 9.40715 1.43909 49.9741 3.68662 17.3435 5.26857 44.2839 59.4137 104.428 0.0794778 3.17223 0.726855 3.19541 0.176259 8.15587 0.0599793 22.6573 2.19698 25.646 10.6594 0 3.08657 0.109112 5.18866 11.583 1.05811 
57.4967 22.6183 14.7779 22.4284 56.1948 2.66223 0.242937 129.395 43.4665 0.886323 19.7999 187.045 1.76355 0.0160959 9.58774 9.47983 13.5626 35.6134 11.142 0.0238999 28.301 5.05852 18.1465 0 21.5513 0.0133807 16.661 12.3488 
460.085 440.924 26.6483 437.054 40.9805 424.982 91.2281 192.106 550.512 53.6441 51.6003 513.625 9.05573 16.4796 16.4161 27.6317 437.712 57.2972 0.383587 11.2671 60.0881 87.6292 7.96273 44.0691 0 81.8554 39.481 131.005 
10.4423 3.15203 8.59508 4.40644 50.2433 18.8728 80.3004 87.2911 56.5298 52.1745 68.71 46.5918 14.3179 1.99881 24.4808 24.8119 18.3387 49.7489 6.10891 3.96787 23.3667 8.63381 6.86011 10.976 6.0219 0 33.8879 11.4247 
47.0794 47.0167 13.8533 8.32495 39.4714 2.28875 2.06244 10.1238 52.2739 39.3103 28.3544 17.7978 32.1686 0.463313 2.00294 2.65366 21.8134 41.3996 22.615 2.33682 33.6263 0.52254 12.7841 0.803162 19.0403 9.12712 0 67.8489 
52.9036 57.7708 19.0819 5.80841 53.4142 18.6141 9.24615 4.29807 99.0001 8.95992 20.4916 170.988 13.7596 7.16818 16.1203 22.7866 24.3645 22.6208 1.83901 9.80369 13.3678 4.5018 9.74879 13.2343 29.5833 6.97174 67.8958 0 
