0 908.014 109.049 494.499 161.324 571.927 31.4381 28.8892 653.12 143.316 124.924 227.975 76.3575 31.0451 16.4839 2.64191 491.271 25.5988 105.397 252.361 182.936 35.7776 6.47437 11.1204 444.417 12.2897 40.6404 2.99974 
1017.6 0 466.898 700.341 174.614 463.995 258.04 4.26127 491.335 216.028 239.682 144.422 73.2409 65.779 64.4596 4.54911 449.312 588.336 19.8473 119.674 0.000112093 49.1874 53.7546 9.15672 514.016 59.3605 13.4428 41.1402 
91.5949 59.5859 0 12.2532 90.3245 52.8982 88.1975 273.677 128.992 100.363 1.94758 169.378 73.2823 0.00462949 25.203 8.74563 36.5622 125.477 2.75217 2.50566 0.345479 5.64211 8.79025 4.94264 27.0486 2.57176 16.5398 3.68398 
765.443 702.596 96.6114 0 136.244 452.773 131.905 1026.7 528.331 100.616 54.6011 19.1465 8.7566 4.68705 39.3797 42.8839 441.614 140.227 0.46285 34.0446 600.782 4.32437 0.737038 7.37241 441.571 9.59379 5.9663 11.6081 
150.983 393.568 3.29844 153.508 0 381.438 435.499 161.625 3.15663 127.445 205.955 14.581 97.7959 49.4029 94.9382 0.0459321 135.09 95.9195 81.4589 90.0991 112.866 22.6288 47.2723 37.4542 58.2123 42.9201 0.0107592 40.2202 
551.449 489.921 0.111884 467.144 1003.55 0 685.651 146.332 460.14 379.767 266.649 158.792 653.308 0.385976 7.04692 1.29563 474.803 36.1401 4.24975 16.4374 17.9524 2.47985 0.00606359 0.342796 445.133 13.6421 20.1269 16.3237 
68.3998 242.565 45.8757 1.33445 362.928 228.672 0 63.0076 52.313 454.898 59.9972 5.09459 160.34 4.70367 115.1 55.0333 6.27975 167.3 76.665 76.1029 122.062 2.91182 40.5968 28.9073 73.4613 36.3347 13.5931 64.5651 
152.155 293.477 254.073 26.2535 22.2596 1.50734 336.637 0 615.755 11.3001 176.046 567.071 144.718 125.475 12.2526 258.686 0.0872991 181.432 112.541 109.2 207.653 45.5559 90.3871 42.6205 70.4249 234.189 90.7276 2.39119 
619.876 822.876 326.508 538.779 344.684 458.849 1299.88 621.431 0 22.7673 1128.04 75.2903 22.631 40.4529 98.0814 0.432467 537.265 10.9462 37.1922 89.4651 74.2081 5.68005 80.1038 94.9559 443.112 52.6883 25.3973 94.3108 
8.56841 0.831231 22.0937 3.16725 83.0369 430.774 401.44 215.616 253.383 0 54.9842 25.545 83.1235 31.9369 27.0171 83.877 22.1642 62.3032 48.6168 0.191353 3.65355 0.971861 42.9763 35.3159 29.3551 69.5556 45.38 6.02811 
1.76434 0.459663 4.72408 167.503 217.415 42.8222 479.569 70.3071 331.982 13.1517 0 78.592 0.1742 126.719 3.04256 6.45976 93.7571 59.6455 1.68934 6.40535 87.3512 28.2179 133.632 91.8652 22.5405 44.3197 13.9912 21.6035 
147.917 70.6618 154.992 114.311 160.099 17.6911 25.3907 7.33122 19.367 229.919 134.586 0 57.9251 150.45 153.923 57.0843 80.822 99.3359 9.4184 96.7262 162.931 76.2407 24.9027 186.649 215.595 220.042 12.997 115.856 
3.91629 133.64 21.3879 30.3144 106.273 108.028 2.01968 21.9584 198.857 34.6056 93.0045 108.04 0 50.4721 0.158686 39.3094 44.9809 14.1727 0.116348 42.3244 76.1494 32.2349 16.7849 39.9997 43.6709 15.7371 5.07586 39.5372 
46.1122 71.1598 12.7102 1.49748 1.81074 21.8623 34.2348 56.5288 2.05673 14.5608 90.6605 163.938 14.1923 0 2.56445 2.32119 3.11054 3.40029 24.543 3.737 42.8496 6.41036 3.03751 2.70604 0.026097 10.0314 0.741077 1.08428 
40.8863 78.7503 21.0404 0.559675 94.3365 3.87694 130.955 122.265 67.0257 113.715 4.67453 0.983883 44.6809 50.1855 0 6.5424 29.3098 33.735 0.300616 5.13083 54.9744 1.86754 4.23024 26.4746 30.7163 26.1331 4.80655 4.41194 
57.2736 25.299 14.2365 17.0076 74.0723 27.3156 32.0209 252.664 148.146 25.8261 170.858 77.9481 1.25452 0.00911403 89.2785 0 11.9072 2.51769 10.1758 3.14415 0.22681 3.67389 12.43 24.0628 0.094703 16.146 14.011 22.1511 
442.814 465.678 3.50135 494.75 21.6013 447.075 107.605 97.3005 465.652 74.5802 67.7522 83.2079 45.4824 7.79835 2.81406 6.78223 0 38.5725 317.739 11.9695 14.497 21.2037 15.883 12.5151 451.631 26.3238 16.9511 24.423 
5.73883 276.85 152.061 82.3376 71.3331 104.078 232.873 55.8506 202.456 10.1326 65.08 63.31 39.6127 13.5893 41.3878 58.6044 178.317 0 145.215 87.4355 20.2207 10.1114 5.32159 33.0226 3.90366 41.7728 36.9714 10.9337 
106.828 142.337 39.6254 0.112439 208.144 81.3519 31.844 96.1064 107.598 21.5884 7.87044 80.1352 11.7688 24.7177 36.7897 1.27363 84.0719 57.1793 0 11.0861 5.51669 18.024 20.6372 17.1541 1.04237 4.66572 0.923205 0.511143 
215.627 77.9557 0.201551 0.2681 90.83 20.7307 29.1103 35.9504 25.5607 2.29619 23.4458 34.558 42.7021 4.58902 7.50372 9.65224 10.0249 75.6569 1.66078 0 326.422 6.39009 0.18121 4.04469 5.62946 0.0858062 1.86933 2.27124 
160.158 0.4601 28.9749 209.473 40.5961 0.0139842 0.0356998 113.169 177.977 0.637108 102.705 4.4664 53.2968 20.5272 32.8598 62.8206 14.6259 74.5746 22.9188 162.579 0 31.9022 8.74853 3.14055 15.2586 19.2088 12.4692 51.0054 
40.2415 35.6496 12.4264 13.061 19.4108 18.6507 62.9407 36.1483 39.3147 43.9902 78.4703 57.4038 23.0244 10.7661 17.4601 8.89646 0.859808 42.3171 20.2405 2.646 28.269 0 6.26231 6.29691 14.541 5.24776 2.71522 7.70888 
0.477701 54.7874 9.59027 1.27694 50.4795 3.92937 18.4973 6.25844 42.1586 59.7354 101.335 0.000162818 2.22909 1.14849 2.50974 0.0865397 7.97987 0.0281681 22.7266 2.15193 25.2033 11.1245 0 4.46611 0.182357 5.39066 11.4271 1.14947 
57.3421 21.7113 14.9033 22.8134 56.2807 2.45072 0.413047 127.371 41.4784 1.19113 22.2672 187.302 2.29387 0.0650753 10.6434 7.84644 13.755 36.1197 11.4039 0.0346673 27.6757 5.38929 19.2393 0 19.3797 0.000173685 16.92 12.5231 
478.025 458.615 26.9134 452.721 39.9945 441.594 91.4976 190.694 566.207 54.8621 47.9106 685.358 8.42426 16.4092 17.23 25.7731 454.009 57.5956 0.466518 11.4146 60.2324 80.2574 7.51879 50.5366 0 52.6239 98.3244 97.6991 
9.37698 2.56889 7.99939 3.69584 51.2799 18.3389 82.0644 97.4397 52.7876 50.5645 63.5838 67.6636 15.109 1.78297 23.6962 23.5814 18.0543 50.4374 6.41441 4.14012 24.3496 8.73921 7.05026 10.5752 6.37771 0 33.144 8.79795 
46.7331 47.4554 13.6195 7.96019 39.8823 2.44735 2.35869 9.05978 53.3503 39.774 27.1097 19.6925 31.8434 0.405265 1.82436 2.4255 21.7526 41.1622 22.5028 2.24661 33.2259 0.468201 12.6827 0.655553 19.9232 10.1306 0 62.2706 
53.5121 58.3352 18.8207 5.34769 53.0549 18.8798 8.46621 5.5563 99.2421 8.30075 18.7857 168.858 13.2402 6.97266 15.6876 22.7609 24.3845 23.2002 1.70381 9.90005 12.809 4.39636 9.68989 13.0907 30.5891 9.37425 73.1039 0 
