0 443.982 4.20326 133.597 257.673 154.599 4.10423 9.05391 139.038 156.582 173.476 207.59 52.7401 41.0124 4.98556 0.750602 106.921 1.64212 116.554 238.82 75.2853 31.7541 1.97128 3.48047 44.3182 1.58915 33.4897 0.0571831 
143.801 0 5.83949 64.4636 528.883 189.913 5.66873 28.6953 56.6414 118.577 266.319 71.4504 113.274 53.9472 37.3746 0.0731116 74.2783 649.668 0.194097 141.845 17.2976 51.4942 47.1112 2.37866 109.54 75.2783 21.1235 29.2578 
0.726283 464.734 0 212.762 9.79016 66.2943 1.29129 147.259 469.174 114.041 90.0735 185.399 66.9569 1.4577 33.0297 2.278 48.8122 53.0106 0.424443 0.0653398 24.0746 7.52906 11.0004 1.99533 22.2551 0.000950947 18.448 0.91545 
225.587 66.3363 302.292 0 163.813 69.4025 32.4253 517.126 330.57 105.946 142.083 21.3516 1.06494 9.96773 36.7293 35.1376 33.5892 141.282 7.14932 47.1995 805.113 6.55754 0.00470926 14.1099 35.7186 24.7751 10.6651 4.86571 
253.045 467.816 28.8568 99.5088 0 65.9053 237.146 89.5312 121.455 0.402044 259.08 50.2212 40.1022 33.6297 89.4557 4.86764 90.4898 184.297 4.03584 71.2443 128.79 32.4227 38.4365 27.4811 65.1947 28.1506 0.729712 47.9457 
163.691 38.556 20.581 84.5143 635.725 0 83.8037 212.19 466.774 818.15 137.839 141.384 169.86 3.79875 0.0713614 6.73588 77.6789 76.9807 3.11302 21.5389 5.60037 0.44534 0.69423 2.18631 31.6836 20.6732 19.235 12.0382 
0.838815 524.721 208.278 37.6029 73.1133 136.461 0 295.786 916.265 36.4249 380.691 79.9132 215.659 25.6042 58.9272 85.5256 3.92996e-05 77.8832 26.7807 92.135 90.4101 9.89367 56.6134 14.0596 88.1396 11.8972 22.8944 71.9718 
26.1633 230.524 96.2273 423.937 0.0264133 62.98 101.912 0 105.176 4.89835 23.2766 280.52 125.385 105.615 6.48381 145.404 4.71438 166.961 116.454 117.312 191.137 34.5375 101.574 91.3636 154.361 161.87 99.781 26.1051 
285.99 392.014 8.33647 38.3202 312.616 464.884 245.247 113.63 0 59.1241 993.687 281.561 0.0057739 14.1598 232.322 16.2875 140.642 60.3802 80.7852 104.404 128.072 13.9417 54.1326 100.105 35.8636 12.8203 39.7742 99.5698 
43.3858 59.7014 0.241491 25.8185 3.97299 42.4133 395.616 217.046 386.588 0 566.561 1.78102 300.135 61.5448 90.4627 56.7549 39.9225 25.6094 14.8875 1.54686 14.6913 0.752481 55.0931 49.0502 47.4857 76.3864 40.8301 0.855384 
29.6108 48.6334 41.38 82.7844 123.959 200.691 212.123 1.14789 304.203 507.747 0 44.4545 48.2978 20.4714 251.166 106.006 85.9451 102.727 2.1917 19.4302 119.141 43.4948 118.133 122.272 0.511803 109.951 28.6464 47.9278 
67.9055 15.2475 77.117 239.974 178.954 0.0686126 4.14394 956.51 40.2586 149.959 461.01 0 99.9478 87.9083 9.2378 309.061 86.5557 65.3955 23.2721 90.9156 167.156 71.5161 64.9398 137.101 370.071 7.90674 0.354572 168.858 
17.5453 148.437 6.73074 47.107 157.504 144.324 52.869 3.18032 154.065 252.95 196.522 142.005 0 143.375 25.699 13.5954 54.172 31.5048 5.72021 43.1111 70.7036 63.3204 50.4874 58.3667 33.3661 26.8982 2.04521 43.3333 
51.9438 68.8054 8.20341 0.0015808 10.2419 19.2113 9.51737 18.9855 9.84896 42.5741 4.45783 118.47 20.2434 0 61.8496 14.2798 5.49614 0.333469 21.067 3.05418 38.629 3.21335 9.6673 7.82554 0.988861 6.26835 0.0838185 0.0988846 
56.3091 53.7123 9.11713 6.72735 91.5692 0.218142 140.053 179.617 6.34367 52.1118 322.671 119.856 5.30127 25.8946 0 88.6434 27.1782 20.197 0.448349 3.13465 48.2607 5.21604 0.447492 15.0537 30.2846 15.0189 1.9343 0.859335 
74.0135 47.091 21.3518 3.51767 66.5337 25.2142 64.8164 119.41 145.166 3.29711 228.078 491.223 16.665 7.24008 4.73808 0 8.18035 9.14614 5.6042 1.48212 1.56076 6.29669 10.5577 3.33491 7.87343 1.66576 9.89136 17.8935 
33.3795 32.1159 0.0107004 74.992 0.306875 47.9676 108.853 88.1645 38.9144 82.8955 81.9265 87.4341 34.8933 5.0525 0.737635 3.72838 0 205.549 10.3017 18.3433 24.4633 21.1306 13.9851 9.92088 37.9102 27.2725 14.8264 24.077 
15.8961 428.003 156.781 30.2395 8.33298 123.268 212.621 103.975 147.709 39.3923 27.1451 31.8392 60.8868 6.37218 54.1574 61.6461 287.1 0 147.213 79.1435 4.76435 15.0558 1.81994 25.7616 0.468733 51.4375 40.7657 17.6429 
116.699 171.972 54.6038 2.88172 29.5515 89.8583 83.174 73.4509 142.255 1.42612 0.00225563 62.9256 2.04697 26.8561 32.3795 4.16506 241.971 16.1033 0 5.02277 0.818862 20.9549 22.3026 13.9303 0.0392627 1.74696 0.165046 0.00144781 
154.733 21.143 5.01394 11.2276 72.7046 23.8829 56.2938 9.61369 6.16549 0.026038 41.5506 57.9025 42.9512 4.78602 5.41891 9.47221 4.77953 55.6145 6.03069 0 27.9933 6.29604 0.492166 3.02412 3.32325 0.919683 3.05827 1.04589 
53.3256 12.3852 77.4859 128.46 15.8857 3.57993 10.2943 48.4411 141.642 1.4615 130.863 1.68694 63.854 27.9157 43.2411 61.3024 6.69074 99.0051 12.2728 42.9721 0 32.7203 14.0759 8.3234 26.0943 31.9676 7.47888 48.8087 
38.8632 27.7858 12.5982 14.8481 10.7978 15.5658 60.8708 24.9715 27.2329 29.9538 77.4884 43.6863 53.7669 10.5294 17.0142 6.34244 0.16439 41.4708 22.7356 1.93985 25.4875 0 1.00101 10.5605 16.376 3.56495 4.33318 8.83526 
3.46502 48.8717 11.5489 0.0441143 55.225 7.42584 34.9805 25.3733 17.41 59.4281 55.6452 14.0522 5.0983 9.02607 1.36292 1.70565 5.77681 0.683281 23.1064 1.57334 19.3229 15.0612 0 20.8653 4.89501 7.86785 9.03042 2.59465 
52.8381 11.0563 15.6664 26.205 55.4326 0.459017 6.47055 87.9959 18.1371 8.83293 61.637 146.503 14.6145 3.25783 23.8052 1.74059 16.1094 41.9523 14.7688 0.348224 19.519 9.73224 9.51658 0 0.596542 1.66208 19.086 14.137 
84.7085 64.49 28.2487 33.3681 27.0749 33.2971 88.2774 135.728 133.561 67.2716 10.0449 41.6597 2.15624 14.1569 26.6198 46.8747 40.0829 59.6707 2.23419 12.9711 59.7483 50.2969 6.06277 54.6122 0 15.3877 153.013 123.568 
0.618992 0.433064 1.88246 0.197378 62.7914 11.1053 97.6539 214.218 12.8792 28.7234 10.9605 388.19 26.1989 0.0729631 11.9567 6.50153 14.2382 57.7315 10.7815 6.46381 37.3475 9.89724 9.16027 5.26371 15.6092 0 20.0422 7.48312 
41.2158 52.0416 10.4103 3.79106 44.5123 4.87001 7.80936 0.520772 65.9674 44.7118 12.8012 49.6119 27.2014 0.00357582 0.243654 0.355559 20.7251 37.4983 20.78 1.2126 27.6757 0.0321912 10.8513 0.105907 37.9208 24.5989 0 1.1538 
59.3608 63.5643 14.7916 0.98437 47.0962 21.6363 1.34351 34.0481 96.4296 1.88972 2.9435 115.855 7.16737 4.4258 9.78214 20.1213 24.269 30.6923 0.407941 10.9155 6.42447 3.08109 8.60304 10.6706 40.4019 51.8006 80.9877 0 
