0 474.608 2.92535 195.018 259.465 203.86 5.29173 10.937 185.438 156.484 174.781 205.871 51.8753 41.3364 4.68606 0.912528 158.019 2.28136 116.635 231.691 71.6235 31.5927 1.85587 3.28076 95.0357 1.3875 33.2156 0.0343419 
177.7 0 1.89675 109.335 530.772 245.248 9.58779 31.4855 111.336 114.593 265.734 68.9839 114.546 53.4335 36.4207 0.127356 126.155 477.738 0.3825 141.674 18.5132 51.5309 46.8191 2.21366 159.847 75.7147 21.4128 28.8316 
0.259965 457.645 0 193.362 8.2548 66.0712 2.35537 140.837 464.999 113.844 94.826 184.638 66.5625 1.55448 33.1743 2.11305 49.1576 50.4997 0.538979 0.10373 25.5067 7.59541 11.065 1.90977 22.0312 0.000689211 18.4983 0.848843 
263.806 111.069 326.408 0 163.771 120.668 29.6796 1130.45 385.61 105.683 145.033 24.3227 0.924439 10.1719 36.5067 34.6692 84.0229 140.569 7.52122 47.3974 236.302 6.64119 0.0103895 14.3578 86.2514 25.3423 10.8451 4.66626 
255.159 456.45 31.4963 97.081 0 59.0623 225.846 86.9426 127.875 0.0493166 259.668 51.773 38.3101 33.0519 89.0012 5.17949 88.6489 187.002 5.83947 70.3753 129.122 32.7708 38.0871 27.1189 65.3633 27.6313 0.789014 48.1879 
214.016 90.8022 21.7962 135.588 234.564 0 460.762 212.958 526.52 418.119 131.766 140.082 398.358 3.97595 0.0320536 6.98983 128.321 78.4246 3.60765 21.6812 5.27516 0.402167 0.748621 2.27849 81.8633 20.9007 19.1857 11.8796 
0.408659 522.388 212.868 40.6115 64.8479 93.879 0 303.736 830.814 27.8804 390.935 83.8174 216.436 26.5797 56.8353 86.4261 0.00939261 74.8085 25.33 92.45 89.1391 10.208 57.12 13.5966 88.4702 11.2235 23.2487 72.1271 
23.274 226.694 90.1515 430.929 0.115428 66.4173 94.2681 0 90.2239 5.81401 20.1314 326.958 124.427 104.485 7.61787 139.318 5.00515 165.996 116.384 117.228 189.794 34.1348 101.712 93.0443 156.867 157.403 99.9139 27.3417 
337.646 436.408 14.0046 91.2293 308.138 524.852 319.932 98.1751 0 65.6949 265.686 288.671 0.0634394 13.6878 218.636 17.6093 191.201 62.6819 82.4145 104.684 129.884 14.2903 53.1409 100.043 86.6307 11.8222 40.2996 99.5557 
44.9877 63.1705 0.112415 26.9403 5.77165 26.3107 380.653 215.958 386.039 0 576.457 2.44941 305.043 62.5027 92.6788 55.5785 40.5858 24.5101 13.9705 1.6981 15.2032 0.871174 55.4167 49.4723 48.1043 76.4001 40.6293 0.755305 
31.1514 51.6084 45.1296 79.6201 120.337 205.997 199.648 2.01245 323.614 523.209 0 51.945 51.3601 18.0065 265.053 110.737 85.5658 104.25 2.49347 19.9956 120.136 44.0429 117.03 122.948 0.321423 112.228 29.2272 48.9491 
65.2479 13.935 74.1992 242.67 179.176 0.180094 5.24042 980.503 45.0622 146.397 468.849 0 101.413 85.2849 7.04048 330.335 86.6758 64.1817 23.8527 90.5085 166.877 71.2531 66.472 134.2 359.923 12.256 0.235887 169.884 
18.1855 148.544 6.33881 47.6857 158.877 147.593 55.6884 2.81086 151.866 260.216 199.718 142.942 0 145.377 27.2791 12.8544 54.4597 32.207 6.06795 43.0922 70.4465 64.3546 51.767 58.9108 32.9717 27.311 1.96036 43.43 
52.0841 68.5817 8.03446 8.98965e-06 10.6535 19.0559 8.87292 17.919 10.8494 43.6625 3.30995 116.074 22.8372 0 61.9835 14.6871 5.59025 0.282687 20.9243 3.02818 38.4425 3.1074 9.66788 7.98872 1.07072 6.12702 0.0722803 0.0829625 
56.7965 52.7353 8.73153 7.05507 91.2045 0.307952 139.473 180.582 6.22277 49.7945 334.086 126.306 4.54554 23.0404 0 87.4755 27.0796 19.7441 0.5082 3.06842 47.9638 5.35654 0.589156 14.5466 30.1416 14.583 1.85225 0.78057 
74.4444 47.8816 21.5517 3.19634 66.1359 25.0552 65.97 113.329 144.248 2.86245 227.48 486.107 17.4838 7.69743 2.93162 0 8.05319 9.44856 5.45916 1.4316 1.71691 6.39236 10.4069 2.82796 8.34263 1.39419 9.73719 17.6821 
83.8944 82.0996 0.0305136 124.816 0.163002 98.6825 108.661 87.7274 88.7186 83.0528 82.3599 87.4976 34.5023 4.96163 0.687446 3.6328 0 211.346 194.527 18.5729 24.8449 21.1177 13.9119 9.82795 88.0348 27.2863 14.747 24.052 
17.7125 423.595 155.694 28.6616 7.15321 123.472 210.678 105.707 145.297 40.6935 26.0166 30.8458 61.6436 6.15617 54.5656 61.6727 287.354 0 146.684 78.6365 4.3995 15.2418 1.72705 25.4953 0.406974 51.7386 40.8813 17.8989 
116.73 172.179 55.0125 3.12893 25.446 89.6258 85.1222 72.559 143.14 1.13716 0.00270983 62.2613 1.84242 26.9054 32.18 4.29514 244.478 15.0202 0 4.84129 0.7269 21.0494 22.346 13.8107 0.0284181 1.66678 0.149239 0.000190481 
149.086 19.5849 5.28646 11.8578 71.8535 23.9403 57.2641 8.94367 5.69635 0.0491067 42.2242 58.7274 42.913 4.78876 5.34398 9.4511 4.62055 54.7971 6.22914 0 20.9304 6.28958 0.505762 2.98733 3.24775 0.964838 3.10431 1.00976 
50.0637 13.4332 79.2441 128.759 15.1763 3.85192 10.9801 46.4096 139.952 1.63885 131.675 2.01767 64.1909 28.1734 43.5829 61.1399 6.45655 99.7724 11.9386 52.471 0 32.7349 14.2787 8.54636 26.502 32.4352 7.31857 48.6835 
38.7877 27.4967 12.5938 14.9031 10.5235 15.4353 60.7148 24.5829 26.8101 29.4355 77.3429 43.1697 54.8791 10.4856 16.9605 6.24673 0.149519 41.4153 22.8118 1.91565 25.3791 0 0.886507 10.6969 16.4528 3.50729 4.39488 8.87141 
3.61919 48.6015 11.6023 0.0312431 55.3287 7.55814 35.5973 26.2343 16.67 59.2642 53.9768 15.0282 5.70657 9.18114 1.598 1.84956 5.70143 0.742903 23.102 1.55312 19.111 15.1095 0 20.7933 5.17109 7.94745 8.93463 2.65396 
52.5964 10.7238 15.663 26.2653 55.3358 0.415958 6.81071 86.2753 17.4278 9.2198 63.1785 143.792 15.2135 3.43649 24.1649 2.15182 16.1879 42.1325 14.8865 0.365186 19.2317 9.8779 8.69338 0 0.461693 1.77962 19.1187 14.1704 
135.51 115.349 28.2219 83.4038 26.6205 83.661 87.9381 132.818 182.684 67.5777 9.15452 872.024 2.00435 14.0354 26.887 42.686 90.1972 59.682 2.32015 13.0133 59.6508 40.7683 6.15371 52.4421 0 26.7511 154.068 113.567 
0.494994 0.545984 1.73407 0.280437 63.1238 10.8493 97.9253 216.818 11.879 27.9583 9.79171 392.359 26.6113 0.0533684 11.5332 5.99536 14.0992 57.9302 10.9488 6.54771 37.8064 9.93077 9.22004 5.08488 16.0553 0 19.5101 8.58613 
40.9868 52.1653 10.2918 3.66489 44.6519 4.9677 8.05545 0.407622 66.3618 44.8481 12.3669 50.8024 27.0229 0.0015258 0.213857 0.314811 20.6804 37.3486 20.7097 1.18069 27.4674 0.0260057 10.7703 0.13397 38.7169 25.1055 0 0.614349 
59.4945 63.6752 14.6303 0.890154 46.8426 21.7087 1.19938 35.4051 96.1293 1.74078 2.62079 113.342 6.97694 4.33737 9.57119 19.9549 24.2521 30.9556 0.377764 10.9432 6.22987 3.03637 8.55408 10.5681 40.5777 53.0656 79.0423 0 
