0 548.976 1.43742 317.107 261.88 307.101 7.34877 14.0809 284.52 156.261 176.67 203.181 50.5795 41.8171 4.253 1.18469 264.084 3.43459 116.712 218.584 66.2334 31.3485 1.68902 2.99161 200.558 1.11016 32.8026 0.0109351 
259.961 0 0.0349811 206.887 531.604 357.504 17.3376 35.8819 223.427 108.632 264.655 65.33 116.423 52.6537 34.9992 0.23672 233.437 693.966 0.783504 141.287 20.4045 51.58 46.3747 1.97691 264.723 76.3493 21.8479 28.1934 
1.88668e-05 443.226 0 162.544 6.18724 65.6426 4.53827 131.199 456.04 113.458 102.032 183.328 65.951 1.70486 33.3712 1.87625 49.6612 46.798 0.736161 0.177792 27.712 7.69466 11.1597 1.78448 21.69 0.0125231 18.5712 0.753467 
350.5 208.402 364.285 0 163.568 226.989 25.7527 1084.55 496.911 105.231 149.376 29.1005 0.732065 10.4791 36.1578 33.9477 189.121 139.408 8.09429 47.6532 787.803 6.76702 0.0230637 14.7288 191.5 26.1894 11.1161 4.37363 
258.067 437.978 35.625 93.4138 0 53.772 208.864 83.0869 137.637 0.156868 260.363 54.1269 35.6779 32.1865 88.2886 5.66394 85.8751 190.954 9.1518 69.0529 129.587 33.2917 37.5598 26.576 65.6051 26.8554 0.882201 48.5461 
318.837 199.039 23.6515 241.595 621.243 0 155.363 213.869 643.245 910.62 122.679 138.052 529.283 4.24758 0.00219408 7.37647 233.706 80.5729 4.41479 21.8885 4.80434 0.341459 0.833866 2.41981 186.574 21.2373 19.1095 11.6416 
0.0501873 516.975 219.327 45.2841 53.2314 50.7426 0 315.304 696.722 17.1055 405.55 89.7729 217.423 28.0638 53.7226 87.7424 0.0541975 70.2596 23.2157 92.8858 87.222 10.687 57.8686 12.9131 88.9384 10.2455 23.7819 72.345 
19.2336 220.804 81.2362 433.755 0.366596 71.6653 83.2054 0 69.6466 7.3302 15.82 399.912 122.961 102.746 9.48214 130.153 5.45668 164.495 116.252 117.053 187.691 33.5306 101.882 95.5357 160.504 150.579 100.088 29.2365 
444.361 531.901 25.1299 200.796 301.074 641.928 443.545 76.7842 0 76.0571 962.845 299.087 0.265863 13.0522 200.653 19.6755 296.449 66.1825 84.854 105.069 132.572 14.8191 51.6521 99.9176 192.266 10.3945 41.0877 99.5079 
47.4224 68.491 0.0101929 28.6521 9.08198 9.099 357.099 214.188 384.445 0 588.608 3.64871 311.684 63.9139 95.9406 53.8012 41.5812 22.8974 12.6429 1.93773 15.9843 1.06521 55.8856 50.0937 49.0241 76.3899 40.3237 0.616707 
33.5208 56.1956 50.9848 74.9167 114.919 213.697 181.168 3.75848 357.061 544.218 0 64.1383 56.0826 14.5807 285.292 117.843 84.9849 106.522 2.98188 20.8543 121.603 44.8632 115.315 123.899 0.118386 115.597 30.1035 50.4854 
61.322 12.0703 69.861 246.368 179.448 0.446117 7.12069 1007.89 52.7057 141.018 479.627 0 103.597 81.3476 4.29216 360.949 86.8446 62.3666 24.7327 89.8739 166.403 70.8471 68.767 129.76 339.668 20.4847 0.102999 171.286 
19.163 148.648 5.77083 48.5479 160.859 153.84 60.0067 2.29874 148.513 270.624 204.385 144.305 0 148.088 29.7105 11.7749 54.8852 33.2684 6.60718 43.0578 70.0535 65.883 53.6764 59.7074 32.3781 27.9302 1.83628 43.5699 
52.285 68.2289 7.7813 0.00451004 11.2833 18.8161 7.94458 16.368 12.4339 45.2927 1.90405 112.419 26.9663 0 61.6688 15.2756 5.73237 0.214318 20.7085 2.98903 38.1586 2.95048 9.62639 8.22632 1.19915 5.91546 0.0565625 0.0616822 
57.5167 51.2665 8.16345 7.55793 90.6247 0.471336 138.49 181.859 6.33786 46.36 349.977 136.019 3.51701 18.8991 0 84.9253 26.9289 19.0705 0.604911 2.96991 47.5119 5.56923 0.837046 13.7851 29.9114 13.9304 1.7322 0.669293 
75.0652 49.0637 21.8422 2.74105 65.5242 24.8069 67.6861 104.281 142.773 2.2663 226.219 474.852 18.7392 8.39186 1.01557 0 7.8635 9.9097 5.24445 1.35718 1.96472 6.53569 10.1722 2.13874 9.0641 1.03039 9.50576 17.3591 
189.131 186.589 0.0792394 228.979 0.0317841 204.196 108.343 87.0587 192.881 83.2696 82.9991 87.5812 33.9152 4.82642 0.615431 3.49138 0 219.779 366.264 18.9168 25.4195 21.0971 13.8016 9.68863 192.657 27.3044 14.6276 24.0129 
20.6052 420.008 153.912 26.3554 5.54783 123.713 207.626 108.295 141.641 42.6695 24.3609 29.3778 62.7758 5.83819 55.1701 61.7017 287.185 0 145.816 77.8517 3.8785 15.5218 1.59208 25.0956 0.322449 52.1836 41.052 18.2844 
116.734 172.372 55.6054 3.51768 19.8168 89.2075 88.0368 71.2144 144.413 0.764606 0.0405551 61.2607 1.55537 26.9755 31.8759 4.49335 247.196 13.459 0 4.57437 0.599155 21.1896 22.409 13.631 0.015425 1.54983 0.127009 0.000510617 
140.411 17.3429 5.70535 12.8246 70.5571 24.0187 58.7116 7.9806 5.02562 0.0972958 43.2351 59.9587 42.8498 4.79231 5.23175 9.41759 4.38635 53.5634 6.53162 0 12.1594 6.27949 0.526454 2.93218 3.13564 1.03442 3.17376 0.956648 
45.3165 15.078 81.8566 126.476 14.1385 4.27758 12.0466 43.4211 137.38 1.92359 132.862 2.56838 64.6902 28.5584 44.0906 60.8828 6.11237 100.906 11.4443 68.1173 0 32.755 14.5842 8.88499 27.115 33.1361 7.08079 48.4899 
38.671 27.0628 12.5859 14.9843 10.1172 15.2375 60.4707 24.0026 26.1782 28.6588 77.1108 42.3932 56.5354 10.4157 16.8753 6.10299 0.128524 41.329 22.9243 1.87951 25.2155 0 0.72706 10.898 16.5693 3.42126 4.48782 8.92504 
3.8562 48.1895 11.6799 0.0160841 55.4752 7.75689 36.5229 27.5434 15.5844 58.9993 51.4895 16.5451 6.67851 9.37541 1.983 2.07436 5.58891 0.836926 23.0931 1.5229 18.7933 15.1684 0 20.5629 5.59532 8.06517 8.79005 2.74372 
52.2242 10.2327 15.654 26.3473 55.1822 0.35526 7.33559 83.6739 16.3847 9.81276 65.4923 139.615 16.128 3.70884 24.6796 2.84287 16.3048 42.3985 15.0624 0.391338 18.8021 10.0937 7.48091 0 0.344712 1.96253 19.1616 14.2171 
241.136 221.073 28.172 187.909 25.9415 188.647 87.4016 128.384 285.771 68.0167 7.89167 581.035 1.78657 13.8487 27.2758 37.5965 194.803 59.6907 2.45187 13.0747 59.4944 27.4051 6.3066 49.3103 0 46.7579 124.519 83.6789 
0.334818 0.739662 1.52212 0.432096 63.6107 10.4674 98.2918 220.403 10.448 26.8194 8.15494 396.849 27.2304 0.0296943 10.9038 5.26644 13.8906 58.2194 11.2008 6.67338 38.4923 9.97996 9.30724 4.81999 16.7332 0 18.7114 10.3584 
40.6395 52.3453 10.1139 3.47901 44.8577 5.11543 8.43069 0.263764 66.9447 45.047 11.7274 52.5953 26.7538 6.33783e-05 0.172771 0.258264 20.6124 37.1217 20.6033 1.13351 27.154 0.0179604 10.647 0.182201 39.9161 25.8563 0 0.120452 
59.6847 63.8312 14.3869 0.757469 46.4575 21.8135 0.998272 37.4722 95.6543 1.52847 2.17111 109.532 6.69527 4.20547 9.25612 19.6972 24.2251 31.3494 0.334637 10.9836 5.94275 2.96965 8.47949 10.4128 40.8123 54.8534 75.9033 0 
