0 596.257 0.83559 391.514 263.079 370.784 8.63288 15.9901 345.964 156.097 177.683 201.629 49.8605 42.0813 4.02096 1.35099 329.371 4.17525 116.733 210.232 63.2964 31.2119 1.59958 2.83643 265.558 0.969273 32.5723 0.00356565 
313.146 0 1.11554 267.89 531.025 426.131 22.591 38.4309 292.378 105.332 263.953 63.3251 117.45 52.216 34.2147 0.311948 299.424 383.701 1.06736 141.004 21.4898 51.6041 46.1248 1.85097 329.347 76.6913 22.0902 27.8396 
0.0838879 433.347 0 144.992 5.16312 65.3563 6.05125 125.856 449.704 113.196 106.066 182.513 65.6014 1.79106 33.47 1.75029 49.9333 44.7776 0.858797 0.227449 28.9657 7.74964 11.2112 1.71647 21.4978 0.0254335 18.6104 0.702868 
405.062 269.279 380.425 0 163.382 292.42 23.6746 717.902 564.744 104.951 151.742 31.916 0.63481 10.65 35.9562 33.5373 253.886 138.716 8.42049 47.7738 551.591 6.83711 0.0322586 14.9345 256.348 26.6576 11.2672 4.21453 
259.544 427.031 38.003 91.3656 0 53.0849 199.445 80.9598 143.117 0.546615 260.651 55.4475 34.2463 31.7064 87.8769 5.94162 84.329 193.094 11.3014 68.3091 129.828 33.5803 37.2652 26.2746 65.7336 26.4263 0.936183 48.7425 
383.389 265.76 24.6972 306.837 134.833 0 370.529 214.249 713.204 755.157 117.655 136.887 169.64 4.4014 0.000709338 7.59412 298.617 81.7559 4.89659 22.0004 4.55164 0.309845 0.8831 2.49987 251.12 21.4218 19.0661 11.5094 
4.78962e-05 512.99 222.682 47.9579 47.206 38.748 0 321.529 621.051 12.2158 413.251 93.1295 217.879 28.8988 52.008 88.4551 0.0950331 67.7677 22.0739 93.1085 86.1522 10.9568 58.2786 12.5395 89.1839 9.71916 24.0791 72.4583 
17.1448 217.46 76.4011 432.285 0.567038 74.6244 77.2815 0 59.2341 8.24566 13.6397 441.637 122.132 101.758 10.601 125.059 5.71544 163.635 116.165 116.93 186.479 33.1949 101.958 96.9033 162.459 146.731 100.171 30.3092 
509.909 591.061 32.6225 268.426 296.976 712.091 516.511 65.8925 0 82.0609 286.297 304.733 0.438357 12.7372 193.906 20.8657 361.278 68.1503 86.2064 105.264 134.05 15.1158 50.8246 99.8312 257.349 9.63797 41.5254 99.4676 
48.7908 71.5027 0.000855372 29.6175 11.2348 3.35987 343.519 213.133 383.163 0 593.915 4.41627 314.987 64.6837 97.7172 52.8082 42.1344 22.0207 11.9309 2.07745 16.425 1.18126 56.1373 50.4327 49.5307 76.3683 40.1515 0.545713 
34.8671 58.8052 54.3501 72.3297 111.921 217.829 171.058 4.95949 378.88 554.678 0 71.3877 58.7706 12.8225 296.156 121.786 84.656 107.778 3.27161 21.3367 122.406 45.3179 114.332 124.395 0.0484818 117.442 30.5931 51.3404 
59.1748 11.0889 67.4737 248.238 179.567 0.644989 8.28632 1018.45 57.1712 138.014 485.087 0 104.801 79.1614 3.05352 377.104 86.9324 61.3614 25.2264 89.509 166.111 70.6156 70.0392 127.25 327.105 25.9112 0.0526121 171.992 
19.7148 148.676 5.46597 49.0236 161.919 157.884 62.449 2.03613 146.622 276.13 206.909 145.039 0 149.437 31.091 11.1924 55.1183 33.8621 6.91578 43.0355 69.8312 66.7196 54.7312 60.1396 32.0475 28.2742 1.769 43.6448 
52.3917 68.024 7.64088 0.0105663 11.6394 18.6795 7.44898 15.5321 13.3569 46.1964 1.2887 110.359 29.3772 0 61.2285 15.5898 5.81184 0.1804 20.5875 2.9672 37.9988 2.86441 9.58151 8.35438 1.27339 5.79817 0.0486601 0.0512136 
57.911 50.4493 7.85355 7.84298 90.2858 0.576918 137.884 182.48 6.55543 44.4763 358.11 141.421 3.00099 16.6974 0 83.1127 26.8439 18.6993 0.662215 2.91565 47.2575 5.68834 0.992854 13.3622 29.7755 13.569 1.66707 0.611058 
75.3968 49.7182 21.9986 2.50221 65.1768 24.664 68.6314 99.3069 141.904 1.96438 225.331 466.807 19.45 8.78083 0.376571 0 7.75871 10.1697 5.12662 1.31655 2.10936 6.61518 10.0376 1.79421 9.47359 0.8513 9.37716 17.1767 
253.982 251.05 0.116153 293.213 0.00280934 269.187 108.151 86.6807 257.13 83.38 83.3485 87.6216 33.5888 4.7519 0.577092 3.41386 0 224.315 214.636 19.1075 25.7399 21.085 13.7399 9.6113 257.15 27.3131 14.5611 23.9904 
22.2975 419.664 152.845 25.1067 4.742 123.811 205.861 109.726 139.592 43.7793 23.4608 28.5741 63.4027 5.66476 55.5017 61.7122 286.805 0 145.295 77.4033 3.6028 15.6778 1.51939 24.8735 0.279728 52.4273 41.1453 18.4993 
116.714 172.418 55.924 3.7429 16.9728 88.9393 89.6508 70.4641 145.092 0.589303 0.0808369 60.7027 1.40621 27.0126 31.7045 4.60504 248.161 12.625 0 4.42888 0.533461 21.2667 22.4429 13.531 0.00990933 1.48659 0.115431 0.00183278 
135.505 16.1482 5.94318 13.3721 69.827 24.0582 59.511 7.46747 4.67025 0.131106 43.7966 60.6395 42.8115 4.79399 5.1695 9.39803 4.25849 52.8747 6.70208 0 8.27599 6.27368 0.538103 2.90158 3.07395 1.07403 3.21255 0.927713 
42.7585 16.0291 83.2941 123.715 13.576 4.52313 12.6583 41.7925 135.932 2.09145 133.506 2.90249 64.9644 28.7715 44.37 60.7329 5.92481 101.527 11.1733 77.4599 0 32.7651 14.7545 9.07534 27.4562 33.5251 6.95003 48.3793 
38.6045 26.8215 12.5807 15.0287 9.8941 15.1265 60.3299 23.6815 25.8284 28.2278 76.9746 41.9611 57.4487 10.3746 16.8256 6.02312 0.117542 41.2793 22.9859 1.85952 25.124 0 0.644971 11.0079 16.6346 3.3737 4.53965 8.95453 
3.99086 47.9572 11.7218 0.00981593 55.5519 7.86744 37.037 28.2794 14.9943 58.8423 50.1171 17.4146 7.24883 9.4628 2.21326 2.2037 5.52671 0.891518 23.087 1.50615 18.6169 15.194 0 20.3724 5.83606 8.12968 8.70925 2.79402 
52.0126 9.96389 15.6469 26.3885 55.0925 0.323564 7.6346 82.2191 15.8164 10.1486 66.7774 137.241 16.6443 3.8622 24.9521 3.26364 16.3694 42.5442 15.1598 0.40623 18.5641 10.2122 6.82441 0 0.324111 2.06748 19.1823 14.2414 
306.183 286.18 28.1392 252.347 25.5658 253.346 87.0896 125.887 349.395 68.2501 7.22827 570.127 1.67081 13.7427 27.4853 35.5198 259.288 59.6912 2.52647 13.1078 59.4023 21.0774 6.3999 47.663 0 58.0354 96.8051 62.9452 
0.259249 0.859803 1.41004 0.53031 63.875 10.2564 98.4744 222.227 9.68965 26.1914 7.30708 398.412 27.5744 0.0195131 10.5576 4.87809 13.7747 58.3756 11.3414 6.74308 38.8717 10.0067 9.35441 4.67463 17.1137 0 18.2677 11.4005 
40.4447 52.4424 10.015 3.37756 44.9702 5.19811 8.64223 0.197283 67.2638 45.1546 11.3781 53.5948 26.6036 8.69767e-05 0.151824 0.229238 20.5741 36.9946 20.5436 1.10767 26.9795 0.0141325 10.5777 0.212159 40.5837 26.2684 0 0.0108225 
59.785 63.9126 14.2509 0.68828 46.2411 21.8699 0.894422 38.6363 95.3777 1.41633 1.9392 107.396 6.54078 4.1326 9.08185 19.55 24.2093 31.5677 0.311796 11.0054 5.78584 2.93278 8.43744 10.3258 40.9274 55.786 74.0531 0 
