0 714.507 0.0518082 620.422 266.834 555.746 14.7542 24.7542 522.504 155.166 181.466 195.032 46.9941 43.1165 3.15446 2.12282 520.983 7.84105 116.659 172.144 52.0045 30.6581 1.26545 2.25526 456.122 0.500496 31.6451 0.0143317 
465.301 0 20.2691 445.736 521.342 630.267 50.0262 49.3483 500.781 92.2767 260.414 55.5032 121.43 50.4332 31.1196 0.715897 493.995 1021.56 2.63611 139.401 26.069 51.6781 45.1032 1.3876 518.296 77.9823 23.0638 26.43 
2.04391 382.019 0 77.4869 1.97788 63.8738 14.1824 104.751 415.343 111.82 122.324 178.645 64.1327 2.15425 33.7893 1.28746 50.9648 36.9917 1.44191 0.48632 34.1675 7.96837 11.4087 1.45619 20.7104 0.122212 18.7579 0.517529 
554.797 446.588 358.139 0 162.123 484.608 16.1437 1121.77 763.816 103.617 160.846 44.2553 0.314623 11.3357 35.0969 31.8334 443.517 135.62 9.77842 48.1012 236.983 7.11847 0.0843757 15.7527 446.319 28.5087 11.8743 3.60376 
264.438 379.058 48.0593 83.1262 0 60.605 162.295 72.5795 165.331 4.44597 261.107 60.8139 28.7495 29.7934 86.1197 7.11257 78.1199 201.23 22.0299 65.2724 130.669 34.7292 36.0762 25.0715 66.2055 24.7244 1.16779 49.5087 
571.751 464.659 28.9607 498.178 658.431 0 1018.34 214.866 914.119 673.112 97.8894 131.965 168.396 5.03674 0.102605 8.48331 488.737 86.4037 7.05512 22.424 3.60543 0.19855 1.09324 2.83086 439.854 22.1408 18.8846 10.9806 
0.863681 490.34 234.308 59.1529 26.4106 83.188 0 344.807 332.622 0.825386 440.752 106.847 219.031 32.3052 45.2796 91.1692 0.372066 58.0826 17.7539 93.8603 81.8421 12.0623 59.8726 11.0887 90.0607 7.73965 25.2738 72.855 
9.93826 203.629 58.0585 420.172 1.80183 86.7112 55.3578 0 25.5082 12.4195 6.49508 610.65 118.712 97.6549 15.6516 104.834 6.80636 160.005 115.715 116.259 181.325 31.853 102.129 102.242 169.781 131.042 100.407 34.732 
701.848 756.507 71.1585 472.117 279.44 913.856 816.655 30.0703 0 107.632 977.677 326.188 1.55515 11.7569 203.352 25.9115 551.026 76.1721 91.5852 105.911 139.83 16.324 47.5179 99.3673 448.385 6.88073 43.2731 99.2083 
54.3655 83.9012 0.302338 33.5732 22.0093 8.8349 286.705 208.416 375.245 0 604.448 8.19887 325.308 67.654 104.535 48.808 44.3461 18.6581 9.26974 2.68277 18.2356 1.70408 57.0804 51.7429 51.5242 76.1681 39.4473 0.304835 
40.4532 69.6533 68.5281 62.2054 100.043 233.196 132.152 11.3878 494.922 587.051 0 103.483 69.9412 6.86952 336.07 137.424 83.2981 112.747 4.56052 23.3023 125.522 47.1281 110.191 126.138 0.0758586 124.613 32.568 54.7677 
50.8444 7.56209 58.1262 254.358 179.815 1.80312 13.7951 1026.09 76.4897 125.927 502.951 0 109.553 70.4601 0.197676 433.656 87.2414 57.3696 27.2321 87.9638 164.743 69.6488 75.0964 116.952 284.202 53.2883 0.0187602 174.296 
21.9817 148.578 4.32307 50.9019 165.859 176.157 72.4939 1.14337 138.886 295.958 216.48 147.809 0 153.668 36.8048 8.99024 56.0274 36.2639 8.21395 42.9239 68.915 69.9677 58.8942 61.7917 30.7195 29.6485 1.51197 43.9244 
52.783 67.1423 7.0816 0.0601518 13.1078 18.1094 5.61534 12.3813 17.3426 49.7879 0.0236595 101.95 39.7653 0 57.6477 16.7449 6.13315 0.073884 20.0967 2.87943 37.3445 2.52862 9.24991 8.83589 1.59054 5.33174 0.0229733 0.0190442 
59.4451 47.177 6.65752 9.02176 88.8135 1.10345 135.054 184.32 8.51736 37.1576 385.058 162.873 1.33947 8.89963 0 73.3452 26.4937 17.2385 0.916802 2.70201 46.2174 6.17107 1.7412 11.6809 29.1763 12.1358 1.41801 0.40408 
76.6254 52.3165 22.5872 1.65047 63.7346 24.0577 72.3476 79.9555 138.087 0.969501 220.472 422.929 22.3824 10.3448 0.934126 0 7.34356 11.2364 4.66623 1.15932 2.73719 6.93185 9.47154 0.707262 11.1672 0.303298 8.8631 16.4277 
444.017 439.715 0.333892 480.644 0.200767 459.698 107.273 85.1221 444.733 83.7504 84.7038 87.7401 32.2822 4.45805 0.435907 3.11119 0 241.254 363.524 19.8676 27.0292 21.0316 13.4914 9.30252 445.652 27.3379 14.2937 23.8942 
29.6517 428.131 148.044 20.3598 2.14258 123.956 198.331 115.398 131.293 48.2963 20.0051 25.4462 65.8948 4.99429 56.7969 61.7139 283.267 0 142.942 75.5236 2.59916 16.3049 1.24507 23.9845 0.139065 53.3759 41.5084 19.3644 
116.475 172.16 57.1195 4.70856 7.71655 87.614 96.0536 67.4438 147.596 0.115587 0.37928 58.4582 0.883788 27.1471 31.0024 5.06309 248.2 9.53526 0 3.86752 0.308616 21.5694 22.5703 13.1299 9.20513e-07 1.24625 0.0746253 0.0152889 
115.493 11.7504 6.9285 15.6284 66.8403 24.1877 62.6694 5.57594 3.37419 0.316467 46.0413 63.3351 42.6363 4.7986 4.92138 9.31307 3.76346 50.0969 7.40061 0 0.167668 6.24899 0.585766 2.77945 2.83166 1.23909 3.36905 0.816032 
33.1324 20.0909 88.925 102.744 11.4284 5.569 15.2411 35.5182 130.014 2.83118 135.965 4.43875 66.038 29.6176 45.4679 60.0846 5.20126 103.94 10.1165 118.472 0 32.7986 15.4397 9.85197 28.8239 35.0778 6.43707 47.9162 
38.3265 25.8561 12.5553 15.2017 9.02193 14.6753 59.7294 22.4077 24.4396 26.5093 76.3792 40.2284 61.0446 10.1946 16.6097 5.70366 0.0784956 41.0691 23.2253 1.78021 24.7545 0 0.364235 11.4334 16.8996 3.18538 4.74826 9.07022 
4.55018 47.0039 11.8799 0.000142512 55.8252 8.31007 39.0909 31.2807 12.7299 58.1448 44.7085 21.0753 9.73955 9.65989 3.24531 2.75052 5.27993 1.12681 23.0539 1.43959 17.9127 15.245 0 19.1854 6.83146 8.38104 8.38318 2.99789 
51.1314 8.91785 15.6037 26.5214 54.7031 0.211387 8.88272 76.3488 13.6263 11.5362 71.9041 127.398 18.7634 4.48658 25.9414 5.18849 16.6243 43.1113 15.5471 0.468376 17.6182 10.6745 4.38477 0 0.558559 2.51031 19.2421 14.3258 
496.855 477.134 27.9727 440.688 24.0739 442.685 85.7423 115.702 534.305 69.1071 4.85407 710.661 1.24554 13.3034 28.2755 33.5396 447.752 59.663 2.83504 13.2332 58.9966 9.18341 6.83052 42.0431 0 88.4488 8.0678 3.43474 
0.0534039 1.42956 1.0026 1.02182 64.8871 9.42191 99.0532 228.281 6.92498 23.7168 4.36515 397.924 28.95 8.23191e-05 9.20186 3.45222 13.3111 58.9671 11.907 7.02082 40.3778 10.1096 9.5337 4.10743 18.6603 0 16.4997 15.9348 
39.6529 52.8103 9.61926 2.98478 45.4064 5.53316 9.50998 0.027672 68.5074 45.5638 10.0269 57.6079 25.9985 0.0061541 0.0814915 0.130269 20.4173 36.4779 20.301 1.00697 26.2782 0.00339952 10.2944 0.35442 43.2496 27.8744 0 0.751861 
60.1474 64.1993 13.7019 0.444128 45.3592 22.0813 0.535507 43.3945 94.1817 1.0096 1.14082 98.7465 5.93815 3.84425 8.39129 18.9333 24.1399 32.4359 0.228427 11.0883 5.17651 2.78674 8.26519 9.9721 41.2767 59.0475 66.0003 0 
