0 90.9511 12.2883 288.04 268.044 103.486 40.71 59.3361 51.3151 150.005 189.865 172.771 38.8305 45.9072 1.21983 5.29598 89.7615 24.4932 115.012 89.8927 24.3971 28.9921 0.514 0.936982 22.8221 0.00979684 28.9132 0.408826 
12.9319 0 183.476 7.26806 432.572 225.282 176.241 86.5466 134.098 56.9201 243.855 34.9828 131.703 45.025 22.6395 2.8036 72.5991 734.566 10.9752 130.64 41.2882 51.6889 41.9604 0.416386 79.332 80.9955 25.9139 22.4174 
21.7235 174.487 0 7.84244 1.2639 56.7672 54.3147 49.807 257.307 104.966 168.238 162.316 59.29 3.36036 34.0129 0.33617 53.4132 17.7816 3.9441 1.76428 50.5682 8.58965 11.9013 0.813459 18.2879 0.805357 19.0994 0.138368 
27.0985 6.46401 124.702 0 153.945 54.8755 2.19852 383.507 328.046 97.924 183.196 87.891 0.015562 13.3209 32.1608 26.444 7.59608 123.89 14.1584 47.6338 596.097 7.94179 0.372966 18.0613 11.3813 33.576 13.652 2.07858 
269.07 219.947 80.8151 59.4614 0 62.303 67.7022 49.8333 229.59 35.8094 256.119 76.9664 15.1614 24.3574 80.0904 11.022 60.2189 220.453 69.9204 56.0309 131.972 37.9949 32.5492 21.623 67.1869 19.9549 1.9791 51.5473 
128.446 66.5811 41.4818 65.2164 211.695 0 1475.89 208.512 424.138 564.856 46.8388 115.64 274.648 7.03407 1.35993 11.1947 53.3545 98.8899 15.2351 23.4229 1.46613 0.014949 1.81706 3.88101 1.14756 24.033 18.2893 9.45674 
12.7997 373.908 249.662 94.7071 0.00277795 760.937 0 394.114 26.7146 42.7392 485.113 148.157 216.276 42.6337 27.4511 97.6802 2.19377 33.1849 7.67391 94.7571 69.1966 15.4864 64.0461 7.31294 91.6276 3.2075 28.7769 73.4899 
0.0575272 160.604 17.0974 508.049 9.21836 122.747 11.0683 0 8.03365 28.8624 0.652743 983.498 107.961 84.6188 35.0035 51.3693 10.4574 147.915 113.514 112.712 163.866 27.9856 101.42 116.231 185.878 85.1416 100.219 48.5513 
264.977 238.628 235.287 96.5298 220.553 426.234 1306.29 5.73274 0 190.898 1578.25 375.548 8.57452 11.6023 301.289 42.7805 114.189 100.405 106.7 106.563 155.221 20.0005 38.063 96.9684 17.6708 1.45091 48.2922 97.5782 
71.1911 121.83 4.19351 45.6882 70.5425 228.76 123.311 190.561 329.052 0 538.659 25.2732 327.362 75.1172 120.979 37.1902 50.7033 10.3168 3.36265 4.84383 23.8805 3.73512 59.2106 55.0916 56.9464 74.5704 37.2699 9.06128e-05 
58.24 104.01 114.012 35.7342 67.4324 264.841 41.7873 43.8198 865.087 585.565 0 217.106 105.205 0.0457617 404.622 179.266 78.9948 126.526 9.43645 29.2871 133.633 52.2689 96.542 128.958 2.91401 142.983 38.4139 64.6667 
29.4975 1.09542 33.6262 259.142 178.467 8.35404 36.9209 759.319 143 91.1548 515.909 0 122.589 46.3626 11.0239 492.95 87.75 46.1384 33.3031 82.7472 159.001 66.4881 89.2243 85.8406 324.208 170.263 1.43285 176.107 
29.0467 146.396 1.73798 56.0788 174.375 200.852 103.324 0.000782259 115.274 329.482 238.753 154.257 0 154.799 54.589 3.86597 58.44 43.4289 12.5233 42.3988 66.0225 78.3279 70.1729 65.8287 26.8439 33.5926 0.877284 44.5519 
53.5899 64.0444 5.50148 0.431318 17.7241 16.267 1.71471 5.12846 31.2869 59.7835 7.18256 76.7393 74.4143 0 34.8372 18.9611 7.09351 0.0296085 18.6168 2.62152 35.3208 1.64494 7.10767 9.90116 2.68047 4.02274 0.00238613 0.014014 
63.4665 37.7714 3.64984 12.7382 83.5388 3.53338 123.394 183.725 23.7068 18.6494 403.914 219.599 0.273223 0.277021 0 32.4521 25.3937 13.2409 1.8799 2.11648 43.0124 7.61477 4.92449 7.08453 26.9673 8.19029 0.803345 0.0438222 
79.2664 59.5944 23.9342 0.167863 59.113 22.0117 82.3679 32.3378 124.19 0.0539635 195.453 227.337 31.5398 14.6367 27.4917 0 6.1812 14.553 3.43503 0.753871 4.98944 7.83157 7.63525 0.397801 16.439 0.286753 7.38744 14.1124 
9.8053 3.2536 1.59018 37.7032 3.58749 26.0509 103.758 80.2088 3.27415 84.1711 88.236 87.6932 28.5014 3.64694 0.137428 2.30385 0 276.725 387.902 22.0333 30.8222 20.8332 12.7531 8.41392 6.06536 27.3212 13.5082 23.5625 
55.6549 418.964 129.81 9.11301 0.383167 122.126 172.764 131.185 106.67 61.9457 11.3904 17.2353 72.9338 3.26946 60.2494 61.3558 255.72 0 133.8 69.3594 0.604566 18.1471 0.601011 21.4124 0.00640597 55.8775 42.4645 21.9127 
114.36 167.474 59.8295 8.06443 1.3954 81.6036 113.803 58.5705 152.876 0.811544 2.47544 51.8703 0.0503135 27.4107 28.8266 6.48599 220.705 2.93851 0 2.43509 0.00224997 22.3927 22.8648 11.961 0.0812417 0.665497 0.00638054 0.12807 
59.1482 2.78297 10.0367 22.5827 57.7005 24.2992 71.3558 1.61178 0.787371 1.30215 52.4864 70.8346 41.9298 4.79291 4.21341 9.00768 2.48382 41.9363 9.56459 0 43.8952 6.1644 0.733272 2.4293 2.17275 1.77501 3.83397 0.530241 
11.5423 34.0116 103.797 25.95 6.17606 9.15172 23.8757 19.7782 111.955 5.5803 141.998 10.6461 68.9287 32.004 48.4562 57.7759 3.35245 110.272 7.30868 245.497 0 32.8314 17.4559 12.2316 32.7972 39.5174 5.04419 46.3881 
37.4138 23.0608 12.4364 15.6587 6.68395 13.3102 57.6631 18.8217 20.5225 21.6177 74.2029 35.1943 70.7564 9.54003 15.8366 4.78496 0.00963747 40.3552 23.8552 1.55645 23.6511 0 0.000305326 12.5215 17.6939 2.65816 5.3632 9.3845 
6.35245 44.037 12.2516 0.111299 56.3107 9.5877 44.971 40.4063 7.10393 55.5167 30.0517 33.1517 18.6699 8.83857 7.08741 4.54896 4.58495 1.95912 22.8804 1.25082 15.8885 14.9297 0 12.7643 9.93696 9.04265 7.41729 3.61088 
48.2819 6.16755 15.3457 26.6175 53.3018 0.0201673 12.9418 59.1905 8.08959 15.9201 86.3936 96.8057 25.3171 6.3236 27.7981 12.366 17.3327 44.6091 16.646 0.671133 14.9402 11.8926 0.174894 0 3.99497 3.98079 19.2076 14.4552 
63.1475 44.6232 27.1744 1.22785 19.8736 5.67572 80.9848 85.3446 83.4381 70.8776 0.604845 120.86 0.360933 11.9057 30.0962 71.1723 8.0451 59.3057 3.81823 13.5306 57.4905 74.6075 8.53936 38.0485 0 4.02124 77.4627 107.736 
0.331391 3.86976 0.206935 3.30599 67.3951 7.11316 99.3436 233.923 1.47162 16.9719 0.0821439 338.695 32.9076 0.13626 5.62407 0.642742 11.9709 60.3749 13.5723 7.8121 44.61 10.3689 9.964 2.61687 23.2506 0 11.5499 31.2476 
37.2498 53.6862 8.47459 1.96987 46.5446 6.53942 12.2105 0.408686 71.7918 46.5548 6.54128 69.252 24.2074 0.0776199 0.000300302 0.000322252 19.931 34.9109 19.5647 0.7398 24.2228 0.0137809 9.42514 0.965056 50.6099 32.0469 0 12.9507 
60.8423 64.6787 12.0767 0.0362989 42.6626 22.5653 0.0119209 57.8946 89.9355 0.215607 0.0149924 73.3813 4.33428 3.04226 6.46728 16.9202 23.8847 34.9028 0.0595589 11.2876 3.58376 2.37735 7.7312 8.90589 41.2558 63.6102 39.4678 0 
