0 124.553 19.2266 380.703 265.828 169.767 49.7556 70.9117 113.969 147.96 191.472 165.94 36.6356 46.6167 0.842216 6.40484 162.187 30.5315 114.189 85.6485 18.3902 28.5183 0.364647 0.672006 94.9325 0.103417 28.1513 0.612071 
104.732 0 243.555 86.2885 395.323 301.687 218.883 97.9344 227.294 48.1625 237.758 29.9909 134.168 43.4839 20.461 3.61284 147.995 868.145 14.2136 127.222 45.925 51.6386 41.0513 0.247709 149.638 81.6271 26.7041 21.3365 
30.4332 118.735 0 35.2035 3.3098 54.1678 68.8137 37.346 207.233 102.377 179.91 156.618 57.8163 3.72875 33.8893 0.180737 53.9384 13.5517 4.83678 2.24759 55.319 8.75699 12.0152 0.667063 17.5911 1.09631 19.1706 0.0760093 
83.3518 85.0497 144.029 0 150.569 127.61 0.594743 1006.02 392.303 95.9059 188.102 101.353 0.0985645 13.862 31.2471 24.8772 79.0121 120.009 15.469 47.1377 472.702 8.17006 0.487962 18.6741 83.0598 34.8657 14.1441 1.72628 
267.795 176.501 90.3678 53.1857 0 55.7677 47.3285 44.081 246.458 49.1502 253.126 81.5239 12.1 22.9 78.2041 12.2254 55.4012 224.476 86.5763 53.4039 132.031 38.8739 31.561 20.6874 67.3546 18.6922 2.2388 52.0591 
196.896 150.555 44.8062 136.885 328.475 0 1556.39 204.694 460.533 483.69 35.2941 110.697 590.884 7.6177 1.95039 11.9663 124.686 102.01 17.9338 23.6354 1.03941 0.00108277 2.04502 4.19207 71.7544 24.4985 18.1076 9.04156 
18.4419 332.547 248.732 104.879 2.24538 908.202 0 402.109 136.367 72.2155 487.005 159.616 213.942 45.5536 23.1151 99.0896 2.95803 27.3251 5.58916 94.6651 65.7073 16.4825 65.0691 6.39329 91.7996 2.29167 29.7488 73.5288 
0.322974 148.346 9.79212 519.856 12.2314 132.556 4.65759 0 24.9411 34.4299 3.00621 1022.92 104.807 80.7909 41.3978 39.0331 11.5863 144.21 112.677 111.329 158.476 26.9299 100.91 119.618 188.82 73.0575 99.9393 52.5591 
334.123 285.676 285.119 188.247 202.951 463.128 1255.53 20.7886 0 214.677 1168.31 385.137 11.4634 12.3033 263.132 47.9056 185.027 107.226 110.684 106.421 159.048 21.0551 35.5217 96.038 90.7945 0.654889 49.6561 96.9027 
75.928 132.445 6.02755 49.1348 87.5835 309.276 85.5469 184.655 311.094 0 498.229 31.4501 320.566 76.8302 124.457 34.0524 52.4279 8.41465 2.23515 5.54125 25.5305 4.42491 59.6333 55.8878 58.3321 73.8695 36.6366 0.0196937 
63.4869 113.999 127.04 29.4251 59.1414 269.63 24.9111 56.0059 888.251 560.15 0 251.337 115.396 0.998258 408.09 189.251 77.7183 130.121 11.0662 30.9998 135.609 53.6496 92.4255 129.137 4.40407 147.279 40.0469 67.3564 
24.4692 0.32873 27.7686 256.994 177.559 10.9585 44.9846 632.667 163.209 81.9029 509.008 0 125.947 40.2255 18.805 477.46 87.7883 43.1568 35.0342 81.1298 156.971 65.528 92.9076 77.263 316.553 207.344 2.21385 175.316 
31.1086 145.305 1.22381 57.4235 175.918 192.152 112.03 0.0674422 108.579 331.623 243.279 155.599 0 152.166 59.6526 2.80946 59.0439 45.4445 13.8447 42.2019 65.1663 80.31 72.9963 66.7294 25.7754 34.662 0.731726 44.6763 
53.7252 63.0559 5.08223 0.592184 19.0804 15.7165 1.02754 3.65804 35.6675 62.3715 11.8916 69.7917 84.445 0 27.0686 19.2287 7.36506 0.0867227 18.1958 2.54979 34.7319 1.42833 6.29559 10.0955 3.02169 3.67853 0.0108441 0.0357409 
64.4541 35.2332 2.9585 13.8257 81.8393 4.42415 119.366 182.012 30.1941 14.4652 392.695 232.678 0.971578 2.27019 0 21.509 25.0693 12.2081 2.20271 1.96472 42.084 8.02061 6.02372 5.9431 26.2458 7.18497 0.663031 0.00833394 
79.7442 61.512 24.205 0.0276707 57.7344 21.3804 84.8867 22.3682 119.71 0.322827 186.069 169.377 34.1894 15.6668 39.0292 0 5.87257 15.5208 3.12425 0.656016 5.71885 8.07286 7.09545 1.06731 17.9431 0.694575 6.98778 13.4465 
81.8281 75.1092 2.09626 107.034 5.24075 98.0136 102.544 78.7583 73.2659 84.1151 89.1007 87.578 27.4655 3.43462 0.0844688 2.10037 0 282.288 71.0661 22.6172 31.878 20.7671 12.5454 8.17122 76.3762 27.2933 13.2892 23.4573 
63.8465 380.932 123.828 6.74281 1.42366 121.042 164.912 135.315 99.851 65.8068 9.4076 15.2141 74.8133 2.85351 61.1158 61.1626 244.089 0 130.717 67.4926 0.29845 18.6599 0.463627 20.7071 0.0420257 56.4984 42.7023 22.6235 
113.411 165.181 60.3682 9.12543 5.15912 79.4225 118.388 56.1129 153.792 1.54217 3.37015 50.0431 0.000699046 27.45 28.1938 6.90139 209.084 1.77034 0 2.09381 0.00862054 22.6049 22.9262 11.6381 0.132361 0.536387 0.000703704 0.178393 
45.5489 1.37913 10.9421 24.5507 55.0893 24.2606 73.5948 0.932336 0.388989 1.68913 54.2337 72.8001 41.6839 4.78637 4.02214 8.90856 2.17375 39.6845 10.1937 0 71.0699 6.13771 0.776254 2.33416 2.00339 1.93689 3.96478 0.461686 
7.44882 38.3492 107.411 23.7098 4.99538 10.2753 26.5317 16.1548 106.808 6.4917 143.359 12.7975 69.6646 32.6418 49.2245 57.0318 2.90989 111.831 6.60524 275.15 0 32.8236 18.0178 12.9183 33.8885 40.7171 4.68588 45.9201 
37.1349 22.2941 12.3919 15.7726 6.09229 12.9214 57.0113 17.8653 19.4761 20.305 73.4887 33.8113 73.1936 9.32734 15.587 4.53562 0.00229668 40.1315 24.0117 1.4965 23.339 0 0.0209739 12.7787 17.9167 2.5183 5.53487 9.46539 
6.89431 43.1705 12.3306 0.178177 56.3635 9.93561 46.558 43.0034 5.81705 54.6416 26.3616 36.803 21.5171 8.28014 8.31621 5.08337 4.3991 2.22715 22.8125 1.20002 15.3369 14.7241 0 10.5701 10.8274 9.20565 7.14748 3.78471 
47.4242 5.48786 15.2404 26.5679 52.8462 0.00293143 14.1671 54.5224 6.7923 17.2111 90.2184 88.1558 27.2067 6.81515 28.0235 14.5615 17.5195 44.9821 16.9418 0.732717 14.2219 12.1911 0.00432165 0 5.59926 4.42823 19.1438 14.4604 
134.958 116.861 26.8742 71.7315 18.7551 76.7315 79.4642 77.0412 150.461 71.1736 0.145685 878.145 0.209788 11.4929 30.4659 80.9327 78.3197 59.1356 4.11159 13.5949 56.9913 81.5835 9.11193 40.0358 0 4.33249 4.84775 46.8584 
0.636252 4.74233 0.09183 4.1477 67.9702 6.51271 99.0591 232.271 0.668867 15.2499 0.0454543 309.725 33.9833 0.223667 4.7551 0.253611 11.6035 60.6806 14.0364 8.02529 45.7337 10.4299 10.058 2.25317 24.5111 0 10.2655 35.6684 
36.5615 53.877 8.16114 1.724 46.8244 6.82497 13.0003 0.74136 72.6086 46.7757 5.69941 72.4242 23.7053 0.11134 0.0101807 0.00589557 19.7887 34.4618 19.3534 0.672811 23.6518 0.0274999 9.17459 1.18349 52.4412 33.0419 0 18.5574 
60.9397 64.718 11.623 0.00346609 41.8855 22.6642 0.00394662 62.0105 88.5711 0.0990397 0.0193023 66.5112 3.9314 2.83167 5.96279 16.315 23.8003 35.5677 0.0321913 11.3316 3.19187 2.26844 7.57572 8.60356 40.9783 63.4741 32.1776 0 
