0 343.294 30.3832 655.803 261.288 417.21 62.6553 87.1577 357.78 144.89 193.099 156.614 33.8042 47.5053 0.451566 8.00466 417.832 39.2969 112.874 87.4629 11.7087 27.8879 0.207227 0.390311 350.339 0.376268 27.148 0.94006 
400.65 0 321.103 355.792 340.998 560.128 276.536 113.388 511.275 37.5316 228.851 23.9414 137.138 41.4383 17.7267 4.82235 407.664 949.947 19.0326 122.146 52.2493 51.5376 39.834 0.0922632 402.526 82.3205 27.742 19.9387 
43.6414 57.7181 0 94.7402 7.4204 50.4167 89.345 23.3694 143.853 98.5665 194.158 148.472 55.8025 4.23248 33.6067 0.0490732 54.5249 8.8069 6.13332 2.9616 61.6222 8.97354 12.1496 0.496102 16.6631 1.54279 19.2487 0.0222459 
326.414 354.029 83.1402 0 145.465 383.563 0.027337 399.77 632.96 92.9871 193.601 119.5 0.315884 14.5645 29.9889 22.7938 333.53 114.551 17.2471 46.2537 792.703 8.4699 0.66162 19.4581 337.91 36.4688 14.7892 1.31113 
264.463 123.537 102.951 45.2389 0 64.6959 25.6098 36.9435 267.508 69.205 248.178 87.5368 8.573 21.0235 75.5975 13.8798 49.218 228.844 109.94 49.9293 131.91 40.0102 30.2581 19.4729 67.5063 17.0758 2.60269 52.6963 
446.949 422.367 48.975 391.345 626.601 0 979.608 198.413 659.613 518.55 22.322 103.988 515.386 8.39958 2.87678 12.987 378.94 105.853 21.7195 23.871 0.58933 0.00712693 2.36151 4.61277 325.188 25.0687 17.8583 8.50173 
27.2654 275.501 244.101 118.165 11.4508 955.681 0 408.538 383.345 120.098 482.44 174.473 209.881 49.4003 17.8924 100.669 4.12847 20.3986 3.33912 94.3217 61.1511 17.8196 66.321 5.27166 91.8528 1.31861 31.0252 73.4901 
2.64672 132.257 3.21045 481.928 16.7875 145.087 0.376645 0 60.4003 42.3331 8.65978 1021.18 100.565 75.6602 50.3491 25.0396 13.1434 139.133 111.432 109.26 151.087 25.5549 100.04 123.703 191.623 58.0151 99.4238 57.9029 
584.367 507.995 346.878 470.672 179.49 662.695 1067.16 54.0053 0 245.34 1726.82 394.738 15.8459 13.7317 221.75 54.8598 438.576 116.189 115.752 106.022 163.758 22.4619 32.2509 94.6471 347.713 0.0835993 51.4273 95.8717 
82.1562 146.231 8.90393 53.6838 111.64 401.568 44.8517 176.348 284.862 0 434.447 40.4126 307.103 78.8257 128.227 30.0246 54.6634 6.19648 1.09911 6.51933 27.7499 5.41135 60.0763 56.8433 60.0682 72.7846 35.786 0.113493 
70.5444 127.274 144.002 21.9369 48.8608 273.085 9.13519 73.8115 874.876 512.518 0 296.375 128.876 4.10035 401.714 200.952 75.989 134.679 13.3817 33.2791 138.017 55.4314 86.8478 128.973 6.80688 152.328 42.1967 70.8395 
18.5075 0.00236339 20.8024 251.944 176.02 14.8659 56.5236 455.539 190.319 70.158 493.302 0 130.173 32.6382 31.8491 437.494 87.7714 39.3363 37.3363 78.9002 154.029 64.2137 97.5549 66.2283 263.384 255.412 3.48954 173.442 
33.8777 143.561 0.683726 59.1259 177.392 173.005 123.426 0.405727 99.7578 329.537 248.06 157.064 0 146.872 66.2926 1.67147 59.794 48.1066 15.6593 41.91 64.0064 82.6706 76.4639 67.7628 24.3781 36.0482 0.560369 44.807 
53.845 61.6764 4.54664 0.840726 20.9069 14.9714 0.389468 2.09592 41.7007 65.6195 19.7264 60.8254 97.4281 0 17.3222 19.3365 7.72534 0.207042 17.636 2.45544 33.9406 1.16406 5.16061 10.2789 3.49316 3.24138 0.0312064 0.0793458 
65.6643 31.9615 2.1523 15.2828 79.462 5.72461 113.619 178.777 40.0345 9.69865 367.948 247.499 2.5297 7.59003 0 9.76911 24.6305 10.9032 2.66264 1.77245 40.8401 8.55558 7.57638 4.56062 25.2338 5.93741 0.498681 0.00405896 
80.2023 63.9551 24.4907 0.0235213 55.8648 20.5138 88.0023 11.8726 113.477 1.01588 172.445 100.58 37.7153 16.8637 54.6632 0 5.47614 16.8218 2.73635 0.537222 6.7435 8.38364 6.37755 2.40872 19.9198 1.49042 6.47045 12.5618 
337.227 330.582 2.86155 358.729 7.86369 353.191 100.798 76.7979 325.991 83.9289 90.1605 87.3601 26.1138 3.16391 0.0343854 1.84641 0 286.526 360.775 23.3724 33.2672 20.6732 12.2704 7.85467 329.387 27.2415 13.0006 23.3105 
75.1145 317.551 115.485 4.15233 3.77946 119.249 154.211 140.555 90.9627 70.9048 7.07816 12.7329 77.2309 2.34835 62.1925 60.8476 226.64 0 126.337 64.9477 0.0587923 19.3355 0.310094 19.7861 0.136121 57.2657 42.9968 23.5599 
111.934 161.547 60.9324 10.5992 13.5994 76.2535 124.14 52.8939 154.631 2.84775 4.74678 47.6458 0.0544286 27.4795 27.3442 7.46026 193.506 0.680686 0 1.68284 0.0766745 22.8732 22.9936 11.2147 0.218172 0.387722 0.00189397 0.256967 
29.8823 0.273738 12.1497 27.1271 51.6279 24.1646 76.4086 0.319735 0.0767674 2.27057 56.4976 75.299 41.3286 4.77452 3.77444 8.76915 1.79619 36.7463 11.0376 0 113.313 6.10053 0.834083 2.21056 1.78986 2.15795 4.13788 0.378629 
3.40262 44.3223 111.769 35.8062 3.62951 11.8326 30.1798 11.9147 99.9929 7.78444 144.937 15.8941 70.5881 33.4636 50.193 55.9885 2.37472 113.744 5.73085 306.08 0 32.8023 18.7577 13.8374 35.3134 42.2694 4.23343 45.2765 
36.7516 21.2928 12.3259 15.9139 5.35263 12.4049 56.1049 16.6347 18.1288 18.6144 72.4795 32.0055 76.1998 9.02913 15.237 4.21247 0.000325385 39.8206 24.2054 1.41907 22.9248 0 0.127748 13.0851 18.2095 2.33875 5.76115 9.5676 
7.63313 42.0048 12.4184 0.289441 56.3792 10.3873 48.608 46.444 4.31295 53.4006 21.8023 41.7608 25.4591 7.37708 9.9999 5.79768 4.15928 2.60357 22.7102 1.13431 14.6186 14.38 0 7.69685 12.0023 9.40561 6.79242 4.01531 
46.2555 4.65058 15.0805 26.4531 52.2043 0.00374789 15.8375 48.5046 5.25068 18.9503 95.0778 76.8862 29.7229 7.43604 28.1228 17.4384 17.7587 45.4445 17.3244 0.817083 13.2951 12.5549 0.488527 0 8.06919 5.03787 19.0247 14.4472 
389.85 372.376 26.43 325.1 17.3178 330.739 77.3431 66.3794 399.075 71.4334 0.0192291 220.767 0.0731217 10.937 30.8591 84.9139 331.281 58.8657 4.51045 13.6674 56.2829 66.2847 9.91604 43.7392 0 42.4834 66.0314 1.00997 
1.1843 6.01308 0.0106746 5.38027 68.6454 5.75312 98.4483 228.029 0.0886649 13.0971 0.754455 266.112 35.3795 0.37034 3.70725 0.0121806 11.1238 61.0264 14.6472 8.3009 47.1744 10.503 10.1645 1.8113 26.1397 0 8.65492 41.344 
35.6432 54.0935 7.75228 1.42466 47.1687 7.20418 14.0636 1.32571 73.6189 47.0305 4.67682 76.5347 23.0422 0.164691 0.0443263 0.0404209 19.5968 33.862 19.0711 0.589413 22.9008 0.0526036 8.83988 1.50146 54.6463 34.2279 0 26.9916 
61.0051 64.7083 11.0264 0.0129863 40.8461 22.7709 0.0832319 67.4425 86.6618 0.0139578 0.232163 57.7097 3.42978 2.56332 5.3216 15.4945 23.6804 36.4284 0.0089398 11.3821 2.70982 2.12832 7.36686 8.20304 40.4404 62.3676 23.2015 0 
