0 421.951 48.3779 766.917 252.458 505.793 81.3747 110.295 443.583 140.145 194.4 143.664 30.1299 48.6113 0.117965 10.3801 517.49 52.3109 110.714 87.3291 5.05966 27.0336 0.065894 0.132565 449.989 1.00291 25.8069 1.48428 
575.515 0 408.471 482.017 263.311 659.043 351.928 134.587 649.48 25.1029 215.523 16.8272 140.607 38.6812 14.3238 6.68687 512.853 1134.86 26.3904 114.434 61.0383 51.3415 38.1724 0.00201322 498.57 83.0015 29.1245 18.117 
63.8027 8.3104 0 190.462 15.2942 44.9304 118.332 9.50677 71.2262 92.8199 210.81 136.592 52.9911 4.93583 33.021 0.00254775 55.121 4.00443 8.07082 4.04511 70.046 9.25636 12.3015 0.306455 15.409 2.24786 19.3254 0.000389038 
425.412 479.669 34.1413 0 137.562 483.423 1.99441 924.446 705.808 88.6534 199.169 143.955 0.795692 15.4827 28.2189 20.0002 432.04 106.707 19.708 44.6808 235.412 8.86954 0.932448 20.4622 436.834 38.4279 15.6458 0.843362 
257.171 64.1993 119.448 35.2971 0 126.967 6.61927 28.2352 293.069 99.6194 239.859 95.5664 4.7783 18.5953 71.9117 16.2092 41.2924 232.99 142.707 45.2797 131.399 41.4918 28.5141 17.8813 67.5874 14.9999 3.12784 53.4829 
538.555 544.602 54.0644 489.077 744.495 0 977.055 187.952 673.932 192.355 9.36284 94.7409 143.229 9.46332 4.36551 14.3529 476.827 110.487 27.1351 24.1075 0.185708 0.0579545 2.81248 5.1937 422.221 25.7532 17.5072 7.79301 
41.3303 198.998 232.163 135.397 34.2412 743.759 0 409.719 797.876 195.576 464.207 193.692 202.78 54.5158 11.8456 102.28 5.9774 12.6176 1.22426 93.4737 55.1482 19.6503 67.8228 3.93283 91.6187 0.43374 32.7245 73.2801 
9.17116 111.114 7.41766e-05 378.798 23.8725 160.893 2.10119 0 128.13 53.8095 20.5721 926.423 94.7535 68.6896 63.0885 10.8531 15.3471 132.024 109.521 106.073 140.757 23.7441 98.5292 128.464 193.437 39.892 98.4776 65.1206 
674.957 564.353 415.281 607.109 148.231 677.311 677.423 119.257 0 283.982 1207.32 402.002 22.6795 16.5482 256.986 64.4301 535.43 128.062 122.184 105.12 169.448 24.3741 28.0278 92.5021 449.677 0.164045 53.7501 94.2481 
90.4153 164.064 13.518 59.7408 145.728 478.47 9.91392 164.407 246.3 0 337.115 53.717 281.897 81.0145 131.755 24.8691 57.5832 3.74788 0.202757 7.92918 30.7948 6.86397 60.4667 57.9534 62.2259 71.0563 34.6198 0.358293 
80.1901 145.053 165.827 13.4977 36.3724 272.577 0.130877 100.293 851.599 428.871 0 354.441 146.791 11.3983 374.707 213.69 73.5935 140.442 16.767 36.3633 140.889 57.7465 79.1726 128.056 10.7706 157.941 45.0655 75.3765 
11.7607 0.770191 12.9221 241.444 173.368 20.8872 73.3846 233.887 226.702 55.3991 461.437 0 135.455 23.4947 53.6468 356.266 87.6303 34.4267 40.4509 75.7523 149.635 62.3706 103.369 52.1697 179.026 313.89 5.6229 169.498 
37.6678 140.699 0.205262 61.2756 178.367 145.049 138.365 1.29727 88.0425 318.267 252.305 158.481 0 136.821 75.0036 0.605756 60.7171 51.6746 18.2106 41.4624 62.3993 85.3645 80.6126 68.8696 22.5298 37.8597 0.367001 44.9238 
53.9019 59.6996 3.86264 1.23655 23.4147 13.9446 0.0106525 0.679103 50.1581 69.6448 32.8346 49.313 113.83 0 6.78037 19.0471 8.2117 0.447185 16.8787 2.32953 32.8554 0.849432 3.62987 10.3923 4.1596 2.68834 0.0746452 0.163917 
67.1197 27.7308 1.26617 17.2646 76.0523 7.67127 105.246 172.79 55.2129 4.73961 319.812 262.485 5.70689 18.4686 0 0.937794 24.0237 9.25812 3.33798 1.52894 39.1412 9.26979 9.79241 2.95656 23.7811 4.42042 0.315159 0.0730335 
80.5112 67.0653 24.7458 0.335179 53.2762 19.2993 91.7884 2.88688 104.636 2.53037 152.436 32.2373 42.4614 18.1316 73.3313 0 4.9636 18.6062 2.25555 0.396347 8.22356 8.78608 5.41907 4.92614 22.5232 2.98641 5.79607 11.3721 
437.053 431.014 4.05473 453.34 12.1302 452.474 98.2091 74.091 422.254 83.4824 91.4374 86.9521 24.3293 2.81751 0.0020317 1.53147 0 286.622 424.517 24.357 35.1214 20.5351 11.9 7.43662 425.796 27.1457 12.6138 23.0995 
90.8515 245.635 103.677 1.65275 8.62998 116.229 139.41 147.182 79.3167 77.7157 4.4694 9.74081 80.3576 1.74827 63.5171 60.3207 200.236 0 119.958 61.4064 0.0265345 20.2389 0.153027 18.5686 0.34486 58.2019 43.3583 24.8127 
109.566 155.653 61.4278 12.6979 30.638 71.5397 131.272 48.6289 155.098 5.18638 6.93105 44.4596 0.33556 27.4798 26.1816 8.22786 174.218 0.0221944 0 1.20184 0.272591 23.2122 23.06 10.6518 0.365471 0.226595 0.0187364 0.383706 
13.7463 0.120508 13.7786 30.5028 46.9816 23.957 79.9165 0.000951738 0.0344164 3.17263 59.4538 78.4734 40.7981 4.753 3.45082 8.5674 1.34609 32.8816 12.1916 0 175.652 6.04719 0.913563 2.04825 1.52129 2.46695 4.37093 0.280312 
0.430574 52.7212 116.831 60.3151 2.13961 14.0462 35.3054 7.21633 90.8578 9.67324 146.667 20.4823 71.7422 34.5298 51.4105 54.4848 1.74305 116.052 4.65417 329.384 0 32.7544 19.7466 15.0911 37.1952 44.2933 3.66235 44.3684 
36.2108 19.9689 12.2247 16.0874 4.43385 11.7075 54.8095 15.0408 16.3822 16.4266 71.0108 29.6206 79.8312 8.60055 14.7331 3.79041 0.0112289 39.3764 24.4425 1.31814 22.3647 0 0.40848 13.4358 18.5973 2.10696 6.0641 9.69671 
8.66461 40.4046 12.5069 0.478742 56.3056 10.9786 51.2715 51.0617 2.64486 51.5919 16.2816 48.6065 31.0146 5.95752 12.3179 6.75756 3.84718 3.14803 22.5511 1.04852 13.6726 13.797 0 4.23051 13.5599 9.64634 6.31902 4.32627 
44.6262 3.63419 14.8295 26.2131 51.2732 0.0462029 18.166 40.7507 3.48958 21.3375 101.22 62.2709 33.1205 8.20458 27.9066 21.0867 18.0668 46.0117 17.8242 0.935599 12.09 12.9871 2.31067 0 11.8998 5.88387 18.8044 14.3942 
488.603 472.067 25.7521 422.169 15.4612 428.507 74.3081 52.8023 489.521 71.5508 0.692077 947.485 0.000400146 10.1753 31.2168 72.4074 427.621 58.4247 5.0658 13.7429 55.2474 24.2675 11.0636 48.7934 0 90.9047 130.448 89.4692 
2.17222 7.92071 0.0266101 7.23331 69.4023 4.79594 97.2205 218.86 0.157131 10.434 3.02294 202.315 37.207 0.620912 2.48998 0.171772 10.4891 61.3885 15.4631 8.65986 49.029 10.5879 10.276 1.28937 28.2399 0 6.66469 48.3867 
34.3951 54.322 7.21277 1.06784 47.5865 7.71675 15.5259 2.36236 74.8538 47.3074 3.46279 81.8889 22.1521 0.251712 0.127097 0.134296 19.3321 33.045 18.686 0.486361 21.8984 0.0985596 8.38474 1.97852 57.1578 35.5797 0 39.5205 
60.9818 64.5874 10.2315 0.118484 39.4285 22.8718 0.347024 74.6819 83.9175 0.0207486 0.880136 46.508 2.81018 2.22097 4.50785 14.3621 23.5048 37.5533 0.000347347 11.4365 2.12543 1.94677 7.08069 7.66445 39.4296 59.3208 12.9139 0 
