0 113.638 69.9112 437.645 240.191 171.955 102.135 135.45 109.411 134.5 194.689 129.813 26.4659 49.657 6.40998e-06 13.1119 195.127 67.1381 108.007 68.1201 1.04312 26.1341 0.00258815 0.00877966 127.993 1.96373 24.4175 2.17442 
347.942 0 463.102 194.81 183.163 330.47 421.948 156.817 366.326 14.6179 200.201 10.6905 143.578 35.8064 11.1217 8.90707 196.336 1092.34 35.0183 105.473 70.4753 51.0651 36.4117 0.0498619 172.561 83.4089 30.5514 16.2878 
86.7935 4.61648 0 267.483 26.0819 38.8439 148.713 1.51769 19.8413 86.1716 224.657 123.318 49.9479 5.69629 32.1714 0.110234 55.5101 0.975284 10.3104 5.31081 78.6487 9.54146 12.4253 0.157269 14.0996 3.10317 19.3717 0.0378624 
121.448 192.037 227.76 0 128.212 160.978 7.24767 114.836 348.85 83.6877 202.695 168.747 1.51872 16.4057 26.2927 17.1342 108.926 98.0217 22.3476 42.609 294.378 9.28237 1.25898 21.4451 114.101 40.2149 16.5253 0.465132 
246.372 21.3012 135.686 25.9804 0 233.755 0.00186927 20.2928 315.751 134.216 229.309 103.834 1.98814 16.1835 67.8719 18.7566 33.5654 235.196 177.027 40.4875 130.453 42.9806 26.7068 16.2722 67.5249 12.9557 3.71886 54.2196 
207.246 245.723 58.6067 164.305 706.106 0 782.971 174.878 261.675 452.427 1.69341 84.9325 644.897 10.5804 6.18902 15.7602 152.743 114.64 33.09 24.2571 0.00664491 0.161874 3.31189 5.81643 97.5446 26.3657 17.1221 7.07514 
58.3223 125.612 213.531 152.149 69.1607 347.647 0 402.012 1163.18 280.049 431.785 212.511 193.531 59.7416 6.80039 103.335 8.22793 6.4385 0.12669 92.1339 49.0599 21.5968 69.1675 2.74248 91.0108 0.0224159 34.4763 72.8731 
19.8842 90.0292 3.50709 316.452 32.3416 175.77 12.7473 0 216.972 66.6512 37.8431 737.842 88.5867 61.3988 76.9718 2.19707 17.775 124.309 107.247 102.286 129.602 21.9014 96.5546 132.501 192.959 24.0916 97.1912 72.6264 
341.091 200.152 460.385 321.925 116.836 264.906 265.568 206.354 0 319.559 1051.1 402.638 30.8619 20.5699 314.855 74.5454 210.169 140.126 128.391 103.748 174.577 26.392 23.8543 89.9464 130.404 1.25998 56.1 92.2763 
98.8254 181.46 19.1503 65.928 181.974 489.626 0.374171 151.182 203.802 0 232.321 68.8799 248.542 82.6821 133.513 19.8641 60.5184 1.84545 0.0290799 9.50911 34.0385 8.52487 60.627 58.8981 64.256 68.9428 33.377 0.754898 
90.3661 163.253 186.721 6.79637 25.1087 265.93 5.75573 130.284 833.735 327.359 0 409.141 164.924 22.5048 327.441 222.977 71.0129 145.993 20.6096 39.5958 143.439 60.0618 71.0425 126.275 15.7395 162.305 48.0275 79.9133 
6.3137 3.00434 6.62269 226.406 169.921 28.0149 92.294 66.8514 263.508 41.4699 416.994 0 140.462 15.3883 80.4771 252.575 87.3419 29.5908 43.7184 72.3011 144.551 60.3595 108.857 38.7542 166.435 361.734 8.33475 163.752 
41.6906 137.113 0.00422117 63.3451 178.174 128.802 153.248 2.74513 76.1128 297.06 254.056 159.293 0 123.311 83.6665 0.0589316 61.5774 55.3768 20.9982 40.93 60.6661 87.5721 84.2677 69.6793 20.6413 39.683 0.209397 44.9751 
53.8369 57.4984 3.19647 1.72147 26.0848 12.8509 0.190599 0.0307963 59.2825 73.3889 49.1564 38.1662 128.918 0 0.737876 18.2418 8.72173 0.791105 16.0836 2.19934 31.6983 0.572039 2.17474 10.3489 4.88946 2.15702 0.139114 0.282919 
68.4278 23.5446 0.588202 19.344 72.2612 9.91265 95.8795 164.705 72.9414 1.41752 256.91 271.559 10.2521 32.2173 0 1.74204 23.3704 7.67576 4.10943 1.29307 37.3395 10.006 12.1889 1.62741 22.17 3.05115 0.16876 0.233907 
80.465 70.0857 24.8555 1.03455 50.4952 17.9822 95.2237 0.017207 94.9847 4.78724 130.227 0.831939 47.3721 18.9877 86.1673 0 4.45335 20.507 1.80303 0.272174 9.88603 9.18632 4.4471 8.23783 25.1286 5.00945 5.12002 10.1402 
115.461 110.638 5.48938 126.048 17.4219 130.023 95.2319 71.1855 96.9973 82.7837 92.5913 86.3895 22.5083 2.47699 0.0100687 1.23456 0 280.044 456.706 25.3458 37.0391 20.3768 11.5124 7.0092 100.405 27.0145 12.2115 22.8628 
107.709 214.913 90.8961 0.251311 15.6295 112.38 123.685 153.562 67.6367 84.7288 2.38449 7.03876 83.4652 1.21729 64.7494 59.648 170.26 0 112.778 57.5881 0.339295 21.1764 0.0481129 17.3234 0.660747 59.0635 43.6943 26.1121 
106.653 148.379 61.6269 15.017 54.422 66.154 137.918 44.2676 154.795 8.30157 9.59912 41.1844 0.877502 27.4331 24.9464 9.04753 157.37 0.304349 0 0.786452 0.601559 23.5403 23.1004 10.0719 0.557291 0.104826 0.0545345 0.541222 
3.76598 1.55391 15.466 33.8602 42.1756 23.648 83.2234 0.273481 0.441177 4.25477 62.425 81.5513 40.1821 4.72389 3.12479 8.34023 0.945847 28.9728 13.4162 0 238.675 5.98749 0.998569 1.88363 1.26352 2.80289 4.61454 0.193717 
0.33483 61.8509 121.086 66.1051 1.00449 16.4913 40.8927 3.55406 81.4248 11.8201 147.997 25.7533 72.8414 35.5955 52.5779 52.7995 1.18938 118.139 3.64983 328.861 0 32.6814 20.7717 16.4201 39.1146 46.3246 3.11084 43.3703 
35.616 18.6146 12.1042 16.2489 3.56641 10.978 53.3682 13.4512 14.639 14.2542 69.3478 27.1876 83.0899 8.12359 14.1696 3.3662 0.0388075 38.8811 24.6624 1.21654 21.7762 0 0.859882 13.7255 18.9913 1.87669 6.3787 9.82155 
9.7856 38.6983 12.5639 0.723203 56.1158 11.5745 53.9294 55.844 1.3369 49.5465 11.3114 55.8948 37.0343 4.36958 14.7291 7.73841 3.53364 3.76194 22.3592 0.96203 12.7093 13.0558 0 1.53651 15.1343 9.86282 5.83094 4.65136 
42.8607 2.7063 14.5258 25.8615 50.2215 0.13978 20.6865 33.1531 2.03304 23.8754 107.101 48.0016 36.6587 8.90716 27.2694 24.3946 18.3722 46.5382 18.328 1.06527 10.8826 13.3665 5.36014 0 16.3389 6.79025 18.5038 14.297 
165.428 149.99 24.9522 97.6784 13.6178 104.551 70.938 39.8154 157.895 71.396 2.39311 370.971 0.0572809 9.36843 31.3822 46.8052 102.154 57.8713 5.66798 13.7953 54.0691 6.66091 12.3173 51.523 0 61.063 0.314358 96.4616 
3.4978 10.1406 0.192403 9.37887 70.0098 3.87873 95.4626 205.467 1.24076 7.94948 6.92388 136.041 39.0503 0.944151 1.46631 0.910642 9.83945 61.643 16.3078 9.0199 50.8612 10.6602 10.354 0.835686 30.2933 0 4.82592 54.6442 
33.0771 54.4853 6.66261 0.750562 47.9686 8.25452 17.0895 3.74006 75.9928 47.5178 2.39061 87.2366 21.2246 0.360702 0.257336 0.28861 19.0475 32.1794 18.2773 0.389629 20.8607 0.161091 7.90487 2.53297 59.1388 36.681 0 53.0641 
60.8249 64.3326 9.41294 0.338845 37.9263 22.9262 0.809345 82.095 80.8525 0.172564 1.98497 35.761 2.22959 1.88672 3.72038 13.1552 23.3042 38.6882 0.0184606 11.477 1.59209 1.7654 6.77609 7.1041 38.0548 54.4554 5.06989 0 
