0 392.032 160.16 233.182 169.261 98.4606 185.794 231.889 59.0297 106.777 185.646 75.5595 13.948 52.68 1.7429 25.8922 162.946 131.977 93.4074 37.9373 14.0895 22.5224 0.562368 0.917549 100.856 8.55336 19.0743 6.02712 
623.383 0 250.542 315.994 0.467632 228.643 517.452 236.754 448.118 0.924344 131.468 0.00262303 148.681 24.7673 2.29841 19.9934 186.38 299.451 75.4636 65.1413 108.352 49.2936 29.3042 1.5949 127.583 82.0795 35.9899 9.85285 
174.308 336.085 0 62.6541 85.8458 15.3083 238.549 34.975 126.208 56.1174 237.877 68.1152 37.2929 8.83212 26.7948 1.99012 54.7747 8.77314 20.8343 11.2583 108.053 10.5624 12.5708 0.0479406 9.1048 7.45652 19.2284 0.759009 
279.179 313.687 305.491 0 84.4472 125.147 54.3744 327.637 156.334 61.0578 193.894 243.512 6.42436 19.6058 18.2947 7.17455 78.1512 61.5686 33.1152 31.1988 709.359 10.8619 2.94234 24.5788 84.1225 44.3778 19.8102 0.0606907 
179.272 79.1441 181.167 2.53369 0 380.802 97.1004 1.52912 355.403 267.836 173.38 134.279 2.67262 8.05997 50.6958 29.6758 9.9921 223.302 282.517 22.9447 122.865 48.2441 19.7905 10.4956 65.8746 6.20773 6.45292 56.2924 
137.05 283.659 66.6682 119.195 469.62 0 833.151 109.784 62.4659 509.817 30.3207 47.3068 189.811 14.8656 15.3816 20.8941 115.194 123.639 57.4333 23.9027 1.62866 1.05103 5.51293 8.38079 60.5878 27.7335 15.4342 4.49371 
138.947 3.4676 104.601 197.352 267.058 664.301 0 296.812 414.641 505.256 220.943 268.262 143.136 78.2556 0.534003 101.359 19.9313 2.20159 6.5324 82.7491 27.4457 29.5098 72.2113 0.130757 85.2275 3.32935 41.1122 69.5001 
93.1198 24.2839 75.6973 51.1294 74.0685 212.171 126.446 0 579.633 121.803 141.564 6.18226 63.9726 34.0988 131.492 30.7388 28.4427 92.1039 95.8036 83.6137 84.3894 15.1514 85.254 138.612 169.249 0.814196 89.3876 100.465 
247.942 63.6582 329.401 384.274 22.4617 61.8412 727.372 571.945 0 386.72 1136.13 341.143 71.1381 46.358 269.385 112.592 167.152 182.104 147.054 94.4156 186.276 34.4812 10.1909 77.1617 116.215 14.8658 64.5424 82.046 
128.353 231.217 47.0971 87.643 301.089 151.239 200.421 95.5736 52.503 0 0.079202 135.397 91.6243 83.0129 121.787 5.0199 70.7864 0.826905 6.58777 16.6408 47.251 16.2938 58.8853 60.4792 69.9072 58.0025 28.2722 3.64104 
129.713 225.851 238.076 2.68184 0.746587 189.856 154.02 254.633 214.641 12.9464 0 518.257 224.508 90.818 75.7195 216.73 60.1868 162.811 38.3044 52.2187 148.982 68.091 39.886 111.86 42.0267 164.065 59.2171 95.3482 
1.25018 24.8725 2.23023 139.825 150.304 62.2225 172.2 401.244 375.666 5.14146 186.79 0 154.733 0.0240265 198.539 1.24585 84.8607 13.6919 56.5892 57.475 120.405 51.6995 123.794 3.96106 37.3047 353.892 23.2457 127.885 
57.8666 117.82 2.07694 69.6503 166.019 136.245 200.064 13.2288 34.6587 153.715 235.292 156.041 0 55.7093 110.315 3.36715 63.9503 69.5306 32.9455 38.2253 53.345 90.0412 91.2002 69.4619 13.7001 46.1009 0.014782 44.4986 
52.394 47.708 1.12264 4.26491 36.8756 8.50985 6.31219 5.46372 95.4281 82.8703 126.876 6.72604 156.31 0 30.5441 11.3525 10.7483 3.02696 12.9338 1.70118 26.9392 0.00941005 0.216541 8.71199 7.98128 0.590576 0.574197 1.03699 
71.4515 9.84897 0.415531 27.2734 55.6479 20.0667 56.4032 119.055 149.819 7.12666 25.3003 240.517 37.7713 61.0673 0 70.0354 20.6201 2.82451 7.74384 0.548322 30.0555 12.7437 20.8833 0.264323 15.276 0.0893419 0.0319961 1.69592 
76.7851 79.4693 23.7845 7.08928 39.0283 12.5442 103.193 49.4335 55.8333 19.4398 45.9716 257.12 65.2242 17.3968 48.3911 0 2.68863 28.2671 0.508159 0.00931194 17.4364 10.5416 1.3022 23.0417 33.3902 15.9509 2.77922 5.61036 
91.9146 96.7576 12.7606 78.1753 45.0149 100.386 81.1669 59.1157 59.9297 77.8613 95.3755 82.8782 15.7903 1.34088 0.442641 0.375071 0 199.468 578.542 28.8221 44.3717 19.6175 9.97663 5.41194 60.0424 26.1997 10.6364 21.7727 
172.245 33.7751 41.8707 6.4739 59.2176 91.4707 63.9324 172.753 28.4987 110.461 0.482763 0.636307 94.0353 0.0588067 68.0926 55.858 54.9888 0 81.0611 41.8837 4.85792 24.8121 0.203019 12.6891 2.83422 61.314 44.6207 31.1334 
91.386 111.244 59.3619 25.1095 180.367 42.3372 155.023 28.2821 146.143 26.3325 23.5396 28.9272 5.34218 26.7995 19.9377 12.425 92.6484 10.5214 0 0.00391867 3.07914 24.5812 22.9815 7.86837 1.67474 0.0733034 0.370781 1.40289 
36.1972 21.4959 21.5808 44.2951 24.4172 21.5873 92.3647 7.04604 6.28203 9.77322 72.8185 91.1209 37.1796 4.54607 1.96574 7.30059 0.0544098 15.2724 18.3597 0 318.077 5.71347 1.35203 1.28556 0.474271 4.23705 5.57649 0.00805201 
27.9323 99.533 126.867 29.8485 0.64121 27.1991 64.5414 1.61219 46.7165 21.8288 148.578 50.4581 76.134 39.3106 56.1307 45.1782 0.0357853 123.125 0.872784 137.858 0 32.172 24.7231 21.8057 46.1573 53.4223 1.37104 38.9828 
32.9867 13.5762 11.4892 16.6944 1.05691 8.13469 46.9088 7.94766 8.59924 6.95887 61.6399 18.2598 90.1303 6.04314 11.6482 1.88498 0.303218 36.6294 25.26 0.85209 19.4163 0 3.9417 14.0912 20.3454 1.08699 7.59847 10.2173 
14.586 31.7093 12.4453 2.11787 54.2943 13.6699 62.9852 73.6978 0.476154 40.2377 0.42077 84.3592 60.9521 0.083202 22.6345 10.9833 2.416 6.60774 21.3582 0.651862 9.16114 9.1829 0 4.35314 20.3306 10.3609 3.99872 5.92236 
35.3951 0.374114 12.9561 23.557 45.3554 0.972283 31.2614 9.80725 0.0999966 34.0417 123.998 7.72692 49.9709 10.3787 21.2966 28.95 19.4199 47.9739 20.1364 1.62978 6.64925 14.1111 19.1641 0 33.9956 10.4012 16.6826 13.522 
131.448 121.39 21.0259 62.7868 7.35284 69.917 56.1381 5.13806 93.9954 68.1611 18.1318 306.814 1.54834 6.19868 30.0338 62.2914 61.4631 54.8179 8.24581 13.7464 48.5527 30.1441 17.3086 18.9479 0 86.6641 147.603 13.3934 
11.363 20.8343 2.23102 19.2875 70.6184 1.15701 84.3013 126.906 14.803 1.34906 35.358 0.471002 45.5762 2.74688 0.0660494 8.59843 7.41046 61.4515 19.5473 10.2793 56.971 10.7889 10.2873 0.000954023 36.4503 0 0.382063 62.9171 
27.7684 54.4054 4.63737 0.0434966 48.9527 10.3874 23.5577 11.8674 78.9952 47.5862 0.0935867 105.258 17.5963 0.960341 1.18289 1.42121 17.8452 28.6489 16.6017 0.11311 16.8649 0.546431 6.00043 5.19072 59.2726 37.777 0 91.0212 
58.9445 62.1074 6.35291 2.23726 31.8325 22.65 4.38741 108.492 67.1462 2.14479 10.2853 6.0199 0.592163 0.814191 1.2976 8.38839 22.3466 42.7646 0.349788 11.4798 0.239766 1.13018 5.53367 4.95877 30.3188 25.754 9.99413 0 
