0 496.325 177.952 193.304 149.009 104.571 203.925 251.55 75.9544 99.1787 181.201 63.4603 11.4536 53.1385 2.66566 29.3162 177.343 147.617 89.1146 80.9362 23.6067 21.6433 0.883838 1.4573 117.28 10.7379 17.8321 7.20267 
652.246 0 150.428 356.909 6.77587 219.235 488.459 252.225 474.664 4.44534 114.378 0.723563 148.32 22.2486 1.14647 23.1134 205.583 691.462 85.9575 55.2635 117.155 48.7125 27.5812 2.27611 139.352 81.0855 37.244 8.50809 
189.62 416.809 0 11.218 102.021 10.6727 247.242 56.3144 206.51 48.6306 230.858 55.5513 34.1978 9.58846 25.1165 2.75653 54.0755 15.0345 23.6491 12.819 113.486 10.7821 12.5254 0.133812 7.98469 8.6832 19.1184 1.06237 
341.773 355.176 132.891 0 73.3118 137.867 70.1806 953.293 137.108 55.2285 186.709 253.025 8.05302 20.2506 16.368 5.2821 93.902 52.9357 35.7055 27.9665 77.3392 11.2282 3.43134 25.1351 99.847 44.641 20.5463 0.219145 
159.374 140.021 186.101 0.524449 0 414.03 142.424 0.193897 351.898 292.324 157.655 140.843 5.54914 6.47679 46.4324 32.4394 6.26203 215.876 294.854 19.2214 120.188 49.354 18.1996 9.25666 65.1569 4.92215 7.2009 56.5924 
142.333 305.538 65.9976 129.879 965.254 0 1094.64 92.9686 105.465 716.309 49.4864 39.1116 586.327 15.8234 17.8911 21.9767 128.668 123.959 62.9851 23.6004 2.5513 1.37247 6.08391 9.00981 74.8842 27.8075 14.9925 3.94066 
159.191 25.6585 77.3143 201.75 314.903 874.152 0 259.203 103.583 506.156 165.487 276.098 128.883 81.994 2.34048 99.479 23.3275 5.95296 10.4775 79.6328 22.9659 31.4396 72.3982 0.00248871 83.0938 5.23783 42.6278 68.2931 
115.758 14.1332 102.667 64.403 85.4794 214.624 164.963 0 631.549 135.152 171.419 21.5213 58.156 28.2458 143.154 50.5957 31.225 84.2195 92.5359 78.448 73.8166 13.6652 81.8153 137.7 159.094 5.30683 86.9218 106.401 
245.269 71.8765 247.284 402.402 10.0485 103.745 1093.6 626.549 0 382.144 843.73 313.781 82.1047 54.5613 203.795 120.601 179.149 190.347 149.995 91.3365 186.986 36.4346 7.67356 73.556 136.068 20.0958 66.3528 79.0776 
134.244 237.443 54.564 91.9306 317.95 77.485 279.157 82.3702 28.1939 0 18.1077 151.529 59.0542 81.6325 114.996 2.84035 72.8974 2.10088 9.76833 18.5266 50.4712 18.3971 57.9276 60.3488 70.6753 54.8743 27.0097 4.62993 
138.552 237.517 241.045 6.99343 0.0214231 163.774 208.815 281.894 152.482 0.147702 0 512.677 234.695 110.129 32.586 205.508 57.466 165.549 43.0314 55.1611 149.231 69.7344 33.0909 106.869 49.5232 160.853 61.7483 98.3672 
3.93615 32.8759 6.04724 116.241 144.348 71.3166 190.838 628.617 390.68 1.51892 133.301 0 156.774 0.577431 222.994 30.8387 83.9573 10.6955 59.6345 53.7256 113.839 49.4782 125.616 0.864148 77.5508 307.076 27.6761 116.976 
61.7434 112.162 3.22615 70.697 160.615 106.205 207.526 16.7886 26.5934 115.44 225.23 153.783 0 40.1362 114.297 5.38881 64.2773 72.7714 35.9754 37.4413 51.4865 89.1449 90.9885 68.6177 12.1774 47.435 0.0676022 44.2271 
51.7765 45.1543 0.772339 5.00569 39.4685 7.50478 8.96972 8.55632 103.509 83.7654 145.458 2.85955 153.778 0 43.3358 9.24737 11.2367 3.76301 12.1813 1.58596 25.7605 0.00386035 0.867316 8.03274 8.7446 0.354404 0.719744 1.28093 
71.6636 7.34087 0.959206 29.0278 51.4178 22.6301 47.1925 106.038 167.105 12.6991 3.50394 219.256 45.9271 55.3247 0 83.676 19.9233 2.00173 8.74157 0.414623 28.2878 13.3452 22.4508 0.885107 13.5874 0.00292113 0.102204 2.22919 
75.1194 81.0622 23.1907 9.19774 36.223 11.2382 103.71 72.6708 46.8958 24.0556 30.1681 353.683 68.9144 15.9525 28.55 0 2.32475 30.1664 0.314275 3.20315e-05 19.4454 10.8082 0.79203 25.7901 34.7193 18.8446 2.30551 4.65124 
109.628 117.699 14.8246 89.7746 52.8271 116.048 77.3358 56.1131 74.7094 76.1989 95.6251 81.7415 14.2999 1.11724 0.639187 0.242272 0 171.569 554.271 29.5474 46.0651 19.4037 9.60661 5.04966 73.3974 25.9357 10.2606 21.4747 
185.882 17.6979 31.7436 10.5962 72.5755 85.3997 51.2399 175.815 21.2088 115.966 1.51104 0.122511 96.1406 0.00128691 68.5295 54.6957 33.982 0 73.0665 38.0902 6.68629 25.6688 0.372383 11.6479 3.56726 61.5808 44.7499 32.3087 
86.9721 101.014 58.1306 27.6797 210.904 36.501 156.763 24.8047 142.415 31.7767 27.5936 26.1768 6.93328 26.5442 18.7208 13.2618 69.4353 14.9618 0 0.0182501 3.94302 24.7715 22.8884 7.36094 2.02562 0.170236 0.487446 1.66523 
58.3139 29.1335 22.8308 45.9074 20.6068 20.9118 93.5621 9.93066 8.62411 11.3613 74.9569 92.7603 36.3321 4.48901 1.71997 7.02161 0.00309081 12.4936 19.554 0 283.763 5.63873 1.44077 1.15498 0.33979 4.60191 5.80713 3.29284e-05 
40.3468 108.528 125.581 67.0177 1.51367 29.9597 70.429 4.08121 39.3046 24.5531 147.629 57.1132 76.6764 40.0815 56.7281 43.1571 0.000726273 123.544 0.488061 80.9619 0 31.9982 25.6457 23.1203 47.703 54.8847 1.05599 37.8323 
32.2916 12.445 11.3099 16.7563 0.672354 7.47149 45.198 6.81594 7.35777 5.54641 59.5485 16.3 90.3627 5.51872 10.9891 1.5815 0.402902 36.0205 25.3404 0.773066 18.8406 0 4.91145 13.9939 20.6003 0.926324 7.8852 10.2896 
15.8156 29.9921 12.3374 2.54693 53.6125 14.1029 64.7736 77.6039 1.27712 37.7839 0.000127449 90.7415 66.2755 0.0360004 23.8464 11.5299 2.17562 7.38624 21.0622 0.584906 8.37214 8.12401 0 7.70986 21.235 10.3943 3.58816 6.22112 
33.5155 0.131358 12.5014 22.8071 44.0327 1.27619 33.8917 6.10671 0.537339 36.4503 126.365 2.98461 52.8882 10.3795 19.2506 27.6894 19.6346 48.1672 20.5271 1.77663 5.76528 14.1064 20.6182 0 37.3151 11.2319 16.1107 13.2487 
145.756 137.211 19.9347 77.8563 6.10308 84.6375 52.3438 1.57337 102.205 66.7966 23.79 863.044 2.19568 5.46991 29.2622 70.1113 74.7324 53.8886 8.90863 13.6753 47.0432 3.54661 18.4141 8.25189 0 31.5041 42.5683 40.4072 
13.8063 23.7828 3.02099 21.85 70.3459 0.732739 80.7489 105.363 20.0243 0.572142 44.6425 14.462 46.9427 3.28337 0.37084 11.2589 6.86081 61.1279 20.2982 10.54 58.1532 10.783 10.1845 0.0331161 37.3615 0 0.0530562 60.4988 
26.4767 54.2177 4.18934 0.00255069 49.0664 10.8988 25.167 14.4005 79.3606 47.4252 6.16462e-05 108.712 16.7351 1.14246 1.49776 1.8091 17.5376 27.7756 16.1846 0.0713241 15.9313 0.670847 5.54851 5.91897 57.3567 37.2632 0 92.9401 
58.2056 61.2956 5.67116 2.92118 30.3415 22.4704 5.63973 113.849 63.5579 2.92996 13.1341 2.46958 0.353919 0.618681 0.89212 7.29703 22.0783 43.6454 0.489626 11.444 0.0923999 0.996677 5.22951 4.46959 28.1429 18.6489 19.0823 0 
