0 550.438 180.329 227.378 145.97 145.196 206.483 254.274 118.334 98.0323 180.472 61.7212 11.1024 53.1975 2.81834 29.8318 219.123 149.895 88.4569 86.911 25.2033 21.5128 0.937512 1.54759 159.386 11.0795 17.6496 7.38452 
693.53 0 136.52 401.949 9.53028 257.388 482.567 254.347 517.637 5.18693 111.867 0.938844 148.215 21.8815 1.00911 23.5879 248.049 195.823 87.5163 53.822 118.437 48.6214 27.3262 2.38693 180.76 80.9168 37.4278 8.31597 
191.582 426.247 0 8.2151 104.41 10.0424 247.999 59.8045 218.987 47.5309 229.5 53.7508 33.7402 9.69977 24.8581 2.87939 53.9553 16.091 24.0723 13.0518 114.223 10.8137 12.516 0.150171 7.82241 8.86937 19.0997 1.11141 
390.019 400.311 124.136 0 71.6706 179.374 72.6097 790.423 174.351 54.3615 185.494 254.095 8.30809 20.3415 16.0849 5.02275 135.916 51.6791 36.0871 27.4799 460.87 11.282 3.50632 25.2105 141.848 44.6549 20.6533 0.25094 
156.366 150.038 186.604 0.354345 0 418.609 149.551 0.103839 350.945 295.532 155.284 141.785 6.06092 6.25542 45.8007 32.8516 5.77986 214.64 296.136 18.6904 119.765 49.5131 17.9668 9.07844 65.0404 4.74338 7.31458 56.6303 
182.784 348.042 65.8113 171.097 437.272 0 907.7 90.4976 153.702 947.649 52.6415 37.9412 370.482 15.9618 18.2676 22.1307 170.325 123.944 63.7842 23.5487 2.70493 1.42349 6.16953 9.10306 116.685 27.81 14.9259 3.86117 
162.151 30.6128 73.4481 202.161 321.601 887.366 0 253.418 73.255 504.202 157.561 277.051 126.736 82.5189 2.71502 99.1566 23.8474 6.66025 11.1356 79.146 22.3296 31.7257 72.4078 1.28394e-05 82.755 5.55523 42.8493 68.1019 
119.203 12.8492 106.824 70.0223 87.1982 214.764 170.836 0 637.235 137.105 175.897 32.3041 57.302 27.4114 144.798 53.8626 31.6434 83.0542 92.0367 77.6662 72.2756 13.4499 81.2853 137.486 157.469 6.2996 86.5386 107.247 
284.48 113.432 234.747 444.015 8.6153 151.835 1136.4 632.674 0 380.765 122.403 309.416 83.7538 55.829 189.882 121.732 220.583 191.495 150.376 90.8556 187.02 36.7238 7.32844 73.0075 178.688 20.9269 66.6132 78.623 
135.069 238.151 55.6772 92.5275 319.93 69.4031 290.804 80.4463 25.176 0 23.3959 153.883 54.6914 81.3818 113.88 2.56804 73.1971 2.33863 10.2882 18.8106 50.9484 18.7151 57.7688 60.3128 70.7689 54.3978 26.8218 4.78564 
139.83 239.104 241.146 7.79872 0.0876612 159.793 217.166 285.738 141.442 0.952441 0 510.757 236.038 112.996 27.5715 203.566 57.0599 165.909 43.7439 55.5923 149.232 69.9678 32.1195 106.087 50.6606 160.262 62.1169 98.7888 
4.45956 34.1408 6.76643 112.767 143.431 72.6763 193.531 661.471 392.426 1.16319 125.85 0 157.028 0.801379 226.31 38.386 83.8136 10.2805 60.0832 53.1668 112.846 49.1454 125.824 0.595781 83.5347 299.121 28.3558 115.311 
62.3153 111.296 3.41689 70.836 159.74 101.029 208.485 17.3475 25.475 109.956 223.579 153.402 0 37.9638 114.794 5.72591 64.3177 73.2448 36.4276 37.321 51.2083 88.964 90.8946 68.4674 11.9572 47.6251 0.0786802 44.1818 
51.6764 44.7709 0.725726 5.11913 39.8509 7.35834 9.39909 9.06917 104.669 83.8501 148.117 2.42273 153.097 0 45.0966 8.9348 11.3091 3.87835 12.0701 1.56906 25.5851 0.00734565 0.997445 7.92504 8.85752 0.324368 0.742608 1.31902 
71.6779 6.99792 1.05829 29.2805 50.7876 23.0086 45.8612 104.08 169.55 13.6473 1.95457 215.764 47.1637 54.0714 0 85.0832 19.819 1.89149 8.89305 0.396343 28.026 13.432 22.6576 1.0071 13.3389 0.011313 0.115963 2.31374 
74.8485 81.2749 23.0924 9.5274 35.8077 11.0463 103.739 76.3572 45.6069 24.7673 28.0629 366.89 69.4351 15.7112 25.7966 0 2.27286 30.4482 0.28946 0.000433147 19.7482 10.8455 0.726413 26.1402 34.8906 19.269 2.23853 4.51479 
151.938 160.51 15.1389 131.175 54.0114 158.036 76.7561 55.666 116.598 75.9378 95.6482 81.5638 14.0836 1.08574 0.671294 0.225029 0 167.309 582.533 29.6509 46.3133 19.371 9.55178 4.99672 115.055 25.8944 10.205 21.4294 
187.804 19.6754 30.3319 11.2864 74.6216 84.4751 49.4438 176.215 20.21 116.754 1.71154 0.0804524 96.4374 2.71433e-05 68.582 54.5157 31.2358 0 71.882 37.5311 6.98052 25.7951 0.401778 11.4962 3.68257 61.6112 44.766 32.4816 
86.2979 99.4758 57.9268 28.0631 215.228 35.6467 156.938 24.3036 141.812 32.6123 28.2144 25.7768 7.1851 26.5031 18.5406 13.3864 65.8068 15.6788 0 0.0270189 4.0795 24.7977 22.8725 7.28657 2.08024 0.187996 0.506059 1.70588 
61.908 30.3394 23.0064 46.1117 20.0619 20.8064 93.705 10.3962 8.99991 11.6043 75.2606 92.9802 36.2027 4.48009 1.68472 6.97944 0.000856417 12.1016 19.7306 0 277.205 5.62737 1.45403 1.13609 0.321719 4.65647 5.84128 4.52765e-05 
42.3433 109.846 125.303 71.6916 1.67395 30.373 71.303 4.54107 38.246 24.9659 147.453 58.1168 76.7485 40.1916 56.8079 42.8525 0.00347632 123.58 0.440439 73.3302 0 31.9707 25.7813 23.3153 47.9267 55.0926 1.01272 37.659 
32.1866 12.2803 11.2823 16.764 0.622664 7.3742 44.94 6.65476 7.1811 5.34935 59.2316 16.0165 90.348 5.44087 10.8901 1.53846 0.418855 35.9281 25.3502 0.761639 18.7551 0 5.06012 13.9734 20.6351 0.903508 7.92744 10.2996 
15.9999 29.7371 12.3189 2.61336 53.5038 14.1645 65.0245 78.166 1.42832 37.4154 0.0119086 91.6616 67.0377 0.0678483 23.9965 11.6012 2.14094 7.50452 21.0166 0.575244 8.25747 7.9658 0 8.24761 21.3552 10.3964 3.52854 6.26505 
33.2352 0.105937 12.4317 22.6902 43.8322 1.32445 34.2827 5.62911 0.631501 36.804 126.655 2.46709 53.3077 10.3675 18.9345 27.4288 19.6651 48.1908 20.5835 1.79873 5.63892 14.0996 20.7262 0 37.7528 11.3525 16.022 13.2055 
187.535 179.221 19.7692 119.779 5.92682 126.496 51.7773 1.21807 143.124 66.5762 24.6812 1009.24 2.30079 5.3638 29.1342 69.6942 116.377 53.7448 9.00813 13.6629 46.8141 3.16069 18.5722 6.94982 0 24.9802 24.339 56.794 
14.1842 24.2298 3.14699 22.231 70.2919 0.677875 80.198 102.187 20.8542 0.484729 46.0779 18.1343 47.1377 3.36559 0.436843 11.6688 6.78056 61.071 20.4083 10.5771 58.3183 10.7809 10.1665 0.0455722 37.4754 0 0.0298519 60.0019 
26.285 54.1845 4.12436 0.000733468 49.0792 10.9744 25.4069 14.7932 79.4029 47.3956 0.00131255 109.191 16.608 1.17063 1.5473 1.87013 17.4914 27.6453 16.1223 0.0659442 15.7939 0.690305 5.48198 6.02918 57.0103 37.1622 0 92.9333 
58.087 61.1666 5.57228 3.02954 30.1201 22.4401 5.83753 114.602 63.0191 3.05611 13.582 2.0739 0.323765 0.591873 0.838232 7.13863 22.0373 43.7725 0.512301 11.4375 0.0764183 0.977545 5.18438 4.39829 27.817 17.649 20.6189 0 
