0 979.632 198.132 502.856 118.533 472.618 227.693 276.239 463.14 87.5451 173.148 46.8181 8.16522 53.6222 4.37347 34.5423 556.004 169.732 82.3166 122.536 41.5469 20.3364 1.48974 2.4775 499.488 14.3481 16.029 9.10749 
995.766 0 35.9413 759.178 54.1052 561.29 413.67 271.233 857.945 14.3224 89.7282 4.12006 146.663 18.6604 0.165786 27.982 590.753 644.637 101.465 41.259 129.645 47.7454 25.037 3.49669 514.488 79.1548 39.0572 6.67292 
205.203 472.78 0 40.3963 125.424 5.13177 248.454 94.1811 329.315 37.8479 213.835 38.4419 29.6516 10.6884 22.4378 4.08588 52.6855 26.9651 27.9308 15.1489 120.012 11.0881 12.4016 0.339149 6.41183 10.5865 18.9031 1.59943 
773.801 758.493 148.002 0 57.1672 513.538 95.1046 995.928 476.838 46.5743 172.95 259.599 10.7552 21.1033 13.5787 2.95429 475.268 40.7234 39.4824 23.0611 629.95 11.7598 4.20852 25.8053 480.985 44.4876 21.591 0.632525 
128.974 247.262 188.411 0.32041 0 419.263 216.331 0.548931 337.507 318.803 133.655 149.861 11.6287 4.42272 40.1425 36.5811 2.29095 202.035 301.038 14.1775 115.667 50.879 15.9097 7.53872 63.8744 3.27491 8.37045 56.8944 
508.039 686.791 63.1602 502.827 796.936 0 1237.75 68.8296 569.968 554.471 84.0049 27.9985 572.037 17.1593 21.6811 23.4357 506.244 123.096 70.6309 23.0052 4.27992 1.92064 6.94965 9.94072 454.147 27.7337 14.3153 3.17559 
187.972 92.2908 41.7845 203.007 375.356 782.12 0 200.11 41.083 463.587 91.9372 283.11 107.208 86.8791 7.28981 95.763 28.704 14.7254 17.8654 74.5008 16.9422 34.2965 72.2838 0.169682 79.4556 8.79832 44.805 66.2414 
150.828 3.9833 145.11 83.3207 102.89 213.415 224.414 0 662.717 154.255 216.174 215.302 49.736 20.3354 158.436 86.2258 35.4713 72.6468 87.3814 70.4807 58.7946 11.5712 76.2987 134.68 141.657 18.8383 82.8954 114.421 
598.017 456.318 126.293 771.07 0.649585 567.036 1303.49 662.375 0 360.569 52.3595 267.265 98.7729 67.739 137.752 131.175 554.446 200.899 153.153 86.2606 186.511 39.3183 4.55893 67.9221 523.425 29.0047 68.8614 74.3752 
141.882 241.953 65.6707 97.4213 331.293 43.1993 389.236 63.6561 5.48718 0 98.1343 174.437 22.0976 78.6082 102.715 0.726803 75.7365 5.0354 15.5018 21.4101 55.2319 21.6397 56.1489 59.7952 71.3747 49.9817 25.1238 6.2905 
150.896 251.619 238.101 16.891 2.69294 123.479 292.542 317.534 31.5227 38.8699 0 481.349 246.056 138.341 1.06697 183.221 53.3779 168.614 50.272 59.4082 148.824 71.9464 23.8568 98.5963 61.1299 153.676 65.3538 102.273 
10.5873 46.3611 14.942 82.3558 134.797 84.954 216.695 912.509 402.295 0.0958347 66.3349 0 158.753 4.43918 251.779 135.971 82.4085 6.89467 64.0781 48.117 103.733 46.113 126.966 0.42266 71.6489 220.041 34.7151 99.9204 
67.4144 103.22 5.36374 71.895 151.067 59.1 215.317 22.7247 16.3757 64.4431 207.025 149.444 0 20.53 118.118 9.17432 64.587 77.4162 40.5249 36.1915 48.675 86.7897 89.3317 66.8283 10.0443 49.2443 0.21606 43.7157 
50.6775 41.2767 0.369502 6.17908 43.2619 6.07615 13.6539 14.286 114.584 84.0501 170.469 0.115466 143.608 0 57.6875 6.19509 11.9593 4.98766 11.0757 1.41918 23.9984 0.0885147 2.49009 6.89013 9.86664 0.113084 0.963162 1.68313 
71.6078 4.2596 2.15795 31.4566 45.1036 26.3691 34.3928 86.3235 189.816 23.4652 8.23433 181.236 58.477 39.3955 0 89.1781 18.8697 1.03707 10.2957 0.249885 25.6763 14.1834 24.1883 2.43568 11.1367 0.331916 0.278456 3.13613 
72.1421 82.9103 22.0945 12.6659 32.0848 9.34829 103.453 111.462 34.5232 31.436 12.2543 461.468 73.7869 13.2869 6.16728 0 1.83006 32.9831 0.111757 0.0246467 22.5271 11.1565 0.259321 28.5077 36.1191 22.9667 1.67535 3.35904 
494.012 507.296 18.0543 465.042 64.9008 497.017 71.418 51.6256 455.045 73.423 95.6952 79.8589 12.192 0.821693 0.994688 0.0983512 0 128.475 376.828 30.5356 48.513 19.0653 9.05852 4.52906 451.191 25.4975 9.70595 21.0084 
203.774 60.8296 18.8255 18.3654 93.6266 75.9224 34.4121 179.164 12.2251 123.479 4.06803 0.0985429 98.9235 0.0730409 68.911 52.8086 11.3833 0 61.2927 32.5578 9.89268 26.9235 0.71588 10.1628 4.7965 61.7791 44.875 34.0219 
80.0263 85.4993 55.8561 31.5286 250.746 28.1554 157.555 19.9697 135.835 40.4197 34.0142 22.2719 9.63127 26.0952 16.9234 14.5124 33.6116 22.7759 0 0.182877 5.40553 25.0102 22.7051 6.62711 2.60181 0.38715 0.688846 2.09207 
96.7525 41.9243 24.4634 47.5275 15.4117 19.7993 94.5837 15.0073 12.7009 13.8729 77.8353 94.685 34.9946 4.39468 1.38141 6.59134 0.0431151 8.81744 21.3118 0 206.019 5.52185 1.57454 0.971745 0.180938 5.15236 6.14775 0.0140944 
61.8968 121.465 121.822 87.5027 3.47195 34.1317 79.1598 9.74218 29.2271 28.7797 145.465 67.3157 77.3003 41.1317 57.4245 40.0606 0.120445 123.603 0.121529 19.4257 0 31.7045 26.9883 25.0715 49.8718 56.8577 0.663344 36.068 
31.2197 10.8327 11.0228 16.8159 0.260691 6.51252 42.5705 5.28319 5.67804 3.7241 56.3057 13.5503 89.6468 4.74212 9.98869 1.17441 0.575974 35.0722 25.4143 0.662159 17.9824 0 6.4402 13.7207 20.9097 0.709982 8.30419 10.3804 
17.6802 27.4402 12.123 3.24289 52.4368 14.6867 67.1115 83.0106 3.16061 34.0558 0.976832 99.586 73.5244 0.786068 24.9794 12.1225 1.83994 8.60237 20.5858 0.491365 7.25247 6.54337 0 13.1799 22.2656 10.3817 3.00709 6.65579 
30.6962 5.35137e-05 11.7809 21.575 41.9774 1.79531 37.8043 2.18512 1.81704 39.9395 128.553 0.0229589 56.9156 10.1215 15.9851 24.3223 19.9257 48.3451 21.0733 2.00109 4.55751 13.968 20.3883 0 40.9629 12.4025 15.1816 12.7866 
524.536 518.366 18.2416 458.424 4.44739 464.424 46.6476 0.0656699 472.929 64.3895 33.2586 1112.88 3.35126 4.43594 27.8318 48.8426 452.395 52.3812 9.9177 13.5287 44.6935 39.2634 19.9188 0.168098 0 41.6244 127.676 102.867 
17.7591 28.3557 4.37821 25.648 69.6488 0.278695 74.9812 74.3916 28.9218 0.0235594 59.5573 67.664 48.8039 4.13327 1.26668 15.4702 6.07307 60.4551 21.3858 10.8932 59.6847 10.7483 9.9729 0.246242 38.2483 0 0.119277 54.0805 
24.56 53.8217 3.55672 0.0337428 49.1476 11.6522 27.5775 18.5179 79.6457 47.0624 0.187926 113.102 15.4703 1.4376 2.0259 2.45896 17.0689 26.4663 15.5571 0.0269828 14.5704 0.877105 4.88969 7.04385 53.2075 35.9723 0 89.5118 
56.9161 59.9052 4.70976 4.0825 28.1247 22.1261 7.75525 120.866 58.1023 4.30295 17.8926 0.0639474 0.112577 0.376242 0.426903 5.75988 21.6542 44.876 0.738905 11.3653 0.000814096 0.812881 4.7782 3.77205 24.8803 9.55867 36.019 0 
