0 580.09 210.837 2.59024 77.5957 11.7596 252.759 299.759 34.0591 70.9646 159.232 26.9085 4.43882 53.8999 7.41032 42.0073 106.053 197.092 72.1278 129.387 72.8415 18.5068 2.5906 4.33052 55.5177 20.053 13.5972 12.0737 
401.864 0 13.3081 305.73 179.917 63.2607 269.065 288.644 387.343 36.6041 58.0717 13.3775 142.152 13.9999 0.274868 35.1593 148.409 45.1391 122.229 23.9475 145.541 46.1877 21.5264 5.61025 60.4101 75.5814 41.4902 4.44264 
210.421 396.465 0 219.509 154.492 0.64377 227.011 153.359 452.052 24.0668 179.001 18.7784 23.4873 12.1529 18.439 6.27882 50.0699 47.9549 34.0017 18.3327 125.715 11.4751 12.1177 0.778688 4.42722 13.3541 18.4988 2.51716 
344.579 306.645 73.1612 0 36.3896 58.5964 130.329 845.687 1.3884 34.8124 148.541 253.108 15.06 22.0714 9.90573 0.781056 30.447 25.4503 44.5508 16.3111 444.097 12.4776 5.38851 26.4176 35.426 43.1965 22.9478 1.55938 
87.2496 398.47 181.481 5.56868 0 251.105 318.092 5.68918 300.689 332.473 100.063 160.817 23.4962 2.17265 31.5802 42.3866 0.013023 177.825 284.845 8.22905 108.32 52.7575 12.8691 5.39075 61.658 1.51236 10.1224 57.0285 
41.8161 223.269 55.8644 44.8538 346.866 0 163.837 38.7959 285.798 58.7141 139.29 15.0526 384.793 18.818 26.9168 25.1379 55.367 119.259 79.6956 21.8933 7.38834 2.82303 8.18418 11.225 6.52692 27.2658 13.3282 2.22433 
223.362 231.596 8.47653 194.21 427.293 206.465 0 119.207 708.143 334.375 20.664 283.285 77.2133 92.2217 18.4086 88.8504 36.7989 32.8923 30.9425 66.4573 9.88816 38.2518 71.3436 1.11531 73.5048 15.127 47.6928 62.8763 
199.803 0.255361 202.532 56.1031 127.527 202.214 303.813 0 608.28 178.62 275.484 668.286 38.545 11.1243 174.675 142.409 41.6054 56.991 79.6361 58.9701 39.6652 8.87848 67.8891 127.28 113.899 49.6737 76.5964 123.779 
112.26 43.0839 13.8209 278.592 6.33337 282.475 767.711 614.37 0 304.67 945.751 195.576 122.185 87.4333 173.442 142.792 100.229 211.916 155.073 78.2677 182.815 43.3013 1.5173 59.5979 86.5563 43.3714 71.9926 67.2841 
150.096 238.528 80.5877 103.142 324.967 197.225 491.897 40.1646 3.5679 0 281.922 203.022 0.0928641 72.5751 82.3013 0.104305 79.0806 11.1481 25.3348 25.5697 61.8011 26.3607 52.9863 58.3128 71.4587 42.7765 22.4727 8.97903 
166.226 264.157 219.815 36.976 13.7418 69.7841 397.899 354.519 169.626 189.029 0 398.003 253.735 173.579 30.7998 143.707 47.5919 170.843 60.7133 65.0514 146.712 74.5639 13.0445 85.6186 77.8445 139.275 70.0564 106.503 
24.898 67.9109 33.1646 41.1807 120.234 103.683 247.599 1015.61 396.183 6.05205 9.17676 0 159.382 15.6056 272.567 337.288 79.835 2.92729 70.0996 40.2877 89.1032 41.3001 126.103 8.08002 19.8107 95.3651 45.3065 75.4177 
75.1004 89.8604 9.16934 72.841 135.053 50.7638 219.199 32.2184 5.99611 14.7034 176.246 141.503 0 3.31345 119.034 15.8836 64.6668 83.531 46.9262 34.2792 44.6498 81.5558 84.4364 63.3055 7.33755 51.4117 0.563515 42.7862 
48.7866 35.7421 0.0502444 7.94552 48.3985 4.24539 21.5198 24.3503 127.685 82.3565 197.426 2.41749 118.511 0 60.1381 2.59342 12.9637 6.95625 9.55921 1.19514 21.5182 0.389674 5.4726 5.137 11.3841 0.000843383 1.35678 2.32065 
70.7907 1.31082 4.56027 34.4276 36.3602 31.2753 19.0263 59.3988 213.361 42.482 84.3577 121.576 76.0088 13.3638 0 65.8846 17.3617 0.211191 12.6001 0.0880825 22.0712 15.2315 25.2566 5.70541 7.91492 1.68339 0.667213 4.61659 
67.0449 84.424 20.173 18.0029 26.4136 6.85846 101.062 167.907 19.6493 42.4598 0.370496 483.973 79.205 8.99347 3.62698 0 1.23073 36.8914 0.000275525 0.135525 26.9966 11.5441 0.00109407 29.0216 36.8573 27.9313 0.949445 1.85651 
53.5485 74.6499 22.8295 11.9152 82.2616 51.109 62.7844 45.328 9.62625 68.9629 95.1921 76.8456 9.46464 0.481841 1.61808 0.00396677 0 71.3019 457.939 31.7329 51.793 18.5495 8.29443 3.83565 1.3932 24.7932 8.93598 20.3083 
223.005 64.3113 5.95641 32.1265 124.346 62.1077 15.7949 181.384 3.64804 132.485 9.65079 1.54107 102.102 0.487102 68.9066 49.8632 0.0321764 0 45.4526 25.1457 15.3185 28.6427 1.37935 8.21262 6.79065 61.6596 44.9163 36.3495 
69.6978 63.9317 51.8494 36.8992 289.179 17.6006 155.066 13.9269 124.734 53.3199 43.6817 17.2 14.0375 25.3298 14.445 16.2703 1.85632 35.85 0 0.697845 7.80212 25.2562 22.3594 5.64126 3.51647 0.835581 1.02705 2.7634 
153.171 61.8159 26.2321 48.15 9.21161 18.048 94.4762 23.5467 19.5076 17.6573 81.2322 96.3257 32.9731 4.24393 0.962775 5.9621 0.331032 4.65682 23.7213 0 83.6807 5.34648 1.76538 0.737586 0.041435 5.93473 6.62015 0.0856401 
96.5944 138.297 113.1 56.1975 7.5044 40.0513 91.1784 21.4339 17.2603 35.0117 140.969 82.0091 77.8078 42.4065 58.0124 35.5784 0.63078 122.562 0.0202324 6.16468 0 31.2223 28.8085 27.7882 52.6345 59.1995 0.264868 33.4957 
29.6422 8.71807 10.5806 16.8345 0.00579152 5.23316 38.7431 3.44254 3.66574 1.7538 51.5256 10.0475 86.5636 3.68267 8.56365 0.697524 0.868284 33.6582 25.4268 0.519833 16.774 0 8.65073 13.0912 21.1807 0.452666 8.87586 10.474 
20.3551 23.8867 11.7175 4.32583 50.4745 15.377 69.7092 89.665 7.13694 28.7514 5.48861 110.357 81.9621 3.15916 25.1191 12.4714 1.4128 10.4204 19.847 0.372475 5.79301 4.42351 0 19.2673 23.0254 10.2398 2.25799 7.24253 
26.7267 0.275498 10.6939 19.6404 38.9337 2.65047 43.2337 0.00512236 4.83886 44.5805 128.891 4.21762 61.8317 9.27231 11.2706 17.4787 20.278 48.375 21.7681 2.32683 3.08436 13.5173 15.6371 0 42.9865 13.8736 13.742 12.0343 
75.2511 72.6249 15.7656 12.8859 2.54545 17.3202 38.674 5.57912 14.5993 60.3101 48.2459 553.432 5.34468 3.1129 25.3182 7.82828 2.40451 50.0255 11.376 13.2424 41.21 64.6798 21.689 9.57325 0 95.531 28.8737 64.8792 
23.8536 35.0576 6.60258 30.7791 68.0977 0.00427337 66.0936 36.8163 43.2768 0.477713 81.7912 185.606 51.0513 5.40263 3.35206 21.4098 5.02976 59.1346 22.8485 11.3167 61.3629 10.6481 9.56297 0.866422 38.521 0 1.31141 40.8444 
21.8889 53.0341 2.7407 0.260968 49.0858 12.6914 30.9777 24.925 79.5281 46.3093 1.10168 117.662 13.7307 1.89822 2.88086 3.50606 16.3887 24.6105 14.6624 0.000403738 12.7196 1.20822 4.00019 8.68116 45.1666 33.1862 0 73.4433 
54.7391 57.601 3.47843 5.97849 25.0281 21.4927 11.2014 128.575 50.3036 6.62204 25.5041 2.54228 0.000805589 0.135682 0.0585222 3.82599 21.0098 46.4396 1.17064 11.2046 0.127493 0.584795 4.15108 2.86358 20.4913 1.50362 61.8792 0 
