0 736.205 210.338 174.482 62.8625 181.214 259.491 304.984 217.144 64.5001 153.031 20.3903 3.27101 53.8805 8.79575 44.9377 278.376 206.277 67.9769 143.031 86.5572 17.791 3.10088 5.18748 230.486 22.469 12.6765 13.3253 
499.586 0 53.937 465.04 240.245 219.442 208.83 292.248 543.483 47.6662 46.9797 18.3678 139.709 12.3068 0.79098 38.0518 323.168 741.384 129.828 18.1668 151.14 45.514 20.1743 6.5629 231.387 73.9181 42.4074 3.68129 
206.92 326.551 0 275.958 164.014 0.0473355 212.025 176.455 471.046 19.2714 162.737 12.7586 21.1661 12.6941 16.8329 7.22646 48.8442 57.1924 36.3659 19.5243 126.777 11.6131 11.972 0.997956 3.72928 14.4523 18.3081 2.92705 
505.735 466.537 232.919 0 29.1306 228.785 143.441 450.621 174.224 30.4214 137.711 245.685 16.898 22.3744 8.56642 0.303441 205.189 20.2203 46.4428 13.8032 12.2452 12.75 5.87699 26.5505 209.735 42.3587 23.4429 2.0302 
71.9354 448.017 175.661 9.32445 0 188.107 352.908 9.1465 281.748 329.83 87.3033 164.52 29.116 1.49885 28.3513 44.6427 0.191017 167.087 271.071 6.29201 105.143 53.4086 11.7363 4.63506 60.6598 1.00033 10.8444 56.9888 
208.567 385.211 52.1166 214.15 987.17 0 696.625 28.8164 521.774 125.024 161.427 10.9476 509.503 19.3897 28.886 25.6845 227.521 116.947 82.604 21.3739 8.81537 3.21733 8.67097 11.7182 180.231 26.9681 12.9301 1.89196 
235.013 292.089 2.13213 187.569 434.768 74.7397 0 90.5984 1018.98 271.219 6.12691 280.26 65.9876 93.7955 23.9535 85.6488 40.1201 41.6766 36.821 63.0816 7.59714 39.7791 70.7295 1.70998 70.9275 17.9958 48.769 61.4097 
218.026 2.21392 222.369 134.54 137.057 194.989 331.233 0 558.65 187.136 296.425 832.737 34.3982 8.19017 179.121 164.43 44.057 51.1129 76.4566 54.4199 32.9323 7.90328 64.419 123.438 102.415 64.7493 73.9393 126.774 
271.198 237.906 0.318244 426.884 14.487 518.766 439.128 566.801 0 276.42 811.056 167.104 131.172 95.2865 101.029 146.187 271.034 214.941 155.012 74.8935 180.421 44.8382 0.763381 56.236 264.209 49.473 73.0919 64.3698 
152.459 234.119 86.032 104.703 314.635 304.184 507.177 32.0854 12.5181 0 361.562 212.719 2.0794 69.6964 73.6825 0.615314 80.1788 14.1501 29.6879 27.2251 64.3284 28.2507 51.5477 57.5122 71.205 39.8841 21.434 10.1415 
171.502 266.602 208.576 46.5263 20.2814 51.3396 430.708 364.1 312.819 266.327 0 355.962 253.996 185.091 64.1657 126.644 45.3151 171.047 64.8593 67.1487 145.4 75.4304 9.59062 80.1975 84.39 132.426 71.7775 107.744 
31.9639 77.0269 41.8694 28.1466 114.222 110.717 257.567 940.454 386.741 10.8532 0.920625 0 158.94 21.6546 273.655 407.16 78.7007 1.81871 72.3825 37.2588 83.2888 39.3919 124.891 13.5916 77.0905 55.6444 49.6318 65.957 
78.0064 84.4342 10.9018 72.9745 128.072 61.5567 218.414 36.2765 3.27947 4.45404 162.933 137.834 0 0.522036 117.957 18.9049 64.585 85.7884 49.4236 33.4809 43.0487 78.9348 81.7531 61.6217 6.37286 52.1382 0.744042 42.3549 
47.9376 33.5595 0.00528152 8.66965 50.3376 3.59405 24.9607 28.8614 131.9 81.0402 204.687 5.25427 106.119 0 54.8463 1.53771 13.3543 7.80562 8.97725 1.11062 20.5455 0.564096 6.6425 4.43869 11.9526 0.0298178 1.52731 2.59238 
70.2372 0.609384 5.70922 35.4336 33.0146 33.0365 14.038 49.5002 219.382 50.8143 130.647 98.3027 82.5857 5.77138 0 50.2545 16.7618 0.0572634 13.539 0.0469459 20.6822 15.5979 25.2093 7.27164 6.74716 2.48177 0.864026 5.25721 
64.7792 84.6664 19.3118 20.1847 24.2512 5.94937 99.4939 188.678 14.7797 46.8841 0.291242 447.095 80.8312 7.29507 12.7285 0 1.02615 38.4033 0.0117244 0.203105 28.7836 11.6627 0.0608261 28.1291 36.7481 29.494 0.717471 1.37697 
230.02 254.247 24.7575 183.51 89.0578 225.257 59.3243 42.8682 184.41 67.0458 94.8039 75.5484 8.47148 0.372481 1.90188 0.00126435 0 51.8149 547.337 32.14 53.0273 18.3341 7.99622 3.57546 174.211 24.4888 8.63633 20.0191 
228.407 56.3839 2.81034 38.2896 136.407 56.6399 10.3083 181.452 1.63699 135.48 12.4534 2.57327 103.11 0.748865 68.7328 48.6184 2.5024 0 39.5836 22.3867 17.7272 29.3039 1.69707 7.49167 7.65639 61.4862 44.8897 37.2371 
65.5145 55.7733 50.0422 38.9727 297.236 13.964 152.962 11.8102 119.851 58.5285 47.647 15.3496 15.9505 24.9873 13.4917 16.9587 1.01951 41.547 0 0.989243 8.84912 25.3243 22.1957 5.26894 3.90854 1.05701 1.1775 3.0497 
173.383 69.9403 26.7425 47.857 7.16477 17.3081 93.9428 27.2953 22.4911 19.2135 82.3506 96.6251 32.1364 4.17906 0.817138 5.70856 0.517339 3.36361 24.6429 0 44.8271 5.27403 1.84116 0.653268 0.0134965 6.24329 6.80364 0.130165 
111.056 144.356 108.682 64.4506 9.48244 42.3749 95.7677 27.1265 13.332 37.5388 138.755 87.8249 77.8892 42.8418 58.1179 33.7885 0.939589 121.798 0.112258 26.4905 0 31.0106 29.5012 28.8439 53.6239 59.9765 0.157254 32.4583 
29.0005 7.93737 10.3949 16.821 0.0089777 4.75546 37.2038 2.8213 2.98881 1.17496 49.5865 8.79302 84.7187 3.28348 8.00322 0.541964 0.998765 33.077 25.4027 0.468216 16.2984 0 9.50573 12.77 21.2283 0.366695 9.0947 10.5 
21.4196 22.5074 11.5262 4.78183 49.6083 15.6045 70.5012 91.9447 9.10224 26.6717 8.21921 113.967 84.6159 4.33753 24.7051 12.4478 1.25921 11.168 19.5352 0.329824 5.25693 3.65505 0 20.4956 23.0941 10.1452 1.9871 7.46432 
25.1744 0.529535 10.2467 18.8246 37.6934 3.02399 45.3269 0.232739 6.40195 46.3008 128.149 8.45953 63.4963 8.80116 9.47558 14.4649 20.3982 48.3168 22.0175 2.45773 2.5788 13.2618 12.8152 0 42.7159 14.3847 13.1403 11.7084 
247.992 246.813 14.7743 187.466 1.93716 191.154 35.5884 10.0933 184.571 58.5036 54.5361 284.056 6.24091 2.64222 24.1913 9.61512 175.144 49.0276 11.9607 13.1049 39.7903 32.6261 22.2611 18.2821 0 49.7612 145.757 125.471 
26.3914 37.7509 7.56253 32.6791 67.3104 0.0136133 62.4086 24.9712 49.3751 1.04377 90.6452 236.519 51.8114 5.91672 4.40986 23.6039 4.64069 58.4987 23.4007 11.459 61.8671 10.5924 9.36781 1.20748 38.3167 0 2.11636 34.8738 
20.8493 52.6518 2.4444 0.408198 49.0055 13.0925 32.3135 27.6179 79.3171 45.9369 1.66545 118.916 13.0601 2.09313 3.25083 3.9566 16.1144 23.8766 14.3067 0.00133726 12.0129 1.35126 3.66459 9.33494 41.467 31.8147 0 64.4536 
53.772 56.5883 3.0362 6.80029 23.8209 21.1974 12.6971 130.858 47.2256 7.65139 28.7533 5.35329 0.0293685 0.0737122 0.00634034 3.15229 20.7412 47.0001 1.36605 11.1256 0.258382 0.504853 3.9081 2.53236 18.8955 0.218294 71.1503 0 
