0 805.413 209.655 253.437 59.0285 257.653 260.995 305.992 297.379 62.7519 151.277 18.7538 2.98237 53.8626 9.19132 45.7334 355.451 208.603 66.8352 149.411 90.3949 17.5962 3.24748 5.43338 308.308 23.1423 12.4291 13.6743 
555.672 0 69.1802 537.523 257.078 292.494 192.772 292.9 615.433 50.8757 44.1141 19.8536 138.98 11.86 0.977636 38.8448 400.849 125.64 131.829 16.7078 152.596 45.3245 19.8089 6.83413 308.122 73.4405 42.6535 3.4853 
205.433 305.174 0 285.913 166.381 0.00333455 207.395 182.589 472.818 18.0367 158.123 11.3036 20.5453 12.8376 16.3945 7.49184 48.4918 59.7797 37.0055 19.8412 126.948 11.6494 11.929 1.06215 3.54773 14.7514 18.2531 3.04342 
577.953 539.168 263.719 0 27.26 305.267 146.89 1311.46 252.496 29.2543 134.667 243.212 17.4123 22.4492 8.21328 0.211393 282.961 18.8812 46.9472 13.1404 510.292 12.8232 6.01232 26.576 287.374 42.0993 23.5739 2.16865 
67.9184 459.927 173.791 10.5058 0 175.842 361.604 10.2249 276.219 328.325 83.8957 165.467 30.7333 1.33625 27.4879 45.2538 0.344879 164.062 266.664 5.8055 104.251 53.5774 11.434 4.43797 60.3756 0.878716 11.0444 56.9689 
284.216 459.018 51.024 290.421 498.855 0 95.2532 26.3112 614.918 537.565 167.376 9.93289 348.778 19.5369 29.4101 25.8208 304.568 116.241 83.3257 21.2246 9.22362 3.32851 8.80353 11.8513 257.726 26.876 12.8206 1.80556 
237.928 308.455 1.12718 185.47 435.446 62.8994 0 83.2755 1090.51 253.633 3.6326 279.137 63.011 94.1707 25.5672 84.733 41.0369 44.2144 38.4866 62.1442 7.02168 40.1922 70.5384 1.89363 70.2037 18.812 49.0563 60.9966 
222.83 3.08081 227.379 160.998 139.626 192.764 338.179 0 542.843 189.337 301.821 871.197 33.2956 7.46232 180.129 170.285 44.7283 49.543 75.5785 53.1825 31.184 7.64589 63.46 122.306 99.2617 69.0801 73.1992 127.519 
344.725 321.796 0.0904615 496.861 17.2636 612.039 355.617 551.484 0 268.266 400.318 159.435 133.585 97.4186 83.1995 146.99 347.71 215.634 154.916 73.9541 179.678 45.254 0.601939 55.3137 342.749 51.1708 73.3784 63.5648 
153.015 232.627 87.4619 105.058 311.097 334.125 508.554 30.0125 15.872 0 382.794 215.187 3.67368 68.867 71.3055 0.828054 80.4563 15.0242 30.9162 27.6774 65.0109 28.768 51.1375 57.2732 71.1079 39.0928 21.1514 10.4683 
172.86 267.019 205.163 49.2665 22.2668 46.6823 438.528 366.185 347.985 288.077 0 343.875 253.794 187.942 74.9938 121.925 44.6948 171.036 65.9904 67.7074 144.995 75.6504 8.73351 78.6964 86.1614 130.457 72.2335 108.04 
34.0194 79.5623 44.3701 24.968 112.561 112.589 260.043 909.741 383.509 12.3933 0.154385 0 158.753 23.4508 273.236 423.524 78.3797 1.56137 72.9958 36.4401 81.7028 38.8709 124.477 15.3227 93.5037 46.3466 50.8226 63.4186 
78.7859 82.9431 11.3959 72.9874 126.112 64.2525 217.974 37.4117 2.6775 2.6772 159.218 136.783 0 0.177903 117.524 19.7616 64.5516 86.3883 50.1012 33.2589 42.6107 78.1693 80.9527 61.1352 6.12002 52.3236 0.797537 42.231 
47.6961 32.9654 0.000982284 8.86942 50.8571 3.42393 25.9284 30.1391 132.949 80.6197 206.301 6.21056 102.571 0 52.8785 1.29324 13.4603 8.04426 8.82017 1.08794 20.2807 0.616956 6.94488 4.25009 12.1042 0.0448666 1.5753 2.66837 
70.0639 0.463851 6.04051 35.6907 32.1149 33.4966 12.7942 46.8983 220.677 53.1403 144.26 92.1279 84.3289 4.1884 0 45.7731 16.5977 0.0321104 13.7977 0.037945 20.3069 15.6931 25.1502 7.72061 6.44036 2.72401 0.921917 5.43709 
64.1382 84.6976 19.068 20.7831 23.6697 5.70946 99.0068 194.065 13.5587 48.0906 0.726923 433.098 81.2225 6.8427 16.0219 0 0.973445 38.8126 0.0202556 0.22385 29.2729 11.6917 0.0928718 27.7836 36.6795 29.8745 0.65962 1.2578 
308.262 333.339 25.2862 260.436 90.897 302.85 58.3768 42.2002 262.221 66.5082 94.6795 75.184 8.20868 0.345052 1.98297 0.00389743 0 46.9164 484.992 32.2447 53.3581 18.2742 7.91516 3.50576 251.462 24.4031 8.55493 19.9388 
229.654 58.1793 2.15152 40.0317 139.667 55.1541 9.0052 181.391 1.22559 136.239 13.2748 2.89967 103.361 0.829838 68.6686 48.271 3.85339 0 38.0276 21.6524 18.4096 29.4827 1.78921 7.29971 7.90023 61.4266 44.8783 37.4762 
64.3663 53.597 49.5287 39.5324 298.674 13.0315 152.281 11.26 118.474 59.9546 48.7414 14.8598 16.4887 24.89 13.2342 17.1459 2.12506 43.1464 0 1.07726 9.14443 25.3401 22.1484 5.16897 4.01856 1.12174 1.22023 3.12991 
178.52 72.1633 26.8625 47.7249 6.64751 17.102 93.7498 28.3515 23.332 19.6435 82.6336 96.6725 31.9045 4.16083 0.779332 5.63895 0.575228 3.04591 24.8912 0 35.9768 5.25394 1.86188 0.631056 0.00852496 6.32738 6.85343 0.143904 
115.037 145.944 107.39 70.3561 10.0589 43.0067 97.0019 28.7779 12.3418 38.2342 138.109 89.4087 77.8998 42.954 58.1343 33.2988 1.03428 121.555 0.150241 34.2926 0 30.9508 29.6876 29.1302 53.8839 60.1739 0.132726 32.1731 
28.8235 7.72964 10.3431 16.8152 0.0199782 4.62794 36.7814 2.66214 2.81564 1.03675 49.0528 8.4635 84.1565 3.17685 7.85084 0.502786 1.03585 32.9162 25.3933 0.454569 16.1688 0 9.7351 12.6757 21.2351 0.344761 9.15375 10.506 
21.7108 22.1337 11.4711 4.90889 49.3633 15.662 70.6941 92.531 9.67566 26.1071 9.05323 114.884 85.2681 4.66751 24.5475 12.4255 1.21874 11.375 19.4481 0.318604 5.11455 3.45406 0 20.6859 23.0899 10.1157 1.9157 7.52384 
24.7527 0.612966 10.1232 18.5975 37.3513 3.12928 45.8922 0.401198 6.86352 46.7582 127.861 9.85811 63.9219 8.66089 8.99868 13.6388 20.4292 48.294 22.0832 2.49367 2.44834 13.1848 12.0001 0 42.5374 14.5167 12.9733 11.6167 
325.195 324.415 14.5032 265.204 1.78524 268.677 34.7546 11.5425 261.1 57.9927 56.2799 1176.99 6.49586 2.51924 23.8722 12.2212 252.374 48.7487 12.1211 13.0649 39.3989 23.5324 22.4044 20.8774 0 38.6391 162.1 121.419 
27.0949 38.489 7.83146 33.1821 67.0788 0.0276608 61.3894 22.0902 51.0722 1.23558 93.0494 250.126 52.0061 6.05773 4.71937 24.1783 4.53673 58.3142 23.5489 11.4953 61.9891 10.5756 9.31142 1.30953 38.2309 0 2.36721 33.2167 
20.5669 52.5406 2.36612 0.453958 48.9782 13.201 32.6773 28.3673 79.2435 45.8279 1.83898 119.204 12.8787 2.14757 3.35487 4.08297 16.039 23.6762 14.2094 0.00270603 11.8223 1.39149 3.57464 9.51363 40.4196 31.4166 0 61.8292 
53.4979 56.3021 2.91995 7.03125 23.493 21.1125 13.1178 131.403 46.3873 7.94308 29.6618 6.2939 0.0442565 0.0600459 0.0012487 2.97805 20.6665 47.1476 1.42182 11.1025 0.301988 0.484014 3.84228 2.4448 18.4771 0.0671722 73.4865 0 
