0 599.86 192.491 364.819 168.523 122.747 206.483 165.549 216.735 125.196 162.05 4.46994 105.97 45.6341 64.5546 44.2734 49.2646 34.196 62.6238 7.70969 136.559 26.8682 17.6482 8.16663 43.1745 64.0782 9.48688 3.46042 
446.296 0 379.917 71.0891 400.204 39.2955 359.666 143.39 26.8856 70.9983 256.252 223.294 147.251 55.7382 0.976131 76.4505 43.855 385.455 83.6201 33.9468 2.96516 2.93369 24.4045 0.266426 61.9415 3.40745 34.8544 3.35746 
201.156 199.441 0 292.51 161.329 5.09285 0.0165483 169.195 472.392 112.475 225.759 37.6807 0.0501116 10.3072 5.42533 19.4021 30.5552 64.1435 4.89536 27.6421 42.4498 4.73903 5.00633 14.4943 0.0175182 0.15377 10.9999 7.53343 
24.1604 73.3389 284.138 0 107.039 19.4553 158.211 702.065 194.948 22.4304 15.0452 259.027 57.0628 10.7182 38.5991 18.5111 53.198 43.6941 61.3517 16.5152 162.457 5.74378 1.60728 19.7566 20.0424 27.319 22.3343 33.0373 
178.551 181.816 51.4282 163.455 0 448.179 434.399 222.507 11.0077 204.392 230.096 179.179 177.315 69.7076 30.3954 32.2632 125.452 227.9 296.722 45.7778 22.0446 55.1049 11.8378 0.493894 66.8939 47.0087 34.9261 28.6254 
147.142 202.92 32.8374 22.1924 392.951 0 345.322 184.559 325.323 805.199 255.023 1.19387 678.125 7.65454 14.743 8.61912 35.6805 3.73089 1.60365 8.26236 65.5806 2.03683 4.56546 0.331209 43.9668 16.8089 0.00882315 6.5435 
162.152 191.012 192.395 10.1234 349.834 87.7236 0 215.389 1101.64 348.215 95.2202 2.4595 157.423 0.410891 120.976 25.4691 99.3199 14.9301 148.665 92.8387 42.0576 28.8679 0.311427 66.9887 20.5575 2.08614 59.6776 61.0634 
37.1657 198.34 216.296 165.408 140.903 165.167 180.664 0 5.247 165.99 20.1315 990.278 38.0175 87.7876 162.772 87.1871 31.6434 14.5717 81.5618 111.511 169.7 4.73513 40.7023 74.4106 53.5118 0.0502371 24.2492 2.23105 
213.166 406.072 0.000155117 47.2225 289.204 328.559 342.217 3.4213 0 237.139 659.71 16.2554 188 53.6749 21.6867 87.8157 93.9642 9.59829 117.397 40.6864 170.016 65.9566 1.9477 4.00272 24.8922 138.182 74.5514 22.9793 
0.713104 221.579 5.75106 41.9405 156.758 68.9989 13.8037 52.2809 31.3474 0 538.213 10.2027 52.9104 46.8058 106.48 2.89258 2.2141 13.0211 89.3618 15.4275 14.5223 43.9162 21.9649 10.32 34.68 66.3431 0.430897 5.35003 
18.7122 79.9136 241.012 175.374 25.8267 65.2844 463.112 2.01252 577.028 467.654 0 149.506 12.2852 136.969 407.256 228.321 32.738 83.518 114.485 0.036324 1.47794 57.0104 9.53404 14.5779 140.093 91.8863 33.5648 91.0829 
123.754 196.097 165.774 88.9342 51.7936 150.573 72.886 744.239 235.541 211.602 515.816 0 128.187 138.325 227.935 131.324 28.004 150.683 55.5682 22.2036 13.1988 51.4551 11.5042 32.8057 213.202 319.543 43.9461 108.253 
5.0293 105.739 47.6121 0.0689827 0.748819 146.155 1.44336 148.236 108.631 15.1611 38.8765 80.7861 0 91.7104 67.4024 84.1569 45.1972 30.3445 16.3582 14.2764 0.662667 24.3143 70.8925 69.6347 32.0475 14.0276 37.7516 12.425 
53.5293 33.6305 0.49432 22.9697 16.4811 15.6816 49.2334 122.683 102.804 65.1977 169.314 111.165 149.473 0 56.0875 18.0145 7.47363 23.8509 0.340602 0.929787 0.143493 2.43073 0.002218 4.48147 7.78356 6.88112 6.02629 2.72513 
0.80656 6.91342 17.2167 3.60696 35.1358 19.4026 126.35 0.00885069 154.578 35.0391 399.168 213.987 119.238 42.1658 0 78.7009 1.80076 22.1932 2.73162 0.349245 27.372 8.19867 24.8968 16.2306 13.579 7.43215 0.550938 20.9439 
65.3061 65.648 3.95185 0.649704 48.8426 23.9621 8.5713 112.471 81.8596 55.663 103.449 22.2138 31.8021 19.102 0.0313311 0 20.8486 25.8206 6.30379 2.10202 7.547 0.121883 0.247789 0.870441 19.3075 32.6571 18.7209 22.4018 
123.149 133.706 44.6066 59.8521 132.477 65.448 17.6247 55.666 66.1401 47.5508 90.665 23.6009 1.87646 21.9905 28.5794 24.4088 0 5.72003 44.3973 29.6509 62.892 18.7036 19.0862 20.8444 47.0857 1.3405 17.13 19.7534 
10.3969 479.701 1.24683 16.2476 3.11754 20.06 144.221 167.179 214.17 134.428 131.835 136.143 59.6216 10.4462 52.342 57.2229 111.813 0 81.1373 5.69524 54.8411 1.98313 44.4608 18.0751 36.7533 60.6549 10.4813 26.7262 
60.1391 103.311 60.3987 62.6595 217.366 90.39 46.2702 116.404 154.818 59.8977 123.6 29.8623 49.9378 13.2583 27.2213 28.2768 247.265 133.011 0 6.50428 37.158 0.00178208 0.000218347 17.1376 30.8561 23.5176 5.13542 17.742 
23.1343 140.982 23.5984 4.16016 47.4799 3.87713 81.6705 1.00725 55.4192 23.1435 5.3566 17.1137 12.8148 0.283192 0.0108127 9.64161 0.000856417 0.490944 4.59803 0 313.148 5.69776 2.60381 1.27336 0.414588 2.56954 1.40652 9.80723 
160.902 5.67345 96.9297 75.9091 125.514 30.7479 139.211 185.398 89.8793 1.40459 6.29786 156.591 28.9267 35.9563 56.9976 55.7279 42.0789 36.7695 15.4669 126.798 0 28.6845 22.242 46.3781 46.7946 20.2207 44.1401 0.645802 
15.5173 15.2511 0.0414851 0.101544 10.7245 18.2237 47.4664 10.7937 2.57974 54.6914 71.4979 18.0381 33.6469 10.1359 2.86815 11.9335 5.12252 24.1489 0.304569 4.75702 31.6882 0 14.1017 5.85336 20.161 4.5264 4.88168 0.506949 
38.8477 26.8028 5.9001 2.34716 49.6892 0.0102833 10.0598 101.368 25.9484 2.33792 67.7283 60.7 19.3679 0.63068 24.0365 12.3028 16.4569 43.09 0.975763 3.58241 24.5752 2.60779 0 20.6296 3.35158 2.25584 12.0405 7.09866 
56.3483 5.57087 5.75168 4.22092 26.7689 6.63518 19.335 26.4177 61.5904 50.6022 6.87108 41.5467 36.4148 0.687302 22.9174 14.0105 2.37564 9.88648 3.03717 6.27984 3.32727 4.95765 12.2731 0 41.4139 2.01139 2.07965 6.09799 
19.4025 19.4073 5.59641 26.7593 9.98502 33.8518 0.766232 43.0756 119.825 10.7732 146.042 879.305 1.67081 6.3908 0.515134 47.4444 47.0059 18.9478 27.4571 11.3645 47.9456 79.464 7.62628 13.9349 0 54.4759 183.823 40.6454 
67.2983 80.5936 2.95005 44.2105 47.3776 7.04479 98.9635 137.206 138.147 5.62964 21.8664 195.341 13.4225 0.192822 4.96687 29.7827 20.3451 56.4444 26.6162 8.77295 25.4165 2.90353 1.03462 15.2474 10.9362 0 7.84998 11.213 
3.74205 3.18787 0.263409 0.128971 0.872246 18.2958 58.6986 75.2019 78.8455 21.5793 9.37907 117.198 28.4914 6.79257 0.0302778 13.158 21.8225 39.9519 24.3678 9.97528 36.5249 12.1329 13.0617 18.7527 3.85838 34.7914 0 89.3328 
60.3303 56.1089 21.3368 31.8964 0.164676 22.9332 11.8932 0.455306 38.9288 7.51847 88.9935 171.715 23.1038 9.10851 10.4336 22.7894 18.9655 13.9556 20.5551 1.12281 30.394 10.4994 4.3069 14.015 35.2938 7.14564 36.4764 0 
