0 679.193 194.784 292.77 30.3963 245.947 267.779 307.195 318.714 48.3062 135.415 7.46681 1.05952 53.4934 12.8407 52.3766 346.497 224.925 57.0419 232.758 123.955 15.9529 4.61718 7.72265 306.136 29.078 10.3966 16.7638 
377.236 0 243.555 474.632 394.788 257.423 73.4955 292.645 552.507 80.858 22.916 34.4883 131.75 8.3422 3.34284 45.6075 395.993 341.991 147.338 6.58612 163.592 43.6172 16.7731 9.32767 296.78 68.9949 44.6688 2.02715 
184.278 118.732 0 253.34 181.943 1.67792 160.83 229.592 428.933 8.99082 117.211 2.40126 15.5194 13.9783 12.7147 9.84161 45.2057 82.4431 42.3018 22.3591 126.33 11.932 11.5092 1.68066 2.16811 17.2604 17.7344 4.10622 
501.453 477.268 283.584 0 13.5389 291.23 173.167 935.173 271.3 19.9799 107.785 215.21 21.9811 22.9445 5.45021 0.100011 280.546 9.17416 51.0026 7.98256 496.305 13.4266 7.19361 26.6061 283.576 39.3909 24.615 3.5123 
37.3359 525.644 153.532 23.0618 0 128.876 417.738 21.627 224.376 302.65 56.6452 172.365 45.7672 0.327955 20.5036 50.3436 3.45371 137.124 219.843 2.4307 96.2617 54.8554 8.98898 2.92416 57.7632 0.161711 12.7949 56.6438 
265.007 416.124 40.8217 275.175 401 0 1297.43 9.27458 704.719 93.9852 214.361 3.23256 283.276 20.6279 33.572 26.7486 295.721 109.017 88.118 19.8341 13.0034 4.3323 9.92073 12.9514 253.092 25.9116 11.8778 1.14742 
257.594 434.106 5.41583 163.193 417.691 401.609 0 31.7048 1268.04 112.655 8.68205 264.656 39.6349 96.3923 40.7768 76.2957 48.9685 67.8823 53.5352 53.9569 3.01746 43.6306 68.5186 3.81616 63.7365 26.2691 51.3843 57.2729 
259.813 16.0245 261.214 288.035 160.675 169.975 385.768 0 381.162 205.656 341.049 1029.47 24.4753 2.5981 184.991 215.194 50.4605 36.878 67.9618 42.8186 18.006 5.61179 55.1581 111.354 72.6931 108.379 66.6706 132.548 
307.966 380.239 56.1992 421.724 49.6601 703.524 2.3427 392.389 0 194.344 441.014 97.9397 153.209 115.016 114.602 151.586 335.673 219.153 152.721 65.6961 171.877 48.7176 0.00337011 47.4322 346.332 65.9986 75.5725 56.5876 
156.158 215.267 98.4547 106.829 269.958 519.496 472.045 14.9066 58.7433 0 535.922 232.747 34.4146 61.1501 51.1758 3.87638 82.4237 23.3509 41.9552 31.5156 70.669 33.1704 47.3699 54.8986 69.8065 32.3861 18.7692 13.3997 
182.894 266.181 171.162 74.4041 42.3503 15.0949 482.107 374.367 561.347 464.598 0 235.796 247.41 206.425 186.792 82.1042 39.4556 169.804 75.553 72.2034 140.778 77.2297 3.00875 65.6993 100.79 112.288 75.8607 109.803 
53.4695 101.696 67.3701 5.31152 98.1636 127.492 276.524 531.823 345.606 29.2192 19.3403 0 156.01 40.9226 257.605 495.511 75.459 0.16405 78.0268 29.6525 68.3124 34.4471 119.551 33.5971 108.681 1.03175 61.0496 42.9547 
85.1454 70.1913 15.9361 72.6911 108.698 59.7474 210.409 47.4895 0.0209587 5.79446 126.795 127.058 0 4.52244 111.534 27.5191 64.0774 91.1957 55.7668 31.3043 38.8744 70.8734 73.08 56.5659 4.15762 53.672 1.32507 41.0716 
45.4808 27.9619 0.102238 10.5959 55.087 2.12171 34.5705 41.684 139.983 76.0342 213.271 17.315 70.9962 0 30.4659 0.0586597 14.3513 10.1885 7.51673 0.902169 18.0467 1.15305 8.98804 2.72405 13.3224 0.294858 2.00746 3.34405 
68.213 0.0278847 9.12741 37.5559 24.7499 36.9971 4.43156 26.9281 225.383 73.3121 264.874 45.0247 97.9629 1.16603 0 11.7132 15.1971 0.110061 16.0358 7.48027e-05 17.1876 16.4139 23.8713 11.8091 4.06446 5.17102 1.48466 7.0445 
58.3331 84.3591 16.8622 25.8447 18.8968 3.82847 93.887 233.003 5.19007 58.2016 12.1397 268.067 83.6055 3.36948 51.7202 0 0.58001 42.2229 0.18612 0.439399 33.4408 11.8779 0.630125 23.3036 35.4454 32.2208 0.264001 0.455744 
309.818 341.953 29.7992 251.125 106.094 298.649 50.3119 36.5909 260.611 61.7071 93.306 71.9131 6.1221 0.153855 2.73483 0.0845111 0 14.1593 474.751 33.0195 56.0614 17.7442 7.23164 2.93605 244.726 23.631 7.86947 19.235 
236.141 165.532 0.105733 55.6724 166.426 42.7711 1.43504 179.517 0.131168 141.66 21.1951 6.43442 105.065 1.68178 67.8359 45.1929 26.4377 0 25.7254 15.7711 24.6202 30.9722 2.66543 5.75339 10.0993 60.7087 44.709 39.4537 
54.5562 36.2245 44.8512 44.1593 297.362 6.26678 144.719 7.06913 106.105 72.0371 58.2045 10.9717 21.322 23.9969 11.099 18.7232 32.3553 57.3723 0 1.9701 11.8179 25.425 21.7008 4.34835 5.00468 1.74578 1.61221 3.84749 
213.124 90.791 27.539 45.7231 2.99702 15.288 91.302 37.828 30.8928 23.3764 84.6466 96.4835 29.8735 3.9972 0.492245 5.04193 1.18776 0.970208 26.9403 0 0.0442149 5.07765 2.03863 0.45638 0.0121905 7.03822 7.27147 0.287919 
148.737 158.203 95.0918 148.269 15.5703 48.3103 107.118 44.3657 5.40211 44.2263 131.921 102.744 77.7891 43.7903 58.0596 29.1311 2.01857 118.912 0.694767 129.397 0 30.4058 31.2269 31.5287 55.9124 61.5925 0.00811204 29.7177 
27.2879 6.05844 9.88491 16.7316 0.288297 3.59652 33.1586 1.49035 1.54627 0.208766 44.4506 5.89158 78.4244 2.31728 6.57148 0.227489 1.37675 31.5104 25.2643 0.346197 15.0677 0 11.58 11.765 21.1789 0.185028 9.6437 10.5387 
24.1924 19.01 10.9525 6.0302 47.1338 16.0718 71.9244 96.8635 15.1576 21.3876 17.5837 121.424 89.4876 7.34963 22.4849 11.9684 0.899983 13.1823 18.6747 0.230528 3.97342 1.92786 0 19.6756 22.6617 9.80187 1.35454 8.01106 
21.2143 1.56388 9.05115 16.601 34.3886 4.07885 50.5743 3.64744 11.3698 50.4167 123.981 25.6072 67.0168 7.30051 5.27166 7.00757 20.6608 47.983 22.5989 2.80237 1.47071 12.4103 5.19871 0 39.2973 15.4983 11.5129 10.7947 
317.584 320.252 12.2039 262.678 0.740409 264.158 27.8543 27.3392 249.219 53.366 71.4033 929.777 8.83624 1.57651 20.9889 48.7085 245.453 46.2705 13.4981 12.6856 36.0111 18.1191 23.3936 41.3884 0 81.5785 51.5755 23.9644 
33.2291 44.7798 10.2177 37.1391 64.8264 0.344754 52.563 4.44325 65.8961 3.49659 112.946 349.616 53.4361 7.25822 7.66905 28.4942 3.69236 56.5579 24.7635 11.7608 62.7525 10.4062 8.78061 2.32337 36.9994 0 5.00449 19.4324 
18.1972 51.4759 1.74616 0.938375 48.6518 14.1063 35.7494 34.9607 78.3426 44.7779 3.64894 120.69 11.3645 2.63101 4.28952 5.21137 15.3872 21.9701 13.3773 0.033593 10.2435 1.75395 2.84115 11.0277 31.1177 27.672 0 38.2631 
50.9966 53.705 2.01262 9.10064 20.7384 20.318 16.9008 134.664 39.3253 10.5998 37.7075 17.1371 0.29306 0.000390527 0.116162 1.67581 20.0073 48.3035 1.9378 10.8806 0.808196 0.323991 3.29294 1.75245 15.2708 2.25603 88.5956 0 
