0 342.134 180.346 93.5186 18.2336 0.446355 266.825 302.252 91.4528 40.8173 126.116 3.38644 0.414887 53.1269 15.0452 55.8885 100.44 231.025 51.6633 267.581 142.482 15.0621 5.45981 9.12293 64.0886 32.4616 9.33851 18.5429 
60.3308 0 345.263 190.967 457.012 4.13475 28.8629 288.114 270.762 98.8113 13.9664 43.904 127.045 6.64044 5.2162 49.296 151.357 64.1053 154.523 2.9246 168.489 42.6105 15.1689 10.8312 49.7944 66.2842 45.7134 1.38885 
167.043 41.5404 0 165.953 186.656 4.10216 131.865 249.8 365.875 5.2539 94.6048 0.292167 12.9808 14.5361 10.771 11.1811 43.2013 94.9721 45.0627 23.5808 124.429 12.0673 11.2392 2.07271 1.54362 18.5925 17.4121 4.7416 
204.503 193.89 399.034 0 7.87156 42.4556 184.664 406.014 52.5683 15.4723 92.7184 195.336 24.6183 23.1073 4.13711 0.549228 38.5107 5.23571 53.0295 5.59355 1.40253 13.7423 7.86114 26.4806 40.5839 37.5522 25.1279 4.36982 
23.8452 530.706 139.609 31.6652 0 91.7756 432.619 29.4735 193.512 279.728 43.3428 175.235 54.8481 0.0630336 16.9867 53.0351 6.49626 121.765 188.859 1.18047 91.607 55.4344 7.74849 2.22015 56.1877 0.0115413 13.7915 56.3475 
14.8896 148.086 34.7947 26.201 121.86 0 1179.1 3.49634 475.205 707.526 235.883 1.09104 430.192 21.0966 35.582 27.0752 49.9774 104.192 89.664 18.9865 15.2965 4.92435 10.5218 13.5274 9.94978 25.2496 11.3528 0.846245 
264.141 484.637 17.2395 148.148 391.068 746.807 0 13.1167 1009.44 52.9617 30.9676 253.19 28.6156 96.8582 50.0275 71.2446 53.3889 82.1507 62.3172 49.3571 1.5159 45.4518 67.1186 5.13777 59.9844 30.7007 52.5699 55.082 
276.45 27.1394 271.956 301.667 171.434 154.994 401.712 0 283.049 212.608 356.699 967.658 20.0988 0.978584 184.767 234.502 53.6094 30.5208 63.6971 37.3258 12.1706 4.61701 50.5384 104.457 58.7617 130.714 62.9382 134.273 
48.8632 176.229 124.003 137.991 73.3082 475.203 168.17 294.342 0 152.955 1213.41 68.5344 163.103 123.987 116.077 152.359 88.1571 219.258 150.489 61.0074 166.521 50.5565 0.266339 43.1208 107.13 74.2833 76.5879 52.6885 
156.656 202.509 103.45 106.834 240.455 517.695 419.021 8.70441 91.5551 0 586.194 239.538 62.7869 56.4955 40.618 6.45433 83.1977 28.5471 48.368 33.6011 73.6468 35.5698 45.1104 53.3472 68.7377 28.7673 17.482 15.1156 
187.176 262.413 149.675 89.1736 55.5447 4.84703 486.823 371.459 715.128 539.786 0 176.982 240.469 211.711 253.498 61.6257 36.6186 168.267 80.7132 74.4608 137.889 77.8705 1.11284 58.5095 108.346 101.486 77.6505 110.187 
65.4314 114.08 80.926 0.628209 90.1415 134.738 281.853 300.781 317.88 41.0396 48.4126 0 153.649 51.8897 240.522 476.044 73.716 0.00356108 80.6345 26.0909 61.1118 32.0366 115.83 45.9496 95.8248 4.99608 66.6757 32.8754 
88.4089 63.2182 18.6605 72.221 98.7372 35.0746 203.472 53.2943 0.456799 21.0608 108.862 121.175 0 12.2128 106.596 32.0617 63.6735 93.5958 58.7814 30.1847 36.8212 66.3476 68.054 53.7614 3.22908 54.2342 1.66922 40.3571 
44.1484 25.2743 0.261797 11.5561 57.2484 1.52574 39.5555 48.4304 142.333 72.8022 211.806 25.4785 53.8303 0 17.3219 0.0655508 14.831 11.4475 6.8288 0.805885 16.8378 1.50916 9.55552 1.97956 13.9291 0.522815 2.26209 3.73483 
66.9184 0.400001 10.9927 38.3216 20.9714 38.5636 1.64127 17.9401 223.081 84.2531 324.615 25.0116 104.317 7.59009 0 1.64509 14.4269 0.374385 17.2861 0.00876035 15.5391 16.7391 22.6166 14.1688 2.95959 6.77553 1.84549 7.97744 
54.9153 83.7164 15.571 28.5382 16.4283 2.9306 90.3787 247.757 2.22833 63.5222 23.8955 165.869 84.1747 1.88188 70.9566 0 0.406215 44.0328 0.347714 0.586763 35.7192 11.9337 1.11571 19.9274 34.2996 32.7765 0.121704 0.182429 
69.9122 105.692 32.2625 5.55186 113.955 55.4322 45.9154 33.5813 19.3779 58.9156 92.3156 69.9931 5.09346 0.0811003 3.19353 0.172907 0 4.00704 413.758 33.3555 57.4568 17.4385 6.86146 2.64132 0.416701 23.1751 7.4987 18.8326 
236.491 244.866 1.71224 64.6981 180.032 36.2819 0.0397062 177.466 1.36479 143.811 26.2113 8.93741 105.67 2.27163 67.1631 43.4176 46.4284 0 19.7892 12.8537 28.3162 31.7653 3.21558 4.97243 11.3975 60.1562 44.5614 40.4936 
49.1983 27.7581 42.0806 46.5724 286.489 3.52937 139.3 5.15699 98.8998 78.5309 63.4737 9.05811 24.1512 23.4589 9.97423 19.5744 59.9302 65.5257 0 2.56699 13.4022 25.4342 21.4214 3.92141 5.58297 2.14306 1.84888 4.26752 
223.593 100.506 27.6421 43.9905 1.58723 14.2556 89.3636 43.3378 35.3107 25.4685 85.4451 95.9302 28.7185 3.90106 0.361448 4.71224 1.61373 0.318584 28.0111 0 13.3691 4.97687 2.13582 0.371616 0.0491125 7.42313 7.49645 0.387415 
166.525 163.882 87.5105 169.127 19.0345 51.1477 112.331 53.9564 2.76589 47.5567 128.024 109.883 77.5758 44.1586 57.8558 26.856 2.69298 117.029 1.1609 192.261 0 30.0796 32.0343 32.8125 56.8826 62.1693 0.00367265 28.351 
26.4236 5.21627 9.62042 16.6592 0.567861 3.07401 31.1569 0.987764 1.0068 0.0217686 41.8896 4.66168 74.6152 1.88775 5.8879 0.121464 1.58301 30.7114 25.1565 0.292623 14.4654 0 12.4829 11.1904 21.0572 0.117988 9.90272 10.5426 
25.5534 17.3451 10.6324 6.67289 45.8055 16.2343 72.2827 98.7199 18.5938 18.8857 23.2683 123.995 90.7424 8.51892 20.8611 11.5231 0.744534 14.2077 18.2262 0.187882 3.40165 1.25331 0 17.2833 22.1346 9.58361 1.08336 8.26287 
19.3193 2.26652 8.45099 15.4665 32.7283 4.63777 53.0301 6.77021 14.2598 52.2309 120.798 36.8542 68.296 6.45757 3.55535 4.01718 20.7636 47.7232 22.8491 2.9736 1.03638 11.9007 2.28108 0 36.3376 15.9218 10.689 10.3142 
72.445 77.0337 10.9596 20.7008 0.357576 20.9815 24.2483 38.3612 2.88107 50.6365 79.7791 237.85 10.2444 1.14347 19.3045 56.3086 1.03971 44.8338 14.2616 12.4478 34.1158 59.3193 23.7612 47.8888 0 119.059 173.392 123.51 
36.6772 48.2135 11.5847 39.0255 63.3831 0.667153 47.6601 0.425863 74.1805 5.20058 123.174 384.014 54.0448 7.90919 9.49026 30.3222 3.26013 55.4564 25.3933 11.8725 62.9609 10.2932 8.45299 2.98185 35.9616 0 6.80009 12.7273 
16.9234 50.8031 1.442 1.27544 48.4018 14.5882 37.4137 38.7191 77.6415 44.1094 4.89113 120.767 10.5571 2.91089 4.83783 5.867 15.0221 21.034 12.9178 0.0651489 9.41037 1.96789 2.46486 11.8467 25.9374 25.3929 0 25.8419 
49.5016 52.1621 1.57939 10.307 19.2569 19.829 19.1197 135.379 35.5301 12.1835 42.3244 25.0842 0.522091 0.010822 0.298795 1.10789 19.6278 48.8621 2.25224 10.7395 1.18807 0.249346 3.00062 1.41483 13.8119 5.96831 92.3981 0 
