0 582.425 152.18 562.123 5.55697 387.875 259.222 287.713 505.443 30.3989 111.64 0.240572 0.00419995 52.3637 18.5831 60.8944 484.256 236.042 43.7167 262.184 169.245 13.7464 6.83653 11.3962 454.231 37.6331 7.83598 21.302 
390.363 0 452.489 515.292 517.822 387.694 0.142518 275.727 597.075 126.59 4.54889 59.553 119.125 4.42118 8.74572 54.7198 536.182 163.925 163.221 0.168234 174.173 41.0153 12.8627 13.2478 432.736 61.9092 47.1907 0.653721 
135.921 0.578726 0 39.5219 188.213 9.52889 88.1972 270.08 241.653 1.47298 62.6773 0.95425 9.51892 15.2682 8.03315 13.2132 39.9712 113.078 48.936 25.1532 119.587 12.2431 10.7855 2.72429 0.797232 20.4931 16.8818 5.75487 
508.253 518.249 193.053 0 2.16088 422.513 197.054 1214.78 489.575 9.64495 70.5985 161.42 28.7031 23.2032 2.47567 1.88229 428.862 1.3481 55.7639 2.73157 632.909 14.193 8.87866 26.1059 429.24 34.3965 25.8139 5.80078 
8.92365 495.461 116.18 46.386 0 14.346 431.267 43.0953 146.6 236.293 26.2012 178.257 69.2568 0.0537801 12.2159 56.892 12.7333 98.6791 139.386 0.139213 84.3432 56.1349 6.03606 1.33997 53.654 0.112072 15.3277 55.7486 
394.948 497.382 25.7267 406.59 262.539 0 681.027 0.00735138 827.917 937.804 259.978 0.00843748 277.117 21.6139 38.1438 27.3131 434.597 95.9774 90.4618 17.6202 18.9894 5.85913 11.398 14.3459 398.807 24.0943 10.5591 0.477864 
267.855 524.072 45.8756 123.065 332.749 931.177 0 0.296288 400.609 3.78893 87.0135 231.922 15.077 96.5397 64.6175 63.2681 60.0296 104.595 75.865 42.4361 0.219489 48.0752 64.6552 7.45335 54.1657 37.6811 54.2149 51.63 
295.354 48.5144 276.241 434.846 186.155 130.299 410.249 0 146.427 220.069 371.137 706.77 14.2351 0.00250738 180.592 253.817 58.3011 21.9176 57.2522 29.4928 5.46617 3.29552 43.6289 93.2023 39.6075 163.039 57.2036 135.426 
416.799 625.371 250.961 469.561 114.616 829.655 742.406 155.983 0 94.9562 1225.39 32.8239 176.423 135.996 9.98804 151.156 470.109 216.981 145.832 53.8707 157.199 53.2149 1.44201 36.7615 501.018 86.5998 77.8488 46.8136 
155.754 179.881 109.306 105.555 190.483 368.04 309.807 2.44594 149.075 0 600.906 245.579 116.195 49.1409 26.229 11.4207 83.9401 37.0512 58.2542 36.6689 77.9064 39.105 41.5137 50.7198 66.6842 23.5148 15.5892 17.8085 
191.844 252.536 115.751 111.748 77.6249 0.131369 467.453 357.446 928.88 600.619 0 97.9711 225.852 212.65 341.478 34.8111 32.4436 164.846 88.2408 77.5338 132.841 78.5237 0.000852318 47.8935 118.777 84.7142 80.0457 109.98 
84.6233 132.553 101.702 2.20357 78.1256 144.077 284.605 51.1029 269.502 61.6088 112.607 0 149.02 69.5342 205.772 375.797 70.9306 0.572131 84.3125 21.0318 50.6624 28.4712 109.024 66.7028 211.528 48.6367 74.9968 19.8234 
92.9526 52.9635 22.9994 71.1145 83.6082 2.24477 189.719 62.2557 3.61681 59.661 82.7561 111.751 0 29.8002 97.2878 39.0975 62.8801 96.8481 63.1306 28.4535 33.7543 59.0342 59.8134 49.2331 2.0454 54.8331 2.25594 39.1873 
42.0111 21.3661 0.635615 12.9948 60.2423 0.805756 47.2019 58.8662 143.744 67.1295 202.685 40.002 30.6315 0 3.14308 0.990441 15.5354 13.4333 5.83967 0.669763 15.0579 2.11591 9.5073 1.0463 14.7415 0.979102 2.66482 4.34194 
64.6274 1.76276 13.9452 39.1051 15.7444 40.372 0.00120152 7.63073 213.293 99.6684 388.268 5.42961 111.96 24.9541 0 4.08253 13.2752 1.06219 19.176 0.0608985 13.1693 17.1273 20.1124 17.682 1.6052 9.45502 2.45152 9.42547 
49.561 82.1579 13.5691 32.3418 12.9677 1.7874 84.2976 259.123 0.0924529 70.9803 47.6775 44.0598 84.0254 0.416065 88.298 0 0.202778 46.6443 0.682476 0.844565 39.0914 11.9548 2.06715 14.2608 32.0307 32.5823 0.0101124 0.00283082 
463.344 504.103 35.8855 390.987 124.83 443.764 39.4397 29.1928 411.409 54.5624 90.5253 66.9639 3.71496 0.0152091 3.93945 0.363602 0 0.456054 231.389 33.737 59.4209 16.9614 6.31454 2.22459 387.525 22.4515 6.95113 18.2097 
232.721 291.336 7.65719 78.4355 198.367 27.1809 1.68743 173.075 5.61717 145.891 34.5263 13.4012 106.129 3.31329 65.8756 40.6609 84.1672 0 12.1697 8.95609 34.1875 32.9181 4.12903 3.89695 13.4543 59.1224 44.268 41.9861 
41.3221 16.8497 37.728 49.9751 258.033 0.858323 129.682 2.83413 87.729 87.8815 71.3801 6.50268 28.5859 22.5933 8.3633 20.8238 103.501 77.9444 0 3.5968 15.9198 25.3983 20.9591 3.31487 6.49554 2.80869 2.23151 4.93012 
226.092 113.838 27.4356 40.6429 0.299784 12.6798 85.7149 51.8655 42.1967 28.6314 86.2234 94.5122 26.9433 3.74919 0.202181 4.21933 2.36736 0.00466106 29.5319 0 72.9316 4.82079 2.2812 0.259944 0.150558 7.98895 7.82676 0.563116 
191.14 170.83 75.3932 149.605 24.7575 55.2594 119.593 69.4114 0.441502 52.5653 121.577 120.204 77.0549 44.5874 57.3362 23.4929 3.87745 113.659 2.07828 276.846 0 29.5557 33.1901 34.6834 58.1363 62.758 0.0820969 26.2872 
25.1036 4.05953 9.20828 16.5158 1.16056 2.35526 28.1593 0.425157 0.411835 0.100353 38.0314 3.07253 68.1606 1.31143 4.89976 0.0240224 1.91697 29.4805 24.9461 0.220354 13.5673 0 13.6392 10.2459 20.7474 0.0454029 10.2764 10.5295 
27.5808 14.932 10.1095 7.66431 43.6881 16.3926 72.3921 100.769 24.2394 15.3031 32.9125 126.408 91.1518 9.5478 17.9191 10.6245 0.538047 15.7833 17.5246 0.131763 2.62046 0.497624 0 12.0852 20.9813 9.19922 0.729312 8.61708 
16.5644 3.55229 7.54499 13.7369 30.2094 5.51822 56.5224 13.1179 19.0896 54.6593 114.729 56.401 69.6234 5.13186 1.55188 0.957518 20.8847 47.2171 23.1787 3.23139 0.524881 11.0392 0.0714055 0 30.6911 16.3902 9.44012 9.56198 
457.86 465.334 9.14404 411.27 0.0412765 409.66 19.1561 57.3371 388.064 46.3444 92.1415 1007.38 12.5037 0.617029 16.7 33.0964 387.99 42.5903 15.4117 12.0541 31.2463 62.1686 24.0835 48.519 0 49.0735 39.5608 22.6556 
41.8854 53.2738 13.6728 41.4016 60.9623 1.34131 40.3585 2.3634 86.4994 8.32906 137.083 398.686 54.7153 8.85672 12.4057 32.1766 2.65603 53.6328 26.2841 11.9936 62.9906 10.0978 7.91963 4.08438 33.9767 0 9.87368 4.89045 
15.0586 49.6812 1.03662 1.87203 47.9337 15.2875 39.8662 44.4797 76.3222 42.99 7.06999 119.899 9.38229 3.34746 5.70069 6.88819 14.4659 19.6351 12.2268 0.131728 8.21017 2.30733 1.94051 13.0421 18.5085 21.7824 0 10.5489 
47.1137 49.7079 1.02187 12.189 17.0874 19.0308 22.6077 134.999 30.0103 14.7047 49.4203 39.245 0.986709 0.0837557 0.728149 0.468437 19.0368 49.5953 2.76368 10.5034 1.89046 0.155339 2.57759 0.970031 12.0662 14.3065 91.265 0 
