0 556.346 135.989 644.303 1.92296 429.353 252.755 277.462 559.533 25.6283 104.256 0.0348005 0.0506306 51.888 20.4432 63.2532 522.694 236.629 39.8397 241.713 181.783 13.0994 7.57289 12.6042 495.946 40.2383 7.12536 22.7154 
429.77 0 472.405 525.361 530.261 430.872 4.58766 267.176 606.479 140.462 1.74687 67.9466 114.818 3.46975 10.8152 57.3574 574.621 427.226 166.548 0.0588875 176.227 40.1822 11.7602 14.5222 470.968 59.6009 47.8867 0.387933 
118.898 19.2085 0 13.5339 186.475 12.9395 67.7448 275.111 176.463 0.44752 48.3033 3.00069 7.96005 15.5832 6.76833 14.2248 38.2712 121.558 50.7291 25.809 116.322 12.3185 10.5382 3.0763 0.513365 21.3876 16.5965 6.28543 
510.33 528.153 133.911 0 0.632111 459.29 200.828 574.159 558.362 7.19795 60.0495 143.343 30.7884 23.184 1.79431 2.83208 470.767 0.351682 56.9809 1.66133 451.243 14.4075 9.3917 25.8363 470.183 32.667 26.1177 6.57573 
4.08729 460.326 103.77 54.3858 0 7.54558 419.944 50.6384 123.758 211.665 19.073 179.177 76.7035 0.223913 10.0831 58.7248 16.5568 87.3571 114.766 0.000238009 80.6115 56.4081 5.25056 0.980943 52.3168 0.308694 16.1124 55.3808 
432.618 518.912 21.3643 443.812 257.967 0 1053.67 0.653594 828.11 985.425 267.7 0.43606 198.666 21.7858 39.195 27.3171 473.584 91.4926 90.1664 16.9006 20.9366 6.34489 11.8215 14.7321 440.045 23.4491 10.1609 0.332138 
266.904 525.269 64.1467 109.859 297.372 773.552 0 1.00728 148.099 0.610613 123.259 219.715 9.81472 95.9244 72.0613 59.1559 63.3281 116.053 82.6972 39.0059 0.00744139 49.3317 63.2695 8.75291 51.1973 41.2798 54.9743 49.8397 
301.779 61.0433 272.923 500.566 192.768 117.348 407.361 0 90.2233 222.392 374.034 533.19 11.6434 0.176405 176.83 258.553 60.6212 18.0786 54.0295 25.8058 3.08478 2.71404 40.2176 87.2635 31.0866 177.953 54.2958 135.349 
449.168 695.922 315.297 485.74 137.116 830.56 1034.84 98.1745 0 69.4424 1737.41 19.4669 182.291 141.184 29.3002 149.501 507.761 214.763 142.942 50.2901 152.012 54.4935 2.37572 33.6592 544.341 92.6068 78.3584 43.8864 
154.566 167.319 111.431 104.345 164.267 259.03 248.665 0.747974 179.957 0 579.723 246.663 145.861 45.361 19.9299 14.3534 84.1206 41.578 63.2475 38.1651 79.9311 40.8303 39.6388 49.2822 65.464 20.9977 14.6636 19.2008 
193.359 245.8 98.7626 122.923 89.4698 2.70635 446.51 346.331 931.084 603.281 0 65.2205 216.827 209.945 374.193 23.7748 30.4016 162.648 91.8783 78.9195 130.014 78.7099 0.234479 42.7417 123.503 76.2612 81.1065 109.525 
94.6151 141.605 112.014 6.83636 72.183 147.976 283.585 2.72792 243.214 72.9351 151.893 0 146.238 78.6613 185.31 303.976 69.4663 1.21875 86.0373 18.6502 45.6451 26.7199 105.121 77.7507 258.321 84.7301 79.0603 14.3834 
95.0509 47.9836 25.262 70.3847 76.0771 1.10018 181.497 66.8137 6.30024 84.6535 70.3793 106.815 0 40.7862 91.9017 42.6604 62.4007 98.3088 65.2123 27.568 32.2319 55.2024 55.464 46.8502 1.55093 55.0208 2.58029 38.5605 
40.8857 19.4819 0.881066 13.7075 61.6167 0.528384 51.0489 64.1478 143.484 63.9723 195.199 48.0994 20.896 0 0.2395 1.83694 15.8799 14.4658 5.36634 0.605672 14.1863 2.44827 9.0786 0.679112 15.0993 1.25591 2.87473 4.65303 
63.3332 2.79893 15.465 39.3273 13.3568 41.0144 0.347563 4.04653 205.727 106.666 404.131 0.933175 114.829 35.126 0 12.991 12.7029 1.53531 20.1223 0.104459 12.0365 17.275 18.632 19.3658 1.07481 10.8894 2.7821 10.1649 
46.8094 81.1183 12.5534 34.098 11.3593 1.31448 80.931 259.613 0.0852828 74.4051 61.8012 10.4463 83.5001 0.0747086 89.4118 0 0.127124 47.8971 0.890744 0.989282 40.7461 11.9372 2.62965 11.3943 30.6803 32.0257 0.000564643 0.0179616 
506.724 549.694 37.6471 430.628 129.772 484.554 36.2809 27.0658 454.364 52.3255 89.497 65.3879 3.10238 0.0018086 4.33724 0.48482 0 4.04713 439.732 33.8717 60.3412 16.715 6.04539 2.0281 427.895 22.0727 6.68162 17.8901 
228.945 297.781 12.1368 85.2615 206.406 22.9853 4.17952 170.309 8.79442 146.404 39.0031 15.9369 106.156 3.90258 65.1102 39.2471 105.515 0 8.99473 7.24208 37.2516 33.4766 4.62408 3.40415 14.528 58.5156 44.0891 42.6997 
37.4976 12.3091 35.4888 51.5632 239.167 0.199077 124.28 1.92578 82.0457 92.3146 75.3024 5.373 30.8739 22.1359 7.59632 21.4337 122.587 84.1467 0 4.16938 17.2369 25.358 20.7093 3.02768 6.97081 3.17171 2.43491 5.27526 
221.287 119.771 27.1715 38.6734 0.0361122 11.8869 83.5778 56.1974 45.7227 30.2133 86.4213 93.5443 26.0401 3.67006 0.139509 3.975 2.79396 0.147995 30.2496 0 115.461 4.74069 2.35352 0.211275 0.221792 8.2652 7.98829 0.662591 
202.165 173.55 69.1289 139.965 27.8349 57.2355 122.942 77.509 0.026717 55.0618 118.107 125.14 76.7048 44.7452 56.9812 21.8444 4.54531 111.739 2.63325 307.286 0 29.2785 33.7413 35.5903 58.6694 62.9262 0.159498 25.2527 
24.4347 3.531 8.99592 16.4287 1.53373 2.0272 26.6702 0.231052 0.211985 0.301005 36.105 2.39696 64.6541 1.05739 4.42646 0.00336452 2.09471 28.8519 24.8193 0.187927 13.1213 0 14.1133 9.74283 20.534 0.0218238 10.4561 10.5145 
28.584 13.7691 9.83064 8.16933 42.5781 16.4327 72.2537 101.451 27.2552 13.6054 38.1554 126.945 90.6886 9.66997 16.281 10.0842 0.447003 16.5856 17.1618 0.10731 2.26547 0.244942 0 9.18942 20.2543 8.98299 0.577064 8.78277 
15.2343 4.29619 7.09268 12.8676 28.9426 5.97456 58.1701 16.9857 21.7056 55.7313 111.158 67.0693 70.0131 4.46511 0.842235 0.20141 20.9304 46.9125 23.3226 3.36027 0.333144 10.5704 0.135551 0 27.483 16.5459 8.81556 9.17423 
497.188 506.098 8.26803 453.333 3.02141e-05 450.753 16.7761 67.659 427.988 44.1285 98.133 300.441 13.6933 0.412167 15.3824 15.2016 428.28 41.433 15.9872 11.8416 29.8066 31.4533 24.1453 45.5922 0 33.6562 147.481 29.1223 
44.4813 55.7424 14.7207 42.3647 59.644 1.761 36.7747 6.88155 92.5086 10.1334 143.236 388.339 54.9392 9.31153 13.9154 32.6656 2.37476 52.648 26.7037 12.033 62.878 9.98881 7.63633 4.67949 32.8139 0 11.5497 2.25849 
14.15 49.0713 0.857628 2.20988 47.6585 15.6253 41.0679 47.3942 75.5452 42.3799 8.29558 119.027 8.8127 3.57241 6.14803 7.41214 14.1844 18.9393 11.8811 0.173604 7.63387 2.48495 1.69796 13.6196 15.0907 19.9281 0 5.15407 
45.8603 48.4236 0.786419 13.1552 16.0303 18.6046 24.4129 134.157 27.3488 16.0235 53.0124 47.1673 1.27266 0.145782 1.01088 0.248639 18.7321 49.9137 3.03672 10.3747 2.3001 0.116524 2.37401 0.776894 11.3967 19.4258 87.6602 0 
