0 30.2695 92.4883 319.62 1.15974 21.4161 229.291 243.997 180.336 15.1324 85.5391 3.57402 0.912481 50.4183 25.3557 68.685 103.58 232.377 30.4909 211.49 209.597 11.5045 9.56199 15.8377 85.3411 46.7786 5.46104 26.3553 
94.858 0 408.075 48.6123 504.121 37.4196 69.1803 239.46 119.015 173.924 0.540961 90.3422 103.099 1.56399 16.8547 63.7002 154.07 503.661 171.677 3.54414 178.974 37.9846 9.14758 17.9097 52.0153 53.4902 49.5089 0.0233935 
75.3844 162.71 0 99.7963 174.914 23.0853 25.3668 271.68 42.8451 0.50454 19.061 13.0317 4.58984 16.2141 3.96787 16.7093 33.791 140.344 54.7491 27.036 105.846 12.4707 9.85948 4.03273 0.0719389 23.4375 15.8214 7.68276 
28.3475 50.5075 56.5533 0 0.835368 36.9133 202.674 1023.59 219.41 2.54735 35.9934 97.3544 36.121 22.9372 0.54942 5.99329 60.8888 0.711703 59.5662 0.127199 237.944 14.9145 10.6872 24.922 57.5537 27.9666 26.7631 8.68491 
0.192871 334.218 72.1999 75.7357 0 134.158 363.075 71.4173 71.1761 145.921 5.89926 179.711 95.7751 1.16637 5.53215 63.017 28.0689 60.3303 58.4437 0.785557 71.001 56.8651 3.49182 0.320985 48.7586 1.23408 18.1351 54.2549 
15.014 62.0779 11.527 23.3434 486.871 0 94.8561 9.26809 269.497 619.956 272.933 4.35351 556.177 21.9554 41.0912 26.9868 56.2748 79.3168 87.3928 15.0019 26.0963 7.61446 12.8363 15.629 28.742 21.6429 9.15702 0.0811231 
256.314 473.569 117.264 76.4194 199.248 100.36 0 23.6586 93.6298 56.6367 229.293 185.371 1.45587 93.0537 90.6236 48.6281 71.4894 144.772 99.6949 30.5887 0.770907 52.3159 59.356 12.4178 43.6344 50.5229 56.6927 45.1719 
308.291 96.8805 249.17 449.694 206.869 84.4452 379.526 0 6.17063 223.925 368.208 132.001 6.19056 2.56429 162.772 254.971 66.358 9.9024 45.9764 17.3457 0.0770887 1.4899 31.8656 71.7444 13.6034 209.428 46.9189 133.225 
20.9106 350.528 440.821 28.081 196.149 272.873 1280.76 8.5496 0 20.7105 1062.26 1.02351 194.405 151.321 79.6885 142.337 87.1017 206.088 134.113 41.3503 137.592 57.5515 5.72111 26.1661 136.912 106.947 79.2775 36.6133 
149.451 133.285 114.236 99.679 99.7968 49.1718 103.789 0.818183 257.613 0 453.717 243.579 221.415 35.771 7.4766 22.8822 84.0061 53.6365 75.7314 41.7909 84.6878 45.0092 34.7466 45.3334 61.8525 15.0757 12.402 22.8197 
194.687 224.029 58.5837 149.677 120.831 23.2391 366.105 307.574 764.596 527.64 0 10.4804 189.808 194.193 407.937 4.79494 25.4178 155.732 100.572 81.9365 122.059 78.7602 3.14546 30.497 133.694 55.4402 83.3569 107.349 
120.35 163.391 136.785 29.1219 57.5994 155.274 274.021 145.623 174.593 103.619 262.567 0 137.934 101.695 129.119 115.306 65.5792 3.90718 90.0198 13.1499 33.7751 22.4258 94.0198 106.299 228.532 200.372 88.8656 4.34892 
99.7805 36.0568 31.1689 68.0398 57.6117 42.0231 157.492 78.4026 16.1771 157.706 42.2806 93.874 0 72.4487 76.6897 51.5787 60.9522 101.475 70.1382 25.2878 28.4416 45.2555 44.1573 40.5878 0.601743 55.1592 3.48759 36.8623 
37.8996 14.9864 1.66377 15.4639 64.6851 0.08531 60.6308 77.3634 139.988 55.2664 168.886 70.2022 4.04684 0 7.45081 4.90635 16.7229 17.1728 4.24168 0.456479 12.053 3.35773 7.00975 0.0955191 15.8438 2.08547 3.42664 5.45315 
59.662 6.42191 19.329 39.3761 8.09574 41.814 4.63932 0.0088562 179.816 121.346 389.833 6.17544 118.962 56.4917 0 49.1191 11.2758 3.10231 22.4966 0.265515 9.35236 17.5057 14.4528 23.1821 0.201104 14.6749 3.69157 12.0522 
39.7547 77.7603 10.0015 37.963 7.70508 0.434724 71.648 245.45 3.20529 81.9119 101.625 30.5071 80.8711 0.44553 69.428 0 0.0142638 50.8787 1.53441 1.3983 44.7893 11.8095 4.24466 4.96086 26.7752 29.3504 0.113722 0.365996 
100.319 147.851 41.8807 15.6741 140.485 71.5795 28.6383 21.9363 47.7427 46.5566 86.5251 61.2508 1.79263 0.0260455 5.40998 0.866078 0 28.1962 287.62 34.043 62.4692 16.0713 5.38081 1.56882 14.445 21.0706 6.01559 17.0619 
214.16 390.547 27.4076 101.869 222.729 13.6909 15.2079 161.744 19.7504 146.116 51.099 23.1703 105.622 5.58333 62.8338 35.6008 162.371 0 3.03829 3.67534 45.2901 34.8286 5.98155 2.29953 17.356 56.7281 43.5441 44.3965 
28.3308 3.88553 29.752 55.1819 182.084 0.590171 109.223 0.405848 67.6636 102.55 84.9894 2.98157 36.7991 20.9151 5.78996 22.92 157.177 99.4323 0 5.77316 20.714 25.1904 20.026 2.35348 8.22111 4.1727 2.98282 6.18443 
192.829 132.001 26.046 33.0135 0.507342 9.89829 77.3521 67.1376 54.7373 34.1662 86.3494 90.3637 23.7275 3.4619 0.03262 3.36978 4.01026 1.39359 31.9192 0 232.516 4.53294 2.53418 0.110323 0.461174 8.93735 8.38389 0.946886 
225.027 178.043 53.2159 184.301 36.1554 61.9328 130.447 98.6033 1.21094 61.2874 108.717 136.758 75.5601 44.9739 55.81 17.8229 6.44621 106.244 4.31086 330.107 0 28.5358 35.0471 37.7814 59.727 62.9734 0.467309 22.648 
22.7265 2.35144 8.44371 16.1638 2.69746 1.29931 22.9679 0.0022464 4.16841e-06 1.27952 31.2886 1.05686 55.1989 0.528905 3.30781 0.0348913 2.57403 27.2317 24.4365 0.117292 12.0077 0 14.9558 8.40704 19.8198 0.000302564 10.8864 10.4518 
31.0689 10.9846 9.08176 9.45996 39.6444 16.4172 71.3366 102.138 35.3239 9.65722 52.2957 126.29 87.5813 8.77569 11.9095 8.51043 0.254082 18.6442 16.2143 0.0565435 1.47901 0.00172109 0 2.78868 18.0363 8.37307 0.269714 9.16417 
12.0467 6.45792 5.96559 10.6906 25.7446 7.16299 61.9924 28.5458 28.8124 57.9809 100.759 95.363 70.1687 2.8607 0.00586695 0.802482 21.0009 45.9944 23.6224 3.6837 0.041784 9.29811 3.65878 0 18.9339 16.6982 7.26059 8.17121 
80.5595 93.0278 6.18351 43.9618 0.243085 38.9166 11.3445 95.0781 14.9597 38.4038 112.33 991.497 16.8488 0.0765002 12.0879 4.47521 14.627 38.4243 17.4346 11.2619 26.1853 12.2186 24.0287 36.7722 0 123.43 43.8009 88.6939 
50.918 61.7116 17.3272 44.0671 56.0272 3.05005 28.0884 28.0024 106.858 15.3201 155.876 315.479 55.17 10.3819 17.759 32.5314 1.7293 49.9635 27.6806 12.0686 62.2188 9.68174 6.88127 6.27939 29.4731 0 16.0603 0.107371 
11.9384 47.3942 0.478756 3.17364 46.8444 16.4386 44.0107 54.7703 73.2499 40.6993 11.7671 115.561 7.43363 4.15641 7.31537 8.76003 13.4653 17.2004 11.0103 0.304366 6.25519 2.95473 1.14948 14.9968 7.82314 15.2492 0 0.0811173 
42.5451 45.0352 0.326069 15.6402 13.4589 17.4568 29.1098 130.147 21 19.4956 62.0831 68.9453 2.1495 0.376574 1.91652 0.00072808 17.9379 50.5709 3.77471 10.0198 3.50155 0.0431796 1.88738 0.381094 10.2895 33.763 70.9488 0 
