0 336.694 68.3762 671.778 6.07234 348.255 212.093 221.147 520.906 10.2931 75.0945 8.09807 1.86791 49.4222 28.2438 71.3808 422.013 226.423 25.5587 218.806 222.242 10.6294 10.7639 17.7697 408.682 50.4069 4.6058 28.4464 
502.786 0 313.452 347.932 455.476 378.042 133.629 220.499 404.986 191.066 3.59809 103.5 96.0353 0.811616 20.7351 67.0407 470.827 598.462 172.423 7.82271 178.952 36.6868 7.78718 19.9203 370.961 49.8939 50.3373 0.0128502 
52.5848 274.787 0 200.891 164.209 29.4511 9.65144 259.715 5.37835 2.2119 8.04162 21.5659 3.06693 16.4614 2.67304 18.0415 31.1716 148.857 56.6635 27.4414 98.692 12.5324 9.44439 4.61137 0.000179679 24.4442 15.3503 8.50327 
336.775 349.085 50.9963 0 3.51979 354.239 198.801 77.9566 581.005 0.944579 24.549 72.7825 39.1504 22.6735 0.159317 8.21159 384.792 2.73184 60.7013 0.0306434 647.324 15.1785 11.4144 24.2631 379.71 25.1628 27.0487 9.96195 
3.35361 250.653 55.2097 88.115 0 213.183 316.484 84.0189 46.317 109.463 1.72533 178.876 106.494 2.01956 3.52503 65.208 35.613 46.4944 33.0773 1.94283 65.4995 56.9745 2.64517 0.106096 46.6435 2.02546 19.3023 53.4957 
336.52 364.324 7.0396 342.205 559.169 0 282.81 18.3301 501.225 712.388 266.649 8.31157 50.6088 21.8819 41.6529 26.5873 375.983 72.0413 84.5898 13.8897 29.141 8.35453 13.3705 16.0825 352.012 20.5225 8.59227 0.0142283 
245.407 414.43 148.697 58.4843 144.087 16.4969 0 48.6943 439.582 122.598 292.094 164.404 0.0109947 90.6264 100.615 42.7009 75.9504 160.394 108.925 26.0593 2.02121 53.8739 56.9025 14.7146 39.368 55.7635 57.5339 42.4585 
305.658 119.045 227.163 430.613 213.031 66.5865 351.975 0 2.59044 222.023 356.763 14.4625 3.83313 5.1209 152.25 243.307 69.5064 6.30319 41.5145 13.1783 0.315451 0.955352 27.3723 62.8544 6.675 222.155 42.7647 130.824 
338.333 703.119 471.13 338.418 229.079 504.457 1018.58 1.36373 0 5.36262 1270.35 0.869772 199.388 154.944 9.18615 136.511 404.934 199.334 128.229 36.4258 128.728 59.1644 8.21353 22.196 461.445 114.343 79.5612 32.6158 
145.271 113.377 114.15 96.0766 67.3377 31.338 43.2024 3.61783 297.662 0 351.527 238.205 259.959 30.4558 2.966 28.2906 83.5804 60.7557 82.572 43.7268 87.1336 47.2363 31.9147 42.9236 59.4982 12.0547 11.1765 24.9168 
193.841 209.082 39.0341 163.295 138.964 42.8224 308.064 279.988 685.992 441.937 0 0.171283 172.388 180.208 392.624 0.398102 22.7233 151.001 105.125 83.3229 117.087 78.5222 6.22241 24.2035 138.222 44.3769 84.3495 105.484 
134.864 174.773 149.453 47.6173 49.7274 157.685 264.377 360.268 136.635 121.715 326.32 0 132.488 114.216 97.2754 37.5731 63.2698 6.08337 92.022 10.3982 27.6544 20.0928 87.0893 122.105 279.536 268.659 94.0414 1.21232 
102.071 29.8221 34.59 66.4081 47.7483 64.4674 142.326 84.9345 23.6016 200.851 28.948 86.3474 0 91.2052 67.4023 56.4617 59.9858 102.921 72.6895 23.976 26.3402 39.5921 37.752 36.9472 0.258456 55.0241 4.05548 35.8327 
36.1304 12.6349 2.20313 16.4187 66.149 0.00198788 65.8623 84.6012 136.27 50.0026 150.264 83.2739 0.265329 0 19.1682 7.07011 17.1816 18.7596 3.65328 0.380433 10.8944 3.90785 5.43501 0.000170728 16.1577 2.62924 3.75119 5.91132 
57.3503 9.0782 21.4763 39.0784 5.64996 41.7322 9.14775 0.989191 161.677 127.344 349.213 19.3596 119.238 61.7089 0 70.0355 10.4828 4.21853 23.8208 0.388526 7.9551 17.5446 11.955 24.9557 0.0127212 16.8547 4.24998 13.1194 
35.7544 75.4208 8.59586 39.7236 5.91656 0.144916 66.0061 228.407 6.90664 85.3227 125.27 103.704 78.5915 1.41412 48.391 0 0.0002228 52.4392 1.97142 1.65562 46.9712 11.6852 5.24285 2.28433 24.3407 27.125 0.264174 0.755558 
426.003 475.373 44.1076 337.144 145.291 393.572 24.5725 19.2051 373.861 43.2456 84.6149 58.821 1.20555 0.0765623 6.05798 1.12876 0 50.2903 299.802 34.0322 63.5435 15.6941 5.01509 1.33295 336.541 20.4763 5.64844 16.5805 
202.76 461.732 38.1864 110.603 229.162 9.37217 24.2587 155.963 27.6795 144.952 58.3609 27.7509 104.94 6.65153 61.3374 33.5026 193.822 0 1.04612 2.16813 49.9898 35.5548 6.81505 1.76562 19.0225 55.5608 43.1771 45.2865 
23.5312 1.18171 26.5082 56.9553 146.671 2.10637 100.007 0.0443395 59.6423 107.615 90.2708 1.92971 40.2141 20.1861 4.85752 23.7224 170.289 107.658 0 6.774 22.7672 25.0541 19.6074 2.00553 8.9579 4.79018 3.31403 6.72138 
168.349 136.914 25.134 29.493 1.49037 8.79632 73.3614 73.2242 59.8382 36.3556 85.9464 88.1171 22.4055 3.3393 0.00505954 3.03741 4.78233 2.64883 32.7663 0 287.521 4.41213 2.63484 0.0673761 0.633606 9.29893 8.59934 1.12812 
234.271 179.031 44.4335 223.575 41.1641 64.3789 134.039 110.702 3.28467 64.7343 103.059 142.709 74.7497 44.995 54.9772 15.6564 7.65299 102.752 5.43045 305.858 0 28.0889 35.7289 38.9521 60.1387 62.7605 0.712272 21.1855 
21.7505 1.78507 8.12231 15.986 3.49304 0.954375 20.9235 0.0392045 0.066334 2.12658 28.6126 0.535587 49.598 0.306694 2.73051 0.10564 2.8641 26.2963 24.1808 0.0845332 11.3865 0 15.1902 7.62417 19.3051 0.0122932 11.1143 10.4007 
32.4372 9.51532 8.63342 10.194 37.9113 16.3344 70.4632 101.862 40.1125 7.66759 60.669 124.652 84.6499 7.60735 9.43979 7.52524 0.168593 19.8257 15.6602 0.034872 1.10531 0.119311 0 0.635131 16.5806 7.99155 0.146102 9.35519 
10.3654 7.85228 5.34372 9.4861 23.9457 7.85252 63.9198 36.0577 33.1004 58.9486 94.1283 111.478 69.73 2.05109 0.161407 2.68182 21.0124 45.3826 23.7511 3.86464 4.85993e-05 8.53588 7.26159 0 14.2208 16.6299 6.406 7.59378 
400.528 414.949 5.10099 368.199 0.599942 361.784 8.6776 110.808 338.273 35.123 119.585 94.5304 18.7175 0.00470044 10.2855 26.5443 336.607 36.6753 18.2468 10.9086 24.1582 56.0046 23.8052 35.8806 0 92.3305 182.771 17.202 
54.4371 64.8828 18.7503 44.5437 53.8145 3.91511 23.4865 45.3074 114.261 18.607 160.959 252.807 55.0872 10.9273 19.8869 31.5944 1.40636 48.328 28.1787 12.0482 61.611 9.48851 6.43396 7.2277 27.3875 0 18.7111 1.85608 
10.7449 46.3618 0.311851 3.78579 46.3096 16.8717 45.6096 58.9125 71.7477 39.6641 13.9563 112.829 6.69307 4.49532 7.9952 9.53106 13.0537 16.2299 10.5198 0.394048 5.52588 3.23322 0.882222 15.7149 4.79334 12.6842 0 3.00631 
40.5862 43.0375 0.152896 17.0595 12.0726 16.7664 31.8337 126.729 17.6805 21.5347 67.1493 81.9643 2.74159 0.553118 2.54412 0.0577995 17.4737 50.8483 4.22202 9.80087 4.28442 0.0174306 1.63115 0.217515 10.0014 41.8941 58.0654 0 
