0 809.942 201.126 580.744 152.8 335.699 219.277 183.996 423.047 130.035 167.409 7.74143 104.858 46.5732 63.2547 47.0543 264.874 25.9662 58.5826 21.7432 150.301 27.5124 18.6436 7.15697 259.722 66.0863 10.2811 4.17244 
595.369 0 309.862 268.427 346.375 248.575 410.748 127.335 256.052 84.0064 250.268 222.531 146.042 57.4251 0.409318 78.0298 257.95 1057.31 91.7994 40.7925 1.42849 2.48232 23.0834 0.103833 282.692 2.45615 33.8518 2.72359 
207.178 278.517 0 288.999 151.912 7.77659 1.61098 190.617 468.58 113.668 216.363 46.344 0.00328289 10.8771 4.35066 18.5375 28.699 73.4637 6.19846 27.5851 48.5114 4.51061 5.34463 14.2447 0.00212325 0.0370935 10.5871 6.97366 
257.506 270.231 264.46 0 115.138 237.948 146.656 965.923 442.896 26.2466 9.67712 259.725 55.2758 10.0014 38.1066 16.4522 270.092 37.5308 60.7063 19.0074 419.582 5.46119 1.33564 18.9824 239.087 25.3517 22.8321 33.0687 
163.117 128.319 40.6209 162.189 0 420.205 426.737 222.961 4.33477 178.423 221.418 178.26 178.195 70.0138 27.3448 30.1121 130.349 231.453 300.66 42.2994 24.9927 54.64 10.7893 0.285659 66.5282 45.2372 34.1571 27.4611 
362.959 404.713 28.2888 242.396 1084.2 0 698.501 174.878 480.791 812.346 242.947 2.74889 635.669 8.43721 16.6747 9.58488 252.623 2.15427 3.03395 7.51979 63.9488 1.73018 4.15516 0.212529 261.942 15.907 0.0333051 6.04783 
177.424 137.543 209.833 5.11768 316.308 21.1096 0 246.472 1271.81 402.171 132.52 0.456519 167.431 1.06203 115.379 29.1502 97.2797 9.82171 151.555 91.7416 46.289 30.367 0.0927762 65.9103 18.1114 1.16315 59.349 62.4817 
50.1187 213.103 233.757 86.335 131.877 175.769 149.931 0 26.2971 174.946 10.8496 1029.18 42.0992 92.5625 155.58 107.885 33.8633 11.4131 84.4829 109.469 176.041 5.48117 37.3329 68.185 43.9342 1.73939 26.7956 1.0591 
443.511 608.651 9.18209 251.566 306.516 484.176 109.587 22.0317 0 206.246 1142.67 7.23467 182.771 59.7934 83.1025 95.0227 315.409 6.2683 122.184 37.2371 173.75 66.6311 3.01067 2.8277 245.589 140.079 75.4163 25.5013 
1.7963 213.144 3.46808 37.5408 130.727 16.5625 40.6379 43.6737 50.4537 0 577.969 5.74551 76.9331 43.0054 112.876 4.54987 3.01815 16.0733 84.8102 14.0364 16.3365 42.2629 20.0685 8.93064 32.3868 64.397 0.263099 4.51562 
23.3164 92.3763 238.946 182.75 18.7488 84.1969 440.509 6.91579 424.046 525.675 0 191.888 7.15283 151.063 405.596 228.502 30.6913 78.0758 111.88 0.00397471 2.46681 58.7153 12.8123 18.1657 137.361 100.241 35.6747 88.2793 
133.904 189.722 172.064 71.9682 46.4263 153.47 60.1244 574.147 208.361 202.253 518.121 0 123.861 144.872 243.553 69.44 26.313 149.82 57.9463 24.7321 10.37 49.7273 8.61352 24.6399 142.462 354.662 48.0511 117.104 
3.83643 100.897 49.8866 0.000204477 2.04577 146.126 3.87704 148.277 117.408 30.308 49.0726 75.4722 0 78.6025 60.7703 83.7573 43.9268 32.7955 14.5112 13.4104 0.975515 20.8743 74.5172 70.0201 30.6529 15.3039 37.4778 11.6148 
53.7179 35.7138 0.313745 22.8038 14.7974 14.9353 45.387 120.708 108.852 61.926 180.84 119.636 153.852 0 60.6249 17.0678 7.11636 25.0229 0.222881 1.00555 0.057708 2.09927 0.105397 5.14837 8.37714 6.38617 6.26947 2.46056 
1.30673 5.24886 18.7485 4.52401 31.9655 21.3967 130.761 0.446673 140.28 27.9608 378.645 194.268 118.532 32.1998 0 66.5431 2.08449 20.5767 3.23723 0.444042 26.0016 7.66534 24.3571 14.462 14.8911 6.16825 0.401786 21.3826 
63.0487 63.271 4.72342 1.25951 50.9018 23.2604 11.0118 133.82 74.5061 59.7443 87.1149 64.9409 28.3863 19.3255 3.33747 0 21.2297 27.2856 6.84541 1.90177 6.46775 0.198475 0.488378 2.11466 17.5392 32.8474 18.8015 22.137 
340.642 346.699 46.0527 279.94 127.752 282.537 20.1312 53.312 281.711 49.8451 89.6493 21.9969 2.36434 22.0373 28.8234 24.6402 0 13.7669 239.222 30.1775 62.1085 18.8974 19.1156 20.7814 265.62 1.55849 16.879 20.0362 
5.92167 491.909 0.143462 20.8219 6.31599 24.0534 132.936 163.7 216.547 137.094 136.321 133.433 62.2731 11.3939 53.8141 56.4236 134.286 0 87.3133 4.32264 51.494 1.70603 44.6367 18.9826 37.9798 60.2419 11.0815 25.7854 
56.0949 95.2252 60.9551 62.5228 238.71 89.8934 40.1748 116.059 155.098 54.9159 121.883 27.6942 47.5582 12.6717 26.3497 28.6148 235.767 128.842 0 5.80867 38.7266 0.0165443 0.0104014 17.517 30.8088 24.0285 4.85629 17.3232 
37.4686 139.265 22.6955 2.82577 43.9947 3.31437 83.968 0.36432 58.9909 21.5942 6.54952 14.9215 11.9754 0.240338 0.000745569 9.60313 0.0118691 1.03196 5.23205 0 285.349 5.75408 2.53319 1.37815 0.526997 2.81475 1.28889 9.96158 
173.855 3.45465 102.142 45.243 123.744 28.5848 137.418 179.863 83.0452 2.05733 8.16845 159.261 27.4462 35.1993 57.3499 56.7889 43.4259 39.8962 16.7709 82.9099 0 28.9815 21.5028 46.7238 47.9823 21.7634 44.0428 0.435239 
16.1881 16.1838 0.0730472 0.0603933 11.7032 17.8784 46.1552 11.8479 3.18303 55.7571 70.3398 16.5138 29.8537 9.91361 3.27525 11.8946 4.86473 24.8196 0.406656 4.67588 31.5158 0 13.6257 6.40179 20.58 4.7392 4.66137 0.58328 
39.6088 25.4674 6.24366 2.02267 48.8195 0.000174492 8.61324 101.852 29.0289 1.63144 73.6536 55.3555 23.1799 0.184327 23.1738 12.095 16.2536 42.7342 1.1513 3.63043 25.2951 3.26291 0 20.8578 4.11407 1.99278 11.8129 7.31369 
55.841 4.72757 6.19197 3.60572 25.504 6.16657 17.5399 31.4767 64.7269 49.1581 4.65188 32.5152 38.9707 1.05626 24.2236 16.8954 2.5859 9.14452 2.76079 6.30523 3.86668 5.49189 9.37883 0 39.4778 1.59215 1.70765 6.50052 
237.932 238.142 4.86001 244.113 8.85975 251.58 0.31705 52.5944 334.322 9.18211 145.808 842.438 1.22587 5.81819 0.903204 31.7468 265.621 17.7781 27.0871 11.1227 46.7566 87.7049 7.65777 23.1549 0 88.0642 144.576 2.07683 
69.1175 79.5666 2.33332 44.5231 49.1095 7.85625 98.3017 120.525 140.052 4.26867 16.4752 147.157 14.6813 0.0916119 3.89832 30.9662 20.7658 55.6195 26.1929 9.03209 27.0299 2.71488 0.847565 14.8439 12.9539 0 6.39679 7.14998 
4.2826 2.71865 0.368283 0.232038 1.10827 18.0563 59.1116 72.6218 78.4309 20.5914 8.08121 118.496 29.0892 7.03059 0.0804075 12.6559 21.7236 40.3841 24.3634 9.868 37.0882 12.0256 12.9277 18.9347 5.53089 35.7502 0 84.5981 
59.9864 55.0649 21.0912 31.5012 0.31325 22.9124 10.5027 0.0431845 41.8145 6.54217 91.7599 168.318 24.0182 8.83022 11.1809 22.7578 19.2657 13.1259 20.1785 0.994716 31.4059 10.4745 4.0735 14.1446 33.8221 11.2077 46.2404 0 
