0 406.374 62.9988 743.818 7.76062 417.279 207.74 215.501 592.822 9.28821 72.6909 9.40679 2.13871 49.1734 28.9261 71.9662 488.875 224.681 24.4525 220.506 224.818 10.4284 11.0516 18.2295 476.693 51.2413 4.41569 28.9361 
593.421 0 287.971 412.058 441.179 450.747 150.753 215.798 465.175 194.809 4.69453 106.594 94.3526 0.670825 21.683 67.7898 537.215 445.429 172.37 9.04799 178.782 36.3788 7.48298 20.3976 437.986 49.0445 50.5209 0.0307984 
47.6431 300.634 0 222.875 161.328 30.967 7.01232 255.952 1.72542 2.78072 6.12048 23.8262 2.75361 16.5072 2.40441 18.3419 30.5552 150.587 57.0694 27.5048 96.9149 12.5442 9.34469 4.7497 0.00212325 24.6614 15.2372 8.69713 
404.329 413.021 96.2604 0 4.40686 420.932 197.398 907.378 657.318 0.681714 22.1483 67.3481 39.8555 22.5993 0.101837 8.76796 452.951 3.38814 60.9304 0.0894532 35.3915 15.2376 11.5829 24.0955 447.442 24.5002 27.1069 10.2673 
4.64223 231.063 51.4281 90.9936 0 225.321 304.532 87.0217 41.1625 101.306 1.10704 178.563 108.963 2.25116 3.11902 65.6921 37.465 43.4588 28.0565 2.28546 64.2151 56.9845 2.46368 0.0726121 46.1409 2.23739 19.5766 53.3062 
404.329 428.105 6.13142 409.3 185.457 0 758.932 20.8453 548.964 320.289 264.248 9.40778 386.126 21.8472 41.7288 26.4726 443.168 70.3189 83.815 13.6276 29.8614 8.52883 13.4904 16.1823 420.041 20.2522 8.46113 0.00650139 
242.39 398.254 155.885 54.4954 131.798 50.7233 0 55.6571 542.138 140.569 306.432 159.421 0.0232634 89.9806 102.86 41.3323 76.9698 163.929 111.017 25.0343 2.3969 54.2227 56.3077 15.2715 38.3794 56.9788 57.7161 41.82 
304.389 124.336 221.29 435.756 214.266 62.5784 344.487 0 6.56696 221.294 353.288 3.83603 3.36183 5.83829 149.564 239.655 70.2287 5.57563 40.4874 12.2775 0.573527 0.847397 26.3544 60.7899 5.39652 224.51 41.8018 130.143 
405.407 776.936 472.993 404.964 236.542 552.091 926.272 4.5033 0 3.1995 840.285 1.9202 200.344 155.553 4.75151 134.982 471.685 197.579 126.773 35.2974 126.601 59.5276 8.85421 21.303 529.669 115.977 79.6025 31.6995 
144.17 108.742 113.955 95.1432 60.4321 38.5753 32.4563 4.5528 306.283 0 326.253 236.588 268.118 29.2403 2.2016 29.5998 83.4438 62.4374 84.1312 44.1645 87.6768 47.7393 31.2509 42.3459 58.9194 11.3889 10.8969 25.4095 
193.478 205.363 34.9259 166.263 143.185 48.0958 293.751 273.087 660.149 418.881 0 0.0612597 168.157 176.492 385.573 0.0705697 22.1094 149.817 106.143 83.6117 115.883 78.4391 7.08293 22.8146 139.139 41.9047 84.5511 104.985 
138.211 177.306 152.221 52.4454 47.9409 158.061 261.714 417.867 128.076 125.957 340.739 0 131.147 117.038 90.0989 25.0126 62.7208 6.65734 92.4616 9.7968 26.2966 19.5602 85.4191 125.688 300.606 283.687 95.2027 0.75741 
102.563 28.4306 35.3922 65.9972 45.5296 67.0427 138.67 86.4482 25.5096 210.682 26.1513 84.58 0 95.5134 65.1983 57.5734 59.7456 103.221 73.2577 23.6684 25.8554 38.28 36.2753 36.0935 0.198826 54.9704 4.19343 35.5859 
35.7107 12.1087 2.33823 16.6363 66.4608 0.000174708 67.0531 86.2494 135.23 48.7519 145.634 86.3359 0.0269048 0 22.3832 7.60187 17.2866 19.1346 3.52133 0.363599 10.6298 4.03901 5.05051 0.00314933 16.2193 2.76297 3.82799 6.01839 
56.7889 9.75733 21.968 38.9754 5.13829 41.6574 10.4032 1.55738 157.172 128.472 336.924 23.4149 119.084 61.9751 0 74.1894 10.2997 4.50204 24.1268 0.420479 7.64269 17.5441 11.3724 25.3205 0.00118156 17.3609 4.38443 13.3671 
34.8259 74.832 8.27475 40.0846 5.53025 0.0995201 64.6599 223.608 7.96299 86.0223 130.757 125.565 77.9816 1.71258 43.1515 0 0.0021423 52.7891 2.08074 1.71815 47.4673 11.6509 5.48066 1.79425 23.7582 26.5431 0.308145 0.865863 
494.555 544.269 44.6067 404.782 146.271 461.27 23.6555 18.5877 442.573 42.4713 84.1466 58.2461 1.08496 0.0921633 6.21311 1.19482 0 56.1756 361.476 34.0185 63.7801 15.6049 4.93096 1.28049 404.302 20.3351 5.56386 16.4671 
199.819 471.896 40.8834 112.548 230.351 8.47211 26.6395 154.524 29.6945 144.577 60.09 28.8661 104.742 6.91233 60.9678 33.0109 200.85 0 0.729542 1.8719 51.0978 35.7199 7.01596 1.6508 19.4174 55.2729 43.0855 45.4865 
22.4588 0.774223 25.7569 57.3382 138.364 2.59137 97.8039 0.012314 57.7959 108.711 91.4763 1.71642 41.0141 20.0125 4.64999 23.9052 173.105 109.516 0 7.01645 23.254 25.018 19.5065 1.92797 9.13253 4.93926 3.39345 6.84887 
162.008 137.832 24.8946 28.6502 1.79304 8.54306 72.388 74.6235 61.0214 36.8594 85.815 87.5489 22.0965 3.31025 0.00207621 2.96117 4.97069 2.99743 32.9532 0 297.763 4.38364 2.65813 0.0588564 0.677588 9.38109 8.64868 1.17245 
236.003 179.096 42.4335 228.87 42.359 64.925 134.804 113.517 3.9118 65.528 101.709 144.025 74.5441 44.9886 54.7657 15.1641 7.94762 101.9 5.7088 296.669 0 27.9821 35.8817 39.2174 60.215 62.686 0.776715 20.8461 
21.5221 1.66374 8.0465 15.9417 3.69247 0.881168 20.4532 0.0651475 0.101186 2.35392 27.9953 0.439021 48.2777 0.263257 2.60226 0.127598 2.93367 26.0764 24.1171 0.0776493 11.2427 0 15.2185 7.44013 19.1738 0.0176024 11.1657 10.3871 
32.7517 9.18458 8.52666 10.3651 37.5006 16.3075 70.2233 101.729 41.2464 7.23135 62.6421 124.14 83.8515 7.28262 8.87804 7.28931 0.151145 20.1026 15.5293 0.0305584 1.02572 0.17314 0 0.345081 16.2244 7.89918 0.122608 9.39703 
9.98717 8.19439 5.20091 9.20947 23.5283 8.01456 64.343 37.8941 34.1232 59.1414 92.517 115.18 69.5733 1.87648 0.263217 3.26367 21.0121 45.2306 23.7768 3.90654 0.00316467 8.35502 8.19656 0 13.1711 16.5979 6.21032 7.45858 
467.761 482.628 4.85999 436.438 0.705806 429.709 8.10128 114.44 406.418 34.3573 121.181 955.126 19.1607 0.000398753 9.87518 32.7775 404.341 36.2633 18.4353 10.8237 23.6891 64.4856 23.7382 36.4104 0 76.4105 188.164 31.651 
55.2409 65.5975 19.0745 44.6028 53.2827 4.12999 22.453 49.8065 115.897 19.4055 161.913 236.961 55.0457 11.0473 20.3723 31.2901 1.33555 47.9353 28.2889 12.0392 61.4451 9.44149 6.32802 7.4516 26.8867 0 19.3324 2.56351 
10.4729 46.1127 0.277952 3.93515 46.1772 16.9696 45.9749 59.8713 71.3768 39.4144 14.4889 112.115 6.52473 4.57509 8.15533 9.71106 12.9573 16.0052 10.4057 0.416574 5.36127 3.29941 0.824581 15.8751 4.21475 12.1017 0 4.27444 
40.1219 42.5642 0.121746 17.3905 11.757 16.6015 32.4738 125.818 16.938 22.0166 68.3181 85.0327 2.88945 0.598938 2.70182 0.0916403 17.364 50.9031 4.32935 9.74799 4.47744 0.0130718 1.57352 0.185804 9.96551 43.713 54.8621 0 
