0 455.941 51.2171 786.728 12.3645 457.694 197.368 202.242 639.374 7.17427 67.2596 12.7473 2.82498 48.5821 30.495 73.2399 524.083 220.217 21.9928 220.836 230.137 9.9737 11.7191 19.2922 514.529 53.1272 3.99482 30.0567 
685.516 0 227.85 443.622 405.025 500.121 192.01 204.719 486.595 202.949 7.73411 113.677 90.4662 0.399 23.905 69.4556 571.225 600.058 171.924 12.1561 178.16 35.6685 6.80716 21.4993 473.624 47.092 50.9266 0.100782 
37.0289 356.198 0 264.692 154.254 34.4453 2.53392 246.072 0.984302 4.31714 2.69648 29.3468 2.09882 16.595 1.84027 19.0118 29.1416 154.151 57.9367 27.6047 92.7189 12.5675 9.11303 5.07011 0.0331191 25.131 14.9746 9.14293 
445.459 444.136 212.847 0 6.79516 455.891 193.507 135.449 712.946 0.240885 17.0757 55.4677 41.4617 22.4121 0.018501 10.0892 491.142 5.14537 61.4025 0.338918 82.0775 15.369 11.9656 23.6933 484.636 22.9794 27.2276 10.9744 
8.353 187.171 43.1146 97.5244 0 244.969 276.089 93.9515 30.3959 83.3751 0.205975 177.683 114.547 2.82593 2.28154 66.7586 41.8139 36.8254 18.0078 3.16996 61.2824 56.985 2.07204 0.0198375 44.9804 2.75984 20.2059 52.8558 
442.023 457.367 4.27177 445.231 326.138 0 1056.7 27.1253 543.579 365.619 257.487 12.1498 89.0876 21.7431 41.8233 26.1803 479.147 66.359 81.8803 13.0262 31.5197 8.92915 13.7575 16.4015 457.964 19.6231 8.16246 6.01474e-05 
234.868 358.7 171.869 45.7298 104.967 193.808 0 72.9979 783.066 184.228 338.258 147.96 0.548385 88.3961 107.842 38.2348 79.2659 171.815 115.694 22.7419 3.37304 54.9981 54.9188 16.5722 36.1339 59.7388 58.112 40.3555 
300.58 136.53 206.981 448.498 216.791 53.7066 326.046 0 22.3327 219.23 344.258 5.16253 2.39841 7.64433 143.133 230.085 71.8602 4.07563 38.1633 10.3256 1.44958 0.624687 24.0762 56.1034 2.97435 228.966 39.6134 128.42 
441.738 826.441 469.619 441.726 253.144 546.375 692.553 18.4062 0 0.336071 845.227 5.84821 202.227 156.602 24.1701 131.26 506.676 193.324 123.335 32.7534 121.667 60.3381 10.3995 19.3128 567.893 119.568 79.6617 29.6322 
141.479 98.227 113.26 92.8847 45.7817 68.8111 13.416 7.08231 324.717 0 268.135 232.392 285.29 26.5077 0.877113 32.648 83.0791 66.3018 87.6322 45.1439 88.8778 48.8631 29.7326 41.0059 57.5569 9.92675 10.2672 26.5392 
192.416 196.573 26.2694 172.71 152.775 61.0192 260.427 256.762 578.03 363.348 0 3.08844 158.304 167.429 364.927 0.324411 20.7286 147.003 108.406 84.2214 113.073 78.21 9.24501 19.7636 141.029 36.437 84.9686 103.756 
145.776 182.903 158.244 64.1092 43.9377 158.655 255.074 553.108 109.107 135.634 372.59 0 127.986 123.311 74.2686 5.64351 61.4523 8.06147 93.4262 8.48257 23.299 18.3607 81.5383 133.671 344.827 315.79 97.7847 0.116948 
103.627 25.3471 37.2271 65.0167 40.5922 68.4366 130.188 89.8875 30.1062 232.465 20.2393 80.533 0 105.133 60.1369 60.0672 59.176 103.855 74.5162 22.9639 24.756 35.3051 32.9407 34.1405 0.0917902 54.8165 4.51637 35.0126 
34.7426 10.9399 2.65952 17.1254 67.1297 0.0211057 69.7247 89.9481 132.617 45.872 134.745 93.3128 0.40764 0 30.0577 8.83946 17.5233 19.9978 3.22755 0.326442 10.0334 4.34194 4.17051 0.045832 16.343 3.07751 4.00497 6.26302 
55.4762 11.3903 23.0746 38.6931 4.05554 41.4077 13.5483 3.33164 146.573 130.648 305.596 33.9624 118.426 61.1811 0 82.0951 9.8841 5.182 24.8212 0.498047 6.94885 17.5293 10.0529 26.0783 0.0209902 18.5094 4.69727 13.93 
32.7156 73.4281 7.55277 40.8357 4.69265 0.0276413 61.5498 211.604 10.6411 87.478 143.135 180.149 76.4813 2.48904 31.3763 0 0.0139102 53.5675 2.34077 1.86445 48.5811 11.565 6.02787 0.886259 22.4137 25.1353 0.42111 1.14492 
533.613 583.988 45.7155 441.856 148.301 498.39 21.6077 17.2058 482.082 40.7012 83.0452 56.9219 0.832813 0.133222 6.57318 1.35251 0 70.5151 60.5216 33.9712 64.3004 15.3992 4.74039 1.16428 441.621 20.0088 5.37217 16.2061 
192.73 481.525 47.2685 116.844 232.611 6.57446 32.4395 151.115 34.5211 143.577 64.0841 31.4774 104.235 7.52439 60.0945 31.8851 216.288 0 0.219058 1.27502 53.6432 36.091 7.48409 1.40235 20.3275 54.5937 42.8676 45.9323 
20.0804 0.16456 24.0521 58.1679 119.562 3.88132 92.7126 0.013617 53.622 111.086 94.1886 1.27512 42.8447 19.6108 4.1905 24.3162 179.591 113.663 0 7.5827 24.3767 24.9296 19.2717 1.75598 9.53528 5.2869 3.57787 7.1431 
146.861 139.593 24.3114 26.7036 2.58718 7.97077 70.1078 77.7842 63.7104 37.9992 85.4618 86.1895 21.3896 3.24327 0.000165409 2.78899 5.41243 3.8719 33.3643 0 316.569 4.3181 2.71104 0.0415244 0.783345 9.5655 8.76002 1.2766 
239.336 179.013 37.953 232.695 45.1229 66.1366 136.446 119.924 5.54559 67.325 98.5852 146.922 74.0509 44.9579 54.2584 14.0597 8.63907 99.904 6.36878 271.381 0 27.734 36.222 39.8121 60.3612 62.4806 0.934261 20.0739 
20.9995 1.40193 7.87227 15.8364 4.1676 0.724339 19.3889 0.149003 0.208298 2.91495 26.5961 0.254184 45.2519 0.176164 2.31884 0.185467 3.09531 25.5717 23.9661 0.0630001 10.9156 0 15.2456 7.01863 18.8578 0.0333007 11.2808 10.3538 
33.4631 8.44653 8.27992 10.7552 36.5534 16.2351 69.6248 101.327 43.8564 6.27648 67.163 122.792 81.8718 6.48538 7.6261 6.74478 0.114801 20.7369 15.2278 0.0217621 0.854676 0.333054 0 0.0109223 15.3906 7.68366 0.0765857 9.48875 
9.14392 8.99944 4.87826 8.58466 22.5782 8.38608 65.2712 42.1944 36.4885 59.5344 88.7544 123.498 69.1388 1.50091 0.587502 4.77451 21.0072 44.8699 23.8294 4.00183 0.0285507 7.93846 10.3929 0 10.872 16.5023 5.76922 7.1493 
503.828 519.704 4.32684 474.817 0.979669 467.381 6.85165 122.637 444.756 32.6101 124.676 280.84 20.1828 0.00829614 8.95496 45.8982 441.598 35.317 18.8643 10.6265 22.6229 74.0249 23.5654 38.7362 0 45.107 123.243 93.8719 
57.0497 67.192 19.8024 44.6633 52.0469 4.63872 20.1542 60.6484 119.492 21.2713 163.75 199.99 54.9194 11.3105 21.4609 30.4785 1.18021 47.0229 28.5323 12.0127 61.0325 9.33134 6.08409 7.9656 25.7271 0 20.7501 4.58315 
9.86128 45.532 0.207695 4.28555 45.8642 17.1892 46.798 62.0489 70.5015 38.8323 15.7357 110.378 6.14633 4.75821 8.52309 10.122 12.7364 15.4942 10.1456 0.47032 4.99316 3.45233 0.699714 16.2303 3.08373 10.799 0 7.95068 
39.0515 41.4738 0.0638108 18.1456 11.0474 16.2197 33.9416 123.581 15.289 23.1252 70.9648 92.0543 3.24087 0.710137 3.07752 0.197973 17.1114 51.0141 4.57868 9.62467 4.93293 0.00545883 1.44502 0.122599 9.92363 47.6935 47.4089 0 
