0 445.736 49.0976 773.422 13.3411 444.613 195.364 199.707 627.369 6.80684 66.252 13.4267 2.96398 48.4677 30.7904 73.4685 509.986 219.307 21.5427 220.112 231.044 9.88918 11.8456 19.4932 500.924 53.4772 3.91803 30.267 
682.352 0 216.523 429.255 397.769 488.795 200.004 202.594 470.154 204.406 8.38566 115.005 89.7317 0.355814 24.3298 69.7605 556.886 947.175 171.79 12.7853 178.007 35.5342 6.6835 21.7075 459.616 46.7244 51.0004 0.118391 
35.1546 365.851 0 270.833 152.856 35.0972 1.94003 244.03 2.02759 4.6412 2.20687 30.4345 1.98565 16.6088 1.7424 19.1347 28.876 154.757 58.0898 27.6165 91.9128 12.5713 9.06904 5.13082 0.0430444 25.2149 14.9247 9.22693 
433.138 429.684 230.455 0 7.29779 441.769 192.674 198.063 702.473 0.183141 16.1913 53.3322 41.7619 22.3743 0.0103379 10.3441 477.608 5.5141 61.483 0.40341 92.2828 15.3931 12.037 23.615 470.911 22.6938 27.2483 11.1083 
9.16556 179.153 41.6117 98.739 0 247.774 270.614 95.2597 28.5415 80.1392 0.116664 177.492 115.583 2.94068 2.13872 66.9523 42.6464 35.6311 16.3543 3.35139 60.7335 56.9816 2.00224 0.0136257 44.7611 2.86364 20.3242 52.7687 
428.442 442.332 3.95772 431.299 735.97 0 1144.7 28.3818 522.464 225.99 256.028 12.6996 306.613 21.7198 41.8287 26.121 465.2 65.6141 81.493 12.9131 31.8322 9.00445 13.8064 16.4412 444.383 19.5036 8.10664 0.000590538 
233.365 350.951 174.78 44.1463 100.162 228.61 0 76.4565 827.244 192.727 344.042 145.805 0.723641 88.0824 108.751 37.6592 79.6908 173.261 116.554 22.3204 3.57418 55.1401 54.654 16.8203 35.7155 60.2531 58.1831 40.0802 
299.726 138.828 204.173 449.612 217.218 52.0926 322.398 0 26.2972 218.781 342.401 9.38249 2.23546 8.00827 141.884 228.11 72.1629 3.81991 37.7313 9.97656 1.65795 0.586681 23.6569 55.2308 2.5985 229.654 39.2054 128.071 
427.951 814.767 467.811 428.274 256.176 525.184 647.142 22.0323 0 0.124348 1428.87 6.81871 202.532 156.745 31.7167 130.529 492.544 192.49 122.675 32.282 120.731 60.4871 10.7016 18.9479 554.347 120.218 79.6673 29.2489 
140.948 96.2724 113.092 92.4425 43.2228 76.3278 10.7407 7.61651 327.96 0 257.317 231.529 288.26 26.0033 0.695001 33.2273 83.0027 67.0287 88.2782 45.3241 89.0966 49.0697 29.448 40.7518 57.2956 9.66203 10.1507 26.7514 
192.181 194.883 24.7661 173.864 154.561 63.5661 254.123 253.626 558.862 352.621 0 4.16107 156.432 165.649 360.397 0.527163 20.4734 146.459 108.82 84.3279 112.538 78.161 9.68016 19.2115 141.351 35.4423 85.0401 103.512 
147.179 183.922 159.324 66.3852 43.2 158.724 253.746 578.455 105.655 137.441 378.355 0 127.379 124.457 71.4038 3.52809 61.2124 8.33887 93.6006 8.24571 22.7538 18.1387 80.8017 135.132 351.099 321.395 98.2572 0.0589811 
103.816 24.7844 37.5711 64.8266 39.6884 68.036 128.582 90.5288 31.003 236.416 19.2075 79.7736 0 106.892 59.1861 60.5268 59.066 103.965 74.7457 22.8316 24.5512 34.7519 32.3229 33.7747 0.0762612 54.7827 4.57809 34.9038 
34.5597 10.7261 2.72166 17.2158 67.2483 0.02891 70.2172 90.6299 132.091 45.3296 132.663 94.6147 0.622124 0 31.5178 9.07366 17.5673 20.1606 3.1737 0.31968 9.92299 4.39917 4.00709 0.0593666 16.3636 3.13779 4.03836 6.30884 
55.2256 11.7087 23.279 38.6329 3.86608 41.3488 14.1795 3.73741 144.546 130.992 299.286 36.1283 118.255 60.8175 0 83.2967 9.80664 5.31442 24.9506 0.513288 6.82192 17.5244 9.80835 26.2082 0.0318525 18.7229 4.75676 14.035 
32.3222 73.156 7.41939 40.9647 4.54271 0.0191167 60.9623 209.204 11.183 87.7284 145.421 190.913 76.1838 2.64843 29.2506 0 0.0172592 53.7101 2.39111 1.89239 48.7868 11.5478 6.13078 0.750136 22.1601 24.8601 0.444208 1.20135 
520.236 570.715 45.9184 428.124 148.649 484.651 21.2314 16.9515 468.802 40.3695 82.8338 56.6721 0.789189 0.141756 6.64149 1.38311 0 73.328 166.65 33.9599 64.3948 15.3604 4.70493 1.14308 427.928 19.9471 5.33647 16.1569 
191.347 481.218 48.4971 117.625 232.963 6.24393 33.5804 150.458 35.4593 143.367 64.8389 31.9764 104.131 7.64158 59.9266 31.6738 219.071 0 0.156485 1.17564 54.1223 36.1596 7.57321 1.35797 20.4993 54.463 42.8255 46.0142 
19.6462 0.10027 23.7346 58.3162 116.082 4.15088 91.7505 0.0253994 52.8475 111.511 94.6902 1.19957 43.188 19.5348 4.1067 24.3922 180.841 114.424 0 7.6907 24.5887 24.912 19.227 1.72454 9.61135 5.35313 3.61291 7.19871 
143.939 139.87 24.1967 26.3362 2.75186 7.86456 69.6722 78.3704 64.2118 38.211 85.3875 85.9255 21.2571 3.23062 0.000567517 2.75707 5.49694 4.04776 33.4388 0 319.327 4.30575 2.72091 0.0386101 0.803979 9.59954 8.78068 1.29656 
239.862 178.961 37.1284 232.102 45.646 66.3579 136.737 121.119 5.88273 67.6591 97.9938 147.448 73.9549 44.9497 54.1596 13.856 8.77144 99.5222 6.49616 266.047 0 27.6869 36.2843 39.9218 60.3842 62.4367 0.965388 19.9296 
20.9015 1.35527 7.83947 15.816 4.25964 0.696581 19.191 0.168532 0.232629 3.02649 26.3357 0.225089 44.6842 0.16174 2.26723 0.197495 3.12603 25.4768 23.9369 0.060422 10.8545 0 15.2448 6.93958 18.7962 0.0367938 11.302 10.3473 
33.5953 8.31096 8.23326 10.8282 36.3745 16.2199 69.5048 101.237 44.3482 6.10408 68.011 122.512 81.4774 6.32897 7.39722 6.6421 0.108538 20.856 15.171 0.0202771 0.824297 0.368683 0 0.000187275 15.2315 7.64262 0.0691484 9.50533 
8.98912 9.15387 4.81837 8.46877 22.4007 8.45588 65.4391 43.0156 36.9358 59.6006 88.0376 125.031 69.0456 1.43436 0.662313 5.08372 21.0056 44.8003 23.8383 4.01961 0.0361364 7.85996 10.8079 0 10.4585 16.4809 5.68752 7.09133 
489.894 505.957 4.22965 461.318 1.03593 453.751 6.62808 124.154 431.276 32.2832 125.307 88.9454 20.3758 0.0125226 8.78534 47.9897 427.894 35.139 18.9444 10.589 22.4241 73.9975 23.5301 39.3405 0 41.34 105.514 105.625 
57.3841 67.4847 19.9366 44.663 51.8121 4.73674 19.7333 62.7597 120.143 21.6271 164.041 193.019 54.8909 11.3581 21.6614 30.3089 1.15212 46.8496 28.5766 12.0068 60.95 9.31028 6.03812 8.06219 25.5077 0 21.015 5.02188 
9.74819 45.4214 0.195654 4.35262 45.8039 17.2297 46.9506 62.4548 70.3331 38.7214 15.9741 110.036 6.07646 4.79265 8.59228 10.1989 12.695 15.3988 10.0969 0.480742 4.9254 3.48124 0.677377 16.2951 2.90188 10.5596 0 8.75456 
38.8495 41.2679 0.0550098 18.2869 10.9162 16.1474 34.2175 123.138 14.9875 23.3341 71.4569 93.3693 3.30886 0.731971 3.15028 0.222378 17.0637 51.0327 4.62604 9.60116 5.02054 0.00439465 1.42143 0.112194 9.92168 48.4078 46.0031 0 
