0 441.049 48.398 767.573 13.6743 438.888 194.691 198.859 621.996 6.68638 65.917 13.657 3.01108 48.4294 30.8889 73.5439 503.919 218.998 21.3935 219.806 231.34 9.86104 11.8879 19.5601 495.022 53.5937 3.89262 30.337 
679.946 0 212.755 423.127 395.322 483.659 202.682 201.883 463.322 204.887 8.60851 115.447 89.4867 0.341977 24.4719 69.8615 550.738 965.819 171.742 12.9981 177.954 35.4895 6.64251 21.7769 453.58 46.6018 51.0249 0.124567 
34.5383 369.005 0 272.743 152.386 35.3144 1.75942 243.336 2.45777 4.75166 2.05435 30.8007 1.94858 16.6132 1.71034 19.1754 28.7875 154.955 58.1402 27.6199 91.6427 12.5725 9.05434 5.15108 0.046638 25.2425 14.908 9.25494 
427.709 423.527 235.752 0 7.46917 435.695 192.389 404.855 697.599 0.165651 15.901 52.6275 41.8619 22.3615 0.0081396 10.4295 471.729 5.63981 61.5092 0.426144 174.602 15.4011 12.0608 23.5887 464.968 22.5985 27.2551 11.153 
9.44438 176.5 41.1154 99.143 0 248.672 268.781 95.6961 27.935 79.0703 0.0925092 177.427 115.927 2.9794 2.09208 67.0164 42.9251 35.2367 15.8199 3.41293 60.5505 56.9803 1.97922 0.0118134 44.688 2.89868 20.3637 52.7395 
422.55 435.965 3.85569 425.29 802.214 0 1060.03 28.8058 514.104 229.618 255.529 12.8855 392.093 21.7117 41.8297 26.1009 459.184 65.3656 81.3622 12.8754 31.9366 9.02958 13.8226 16.4543 438.489 19.4636 8.08805 0.000889908 
232.857 348.349 175.743 43.6227 98.5775 240.629 0 77.6227 841.8 195.576 345.955 145.086 0.787441 87.9768 109.053 37.4679 79.8321 173.741 116.84 22.1806 3.64254 55.1872 54.5655 16.9033 35.5761 60.4242 58.2065 39.9886 
299.432 139.594 203.23 449.82 217.357 51.5585 321.169 0 27.6873 218.628 341.771 11.0651 2.18242 8.1313 141.465 227.439 72.2635 3.73644 37.5876 9.86147 1.7305 0.57426 23.5177 54.9406 2.47888 229.873 39.0695 127.953 
421.994 809.489 467.128 422.447 257.181 516.797 631.995 23.3106 0 0.0766559 1477.34 7.15854 202.631 156.789 34.4271 130.283 486.466 192.209 122.453 32.1254 120.419 60.5364 10.8031 18.8268 548.462 120.433 79.6688 29.1215 
140.77 95.6227 113.033 92.2937 42.3843 78.9463 9.91373 7.7988 329.024 0 253.722 231.236 289.231 25.8357 0.638965 33.421 82.9766 67.2713 88.4926 45.3839 89.169 49.1383 29.3532 40.6669 57.2081 9.57453 10.1119 26.8222 
192.1 194.316 24.2737 174.244 155.155 64.4232 252.021 252.575 552.224 349.029 0 4.55379 155.806 165.049 358.844 0.605605 20.3884 146.277 108.957 84.3629 112.358 78.1443 9.82722 19.029 141.456 35.1129 85.0635 103.43 
147.645 184.259 159.68 67.15 42.9552 158.745 253.298 586.87 104.511 138.043 380.261 0 127.176 124.837 70.4567 2.9321 61.1324 8.43241 93.6584 8.16736 22.5733 18.0649 80.5558 135.616 352.986 323.23 98.4139 0.0440138 
103.879 24.598 37.6858 64.7627 39.3888 67.8603 128.046 90.7423 31.3044 237.723 18.8691 79.5202 0 107.475 58.8694 60.6793 59.0292 104.001 74.8217 22.7875 24.4831 34.5679 32.1175 33.6526 0.0714044 54.7712 4.59874 34.8674 
34.4987 10.6553 2.74248 17.2458 67.2874 0.0317845 70.3809 90.8564 131.914 45.1487 131.967 95.048 0.703588 0 32.0043 9.15184 17.5819 20.2148 3.15583 0.317442 9.88626 4.41828 3.95281 0.0642688 16.3702 3.15798 4.04949 6.32411 
55.1418 11.8157 23.347 38.6124 3.80394 41.3284 14.3927 3.87753 143.867 131.102 297.157 36.8627 118.195 60.6816 0 83.676 9.78087 5.35885 24.9937 0.51842 6.77979 17.5226 9.72705 26.2506 0.0359782 18.794 4.77665 14.07 
32.1912 73.0648 7.37508 41.0069 4.4933 0.0166224 60.7662 208.394 11.3665 87.8103 146.18 194.527 76.0836 2.7025 28.5499 0 0.018455 53.7574 2.40799 1.90175 48.855 11.542 6.16511 0.707251 22.0756 24.7677 0.452033 1.22046 
514.409 564.921 45.9856 422.179 148.763 478.704 21.1066 16.8671 463.008 40.259 82.7631 56.5887 0.774909 0.144659 6.66432 1.39337 0 74.2744 206.633 33.9559 64.426 15.3474 4.69312 1.13605 421.997 19.9264 5.3246 16.1405 
190.882 480.976 48.9083 117.884 233.076 6.13547 33.9645 150.237 35.7741 143.296 65.0908 32.1435 104.096 7.68079 59.8702 31.6034 219.991 0 0.137961 1.14339 54.282 36.1825 7.60303 1.34333 20.5566 54.4193 42.8114 46.0413 
19.5023 0.0823621 23.6289 58.3652 114.926 4.24263 91.4295 0.0301388 52.5898 111.651 94.8568 1.17488 43.3025 19.5094 4.07889 24.4175 181.261 114.677 0 7.72682 24.6594 24.9061 19.2121 1.71412 9.63672 5.37528 3.62461 7.21728 
142.961 139.959 24.1581 26.2138 2.80783 7.82923 69.5264 78.5652 64.3787 38.2814 85.3621 85.8368 21.2129 3.22641 0.0007547 2.74644 5.52524 4.10725 33.4635 0 320.189 4.30162 2.72419 0.0376608 0.810904 9.61085 8.78754 1.30324 
240.03 178.941 36.8545 231.816 45.8207 66.4314 136.833 121.517 5.99709 67.7702 97.7964 147.622 73.9226 44.9468 54.1264 13.7883 8.81579 99.3945 6.53888 264.231 0 27.6712 36.305 39.9582 60.3916 62.4217 0.975875 19.8816 
20.8688 1.33987 7.82853 15.8092 4.29056 0.68744 19.1252 0.175299 0.241036 3.06412 26.249 0.215782 44.495 0.157067 2.25015 0.201591 3.13628 25.4451 23.9271 0.0595745 10.8342 0 15.2441 6.91325 18.7755 0.0379983 11.309 10.345 
33.6393 8.26595 8.21768 10.8525 36.3148 16.2147 69.4643 101.206 44.5122 6.04706 68.2939 122.416 81.3444 6.27642 7.32136 6.60784 0.106491 20.8957 15.152 0.0197942 0.81429 0.380949 0 0.000275625 15.1783 7.62888 0.0667546 9.51081 
8.93778 9.20557 4.79847 8.43023 22.3417 8.47915 65.4946 43.2905 37.0852 59.6222 87.7978 125.54 69.0137 1.41243 0.688227 5.18852 21.005 44.777 23.8412 4.02552 0.0388666 7.83378 10.9461 0 10.3221 16.4736 5.66039 7.072 
483.882 500.007 4.19748 455.451 1.05503 447.84 6.55429 124.659 425.417 32.1743 125.516 240.194 20.4402 0.0141251 8.72906 48.6515 421.959 35.0796 18.9711 10.5765 22.3579 73.8554 23.5181 39.5534 0 40.2881 99.7206 109.291 
57.4953 67.5819 19.9812 44.6621 51.7337 4.7696 19.5938 63.4694 120.358 21.746 164.134 190.696 54.881 11.3738 21.728 30.2512 1.14282 46.7917 28.5912 12.0048 60.9221 9.30323 6.02277 8.09437 25.4345 0 21.1032 5.17238 
9.71056 45.3845 0.191719 4.37506 45.7837 17.2431 47.0012 62.5899 70.2767 38.6844 16.0537 109.921 6.05323 4.80415 8.61535 10.2246 12.6811 15.3671 10.0807 0.484243 4.9029 3.4909 0.670011 16.3166 2.84339 10.4802 0 9.0303 
38.7821 41.1993 0.052221 18.3339 10.8726 16.1232 34.3094 122.988 14.8875 23.4038 71.6206 93.8078 3.33165 0.739318 3.17471 0.230821 17.0478 51.0388 4.64188 9.5933 5.04989 0.00406632 1.4136 0.108827 9.92147 48.6433 45.5345 0 
