0 648.762 4.92683 664.199 56.7231 435.153 130.524 121.701 637.677 0.269001 38.5444 40.5246 8.51822 44.6121 39.6246 78.665 465.535 183.091 10.0098 85.6766 243.887 7.5013 15.7843 25.6388 470.846 63.1852 1.96136 36.4656 
924.915 0 0.465615 435.395 156.95 535.481 430.598 135.728 396.149 235.894 38.5496 153.378 67.5627 0.201492 37.8606 77.5941 503.182 905.138 160.871 37.1562 168.465 31.4337 3.48565 28.045 419.056 35.7683 52.8646 1.27807 
1.04691 451.784 0 151.655 104.102 53.074 20.0122 163.197 175.758 18.9783 9.97842 68.6344 0.0501116 16.6309 0.0470567 22.2932 21.0603 163.119 61.183 26.9639 66.1338 12.6015 7.69899 6.99703 0.918744 27.048 13.364 11.747 
520.009 433.427 406.979 0 29.3502 400.036 155.001 891.721 726.209 2.05556 0.520193 7.48309 50.4132 20.8814 0.835849 18.6651 450.04 21.6573 62.6788 4.73755 545.975 16.0228 14.0769 20.9166 437.251 14.3933 27.5867 15.2196 
48.4222 11.6592 7.87669 131.851 0 414.354 108.383 134.297 0.0152983 10.4147 8.84038 168.287 143.908 7.2982 0.000660018 71.7152 69.0815 8.48908 4.03593 10.8367 44.7777 56.391 0.467284 0.358054 38.065 6.74914 23.8687 49.824 
406.01 398.148 0.130423 396.138 702.107 0 1381.54 74.7039 401.777 529.385 190.049 33.6032 461.567 20.497 40.2427 23.7438 425.881 43.7435 66.9524 9.57208 41.2193 11.2518 15.0796 17.4052 416.068 15.7773 6.48729 0.265087 
177.929 116.337 239.395 8.52781 5.6823 871.542 0 198.966 1125.75 433.529 470.009 83.6378 16.569 76.6547 131.101 21.7668 91.3225 210.025 138.883 11.249 12.0328 58.8248 46.2753 24.6847 23.8601 74.731 59.8203 31.8952 
256.206 205.458 111.784 182.2 222.915 13.7948 197.037 0 257.4 197.245 267.604 560.205 0.010218 22.1276 100.583 150.45 80.6227 0.000946491 25.6165 2.25046 13.9622 0.00152169 12.5538 31.0121 3.04381 228.081 27.5659 114.348 
406.662 801.138 278.43 450.374 329.058 401.067 80.6124 246.346 0 39.3645 627.972 66.3764 204.647 153.224 49.1959 104.787 447.89 163.142 101.131 19.3651 92.0776 64.4335 21.2607 9.46629 523.8 135.651 79.0472 18.6591 
121.862 43.5643 102.913 77.0088 0.375438 386.91 65.5832 31.4541 385.44 0 18.3513 196.232 331.557 12.609 4.89736 50.9622 79.6022 88.5671 105.465 50.121 94.6108 54.5296 21.1472 32.9196 48.818 3.31583 6.93134 33.0454 
180.246 140.668 0.157602 198.779 203.984 149.603 81.9209 155.38 93.4615 64.7582 0 101.769 99.7153 105.317 168.68 27.6757 13.4683 128.234 119.422 86.3294 95.6125 75.8587 26.4222 6.08323 146.043 11.3445 86.1794 94.4603 
185.394 208.911 182.918 141.377 23.5448 154.819 204.215 1029.67 24.683 188.013 502.214 0 107.666 152.667 9.23768 149.395 53.8556 18.488 97.8305 2.67327 9.25532 12.0198 58.2855 171.052 300.117 398.107 110.361 7.18623 
107.993 10.6279 47.6121 58.358 16.7299 50.1414 80.5779 108.752 61.8906 321.356 0.72413 57.5411 0 147.516 32.0772 72.6613 55.3767 106.014 80.5616 18.9074 18.7145 19.4562 15.7144 23.1551 0.269825 53.1011 6.56738 31.5002 
29.0031 5.23601 4.79703 19.6656 69.7475 0.808652 83.2921 108.67 111.975 29.3835 69.8492 130.587 26.0249 0 61.6081 15.5898 18.7938 25.0788 1.76374 0.149876 6.8621 6.12327 0.351743 1.21191 16.5835 5.07518 5.05122 7.648 
47.2604 22.717 28.7327 35.8591 0.288634 37.9458 37.9972 25.4875 82.6586 131.653 95.3881 119.856 106.735 27.8241 0 70.9715 7.59083 9.90463 28.6342 1.0622 3.54185 17.0793 3.4519 28.1228 1.36201 24.5864 6.62503 17.023 
21.1737 63.9599 3.85054 42.9921 1.17151 0.476939 43.3261 124.496 32.3701 91.7116 203.195 468.586 65.3086 8.78082 1.64007 0 0.279925 57.426 4.09776 2.78602 54.3579 10.879 9.07632 1.90572 14.7822 15.7162 1.3948 3.42165 
496.514 547.081 51.111 396.324 154.019 450.718 11.3309 10.1391 449.841 30.6668 75.9369 49.0943 0.0279165 0.513489 8.77436 2.43372 0 166.409 226.733 33.2745 66.7192 14.1755 3.69681 0.599186 396.547 18.0495 4.31715 14.67 
144.343 420.232 87.5283 136.545 232.913 0.28186 73.8089 128.706 67.2934 134.095 87.7352 47.9368 99.8764 11.4399 54.3765 25.4315 278.761 0 3.05983 0.0648893 68.4185 38.0456 10.3973 0.361621 25.7242 50.152 41.3943 48.1779 
8.66072 5.34782 14.8276 61.6247 29.5512 15.7528 62.9519 2.02099 31.4713 120.867 108.358 0.00698627 53.2663 17.1941 1.9762 26.4783 225.864 134.07 0 11.1228 31.0461 24.2614 17.8129 0.914614 11.9335 7.45582 4.71367 8.90519 
57.6593 140.268 20.1245 15.5748 9.77835 4.92246 55.8569 94.4839 78.4305 44.1429 82.0424 76.8882 17.3527 2.84532 0.121276 1.86706 8.22714 10.8697 35.2715 0 280.526 3.93167 3.00485 0.000404945 1.52639 10.5237 9.35929 1.94733 
240.792 172.291 15.7804 177.817 61.6457 72.0061 142.845 154.828 20.0571 77.0726 79.8946 160.305 70.6121 44.3511 50.7298 8.34867 13.069 87.2575 10.7694 77.1133 0 26.2138 37.9204 42.8879 60.4327 60.3728 2.11196 15.7568 
17.9952 0.326188 6.84991 15.1275 7.39364 0.116874 13.6207 1.28845 1.55767 7.19747 18.9548 0.166818 28.2627 0.0147417 0.9773 0.719337 4.09168 22.6281 22.9522 0.00836882 9.08649 0 14.3948 4.64393 16.6444 0.218749 11.871 10.102 
37.3191 4.72903 6.80775 12.9465 30.9409 15.5365 64.8902 96.4613 59.0247 2.02017 92.4958 110.507 66.9059 1.71724 1.89871 3.66721 0.00259874 24.3961 13.4474 9.54385e-05 0.171214 2.17593 0 6.40211 10.3076 6.35011 0.0215047 9.90439 
4.92324 14.1936 3.15304 5.26487 17.277 10.5233 69.4767 68.7409 50.552 60.4729 65.7052 164.357 64.6604 0.120272 4.71562 16.486 20.8655 42.4601 23.9641 4.53164 0.664711 5.5285 20.2236 0 1.82002 15.3677 3.44799 5.39124 
450.5 471.709 1.79762 434.774 3.39426 423.687 1.62672 164.182 409.121 22.8378 140.059 771.599 26.2347 0.526803 4.30756 23.4618 396.171 29.7953 21.2671 9.41527 16.7297 9.17982 22.124 69.1936 0 106.166 52.0014 103.591 
66.482 75.1546 23.5219 43.0133 44.4846 7.97441 8.96361 131.667 135.606 32.8191 164.76 24.5939 53.3588 12.4882 26.8856 23.1919 0.468592 41.4289 29.6884 11.7018 57.7866 8.6309 4.65961 10.8892 18.9715 0 28.4738 24.6638 
6.63438 41.912 0.00184921 6.52059 43.7904 18.3218 51.1752 73.9908 64.7682 35.2108 23.6148 97.8079 4.15816 5.82386 10.6602 12.4358 11.4574 12.6418 8.67187 0.8385 3.10631 4.37019 0.175803 17.935 1.95002 4.40356 0 44.1819 
32.718 35.025 0.0912029 22.3738 7.31528 13.9151 42.397 106.962 7.25524 29.6149 85.2261 130.605 5.60954 1.51408 5.6063 1.56531 15.6136 51.2653 6.11442 8.85427 7.91807 0.0251997 0.799987 0.0136971 10.4915 62.6628 9.84774 0 
