0 736.048 2.73466 698.711 63.0714 489.941 122.982 113.089 693.125 0.0793925 35.7643 44.3141 9.30789 44.1269 40.6127 79.0467 515.923 178.08 8.95752 70.9425 243.561 7.24854 16.2458 26.3446 522.795 64.1763 1.78158 37.1513 
995.214 0 1.11567 497.822 131.956 596.287 450.899 128.096 448.441 237.833 43.1183 157.452 65.0728 0.320592 39.4638 78.3134 552.323 387.59 158.847 40.4578 166.812 30.9612 3.1862 28.7702 470.019 34.5492 53.0333 1.48436 
0.205031 433.346 0 116.644 98.1206 54.7841 26.0954 152.596 206.509 21.0949 13.4735 73.4417 0.00809895 16.5865 0.00841809 22.5804 20.2046 162.848 61.3482 26.7718 63.1218 12.5949 7.53895 7.21197 1.0857 27.1704 13.1801 12.0305 
591.495 495.646 381.887 0 32.5835 451.176 149.485 519.152 778.726 2.69325 0.118514 4.83654 51.342 20.6713 1.05552 19.6575 502.32 24.0377 62.6672 5.49533 138.188 16.083 14.2943 20.5729 488.806 13.5104 27.5909 15.6919 
54.4222 4.85927 5.65235 135.06 0 435.315 92.4934 138.596 0.221783 6.49764 11.1585 166.842 146.713 7.89688 0.018591 72.1249 72.1803 6.55287 7.22236 11.9146 43.0483 56.2656 0.361019 0.460374 37.2963 7.27848 24.2692 49.4515 
459.622 452.068 0.393175 448.094 337.082 0 646.826 80.7036 462.189 40.3165 180.586 36.4331 256.136 20.2984 39.8598 23.4081 476.92 41.3808 65.0145 9.20432 42.2746 11.5033 15.1994 17.4865 468.34 15.344 6.31083 0.324605 
170.729 94.3147 243.166 6.16132 2.20043 799.134 0 213.898 1009.43 453.12 476.883 77.1671 19.5607 75.1448 132.949 20.1679 92.4935 213.263 140.936 10.2037 13.2695 59.1715 45.2834 25.6184 22.6175 76.2298 59.9461 30.9833 
249.394 212.417 101.36 172.829 222.697 10.8934 182.147 0 292.037 193.912 257.332 643.792 0.0788711 24.0729 95.6502 140.334 81.5019 0.0346524 24.3558 1.718 16.0492 0.00183084 11.4896 28.5759 4.49037 225.266 26.3315 112.436 
461.269 849.839 247.287 513.174 334.636 461.06 168.171 280.755 0 48.8155 950.857 76.3075 204.038 151.914 57.412 101.51 498.348 159.373 98.5263 18.0672 88.8151 64.8168 22.6193 8.58053 575.432 136.869 78.883 17.5791 
119.365 38.5792 101.188 75.0431 0.00547962 415.267 86.4487 35.0071 386.587 0 7.95081 191.256 330.401 11.3413 6.50029 52.9567 79.0879 90.9384 107.11 50.5871 95.1062 55.0538 20.2473 32.0172 47.793 2.79902 6.60087 33.745 
178.335 134.316 0.0162719 200.322 208.905 159.638 66.7993 144.385 92.894 44.0264 0 119.38 93.4763 98.1516 145.335 33.0284 12.7563 125.966 120.394 86.4119 93.6104 75.4997 28.7096 5.04045 145.968 9.39808 86.1873 93.2406 
189.144 211.014 184.425 150.058 21.6435 153.673 197.667 1020.93 18.814 193.094 508.826 0 105.281 154.991 5.73722 184.387 53.0054 19.8464 98.187 2.23205 8.08702 11.3947 55.7437 173.966 317.534 394.004 111.465 9.0215 
108.281 9.37373 48.7016 57.5404 14.6867 57.4129 75.3662 110.673 65.7794 325.782 0.200794 55.1213 0 150.192 29.308 73.8061 54.9133 106.094 81.087 18.4696 18.0914 17.9234 14.1259 22.0149 0.370444 52.8317 6.80902 31.0991 
28.3686 4.73006 5.05388 19.9089 69.9016 0.960665 84.5402 110.379 109.247 27.6654 63.2034 134.121 30.8616 0 61.9835 16.1887 18.9217 25.6383 1.62908 0.134628 6.54652 6.31597 0.174862 1.42377 16.5607 5.30603 5.16692 7.79436 
46.3126 24.1188 29.2525 35.4349 0.140901 37.3769 41.1764 28.9869 75.9672 130.571 75.8652 130.619 104.723 23.04 0 64.5505 7.35313 10.4955 29.0256 1.13509 3.23512 16.9938 2.89897 28.0909 1.62918 25.1634 6.84551 17.3381 
20.0075 62.8076 3.50658 42.994 0.927724 0.613139 41.3688 114.34 35.282 91.7288 207.951 482.875 63.8724 9.56249 4.2402 0 0.329025 57.7776 4.31403 2.89325 54.9129 10.7857 9.37741 2.64066 14.0095 14.6446 1.53234 3.73122 
549.119 599.324 51.5848 448.336 154.008 502.254 10.3864 9.4691 503.205 29.6059 75.092 48.2283 0.00736999 0.569402 9.02547 2.56843 0 177.023 344.548 33.1559 66.9213 14.0387 3.58921 0.548611 448.511 17.8292 4.20768 14.5 
138.562 426.079 92.0013 138.085 231.639 0.0945925 78.9333 126.033 71.2623 132.704 90.3289 49.8482 99.2602 11.9024 53.6908 24.7393 282.066 0 3.95245 0.164315 70.0169 38.2386 10.7347 0.28908 26.3228 49.6188 41.2122 48.3879 
7.67821 6.78117 13.9093 61.8583 22.8645 17.4408 59.7781 2.44147 29.3129 121.5 109.725 0.000919719 54.3721 16.9225 1.78211 26.6906 230.651 135.866 0 11.5323 31.7869 24.1728 17.6441 0.838841 12.201 7.70728 4.8444 9.10299 
49.3788 139.366 19.6 14.4353 10.8103 4.62245 54.2285 96.1021 79.9214 44.7589 81.5332 75.7418 16.9204 2.80106 0.147886 1.77502 8.55816 11.8167 35.4295 0 263.123 3.88885 3.03554 0.0019787 1.62026 10.6162 9.4199 2.02712 
239.121 170.94 13.8483 184.405 63.4785 72.5218 143.216 158.308 22.1217 78.0598 77.8199 161.395 70.1791 44.2414 50.2874 7.80196 13.5936 85.7815 11.3059 58.9144 0 26.0395 38.0774 43.1841 60.3614 60.0513 2.26717 15.3038 
17.6704 0.254188 6.73741 15.0403 7.79202 0.0818787 13.0364 1.47877 1.77839 7.76396 18.1749 0.257595 26.5232 0.0325091 0.863571 0.797191 4.20645 22.3053 22.8276 0.00549211 8.8937 0 14.2039 4.39803 16.3667 0.248538 11.9275 10.0686 
37.7106 4.38306 6.64441 13.1763 30.3198 15.4326 64.2511 95.681 60.6552 1.69339 95.082 108.75 64.9834 1.317 1.48232 3.35859 0.000386415 24.7926 13.2502 0.000722536 0.128197 2.46032 0 7.7098 9.75175 6.19806 0.0371148 9.93765 
4.53451 14.8099 2.98173 4.93904 16.7227 10.7526 69.8107 71.7073 52.099 60.4374 63.1343 167.784 63.982 0.0617007 5.36447 17.8431 20.8385 42.1654 23.9615 4.58694 0.783619 5.27237 20.6182 0 1.38521 15.1879 3.22263 5.20496 
501.471 523.202 1.58345 487.159 3.74019 475.731 1.2712 167.854 462.451 21.8237 141.189 303.38 26.9029 0.630445 3.88477 16.9182 448.096 29.1919 21.52 9.27692 16.1201 21.6312 21.93 71.9125 0 84.6121 58.4912 134.767 
67.3877 75.8812 23.8677 42.6352 43.6261 8.37198 7.98587 139.556 136.829 34.1286 163.883 14.6308 53.1055 12.5783 27.3632 22.1987 0.410323 40.791 29.7882 11.6521 57.3485 8.54842 4.5053 11.1942 18.2612 0 29.2326 27.3856 
6.31594 41.4922 4.04388e-06 6.78373 43.5381 18.4308 51.6105 75.2093 64.079 34.792 24.5345 96.2067 3.96244 5.94001 10.8923 12.6785 11.3179 12.342 8.51456 0.8844 2.92591 4.47334 0.139503 18.082 2.3683 3.85149 0 48.8669 
32.0185 34.3127 0.131166 22.8141 6.94848 13.6561 43.3061 104.822 6.54459 30.3234 86.6477 134.398 5.90078 1.61724 5.91385 1.78742 15.4469 51.2527 6.291 8.76481 8.27776 0.0338564 0.740211 0.028169 10.6047 63.2242 7.15368 0 
