0 753.004 1.30407 667.22 68.9833 477.653 116.223 105.454 681.148 0.00468745 33.3317 47.8338 10.0455 43.6821 41.499 79.3536 499.617 173.442 8.05669 60.7548 242.958 7.02403 16.6638 26.9811 507.882 65.048 1.62689 37.7655 
993.569 0 6.84094 493.214 110.732 589.221 467.421 121.271 434.775 239.278 47.4054 161.057 62.841 0.451193 40.9155 78.9305 534.867 1073.04 156.898 43.5004 165.231 30.5345 2.92755 29.4239 454.254 33.4573 53.178 1.68289 
0.0037482 412.447 0 86.6785 92.7229 56.2453 32.1726 142.979 234.652 23.0733 17.0368 77.8176 0.000931718 16.5387 0.000439478 22.8257 19.4411 162.394 61.4645 26.5792 60.4117 12.5872 7.39419 7.40583 1.24736 27.2654 13.0133 12.2851 
594.538 490.866 328.725 0 35.6009 435.627 144.36 45.8276 763.31 3.33858 2.43019e-05 2.93917 52.1682 20.4754 1.27445 20.5541 487.711 26.2649 62.6313 6.21889 713.225 16.1352 14.4874 20.2577 473.54 12.7295 27.5888 16.1175 
60.0434 1.23166 3.95715 137.832 0 448.331 78.9946 142.429 1.01157 3.74645 13.464 165.474 149.157 8.45319 0.0796242 72.4709 74.9766 5.01895 10.854 12.9222 41.5069 56.1428 0.277022 0.563327 36.6029 7.76991 24.6298 49.1094 
446.334 439.531 0.74953 433.287 1041.2 0 883.687 86.1809 458.07 513.557 171.864 39.0478 544.544 20.1098 39.4817 23.0953 461.211 39.2825 63.231 8.87573 43.222 11.729 15.3028 17.5548 453.738 14.9529 6.15315 0.383242 
164.148 76.067 245.841 4.35081 0.449742 713.753 0 227.298 888.277 468.502 481.582 71.4846 22.4431 73.7532 134.481 18.7686 93.5209 215.999 142.693 9.3014 14.4289 59.4713 44.3846 26.4653 21.5184 77.5507 60.0491 30.1654 
242.992 218.529 92.1655 170.992 222.352 8.56079 168.849 0 323.597 190.773 247.871 716.09 0.195865 25.8767 91.2033 131.173 82.2796 0.14543 23.2412 1.29941 18.0409 0.0135506 10.5673 26.447 6.02554 222.301 25.2363 110.659 
449.02 831.14 219.081 508.682 339.124 456.581 269.331 312.219 0 58.0566 582.909 85.6932 203.344 150.587 77.7704 98.515 482.122 155.917 96.16 16.9299 85.8836 65.1508 23.8676 7.81722 560.187 137.869 78.7191 16.6291 
117.067 34.3047 99.5468 73.2437 0.478917 437.221 107.143 38.3362 386.639 0 2.23003 186.636 328.289 10.249 8.12553 54.7402 78.603 93.0559 108.532 50.9929 95.5297 55.509 19.4457 31.2038 46.8607 2.36996 6.30926 34.3721 
176.525 128.597 0.359441 201.476 213.191 168.564 54.3137 134.618 92.8146 28.5558 0 136.055 87.935 91.7344 125.008 38.178 12.1296 123.893 121.228 86.4612 91.7959 75.1597 30.8269 4.1826 145.795 7.79418 86.1736 92.1112 
192.402 212.773 185.568 157.794 19.9912 152.524 191.652 1001.32 14.183 197.524 513.308 0 103.113 156.913 3.28464 217.115 52.237 21.1039 98.4867 1.86815 7.09972 10.844 53.4669 176.36 334.918 388.063 112.409 10.8415 
108.509 8.30813 49.6723 56.791 12.952 66.0197 70.7478 112.374 69.3325 328.724 0.00727697 52.9648 0 152.204 26.8883 74.7926 54.4884 106.14 81.5365 18.0767 17.5367 16.5846 12.7556 21.0023 0.474503 52.5758 7.0295 30.7353 
27.7969 4.29519 5.28823 20.1217 70.0179 1.10811 85.6191 111.853 106.726 26.1421 57.3895 137.182 35.4759 0 61.6688 16.6913 19.0352 26.1423 1.51221 0.121585 6.26782 6.48847 0.0673693 1.6266 16.5319 5.51513 5.27124 7.92507 
45.4527 25.4043 29.7012 35.0353 0.0527136 36.8357 44.1018 32.2913 70.0771 129.405 59.8027 140.341 102.804 18.8992 0 58.2963 7.14139 11.0391 29.3733 1.20254 2.9703 16.9109 2.43759 28.0187 1.88888 25.6644 7.04537 17.6171 
18.9773 61.7534 3.20859 42.9562 0.732309 0.749963 39.6204 105.281 37.977 91.6687 211.852 491.252 62.5494 10.2667 7.54961 0 0.376564 58.082 4.5126 2.99074 55.3988 10.6989 9.64029 3.39315 13.3307 13.6864 1.66118 4.01903 
534.784 584.597 51.9907 433.522 153.89 486.973 9.56795 8.8836 489.59 28.6586 74.3205 47.4475 0.000161935 0.622128 9.25314 2.69243 0 186.416 42.4603 33.0422 67.0927 13.9151 3.49342 0.504954 433.637 17.63 4.11007 14.3466 
133.316 430.815 96.0006 139.36 230.279 0.0113304 83.6168 123.596 74.8848 131.396 92.6595 51.5847 98.6828 12.3242 53.0639 24.1192 284.369 0 4.85039 0.292514 71.4507 38.4088 11.0415 0.230698 26.8628 49.1313 41.0447 48.5709 
6.84131 8.2099 13.1009 62.0439 17.5254 19.0153 56.9493 2.85319 27.421 121.994 110.923 0.0176514 55.3603 16.677 1.61559 26.8776 234.459 137.402 0 11.9042 32.4551 24.0905 17.4907 0.773356 12.4426 7.93599 4.96321 9.28191 
42.4016 138.394 19.1191 13.4312 11.7776 4.35862 52.7559 97.519 81.2399 45.3032 81.0528 74.6903 16.533 2.7611 0.174058 1.69374 8.85977 12.6975 35.5631 0 245.919 3.8502 3.06292 0.0044095 1.70683 10.6973 9.47365 2.10003 
237.318 169.626 12.2047 192.459 65.1299 72.9641 143.493 161.371 24.054 78.9343 75.9504 162.31 69.7799 44.1355 49.88 7.32352 14.0723 84.4393 11.7978 44.2205 0 25.8812 38.2139 43.444 60.2841 59.747 2.41134 14.8993 
17.3786 0.197028 6.63603 14.9602 8.15809 0.0556716 12.5186 1.66102 1.98921 8.28944 17.4828 0.35602 24.9855 0.0544063 0.766927 0.87042 4.31078 22.0146 22.7132 0.00341891 8.72127 0 14.0169 4.17989 16.1112 0.276929 11.9769 10.0375 
38.0577 4.08203 6.49721 13.3813 29.7598 15.3346 63.6565 94.9387 62.1142 1.42331 97.3668 107.105 63.2164 0.995698 1.14914 3.08824 7.30593e-05 25.1488 13.0722 0.00178757 0.0947783 2.72819 0 8.92836 9.25501 6.06045 0.0547685 9.96552 
4.19723 15.3723 2.83069 4.65276 16.2284 10.958 70.0898 74.3734 53.4896 60.3823 60.8224 170.657 63.3416 0.0254871 5.97542 19.0407 20.8123 41.895 23.9562 4.63627 0.898837 5.04396 20.8207 0 1.09891 15.0174 3.02507 5.03854 
485.691 507.882 1.40167 472.642 4.06502 460.918 0.988206 170.98 448.859 20.9221 142.109 37.149 27.5047 0.731341 3.52041 12.5498 433.189 28.6489 21.746 9.15148 15.5777 35.3152 21.7505 73.8587 0 63.8103 99.6928 142.051 
68.1798 76.5095 24.1675 42.2633 42.8491 8.73444 7.15022 146.568 137.833 35.3111 162.931 7.80085 52.8641 12.6526 27.7706 21.2834 0.36114 40.2127 29.8735 11.6047 56.9406 8.47322 4.36695 11.4651 17.6311 0 29.8964 29.8644 
6.03502 41.1104 0.00179837 7.02354 43.3066 18.5263 51.9949 76.2896 63.4489 34.4115 25.3712 94.7314 3.78985 6.04445 11.1007 12.8949 11.1924 12.0739 8.37354 0.926662 2.76784 4.56667 0.110389 18.2075 2.82931 3.38283 0 53.0639 
31.3883 33.6707 0.173283 23.206 6.62528 13.422 44.1207 102.851 5.93421 30.9603 87.901 137.715 6.16824 1.71249 6.19526 1.99879 15.2962 51.2347 6.45141 8.68343 8.60691 0.0427331 0.688243 0.0455952 10.7101 63.5263 5.07 0 
