0 601.081 0.0128546 396.711 84.1212 256.679 99.9293 87.3787 459.809 0.205095 27.6788 56.8385 11.9539 42.5633 43.6493 79.9566 268.627 161.658 6.04288 49.0417 240.261 6.487 17.6954 28.5403 280.234 67.0935 1.27752 39.253 
784.465 0 40.3718 293.74 65.1255 380.027 499.911 104.857 213.884 241.59 58.5324 169.596 57.4337 0.863296 44.4903 80.3158 300.971 419.218 151.648 51.1792 161.002 29.486 2.3392 31.0244 224.667 30.8147 53.5027 2.21894 
1.73164 347.105 0 28.2528 79.5863 59.4753 49.1946 119.47 302.752 28.177 27.3294 88.6485 0.105636 16.39 0.0878185 23.3709 17.6048 160.45 61.6188 26.0315 53.8216 12.5616 7.03796 7.88055 1.68714 27.437 12.6011 12.9046 
411.01 291.051 179.707 0 43.3656 206.809 131.297 378.538 530.425 5.19525 0.680197 0.274122 54.1457 19.9703 1.89275 22.7496 260.839 32.022 62.4428 8.14334 463.495 16.2554 14.9491 19.4647 245.044 10.8825 27.5604 17.1586 
74.5717 2.46925 1.06903 144.114 0 450.599 49.7033 151.622 5.33058 0.183275 19.9479 161.87 154.791 9.88094 0.407392 73.2243 81.8149 2.11769 22.6529 15.5268 37.806 55.8026 0.118322 0.85817 34.9035 9.0297 25.511 48.2471 
223.156 220.018 2.09027 206.3 357.781 0 353.647 99.7843 268.485 651.114 149.967 45.6862 400.213 19.6105 38.4282 22.2903 231.722 34.2834 58.7359 8.08395 45.5247 12.2775 15.538 17.7022 226.933 13.9938 5.77255 0.546626 
147.767 38.7513 249.425 1.23367 1.73718 463.467 0 259.54 560.75 496.129 486.968 58.2343 30.2099 70.2316 137.685 15.5181 95.9215 221.945 146.611 7.2549 17.4419 60.1545 42.1659 28.5584 18.9142 80.6593 60.2599 28.1815 
226.377 232.777 70.7223 167.862 220.918 4.00874 137.113 0 400.46 182.575 224.055 871.198 0.701469 30.4831 80.3663 108.846 84.1235 0.736246 20.6009 0.520205 23.3453 0.0878001 8.45855 21.5168 10.6834 213.412 22.6262 106.106 
228.941 590.907 151.986 308.723 347.878 266.206 576.261 389.284 0 83.2824 70.5907 110.217 201.077 146.773 150.439 91.0424 251.382 147.24 90.303 14.279 78.7553 65.9231 27.0142 6.09004 331.553 139.921 78.2545 14.3969 
111.267 24.7663 95.1984 68.7389 4.83088 473.679 163.907 46.9634 382.872 0 3.09698 174.843 318.951 7.78428 12.7966 59.0359 77.3324 98.154 111.769 51.9286 96.4745 56.5526 17.5239 29.2135 44.5483 1.4678 5.62017 35.8923 
171.746 114.681 3.06276 203.346 223.047 189.712 28.7505 111.447 82.3999 4.53092 0 179.512 74.7518 76.3262 79.4882 51.9612 10.6551 118.707 123.102 86.4822 87.3174 74.2629 36.2154 2.41403 144.957 4.48248 86.0571 89.2302 
199.874 216.528 187.489 176.215 16.1986 149.26 176.546 909.74 5.55366 207.726 518.264 0 97.7364 160.911 0.143851 298.229 50.348 24.3119 99.1342 1.1129 4.94717 9.54641 47.9626 181.26 357.627 365.037 114.52 15.9351 
108.937 5.96053 52.0002 54.9067 9.14078 92.5771 59.8031 116.418 78.1986 331.665 0.642259 47.7886 0 155.48 21.3001 77.0206 53.4191 106.146 82.5404 17.1215 16.2073 13.487 9.65965 18.5871 0.782397 51.8977 7.57975 29.8358 
26.3981 3.31558 5.87257 20.6159 70.2124 1.51001 88.0731 115.188 100.332 22.5239 43.9801 144.145 47.6418 0 58.3627 17.758 19.305 27.3747 1.24385 0.0924378 5.60809 6.90531 0.0169448 2.16687 16.4292 6.03036 5.5267 8.24012 
43.3265 28.6337 30.7171 33.9899 0.0161067 35.4029 51.4699 40.9385 56.3196 125.805 27.6656 163.933 97.7066 9.94798 0 42.0295 6.63297 12.4142 30.2041 1.37459 2.36829 16.6848 1.46456 27.6707 2.59828 26.8105 7.53919 18.2801 
16.5404 59.1132 2.52867 42.7062 0.351176 1.14028 35.4124 83.7425 44.8307 91.2218 219.775 493.048 59.2061 11.9673 18.9886 0 0.506021 58.7777 5.01335 3.23268 56.5313 10.4752 10.2465 5.55973 11.7469 11.3909 1.99559 4.75689 
308.5 357.098 52.8987 206.293 153.177 258.448 7.69682 7.52414 265.217 26.3753 72.3934 45.5344 0.0275541 0.760513 9.81626 3.00633 0 208.464 306.146 32.7364 67.4697 13.6109 3.26353 0.405689 206.199 17.1392 3.87527 13.9703 
120.387 429.311 105.607 142.013 226.118 0.148356 95.2979 117.526 83.91 127.983 98.3306 55.8872 97.1819 13.3767 51.4955 22.6156 287.264 0 7.41572 0.759476 74.9318 38.8114 11.8035 0.115575 28.1865 47.9102 40.6214 48.9942 
4.98818 12.2408 11.2013 62.3982 7.34535 23.0655 50.1692 3.99021 23.0103 122.894 113.714 0.146984 57.7441 16.0729 1.24164 27.318 240.915 140.822 0 12.8256 34.094 23.8789 17.1096 0.624141 13.0363 8.50404 5.2581 9.72269 
27.5363 135.398 17.9129 11.0754 14.2888 3.73984 49.1366 100.815 84.3631 46.5914 79.792 72.0456 15.5935 2.66301 0.24684 1.50148 9.611 14.9591 35.8549 0 199.404 3.7553 3.12887 0.0143905 1.92647 10.8871 9.60176 2.28236 
231.751 166.026 8.58599 213.905 69.1665 73.9562 143.946 168.554 29.0623 81.0136 71.3796 164.283 68.767 43.8481 48.8485 6.21015 15.2679 81.1074 13.0353 16.3674 0 25.4886 38.5282 44.0514 60.0428 58.9446 2.78126 13.9243 
16.668 0.0878272 6.38789 14.7579 9.08198 0.0127982 11.2868 2.14978 2.55252 9.63395 15.8322 0.663056 21.3519 0.131327 0.553911 1.06178 4.56973 21.3034 22.4246 0.000409461 8.30442 0 13.5017 3.66085 15.4659 0.352597 12.0924 9.95749 
38.8846 3.3881 6.13708 13.8742 28.389 15.0778 62.1285 92.9693 65.6388 0.860086 102.758 102.85 58.7701 0.386303 0.507695 2.4612 0.00599942 26.0167 12.6358 0.00638469 0.0342659 3.42684 0 11.9617 8.06118 5.72167 0.11225 10.0254 
3.4238 16.7758 2.47465 3.98184 15.039 11.4553 70.6852 80.8515 56.8757 60.1558 55.1973 176.789 61.6614 0.0033309 7.56493 21.8189 20.7406 41.2138 23.9316 4.75495 1.21299 4.49574 20.6932 0 0.826413 14.5673 2.56388 4.6373 
255.986 279.253 1.00195 245.98 4.91189 233.58 0.445229 177.86 224.753 18.7671 143.959 482.121 28.9764 1.00773 2.6971 10.1681 205.667 27.3238 22.2916 8.84144 14.2778 66.0868 21.2936 76.2148 0 33.2536 192.913 78.2186 
70.0205 77.9408 24.8532 41.2319 40.9343 9.63731 5.28915 163.188 139.893 38.2113 159.971 0.0594631 52.2204 12.8068 28.6722 18.9818 0.253987 38.7847 30.0641 11.4788 55.891 8.28566 4.03151 12.1108 16.1342 0 31.4357 35.943 
5.37196 40.1618 0.0199606 7.62102 42.7241 18.7496 52.9047 78.8605 61.8701 33.4674 27.4496 90.9984 3.38256 6.29911 11.6077 13.4148 10.8854 11.4268 8.03127 1.03371 2.3988 4.79654 0.0534679 18.486 4.27747 2.35506 0 63.0263 
29.8467 32.0998 0.300603 24.1449 5.86374 12.8463 46.0955 97.8607 4.56108 32.5116 90.8545 145.391 6.8428 1.95478 6.90018 2.5597 14.926 51.1639 6.84928 8.48117 9.43278 0.0687585 0.568663 0.10568 10.9751 63.4452 1.43988 0 
