0 582.009 0.0517956 367.05 85.5395 231.633 98.4703 85.7847 434.651 0.250251 27.1865 57.6833 12.1347 42.4594 43.8435 80.001 242.659 160.559 5.87324 48.8429 239.931 6.43905 17.7897 28.6822 254.566 67.2732 1.2478 39.3872 
759.469 0 44.6975 270.811 61.4831 355.972 502.266 103.39 189.087 241.714 59.5866 170.351 56.9464 0.907237 44.8166 80.4329 274.734 591.991 151.138 51.8917 160.593 29.3903 2.28885 31.1699 198.833 30.5766 53.5302 2.27121 
2.04396 340.36 0 24.4051 78.4023 59.7431 50.8805 117.35 308.75 28.6584 28.3708 89.6391 0.123737 16.3743 0.103267 23.4165 17.4402 160.215 61.6237 25.9764 53.2265 12.5588 7.00543 7.92372 1.73021 27.4483 12.5633 12.9607 
389.298 268.097 171.027 0 44.0962 181.062 130.078 96.2293 504.003 5.38336 0.810121 0.172278 54.3224 19.9226 1.95472 22.9488 235.243 32.5662 62.4186 8.32864 239.26 16.2658 14.9903 19.3911 219.299 10.7193 27.5562 17.2531 
75.9422 3.29288 0.896466 144.648 0 448.663 47.3292 152.444 5.88913 0.0845427 20.5955 161.524 155.278 10.0153 0.449744 73.2863 82.4352 1.91449 23.9225 15.7732 37.4747 55.7689 0.10718 0.887974 34.7489 9.14834 25.5911 48.1668 
197.928 195.248 2.24452 180.72 445.463 0 623.697 101.03 247.025 624.788 147.951 46.3055 236.127 19.5625 38.3236 22.2143 205.894 33.8389 58.3188 8.01282 45.7329 12.3271 15.5581 17.7142 201.347 13.9064 5.7383 0.562883 
146.264 35.921 249.539 1.04393 2.24523 440.148 0 262.414 530.882 497.892 487.023 57.0788 30.9647 69.9038 137.937 15.2351 96.1318 222.431 146.94 7.08037 17.728 60.2131 41.9628 28.75 18.6834 80.9328 60.2761 28.0024 
224.805 234.019 68.8609 166.29 220.746 3.67779 134.302 0 407.323 181.795 221.852 883.258 0.762835 30.9148 79.3875 106.837 84.287 0.812414 20.367 0.466653 23.8573 0.0977553 8.27737 21.089 11.169 212.493 22.3938 105.678 
204.033 563.868 146.16 285.704 348.514 244.683 606.405 396.196 0 85.7429 457.103 112.545 200.831 146.387 156.377 90.3543 225.442 146.436 89.7664 14.0473 78.111 65.9901 27.3067 5.94294 305.783 140.079 78.2078 14.2005 
110.728 23.9668 94.7806 68.3229 5.44899 475.621 169.412 47.7802 382.258 0 4.22204 173.74 317.816 7.57516 13.2685 59.4208 77.211 98.611 112.046 52.0097 96.554 56.6425 17.3521 29.0327 44.3359 1.39619 5.55924 36.0295 
171.287 113.424 3.43836 203.448 223.897 191.573 26.7983 109.401 80.8364 3.36225 0 183.617 73.5832 74.953 75.7191 53.2906 10.5251 118.228 123.26 86.4771 86.9077 74.1768 36.7191 2.27676 144.852 4.22518 86.0406 88.9601 
200.517 216.83 187.602 177.845 15.8714 148.932 175.149 898.629 4.96318 208.607 518.288 0 97.2424 161.224 0.0618532 305.464 50.1757 24.6125 99.187 1.05377 4.77011 9.43193 47.4676 181.636 357.135 362.381 114.697 16.442 
108.967 5.76559 52.2082 54.7319 8.82526 95.1809 58.8354 116.777 79.0153 331.63 0.777795 47.325 0 155.66 20.817 77.2099 53.3198 106.14 82.6249 17.0351 16.0883 13.2183 9.39678 18.3721 0.814135 51.8324 7.63057 29.7533 
26.2709 3.23246 5.92644 20.659 70.2238 1.54942 88.2828 115.472 99.7362 22.2033 42.8244 144.739 48.8007 0 57.8926 17.8427 19.329 27.4868 1.22068 0.0899817 5.54971 6.94279 0.0274197 2.21887 16.4175 6.07741 5.54994 8.26844 
43.1317 28.933 30.8035 33.8902 0.0253753 35.2652 52.1528 41.7621 55.1214 125.426 25.3001 166.048 97.2164 9.24367 0 40.5359 6.58742 12.5423 30.2782 1.39072 2.31678 16.6626 1.38751 27.6271 2.66789 26.9089 7.5844 18.339 
16.3248 58.869 2.47038 42.6724 0.323357 1.17964 35.0352 81.8424 45.4709 91.1601 220.377 491.886 58.895 12.1191 20.2275 0 0.518717 58.8375 5.05994 3.25492 56.6303 10.454 10.2988 5.7774 11.6088 11.1866 2.02736 4.82629 
282.952 331.422 52.9752 180.676 153.082 232.702 7.53595 7.40566 239.853 26.1703 72.2154 45.3603 0.0332103 0.773761 9.86787 3.03561 0 210.389 230.018 32.7067 67.501 13.5831 3.24294 0.39719 180.558 17.0943 3.8542 13.936 
119.208 427.754 106.465 142.221 225.682 0.184763 96.3728 116.967 84.7409 127.657 98.8437 56.2822 97.0392 13.4738 51.3504 22.4799 287.332 0 7.67441 0.812683 75.2463 38.847 11.8736 0.107059 28.307 47.7972 40.5819 49.031 
4.83344 12.644 11.0343 62.4233 6.62999 23.447 49.5636 4.10271 22.6251 122.955 113.958 0.164962 57.9584 16.0177 1.21001 27.3568 241.255 141.109 0 12.9102 34.2433 23.8589 17.0746 0.61135 13.0904 8.55628 5.2852 9.76298 
26.3536 135.083 17.8014 10.869 14.527 3.68551 48.8068 101.102 84.6396 46.7054 79.6714 71.8002 15.5086 2.65406 0.254068 1.48447 9.68023 15.172 35.8789 0 194.963 3.74664 3.13479 0.0155826 1.947 10.9037 9.61318 2.29921 
231.165 165.673 8.28613 215.564 69.533 74.04 143.972 169.185 29.5369 81.1983 70.9645 164.443 68.6724 43.82 48.7522 6.113 15.3783 80.8011 13.1502 14.467 0 25.4526 38.5554 44.1047 60.0171 58.8677 2.81611 13.8366 
16.6036 0.0800584 6.36531 14.7391 9.168 0.010396 11.1772 2.19727 2.60708 9.76028 15.6852 0.69563 21.0312 0.139957 0.536204 1.08003 4.59355 21.2387 22.3977 0.00028091 8.26686 0 13.4509 3.61473 15.4058 0.359922 12.1025 9.94995 
38.9582 3.32802 6.10435 13.9185 28.2644 15.0532 61.9845 92.7796 65.956 0.815756 103.234 102.447 58.358 0.344277 0.461902 2.4068 0.00700969 26.0953 12.5961 0.00694297 0.0302568 3.49322 0 12.2349 7.95441 5.69072 0.118482 10.0302 
3.35715 16.9053 2.44324 3.92297 14.9323 11.5001 70.7332 81.4361 57.1823 60.1288 54.689 177.282 61.5008 0.00600275 7.71549 22.0579 20.7335 41.1505 23.9286 4.7656 1.24383 4.44669 20.6379 0 0.831989 14.5241 2.52358 4.60124 
230.135 253.497 0.968804 220.403 4.99254 207.944 0.406394 178.43 199.428 18.5748 144.098 84.6626 29.1101 1.03493 2.62711 10.5952 180.019 27.2035 22.3407 8.81304 14.1616 68.0145 21.2509 76.2437 0 32.9495 192.434 70.0189 
70.181 78.0634 24.9121 41.1297 40.7593 9.72048 5.13304 164.653 140.052 38.4752 159.658 0.000130976 52.1582 12.8188 28.7473 18.7692 0.245168 38.6539 30.0802 11.4666 55.7919 8.26834 4.00123 12.1682 16.0016 0 31.5694 36.4914 
5.31337 40.0746 0.0225787 7.67609 42.67 18.7692 52.9852 79.0891 61.7239 33.3806 27.6408 90.6505 3.34661 6.3222 11.6536 13.4614 10.8576 11.3686 8.00032 1.04371 2.36648 4.81755 0.0493028 18.5093 4.43072 2.27019 0 63.8985 
29.7066 31.957 0.313879 24.2288 5.79658 12.7938 46.2737 97.396 4.44474 32.6522 91.1148 146.056 6.90552 1.97747 6.9654 2.61369 14.8922 51.1556 6.88583 8.46256 9.50933 0.0714286 0.558318 0.112369 10.9992 63.3801 1.21759 0 
