0 469.279 2.03006 147.879 100.783 61.0336 83.4573 69.629 262.071 0.994113 22.2454 66.7915 14.1029 41.3487 45.8662 80.3608 62.2905 148.785 4.23227 52.892 235.624 5.94422 18.7867 30.1717 77.2881 69.094 0.956389 40.7843 
578.867 0 101.016 123.648 29.0472 194.814 520.483 88.2943 23.4601 242.133 71.0414 178.052 51.8805 1.43353 48.2503 81.5711 91.4847 1125.1 145.47 59.4845 156.056 28.3833 1.79194 32.6972 19.9193 28.1015 53.7977 2.85527 
6.84905 264.488 0 2.7373 66.1621 62.2762 69.7565 95.4864 367.884 33.8675 40.2847 100.047 0.400002 16.1874 0.340491 23.8549 15.7389 157.179 61.5823 25.3465 47.0463 12.5245 6.66295 8.37665 2.21268 27.5233 12.1638 13.5461 
252.024 120.731 153.583 0 51.9877 3.23449 117.044 740.387 316.112 7.54678 2.8524 0.524731 56.143 19.4044 2.66172 25.0306 58.7448 38.4669 62.0934 10.3699 157.863 16.3694 15.4146 18.605 41.2363 9.05947 27.4953 18.2442 
90.7544 18.9321 0.000898622 149.862 0 411.023 25.6095 160.908 13.3885 1.32455 27.9534 157.724 160.126 11.4718 1.01938 73.8699 88.9226 0.397379 39.0943 18.4517 34.0497 55.3873 0.0234433 1.23129 33.1241 10.4323 26.431 47.3069 
25.5924 28.8949 4.17868 4.64567 1100.66 0 521.921 114.136 120.233 662.425 126.713 52.9475 180.041 19.033 37.1401 21.3918 27.0131 29.2886 53.8747 7.27651 47.9048 12.8446 15.7565 17.8261 24.9903 12.9907 5.38256 0.747495 
130.418 12.441 248.598 0.00734319 11.4507 220.548 0 291.746 244.874 508.457 483.217 45.4925 39.341 66.3892 140.182 12.3972 98.2552 226.981 150.109 5.36742 20.8516 60.7922 39.8217 30.7746 16.3269 83.7102 60.4176 26.1355 
207.775 246.464 50.4065 126.937 218.533 1.05638 105.808 0 476.742 173.28 198.479 983.496 1.56121 35.5664 69.2194 86.1836 85.9611 1.83673 17.9762 0.0797361 29.5184 0.23449 6.4846 16.8158 16.866 201.807 20.0073 101.056 
35.4267 370.049 89.5667 137.216 353.53 117.323 916.711 466.425 0 113.01 12.2306 137.816 197.856 141.97 186.504 83.0692 45.3929 137.874 84.0994 11.7144 71.3969 66.6618 30.4343 4.50167 127.313 141.453 77.6727 12.2082 
104.96 16.2956 90.1868 63.9001 14.1076 480.278 229.378 56.6517 373.137 0 26.2845 161.875 303.181 5.53777 18.667 63.3952 75.8781 103.341 114.767 52.8191 97.3226 57.5359 15.5798 27.1378 42.0884 0.751359 4.93701 37.4587 
166.242 100.357 8.65818 203.836 232.324 210.315 10.3123 88.6365 71.9489 1.61688 0 227.751 61.6639 60.9315 40.8153 67.9018 9.20356 113.127 124.802 86.3533 82.5847 73.2273 42.1317 1.075 143.455 1.97544 85.8095 86.0474 
206.88 219.601 188.156 194.383 12.6219 145.18 160.305 759.32 0.757928 217.337 514.234 0 92.0213 163.982 1.2584 377.104 48.3601 27.8591 99.6805 0.529645 3.10133 8.26645 42.3391 184.871 322.906 329.482 116.415 22.1849 
109.189 3.9079 54.3561 52.8638 5.83379 121.394 48.9978 120.454 87.6783 328.226 2.97809 42.5436 0 156.337 16.0184 79.0566 52.2568 105.995 83.4429 16.1326 14.8592 10.5365 6.83572 16.1657 1.18473 51.1104 8.17176 28.8811 
24.9374 2.42119 6.49804 21.0918 70.2793 1.99095 90.3451 118.248 93.3522 18.9299 31.4303 150.554 61.3692 0 51.4574 18.599 19.5757 28.6619 0.99011 0.0661594 4.95238 7.33145 0.286582 2.79035 16.2729 6.57221 5.79404 8.56186 
41.074 32.1267 31.6485 32.799 0.249419 33.7504 59.4251 50.7381 43.1454 120.964 6.65911 187.716 91.8243 3.26428 0 25.4582 6.11601 13.9181 31.0417 1.56505 1.80903 16.4138 0.699468 27.0523 3.44817 27.8787 8.06224 18.9414 
14.1281 56.2682 1.89568 42.2084 0.100438 1.63094 31.1391 62.701 52.3381 90.3031 225.459 466.808 55.5677 13.6665 34.6091 0 0.661326 59.4296 5.55927 3.49055 57.6278 10.2247 10.8174 8.23786 10.2242 9.10317 2.37382 5.57615 
106.899 153.84 53.7165 4.05116 151.788 54.6187 5.94352 6.21447 65.8346 24.0446 70.3194 43.5312 0.124436 0.91946 10.4141 3.35049 0 229.607 419.826 32.3754 67.7994 13.29 3.0299 0.313311 3.64058 16.6209 3.63568 13.575 
106.846 394.359 115.271 144.067 220.538 0.806949 107.754 111.036 93.5466 124.102 104.198 60.4608 95.4808 14.5073 49.8045 21.0661 286.082 0 10.6417 1.47859 78.525 39.2108 12.6175 0.0372864 29.5738 46.5916 40.1579 49.3998 
3.35149 17.2356 9.34146 62.6164 1.31198 27.5658 43.3343 5.37409 18.7464 123.366 116.415 0.416082 60.181 15.4364 0.90176 27.7522 241.807 143.87 0 13.8055 35.8122 23.6423 16.7027 0.484833 13.6608 9.11062 5.57292 10.1881 
15.8212 131.36 16.6145 8.78889 17.124 3.13504 45.3424 103.99 87.4635 47.8699 78.3464 69.1775 14.6243 2.55998 0.336148 1.31072 10.4158 17.478 36.1066 0 147.688 3.65554 3.19623 0.0309389 2.1679 11.0718 9.73058 2.47901 
224.245 161.702 5.44188 225.072 73.3736 74.8555 144.078 175.561 34.704 83.0938 66.6144 165.936 67.6534 43.5047 47.7182 5.13448 16.5545 77.5565 14.38 1.50671 0 25.0701 38.827 44.6435 59.7115 58.019 3.19418 12.9273 
15.93 0.0201649 6.12834 14.537 10.0904 0.000235995 10.0529 2.72558 3.21325 11.1261 14.1731 1.08421 17.7698 0.246817 0.367197 1.28001 4.84628 20.5598 22.1094 0.000389655 7.8759 0 12.8811 3.14273 14.7622 0.441101 12.2047 9.868 
39.715 2.72779 5.76116 14.3759 26.9555 14.7835 60.4229 90.6839 69.2448 0.420585 108.062 98.0723 53.9716 0.0474218 0.11072 1.86487 0.022343 26.9183 12.178 0.0142113 0.00321467 4.21568 0 14.9913 6.85591 5.36507 0.19392 10.0753 
2.69458 18.2836 2.12349 3.32716 13.8269 11.9666 71.1739 87.5142 60.382 59.7805 49.3941 181.766 59.7393 0.0810212 9.34778 24.3947 20.654 40.4719 23.8884 4.87598 1.5902 3.94112 19.6351 0 1.19593 14.0488 2.11677 4.2274 
50.9868 75.3067 0.653498 44.0838 5.87553 31.0521 0.105441 183.813 25.9589 16.5966 145.275 778.155 30.5119 1.34045 1.94397 21.1042 3.02262 25.9438 22.8509 8.51277 12.9613 73.4684 20.7924 74.5914 0 55.8597 99.3902 23.7871 
71.7924 79.2736 25.4945 39.9758 38.9146 10.6029 3.62886 179.45 141.434 41.2429 155.945 5.87937 51.4683 12.9253 29.4636 16.5198 0.161925 37.2722 30.2359 11.3319 54.7165 8.08419 3.68622 12.7568 14.6491 0 32.9044 42.1332 
4.71542 39.1485 0.0598108 8.26151 42.0901 18.9673 53.8084 81.4344 60.1645 32.4607 29.6683 86.9199 2.97935 6.56393 12.1331 13.943 10.5649 10.763 7.67734 1.15121 2.03968 5.03926 0.0157349 18.7333 6.24184 1.46851 0 72.5657 
28.2368 30.4583 0.470328 25.0941 5.11192 12.2407 48.1295 92.4166 3.31051 34.1213 93.763 152.681 7.57841 2.22171 7.66022 3.2098 14.536 51.0496 7.27348 8.26498 10.3272 0.102503 0.455183 0.194841 11.2493 62.1252 0.00721313 0 
