0 1008.71 18.752 492.657 140.12 514.145 49.7482 35.3867 704.139 4.92312 11.9471 90.8225 19.4994 38.4522 50.7139 80.4124 490.925 118.477 1.30129 62.1856 218.713 4.79104 21.2896 33.837 513.111 73.0452 0.399411 44.134 
929.773 0 288.533 638.142 0.811967 662.141 511.808 54.3129 506.151 236.297 101.835 195.036 39.8727 3.2352 56.7185 83.6503 512.775 414.784 129.257 78.6826 143.095 25.8764 0.81753 36.453 452.549 22.2192 54.2944 4.5713 
29.8526 81.7732 0 95.7067 38.4507 66.1381 122.539 47.3608 463.075 47.6931 76.1469 125.238 1.7529 15.5583 1.50426 24.6059 11.7739 145.427 60.7576 23.4098 32.5717 12.4018 5.81229 9.48715 3.63333 27.3658 11.1566 14.9618 
763.601 635.241 30.4776 0 72.7756 439.919 84.1124 275.421 706.727 14.2976 13.0669 12.3782 60.3529 17.9961 4.83262 29.9997 496.632 54.2802 60.7399 16.0496 253.403 16.5822 16.3942 16.5687 475.244 5.43356 27.2158 20.6642 
129.645 106.846 4.98291 159.392 0 292.741 0.16717 180.28 43.9576 21.8156 50.1817 147.04 169.866 15.4055 3.39666 74.7809 104.521 1.5315 88.7357 25.7258 26.0619 54.2279 0.0776039 2.31435 29.1154 13.9002 28.4994 45.0458 
475.93 501.919 11.2195 445.558 399.075 0 397.023 145.749 709.892 651.869 76.2361 70.2038 674.131 17.539 33.6003 19.1783 459.507 19.0848 42.5874 5.54904 53.1345 14.0931 16.1429 17.9905 463.516 10.7485 4.53439 1.3118 
91.8627 7.28358 229.952 4.95133 62.4049 132.999 0 354.345 31.1697 471.58 440.778 21.7329 63.1573 57.2481 142.46 6.50838 102.816 233.65 155.605 2.10911 29.4511 61.9365 34.4805 35.846 11.0557 89.7587 60.537 21.65 
162.794 271.862 15.5823 0.840792 209.917 1.40485 46.5013 0 611.289 150.052 140.621 982.834 4.72985 47.8436 45.5646 41.2429 89.7505 6.1082 12.6021 0.50468 45.5761 0.824528 2.94518 8.12287 35.2607 168.428 14.5552 88.7524 
497.653 750.261 5.24423 647.154 352.635 706.534 1305.71 605.031 0 187.92 584.353 204.401 187.528 128.457 125.823 64.8982 475.097 115.986 69.9797 6.7659 55.3574 68.0649 38.5589 1.76907 559.269 142.547 76.0036 7.8518 
90.031 3.4549 77.4365 52.6918 51.2228 359.114 376.583 80.5374 331.158 0 150.83 131.009 248.542 1.81195 35.0616 72.5278 72.1438 114.378 119.979 54.4841 98.7006 59.3313 11.4808 22.5139 36.4308 0.00692642 3.53994 40.8879 
152.091 69.7 30.9349 199.427 248.899 248.243 3.00853 44.5722 297.214 76.9045 0 338.241 35.5875 30.6781 0.102587 107.582 6.28004 100.061 127.635 85.4965 71.7943 70.5322 56.2781 0.0191049 137.781 0.0467234 84.7806 78.2945 
219.344 223.218 184.592 229.154 6.09546 133.664 123.036 332.111 6.22075 234.485 471.738 0 78.9077 166.547 19.9128 488.232 43.838 36.5367 100.416 0.000207555 0.499001 5.67874 30.365 187.06 210.263 220.042 119.472 39.3557 
109.016 0.840276 59.3285 48.0136 1.04735 148.508 27.6825 128.766 109.47 297.061 14.3571 31.4585 0 148.591 6.58006 82.4682 49.4745 105.056 84.9127 13.9448 11.9818 5.08784 2.16917 11.1601 2.39083 49.0497 9.56882 26.6788 
21.6633 0.905762 7.94735 22.0026 69.9152 3.29028 94.2907 123.428 76.8517 11.6939 10.0742 161.308 93.7584 0 28.0359 19.3347 20.1425 31.5515 0.520264 0.0227853 3.60449 8.24394 1.97952 4.35544 15.7411 7.79 6.39641 9.25472 
35.9171 40.3521 33.2181 29.7816 1.79042 29.5289 77.8169 74.9701 19.3104 106.46 12.7697 234.21 76.905 1.91868 0 1.45005 5.00683 17.5445 32.8061 2.03307 0.816187 15.6773 0.000542245 24.7641 5.73883 29.7425 9.26248 20.3 
9.25593 49.5929 0.783179 40.2262 0.0943149 3.03339 22.1225 24.113 70.1586 86.5813 227.9 322.509 46.9667 16.9157 71.5613 0 1.08626 60.6107 6.87162 4.08783 59.7581 9.60081 11.8259 15.179 7.39213 4.61529 3.3287 7.57671 
545.422 587.22 55.0488 442.447 146.302 488.596 2.78269 3.692 510.179 19.031 65.4332 39.0114 0.599294 1.33136 11.794 4.18583 0 267.07 269.583 31.4085 68.2989 12.5554 2.52823 0.14796 440.966 15.4338 3.11716 12.6767 
77.0577 245.032 134.901 145.895 203.651 4.20136 136.094 96.0109 115.689 114.274 117.084 70.9913 91.1654 17.1641 45.8162 17.6687 267.955 0 19.8409 3.9519 86.4086 40.0311 14.5161 0.0193636 32.7079 43.4691 39.0344 50.1743 
0.830806 31.1773 5.67379 62.5323 5.79425 38.4505 29.1511 9.21036 10.5539 122.646 121.644 1.52454 65.4342 13.9857 0.330565 28.6303 216.244 148.65 0 16.0672 39.6956 23.0512 15.7537 0.233754 15.0823 10.5241 6.30774 11.2549 
6.08054 119.139 13.6011 4.44084 24.2273 1.94174 36.8496 110.041 93.766 50.4791 74.6253 62.3712 12.493 2.32626 0.586717 0.921038 12.2977 23.6824 36.4709 0 44.8268 3.42846 3.34207 0.0911963 2.75508 11.4358 10.0017 2.94456 
201.574 149.982 0.920377 173.556 82.7482 76.3512 143.084 189.223 48.7959 87.4116 55.9917 168.092 64.9405 42.5708 44.9835 3.05434 19.5884 69.3407 17.5966 26.4907 0 24.0953 39.3879 45.8135 58.6702 55.615 4.22344 10.7679 
14.2846 0.0428886 5.54331 14.0039 12.5185 0.0934076 7.48379 4.26508 4.96968 14.7922 10.6965 2.40727 10.6559 0.635626 0.0847261 1.83739 5.492 18.8826 21.3489 0.0121199 6.93657 0 11.2169 2.08332 13.0805 0.675678 12.426 9.64413 
41.4544 1.48909 4.92029 15.45 23.7318 14.0275 56.1979 84.7308 76.9972 0.000240318 118.542 86.2491 42.8503 0.487272 0.280431 0.787314 0.0974274 28.9277 11.1402 0.0432183 0.0545717 6.15979 0 19.9258 4.3691 4.55859 0.458346 10.1396 
1.35688 21.8221 1.41614 2.04 11.2194 13.0814 71.7658 101.834 68.0911 58.4204 36.8161 187.206 54.8349 0.625311 13.6554 28.3929 20.4153 38.6897 23.725 5.13688 2.62229 2.77793 14.3952 0 4.41367 12.7181 1.24914 3.34489 
482.581 508.979 0.136443 482.316 8.33517 468.166 0.202994 192.155 472.715 12.055 145.874 149.33 33.9479 2.24657 0.678077 65.4021 440.156 22.8595 24.0683 7.75665 10.1635 9.05326 19.5913 57.094 0 110.161 189.089 137.008 
75.1771 81.6391 26.6377 36.5319 34.3152 12.8414 1.00345 210.016 142.551 47.997 143.611 67.6632 49.4823 13.0288 30.6385 11.0317 0.0296695 33.7992 30.5187 10.9447 51.7906 7.61043 2.9344 14.082 11.6788 0 35.6106 54.255 
3.37556 36.7843 0.228001 9.7605 40.5674 19.398 55.664 86.7708 56.1237 30.1219 34.8219 77.1638 2.15558 7.15425 13.295 15.0688 9.84239 9.31402 6.89375 1.43706 1.33102 5.59513 0.0129939 19.1214 12.0779 0.221449 0 88.3156 
24.6275 26.7716 0.988788 27.0974 3.58691 10.8662 52.5787 79.4718 1.20587 37.6877 99.588 165.918 9.34832 2.87158 9.44581 4.89398 13.6459 50.64 8.26094 7.76034 12.4569 0.203169 0.2436 0.493776 11.778 54.841 5.84212 0 
