0 963.048 28.6569 411.453 154.557 463.181 39.0895 25.373 647.051 7.07819 8.92675 99.9544 21.642 37.3484 52.4132 80.1327 431.089 107.292 0.645444 51.2628 210.514 4.3965 22.2122 35.1594 455.71 74.2754 0.255185 45.3119 
819.124 0 355.218 608.082 10.2907 612.542 489.87 43.4721 471.322 231.792 113.673 200.395 35.7299 4.06513 59.7619 84.1391 450.249 744.303 122.691 85.6307 137.818 24.9591 0.554416 37.8078 394.294 20.1779 54.4164 5.29083 
41.6428 35.3441 0 160.396 29.6945 66.6266 142.484 33.0631 472.968 52.9441 90.8621 133.957 2.47969 15.2721 2.12581 24.757 10.4293 139.769 60.2036 22.5818 27.7067 12.3438 5.50285 9.88562 4.22697 27.187 10.7839 15.4633 
721.563 605.371 20.454 0 80.6041 383.621 72.3587 1203.26 627.42 17.2158 18.5192 20.4006 61.7724 17.4419 5.76373 31.7068 440.027 60.3583 60.0555 18.2881 478.846 16.6442 16.7245 15.8007 417.237 4.30707 27.0684 21.5285 
144.143 152.576 9.28299 161.576 0 271.837 1.71234 186.674 58.9098 35.0368 59.539 142.729 172.557 16.9474 4.59838 74.9212 109.954 3.67449 109.94 28.5763 23.3431 53.7301 0.190235 2.79091 27.664 15.2614 29.2489 44.1762 
424.518 460.869 14.4735 390.721 572.984 0 1156.83 156.578 708.964 612.454 59.643 76.6698 655.11 16.9355 32.1194 18.318 401.129 15.8001 38.4673 4.95848 54.977 14.5346 16.2457 18.0101 407.245 9.94704 4.2373 1.55488 
78.5038 24.4846 217.861 9.35171 89.5202 287.824 0 372.332 175.579 437.602 414.784 15.0451 72.7188 53.8043 142.104 4.79589 104.22 234.395 156.741 1.28379 32.8695 62.2492 32.5321 37.7046 9.35042 91.6441 60.4984 20.0713 
145.95 278.941 7.55616 28.1891 205.708 3.95932 30.0828 0 641.139 140.987 120.316 893.847 6.30013 52.5219 37.7314 28.1268 91.0009 8.26803 10.8474 1.14939 52.0721 1.12853 1.98648 5.68098 43.2899 154.387 12.7424 84.0235 
451.404 668.51 0.198014 615.702 347.587 705.813 1229.51 636.912 0 216.156 566.277 229.053 182.771 122.762 171.49 58.3651 415.739 107.877 64.8584 5.27248 49.783 68.4827 41.6285 1.07826 500.151 142.119 75.2746 6.47889 
84.4322 1.10482 72.4093 48.5786 69.522 275.996 422.151 89.7578 309.909 0 214.08 119.5 223.685 0.947075 41.8972 75.543 70.6355 118.122 121.31 54.9671 99.0143 59.8337 10.102 20.8653 34.3519 0.0414469 3.08274 42.0936 
146.406 59.3766 41.9959 195.956 253.288 258.26 12.4817 31.715 444.774 128.441 0 376.015 27.5466 21.757 3.74368 122.574 5.34116 95.1791 128.311 84.9903 67.8544 69.431 61.6109 0.322448 134.958 0.654777 84.2447 75.2994 
222.639 223.363 181.573 239.035 4.27778 128.748 109.615 192.643 13.7719 238.996 445.827 0 74.1026 165.939 31.8493 495.354 42.1832 39.9094 100.511 0.0816381 0.102076 4.84454 26.3246 185.761 225.214 175.97 120.151 46.5093 
108.696 0.277844 61.003 46.1766 0.261316 142.712 21.1857 131.492 117.408 278.527 20.5076 27.7206 0 142.608 4.10627 83.28 48.409 104.51 85.248 13.1657 10.9935 3.55871 1.10092 9.51787 2.93126 48.2048 10.098 25.8623 
20.4843 0.532196 8.4824 22.2751 69.605 3.83183 95.2973 124.686 70.7107 9.41273 5.09448 163.823 105.215 0 19.0954 19.1799 20.3334 32.5951 0.385297 0.0125472 3.1607 8.555 2.88506 4.95725 15.4876 8.22596 6.61477 9.49411 
34.0269 43.433 33.5941 28.5829 2.69733 27.8537 84.4919 84.2628 13.0555 100.136 33.2822 247.499 71.0639 6.36042 0 0.0874202 4.62365 18.9391 33.4022 2.21616 0.549451 15.3679 0.114619 23.6536 6.6887 30.2158 9.70448 20.7441 
7.69877 47.0966 0.493827 39.2227 0.286119 3.63999 19.1052 14.0909 76.8103 84.6813 225.138 253.262 43.7509 17.8111 81.4591 0 1.26654 60.9385 7.37586 4.3096 60.41 9.35473 12.0843 17.7732 6.59967 3.29063 3.70922 8.34765 
488.881 528.343 55.3514 386.317 143.521 430.581 1.91636 2.92723 456.029 17.3018 63.5891 37.3704 0.860508 1.4996 12.3062 4.50983 0 276.313 152.728 31.0051 68.3956 12.2843 2.35451 0.10274 384.326 14.9962 2.93603 12.3476 
66.7603 210.906 141.063 145.573 196.151 6.07882 146.26 90.4614 123.766 110.363 121.613 74.8743 89.4362 18.1649 44.311 16.4713 256.394 0 23.8037 5.13845 89.1842 40.3013 15.2276 0.0678722 33.847 42.2854 38.5987 50.407 
0.328975 37.0724 4.538 62.302 13.5993 42.5706 24.5066 10.846 8.10246 121.77 123.233 2.1002 67.2499 13.4541 0.19136 28.9139 197.931 149.636 0 16.9042 41.1073 22.8165 15.3981 0.164403 15.6031 11.053 6.58366 11.6486 
8.65531 113.739 12.4951 3.18267 27.0274 1.57068 33.8178 111.832 95.7982 51.3274 73.1191 59.7963 11.7388 2.24091 0.694641 0.793974 13.0028 26.0997 36.5322 0 19.8458 3.34512 3.39295 0.121028 2.98283 11.5493 10.0936 3.12127 
191.59 145.095 0.205026 145.75 86.0965 76.7072 142.278 193.376 54.3374 88.8459 52.196 168.323 63.8856 42.1765 43.9278 2.4217 20.7356 66.2965 18.8275 54.1297 0 23.7298 39.5525 46.1806 58.1907 54.635 4.63155 10.0148 
13.6933 0.111944 5.33095 13.798 13.4527 0.169282 6.62682 4.90737 5.69923 16.2211 9.52902 3.01623 8.44819 0.819868 0.0308048 2.0616 5.73452 18.2728 21.0552 0.0204702 6.60423 0 10.5366 1.74095 12.4417 0.772979 12.4954 9.55508 
42.0392 1.12695 4.61853 15.8189 22.5665 13.7221 54.5404 82.3091 79.6583 0.0466849 121.772 81.6533 38.7928 1.04365 0.709101 0.500543 0.137987 29.6494 10.7615 0.0576971 0.115324 6.90442 0 20.7113 3.56672 4.26675 0.581886 10.1463 
0.978896 23.1518 1.18982 1.64148 10.3175 13.4713 71.8027 106.702 70.8024 57.7514 32.489 187.107 52.8736 0.943546 15.2619 29.0772 20.3135 38.0047 23.6427 5.2274 3.05971 2.39091 11.8632 0 6.34166 12.185 0.985053 3.04028 
423.791 450.836 0.043338 425.796 9.32582 411.352 0.537798 193.332 419.789 10.5394 145.267 952.598 35.1831 2.62665 0.374972 72.7587 383.448 21.7501 24.4953 7.47727 9.20874 2.0422 19.1354 47.9233 0 71.1069 123.829 68.0741 
76.1855 82.271 26.9431 35.09 32.635 13.6696 0.447831 218.458 142.131 50.3974 138.104 103.738 48.663 13.0092 30.8446 9.14912 0.00775235 32.5185 30.5851 10.785 50.6352 7.43169 2.6724 14.5113 10.7535 0 36.3628 57.6619 
2.93789 35.8984 0.316189 10.3229 39.9818 19.5335 56.2739 88.5369 54.5913 29.2494 36.7408 73.4577 1.88587 7.36604 13.708 15.4531 9.5797 8.80383 6.61374 1.54822 1.10854 5.80006 0.0405656 19.2025 14.5773 0.0389842 0 91.4012 
23.3269 25.4403 1.22346 27.7732 3.09246 10.365 54.1412 74.5987 0.693698 38.9568 101.433 169.499 10.0293 3.12336 10.1147 5.57398 13.3185 50.4387 8.63056 7.57116 13.269 0.248282 0.182275 0.635816 11.9173 50.9124 10.882 0 
