0 986.007 208.192 775.541 133.002 540.31 233.442 206.204 619.085 135.569 173.476 12.972 103.267 47.6689 61.5169 50.4503 473.339 17.1852 53.5799 60.2377 166.782 28.2981 19.8887 5.98727 469.28 68.4148 11.297 5.1387 
715.743 0 212.754 461.33 274.556 452.962 463.902 107.806 487.082 100.774 241.264 220.524 144.05 59.4099 0.0430956 79.7706 464.938 650.58 101.849 49.7605 0.292131 1.97335 21.4646 0.00670213 497.354 1.48856 32.5976 2.02714 
210.79 369.005 0 237.111 138.848 11.7569 8.91016 215.165 439.269 114.327 202.088 57.8674 0.164245 11.5648 3.16357 17.411 26.3964 85.1397 7.99767 27.3649 56.2159 4.23136 5.76729 13.9059 0.0712312 0.00300463 10.0737 6.29732 
500.26 462.482 302.041 0 124.64 450.382 131.297 1075.09 689.379 31.2416 4.6093 257.001 52.9762 9.12279 37.3478 13.9718 479.987 30.3419 59.7379 22.1706 469.846 5.11654 1.03187 17.9907 451.831 22.8842 23.4209 33.0249 
143.474 71.7067 28.5857 159.379 0 345.864 407.736 222.458 0.291526 145.921 209.492 176.574 178.396 70.2324 23.7056 27.4843 135.878 234.324 299.833 38.0341 28.8352 53.997 9.54342 0.106099 65.9706 43.0066 33.1895 26.0223 
570.742 594.245 22.7976 456.875 550.92 0 931.668 161.52 614.623 693.766 224.489 5.5372 191.427 9.42501 19.1179 10.8117 462.675 0.792057 5.40179 6.62813 61.8123 1.38232 3.66533 0.101624 473.146 14.7787 0.0852925 5.45187 
195.466 79.984 227.686 1.23367 270.422 168.543 0 283.543 1281.91 456.728 183.606 0.186493 178.94 2.28164 107.787 33.9096 94.5401 4.92813 154.374 90.0553 51.6707 32.2262 9.06397e-05 64.4393 15.2486 0.388799 58.8705 64.1386 
68.2348 230.265 251.837 14.8825 120.514 187.471 113.741 0 73.0877 185.261 3.23763 992.884 47.3217 98.1856 145.59 134.275 36.661 8.00632 87.9874 106.557 183.224 6.47307 33.2508 60.4958 33.0417 7.09814 30.0573 0.204099 
668.973 795.556 44.6074 452.769 324.794 617.854 0.0751491 66.1063 0 167.62 624.798 1.02351 175.484 67.7712 123.749 103.695 530.872 3.10459 127.772 33.0686 177.775 67.3832 4.634 1.64885 460.652 141.701 76.3819 28.74 
3.80675 201.023 1.42145 32.2571 99.7975 12.8396 90.8975 33.8565 79.2113 0 602.734 1.96381 110.703 38.2927 119.79 7.0856 4.17832 20.2359 78.969 12.3764 18.6996 40.159 17.7826 7.32762 29.5679 61.7978 0.112204 3.57303 
29.6108 108.363 233.102 190.495 11.4577 109.316 403.661 16.9278 300.875 577.512 0 247.038 2.6765 167.258 386.657 225.412 28.2068 71.3821 108.41 0.142105 4.03251 60.7617 17.4584 23.054 133.32 110.332 38.312 84.6133 
146.244 181.086 178.522 52.6005 40.0543 156.22 45.6191 356.138 174.593 189.529 510.114 0 118.236 151.933 258.797 17.5281 24.262 148.424 60.8659 27.9834 7.31382 47.5527 5.57914 15.9462 90.9449 385.21 53.215 127.613 
2.57631 94.7203 52.6228 0.0859783 4.52029 159.921 8.4784 147.934 128.118 55.2799 62.9011 68.922 0 62.3986 52.5491 82.8501 42.3254 35.901 12.3484 12.3593 1.4451 16.8786 78.6099 70.2397 28.9174 16.9305 37.1096 10.6368 
53.8603 38.292 0.146067 22.5387 12.8068 13.9818 40.654 117.707 115.886 57.6524 193.04 129.501 156.295 0 61.792 15.6036 6.68053 26.4783 0.111391 1.10234 0.0046949 1.7152 0.605106 5.97398 9.11118 5.77472 6.56891 2.14714 
2.08842 3.49031 20.6243 5.78221 28.147 23.8575 135.315 2.58932 122.008 20.0484 338.736 167.737 116.645 19.8014 0 48.0179 2.46219 18.6254 3.91669 0.57645 24.3149 7.01097 23.3783 12.2667 16.5225 4.73022 0.249149 21.8705 
60.1019 60.2036 5.74957 2.28018 53.3875 22.3173 14.399 160.041 65.431 64.6305 67.7209 142.015 24.2962 19.2163 14.3368 0 21.6862 29.1105 7.53765 1.66451 5.23495 0.318489 0.892013 4.32354 15.4114 32.654 18.8588 21.7178 
551.022 551.468 47.7296 493.742 121.401 492.601 23.4098 50.3877 490.039 52.6523 88.2724 20.0639 3.04301 22.0774 29.0972 24.905 0 28.1963 381.558 30.7885 61.0749 19.128 19.14 20.6897 477.542 1.84963 16.5629 20.3767 
2.08847 462.92 0.28756 27.1225 11.7651 29.3677 118.767 158.933 218.499 139.963 141.587 129.824 65.5227 12.6083 55.5676 55.3529 162.371 0 94.84 2.874 47.3937 1.39075 44.8124 20.1168 39.4777 59.645 11.84 24.6204 
51.1051 85.1095 61.4152 62.1733 261.729 88.6456 33.0353 115.386 154.864 48.8131 119.459 25.0817 44.592 11.9483 25.2471 28.9991 214.287 123.173 0 4.99231 40.6622 0.0554832 0.0440558 17.9769 30.7208 24.6418 4.51891 16.7988 
58.9763 136.007 21.482 1.51386 39.7082 2.67 86.5401 0.0115013 63.3756 19.7055 8.17729 12.3806 10.9609 0.191918 0.00457491 9.5383 0.0783895 1.9724 6.0636 0 237.874 5.82084 2.44494 1.51197 0.68398 3.1289 1.14949 10.144 
188.932 1.45662 108.061 13.8636 121.28 25.9533 134.83 172.318 74.6657 3.03306 10.7985 162.112 25.6383 34.232 57.6984 57.998 45.0722 43.8572 18.4358 38.2636 0 29.3358 20.5848 47.0942 49.3972 23.7094 43.8873 0.231561 
17.0248 17.359 0.124319 0.0241402 12.958 17.4227 44.4858 13.2058 4.01298 56.9527 68.8035 14.6953 25.3247 9.60379 3.80752 11.8207 4.55211 25.6446 0.553064 4.57372 31.2864 0 12.9381 7.08603 21.0408 5.00408 4.39172 0.68473 
40.5088 23.8237 6.6691 1.65083 47.6812 0.0240564 6.95878 102.127 32.9826 0.928723 80.9098 48.8234 28.199 0.000917056 21.8271 11.73 15.9935 42.2551 1.38757 3.68713 26.1763 4.14499 0 20.0326 5.17854 1.68471 11.5117 7.57311 
55.1141 3.77224 6.74454 2.90166 23.9458 5.59816 15.4013 38.1587 68.5236 47.2674 2.48583 22.5909 42.1055 1.60725 25.614 20.3341 2.85675 8.25707 2.43466 6.32951 4.58528 6.16631 5.93259 0 36.4987 1.13484 1.29351 7.00193 
450.047 450.502 4.00653 454.723 7.54673 462.528 0.0308498 65.1618 541.014 7.36487 144.77 1061.03 0.768596 5.12715 1.5278 13.5166 477.643 16.3601 26.6067 10.8115 45.2332 61.5102 7.82044 36.0287 0 67.0181 48.9694 88.0441 
71.1944 78.0937 1.66198 44.6636 51.2007 8.89692 97.1149 99.8137 141.685 2.83162 10.7614 92.1308 16.2885 0.0177324 2.73256 32.0494 21.274 54.5261 25.6448 9.34296 29.0438 2.48723 0.639807 14.2855 15.5853 0 4.76696 3.27033 
4.99738 2.18703 0.521852 0.400807 1.43855 17.7426 59.5519 69.3233 77.8039 19.3763 6.59566 119.708 29.8139 7.32166 0.175523 12.0197 21.5911 40.8948 24.3444 9.72878 37.7616 11.883 12.7381 19.1056 8.08743 36.7133 0 76.4059 
59.4658 53.705 20.7473 30.9373 0.562314 22.8495 8.8825 0.137425 45.4246 5.41639 94.9667 162.903 25.1467 8.47441 12.1086 22.6218 19.6285 12.1221 19.7022 0.845934 32.6453 10.4361 3.78761 14.2747 31.8434 17.171 58.2953 0 
