0 562.927 61.4632 24.9792 190.323 119.724 16.8853 6.88473 283.113 14.3054 3.11162 123.792 27.537 34.4107 56.5718 78.6842 65.4777 79.1426 0.00481506 15.5697 185.226 3.44895 24.5973 38.5004 95.8253 76.8789 0.0314853 48.2143 
294.331 0 465.183 306.62 80.1391 262.105 395.079 20.4397 179.101 214.778 144.724 211.829 25.8151 6.60687 67.3637 84.7135 77.9046 1068.72 104.639 102.724 123.135 22.6015 0.109985 41.2323 33.0023 15.2426 54.5827 7.36288 
77.892 6.222 0 281.867 11.737 65.5322 190.628 7.30455 430.742 66.5432 130.46 154.398 4.9034 14.4065 4.17399 24.8337 7.26658 122.404 58.1749 20.2006 16.5907 12.162 4.71553 10.8847 5.92093 26.4347 9.81647 16.7061 
363.865 304.793 262.517 0 100.674 28.4689 44.3423 1286.32 203.423 25.6886 36.3011 48.9528 65.101 15.932 8.46241 35.7123 82.274 76.3475 57.8444 24.2607 270.546 16.7645 17.5005 13.7865 55.9764 1.96374 26.5792 23.683 
180.623 286.59 25.8986 163.806 0 206.573 32.1342 201.123 104.753 80.7117 86.0217 130.754 177.198 21.1412 8.47411 74.8033 122.996 13.3098 167.622 36.2817 16.8978 52.2704 0.7081 4.21201 23.9817 18.9738 31.1593 41.8379 
81.3418 146.732 24.0689 38.9901 939.746 0 1531.7 181.442 463.811 905.332 24.5889 93.326 222.658 15.2626 27.9438 16.01 39.3557 8.61073 28.1858 3.55607 59.5109 15.6276 16.4136 17.9601 50.5932 7.95187 3.50645 2.26839 
47.3393 109.639 176.598 26.5131 173.43 815.2 0 403.314 856.247 314.647 328.519 3.32195 98.6776 44.839 138.282 1.5529 107.15 232.077 157.446 0.0929808 42.2564 62.7899 27.5703 42.4636 5.55573 95.6227 60.196 16.1829 
103.446 291.086 0.156002 138.095 192.464 16.2473 3.75598 0 658.67 116.813 72.5539 524.707 11.3212 64.8022 20.3102 5.28247 93.8721 15.2399 6.88087 3.9936 70.0373 2.1268 0.375727 1.35469 66.4019 115.893 8.55886 71.4926 
123.08 240.396 54.1857 313.463 323.595 461.994 616.867 660.257 0 285.294 796.832 289.843 168.35 106.77 250.852 42.2624 51.5415 87.1164 51.9656 2.2519 36.3513 69.3199 49.6821 0.0799166 135.181 138.996 73.1127 3.51685 
69.9186 1.08064 58.9499 38.1631 124.826 61.0611 498.474 114.112 244.867 0 389.786 90.2159 154.026 3.00753e-05 60.7722 82.3208 66.4263 126.919 123.254 55.8913 99.3484 60.7354 6.88721 16.7658 29.0297 0.886383 2.04155 45.06 
130.734 35.7392 75.9897 182.746 260.159 272.678 64.5184 8.18952 680.649 295.349 0 457.979 11.2058 5.43129 57.3318 159.967 3.25501 82.48 129.146 83.2192 57.8077 66.3248 75.4351 2.79091 125.99 5.41812 82.4781 67.2753 
227.814 220.824 169.84 255.972 1.05511 114.64 76.682 1.92477 45.8858 245.914 359.497 0 61.8476 160.613 72.719 425.053 37.9326 49.0207 100.323 0.968375 0.460738 2.98328 16.9608 177.373 200.276 72.679 120.792 66.5126 
107.247 0.229505 64.9121 41.3276 0.658394 126.969 8.18291 137.67 137.357 217.929 40.7456 18.9853 0 120.713 0.380051 84.2528 45.556 102.608 85.6061 11.2179 8.61295 0.850174 0.00257712 5.81394 4.56065 45.817 11.5042 23.7381 
17.5094 0.0238565 9.85458 22.8201 68.3758 5.3699 96.7675 126.292 55.037 4.57498 0.0198582 166.57 131.264 0 2.53341 17.7675 20.7838 35.2401 0.129874 0.000131747 2.1426 9.28803 5.52721 6.50447 14.6978 9.30805 7.17034 10.0719 
29.1881 51.4417 34.0518 25.3101 5.85048 23.3263 101.016 108.389 3.87947 82.076 121.771 269.744 55.6118 26.3932 0 16.3099 3.69462 22.6792 34.8081 2.71534 0.103407 14.4794 1.30519 20.2511 9.36404 30.8869 10.8444 21.7453 
4.29415 40.6027 0.0523832 36.0204 1.25494 5.41 12.164 0.476754 93.8198 78.5743 209.434 86.0975 35.4593 19.194 88.7211 0 1.79131 61.5214 8.73004 4.88559 61.7631 8.68159 12.4511 23.8138 5.22761 0.851286 4.75893 10.3971 
130.877 163.314 55.6656 30.4949 134.589 69.2834 0.420002 1.35619 104.79 13.1377 58.7182 33.1866 1.7471 1.97569 13.6411 5.38827 0 287.326 511.271 29.8482 68.4316 11.5806 1.93149 0.0239892 26.9154 13.8623 2.49054 11.499 
42.5466 187.129 153.803 142.321 174.104 12.3894 171.236 76.2053 144.134 99.633 132.705 84.8758 84.6358 20.8049 40.342 13.5134 216.643 0 35.2941 8.85418 96.0175 40.9234 17.0984 0.32839 36.7533 39.1471 37.4163 50.8805 
0.0897987 53.8347 2.16318 61.2228 47.3017 53.2148 14.1345 15.6025 3.22468 118.041 126.486 3.99602 71.6303 12.0871 0.00672641 29.5487 139.231 150.246 0 19.072 44.7096 22.1668 14.4629 0.0415495 16.9438 12.4411 7.31183 12.6703 
29.7352 98.0144 9.69898 0.869911 34.6349 0.786695 26.3049 115.334 100.297 53.2348 68.9085 53.0145 9.86493 2.02201 1.0117 0.506789 14.8523 32.6168 36.512 0 2.47107 3.12988 3.51771 0.21686 3.59922 11.7921 10.3119 3.59125 
162.676 131.241 0.73162 129.48 94.4509 77.1452 139.132 201.798 69.3627 92.1617 42.7222 167.537 61.0214 41.0339 41.0846 1.11996 23.7743 58.4132 22.1204 153.961 0 22.7669 39.8755 46.9733 56.7182 51.8773 5.75927 8.17112 
12.198 0.439244 4.78902 13.2418 15.9647 0.466671 4.63404 6.75176 7.78651 20.0865 6.79384 4.88596 3.85759 1.39103 0.0151133 2.68492 6.37473 16.7127 20.2614 0.0519888 5.7759 0 8.66827 0.985247 10.7575 1.0513 12.6452 9.30834 
43.413 0.422827 3.86088 16.7039 19.6118 12.8701 50.0316 75.5429 85.9999 0.659085 128.421 69.3791 28.6576 3.21098 2.65621 0.0557212 0.274731 31.4714 9.78955 0.104475 0.375048 8.83928 0 19.7392 1.82647 3.53024 0.964284 10.1216 
0.285856 26.6465 0.691557 0.804736 8.13179 14.4249 71.4543 118.046 77.4436 55.6218 22.2338 181.705 47.4802 2.0177 19.282 28.709 20.0153 36.1624 23.3757 5.44782 4.3303 1.50554 5.31885 0 12.7926 10.7225 0.443638 2.30641 
60.7488 89.1664 0.0432983 68.1604 12.0895 53.2524 2.12901 191.618 72.4386 7.03565 141.692 1019.68 38.2938 3.71237 0.00416961 52.082 25.8634 18.9479 25.548 6.75358 6.93055 62.0351 17.9362 26.5323 0 43.2777 163.767 120.26 
78.1878 83.3069 27.4392 31.0092 28.3396 15.802 0.0364477 232.121 139.028 56.3212 121.878 213.474 46.3362 12.8175 30.8085 4.87806 0.0166808 29.208 30.6646 10.3313 47.4669 6.95909 2.0363 15.4606 8.83093 0 37.6604 63.0232 
1.94257 33.5692 0.608352 11.7993 38.4047 19.8272 57.6702 92.5901 50.5272 26.9667 41.7396 63.6949 1.27013 7.89941 14.7367 16.3673 8.90677 7.53955 5.90901 1.85054 0.626897 6.33095 0.181654 19.2589 21.5352 0.257528 0 91.6627 
20.0419 22.0688 1.935 29.3583 1.979 9.08478 57.9807 61.9271 0.0214815 42.1184 105.432 175.317 11.8613 3.80233 11.8588 7.45431 12.4709 49.7936 9.60248 7.07364 15.4368 0.384838 0.0646785 1.07964 12.0975 38.6762 29.3145 0 
