0 731.897 77.0242 242.089 203.841 338.201 10.3015 2.62816 491.483 17.9038 1.58732 133.461 30.0794 33.1808 58.1632 77.7986 275.374 68.2296 0.181347 18.5323 173.499 3.09214 25.569 39.8271 307.808 77.6951 0.00189474 49.3364 
437.841 0 472.908 535.279 124.22 473.336 344.854 13.337 421.18 205.812 157.324 215.433 22.1334 7.80238 70.3281 84.6616 285.202 572.911 96.9604 109.168 116.784 21.646 0.0264831 42.5934 244.743 13.3824 54.5889 8.294 
94.1831 34.848 0 283.624 6.6219 64.13 207.505 2.02948 388.537 71.9843 146.559 161.66 6.11042 14.0043 5.1788 24.7349 6.1152 114.386 57.1087 19.1444 12.7489 12.0747 4.40082 11.2776 6.67269 26.0112 9.42068 17.1892 
561.232 533.943 240.919 0 108.606 243.128 34.3099 682.543 388.076 29.4818 44.8948 63.3277 66.3116 15.2876 9.67226 37.1471 295.153 82.8702 56.7658 26.7167 607.282 16.7971 17.7838 12.9586 267.486 1.25756 26.3353 24.5243 
194.651 341.773 34.6904 163.284 0 149.313 54.5519 206.082 125.726 103.078 97.5695 125.563 178.108 22.9302 10.36 74.5569 127.83 18.8561 190.925 39.5344 14.5224 51.6042 1.0126 4.86885 22.5116 20.5633 31.9277 40.8475 
300.524 377.797 28.3146 254.865 581.35 0 837.27 189.975 702.177 843.097 14.2763 99.9891 226.615 14.5402 26.1273 15.0434 250.836 6.25472 24.2305 3.03912 61.2571 16.0521 16.4413 17.8982 264.017 7.17536 3.22384 2.59391 
36.3886 157.431 156.793 35.6475 210.868 917.071 0 408.905 1112.53 256.567 288.005 0.947765 109.547 41.1974 135.557 0.735 108.05 229.396 156.808 0.00116067 46.2889 62.8994 25.5878 44.3773 4.27191 96.8603 59.9891 14.6818 
87.0669 293.376 2.82427 137.001 186.154 23.4514 0.217447 0 640.411 106.815 55.675 357.443 13.7548 69.823 14.5559 1.08378 94.8915 18.6361 5.50469 5.62903 77.76 2.62139 0.0820778 0.437844 76.5496 99.974 7.06823 66.3147 
348.801 423.794 100.039 543.441 309.652 701.147 328.986 644.338 0 310.301 1535.19 312.457 161.672 99.8835 208.467 36.1395 262.078 78.8356 46.8988 1.37586 31.3278 69.5605 52.9913 0.000701678 344.846 136.907 72.1179 2.55706 
64.0496 3.57069 53.3833 34.0625 149.462 12.8682 508.409 124.09 215.668 0 456.244 78.719 125.482 0.152226 68.7166 84.62 64.5882 130.115 123.42 56.1327 99.2872 60.9373 5.72931 15.1709 26.8942 1.54015 1.67538 46.2041 
124.004 27.5472 91.4881 175.742 261.059 273.513 95.5823 2.92375 741.24 367.597 0 482.707 6.5287 1.83895 94.4387 173.968 2.54634 77.3002 129.107 82.3084 53.7864 64.9536 81.0048 4.48047 121.694 8.63914 81.602 63.9083 
228.512 218.597 163.551 259.031 0.360103 108.397 64.2825 15.1684 63.6747 246.715 318.638 0 56.9531 156.943 92.5262 366.151 36.2116 52.8833 100.068 1.60749 1.17813 2.34768 13.6389 171.979 133.677 40.5603 120.591 75.1168 
106.4 0.790674 66.3225 39.3179 1.82176 133.157 4.56173 139.816 145.145 189.799 50.604 15.8306 0 109.681 0.0013441 84.1793 44.3527 101.632 85.5414 10.4517 7.71442 0.275668 0.250366 4.54053 5.31944 44.7621 12.0937 22.8668 
16.3292 0.00649646 10.405 22.9754 67.7 6.04843 96.8929 126.258 48.8397 3.07024 1.25943 166.111 139.757 0 0.133872 16.8097 20.9498 36.2957 0.064425 0.000874591 1.781 9.55474 6.59124 7.10999 14.3228 9.72636 7.393 10.2898 
27.2434 54.6986 34.0231 23.9169 7.46026 21.4312 107.306 118.019 3.17 74.2429 167.574 273.273 49.324 36.0889 0 29.2332 3.34118 24.2563 35.3242 2.92933 0.0224762 14.0823 2.14083 18.6902 10.5319 30.927 11.307 22.0906 
3.17311 37.9553 0.00119794 34.4874 1.84371 6.20826 9.72114 0.329062 100.553 75.6304 199.781 37.9372 32.1316 19.3377 83.3063 0 2.02962 61.6495 9.30269 5.12097 62.1758 8.39285 12.4722 25.7901 4.95988 0.30329 5.21241 11.2472 
343.482 372.682 55.5996 244.447 130.275 280.767 0.119998 0.884383 320.385 11.5721 56.6918 31.5059 2.19568 2.18697 14.1898 5.76347 0 286.254 355.67 29.3301 68.3579 11.292 1.76951 0.00760479 240.111 13.3987 2.31792 11.1534 
33.8817 165.206 157.538 140.017 164.183 15.5313 180.692 70.4702 152.13 95.0364 136.945 88.923 82.5466 21.9021 38.6953 12.3664 197.237 0 40.4369 10.6264 98.6529 41.1456 17.8745 0.490455 37.9217 37.8369 36.9104 51.0208 
0.430151 61.1805 1.43564 60.5855 65.8107 57.465 10.6391 17.7532 1.85671 115.933 127.453 4.93609 73.2802 11.5331 0.0039961 29.7667 115.186 149.69 0 19.9553 46.1576 21.884 14.0748 0.0147438 17.4884 13.0156 7.61538 13.0889 
43.5911 91.0278 8.60166 0.336698 37.8615 0.541468 23.4024 116.283 101.807 53.8914 67.0665 50.2115 9.13289 1.93347 1.15656 0.407042 15.6162 35.3662 36.4298 0 16.1602 3.04206 3.56582 0.263659 3.86163 11.8699 10.3931 3.78831 
149.919 125.149 1.92368 142.413 97.718 77.1237 137.418 204.236 75.7233 93.3485 39.0162 166.647 59.797 40.5173 39.8801 0.72883 25.0431 55.2043 23.508 198.934 0 22.3659 39.9649 47.2316 56.0226 50.6634 6.24959 7.46223 
11.6017 0.634175 4.57094 13.005 17.0279 0.62944 3.91492 7.57943 8.72011 21.7263 5.79789 5.76905 2.47388 1.6609 0.0598575 2.95618 6.64163 16.0826 19.9233 0.0689636 5.4504 0 7.87919 0.733844 10.0624 1.17583 12.6941 9.20077 
43.9156 0.23207 3.56232 17.0353 18.4327 12.4983 48.1093 72.5948 88.345 1.11057 130.389 64.2768 24.7501 4.28272 3.76434 0.00175617 0.343742 32.1966 9.3961 0.127423 0.5234 9.61349 0 18.1726 1.26937 3.23903 1.14577 10.0942 
0.121381 28.092 0.525122 0.545613 7.30185 14.7899 71.1293 122.089 79.9828 54.5932 18.4897 177.444 45.1669 2.54443 20.8121 27.6894 19.8792 35.3817 23.2443 5.53205 4.90574 1.19596 3.1142 0 15.885 10.0981 0.282612 2.03046 
271.629 300.478 0.142703 281.042 13.2981 266.069 3.07352 188.974 289.886 5.78678 139.427 260.963 39.5252 4.19402 0.025433 37.1342 238.99 17.8333 25.9562 6.45826 6.08173 76.6031 17.4416 21.168 0 85.6591 154.6 144.576 
78.7491 83.4801 27.5183 29.2243 26.6132 16.6624 0.293686 234.077 136.947 58.5993 114.576 259.065 45.3041 12.6819 30.559 3.45219 0.047422 27.8603 30.6588 10.1298 46.1037 6.76208 1.79541 15.7769 8.25482 0 37.9123 63.6263 
1.59306 32.6033 0.753917 12.4098 37.735 19.9236 58.1647 94.024 48.8301 26.0252 43.7889 59.6699 1.05257 8.11088 15.1391 16.7058 8.63443 7.04596 5.62911 1.98012 0.468965 6.54803 0.267857 19.2184 24.4663 0.630144 0 88.5733 
18.7368 20.725 2.26754 29.9345 1.5932 8.57002 59.459 56.7882 0.0179413 43.3547 106.732 176.217 12.6375 4.08991 12.5719 8.26334 12.1244 49.4791 10.0059 6.86729 16.3487 0.448805 0.0337153 1.29158 12.0906 33.1923 38.315 0 
