0 809.32 83.4677 344.909 209.009 438.91 8.10381 1.48449 587.898 19.4415 1.11885 137.293 31.1157 32.6848 58.7808 77.3978 372.748 63.9975 0.322971 24.427 168.628 2.95443 25.9568 40.3504 405.973 77.9804 0.000100768 49.7743 
509.926 0 469.254 638.71 143.74 570.455 323.636 10.8997 531.571 201.934 162.311 216.693 20.7259 8.30506 71.4865 84.5942 381.571 836.546 93.8606 111.632 114.198 21.2653 0.00905267 43.1309 342.866 12.6658 54.5814 8.6797 
100.801 52.2626 0 275.072 4.96911 63.4209 213.623 0.829055 368.491 74.1242 152.882 164.359 6.62701 13.8362 5.60555 24.6745 5.67904 111.062 56.6453 18.7108 11.338 12.0378 4.27633 11.4319 6.98212 25.8236 9.26245 17.378 
651.246 637.584 244.606 0 111.707 342.477 30.5838 647.1 475.416 31.0445 48.516 69.4308 66.7705 15.0262 10.1715 37.684 393.68 85.4603 56.3072 27.693 431.242 16.8074 17.8915 12.6276 365.478 1.01776 26.2307 24.8538 
200.057 363.03 38.4854 162.843 0 123.062 64.9324 207.901 134.367 112.456 102.274 123.444 178.31 23.6563 11.1609 74.4264 129.672 21.3206 199.997 40.8474 13.6165 51.3267 1.14933 5.14365 21.93 21.2098 32.233 40.4461 
401.61 483.507 30.0412 354.667 606.233 0 1444.4 193.083 806.816 343.289 10.8909 102.615 463.525 14.2461 25.3879 14.6544 348.845 5.4122 22.701 2.84208 61.9368 16.2179 16.4457 17.8668 362.777 6.87199 3.11348 2.72946 
32.348 177.967 148.585 39.5989 225.963 920.15 0 409.937 1190.33 233.128 271.359 0.400807 113.901 39.7516 134.287 0.491932 108.361 228.049 156.404 0.0287909 47.9294 62.925 24.804 45.1359 3.80333 97.2902 59.8929 14.0966 
80.7515 293.846 4.80661 135.54 183.497 26.6567 0.0152717 0 629.156 102.823 49.4394 294.325 14.7877 71.8214 12.4994 0.287199 95.2738 20.0792 4.9951 6.35767 80.896 2.83305 0.0242696 0.211985 80.6829 93.6788 6.50879 64.2442 
452.555 510.627 121.254 647.706 303.474 806.122 229.963 633.975 0 319.56 805.586 321.006 158.888 97.0968 195.208 33.7821 359.717 75.573 44.913 1.08486 29.4019 69.6402 54.3135 0.0225433 442.049 135.944 71.7023 2.21478 
61.7229 4.96489 51.164 32.4564 159.455 4.73017 508.624 128.059 203.802 0 480.537 74.235 114.361 0.300575 71.8932 85.4572 63.8353 131.324 123.383 56.2068 99.2307 60.9908 5.29288 14.5477 26.0488 1.85083 1.53868 46.6499 
121.271 24.5348 97.8525 172.705 261.106 273.009 109.298 1.55575 770.44 395.669 0 490.911 5.00097 0.92995 111.101 179.266 2.28652 75.2359 129.031 81.9144 52.1954 64.3894 83.2064 5.26371 119.882 10.1253 81.2269 62.5513 
228.558 217.517 160.815 259.601 0.184063 105.837 59.5388 35.8299 71.4519 246.703 301.772 0 55.0201 155.244 100.787 339.316 35.5265 54.4479 99.9368 1.90745 1.557 2.11408 12.3993 169.525 109.065 30.0336 120.435 78.5996 
106.021 1.10883 66.8546 38.5111 2.44756 138.316 3.40154 140.611 148.183 178.294 54.7721 14.6403 0 105.025 0.0381719 84.0733 43.8658 101.21 85.4812 10.1504 7.36734 0.133914 0.462326 4.07219 5.63757 44.328 12.3318 22.518 
15.8636 0.0304975 10.6228 23.0264 67.4021 6.32687 96.8654 126.133 46.4115 2.54906 2.29105 165.672 142.722 0 0.0165421 16.3728 21.0132 36.7133 0.0445907 0.00211524 1.64535 9.65564 6.99438 7.34468 14.1649 9.88911 7.48126 10.3739 
26.4727 55.9942 33.9766 23.353 8.15421 20.6711 109.725 121.797 3.38896 71.0741 186.606 273.737 46.8377 39.8803 0 34.974 3.20417 24.894 35.5209 3.01644 0.00659953 13.9184 2.52725 18.0457 11.0087 30.9047 11.4913 22.2179 
2.77019 36.9007 0.00185951 33.842 2.11001 6.53847 8.81274 1.16365 103.193 74.3873 195.453 23.7073 30.8175 19.3244 79.8977 0 2.12874 61.6827 9.5346 5.21498 62.3178 8.27538 12.4595 26.474 4.90141 0.160953 5.39741 11.5877 
441.871 469.724 55.5417 343.448 128.451 378.746 0.0509258 0.723576 420.005 10.9693 55.8763 30.8389 2.38894 2.27416 14.4096 5.91606 0 284.917 546.463 29.1158 68.3142 11.1764 1.70651 0.00361453 338.794 13.2133 2.2504 11.0153 
30.646 150.564 158.777 138.943 160.096 16.8729 184.325 68.1984 155.259 93.17 138.589 90.5319 81.6915 22.3435 38.0337 11.9183 189.108 0 42.5561 11.3743 99.6795 41.2293 18.1866 0.564246 38.3854 37.3089 36.7044 51.0682 
0.637031 64.1796 1.18525 60.2994 73.8323 59.1355 9.36992 18.6453 1.4134 114.999 127.78 5.33843 73.916 11.3124 0.0147106 29.8472 106.191 149.337 0 20.3076 46.7324 21.7681 13.9187 0.00782253 17.7056 13.2463 7.73773 13.2565 
49.8383 88.168 8.17266 0.192562 39.1663 0.455895 22.2733 116.583 102.356 54.1336 66.3115 49.088 8.84586 1.89824 1.21693 0.370073 15.9226 36.4765 36.3851 0 24.8087 3.00696 3.58459 0.283601 3.9682 11.8974 10.4243 3.86789 
144.713 122.654 2.55617 147.268 98.998 77.0826 136.664 205.042 78.2939 93.7951 37.5642 166.2 59.2988 40.3028 39.3921 0.595524 25.5546 53.9252 24.0691 216.429 0 22.2044 39.9937 47.3241 55.7296 50.1646 6.45034 7.18615 
11.3656 0.722015 4.48432 12.9087 17.4589 0.701125 3.64314 7.92223 9.10619 22.3903 5.41995 6.14115 2.00385 1.77434 0.0860197 3.06716 6.74924 15.8318 19.7859 0.0764165 5.32229 0 7.56231 0.643082 9.78427 1.22736 12.7116 9.15668 
44.1069 0.171603 3.44492 17.1628 17.9663 12.346 47.3293 71.3896 89.2398 1.32334 131.049 62.2326 23.2372 4.72265 4.25208 0.0012833 0.373465 32.4833 9.23941 0.137218 0.589558 9.91761 0 17.3872 1.07345 3.12444 1.22236 10.0805 
0.0749856 28.6722 0.464734 0.455735 6.98052 14.9316 70.9699 123.6 80.967 54.157 17.0724 175.423 44.2274 2.76671 21.3979 27.1502 19.8225 35.0652 23.1881 5.56477 5.14488 1.08118 2.36814 0 17.1719 9.84525 0.228188 1.92421 
369.384 398.384 0.198501 379.563 13.7937 364.584 3.498 187.609 390.284 5.31842 138.395 549.525 40.0105 4.39216 0.0620286 32.324 337.645 17.3929 26.1157 6.34033 5.75602 75.3869 17.2436 19.7845 0 99.7133 109.405 124.542 
78.9313 83.5086 27.5297 28.4957 25.9284 17.0037 0.46537 234.252 135.987 59.484 111.568 276.54 44.8787 12.6186 30.4217 2.94273 0.0641069 27.3226 30.6502 10.0466 45.5483 6.6827 1.70241 15.8911 8.06009 0 37.967 63.5985 
1.46264 32.2149 0.816339 12.6548 37.4632 19.9582 58.3499 94.5601 48.1463 25.6476 44.6087 58.0597 0.971094 8.19434 15.2969 16.8352 8.52595 6.85232 5.51846 2.03291 0.412136 6.63484 0.30692 19.1919 25.6367 0.824263 0 86.8502 
18.2216 20.1937 2.40708 30.1528 1.45027 8.36578 60.0346 54.7488 0.0605867 43.8395 107.197 176.333 12.9522 4.2064 12.8563 8.59211 11.9858 49.3451 10.1682 6.7843 16.7173 0.475713 0.0241207 1.38115 12.0748 30.9775 42.0289 0 
