0 825.484 85.092 367.927 210.276 461.168 7.59429 1.24891 609.06 19.8345 1.01443 138.248 31.3765 32.5604 58.9334 77.2935 394.181 62.9529 0.364702 26.3177 167.396 2.92046 26.0536 40.4807 427.6 78.0481 0.000548115 49.8829 
525.201 0 467.743 661.521 148.763 591.754 318.257 10.3273 556.263 200.94 163.55 216.992 20.3802 8.43279 71.7735 84.5732 402.755 1015.61 93.084 112.238 113.547 21.1703 0.00612181 43.2645 364.486 12.4891 54.5786 8.77728 
102.459 57.0979 0 272.15 4.59186 63.2307 215.091 0.611289 363.238 74.6554 154.449 165.015 6.75902 13.7935 5.71437 24.6575 5.57222 110.221 56.5263 18.6016 10.997 12.0283 4.24533 11.4701 7.06023 25.7751 9.22293 17.4248 
670.643 660.449 248.23 0 112.475 364.41 29.6797 431.496 494.357 31.439 49.4366 70.9848 66.8829 14.9605 10.2976 37.8147 415.397 86.1051 56.1901 27.9361 234.083 16.8098 17.9179 12.545 387.062 0.961675 26.204 24.9354 
201.387 368.242 39.4573 162.712 0 116.431 67.6443 208.341 136.545 114.832 103.456 122.911 178.346 23.8386 11.3651 74.391 130.125 21.9585 202.235 41.1765 13.394 51.2564 1.18485 5.21343 21.7851 21.3723 32.309 40.3453 
423.97 507.007 30.4743 376.71 848.135 0 1380.28 193.831 829.681 408.624 10.113 103.267 614.508 14.1721 25.2021 14.5571 370.436 5.21063 22.3238 2.79372 62.105 16.2591 16.4462 17.8583 384.554 6.79681 3.08615 2.76381 
31.3699 183.2 146.514 40.6114 229.734 917.267 0 410.087 1206.99 227.289 267.173 0.300232 114.989 39.3911 133.954 0.438741 108.434 227.688 156.289 0.0414425 48.3419 62.9298 24.6089 45.325 3.69021 97.3918 59.8676 13.9518 
79.1963 293.924 5.38263 135.65 182.821 27.4854 0.0734484 0 626.003 101.826 47.9302 279.106 15.0511 72.3197 12.0081 0.167695 95.367 20.4474 4.87137 6.54628 81.6837 2.88719 0.015156 0.168162 81.7206 92.1156 6.37228 63.7267 
475.586 529.437 126.772 670.754 301.879 829.073 207.354 631.039 0 321.801 1236.7 323.094 158.182 96.3981 193.027 33.2017 381.217 74.7624 44.4206 1.01745 28.9282 69.6586 54.6437 0.0327758 463.433 135.692 71.5969 2.13302 
61.1435 5.34851 50.6103 32.0582 161.959 3.78454 508.34 129.049 200.827 0 486.362 73.1255 111.617 0.345455 72.6857 85.6588 63.6456 131.62 123.365 56.2234 99.2137 61.0018 5.1862 14.3933 25.8384 1.93289 1.50537 46.7602 
120.584 23.8065 99.4546 171.926 261.09 272.808 112.831 1.28027 778.296 402.563 0 492.803 4.64991 0.750494 115.401 180.56 2.22372 74.7205 129.006 81.8133 51.7993 64.247 83.7539 5.46888 119.421 10.5141 81.1311 62.2112 
228.549 217.23 160.112 259.684 0.149197 105.192 58.3736 42.3134 73.4509 246.67 297.522 0 54.5394 154.8 102.875 332.387 35.3556 54.8404 99.9015 1.98637 1.65988 2.05753 12.0976 168.886 103.662 27.6284 120.39 79.4728 
105.923 1.19667 66.9846 38.3092 2.61824 139.82 3.13765 140.804 148.935 175.406 55.8332 14.3493 0 103.843 0.0641934 84.04 43.7436 101.102 85.4632 10.0756 7.28173 0.106375 0.525362 3.95885 5.71838 44.2184 12.3915 22.4309 
15.7477 0.039255 10.677 23.0381 67.3253 6.39709 96.8516 126.092 45.8096 2.42612 2.59639 165.539 143.423 0 0.0636341 16.259 21.0288 36.8173 0.0402018 0.00250962 1.61224 9.68034 7.09247 7.40257 14.1247 9.92935 7.50325 10.3946 
26.2807 56.3173 33.9618 23.2115 8.33207 20.4811 110.32 122.733 3.48856 70.2805 191.395 273.767 46.2197 40.8081 0 36.4409 3.17031 25.054 35.5692 3.03834 0.00410391 13.877 2.62832 17.8831 11.1286 30.8957 11.5373 22.2487 
2.67359 36.6375 0.00391163 33.678 2.17932 6.62192 8.59194 1.45178 103.847 74.0711 194.332 20.6433 30.4909 19.3147 78.9448 0 2.15387 61.6894 9.59279 5.23845 62.3512 8.24584 12.4544 26.6347 4.89115 0.132317 5.44395 11.6728 
463.552 491.063 55.5244 365.288 127.986 400.327 0.0382058 0.685868 441.997 10.8207 55.6721 30.6727 2.43846 2.29619 14.4646 5.95445 0 284.503 519.269 29.0616 68.3019 11.1475 1.69093 0.00284679 360.552 13.167 2.23367 10.9808 
29.8584 146.408 159.063 138.661 159.064 17.2157 185.219 67.6325 156.034 92.7008 138.996 90.9332 81.4761 22.4541 37.868 11.8072 187.048 0 43.0909 11.5647 99.9336 41.2497 18.2648 0.583499 38.501 37.1766 36.6526 51.0792 
0.695041 64.9341 1.12635 60.2252 75.8875 59.5499 9.06445 18.8711 1.31194 114.757 127.857 5.44135 74.0727 11.2574 0.0184459 29.8667 104.016 149.238 0 20.3956 46.8756 21.7389 13.8796 0.00643272 17.7597 13.3041 7.7684 13.2984 
51.4565 87.4482 8.06643 0.162755 39.4935 0.435617 21.994 116.651 102.488 54.1923 66.1211 48.8068 8.77466 1.88944 1.23222 0.361097 15.9993 36.7548 36.3728 0 27.2371 2.99818 3.58924 0.288698 3.99497 11.904 10.432 3.88785 
143.406 122.026 2.72809 148.299 99.3154 77.0694 136.47 205.229 78.9384 93.9042 37.2041 166.08 59.1734 40.2485 39.2696 0.564292 25.6829 53.606 24.2099 220.718 0 22.164 40.0003 47.3463 55.6549 50.0387 6.50095 7.11783 
11.3068 0.744853 4.46271 12.8846 17.5671 0.719639 3.57662 8.00894 9.20382 22.557 5.3272 6.2358 1.89389 1.80316 0.0933008 3.0951 6.77621 15.7693 19.7513 0.0783387 5.29046 0 7.4831 0.621274 9.71477 1.2404 12.7158 9.14556 
44.1539 0.157907 3.41574 17.1941 17.8503 12.3076 47.1332 71.0863 89.4596 1.3794 131.203 61.7216 22.8637 4.8329 4.37773 0.00305248 0.381079 32.5547 9.20031 0.139723 0.606707 9.99302 0 17.1783 1.02693 3.09598 1.24186 10.0768 
0.065115 28.8174 0.450199 0.434507 6.90114 14.9667 70.9275 123.968 81.2101 54.0459 16.7256 174.89 43.9914 2.82323 21.5418 27.0041 19.8081 34.9857 23.1738 5.57286 5.20539 1.05331 2.19547 0 17.4971 9.78178 0.215472 1.89802 
390.911 419.947 0.213878 401.278 13.9187 386.3 3.60827 187.241 412.473 5.20415 138.126 197.953 40.1312 4.44214 0.0736796 31.2986 359.397 17.2833 26.1553 6.31087 5.67585 74.4313 17.1941 19.5091 0 102.428 97.2408 117.521 
78.973 83.512 27.5307 28.3123 25.7579 17.0887 0.514406 234.241 135.736 59.7026 110.809 280.811 44.7713 12.602 30.3841 2.82107 0.0686701 27.1883 30.6476 10.0256 45.4084 6.66281 1.67947 15.9185 8.0146 0 37.9765 63.5675 
1.43088 32.1176 0.832304 12.7162 37.3949 19.9666 58.3951 94.6907 47.9748 25.5531 44.8133 57.6576 0.951225 8.21508 15.3361 16.867 8.49887 6.80427 5.49094 2.04619 0.398495 6.65653 0.317085 19.1844 25.9287 0.876791 0 86.3778 
18.0934 20.0615 2.44256 30.2063 1.41554 8.3149 60.177 54.2411 0.0751748 43.9597 107.308 176.341 13.0312 4.23563 12.9273 8.67468 11.9511 49.3109 10.2089 6.76353 16.8099 0.482548 0.021972 1.40395 12.0697 30.4244 42.9629 0 
