0 871.48 92.4645 447.108 215.862 535.806 5.50122 0.440298 678.671 21.6437 0.607557 142.518 32.5579 31.9994 59.6114 76.804 465.159 58.321 0.583749 36.7545 161.788 2.7698 26.4889 41.063 499.429 78.3338 0.00700488 50.3658 
569.422 0 458.047 738.014 171.979 661.787 293.799 7.93653 641.905 196.348 169.099 218.254 18.8549 9.01819 73.0515 84.4583 472.633 308.732 89.5833 114.905 110.606 20.7436 5.10009e-06 43.8627 436.313 11.707 54.5617 9.22206 
109.925 81.0585 0 255.386 3.07521 62.3125 221.37 0.0409537 338.555 77.0242 161.419 167.865 7.3679 13.5985 6.21427 24.5719 5.10285 106.398 55.9748 18.1058 9.52096 11.985 4.10658 11.6411 7.41519 25.549 9.0451 17.6333 
731.532 737.189 278.374 0 115.891 437.664 25.7528 916.876 554.228 33.2316 53.6497 78.1052 67.3772 14.6636 10.8712 38.3855 487.636 88.9938 55.6518 29.0251 781.069 16.8191 18.0341 12.1733 458.711 0.72861 26.0805 25.2995 
207.267 391.095 43.938 162.022 0 87.11 80.3915 210.245 146.423 125.661 108.804 120.496 178.435 24.6636 12.3038 74.2173 132.116 24.9302 212.141 42.6609 12.413 50.9352 1.35116 5.53259 21.1368 22.1078 32.6505 39.8894 
499.11 587.183 32.4287 450.443 164.063 0 829.714 197.052 905.177 814.295 6.95822 106.179 299.075 13.8375 24.3617 14.1184 442.127 4.34907 20.6534 2.58057 62.8529 16.4422 16.4456 17.8173 457.067 6.46215 2.96434 2.92066 
27.1317 207.149 137.129 45.2839 246.642 886.206 0 410.222 1266.78 201.236 248.269 0.0270841 119.875 37.7765 132.378 0.236887 108.742 225.945 155.709 0.12679 50.2078 62.9433 23.736 46.172 3.20165 97.8195 59.7481 13.3071 
72.3244 294.076 8.36719 140.134 179.726 31.3472 0.872835 0 610.195 97.354 41.3862 214.01 16.262 74.5543 9.91102 0.025431 95.7751 22.1398 4.3331 7.42731 85.2437 3.13691 0.000572268 0.0336571 86.4132 85.1413 5.77486 61.4028 
553.762 588.7 152.492 748.451 294.46 904.957 118.13 616.183 0 331.501 740.662 332.235 154.962 93.2475 190.403 30.6354 452.499 71.1418 42.2248 0.74062 26.8358 69.7343 56.1279 0.102502 534.153 134.503 71.1149 1.78354 
58.5492 7.24655 48.1278 30.2844 173.228 5.05538 505.394 133.482 187.43 0 511.206 68.1946 99.4884 0.585748 76.2407 86.5283 62.7844 132.919 123.237 56.2879 99.1231 61.0389 4.71847 13.7056 24.8961 2.32325 1.3599 47.2513 
117.48 20.6514 106.708 168.324 260.878 271.536 129.192 0.372161 815.873 432.805 0 500.515 3.22684 0.180307 135.324 186.223 1.9516 72.4073 128.867 81.3455 50.0259 63.5995 86.2026 6.43858 117.309 12.3471 80.6889 60.6779 
228.405 215.859 156.86 259.77 0.0375403 102.267 53.2379 77.7367 82.7073 246.375 278.289 0 52.388 152.703 112.373 300.359 34.5879 56.615 99.7299 2.3608 2.16308 1.81231 10.7814 165.887 84.4081 17.9757 120.152 83.4116 
105.462 1.63302 67.5552 37.4004 3.45613 147.485 2.0805 141.643 152.281 162.387 60.6953 13.072 0 98.4466 0.264497 83.8565 43.1914 100.601 85.3667 9.74114 6.90186 0.0216175 0.858367 3.46749 6.08829 43.7202 12.6613 22.0385 
15.2298 0.092336 10.9194 23.086 66.9673 6.71575 96.7552 125.856 43.129 1.9094 4.20233 164.83 146.363 0 0.651879 15.7264 21.0976 37.2831 0.0232541 0.00470096 1.46727 9.78877 7.51867 7.65882 13.9407 10.1082 7.60182 10.4865 
25.4204 57.7663 33.8799 22.5727 9.1537 19.6266 112.95 126.901 4.15846 66.7032 212.992 273.483 43.4574 44.8526 0 43.1332 3.01991 25.7767 35.782 3.13757 0.00017504 13.6885 3.10445 17.1449 11.672 30.8385 11.7438 22.3826 
2.25941 35.4563 0.0224926 32.9271 2.50457 7.00191 7.63017 3.13791 106.761 72.6211 189.101 9.40771 29.03 19.2399 74.2032 0 2.26858 61.7116 9.85603 5.34398 62.4913 8.11216 12.4224 27.3044 4.86656 0.0380925 5.65491 12.0555 
535.613 561.567 55.4327 438.098 125.855 471.959 0.00355007 0.528634 515.47 10.1629 54.7513 29.9272 2.66741 2.3965 14.7121 6.12822 0 282.243 216.626 28.8147 68.2406 11.0173 1.62157 0.000524145 432.99 12.9585 2.15903 10.8258 
26.4251 125.675 160.234 137.328 154.38 18.7935 189.166 65.0993 159.488 90.5808 140.799 92.7331 80.4985 22.9524 37.1218 11.3124 177.668 0 45.5225 12.4377 101.064 41.3394 18.6172 0.674046 39.0194 36.5798 36.4179 51.1252 
0.987184 68.3493 0.879511 59.8775 85.3546 61.3979 7.74882 19.9007 0.901719 113.632 128.174 5.91586 74.767 11.0101 0.0404584 29.9514 94.6425 148.733 0 20.7909 47.518 21.6063 13.7033 0.00185761 18.0034 13.5644 7.90682 13.4869 
58.9978 84.1879 7.59344 0.0595565 40.9708 0.350027 20.7527 116.92 103.057 54.4472 65.257 47.5427 8.45679 1.84997 1.30212 0.322001 16.3445 38.0107 36.3124 0 39.4075 2.95873 3.60994 0.312155 4.11612 11.9321 10.4659 3.97797 
137.489 119.175 3.56885 151.601 100.731 76.9958 135.566 205.992 81.847 94.3826 35.5975 165.5 58.6063 40.0006 38.7155 0.434063 26.2613 52.1722 24.8462 239.476 0 21.9813 40.0269 47.4413 55.3129 49.4668 6.73073 6.8137 
11.0434 0.851938 4.36582 12.7751 18.0562 0.805778 3.28447 8.4042 9.64865 23.3102 4.91946 6.66998 1.4368 1.93521 0.129672 3.22189 6.89796 15.4884 19.595 0.0872804 5.14815 0 7.12688 0.527631 9.40225 1.29977 12.7339 9.09507 
44.3608 0.103308 3.2855 17.333 17.3303 12.1335 46.2474 69.7107 90.4284 1.64557 131.837 59.4243 21.2089 5.32829 4.96068 0.0203517 0.416306 32.8743 9.02469 0.151258 0.686844 10.3292 0 16.1817 0.83 2.96883 1.33126 10.0591 
0.0293293 29.4711 0.387556 0.345166 6.54886 15.1224 70.7236 125.573 82.2895 53.5351 15.2028 172.36 42.9242 3.08181 22.1755 26.2939 19.7424 34.6261 23.1076 5.60881 5.48175 0.932084 1.49184 0 18.9755 9.49528 0.162745 1.78207 
462.306 491.493 0.290092 473.503 14.4861 458.536 4.12459 185.453 486.851 4.70423 136.861 829.45 40.6706 4.66929 0.138458 27.7403 431.804 16.7926 26.3316 6.17845 5.3213 67.1913 16.9715 18.6194 0 109.531 50.6514 81.2291 
79.1418 83.5096 27.5264 27.4821 24.9933 17.4697 0.765244 233.923 134.551 60.6736 107.364 299.452 44.2826 12.5232 30.1984 2.30287 0.0911374 26.5852 30.6327 9.93006 44.7755 6.57308 1.5778 16.0363 7.82628 0 37.9989 63.309 
1.29218 31.6792 0.906017 12.9923 37.0859 20.0023 58.5928 95.2616 47.2017 25.1277 45.7345 55.849 0.864316 8.30794 15.5109 17.0074 8.3772 6.58975 5.36763 2.10637 0.339928 6.75412 0.364843 19.146 27.2368 1.13259 0 84.0545 
17.5199 19.4694 2.6049 30.4412 1.26441 8.08672 60.8106 51.9651 0.160279 44.4961 107.783 176.265 13.3887 4.36771 13.2462 9.04815 11.7953 49.1533 10.3923 6.66986 17.2277 0.513914 0.0135404 1.50866 12.0411 27.9416 47.1777 0 
