0 801.803 106.536 449.41 225.824 524.733 2.45408 0.0380483 657.676 25.2392 0.121667 150.467 34.8229 30.9338 60.8512 75.7909 447.402 49.9081 1.13635 63.5101 150.945 2.4954 27.3081 42.1465 483.189 78.7903 0.0390078 51.2548 
506.342 0 427.483 727.523 217.974 640.754 247.03 4.26132 651.682 187.185 179.393 220.266 16.1137 10.1692 75.402 84.1499 452.882 459.228 82.9598 119.674 104.986 19.9416 0.0200077 44.9766 420.177 10.2882 54.5099 10.0869 
123.936 134.641 0 210.168 1.02945 60.3084 231.689 0.796228 288.274 81.3908 174.152 172.792 8.58073 13.2171 7.20187 24.3696 4.26735 99.0186 54.8645 17.1529 7.00342 11.8992 3.84782 11.9576 8.10064 25.0881 8.70985 18.0176 
690.969 727.181 368.848 0 122.147 424.324 19.0017 589.175 516.191 36.6894 61.8981 92.0527 68.2581 14.0969 11.9802 39.3823 472.174 94.3752 54.5847 31.0517 782.393 16.8314 18.2419 11.474 442.166 0.375462 25.8338 25.971 
217.844 431.006 52.8385 160.269 0 39.7879 106.687 213.497 165.33 146.585 119.002 115.866 178.282 26.239 14.1625 73.8269 135.677 30.9892 229.965 45.4772 10.6525 50.3074 1.69422 6.15824 19.927 23.5153 33.2906 39.0189 
489.164 586.237 36.1235 437.931 227.818 0 888.193 202.46 887.276 730.266 2.57973 111.568 549.749 13.1978 22.7597 13.2889 425.716 2.92777 17.6265 2.19855 64.2249 16.7799 16.4312 17.7269 442.152 5.84639 2.73984 3.22696 
19.8853 253.568 119.253 54.585 278.018 752.576 0 408.078 1305.9 153.807 212.575 0.313151 129.042 34.7616 129.067 0.0238881 109.224 222.133 154.324 0.41458 53.7763 62.9328 22.1098 47.7544 2.37056 98.4955 59.4962 12.1222 
59.9576 293.477 15.7132 173.398 173.647 39.2009 4.76951 0 573.535 88.9764 30.1995 110.142 18.6598 78.7329 6.47432 1.52039 96.4943 25.4928 3.39945 9.23151 92.0271 3.63538 0.091024 0.0598932 95.3358 72.3181 4.72231 57.0357 
549.604 549.358 204.032 740.852 279.44 887.794 15.2764 581.164 0 347.981 1635.96 348.275 148.69 87.2836 218.78 26.0043 435.331 64.435 38.1747 0.336877 23.0645 69.8441 58.9186 0.339534 515.762 132.019 70.1713 1.20744 
53.7138 11.5851 43.4896 27.0203 194.385 31.9966 492.511 141.758 162.253 0 551.233 59.1828 77.7525 1.20993 82.8739 87.9967 61.1266 135.227 122.795 56.3653 98.8889 61.0551 3.89069 12.4397 23.1393 3.15503 1.10476 48.1537 
111.56 15.2603 120.526 161.118 259.86 267.511 161.901 0.141262 888.374 485.48 0 511.381 1.24052 0.168369 174.868 196.146 1.48522 68.0657 128.485 80.4053 46.7192 62.3475 90.748 8.47291 113.156 16.1744 79.8067 57.7709 
227.674 212.908 150.338 258.631 0.0288961 96.6522 44.0482 170.079 101.261 245.162 241.753 0 48.3877 148.322 130.611 237.75 33.1461 59.997 99.3494 3.1537 3.29208 1.39069 8.48546 159.697 74.2292 5.24537 119.557 90.8717 
104.515 2.63929 68.566 35.6824 5.34759 164.627 0.671065 143.098 158.413 137.918 70.2466 10.8093 0 87.9878 1.01235 83.3603 42.1387 99.5944 85.1173 9.12049 6.20964 0.0366423 1.70616 2.62418 6.81459 42.7573 13.1748 21.2979 
14.2661 0.253462 11.3708 23.1542 66.2382 7.32909 96.4206 125.191 38.2004 1.09923 8.2539 162.994 150.937 0 3.3958 14.6349 21.2217 38.1526 0.00381794 0.0106985 1.2115 9.9813 8.24326 8.12182 13.5787 10.4355 7.78614 10.6534 
23.8138 60.4784 33.6568 21.3581 10.7988 18.0198 117.685 134.552 6.40567 59.9553 253.317 271.071 38.3466 51.6756 0 55.7562 2.74474 27.1525 36.1641 3.32772 0.0253392 13.3233 4.09425 15.7276 12.712 30.6552 12.1316 22.6135 
1.56993 33.2406 0.0992131 31.4553 3.17818 7.73812 5.95841 8.03716 112.118 69.7704 178.45 0.0606553 26.3195 18.9605 63.5356 0 2.49252 61.7181 10.3582 5.54262 62.7096 7.85632 12.3205 28.3189 4.91632 0.0152869 6.0594 12.7761 
519.762 542.688 55.1978 423.802 121.655 455.374 0.038851 0.28717 502.348 8.9695 53.0052 28.5314 3.12658 2.59106 15.1798 6.46109 0 276.247 565.099 28.3352 68.0966 10.7713 1.49418 0.00120109 417.96 12.5653 2.02115 10.5336 
20.4488 81.5394 161.915 134.523 145.359 21.9261 196.27 60.3747 165.842 86.5351 144.091 96.105 78.6174 23.8973 35.7092 10.4006 159.557 0 50.2147 14.158 103.14 41.4985 19.2854 0.862637 39.9902 35.4467 35.9677 51.1949 
1.67682 74.877 0.495584 59.1613 104.095 64.8029 5.53311 21.9039 0.335393 111.336 128.653 6.86265 76.0275 10.5457 0.105275 30.0977 79.0263 147.527 0 21.534 48.7207 21.3506 13.3689 0.000728475 18.4617 14.0575 8.16998 13.843 
74.2515 77.9555 6.72511 0.00328548 43.7777 0.213588 18.4802 117.268 104.02 54.887 63.5923 45.1566 7.86865 1.77584 1.43873 0.254093 16.9972 40.3956 36.1749 0 67.3989 2.88431 3.64806 0.358814 4.34774 11.978 10.5274 4.14952 
126.222 113.699 5.45338 149.8 103.345 76.7927 133.73 207.093 87.3705 95.2291 32.631 164.228 57.5195 39.5175 37.6585 0.23437 27.3605 49.4792 26.0587 271.698 0 21.6342 40.0633 47.5992 54.6386 48.3624 7.17357 6.25469 
10.5513 1.07346 4.18417 12.5656 18.9897 0.98117 2.76486 9.17285 10.5126 24.7452 4.1908 7.52592 0.743392 2.19438 0.214525 3.46567 7.12939 14.9608 19.2956 0.105467 4.88374 0 6.45766 0.370938 8.81395 1.41518 12.764 8.99764 
44.7318 0.0316274 3.04403 17.5846 16.3602 11.7985 44.5565 67.0699 92.1668 2.21023 132.777 55.1022 18.205 6.24567 6.13403 0.0945439 0.486982 33.4709 8.69469 0.174245 0.851514 10.9474 0 14.0888 0.51423 2.73318 1.50765 10.02 
0.000160288 30.7077 0.281763 0.204136 5.90549 15.4072 70.2814 128.377 84.2596 52.5245 12.5007 167.007 40.8885 3.58719 23.306 24.7293 19.6137 33.9392 22.9756 5.67473 6.02052 0.722069 0.516421 0 21.8134 8.95056 0.0831832 1.57172 
445.311 474.741 0.465254 458.003 15.5801 443.096 5.18895 181.5 475.499 3.82447 134.236 231.431 41.6732 5.10749 0.315733 26.5038 416.718 15.8778 26.6571 5.92912 4.67997 44.1192 16.5516 18.4427 0 97.6866 51.738 30.7486 
79.3757 83.4243 27.4783 25.8942 23.5636 18.1814 1.37307 232.122 132.073 62.4478 100.736 331.529 43.3368 12.357 29.776 1.45891 0.142198 25.4506 30.5925 9.74495 43.5622 6.40267 1.393 16.2335 7.54342 0 37.9496 62.2962 
1.04899 30.848 1.05332 13.5148 36.4949 20.0621 58.9408 96.263 45.7337 24.323 47.471 52.4452 0.711264 8.48084 15.8342 17.26 8.14839 6.19232 5.13745 2.22183 0.241927 6.93822 0.463907 19.0533 29.6735 1.70152 0 78.839 
16.452 18.3651 2.92382 30.8598 1.00176 7.65977 61.9738 47.7193 0.407629 45.4878 108.567 175.64 14.0713 4.61952 13.8452 9.76054 11.501 48.8398 10.7402 6.49226 18.0237 0.575704 0.00315241 1.71542 11.9632 23.3287 55.0956 0 
