0 755.868 109.853 421.921 228.048 493.241 1.91183 0.157688 623.774 26.1179 0.0612107 152.312 35.3619 30.6821 61.135 75.5359 414.385 47.9981 1.29261 70.7263 148.353 2.43279 27.5002 42.3983 450.511 78.8818 0.0503014 51.4594 
463.827 0 418.15 695.604 229.077 606.688 236.042 3.55891 625.078 184.942 181.775 220.668 15.4961 10.4486 75.9424 84.06 419.412 951.781 81.4027 120.742 103.653 19.7538 0.0307077 45.2356 387.543 9.96576 54.494 10.295 
127.194 148.496 0 197.597 0.706048 59.7877 233.805 1.32137 275.966 82.3953 177.052 173.861 8.8778 13.125 7.44204 24.3143 4.08069 97.2576 54.5905 16.9261 6.46387 11.8782 3.78761 12.0307 8.26462 24.9733 8.63114 18.1062 
651.955 695.377 387.067 0 123.578 392.366 17.5464 1325.68 478.575 37.5151 63.8883 95.4131 68.4552 13.9626 12.2455 39.6009 439.679 95.6242 54.3242 31.5214 668.189 16.8333 18.2885 11.3101 409.422 0.309082 25.7733 26.1259 
220.225 439.668 55.0075 159.772 0 31.241 113.245 214.196 169.809 151.568 121.413 114.765 178.185 26.6126 14.6154 73.7233 136.475 32.4966 233.963 46.1411 10.256 50.1558 1.78044 6.3097 19.6453 23.8497 33.4403 38.8123 
457.971 557.047 36.9894 406.153 753.137 0 1036.67 203.6 852.582 671.948 1.85585 112.812 231.511 13.046 22.3808 13.0938 393.015 2.63308 16.9406 2.11267 64.5397 16.8577 16.4253 17.7032 409.791 5.70472 2.6881 3.30088 
18.3302 264.59 115.05 56.8549 285.234 709.127 0 407.121 1300.46 143.142 204.246 0.532741 131.181 34.0601 128.227 0.0058321 109.319 221.139 153.943 0.506259 54.6232 62.9235 21.7318 48.1233 2.19259 98.6293 59.4319 11.8498 
57.174 293.169 17.7558 186.424 172.174 41.1483 6.13461 0 563.716 87.0225 27.7994 90.0435 19.2445 79.7065 5.76794 2.20528 96.6537 26.3105 3.19572 9.68209 93.6318 3.75768 0.134705 0.119332 97.4393 69.3819 4.48921 56.014 
519.779 511.395 216.497 709.728 275.73 853.271 5.01128 571.697 0 351.484 1279.2 351.799 147.18 85.8816 230.365 24.958 402.455 62.8847 37.2417 0.264607 22.2128 69.8637 59.5722 0.415274 482.567 131.39 69.943 1.08796 
52.59 12.7459 42.4106 26.2698 199.309 42.7792 488.13 143.682 156.391 0 559.194 57.1247 72.9017 1.38883 84.4133 88.3084 60.7307 135.741 122.652 56.375 98.8219 61.0486 3.70669 12.1484 22.7307 3.36841 1.04849 48.3611 
110.159 14.1028 123.784 159.351 259.503 266.26 169.879 0.369371 903.382 496.839 0 513.215 0.907955 0.36809 184.402 198.322 1.38461 67.0505 128.372 80.1735 45.9501 62.0475 91.8005 8.98912 112.15 17.142 79.5905 57.0853 
227.415 212.146 148.736 258.117 0.0653111 95.3167 41.9887 196.034 105.811 244.753 233.181 0 47.459 147.214 134.93 222.962 32.8086 60.7978 99.2492 3.35635 3.59135 1.29947 7.98223 158.145 76.5295 3.34027 119.389 92.6259 
104.277 2.91039 68.7909 35.2784 5.85063 168.844 0.451954 143.416 159.818 132.231 72.5578 10.3057 0 85.4939 1.2581 83.2153 41.8893 99.3462 85.0458 8.97664 6.05161 0.073457 1.94677 2.44215 6.99062 42.5267 13.2964 21.1238 
14.0423 0.302911 11.4756 23.166 66.0568 7.47542 96.3129 124.993 37.069 0.940429 9.39638 162.47 151.819 0 4.33574 14.3637 21.2498 38.3552 0.00163497 0.0124623 1.15479 10.0242 8.3961 8.22633 13.4909 10.5104 7.82915 10.6914 
23.4396 61.1111 33.5914 21.0712 11.2032 17.6439 118.752 136.304 7.11893 58.375 262.579 270.15 37.1676 53.084 0 58.6355 2.68173 27.4782 36.2501 3.37296 0.0374534 13.2358 4.34329 15.391 12.9589 30.598 12.2223 22.6636 
1.42549 32.7228 0.12514 31.0996 3.34779 7.91462 5.59323 9.50824 113.348 69.0798 175.81 0.176162 25.6921 18.869 60.7726 0 2.54658 61.7128 10.4772 5.5892 62.7522 7.79555 12.2888 28.5077 4.94625 0.0394601 6.15569 12.945 
487.165 509.364 55.1308 391.598 120.636 422.62 0.0663018 0.240943 470.405 8.69828 52.5932 28.2055 3.23965 2.6378 15.2899 6.54027 0 274.517 518.965 28.2199 68.0575 10.7134 1.4649 0.00232327 385.578 12.4729 1.9893 10.4649 
19.1433 71.228 162.209 133.811 143.21 22.6908 197.871 59.276 167.302 85.5766 144.844 96.8925 78.1685 24.1202 35.3764 10.1904 155.247 0 51.3361 14.5759 103.617 41.5339 19.4431 0.910312 40.2169 35.1791 35.8605 51.208 
1.86508 76.4241 0.421014 58.9817 108.639 65.5858 5.06383 22.3859 0.241945 110.765 128.742 7.0949 76.3142 10.4369 0.124945 30.1295 75.7847 147.196 0 21.7081 49.0016 21.2895 13.2901 0.00189118 18.5691 14.1737 8.2322 13.9268 
78.0011 76.4794 6.52593 0.0164418 44.4404 0.186316 17.96 117.319 104.225 54.9825 63.1948 44.5961 7.73264 1.75849 1.47172 0.239254 17.1509 40.9586 36.1381 0 74.8127 2.86682 3.65684 0.370241 4.40274 11.9874 10.5413 4.1901 
123.562 112.396 5.95201 147.594 103.949 76.7328 133.274 207.287 88.6739 95.4173 31.9465 163.895 57.2609 39.4011 37.408 0.196219 27.6202 48.8488 26.3459 278.522 0 21.5521 40.0692 47.6322 54.4747 48.0981 7.27944 6.12613 
10.4365 1.12923 4.14174 12.5158 19.211 1.02481 2.64879 9.35791 10.7204 25.085 4.0274 7.73405 0.612882 2.25714 0.237538 3.52379 7.18414 14.8372 19.2244 0.109993 4.82235 0 6.30133 0.337969 8.67606 1.44295 12.7703 8.97432 
44.8153 0.0207523 2.98812 17.6417 16.1343 11.7186 44.1557 66.4414 92.558 2.35473 132.949 54.0902 17.5229 6.45506 6.4226 0.119838 0.504382 33.6098 8.61739 0.179881 0.892769 11.0893 0 13.5654 0.450816 2.67863 1.55055 10.0098 
0.000606683 30.9988 0.259272 0.176264 5.75838 15.4725 70.1666 128.992 84.7096 52.2782 11.8992 165.642 40.4063 3.70886 23.5583 24.3222 19.5826 33.7762 22.9433 5.68984 6.15047 0.676336 0.358509 0 22.4858 8.82192 0.0682873 1.52391 
412.468 441.946 0.512362 425.496 15.8415 410.611 5.45614 180.463 443.983 3.62994 133.575 1003.11 41.9059 5.21221 0.367812 27.3279 384.322 15.6649 26.7322 5.87062 4.53456 37.9083 16.453 18.6671 0 90.6212 70.0007 28.6623 
79.4146 83.3889 27.4594 25.5175 23.2303 18.3472 1.54137 231.473 131.445 62.8533 99.1575 338.371 43.1101 12.3147 29.6632 1.28686 0.155845 25.1846 30.5808 9.70052 43.2735 6.36241 1.35093 16.275 7.49087 0 37.9206 61.96 
0.99538 30.6518 1.08949 13.6378 36.3545 20.0747 59.0179 96.4839 45.3871 24.1336 47.8785 51.6476 0.677372 8.52103 15.9088 17.3171 8.09474 6.10027 5.08383 2.24934 0.221267 6.98149 0.488881 19.0277 30.2382 1.8514 0 77.4678 
16.2038 18.1081 3.00115 30.9534 0.944316 7.56012 62.2409 46.7319 0.482249 45.7169 108.73 175.401 14.2333 4.67916 13.9854 9.92922 11.4318 48.763 10.8224 6.45036 18.2122 0.590717 0.00176172 1.76574 11.9405 22.2668 56.9301 0 
