0 400.364 128.746 180.561 239.87 223.289 0.104166 2.42405 339.48 31.3955 0.112695 162.684 38.5005 29.2288 62.7048 73.9508 136.039 37.5786 2.38325 113.484 133.249 2.0872 28.5992 43.8195 173.98 79.2892 0.143 52.601 
141.197 0 351.43 419.007 293.578 320.382 174.389 0.741034 382.782 171.483 195.107 222.445 12.1559 12.1136 78.9485 83.4168 138.603 224.458 72.4956 126.447 95.9387 18.6805 0.136494 46.6992 111.417 8.1995 54.3748 11.5244 
145.414 233.335 0 119.499 0.0269587 56.4557 243.502 6.87018 204.123 87.9732 192.861 179.305 10.6688 12.5791 8.8757 23.9409 3.0831 87.01 52.9255 15.6064 3.7647 11.7522 3.44686 12.4413 9.22515 24.2682 8.18 18.6008 
335.487 419.443 380.309 0 131.458 120.242 10.227 1139.32 175.497 42.338 75.6341 115.147 69.5119 13.1846 13.8008 40.7344 164.208 102.653 52.7603 34.1565 175.716 16.8366 18.5396 10.3747 132.571 0.0523141 25.4067 26.9912 
233.019 482.987 67.9269 156.309 0 8.25591 153.147 217.709 195.565 180.338 135.319 108.362 177.175 28.7794 17.3307 73.0414 140.758 41.7268 255.22 49.9607 8.11169 49.2559 2.31589 7.21165 18.0494 25.7936 34.2933 37.6131 
189.978 299.536 41.903 134.949 131.198 0 158.005 209.127 552.911 344.029 0.00192423 119.763 150.102 12.1664 20.1967 11.9755 116.477 1.23784 13.2082 1.64929 66.2879 17.2923 16.373 17.5487 135.128 4.9162 2.39879 3.73926 
10.5527 327.319 91.2436 70.4068 324.904 411.027 0 398.323 1165.49 87.0756 157.561 2.91425 143.29 30.0946 122.968 0.139259 109.723 214.734 151.362 1.20935 59.5394 62.8197 19.5961 50.2143 1.30185 99.2092 59.0261 10.3331 
42.211 290.165 31.6794 287.331 163.425 53.009 17.2175 0 499.723 75.9632 15.8201 12.5333 22.7527 85.2153 2.48182 8.55536 97.4955 31.2156 2.14368 12.4594 102.895 4.49769 0.550972 0.853549 109.5 53.2556 3.2592 50.1996 
259.663 205.923 288.183 438.489 253.259 554.536 53.9609 509.43 0 368.619 1611.32 370.051 138.284 77.8685 297.573 19.2898 124.934 54.2018 32.0357 0.018115 17.5898 69.9299 63.2992 0.997556 203.002 127.456 68.5859 0.520891 
46.2518 20.4148 36.3282 22.1002 226.904 131.99 453.639 154.53 123.532 0 592.938 45.8131 47.3845 2.65103 93.0451 89.8445 58.4166 138.484 121.554 56.3684 98.3486 60.9356 2.73063 10.525 20.4212 4.72302 0.752926 49.5156 
102.057 8.29789 142.401 148.717 256.599 256.908 217.165 3.7583 947.404 552.658 0 518.282 0.000681506 3.0022 239.411 209.544 0.873629 61.2705 127.554 78.7639 41.5989 60.2857 97.704 12.2277 106.169 23.1746 78.2831 53.1414 
225.291 207.283 139.074 253.372 0.5584 87.5581 30.9658 368.387 133.117 241.496 184.728 0 42.2259 140.314 159.675 141.254 30.8823 65.4341 98.5949 4.63861 5.55768 0.834055 5.37158 148.585 105.769 0.712569 118.221 102.658 
102.803 4.7192 69.9854 32.9594 9.16166 190.654 0.0299922 145.051 167.588 100.529 86.2493 7.63037 0 71.083 3.17842 82.1758 40.4436 97.8365 84.5418 8.16612 5.17942 0.530379 3.62802 1.51906 8.03948 41.1725 14.0006 20.1246 
12.778 0.672096 12.0667 23.2024 64.942 8.32923 95.4823 123.552 30.7984 0.266477 17.3036 158.781 155.397 0 11.6452 12.7174 21.4025 39.5036 0.00677498 0.0252032 0.85445 10.2525 9.12242 8.79006 12.9679 10.9244 8.07348 10.9002 
21.3187 64.7 33.1213 19.4182 13.6505 15.5071 124.508 145.968 12.5526 49.4101 312.704 262.314 30.6018 59.3407 0 73.6191 2.33225 29.3623 36.7156 3.63654 0.152779 12.7209 5.88201 13.4468 14.3901 30.1655 12.7401 22.9195 
0.728689 29.7775 0.332058 28.9941 4.40401 8.95116 3.70756 20.2173 120.163 64.9762 159.785 17.8401 22.172 18.1589 43.9007 0 2.86741 61.6328 11.1679 5.8555 62.9314 7.44224 12.05 29.2061 5.25146 0.395375 6.71644 13.908 
211.036 228.951 54.6604 117.913 114.562 145.695 0.365378 0.0537488 198.111 7.21094 50.2185 26.3513 3.92643 2.91348 15.9223 7.00172 0 262.314 546.876 27.5397 67.7928 10.3805 1.30173 0.0158872 110.83 11.9428 1.81065 10.0715 
12.4152 23.967 163.134 129.339 130.698 27.2785 206.516 53.0636 175.418 80.0282 148.997 101.371 75.5433 25.4051 33.4624 9.01611 130.38 0 57.889 17.0707 106.27 41.7228 20.3526 1.20883 41.5069 33.6347 35.2351 51.259 
3.13768 85.3661 0.109797 57.8682 135.435 69.9318 2.75995 25.2341 0.000101694 107.257 129.088 8.49886 77.8873 9.81614 0.270468 30.293 60.4986 144.947 0 22.7024 50.5995 20.9309 12.8348 0.0191267 19.1837 14.8431 8.59224 14.4079 
100.393 67.9652 5.42274 0.286713 48.259 0.0654794 15.0824 117.388 105.24 55.4717 60.8684 41.3855 6.96893 1.65945 1.66759 0.162403 18.0337 44.2015 35.8942 0 121.958 2.76648 3.70591 0.439165 4.72243 12.0318 10.6178 4.42509 
108.292 104.808 9.21535 122.429 107.324 76.2994 130.479 207.919 96.1798 96.4169 28.1157 161.74 55.7548 38.7113 35.9546 0.0425126 29.1209 45.2539 28.0096 310.749 0 21.0775 40.084 47.7919 53.4939 46.5479 7.90005 5.40966 
9.78486 1.47654 3.8998 12.2258 20.4957 1.29311 2.02793 10.4512 11.9467 27.0506 3.14772 8.97883 0.106124 2.63028 0.39218 3.8633 7.5008 14.1315 18.8098 0.13782 4.47568 0 5.41551 0.177651 7.88909 1.60693 12.801 8.83755 
45.2669 0.00252795 2.67379 17.9544 14.8542 11.2513 41.8326 62.7799 94.6704 3.26995 133.567 48.3268 13.8023 7.58089 8.15967 0.322315 0.610268 34.3978 8.17575 0.213931 1.14845 11.8741 0 10.4317 0.168236 2.3722 1.80723 9.9435 
0.0571919 32.6717 0.147881 0.0555609 4.94477 15.834 69.4278 132.183 87.1929 50.8021 8.70402 157.076 37.6168 4.42351 24.8984 21.7344 19.3977 32.829 22.7476 5.77383 6.9202 0.44127 0.00922005 0 26.3418 8.08106 0.0111082 1.26183 
135.08 164.774 0.826143 149.939 17.3736 135.233 7.11259 173.752 174.216 2.60565 129.462 763.454 43.2184 5.82486 0.742908 39.5264 109.499 14.4592 27.1529 5.53592 3.73981 8.74411 15.8887 21.5656 0 38.6719 173.355 91.433 
79.518 83.0726 27.2948 23.3372 21.3382 19.2859 2.69359 226.105 127.52 65.0914 89.9831 371.477 41.7771 12.048 28.9185 0.502326 0.246371 23.6647 30.4959 9.43914 41.5923 6.12995 1.11985 16.4766 7.2931 0 37.6262 59.3332 
0.713965 29.5211 1.30859 14.3452 35.5376 20.1361 59.4248 97.6427 43.386 23.0443 50.2128 47.096 0.498355 8.74826 16.3281 17.6266 7.78783 5.58265 4.77959 2.40989 0.120315 7.22968 0.644618 18.8529 33.4 2.82758 0 68.677 
14.8007 16.6524 3.46196 31.4545 0.646492 6.99394 63.7263 41.1572 1.03194 47.0012 109.504 173.363 15.1739 5.02454 14.784 10.9043 11.0346 48.2999 11.2967 6.20878 19.3042 0.68059 0.00156245 2.06704 11.7809 16.4232 67.0598 0 
