0 266.829 155.112 226.449 254.021 213.61 1.55068 10.6114 307.368 39.8373 1.43119 177.137 43.2456 27.0695 64.8232 71.2511 115.247 24.1525 4.58371 159.244 110.665 1.62253 30.2019 45.8322 155.434 79.5179 0.366362 54.1749 
92.3694 0 227.849 386.834 384.841 282.368 93.6032 0.435613 411.214 150.184 213.434 223.385 7.90729 14.7497 83.0481 82.0767 114.649 411.94 59.6276 133.399 84.4637 17.1188 0.430438 48.7773 93.9318 5.8749 54.1126 13.4393 
169.802 356.198 0 24.7759 2.70898 50.6032 249.619 22.6103 105.286 95.4926 212.939 185.041 13.5598 11.7267 11.1361 23.2207 1.85267 71.7502 50.2016 13.6285 1.08191 11.5491 2.96217 13.0138 10.6923 23.0937 7.51952 19.2838 
251.915 388.203 174.167 0 141.858 108.956 2.90501 544.484 125.135 49.6319 93.6563 144.824 70.8276 12.022 16.1727 42.0053 147.232 112.442 50.2542 37.7876 174.633 16.818 18.8564 9.02078 113.73 0.0654319 24.8091 28.1863 
248.816 523.039 87.9718 149.375 0 47.8089 216.33 221.286 232.799 221.846 155.729 98.7252 174.294 32.0264 21.6628 71.7695 146.074 56.9527 280.164 55.5711 5.37776 47.841 3.22963 8.63762 15.7714 28.7236 35.529 35.8077 
183.903 305.011 48.7824 124.644 171.676 0 566.323 213.952 468.434 552.83 4.49018 129.298 470.261 10.8534 16.9893 10.3454 98.3175 0.125654 8.42378 1.06319 68.6681 17.8929 16.2385 17.265 119.457 3.8374 1.99758 4.42673 
2.88292 412.257 58.6095 91.5379 375.355 45.5546 0 375.528 726.894 26.5601 95.2541 9.86081 160.34 24.4954 113.972 1.07351 109.879 203.237 146.355 2.78926 66.9113 62.5096 16.5712 53.2001 0.404729 99.4717 58.3142 8.25323 
23.7448 281.972 58.2892 408.67 149.726 72.2547 43.1024 0 388.105 60.343 4.12179 29.4099 28.3677 93.0069 0.118392 25.0661 98.5045 39.0563 0.967286 17.1159 116.584 5.70345 1.67692 3.14872 126.91 32.3966 1.79207 41.8658 
265.081 150.425 383.605 416.268 217.279 471.164 415.089 399.289 0 383.795 1685.7 390.141 124.58 66.3343 280.095 12.0928 105.395 42.2001 24.8911 0.182361 11.6597 69.8826 68.6791 2.31096 179.804 120.716 66.4463 0.0602484 
37.3407 34.6432 27.8374 16.4459 264.14 308.95 378.098 169.717 79.242 0 601.945 30.942 18.6272 5.22251 104.863 91.292 54.8888 141.837 119.072 56.1635 97.3775 60.5329 1.5509 8.29828 17.1494 7.10962 0.404422 51.0977 
90.0364 2.47272 168.83 131.78 249.699 236.828 288.412 15.1117 838.992 599.364 0 508.559 1.8042 11.3984 314.886 221.677 0.331701 52.9506 125.826 76.4497 35.4201 57.5727 105.88 17.8095 96.8036 33.4312 76.159 47.3358 
220.203 198.653 123.625 240.993 2.16718 75.9659 17.4588 653.312 176.06 233.94 118.547 0 34.8639 128.622 194.65 45.7948 28.0852 72.3564 97.3864 6.88969 9.21226 0.333032 2.42899 132.732 98.9734 22.5833 115.876 117.104 
100.302 8.15452 71.4346 29.5602 15.3136 202.209 2.01966 146.868 178.005 58.8153 107.444 4.38294 0 50.3645 7.54739 80.0127 38.2753 95.3553 83.5083 7.02287 4.00664 1.96222 7.00769 0.548842 9.69951 39.0902 15.0559 18.6567 
10.9866 1.47985 12.8987 23.1578 63.0781 9.6216 93.6051 120.499 22.3693 0.0244186 32.8348 151.332 155.87 0 26.6637 10.1083 21.6014 41.1468 0.0695191 0.0521084 0.491995 10.5304 9.64953 9.48996 12.1433 11.4797 8.42461 11.1777 
18.2943 69.8181 32.141 16.9817 17.6263 12.4631 131.717 158.742 24.5324 36.8016 371.389 243.288 21.7165 61.7676 0 87.5838 1.85697 32.1748 37.3111 4.03586 0.465225 11.9281 8.43046 10.605 16.5225 29.2133 13.4901 23.1962 
0.121426 25.5474 0.815233 25.7325 6.2102 10.5395 1.61087 42.4397 129.315 58.5669 134.127 91.9056 17.2908 16.5813 19.9305 0 3.37186 61.3592 12.2052 6.24312 62.9909 6.91023 11.5282 28.9942 6.10706 1.58122 7.56427 15.2955 
192.865 204.202 53.7026 103.932 105.005 126.702 1.24563 0.0228874 185.828 5.24732 46.6992 23.6782 5.05359 3.34203 16.854 7.70167 0 237.903 571.812 26.4828 67.2799 9.88887 1.07699 0.0581043 95.1611 11.1643 1.5607 9.4942 
5.03574 18.8289 162.105 121.644 111.969 34.5895 217.389 44.2685 186.431 71.7636 154.564 107.807 71.5391 27.3094 30.6405 7.39144 94.5669 0 67.8199 21.0231 109.897 41.9555 21.7032 1.72512 43.3668 31.3401 34.2832 51.2586 
5.59887 98.5733 0.0192761 55.9808 175.694 75.7857 0.614883 29.6633 0.565573 101.426 129.067 10.782 79.9684 8.91459 0.586143 30.4735 47.5396 140.579 0 24.1462 52.9021 20.3798 12.1584 0.0774819 20.0806 15.834 9.13072 15.1166 
134.465 55.4944 3.93957 1.28525 53.8882 1.95602e-05 11.2132 116.784 106.224 56.0055 57.3167 36.7005 5.8998 1.5156 1.97551 0.0756703 19.333 48.9864 35.4339 0 198.059 2.61896 3.77387 0.550919 5.20451 12.066 10.7189 4.77668 
86.1813 93.3981 15.2076 67.7916 111.999 75.384 125.83 207.338 107.23 97.6325 22.8065 157.816 53.4714 37.6311 33.7733 0.0207691 31.357 40.0522 30.5021 332.114 0 20.3683 40.0456 47.9323 51.9296 44.1686 8.85334 4.42342 
8.84819 2.0721 3.54978 11.7867 22.4268 1.74229 1.25789 12.1561 13.8542 29.9807 2.03918 10.9641 0.123207 3.21593 0.689236 4.37943 7.97442 13.1044 18.1813 0.184548 3.98337 0 4.16736 0.0337972 6.7518 1.86248 12.8286 8.62702 
45.8439 0.113892 2.23313 18.3657 13.0261 10.5398 38.3575 57.2549 97.3481 4.87795 133.325 40.0592 8.99693 8.88182 10.9042 0.793559 0.78456 35.5264 7.53288 0.269334 1.58322 12.9201 0 5.88553 0.0114942 1.94408 2.21648 9.82219 
0.308993 35.1341 0.0398557 0.00136686 3.84588 16.3238 68.0954 135.781 90.5176 48.4438 4.84544 142.414 33.4691 5.5039 26.4931 17.3434 19.1055 31.4011 22.4288 5.88855 8.12596 0.18352 1.24168 0 31.8216 6.99148 0.0157015 0.915992 
115.561 145.378 1.4211 132.78 19.7206 118.507 9.92243 161.665 165.844 1.39338 122.474 296.797 45.0731 6.75721 1.5278 69.2638 93.7228 12.7386 27.7389 5.04744 2.69728 18.6596 15.0663 28.6745 0 24.5439 33.9954 131.101 
79.2957 82.2559 26.8796 20.1024 18.6281 20.6209 4.95932 213.319 120.79 68.0853 76.2994 397.554 39.7225 11.5841 27.5325 0.00530612 0.417541 21.4524 30.3175 9.03514 39.0488 5.78385 0.813863 16.6571 7.32773 0 36.799 53.4795 
0.382535 27.843 1.66617 15.3876 34.3022 20.1928 59.9123 99.0015 40.4131 21.4379 53.6223 40.5188 0.283455 9.07138 16.9136 18.0248 7.33933 4.85389 4.34304 2.6544 0.0269108 7.59422 0.911836 18.5093 37.7263 4.60845 0 53.6578 
12.8079 14.5755 4.19114 32.0763 0.308486 6.18048 65.7565 33.3041 2.21687 48.7901 110.138 168.318 16.5904 5.54084 15.9356 12.3502 10.4498 47.5483 12.0026 5.85031 20.9404 0.8242 0.0255819 2.54783 11.4714 8.9727 79.8699 0 
