0 466.728 170.402 536.945 260.847 483.603 5.08356 18.8552 562.318 45.6483 3.0659 185.804 46.3672 25.671 66.0575 69.2918 378.962 16.8806 6.37008 169.623 96.2097 1.35176 31.2218 47.0728 420.315 79.4275 0.565398 55.1169 
364.056 0 146.914 634.991 436.446 532.066 52.125 2.69642 703.061 135.817 224.216 222.913 5.61903 16.5568 85.4597 80.9684 376.664 678.261 51.6167 136.864 77.0716 16.1267 0.707363 50.0622 359.788 4.56249 53.8887 14.7357 
183.244 419.241 0 2.92732 6.73617 46.3455 248.143 37.1391 54.2456 99.8111 223.401 187.208 15.5717 11.1508 12.6685 22.6529 1.21771 62.0265 48.2883 12.3482 0.205882 11.4072 2.66219 13.3604 11.6644 22.2569 7.09754 19.6931 
475.23 636.892 171.769 0 147.668 378.94 0.528006 370.045 375.34 54.3993 105.496 163.708 71.5174 11.2667 17.7389 42.5572 413.125 118.299 48.5207 39.9239 597.853 16.791 19.0259 8.16935 378.542 0.323472 24.3886 28.9014 
256.813 531.566 101.159 143.819 0 88.6591 257.629 222.546 255.649 246.932 168.635 92.4272 171.57 34.1435 24.6454 70.7834 148.826 67.6513 291.445 59.1459 3.89586 46.8748 3.89641 9.61598 14.3549 30.6466 36.3108 34.622 
456.642 582.213 52.8504 395.008 652.832 0 452.894 214.87 675.802 526.76 11.8745 134.914 300.38 10.0036 14.959 9.31514 363.7 0.0188114 5.84704 0.749524 70.0698 18.2532 16.1157 17.0472 386.261 3.19967 1.75547 4.89493 
0.469734 457.834 40.2243 105.515 400.991 14.9023 0 355.129 400.606 5.45156 61.4161 16.4496 170.632 21.0778 107.482 2.14008 109.699 194.627 142.398 4.14617 71.7153 62.2101 14.7098 55.0544 0.095172 99.2618 57.7837 7.01693 
14.4109 274.391 78.5797 418.477 140.477 85.4872 65.2403 0 311.024 50.8477 0.574185 121.887 32.2503 97.7657 0.206888 39.7966 99.0054 44.4659 0.450789 20.4515 125.339 6.55245 2.72447 5.38293 137.666 21.2577 1.07143 36.6971 
545.016 396.077 430.689 671.662 192.927 678.983 742.399 322.4 0 386.728 1164.89 398.361 115.47 59.1929 227.849 8.25992 369.935 35.0511 20.6606 0.623922 8.43173 69.7599 72.0509 3.44255 441.604 115.821 64.9819 0.00398234 
31.9278 45.4839 22.7572 13.1555 284.966 413.802 318.361 178.859 54.5592 0 581.147 22.6671 6.76137 7.31235 111.71 91.692 52.5499 143.544 116.939 55.9076 96.5792 60.124 0.960342 6.97706 15.1375 8.88432 0.23578 52.0377 
82.3064 0.518469 184.664 120.274 243.648 220.38 332.836 26.2966 712.221 603.592 0 491.638 4.94865 19.5133 355.046 226.42 0.117894 47.7467 124.386 74.8131 31.6057 55.7554 110.75 21.8845 90.4861 40.8042 74.6684 43.6213 
215.717 192.217 113.093 229.84 3.75965 68.4892 10.6555 820.308 204.634 227.394 81.3544 0 30.3735 120.263 215.224 10.2497 26.313 76.8547 96.4541 8.56311 12.0353 0.128942 1.13037 121.633 43.697 51.7175 113.977 126.034 
98.4851 10.843 72.1642 27.3916 20.0458 192.583 4.94532 147.655 183.982 36.6099 121.507 2.74716 0 37.9637 11.2886 78.2315 36.8567 93.5981 82.6598 6.32038 3.32385 3.35761 9.72746 0.177433 10.8387 37.6978 15.7466 17.7153 
9.8815 2.1661 13.406 23.0666 61.7415 10.4694 91.9904 117.959 17.5319 0.34948 44.9922 145.341 153.097 0 37.3149 8.38983 21.7128 42.1718 0.145051 0.0746026 0.309953 10.6706 9.6103 9.84543 11.5815 11.7994 8.6447 11.3364 
16.4191 72.9828 31.334 15.4252 20.4057 10.5962 135.469 165.872 34.5681 29.2656 395.699 226.808 16.6082 58.7111 0 89.5677 1.57648 34.004 37.6358 4.29956 0.756897 11.3982 10.2006 8.83585 17.8966 28.4085 13.9636 23.3093 
0.000436838 22.909 1.23706 23.5606 7.52801 11.5933 0.708072 60.2331 134.559 54.26 116.855 162.526 14.3752 15.2739 8.19623 0 3.71673 61.0841 12.8848 6.489 62.8987 6.5616 11.0908 28.0744 6.90458 2.74379 8.12191 16.1612 
457.847 464.83 52.9207 371.975 98.5294 391.383 2.09029 0.159283 454.738 4.13252 44.4241 21.9969 5.85187 3.63213 17.4534 8.1649 0 218.713 483.029 25.7689 66.8717 9.57155 0.942274 0.0994697 362.048 10.6648 1.40814 9.12391 
1.97962 47.8313 159.931 116.048 99.899 39.6007 223.098 38.8679 192.853 66.4198 157.778 111.832 68.8809 28.5408 28.8271 6.41489 72.9624 0 74.3279 23.7291 112.045 42.0762 22.579 2.10602 44.5368 29.8532 33.651 51.2102 
7.54734 106.983 0.196177 54.6145 200.963 79.1458 0.0458993 32.6541 1.51494 97.2822 128.715 12.3858 81.1523 8.3433 0.853515 30.5511 43.6315 137.122 0 25.0598 54.3498 20.0105 11.7195 0.136062 20.6522 16.4744 9.48264 15.5728 
155.779 47.6602 3.08633 2.29977 57.4877 0.0299082 8.97631 115.948 106.527 56.2286 54.9582 33.7267 5.24814 1.4244 2.18577 0.0368873 20.167 52.0531 35.0738 0 244.713 2.52415 3.81486 0.629303 5.52142 12.0681 10.7766 5.00627 
72.4816 85.9701 19.7637 44.7928 114.809 74.6204 122.514 206.002 114.286 98.2492 19.6155 154.827 51.9616 36.8957 32.3465 0.137391 32.8112 36.7748 32.1309 327.344 0 19.9051 39.9824 47.9621 50.8485 42.5804 9.49175 3.83334 
8.26024 2.50873 3.32864 11.4965 23.6927 2.06505 0.855443 13.3126 15.1447 31.8812 1.44662 12.336 0.62126 3.61296 0.923759 4.72071 8.28399 12.4513 17.7656 0.218298 3.67805 0 3.41475 0.000876832 6.0389 2.03573 12.8352 8.48574 
46.1585 0.273608 1.96473 18.5982 11.8882 10.0687 36.0962 53.6359 98.7844 6.07324 132.435 34.9336 6.38004 9.41215 12.7352 1.201 0.908455 36.2318 7.12414 0.308329 1.90003 13.5109 0 3.37713 0.0777913 1.68471 2.49903 9.72918 
0.578093 36.7142 0.00635679 0.0455397 3.20329 16.6108 67.0852 137.365 92.4334 46.816 2.92738 131.891 30.7941 6.19884 27.2519 14.3271 18.9049 30.4618 22.2042 5.95657 8.94699 0.0755018 3.04961 0 35.0765 6.29772 0.0753161 0.719853 
380.003 409.771 1.88654 398.523 21.2854 384.632 11.9575 152.638 437.363 0.806319 117.432 390.924 46.2137 7.37236 2.17615 83.3761 360.542 11.6678 28.0944 4.73648 2.10943 51.8077 14.5447 33.0184 0 68.802 77.9237 47.6611 
78.9144 81.5088 26.5043 18.0301 16.9379 21.445 6.76958 202.246 115.902 69.8056 67.5214 398.205 38.3456 11.2426 26.4691 0.11532 0.551808 20.048 30.1687 8.76358 37.3735 5.55896 0.639807 16.6979 7.55657 0 36.0233 48.6493 
0.222412 26.7559 1.91827 16.0575 33.4866 20.2075 60.1543 99.6506 38.4866 20.4038 55.7933 36.3934 0.176313 9.27168 17.269 18.2434 7.05278 4.4063 4.06932 2.81689 0.00208641 7.8281 1.10746 18.2344 40.2477 5.95701 0 43.3776 
11.5752 13.2843 4.69121 32.4006 0.155386 5.67112 66.9589 28.5248 3.21584 49.8726 110.22 163.82 17.5211 5.87693 16.6571 13.2791 10.0735 47.0206 12.4617 5.61808 22.0101 0.923797 0.0565245 2.8798 11.2417 5.17598 86.1631 0 
