0 515.431 180.912 662.266 264.782 577.304 9.1744 26.7167 644.24 50.2961 4.74232 192.074 48.799 24.5925 66.9343 67.6714 468.34 12.0912 7.93858 170.311 85.2831 1.15893 31.9991 47.9955 510.433 79.2296 0.748288 55.8019 
473.577 0 91.4227 708.512 470.149 609.413 27.6194 5.74746 811.669 124.557 231.878 221.969 4.10882 18.0025 87.1832 79.9859 464.931 385.508 45.6565 138.949 71.4152 15.3712 0.967563 51.0201 450.813 3.65588 53.6868 15.7662 
192.059 452.951 0 13.5 11.027 42.8675 244.096 50.3984 25.1718 102.815 229.943 188.027 17.1953 10.6951 13.8801 22.1625 0.816268 54.7021 46.7374 11.367 0 11.2922 2.43849 13.6143 12.4242 21.573 6.775 19.9907 
535.65 710.767 175.507 0 151.607 473.182 0.000993632 993.426 457.76 58.0798 114.621 177.814 71.9617 10.6839 18.9584 42.8336 504.022 122.526 47.1267 41.4391 593.046 16.7622 19.1373 7.52773 468.676 0.655702 24.046 29.4207 
261.698 528.339 111.267 139.001 0 111.772 288.627 222.943 272.302 264.836 178.344 87.5503 169.017 35.7824 27.0349 69.9363 150.565 76.2885 297.272 61.8622 2.90962 46.1021 4.45106 10.4003 13.2938 32.1426 36.9047 33.698 
552.665 679.874 55.723 489.404 414.777 0 431.198 214.378 716.924 531.354 19.857 138.916 546.428 9.35064 13.4298 8.53709 454.342 0.267212 4.15796 0.543554 71.0746 18.5156 16.0018 16.861 477.894 2.74165 1.57812 5.26835 
0.00981075 486.114 27.9775 116.279 416.293 127.354 0 336.705 188.641 0.0165432 39.7094 22.6093 178.093 18.5655 102.165 3.20749 109.41 187.411 138.98 5.36887 75.4296 61.926 13.3285 56.4406 0.0030305 98.8959 57.3369 6.12344 
8.72322 267.379 95.4764 410.391 133.176 95.9694 84.833 0 252.002 43.9096 0.0520485 229.273 35.3727 101.263 1.14757 53.0387 99.3097 48.8063 0.184755 23.1879 132.001 7.24438 3.70178 7.4983 145.583 14.1154 0.639726 32.8519 
646.399 474.268 456.005 750.891 173.885 720.281 984.085 263.103 0 385.201 1496.85 402.003 108.357 53.9029 223.665 5.77245 459.952 29.8988 17.6219 1.14407 6.28001 69.6157 74.5846 4.46485 529.323 111.782 63.8097 0.0909083 
27.9637 54.6236 19.0991 10.8314 298.857 472.586 269.186 185.486 38.1753 0 551.635 17.0731 1.58079 9.14242 116.481 91.7089 50.7182 144.606 115.017 55.644 95.8725 59.7294 0.599222 6.0248 13.6465 10.3723 0.136316 52.7169 
76.3965 0.00358912 195.947 111.205 238.164 206.133 365.037 36.8657 627.648 592.433 0 473.231 8.41575 27.0998 379.302 228.321 0.026733 43.8394 123.104 73.4776 28.7681 54.3213 114.255 25.2591 85.504 46.8351 73.4573 40.7873 
211.637 186.822 104.771 219.707 5.28141 62.7752 6.50692 923.079 226.703 221.499 56.6059 0 27.0674 113.46 229.537 0.145871 24.9664 80.3294 95.6545 9.96801 14.4534 0.0362738 0.460994 112.738 7.93544 80.9616 112.311 132.63 
96.9798 13.16 72.6133 25.7385 24.079 178.626 8.0635 148.05 188.153 22.667 132.429 1.7399 0 29.2194 14.6345 76.66 35.7543 92.1623 81.9095 5.79865 2.83804 4.67969 12.0944 0.0302108 11.7516 36.6008 16.2838 16.9938 
9.05887 2.78254 13.7791 22.9628 60.642 11.1269 90.5357 115.707 14.1629 0.85819 55.3252 140.139 149.353 0 45.0965 7.08684 21.7893 42.9417 0.222114 0.0946934 0.197793 10.757 9.37442 10.0626 11.1346 12.0236 8.81063 11.4475 
15.0192 75.3359 30.6226 14.241 22.6534 9.22335 137.843 170.696 43.411 23.8761 405.791 212.193 13.0594 54.0713 0 86.9903 1.37464 35.4189 37.8534 4.50574 1.02992 10.9812 11.6056 7.5298 18.9473 27.6912 14.3223 23.3609 
0.0539423 20.9328 1.61955 21.8665 8.62293 12.4167 0.259996 75.4308 138.204 50.8764 103.449 223.799 12.2704 14.1397 2.42228 0 3.99277 60.8193 13.4134 6.67579 62.7572 6.29077 10.7038 26.9684 7.64342 3.83758 8.55615 16.8084 
547.97 551.564 52.2321 464.641 93.4065 481.397 2.8885 0.348619 547.949 3.35786 42.6712 20.7261 6.50462 3.8629 17.9139 8.52788 0 202.447 248.617 25.2024 66.5157 9.32697 0.844034 0.13896 453.79 10.2817 1.29526 8.83981 
0.573275 70.2305 157.46 111.434 90.6944 43.5947 226.75 34.8718 197.4 62.3138 160.042 114.856 66.796 29.49 27.4367 5.70242 57.5672 0 79.3633 25.8898 113.592 42.1533 23.2558 2.42511 45.4211 28.7058 33.1542 51.1468 
9.23689 113.345 0.458943 53.4854 219.487 81.4829 0.0513045 35.0246 2.55866 93.9036 128.261 13.6901 81.9765 7.90921 1.09354 30.5897 41.9021 134.131 0 25.7528 55.4433 19.7187 11.3801 0.192471 21.0884 16.9678 9.75626 15.9236 
171.198 41.8117 2.48997 3.27288 60.2299 0.0918147 7.4016 115.066 106.58 56.3345 53.1091 31.4692 4.76722 1.35505 2.35385 0.0163355 20.8062 54.3951 34.7628 0 276.18 2.45131 3.84488 0.693036 5.76843 12.0588 10.8169 5.18456 
62.3733 80.2444 23.6128 41.2172 116.855 73.9402 119.797 204.46 119.658 98.6329 17.2908 152.285 50.7796 36.3088 31.2382 0.297615 33.9367 34.2979 33.3957 313.782 0 19.5451 39.9129 47.9522 49.9779 41.3303 9.99605 3.40405 
7.81628 2.87313 3.16089 11.2693 24.6777 2.33105 0.596813 14.2331 16.1702 33.3465 1.05714 13.4405 1.26541 3.92768 1.12704 4.98745 8.52465 11.9533 17.4398 0.246245 3.44942 0 2.87035 0.00803075 5.50351 2.17364 12.8342 8.37397 
46.3695 0.443912 1.767 18.7593 11.0353 9.70019 34.3486 50.8295 99.7291 7.07582 131.357 31.1243 4.64487 9.62678 14.1508 1.56666 1.01008 36.7629 6.81268 0.340115 2.16355 13.9151 0 1.83791 0.218941 1.49463 2.72625 9.64965 
0.84263 37.9248 0.000168562 0.122196 2.74471 16.8157 66.2275 138.178 93.7805 45.5086 1.76845 123.328 28.7437 6.72402 27.6806 11.999 18.7438 29.7289 22.021 6.0057 9.60207 0.0242568 4.88398 0 37.3657 5.77148 0.151685 0.583677 
469.887 499.549 2.28782 489.288 22.5167 475.744 13.6394 145.108 532.612 0.461015 113.286 790.539 47.0606 7.8514 2.74911 86.4585 452.233 10.8649 28.3559 4.49944 1.703 73.1747 14.149 35.2836 0 96.3241 159.485 33.6713 
78.4933 80.8162 26.1585 16.4538 15.6699 22.0573 8.34562 192.365 111.867 71.0104 60.8548 389.822 37.2593 10.9581 25.5661 0.43191 0.66807 18.9798 30.0359 8.54882 36.0668 5.38495 0.518773 16.6882 7.84229 0 35.3003 44.4854 
0.128132 25.9161 2.12384 16.5716 32.8485 20.2071 60.3013 100.026 36.9999 19.6092 57.4473 33.2931 0.110793 9.42141 17.5304 18.3907 6.83348 4.07369 3.86271 2.94461 0.00209696 8.0075 1.27041 17.9947 42.0244 7.09414 0 35.5119 
10.6557 12.3173 5.09164 32.6082 0.0726238 5.2877 67.8252 25.0196 4.10998 50.6664 110.106 159.721 18.2465 6.13693 17.1994 13.9885 9.78412 46.5911 12.8172 5.43876 22.8412 1.00426 0.0886695 3.14669 11.0584 2.90306 89.7058 0 
