0 810.652 210.726 622.064 117.775 403.699 242.898 222.52 475.706 139.451 177.683 17.8465 101.888 48.4589 60.0886 53.0123 340.069 11.5774 49.7537 95.4541 178.863 28.8929 20.8538 5.1507 336.792 70.0784 12.1017 5.94373 
515.774 0 139.959 322.09 218.575 319.548 494.893 93.2564 375.113 113.971 233.216 218.193 142.152 60.8525 0.0156693 80.9412 330.847 1104.5 109.439 56.9335 0.00129174 1.62007 20.2354 0.0106289 368.702 0.905891 31.6247 1.55925 
210.585 423.96 0 172.861 127.949 15.2469 18.3308 231.981 400.214 114.21 189.374 67.2052 0.452284 12.0774 2.3671 16.5091 24.631 94.0842 9.51276 27.0845 62.2245 4.01957 6.09415 13.624 0.190493 0.0600582 9.67793 5.79138 
401.002 322.69 392.317 0 131.458 320.447 118.927 521.047 582.82 35.2551 1.95538 252.252 51.1485 8.45665 36.656 12.1365 347.689 25.2021 58.8689 24.6298 173.481 4.85577 0.823483 17.2068 321.852 20.9799 23.8519 32.9291 
128.211 37.9011 20.5335 156.309 0 283.76 386.517 221.272 0.421551 121.385 199.53 174.87 177.881 70.2791 21.0259 25.4975 139.692 235.358 294.921 34.8047 31.9244 53.4526 8.62682 0.0272144 65.464 41.2683 32.4345 24.9197 
436.264 445.544 18.7715 328.435 1085.82 0 1157.37 150.388 428.869 605.044 208.048 8.31148 189.108 10.1942 21.0161 11.7728 330.57 0.196973 7.65103 5.96644 60.0877 1.13949 3.3036 0.0437347 341.827 13.9065 0.14153 5.00806 
208.465 44.7036 238.104 0.0481912 233.187 396.919 0 310.218 1136.07 486.617 225.094 1.64546 187.016 3.52419 101.524 37.6949 92.2807 2.28346 155.95 88.5195 55.8985 33.6549 0.0631284 63.2099 13.1821 0.0743302 58.4494 65.3344 
83.499 242.441 262.652 19.6264 111.702 195.244 88.0602 0 122.622 192.533 0.41188 905.132 51.448 102.259 137.201 154.509 38.8447 5.77912 90.5892 104.042 188.204 7.286 30.1948 54.6506 25.5172 13.5826 32.6386 4.84403e-05 
547.693 642.117 87.5425 319.245 336.189 431.735 73.4814 113.901 0 138.528 1161.36 0.0809962 169.315 74.1533 92.8059 110.105 402.789 1.41206 131.789 29.9558 180.4 67.8979 6.10735 0.954279 332.652 142.392 77.0435 31.3087 
5.84585 190.579 0.453524 28.3499 77.6759 59.5745 139.767 27.014 104.503 0 601.945 0.398663 138.699 34.6966 124.255 9.38118 5.19151 23.7084 74.3545 11.1511 20.6001 38.5046 16.08 6.18835 27.4253 59.6678 0.0391703 2.91838 
34.8671 120.937 226.236 195.323 7.01946 129.379 369.724 27.4552 241.857 599.364 0 289.978 0.69241 178.48 360.398 220.597 26.3375 66.2909 105.567 0.382144 5.48912 62.2826 21.4417 27.1197 129.742 117.809 40.3537 81.6607 
155.477 173.936 182.417 39.2821 35.3838 157.685 35.5822 206.058 149.086 178.996 495.994 0 113.728 156.5 267.067 0.77663 22.7196 147.108 63.087 30.5645 5.31068 45.8577 3.67447 10.4399 101.121 397.34 57.226 135.257 
1.77365 89.8604 54.657 0.280395 7.0619 176.624 13.169 147.374 136.168 78.4237 74.3055 63.9311 0 50.3643 46.3091 81.8477 41.0745 38.3362 10.7845 11.5684 1.86757 14.0308 81.4247 70.2137 27.5795 18.2126 36.8048 9.90492 
53.9009 40.2665 0.0599223 22.2906 11.3524 13.2308 37.0623 114.998 120.899 54.2285 200.647 136.512 155.87 0 59.2217 14.2951 6.35063 27.5988 0.0516057 1.1789 0.00404585 1.44149 1.24418 6.59678 9.6718 5.30855 6.79752 1.9175 
2.80964 2.37314 22.038 6.83591 25.3066 25.7243 138.091 5.41858 107.815 14.7131 299.287 146.387 114.454 11.4182 0 33.1741 2.77212 17.1665 4.47811 0.689394 23.0283 6.51426 22.4084 10.605 17.7722 3.73211 0.156181 22.2023 
57.7334 57.7624 6.58614 3.25668 55.2441 21.5407 17.2603 179.417 58.548 68.2263 53.7915 212.76 21.2806 18.8446 26.8029 0 22.0252 30.5187 8.08527 1.49061 4.36777 0.429427 1.27731 6.44919 13.8442 32.1855 18.8707 21.3289 
418.904 415.04 48.9275 364.4 116.179 360.376 26.0531 48.1364 356.59 54.7787 87.126 18.6199 3.62018 22.0946 29.2864 25.092 0 42.3369 368.232 31.2263 60.2334 19.2982 19.1498 20.6089 346.792 2.08924 16.316 20.6311 
0.463198 417.888 1.53382 32.3986 17.0307 33.7003 107.841 154.938 219.244 141.833 145.402 126.867 67.9899 13.5712 56.8604 54.4704 183.544 0 100.493 1.95437 44.2838 1.16944 44.9156 20.9957 40.6121 59.1224 12.4344 23.7256 
47.3014 77.3313 61.5945 61.7701 276.304 87.2206 27.898 114.686 154.246 44.2036 117.379 23.1314 42.3037 11.3951 24.3838 29.2682 194.318 118.467 0 4.40004 42.143 0.100952 0.0857517 18.323 30.6309 25.0982 4.26579 16.3916 
77.6576 132.684 20.485 0.774341 36.4529 2.21623 88.3013 0.0755057 66.7025 18.2801 9.53861 10.565 10.2008 0.158231 0.0197802 9.47563 0.169244 2.89572 6.73638 0 194.964 5.86992 2.37654 1.61779 0.817866 3.37784 1.04707 10.2776 
199.63 0.494903 112.159 7.24756 119.188 23.9722 132.573 166.036 68.3221 3.90758 13.05 163.952 24.2691 33.4669 57.8998 58.8463 46.3202 46.9611 19.7516 14.4672 0 29.598 19.8778 47.3352 50.4408 25.2287 43.7415 0.118112 
17.6724 18.2768 0.172871 0.00736112 13.9538 17.052 43.1705 14.288 4.71252 57.7755 67.5479 13.352 21.9984 9.34101 4.23643 11.7446 4.31679 26.2745 0.680603 4.49393 31.0981 0 12.3425 7.61251 21.3506 5.20852 4.18693 0.767895 
41.1677 22.5698 6.99529 1.38824 46.7615 0.0697619 5.79417 102.092 36.1128 0.520376 86.3801 43.9044 32.2413 0.147389 20.6048 11.3723 15.7874 41.8583 1.5833 3.72863 26.8455 4.86754 0 18.6199 6.07816 1.46206 11.2662 7.76701 
54.4822 3.10629 7.17354 2.40614 22.7558 5.17129 13.8257 43.5655 71.3644 45.7423 1.27107 16.0345 44.4793 2.09385 26.4931 22.7592 3.0728 7.59908 2.19621 6.34278 5.17511 6.69115 3.62289 0 33.84 0.832247 1.01146 7.38851 
319.596 320.231 3.3973 323.083 6.59977 331.051 0.0150348 75.2715 406.094 6.08866 143.417 312.322 0.488317 4.61225 2.11283 7.90416 346.97 15.2946 26.2209 10.5639 44.0259 30.9014 8.03332 45.5413 0 23.0238 141.4 120.141 
72.6518 76.8142 1.21851 44.5849 52.764 9.72048 95.9313 84.218 142.384 1.91967 7.14279 56.2223 17.5574 6.60106e-06 1.96442 32.5767 21.655 53.6328 25.206 9.57393 30.6003 2.3169 0.498658 13.8151 17.6853 0 3.65479 1.26851 
5.58051 1.81588 0.657596 0.56128 1.72093 17.489 59.8363 66.7176 77.237 18.4496 5.54757 120.338 30.3589 7.54238 0.273373 11.5214 21.4818 41.269 24.3195 9.61699 38.2608 11.7661 12.5749 19.1955 10.3679 37.2771 0 68.6769 
58.9949 52.6109 20.4536 30.4491 0.802558 22.7732 7.71642 0.664512 48.2185 4.61561 97.2572 157.882 26.0103 8.19315 12.8208 22.4452 19.9008 11.3688 19.3287 0.739066 33.5868 10.4007 3.57057 14.3517 30.2266 22.2837 67.0598 0 
