0 222.54 195.211 469.848 268.617 335.909 18.3886 42.2798 383.388 58.1953 8.27026 201.494 52.8275 22.8253 68.2267 64.8148 220.889 5.87756 10.8654 171.544 68.0158 0.872826 33.2561 49.4419 263.89 78.6617 1.10426 56.8456 
283.514 0 24.8561 429.034 510.875 340.54 3.75125 13.1804 590.371 105.991 243.082 219.326 2.12532 20.4684 89.7394 78.1366 216.061 665.458 36.3779 141.213 62.2728 14.1503 1.48282 52.5276 206.047 2.37339 53.2998 17.5136 
203.151 473.189 0 77.4001 20.1878 36.9045 232.156 75.4362 1.05183 107.073 237.544 187.731 19.9871 9.92859 15.909 21.2626 0.327943 43.1817 44.0611 9.7808 0.559176 11.0927 2.08667 14.0047 13.6858 20.3831 6.25159 20.444 
248.213 431.736 45.9148 0 156.967 233.704 1.63584 982.568 205.978 64.0861 129.392 199.596 72.5216 9.72982 20.9712 42.9985 258.745 128.846 44.7387 43.6449 180.521 16.6997 19.2831 6.50697 222.298 1.45018 23.45 30.2087 
267.155 504.735 127.429 130.168 0 130.682 336.036 222.499 297.277 290.677 193.661 79.5395 163.998 38.477 31.1093 68.3849 152.672 91.0617 301.091 66.2219 1.59342 44.7831 5.43747 11.7432 11.6146 34.618 37.862 32.1643 
315.432 441.689 59.8396 249.909 696.773 0 1053.89 211.299 387.876 274.624 36.9621 144.807 150.718 8.28905 11.0127 7.29818 208.914 1.30167 1.98181 0.275151 72.5744 18.9158 15.7788 16.5213 233.888 2.05715 1.30501 5.9039 
1.93132 517.003 12.2403 133.592 432.003 484.609 0 302.117 5.54172 12.2355 13.7096 34.6529 189.294 14.7014 92.9413 5.41459 108.649 174.586 132.711 7.70154 81.523 61.3593 11.1713 58.6261 0.131374 97.9102 56.5325 4.77384 
2.40621 253.795 124.78 434.157 120.954 113.429 120.962 0 161.272 33.3547 3.42014 450.053 40.7241 106.634 4.33101 77.7042 99.6523 56.2232 0.000993738 27.9679 142.694 8.44968 5.62189 11.6892 157.688 5.4057 0.169278 26.8469 
417.504 214.206 473.152 480.398 142.719 391.176 1257.32 171.143 0 375.569 636.97 402.734 96.5971 45.7103 288.299 2.61944 213.55 22.1844 13.0859 2.33638 3.40859 69.2848 78.5995 6.42134 278.819 104.7 61.8071 0.48124 
21.8969 70.8974 13.6538 7.44987 316.909 510.549 187.856 195.465 17.0906 0 481.11 9.49108 0.933613 12.5378 123.213 91.1816 47.6653 145.859 111.358 55.0865 94.5412 58.9326 0.188248 4.59406 11.3228 13.0295 0.031452 53.7425 
66.8473 1.05497 212.303 96.1388 227.695 180.39 412.066 57.6172 522.908 548.098 0 433.843 16.0229 41.8079 403.685 228.029 0.0176423 37.6506 120.679 71.1508 24.3214 51.9092 119.485 31.2023 77.178 57.2858 71.3552 36.2103 
203.813 177.204 90.9095 200.524 8.32825 53.5718 1.86662 1020.15 262.268 210.321 24.8184 0 21.9607 101.757 249.373 18.0969 22.7959 86.029 94.1904 12.4841 18.8661 0.00764068 0.00199168 97.7285 18.712 138.612 109.208 142.779 
94.3159 17.4099 73.1314 23.0696 31.3834 153.835 14.7638 148.295 194.113 6.67309 150.294 0.57717 0 16.8695 20.9305 73.7223 33.9304 89.6562 80.4985 4.98133 2.11886 7.30119 16.4533 0.0547228 13.313 34.7595 17.1741 15.8188 
7.76737 3.95762 14.3543 22.7292 58.7114 12.2075 87.7634 111.478 9.37152 2.17723 73.7375 130.605 140.348 0 55.5042 5.05848 21.8972 44.1647 0.384284 0.132874 0.0676168 10.8565 8.62212 10.3044 10.3786 12.3471 9.07541 11.6079 
12.8163 79.0135 29.2953 12.3384 26.5254 7.11772 140.704 177.221 59.7485 15.9808 404.825 185.302 8.05447 43.0681 0 75.5919 1.07106 37.7445 38.1477 4.84918 1.569 10.2832 13.9396 5.53386 20.6429 26.3419 14.8976 23.3773 
0.420884 17.8133 2.35208 19.0761 10.5649 13.7814 0.00138845 102.436 143.373 45.2515 81.7807 326.18 9.11349 12.0982 0.424049 0 4.46483 60.285 14.2887 6.97647 62.3918 5.84357 9.98296 24.4785 9.07422 5.9712 9.27503 17.8257 
301.293 299.31 50.9433 222.475 84.8116 234.778 4.47437 0.819177 306.439 2.25126 39.8003 18.6912 7.64587 4.25506 18.6663 9.13433 0 173.689 276.078 24.2435 65.8534 8.92572 0.693518 0.218236 210.049 9.6569 1.11907 8.37629 
0.0995972 82.6246 151.952 103.357 75.9365 50.3506 231.255 28.6596 204.044 55.6335 163.335 119.657 63.3136 31.0453 25.1734 4.612 35.3924 0 87.6054 29.5627 115.918 42.2494 24.3687 2.99681 46.837 26.8233 32.3212 50.9933 
12.354 123.458 1.12855 51.4952 247.15 84.7948 0.905499 39.0286 4.85625 88.0452 127.173 15.9563 83.157 7.2097 1.55137 30.6128 39.6925 128.634 0 26.866 57.1932 19.2264 10.8216 0.306436 21.7956 17.7766 10.2096 16.4974 
193.545 32.6996 1.63611 5.21359 64.6446 0.267014 5.11569 113.173 106.325 56.3821 50.0235 27.8434 4.01975 1.24318 2.64064 0.000478164 21.8465 58.1803 34.19 0 314.591 2.33224 3.8911 0.803821 6.17844 12.0232 10.8754 5.47932 
46.8789 70.9083 30.5052 57.3655 119.976 72.6527 115.049 200.971 128.295 99.0868 13.744 147.678 48.8067 35.3088 29.4068 0.693786 35.7907 30.3382 35.486 274.84 0 18.9488 39.7596 47.8734 48.4812 39.2345 10.8466 2.749 
7.10564 3.52364 2.89104 10.89 26.3099 2.79926 0.271433 15.7973 17.9094 35.7441 0.547236 15.3395 2.80966 4.45772 1.50237 5.43098 8.92342 11.1468 16.8955 0.295782 3.0871 0 2.05634 0.0816434 4.65645 2.40801 12.821 8.18519 
46.6552 0.812843 1.46078 18.9883 9.6838 9.0868 31.4817 46.2127 100.963 8.86924 128.858 25.1883 2.36365 9.58808 16.4323 2.25628 1.1885 37.6092 6.30869 0.395533 2.63254 14.4725 0 0.278061 0.619438 1.20263 3.11625 9.50445 
1.38451 39.8937 0.0274382 0.328647 2.06315 17.12 64.674 138.722 95.735 43.2707 0.488558 108.64 25.4182 7.55042 28.0747 8.3393 18.4671 28.5103 21.7014 6.07993 10.7182 0.00164806 8.46762 0 40.5988 4.93001 0.334442 0.389424 
223.158 252.512 3.02436 243.771 24.5809 230.893 16.6045 131.84 294.472 0.100728 106.041 1142.07 48.3861 8.64297 3.82182 75.2722 208.411 9.59182 28.7608 4.11613 1.12608 72.9095 13.5141 35.8275 0 76.9978 64.6959 130.938 
77.5627 79.4611 25.4871 13.9286 13.6603 23.0145 11.2619 173.954 104.791 72.7464 50.2252 360.136 35.4329 10.4533 23.9411 1.3816 0.883063 17.2571 29.7837 8.1867 33.898 5.09847 0.345894 16.5941 8.51346 0 33.8879 37.0695 
0.029102 24.5365 2.48219 17.4093 31.7839 20.184 60.4671 100.404 34.5608 18.3113 60.1193 28.3808 0.0358604 9.65791 17.9344 18.5912 6.4766 3.55171 3.53203 3.15881 0.0385886 8.30006 1.56033 17.5499 44.5979 9.1271 0 23.3614 
9.20772 10.7865 5.77564 32.8668 0.00408762 4.67714 69.1284 19.6467 5.80895 51.8884 109.584 151.867 19.4509 6.56428 18.0597 15.1328 9.31066 45.8435 13.4036 5.14415 24.216 1.14329 0.157133 3.6044 10.7659 0.553639 92.7445 0 
