0 10.4016 205.968 320.435 268.931 142.385 31.9323 62.8721 168.625 67.201 13.2493 210.469 57.2985 20.8901 69.4291 61.4061 22.2723 1.55029 14.5773 192.817 50.3788 0.602428 34.6094 50.9301 65.8194 77.6868 1.57679 57.8738 
176.495 0 0.130248 189.116 530.983 117.062 3.17854 24.7286 411.724 85.8696 253.231 214.856 0.678935 23.3052 92.1359 75.7686 16.5066 547.109 27.0406 141.972 52.5095 12.836 2.17696 54.0873 10.3454 1.26849 52.7935 19.514 
209.915 441.354 0 183.203 33.052 30.1727 212.026 106.538 11.758 110.704 241.085 185.03 23.2264 9.06392 18.1728 20.1442 0.04207 31.5023 40.9488 8.09129 2.46922 10.8579 1.72325 14.3939 15.0865 18.9868 5.68528 20.8897 
21.1393 192.084 56.3533 0 161.155 43.7332 7.0135 418.383 13.2854 70.5728 145.033 220.801 72.8889 8.68865 23.1836 42.7578 62.0497 134.81 41.9794 45.6195 438.565 16.6087 19.389 5.43732 24.6199 2.67622 22.7464 30.9787 
269.305 454.479 144.075 119.276 0 161.117 380.34 220.421 320.561 312.812 209.372 70.7698 157.328 41.4367 35.7847 66.4506 153.877 107.941 296.779 70.8384 0.59156 43.2599 6.63107 13.2988 9.86216 37.3624 38.8894 30.4538 
126.928 246.7 63.3637 59.5287 673.004 0 1124.19 204.694 107.28 687.475 60.846 150.223 599.004 7.14464 8.52469 6.00118 12.4423 3.33957 0.491976 0.0828873 74.0003 19.3106 15.4819 16.0993 38.6754 1.40616 1.03102 6.6345 
7.88613 525.877 2.13216 151.596 434.741 860.072 0 259.204 109.86 54.8055 0.583337 50.4827 199.891 10.8662 82.2454 8.48244 107.399 159.258 124.933 10.7229 88.1877 60.5909 8.9681 60.8909 0.678712 96.2734 55.5453 3.46364 
0.000165387 236.115 157.901 509.274 107.292 132.556 164.962 0 78.5079 23.1067 13.1671 708.247 46.9139 111.949 10.1463 107.885 99.8001 64.7591 0.16766 33.6074 153.996 9.87565 8.18128 17.2898 169.435 0.51174 0.000371355 20.7475 
237.337 10.6925 454.602 248.711 109.523 110.025 1271.66 86.0157 0 355.093 1283.17 395.9 83.678 37.5149 303.669 0.551529 16.0792 14.8583 8.7899 4.13299 1.2337 68.784 82.7801 8.9675 76.4058 96.3372 59.4931 1.26942 
15.9222 90.2775 8.57153 4.39909 329.08 466.785 106.162 204.99 3.29594 0 379.969 3.61048 11.6271 16.7965 128.838 89.8016 44.2509 146.515 106.635 54.2936 92.8311 57.8427 0.00316569 3.22022 8.96001 16.2447 0.00124113 54.7378 
56.6475 4.95113 226.573 79.6199 214.208 149.759 452.578 84.8119 371.859 467.062 0 379.384 27.0318 60.7429 405.596 222.772 0.212301 31.2039 117.558 68.403 19.7559 49.1771 124.411 38.2624 67.9004 69.4026 68.8822 31.3116 
193.668 165.621 75.6557 176.395 12.4595 43.8241 0.00220541 1004.03 299.29 196.039 4.37044 0 16.8406 88.3451 264.918 83.9366 20.4692 92.2705 92.3624 15.5459 24.3389 0.155958 0.432698 81.0029 88.3528 209.665 105.278 152.772 
91.1139 22.7039 73.3796 20.2094 40.3298 140.308 24.3118 147.976 199.312 0.0165465 169.516 0.0192515 0 6.81304 28.8921 70.0028 31.9054 86.6887 78.6904 4.14014 1.44217 10.8089 21.8664 0.468795 15.118 32.6805 18.1658 14.5408 
6.4353 5.48277 14.9286 22.3817 56.4122 13.3895 84.1817 106.097 5.24568 4.31482 95.4526 118.866 126.756 0 61.5287 3.092 21.9901 45.4491 0.614439 0.182417 0.00305886 10.9037 7.34719 10.3969 9.51978 12.6353 9.35533 11.7519 
10.5401 82.7632 27.6202 10.3225 31.0228 5.04786 142.296 182.24 79.8635 8.88945 378.645 152.842 3.84571 28.3089 0 55.4104 0.777704 40.3017 38.379 5.23366 2.29326 9.49885 16.4684 3.60797 22.447 24.6294 15.5096 23.2959 
1.22804 14.5805 3.30259 16.0365 12.9035 15.2904 0.413238 133.82 147.794 39.0381 59.2394 423.039 6.10974 9.69754 9.29605 0 5.0116 59.5533 15.2616 7.29776 61.7968 5.34942 9.08216 20.94 10.9323 8.73845 10.0719 18.8694 
102.873 94.8105 49.3028 29.4836 75.1845 36.7683 6.61246 1.56843 113.824 1.27793 36.6567 16.5293 9.00137 4.70585 19.4881 9.81677 0 140.354 217.63 23.1485 65.0119 8.48438 0.543535 0.326525 15.2521 8.97583 0.938289 7.8702 
2.2538 69.1716 143.91 93.861 60.4452 57.998 233.975 22.3729 210.091 48.4178 166.326 124.681 59.4048 32.7499 22.7175 3.53001 16.4768 0 96.5504 33.7627 118.157 42.3107 25.5956 3.6951 48.3408 24.7571 31.3789 50.7525 
16.2618 133.952 2.20638 49.1179 272.244 87.6196 3.06432 43.5831 8.21544 81.2044 125.48 18.6269 84.2 6.46009 2.1468 30.5794 36.449 121.792 0 28.0521 59.0497 18.6656 10.2053 0.462889 22.5601 18.664 10.7148 17.1258 
212.353 23.5711 0.889359 7.81007 69.3396 0.565825 3.05413 110.46 105.546 56.2505 46.5662 23.9881 3.25958 1.12305 2.97158 0.00910821 22.9756 62.2336 33.4706 0 332.181 2.20192 3.93751 0.934569 6.63538 11.9541 10.9282 5.80648 
31.7766 60.8181 38.8085 76.9564 123.049 70.9929 109.431 195.776 137.467 99.3287 10.2498 142.007 46.5907 34.1563 27.3779 1.32215 37.8377 26.1504 37.8034 213.877 0 18.2847 39.5339 47.6958 46.739 36.8716 11.8151 2.1013 
6.35033 4.31497 2.60231 10.4636 28.1251 3.35909 0.0585096 17.5941 19.9015 38.3599 0.17599 17.5497 5.19734 5.0559 1.97399 5.92553 9.36777 10.2753 16.2828 0.355635 2.70709 0 1.29304 0.251936 3.77755 2.6773 12.7897 7.96971 
46.8808 1.34807 1.1517 19.1881 8.27045 8.40211 28.3432 41.1493 101.852 11.0463 125.078 19.186 0.715321 8.98658 18.8039 3.12903 1.40176 38.5031 5.76508 0.46121 3.20127 14.9204 0 0.167889 1.29845 0.912073 3.5688 9.32367 
2.13583 42.028 0.111804 0.67188 1.41829 17.4071 62.7589 138.166 97.5002 40.6872 3.8487e-06 91.9387 21.8447 8.38371 28.0479 4.80491 18.145 27.1481 21.3224 6.15221 12.004 0.0664705 12.7264 0 43.2504 4.04528 0.617939 0.219114 
25.1718 53.9948 3.94331 46.781 26.9101 34.7648 20.1458 116.218 105.557 0.00699211 97.5157 399.173 49.7466 9.51543 5.18238 50.2048 13.5281 8.25824 29.1707 3.7035 0.624108 30.2747 12.8414 31.3376 0 12.4849 69.7969 104.163 
76.1961 77.6601 24.603 11.2739 11.5603 23.9919 14.9255 151.189 96.4334 74.2912 39.1704 307.778 33.3666 9.84757 21.9719 3.01884 1.15468 15.4098 29.4568 7.77521 31.4839 4.7823 0.19418 16.3778 9.53326 0 32.0286 28.5162 
0.00136647 23.0173 2.9064 18.3202 30.5878 20.1259 60.5394 100.469 31.884 16.8945 62.9889 23.2689 0.000923072 9.90426 18.3415 18.751 6.08819 3.01221 3.18039 3.40112 0.131838 8.61901 1.91108 16.9884 46.9105 11.5731 0 12.0807 
7.70763 9.18816 6.56467 33.0309 0.026788 4.0343 70.3851 14.3426 8.0072 53.1114 108.525 141.738 20.7948 7.0339 18.9577 16.3514 8.79186 44.9595 14.0529 4.81989 25.7427 1.30637 0.255167 4.13473 10.4908 0.109406 91.8325 0 
