0 156.385 209.222 475.98 267.469 281.239 40.1692 74.6777 296.797 71.9169 16.2409 214.453 59.6008 19.9033 69.9529 59.557 159.184 0.400787 16.675 213.603 42.0452 0.482147 35.2903 51.6489 202.821 77.0441 1.85242 58.3505 
368.343 0 9.8134 303.537 530.322 241.165 13.6189 31.9615 554.96 75.8464 257.469 211.935 0.245834 24.8068 93.1861 74.4216 153.206 413.113 22.6644 141.638 47.6598 12.1744 2.58502 54.8447 148.729 0.83076 52.5006 20.5705 
211.002 404.65 0 234.279 40.6566 26.7315 199.214 123.422 32.3006 112.105 240.853 182.681 24.9497 8.61401 19.3359 19.5219 0.000228939 26.025 39.2928 7.2558 3.97389 10.7311 1.54716 14.5763 15.8067 18.2391 5.39914 21.0958 
151.227 306.54 167.256 0 162.565 184.981 11.1965 1022.84 157.618 73.8214 152.68 230.253 72.9738 8.16035 24.31 42.4608 199.746 137.426 40.5159 46.4305 552.938 16.5528 19.4207 4.91328 161.914 3.44488 22.3663 31.3319 
268.79 420.244 151.947 113.281 0 197.024 398.814 218.704 330.496 321.183 216.864 66.3114 153.46 42.9478 38.2495 65.3675 154.029 116.757 291.107 73.1175 0.264161 42.4498 7.2872 14.1278 9.00418 38.7752 39.4056 29.5678 
268.51 382.73 64.7107 200.407 597.096 0 972.705 200.035 209.619 436.677 74.8186 152.533 618.859 6.57104 7.33368 5.36752 150.415 4.74886 0.112271 0.0273813 74.6365 19.4939 15.3088 15.8634 177.165 1.11605 0.901578 7.02149 
12.4794 519.662 0.156926 160.196 430.031 943.083 0 235.838 278.252 87.1223 0.580318 59.5585 204.539 9.08564 76.6061 10.3089 106.59 150.982 120.615 12.4518 91.5753 60.1375 7.9125 61.9911 1.1263 95.2102 54.9972 2.86567 
0.673512 226.048 174.674 524.089 100.252 142.147 188.616 0 45.951 18.4714 20.5723 826.011 50.2011 114.406 14.0419 124.086 99.7809 69.2714 0.405574 36.6394 159.556 10.6476 9.67256 20.545 174.712 0.0143255 0.0583926 17.8524 
382.787 148.94 430.379 366.231 93.3331 211.902 1153.27 51.9038 0 340.842 687.449 389.308 77.1168 33.6855 260.59 0.0834301 153.571 11.6109 6.88731 5.25079 0.532439 68.471 84.8157 10.4308 211.205 91.8496 58.2623 1.82082 
13.1701 100.665 6.37485 3.12511 331.925 417.379 70.757 209.221 0.367939 0 322.623 1.65385 21.6175 19.1762 130.927 88.7696 42.4816 146.55 103.942 53.8137 91.8542 57.1974 0.0192489 2.60135 7.83354 18.005 0.0210083 55.1919 
51.5771 8.06073 232.158 71.3005 206.554 133.582 467.793 100.293 262.771 415.514 0 347.928 33.6934 71.3498 396.082 218.098 0.396694 28.0608 115.776 66.9198 17.5573 47.746 126.572 42.0698 63.135 75.7956 67.5499 28.867 
187.877 159.313 67.9499 163.082 14.8908 39.0294 0.402631 945.175 316.961 187.987 0.338519 0 14.4333 81.3474 269.998 132.675 19.3025 95.4502 91.3365 17.2319 27.3889 0.306333 1.0394 72.495 101.674 246.425 103.059 157.342 
89.3643 25.6605 73.373 18.7789 45.2569 142.096 30.0456 147.569 201.393 1.30423 179.057 0.033114 0 3.31339 33.3413 67.9091 30.8604 85.0827 77.6599 3.73324 1.14279 12.85 24.8656 0.840214 16.078 31.5948 18.6793 13.8922 
5.79029 6.35864 15.1974 22.1666 55.1643 13.9892 82.1376 103.059 3.62739 5.68478 106.911 112.419 118.511 0 61.8849 2.23148 22.0271 46.0817 0.753754 0.210926 0.00253989 10.902 6.55585 10.3713 9.07061 12.7542 9.49399 11.8121 
9.43756 84.553 26.6804 9.32747 33.4156 4.10016 142.456 183.877 90.8374 5.98606 355.799 135.59 2.25858 20.7144 0 43.5261 0.644163 41.6097 38.4592 5.43333 2.71839 9.09131 17.7173 2.75214 23.3392 23.667 15.8141 23.2131 
1.80695 13.0127 3.84617 14.5079 14.1827 16.0626 0.911348 150.044 149.512 35.8735 48.5286 459.567 4.77653 8.44816 17.7792 0 5.3032 59.1192 15.7641 7.45824 61.4128 5.09586 8.58319 18.885 11.9872 10.2977 10.4817 19.3698 
239.614 228.488 48.3734 169.191 70.2173 173.862 7.8679 2.04789 253.581 0.881208 35.0531 15.4534 9.73716 4.94498 19.907 10.1729 0 123.105 556.205 22.5713 64.534 8.25803 0.473064 0.39078 154.007 8.62924 0.850946 7.61219 
4.45281 69.6322 139.032 88.7892 52.9022 61.9768 234.427 19.3906 212.645 44.7918 167.591 127.143 57.3722 33.6204 21.475 3.0248 9.36625 0 101.051 35.9723 119.17 42.3238 26.2254 4.08169 49.0889 23.7012 30.885 50.5993 
18.4537 139.015 2.89708 47.8263 282.438 88.7107 4.6668 45.974 10.2724 77.5585 124.411 20.0677 84.6274 6.08437 2.48957 30.538 34.4301 117.982 0 28.6431 59.9723 18.3701 9.88862 0.555952 22.9464 19.1176 10.9766 17.4469 
219.127 19.3299 0.589757 9.31416 71.6663 0.762295 2.19078 108.816 104.942 56.107 44.7718 22.0737 2.89592 1.06271 3.14744 0.0243183 23.5474 64.2562 33.0655 0 329.877 2.13534 3.95946 1.00523 6.87182 11.9064 10.9506 5.97534 
24.964 55.7555 43.3147 75.5526 124.471 70.0436 106.399 192.569 142.007 99.3459 8.63229 138.862 45.4364 33.5441 26.3334 1.72321 38.8896 24.0781 38.9978 178.388 0 17.9407 39.3945 47.5672 45.8076 35.6388 12.3253 1.79962 
5.97401 4.7518 2.45769 10.2412 29.063 3.66402 0.00954275 18.5459 20.9544 39.6876 0.0645143 18.7311 6.6962 5.36701 2.23932 6.18111 9.59804 9.8349 15.9628 0.388554 2.51987 0 0.962124 0.375648 3.35143 2.82003 12.7667 7.85601 
46.9597 1.67563 1.00515 19.2688 7.57723 8.04795 26.7456 38.5718 102.111 12.2422 122.731 16.3518 0.236986 8.46787 19.933 3.61645 1.51814 38.9459 5.49091 0.496828 3.51461 15.0781 0 0.790526 1.74112 0.776343 3.81005 9.22239 
2.58447 43.1073 0.177438 0.895175 1.13147 17.5343 61.6946 137.405 98.2423 39.3171 0.132399 83.3064 20.0581 8.77071 27.8434 3.28958 17.9724 26.441 21.1167 6.18535 12.6866 0.136637 14.819 0 44.1902 3.61196 0.796838 0.149985 
162.337 190.808 4.45736 184.318 28.1266 172.793 22.0696 107.911 247.193 0.0844256 92.9521 1139.6 50.4025 9.96105 5.94916 39.2786 152.24 7.60282 29.3661 3.49593 0.422056 11.7205 12.5089 27.3025 0 7.16445 148.594 43.3223 
75.3565 76.6115 24.0924 9.97655 10.5317 24.4596 16.9816 138.778 91.9481 74.9276 33.8374 274.806 32.2859 9.51802 20.8989 4.08415 1.30844 14.4836 29.2689 7.55915 30.2373 4.61987 0.132603 16.221 10.1662 0 30.9596 24.1561 
0.0207642 22.2381 3.13609 18.7821 29.9642 20.0827 60.5308 100.358 30.5162 16.1732 64.4289 20.7824 0.00267082 10.0247 18.5344 18.8075 5.89068 2.74988 3.00504 3.52812 0.201636 8.78132 2.10366 16.6718 47.8803 12.8998 0 7.50564 
6.97813 8.4051 6.9834 33.0648 0.0790212 3.71718 70.9547 11.894 9.26695 53.687 107.783 135.995 21.4911 7.27387 19.3962 16.9554 8.52662 44.4808 14.3875 4.65365 26.5307 1.39417 0.314764 4.41699 10.3839 0.782201 89.6182 0 
