0 486.67 210.513 327.808 101.283 135.844 251.697 239.416 200.322 143.316 181.82 24.017 100.218 49.2726 58.4313 55.7652 76.2063 6.63371 45.5889 127.667 191.366 29.5365 21.9206 4.29665 73.7289 71.7717 13.0086 6.88909 
184.997 0 71.4636 58.1067 159.523 58.6125 517.247 77.9335 138.123 128.581 223.331 214.856 139.709 62.3491 0.241122 82.0537 66.4171 408.177 117.567 64.9975 0.269531 1.27053 18.9024 0.0939313 109.753 0.429963 30.548 1.11389 
207.366 462.318 0 96.5508 115.337 19.4388 32.1722 247.87 344.177 113.458 173.949 77.8175 0.932628 12.6216 1.61586 15.4886 22.7043 103.744 11.3012 26.6671 68.846 3.79 6.45428 13.2937 0.387458 0.20609 9.24269 5.25098 
180.019 58.074 360.375 0 138.373 60.5152 105.016 297.807 344.854 39.807 0.325451 244.472 49.0863 7.73672 35.7911 10.2115 84.7633 19.9945 57.7928 27.3275 384.264 4.57367 0.620327 16.3273 61.5956 18.8971 24.3028 32.7616 
111.525 12.4975 13.0581 152.06 0 233.413 357.364 219.174 3.81908 95.5888 187.892 172.597 176.645 70.2083 18.2139 23.3548 143.416 235.303 285.378 31.3245 35.4436 52.805 7.66278 0.000142898 64.83 39.3391 31.5945 23.7131 
170.419 164.38 14.6316 70.0502 363.975 0 923.673 137.479 116.963 358.244 188.177 11.9689 135.691 11.0446 23.1025 12.8408 67.9294 0.00228308 10.5276 5.26629 58.116 0.898037 2.9222 0.00780498 79.9466 12.9471 0.219606 4.53577 
221.663 16.9692 245.841 0.580087 191.738 662.89 0 336.972 859.765 505.256 271.317 4.90576 195.016 5.18754 94.2891 41.9543 89.6525 0.529504 157.076 86.5998 60.6171 35.2211 0.267139 61.764 11.0557 0.0129349 57.9337 66.5666 
101.361 254.63 271.098 67.0271 102.009 202.421 62.6934 0 187.833 199.791 0.401995 760.523 56.0777 106.452 127.39 176.05 41.2726 3.73649 93.3473 101.016 193.095 8.22856 26.9346 48.3468 18.2149 22.9325 35.5402 0.232929 
295.802 353.081 146.661 60.5674 345.809 119.214 294.247 177.654 0 108.052 674.272 2.9204 162.016 81.354 52.8001 116.823 144.418 0.308245 135.9 26.6427 182.799 68.399 7.94563 0.406881 74.7552 142.586 77.6883 34.2015 
8.56841 178.131 0.0101929 24.2439 55.6785 151.861 200.42 20.2711 134.728 0 581.148 0.047193 170.414 30.8051 128.227 12.2299 6.42374 27.7802 69.193 9.85977 22.768 36.6555 14.2718 5.03477 25.1049 57.2069 0.00221499 2.27109 
41.0289 134.898 216.465 199.429 3.36307 151.618 328.091 41.6782 168.678 603.592 0 336.189 0.00297591 189.319 321.628 212.969 24.328 60.7731 102.279 0.77973 7.33887 63.8982 26.1972 31.8651 125.368 125.656 42.6065 78.2945 
165.284 165.621 185.567 26.5362 30.5034 158.629 25.8019 79.9465 122.055 166.794 472.96 0 108.612 160.589 272.42 7.6982 21.0615 145.421 65.4995 33.4727 3.46693 43.9754 2.02688 5.66587 126.899 398.371 61.6536 143.123 
1.06108 84.434 56.8133 0.622478 10.4771 193.201 19.4248 146.463 144.762 106.92 87.4688 58.5154 0 37.9638 39.6215 80.4474 39.6821 41.0541 9.16987 10.7178 2.39304 11.1514 84.1533 69.9894 26.109 19.6496 36.4484 9.12167 
53.8764 42.4217 0.00871254 21.9744 9.83545 12.3919 33.1873 111.64 125.96 50.3586 207.047 143.544 153.097 0 53.2205 12.7174 5.99356 28.8296 0.0120583 1.26509 0.0436434 1.16406 2.16038 7.25725 10.281 4.80315 7.04675 1.67719 
3.7205 1.38761 23.55 8.07387 22.2961 27.7313 140.377 9.6756 92.3606 9.69856 249.922 122.649 111.33 4.43607 0 18.3954 3.13197 15.6083 5.13303 0.824503 21.6272 5.97678 21.1454 8.83585 19.1313 2.7543 0.0787384 22.522 
55.0397 55.0077 7.54715 4.51207 57.223 20.6401 20.6426 199.309 51.1511 71.9819 39.8106 293.92 18.1208 18.159 42.7589 0 22.3854 32.0684 8.70169 1.30849 3.49845 0.569759 1.77024 9.11845 12.2126 31.359 18.8514 20.8372 
155.982 147.427 50.1462 104.664 110.142 97.4775 29.0712 45.6643 92.4568 57.0771 85.7801 17.0776 4.30919 22.0998 29.4725 25.2807 0 60.5298 136.121 31.6746 59.2628 19.4779 19.1516 20.5099 85.5519 2.36818 16.0407 20.903 
0.0263468 369.891 4.02606 38.5782 23.8416 38.6756 95.9212 150.237 219.296 143.541 149.343 123.444 70.6638 14.6569 58.2222 53.4428 205.774 0 106.529 1.14341 40.918 0.947561 44.9967 21.9675 41.8394 58.4852 13.0985 22.744 
43.1734 68.8611 61.6152 61.1936 288.712 85.203 22.6493 113.735 153.132 39.2542 114.884 21.051 39.7884 10.7911 23.4212 29.5371 171.205 112.981 0 3.78619 43.7607 0.16649 0.147427 18.6953 30.5099 25.5839 3.99406 15.9405 
99.5558 128.255 19.3338 0.241947 32.9352 1.76146 90.0091 0.482454 70.2982 16.745 11.141 8.71532 9.38681 0.124816 0.0487851 9.39404 0.308802 4.10718 7.50765 0 145.445 5.92157 2.30089 1.73687 0.978002 3.65827 0.939377 10.4174 
210.327 0.0220824 116.163 19.7378 116.697 21.8439 129.833 158.697 61.4869 4.99142 15.747 165.613 22.7872 32.6056 58.0537 59.6941 47.6719 50.4216 21.2313 1.21836 0 29.8759 19.1004 47.5557 51.5408 26.9176 43.5551 0.0369575 
18.3878 19.2986 0.235356 8.53027e-05 15.0774 16.6252 41.6958 15.5138 5.54182 58.5796 66.0961 11.9338 18.5279 9.02913 4.72591 11.6419 4.06338 26.9618 0.835699 4.40503 30.8792 0 11.6288 8.18799 21.6458 5.43369 3.96463 0.864425 
41.8575 21.2045 7.35187 1.12383 45.708 0.147324 4.62658 101.808 39.6282 0.206126 92.2343 38.6413 36.8234 0.588243 19.1006 10.9074 15.5549 41.3938 1.81235 3.77208 27.5718 5.69638 0 16.4107 7.13783 1.23262 10.9831 7.97413 
53.7162 2.44486 7.64772 1.90983 21.4586 4.71365 12.1686 49.7293 74.3953 44.0008 0.398429 10.0201 47.0379 2.68265 27.2519 25.0934 3.31794 6.90119 1.94674 6.35191 5.85982 7.27072 1.63753 0 30.6299 0.55115 0.739326 7.81318 
58.8342 59.6604 2.77793 60.9924 5.624 69.036 0.202986 86.6807 140.147 4.81331 141.382 258.017 0.252664 4.06573 2.85651 13.8668 85.8152 14.1501 25.7808 10.2839 42.6653 13.0704 8.34927 54.2041 0 0.724204 177.173 48.921 
74.1068 75.2653 0.807009 44.3114 54.4332 10.6453 94.3649 67.7804 142.587 1.11657 3.98705 25.7231 18.982 0.0199158 1.25754 32.8373 22.0635 52.6 24.7069 9.81915 32.3149 2.13468 0.362816 13.2601 20.0457 0 2.58635 0.134181 
6.25431 1.44624 0.824306 0.768185 2.05961 17.1979 60.094 63.7932 76.53 17.4401 4.49283 120.723 30.945 7.78147 0.405514 10.9662 21.3543 41.6612 24.2819 9.48946 38.7905 11.6304 12.3785 19.2522 13.1337 37.713 0 59.1484 
58.4075 51.3619 20.1023 29.8594 1.11522 22.6616 6.51819 1.697 51.2971 3.80277 99.588 151.563 26.9542 7.87711 13.5992 22.1797 20.1931 10.5604 18.9113 0.629315 34.6087 10.3561 3.33528 14.4128 28.3783 28.2341 75.724 0 
