0 616.105 117.322 160.255 164.069 158.722 186.49 248.774 81.5224 129.363 75.6056 220.005 87.3856 8.4288 70.4214 32.4973 53.8012 50.3669 52.1965 182.374 4.87276 0.144156 42.7457 57.4923 86.7064 61.007 7.29188 60.9576 
558.749 0 445.579 69.6606 86.7175 57.681 475.824 175.067 298.667 0.101687 244.215 143.15 13.9567 45.2562 94.26 50.9267 62.5089 896.818 1.76545 97.4518 3.88845 4.85618 10.7186 61.3114 58.9982 3.59796 46.8467 35.2157 
99.8542 105.073 0 76.6339 156.767 0.000967774 12.2334 276.308 470.24 99.5145 131.046 105.926 48.4988 3.14297 31.6521 9.87058 5.86527 4.40818 17.196 0.258968 49.3909 8.78423 0.0936078 15.6607 24.1535 8.0622 2.18728 22.1603 
336.717 68.3693 44.2296 0 134.145 118.247 122.931 888.128 305.643 103.994 203.706 227.59 67.6385 2.37345 36.2855 29.3946 91.1513 138.574 20.7132 42.7655 47.9918 15.294 18.4043 0.375744 55.5281 19.7372 16.5953 32.9165 
174.196 0.0534572 180.305 31.6345 0 355.66 292.261 161.625 303.888 225.917 260.174 17.7015 85.5452 60.2864 70.2418 47.1021 128.089 214.927 85.7158 93.3237 7.81657 30.8233 17.9154 26.092 1.21256 55.9134 45.102 18.2167 
182.254 141.32 50.8392 121.082 1089.48 0 1427.23 88.6505 379.869 516.32 257.216 149.305 138.702 0.959534 0.0763417 0.201125 54.9785 41.4449 18.4584 2.0031 76.2983 20.4926 11.9904 11.8771 79.8222 0.441109 0.00560104 12.4288 
139.701 66.6386 142.468 197.101 119.825 837.738 0 4.06326 73.2611 506.932 316.536 202.289 204.999 0.683369 12.6411 45.2958 86.885 43.2639 55.2248 42.6034 128.858 51.0231 0.116157 71.1735 16.3946 69.9042 45.7369 0.294114 
112.332 73.5446 269.756 62.1619 22.2597 214.831 408.55 0 369.234 6.80594 216.175 94.8985 95.2254 124.962 102.084 259.806 93.6874 128.915 12.5609 78.9212 205.964 22.562 37.481 77.1967 181.629 102.02 9.57844 0.106892 
310.697 256.361 6.76649 54.6297 5.20138 376.717 1136.4 357.901 0 62.7195 499.148 170.958 10.857 12.345 166.648 29.6992 54.2006 6.62525 3.65355 29.9108 17.5577 61.1896 101.466 36.8247 73.0312 32.4919 40.6878 17.26 
1.61175 221.478 8.17213 6.65093 179.283 247.965 273.313 214.797 188.879 0 109.1 43.14 281.202 55.5457 105.357 59.0848 20.446 128.778 58.5086 43.6742 74.0262 44.3802 6.93347 0.648788 0.0220873 44.471 2.44782 57.1439 
4.99547 103.391 183.373 1.32053 86.1442 2.44605e-05 283.41 317.535 640.303 46.3116 0 4.4585 156.248 200.129 11.5201 79.8384 7.85366 1.69877 83.9803 44.8211 0.520083 28.7359 127.828 94.1727 11.8545 149.527 47.6719 4.88104 
92.498 69.4293 1.65234 11.3767 61.6209 0.765462 81.7026 189.41 388.253 66.9009 288.317 0 0.109374 8.27517 158.202 366.152 6.73554 131.594 73.5445 43.9102 77.1209 6.70127 30.379 0.86421 264.731 290.95 65.6826 170.321 
62.1014 73.6104 65.1818 4.2118 118.113 65.9826 134.141 128.036 189.046 227.124 253.551 18.3598 0 63.7426 95.9125 34.4269 17.75 60.7174 59.1875 0.308038 0.442162 48.7022 67.9629 14.5645 29.6685 17.4703 25.3182 6.39688 
0.410346 22.3467 16.6782 17.4296 36.2952 20.2999 47.4008 53.783 15.9997 36.0621 211.892 27.0892 7.29773 0 0.755014 4.4373 21.8158 52.1343 3.76507 0.752212 2.01713 9.32819 0.478513 6.18259 3.48298 12.3377 10.8755 11.6887 
0.471055 96.7302 12.0884 0.630318 65.7417 1.01394 106.486 146.444 216.106 21.0949 0.252327 0.534454 19.5724 45.2861 0 61.453 0.0587684 57.0324 37.0486 8.00486 11.1513 4.02675 24.9548 2.62945 30.9908 9.10402 18.8931 19.7688 
18.3225 0.478722 13.0799 0.773205 34.0641 24.5583 23.41 256.593 135.101 4.25483 13.2238 37.9379 2.72335 0.295986 57.939 0 9.58212 50.2663 22.0848 9.11007 52.0188 2.09635 1.92106 0.0759752 27.4781 30.1167 15.3744 22.7882 
115.716 76.3971 32.4002 90.8963 15.1714 62.7628 32.1932 13.6966 167.322 2.47219 16.1918 4.39151 21.202 8.38909 24.87 14.9284 0 1.56021 349.855 14.655 55.8305 5.4434 0.00129338 1.73138 63.1402 4.53292 0.0976448 4.50714 
88.5636 432.692 52.0354 24.86 0.00408453 108.093 184.396 0.0022824 207.895 8.19445 165.887 149.14 31.3484 43.9434 7.66126 0.0145628 93.1647 0 144.55 64.5517 122.862 41.341 33.9997 10.5844 56.7534 11.1755 24.1005 46.8697 
54.6757 172.377 18.8945 28.5504 212.506 78.9904 50.9207 77.6183 53.3456 29.6709 99.6869 41.7835 83.0906 2.05683 8.90495 28.53 166.746 58.9104 0 34.6426 69.3509 14.2338 5.95649 2.50078 27.3295 24.5722 14.403 21.3392 
117.325 3.9431 2.32695 33.6348 92.8366 5.6436 4.16895 75.2655 85.6709 49.7618 22.2262 3.61278 0.0997098 0.403264 5.65721 0.869461 29.9783 83.9505 26.0022 0 1.32828 1.32435 4.11451 2.09155 9.86334 10.577 10.9323 8.11047 
14.2721 6.91587 102.856 53.7068 131.716 52.896 62.2078 125.532 182.966 92.9742 0.345746 88.4392 30.2083 24.7787 13.5047 11.3069 51.8561 4.17969 53.8692 105.655 0 13.4409 36.2159 43.6777 32.2525 19.659 19.4619 0.00812724 
2.01945 12.0222 0.89835 7.27467 40.887 8.39523 3.13737 32.0164 35.6739 54.3711 3.59093 35.9169 38.701 9.09052 6.75392 9.31681 12.61 4.79548 11.6626 0.936566 0.667627 0 1.23955 3.90726 0.0659652 4.85112 12.0497 6.25059 
45.6357 8.90031 0.00269303 18.8852 1.16483 3.68955 8.81401 10.3432 93.189 30.7873 73.9558 0.362285 16.6338 0.00340711 24.1422 10.3321 3.40119 43.4086 2.40706 1.05584 8.71063 12.5022 0 20.8746 11.5608 0.013178 7.24374 7.47268 
11.8331 55.1042 2.31557 6.33054 0.37554 17.8065 44.1506 101.488 96.8724 20.7139 24.2426 2.98464 2.78845 9.838 15.6492 10.4856 15.3738 17.2523 17.8825 6.3463 22.4201 3.11136 9.79254 0 29.5067 0.107746 4.88882 0.450238 
55.4474 74.7776 12.922 74.0425 44.1052 70.5519 50.7046 14.2802 179.798 8.59923 32.9598 952.899 55.6689 14.8715 18.2877 26.4139 60.9287 1.39739 30.842 1.23428 1.4073 65.3334 9.71803 48.5563 0 43.2222 42.4463 61.9431 
57.2967 56.8417 15.0052 0.0965525 1.27099 27.7908 50.592 6.35419 32.5782 72.709 0.244265 22.2005 18.1245 4.73127 6.43037 24.5546 4.10188 4.61347 25.7093 4.65638 14.8417 2.61772 0.407179 11.7861 22.8046 0 13.4673 3.76169 
2.34609 12.6858 6.67894 24.0298 21.6416 18.7165 57.5978 90.1916 14.3064 7.71944 79.7005 0.759383 1.24919 11.1238 19.8684 17.9159 3.53203 0.398403 1.13589 5.26942 2.43166 10.7006 5.17624 11.2924 49.152 30.4905 0 44.6503 
0.669235 1.22536 12.8157 30.3977 3.23418 0.681961 73.1301 1.31743 32.0978 57.3668 87.2064 48.4553 30.4277 10.0692 23.117 22.3449 5.28519 37.0274 18.6273 2.62062 36.4683 2.74032 1.60889 8.37612 13.9445 46.2328 9.56101 0 
