0 720.481 109.878 238.842 157.328 251.309 192.672 254.946 172.935 131.358 78.7204 218.262 88.4153 8.01732 70.174 31.3207 148.71 54.7774 53.9229 181.945 6.68845 0.181401 42.9949 57.5829 180.682 60.0548 7.59589 60.9137 
630.911 0 427.485 171.044 68.8573 154.942 489.468 181.814 380.445 0.00427275 240.884 139.307 15.2991 46.1134 93.7734 49.7534 158.721 309.768 2.5413 94.3296 3.05198 4.60566 11.171 61.4336 154.383 4.06267 46.5337 35.8554 
92.4175 134.639 0 104.326 160.701 0.043522 8.47067 276.543 464.162 97.7904 123.727 101.487 49.4715 2.94724 31.978 9.44556 6.36384 5.81486 16.3264 0.167635 52.0461 8.69054 0.0699879 15.6502 24.4373 7.65626 2.07585 22.1356 
444.959 169.523 8.63267 0 131.229 213.755 128.493 950.423 411.153 104.597 203.325 222.226 67.1547 2.18945 36.628 28.5522 185.364 137.233 19.901 42.0462 685.557 15.2191 18.3032 0.292931 150.166 20.5904 16.3237 32.8534 
167.578 1.76358 177.969 28.7529 0 340.801 276.089 158.048 296.579 215.268 259.41 16.1931 82.3043 60.8848 71.4805 46.1954 125.96 217.644 76.2349 93.703 8.61447 30.2971 18.4399 26.6345 1.03461 56.5569 45.2981 17.7529 
276.128 228.397 49.1435 215.847 398.917 0 1234.39 83.1452 499.611 16.6862 261.268 147.791 378.723 0.82224 0.166743 0.133003 150.119 43.5709 20.0652 2.19398 76.0876 20.4752 11.8122 11.6774 174.525 0.544603 0.00135931 12.6658 
146.483 51.0402 151.789 194.983 104.966 879.489 0 1.83471 23.5729 502.389 334.366 208.091 202.492 0.98706 10.8842 47.0771 85.7153 39.5122 52.4466 44.0831 130.046 50.5148 0.0538788 71.3272 17.3914 68.4531 45.2642 0.408091 
120.068 67.646 266.453 71.699 19.9365 214.836 409.852 0 400.461 8.4351 226.106 55.4696 97.1068 124.454 106.496 259.265 93.1924 131.285 13.4311 80.6597 206.608 23.134 38.9193 79.8432 179.253 109.176 10.3275 0.277833 
403.524 364.58 15.0868 148.749 7.90167 496.623 1217 389.285 0 53.1623 1189.49 159.435 9.22747 12.6134 137.288 32.237 149.279 8.00352 4.43259 31.2999 19.3086 60.7542 101.704 38.1726 166.483 30.284 39.8996 18.2239 
2.19501 224.698 9.51001 7.62465 168.025 288.009 299.487 212.916 202.276 0 135.367 47.3605 290.193 57.0816 102.379 57.3406 19.598 127.323 56.3729 43.1025 73.0847 43.6828 7.48636 0.827269 0.00103634 45.6392 2.63934 57.0574 
4.03814 108.987 177.001 0.656855 81.0645 0.298125 264.624 324.59 698.403 65.1961 0 1.59669 161.846 203.063 5.45436 73.1345 8.37276 1.26677 82.3553 43.8105 0.322935 27.9422 126.746 96.2097 10.4243 151.65 46.7538 4.26566 
88.2082 65.7686 0.923852 8.37424 64.0831 0.39891 87.616 251.987 383.509 62.1082 307.452 0 0.261162 6.64821 148.55 335.861 6.32412 132.829 72.6288 45.1708 79.4949 7.14951 32.3623 0.330037 293.63 271.871 63.8756 168.804 
60.8131 75.8645 64.52 3.79765 121.165 68.9234 138.89 126.663 186.938 239.025 253.949 19.8391 0 69.3251 98.1351 32.93 17.2276 59.5785 58.2313 0.244712 0.546893 50.3975 69.6274 15.4652 30.2691 16.8967 25.5947 6.12524 
0.316858 23.1796 16.651 17.1603 35.4277 20.4791 45.7527 51.5497 17.8417 37.6828 212.743 24.2467 5.10248 0 2.01469 5.04322 21.7779 52.293 3.93989 0.781872 2.1854 9.20297 0.716302 5.89963 3.27797 12.2395 10.9149 11.6458 
0.337385 96.735 11.4628 0.478285 67.0466 1.29355 103.676 142.766 218.847 23.7687 2.46618 1.73614 21.7296 49.0181 0 67.5032 0.0826561 57.5942 36.8881 8.10979 11.619 3.83524 24.7662 3.0895 31.1076 8.51324 18.982 19.5336 
19.3407 0.316288 13.5148 0.552566 34.9965 24.8176 24.9248 254.24 133.052 3.52561 16.7342 22.1498 3.28962 0.493714 51.3677 0 9.78118 49.7692 22.3371 9.15906 51.4548 1.98813 1.7035 0.254146 28.0453 30.627 15.5525 22.7875 
209.209 169.408 31.6119 186.495 13.5445 157.108 33.4974 14.4013 262.245 2.81949 15.499 4.05602 21.7559 8.54739 25.0564 15.1322 0 3.31746 38.6955 14.3131 55.3648 5.33004 6.05022e-05 1.80896 158.236 4.37882 0.0818099 4.38677 
93.7268 453.211 48.3011 22.6827 0.0674088 109.559 180.306 0.0590502 206.123 7.21725 165.058 149.604 30.3052 44.3276 7.19697 0.0405521 102.394 0 145.534 65.6613 122.613 41.2514 34.3067 10.917 56.9839 10.711 23.8 46.6411 
56.4072 172.189 19.8016 27.6872 202.611 77.6525 53.6791 78.9173 55.6824 27.8607 98.2507 42.7984 82.7311 1.92627 9.24924 28.3854 177.364 56.3176 0 34.8161 69.6286 14.0482 5.8 2.61293 27.4855 24.7802 14.5485 21.4908 
108.124 5.11237 2.62663 34.6413 93.2675 5.93313 4.79923 73.4704 84.4384 49.3186 21.3485 3.14865 0.065181 0.381093 5.76999 0.931022 30.1999 84.4422 25.6392 0 0.00141638 1.29244 4.11553 2.14366 9.9831 10.4929 10.9185 8.19683 
17.2109 5.79249 104.952 46.3213 131.534 52.0069 60.2631 121.967 183.779 92.4379 0.548938 86.0611 29.5662 24.3816 13.0103 11.8773 52.3643 3.67185 54.4561 125.003 0 13.2498 36.0259 43.4239 31.6363 19.012 19.7821 0.0231453 
1.89307 12.3913 0.846802 7.14748 41.3599 8.61961 3.42341 32.6201 36.325 54.8489 3.94374 36.6977 40.391 9.2191 6.97806 9.43511 12.7378 4.61255 11.4766 0.964711 0.613811 0 1.44134 4.12123 0.03494 4.94284 12.0022 6.17787 
45.4825 9.32119 0.000107271 18.8095 1.01056 3.52468 8.21781 9.46383 92.3249 31.6411 71.4214 0.648912 18.1524 0.0102383 23.8117 10.5599 3.49602 43.5405 2.29842 1.08325 8.97447 12.2231 0 20.7749 12.0666 0.0250048 7.39544 7.3827 
12.3524 55.5086 2.45517 6.65051 0.469126 17.7595 43.291 99.0988 96.3561 19.9445 26.0752 1.88849 2.37531 9.70165 14.8905 11.6881 15.2496 16.87 17.7237 6.34166 22.8586 3.31018 8.55715 0 28.0835 0.0662875 5.12393 0.512631 
150.09 168.857 13.3278 168.237 44.7663 165.105 51.9819 11.9049 275.186 9.25 30.7341 716.41 55.7468 15.0239 18.8431 23.7419 156.011 1.23784 30.8589 1.15947 1.59921 76.5143 9.68975 52.7281 0 23.5899 95.167 98.6334 
56.2876 55.8003 14.557 0.0333182 1.0679 27.8061 52.1677 4.22784 30.3682 72.183 0.600722 32.7403 17.5453 4.52816 5.90734 25.3807 4.25198 4.29879 25.5147 4.53378 14.2506 2.53917 0.463166 11.5198 23.4256 0 12.7081 5.02193 
2.5297 12.312 6.84875 24.2134 21.2839 18.626 57.3581 89.4188 13.7064 7.40805 80.1788 0.499844 1.35271 11.1496 19.8737 17.8119 3.44103 0.343902 1.07423 5.34629 2.58059 10.7729 5.32469 11.0277 48.8867 31.1164 0 48.867 
0.544231 1.05633 13.068 30.161 3.4689 0.603421 72.9989 1.81417 33.2809 57.3568 85.9392 44.9688 30.7936 10.1686 23.1806 22.4446 5.15731 36.6647 18.8006 2.54137 36.8678 2.80539 1.68381 8.54756 14.3715 48.4079 7.15362 0 
