0 773.986 106.56 282.254 154.312 300.64 195.372 257.605 221.834 132.225 80.1113 217.438 88.8666 7.83716 70.0572 30.8002 199.107 56.7788 54.6914 181.241 7.58466 0.199312 43.1035 57.6187 230.653 59.6265 7.73265 60.89 
670.425 0 418.152 224.634 61.484 206.545 494.893 184.788 424.954 0.0557623 239.34 137.588 15.9131 46.4922 93.5435 49.23 209.712 849.95 2.93066 92.9252 2.7122 4.49623 11.3742 61.4836 204.986 4.27779 46.393 36.1393 
89.1312 148.493 0 117.502 162.379 0.0992952 7.01253 276.431 460.416 96.9986 120.468 99.5078 49.9006 2.86186 32.1158 9.25782 6.59112 6.50005 15.9445 0.133364 53.2329 8.64869 0.0605856 15.644 24.5606 7.4779 2.02713 22.1228 
500.844 223.014 2.15979 0 129.9 264.385 130.938 753.644 466.067 104.843 203.082 219.731 66.9335 2.10982 36.7744 28.1737 235.439 136.603 19.5428 41.7143 356.53 15.1853 18.2568 0.259394 200.438 20.9705 16.2027 32.8219 
164.608 3.29266 176.841 27.5067 0 332.293 268.781 156.439 293.206 210.459 258.999 15.5421 80.8668 61.1457 72.0242 45.7906 124.994 218.794 72.1387 93.8569 8.98059 30.0631 18.6744 26.8757 0.959957 56.8394 45.3838 17.5479 
326.018 275.358 48.3722 266.145 910.251 0 1544.05 80.7187 560.566 268.606 262.893 147.086 568.529 0.764494 0.218066 0.107209 200.614 44.5237 20.7949 2.28134 75.9866 20.4658 11.7323 11.5882 224.815 0.594047 0.0003993 12.7709 
149.488 44.7033 155.885 193.946 98.5771 890.41 0 1.12366 10.1737 499.509 342.122 210.627 201.318 1.13972 10.1418 47.8706 85.1887 37.8884 51.2235 44.7418 130.56 50.2861 0.0337741 71.3886 17.8415 67.8019 45.0525 0.464724 
123.537 65.0801 264.785 76.576 18.9411 214.744 410.148 0 414.153 9.21291 230.485 41.145 97.9379 124.203 108.446 258.818 92.9666 132.327 13.826 81.4253 206.854 23.3895 39.562 81.0147 178.133 112.368 10.6684 0.379461 
452.905 420.868 19.8041 199.099 9.27828 557.665 1245.14 403.079 0 49.1269 523.334 154.357 8.54382 12.7616 123.242 33.3893 199.749 8.65628 4.80216 31.9231 20.1105 60.5578 101.796 38.7747 216.235 29.3208 39.5493 18.6589 
2.48266 226.049 10.1342 8.07706 163.016 306.096 310.982 212.028 208.221 0 147.692 49.2845 293.946 57.7573 101.022 56.5594 19.2252 126.66 55.4256 42.8457 72.6628 43.3701 7.7379 0.913454 0.00038383 46.1562 2.72664 57.0144 
3.64471 111.489 174.101 0.435258 78.8338 0.625089 256.225 327.599 720.418 74.4963 0 0.785131 164.31 204.255 3.46945 70.2045 8.6083 1.09492 81.6289 43.3611 0.25029 27.5909 126.237 97.1023 9.81584 152.552 46.3451 4.00505 
86.314 64.1599 0.667281 7.18237 65.1844 0.273925 90.2812 281.74 381.201 60.0156 315.878 0 0.34945 5.98007 144.239 321.852 6.14512 133.367 72.2187 45.7317 80.5512 7.35296 33.257 0.173478 305.186 263.126 63.0713 168.077 
60.2397 76.8658 64.2187 3.62008 122.508 70.5276 140.982 126.042 185.964 244.174 254.041 20.5123 0 71.8232 99.0947 32.2684 16.9971 59.0712 57.8035 0.218894 0.596986 51.1487 70.3536 15.8717 30.5357 16.6435 25.7172 6.0061 
0.279157 23.5522 16.6364 17.0394 35.0421 20.5556 45.0212 50.5619 18.6896 38.4051 212.996 23.0253 4.24844 0 2.7619 5.32059 21.7604 52.3606 4.01865 0.795203 2.26224 9.14608 0.836073 5.77312 3.18839 12.1939 10.9318 11.6257 
0.285073 96.7228 11.1873 0.417359 67.621 1.42838 102.406 141.094 219.957 24.997 4.17745 2.48957 22.7161 50.5652 0 70.0351 0.0945708 57.8403 36.8142 8.15615 11.8291 3.75121 24.6686 3.30435 31.1531 8.25458 19.0201 19.4272 
19.7992 0.254828 13.7078 0.466214 35.4114 24.9292 25.6085 252.995 132.109 3.22263 18.4161 16.4299 3.55776 0.597296 48.3914 0 9.86993 49.5456 22.4484 9.18017 51.2006 1.94077 1.61034 0.366551 28.2907 30.8381 15.6304 22.783 
258.962 218.971 31.2605 237.184 12.8483 207.247 34.0818 14.7193 312.626 2.981 15.1952 3.91098 22.0033 8.61792 25.1384 15.2226 0 4.30616 28.3956 14.1616 55.1558 5.27992 2.2831e-05 1.84393 208.705 4.31104 0.0752166 4.33368 
96.0382 461.149 46.6673 21.741 0.162757 110.191 178.452 0.108738 205.298 6.80186 164.671 149.797 29.8448 44.4963 6.99464 0.0562811 106.56 0 145.943 66.1486 122.492 41.2103 34.4422 11.066 57.0835 10.5071 23.6664 46.5378 
57.1773 172.06 20.2084 27.3044 198.125 77.038 54.9164 79.491 56.728 27.0692 97.6048 43.2505 82.5639 1.86953 9.4037 28.3196 181.885 55.1723 0 34.8907 69.7484 13.9655 5.73091 2.66346 27.5538 24.8718 14.6131 21.5577 
104.041 5.67885 2.76505 35.0816 93.4444 6.06341 5.09282 72.6675 83.8821 49.1176 20.9622 2.95225 0.0521765 0.371422 5.82013 0.958973 30.2967 84.6498 25.4768 0 0.210021 1.27835 4.11583 2.16691 10.036 10.4549 10.9121 8.23501 
18.5983 5.32389 105.859 43.3966 131.44 51.6091 59.4015 120.375 184.112 92.1932 0.654161 85.0036 29.2816 24.2049 12.7926 12.1343 52.5884 3.45638 54.7149 133.819 0 13.165 35.9402 43.309 31.3623 18.7264 19.9246 0.0322864 
1.83815 12.5565 0.824333 7.09103 41.5687 8.71958 3.55433 32.8885 36.6141 55.0563 4.10561 37.0448 41.1444 9.27503 7.07809 9.48705 12.7945 4.53226 11.394 0.977329 0.590603 0 1.5354 4.21738 0.0243055 4.98366 11.9807 6.1455 
45.4119 9.5107 6.56378e-05 18.7744 0.945449 3.45228 7.95861 9.08424 91.9297 32.0202 70.2925 0.802771 18.8436 0.0295983 23.6521 10.6578 3.53848 43.5975 2.25083 1.0955 9.09264 12.0957 0 20.6833 12.2912 0.0314633 7.46279 7.34241 
12.5857 55.6849 2.51827 6.79438 0.514014 17.7371 42.9075 98.0221 96.1151 19.605 26.9059 1.48073 2.20198 9.63662 14.5523 12.23 15.1941 16.7008 17.6527 6.33929 23.0535 3.39991 8.01562 0 27.4446 0.0510649 5.22958 0.541617 
200.364 218.877 13.5083 218.305 45.0585 215.331 52.5482 10.9139 325.763 9.5457 29.7631 821.013 55.7773 15.0896 19.0887 23.2414 206.473 1.16999 30.8652 1.1269 1.68833 80.255 9.68035 54.4765 0 16.1319 116.338 113.843 
55.8348 55.3341 14.3575 0.0157573 0.983224 27.8093 52.8673 3.41894 29.4042 71.9387 0.809532 38.0193 17.2894 4.43855 5.68031 25.738 4.31941 4.16224 25.4273 4.47949 13.9905 2.5045 0.48915 11.4002 23.7009 0 12.3743 5.63531 
2.61342 12.1471 6.92452 24.2936 21.1251 18.585 57.2487 89.0674 13.443 7.27132 80.386 0.401813 1.4 11.1605 19.8746 17.7641 3.40092 0.320964 1.04737 5.38047 2.64811 10.8047 5.39091 10.9097 48.7642 31.3877 0 50.737 
0.492781 0.985162 13.1798 30.0529 3.57571 0.570018 72.9347 2.06005 33.81 57.3477 85.368 43.447 30.9553 10.2121 23.2061 22.485 5.10085 36.5026 18.8773 2.50642 37.0443 2.83448 1.71754 8.62351 14.569 49.3426 6.18642 0 
