0 734.617 19.2406 382.522 64.1592 433.477 257.261 307.055 368.479 152.013 123.223 178.929 100.658 3.19937 64.4948 16.0395 372.559 126.107 77.9913 22.4166 58.6915 1.1549 45.7551 57.3638 387.928 45.2806 12.3879 58.927 
444.549 0 26.5695 555.159 47.4951 455.476 447.562 262.357 428.327 28.891 176.466 83.6676 39.3652 57.2676 82.6988 33.011 404.898 1111.72 27.2377 48.1368 2.10306 1.7399 18.2136 61.6901 382.801 13.2784 41.6137 44.6187 
10.3976 473.272 0 213.094 188.434 12.0902 29.4039 213.631 146.747 66.9303 31.4427 41.6898 61.7776 0.791096 34.0386 4.07193 15.061 43.1159 5.98413 0.985916 89.4666 7.31385 0.10295 14.9976 27.4393 2.80897 0.793415 21.1743 
673.401 552.207 405.461 0 82.3827 434.519 190.424 740.205 697.4 105.636 174.857 121.504 58.4586 0.356632 39.3855 16.065 394.998 108.437 9.6494 28.6934 5.95152 14.0011 16.4346 0.226517 368.571 32.3193 12.4339 30.8411 
73.2909 236.061 120.816 2.04936 0 67.4423 57.1297 103.509 165.51 64.6519 226.076 1.86983 39.5016 67.5036 86.1961 33.0878 90.4899 235.406 0.204204 94.0982 23.4304 22.89 26.1541 34.2571 0.0308285 64.3485 47.5715 11.624 
470.792 372.49 22.3857 426.386 811.786 0 767.349 19.0427 807.339 865.8 256.028 116.851 447.036 0.0184883 4.96341 0.667998 375.239 74.7983 46.2443 5.63767 70.7586 19.7004 9.12393 8.75723 390.676 3.08748 0.24799 15.9079 
230.947 61.3063 244.737 138.286 0.602204 27.8001 0 60.8691 1236.71 224.375 486.021 270.525 150.305 10.8557 0.188134 71.8318 67.3931 3.75154 18.7961 64.6318 141.85 42.5955 1.68394 71.2031 33.447 46.6795 38.1457 3.94593 
229.108 8.30322 166.065 159.413 0.612163 185.051 338.917 0 662.717 47.5368 341.686 543.266 121.334 109.375 160.82 189.949 84.4136 160.224 28.1485 102.068 202.267 31.4817 59.7331 113.774 128.141 201.023 23.302 10.9381 
570.898 741.971 344.095 453.754 97.1927 809.114 165.062 662.375 0 4.58671 891.93 28.6795 0.438345 25.1604 26.0927 73.8449 374.584 39.6964 22.6941 52.2854 50.8924 53.7326 100.452 57.6805 371.468 6.50505 28.9186 33.6708 
19.3525 240.766 36.6519 27.1287 31.3982 393.909 508.147 170.918 358.537 0 547.034 118.448 319.501 75.34 53.8944 32.1198 9.18175 102.326 28.0908 34.2777 58.8464 33.1515 16.9902 5.5309 2.5638 60.8498 6.03185 54.3711 
1.44487 187.953 76.8511 15.4362 22.3282 63.5664 37.1939 374.354 873.108 479.641 0 106.945 228.115 204.339 142.146 5.99114 17.1914 1.93564 58.6504 29.7729 2.52009 17.4366 103.17 119.516 0.014659 166.337 33.8158 1.64247e-05 
34.5707 22.3462 12.8677 15.5446 100.129 7.75499 177.1 1029.74 262.098 11.0905 504.376 0 9.16424 2.90555 28.2162 0.145856 1.85066 146.386 58.8936 62.7877 112.509 14.7623 63.4068 19.0654 363.282 20.977 38.7979 132.134 
42.604 106.567 53.1071 0.214879 157.966 23.2651 195.546 103.843 146.622 331.664 232.154 45.293 0 139.704 118.18 13.9723 10.4661 43.4324 44.0523 0.128677 3.18144 72.442 87.2904 29.7826 38.5023 9.50686 29.3317 2.85883 
0.287345 35.5153 15.4773 13.0342 23.4124 21.9233 23.7029 22.9127 51.8132 60.1119 184.494 0.556889 16.2219 0 52.934 14.5526 21.0003 53.548 6.72859 1.24532 5.21206 7.09042 6.84512 2.0806 0.969668 10.2661 11.2739 10.733 
0.827693 92.097 3.92547 0.576818 83.0877 8.42012 59.8918 82.8776 219.632 70.5371 220.18 82.4606 58.7939 46.5498 0 65.8849 0.84655 64.2454 33.83 9.48643 18.8881 1.55007 18.1114 12.2277 30.6054 1.94767 19.7915 15.6735 
35.2491 1.59974 19.2664 1.39767 48.0476 27.1463 48.8268 165.805 95.663 0.604953 97.71 223.8 16.2609 7.54443 3.62684 0 12.6538 42.0067 25.6029 9.62062 42.4882 0.733599 0.0105943 11.8882 33.2514 32.0917 17.6272 21.4314 
408.915 370.87 20.4615 415.185 0.306879 370.729 53.0148 25.7598 479.023 9.95108 7.14579 0.718854 29.8581 10.8229 27.377 17.9296 0 87.9047 219.187 9.67374 48.1804 3.823 0.151742 3.06063 380.739 2.45076 0.00773125 2.83314 
166.933 412.951 8.14421 2.09467 22.527 122.894 114.393 8.84034 169.778 0.024364 147.4 151.455 16.939 49.0275 2.10706 1.7793 232.384 0 149.617 78.9595 115.642 39.5905 38.2858 15.9536 59.2489 5.06945 19.5589 42.8897 
80.3163 154.954 33.3404 16.1065 59.5181 53.6282 94.4622 95.6841 89.8628 7.57363 75.994 57.2532 75.3145 0.524917 14.5067 25.8949 228.314 23.7035 0 36.3958 72.2963 11.4171 3.75707 4.41226 29.3421 27.3936 16.5548 23.4467 
8.31671 35.3351 8.33512 45.584 94.4116 10.4258 17.7914 47.4143 64.8024 41.8907 10.4494 0.000896521 0.357432 0.132073 7.3469 1.98402 32.7095 87.604 20.2282 0 191.381 0.875366 4.07946 2.90477 11.5318 9.11683 10.6138 9.3339 
81.2413 0.615734 125.011 145.599 124.696 38.8466 34.4151 71.3709 185.551 82.8733 8.2633 53.223 20.8765 18.7731 6.82573 20.9131 58.8811 0.00758812 61.9871 331.616 0 10.6124 32.9404 39.1908 23.0012 10.6852 24.3216 1.04741 
0.535257 17.9543 0.275909 5.39785 47.4909 11.82 8.64606 41.0855 45.3566 59.7859 10.5037 47.635 63.8422 10.5655 10.1997 10.8618 14.4987 2.37978 8.89866 1.39618 0.0940023 0 5.47451 7.3758 0.640681 6.23891 11.1998 5.13944 
42.5372 16.0044 0.32857 17.2671 0.00213564 1.53399 1.91216 1.09992 76.7983 43.2642 36.6513 13.1049 43.4283 4.55735 15.7178 12.4388 4.93389 44.8222 1.01499 1.49086 12.963 7.53013 0 7.83064 18.6694 0.582115 9.46557 6.03165 
20.4161 59.9704 4.73411 11.5979 2.86475 16.6072 30.9314 62.4286 85.494 10.1327 56.0051 12.9553 0.0897007 6.58084 4.9454 26.907 13.4182 11.7366 15.3601 6.1753 29.0173 6.45454 0.447555 0 9.24267 0.547224 8.72469 1.78683 
368.594 378.323 18.9704 378.54 53.4701 379.822 69.0445 1.72378 494.655 20.32 6.71747 498.537 55.4682 16.445 25.9244 60.5752 378.367 0.015459 30.6781 0.342314 5.53092 49.7404 10.4324 58.0819 0 20.2565 7.56232 98.2464 
41.0441 40.3992 8.3645 2.59725 0.0907979 26.8502 73.4164 20.2536 6.54803 61.5538 21.5001 293.349 10.0412 1.98185 0.724492 32.6321 6.58679 1.0068 22.4784 2.89813 6.9488 1.52929 1.59528 7.51031 31.3958 0 3.76016 35.1178 
5.79129 7.50591 9.31986 26.3252 16.3476 17.1027 53.0739 76.163 6.43137 3.61685 85.0292 2.60179 3.22469 11.3106 19.479 15.8413 2.26603 0.00220223 0.383201 6.4275 5.10746 11.6775 7.46117 7.27412 43.9809 37.2278 0 91.6317 
0.16038 0.00938015 16.4549 25.9404 7.56121 0.0062109 69.229 16.7044 50.7375 55.7161 65.9734 7.8958 35.6367 11.314 23.1433 22.4952 3.48495 31.2981 21.118 1.52597 42.0901 3.76933 2.87072 10.8402 22.614 63.5248 11.4919 0 
