0 722.1 10.0716 469.636 50.4315 491.27 262.774 308.304 434.078 153.969 130.637 169.814 102.288 2.57056 63.126 13.7574 438.664 138.976 81.9272 23.544 71.6268 1.4068 46.0817 57.0427 450.598 42.566 13.3018 58.3308 
464.848 0 1.89646 651.455 88.3504 539.801 399.82 272.048 471.879 39.0157 163.006 74.3568 44.3187 58.9626 80.0696 30.1871 475.356 414.124 33.7724 40.5879 4.00295 1.37728 19.5347 61.4552 449.272 15.3237 40.6768 46.0578 
3.95524 457.644 0 137.492 187.239 15.9838 45.8882 192.873 87.6149 60.8492 20.4006 33.0001 63.5586 0.548934 33.8893 3.3147 16.8226 52.1004 4.64544 1.51642 95.368 7.06804 0.177936 14.7924 27.7488 2.17946 0.629922 20.8959 
705.498 648.685 368.149 0 73.3119 497.912 196.379 1245.14 754.654 104.392 166.104 102.461 56.6434 0.194739 39.4453 13.9719 457.885 101.976 8.16892 26.0123 371.839 13.7621 16.0352 0.424279 433.463 34.147 11.7624 30.2912 
58.8535 297.78 107.936 0.524497 0 73.385 32.1754 93.872 141.096 44.3338 216.523 0.807179 33.1171 68.2704 88.1113 30.8267 83.7094 234.33 1.11102 93.2246 26.5935 21.6317 27.5239 35.5478 0.146333 65.4207 47.8676 10.6569 
529.485 433.624 17.9938 488.242 104.955 0 522.372 11.9769 828.875 994.208 243.583 110.068 291.92 0.100737 6.3928 1.03938 441.176 80.0975 51.027 6.35373 69.4164 19.4693 8.63856 8.24517 454.585 3.71602 0.348254 16.4384 
241.628 105.195 249.09 124.927 7.60556 176.779 0 85.9747 1305.9 161.947 485.825 276.582 138.964 13.5263 1.18053 75.7997 63.9786 1.33488 14.4084 67.9589 142.881 41.1103 2.4329 70.7477 36.5001 42.846 36.8473 4.9094 
245.514 3.63635 142.686 237.78 0.0176554 174.944 312.4 0 654.711 56.8281 354.243 723.875 124.947 105.429 167.679 169.272 82.583 164.181 31.0905 105.004 199.018 32.9574 63.2888 118.584 116.996 212.3 25.9374 14.24 
622.991 822.595 400.147 546.945 119.888 831.383 15.2756 657.012 0 14.3468 886.387 15.7472 1.70422 28.7954 12.856 81.5493 440.762 47.1771 27.0815 56.0369 57.4041 52.3703 99.3718 61.0256 434.78 4.06071 27.079 36.6131 
23.8471 237.674 42.4769 31.3799 17.2047 280.433 495.466 161.287 373.123 0 584.925 131.773 304.782 77.625 45.4469 27.9665 7.72001 97.3379 23.8286 32.6481 56.255 31.2537 18.8956 6.73114 3.53333 63.12 6.74128 53.6392 
3.08583 200.42 60.6925 22.2758 15.4597 83.2635 16.4659 372.362 754.445 537.519 0 147.562 236.038 196.963 193.978 1.71144 18.9743 3.32919 54.5347 27.4479 3.8328 15.7878 97.8013 122.273 0.179817 165.761 31.6276 0.126112 
27.2478 16.8477 18.9082 25.893 106.37 11.307 192.187 998.467 234.256 6.23157 515.51 0 11.9264 5.95657 15.4681 10.6893 1.34029 147.935 56.4083 65.7062 117.914 16.2984 69.0215 26.8428 371.948 4.24009 34.7235 123.516 
39.5299 111.439 50.8131 0.0414218 162.746 6.78708 202.451 99.3699 138.098 328.788 223.579 50.3956 0 147.224 119.131 11.308 9.42927 40.685 41.5348 0.256376 3.85084 75.6423 88.9818 32.45 39.8508 8.39127 29.9411 2.4088 
0.5269 37.6977 15.1336 12.2821 21.4356 21.956 20.3264 18.806 58.7355 63.6301 172.894 0 25.5592 0 59.0507 15.9541 20.8208 53.5751 7.2648 1.33302 5.85209 6.67732 7.87391 1.54964 0.698687 9.83063 11.2977 10.5209 
1.36051 90.4382 2.95851 1.01787 85.2964 10.1561 52.2666 72.1565 212.594 79.2151 271.71 104.981 65.7542 36.5509 0 50.2548 1.0581 65.1297 33.1613 9.70096 20.2493 1.24642 16.4043 14.0842 30.1169 1.24396 19.8445 14.9268 
38.1776 2.49087 20.1302 2.28017 50.2201 27.2775 53.2056 143.831 88.1228 1.53123 115.022 304.795 19.307 9.24945 12.7283 0 13.1576 40.5477 26.1035 9.65518 40.7849 0.574052 0.0122739 14.9033 33.5161 31.2219 17.8931 20.9546 
470.196 434.149 18.6017 481.179 9.18086e-06 434.694 56.4965 27.9563 542.564 11.5758 5.99489 0.414697 31.2935 11.2209 27.7149 18.3935 0 110.516 23.8727 8.92102 46.8376 3.58141 0.209883 3.30537 445.875 2.16729 0.0233214 2.59358 
178.441 421.126 4.3856 0.728208 30.1595 123.666 102.403 11.8114 161.709 0.0818715 143.322 150.876 14.9332 49.6908 1.52284 2.33448 249.819 0 148.426 80.7224 113.811 39.2304 38.8998 16.8795 59.4475 4.28351 18.8305 42.148 
84.1817 149.449 35.7115 14.2887 40.1684 48.8746 101.405 98.2131 95.7266 5.25933 71.8905 59.7318 73.6216 0.369727 15.4735 25.3853 221.562 19.1513 0 36.4983 72.5135 10.9638 3.43868 4.76157 29.5944 27.7789 16.8909 23.7476 
2.25684 42.602 9.53472 46.669 93.6656 11.2517 20.7108 42.9841 61.113 40.4178 8.89302 0.11841 0.555056 0.10164 7.61247 2.19715 33.0184 87.4139 19.2574 0 238.674 0.809965 4.06372 3.0396 11.7685 8.8476 10.5404 9.5128 
95.2948 1.79049 126.38 140.28 122.738 36.518 30.4015 63.0703 184.006 80.8754 10.4777 47.8914 19.4627 17.8154 5.92605 22.6241 59.8692 0.0535333 63.128 328.861 0 10.17 32.3356 38.346 21.5467 9.42972 25.104 1.37632 
0.383206 18.9722 0.207953 5.10677 48.4324 12.3676 9.75735 42.5188 46.8655 60.2718 11.9155 49.4763 67.5499 10.6984 10.7504 11.056 14.7934 2.06271 8.46568 1.47687 0.050033 0 6.32293 7.95328 0.937867 6.46054 11.0373 4.95893 
41.8871 17.2807 0.453143 16.9164 0.0523694 1.26263 1.25399 0.476955 73.5877 45.1198 31.2402 16.7174 48.1522 5.76439 13.9104 12.4733 5.19996 44.9315 0.842646 1.56465 13.6958 6.66115 0 5.03476 19.6062 0.74917 9.80194 5.78675 
21.9196 60.4902 5.17572 12.5044 3.47616 16.3199 28.8093 55.9748 83.0052 8.69051 61.6369 19.6278 0.383675 5.89453 3.61178 28.2949 13.0888 10.9086 14.9318 6.12778 30.0614 7.03357 1.73876 0 6.98108 0.827456 9.37866 2.07599 
433.504 441.501 19.8929 441.753 54.8287 443.618 71.7055 4.57167 557.918 22.5247 4.23058 886.723 55.1598 16.5419 26.9309 42.3385 443.487 0.00225926 30.5676 0.248549 6.43031 80.3244 10.7955 51.9036 0 10.0051 88.382 20.2626 
38.3143 37.6892 7.37227 3.66358 0.283783 26.4691 76.7312 31.1865 4.09499 59.1913 27.7861 334.986 8.9 1.62403 0.320159 32.8465 7.0278 0.665035 21.9049 2.6387 5.91149 1.37561 1.84931 6.80884 32.5089 0 2.67648 41.0796 
6.47566 6.77291 9.75516 26.5931 15.5225 16.7959 52.1725 73.4908 5.42119 3.08466 85.4909 4.04191 3.62352 11.2994 19.3232 15.4146 2.0844 0.0245766 0.298309 6.61234 5.62143 11.8107 7.83001 6.64472 42.9463 37.6815 0 92.9401 
0.356948 0.0853105 16.9938 25.066 8.40754 0.00182288 68.2284 20.6275 53.8123 55.1546 62.2518 4.3903 36.4026 11.4584 22.9599 22.2465 3.22258 30.3326 21.4912 1.37193 42.9028 3.94336 3.09698 11.2023 24.3428 62.4438 19.0822 0 
