0 353.166 2.92532 229.2 35.911 204.994 266.73 306.601 158.901 155.603 139.12 158.419 104.006 1.91216 61.3775 11.2436 162.359 153.852 86.417 40.9076 87.8324 1.73521 46.4074 56.5578 170.064 39.3417 14.4086 57.5347 
158.271 0 9.81357 406.892 148.763 285.154 334.307 281.37 174.098 52.5089 146.7 63.7242 50.3836 60.8525 76.7373 26.9254 204.256 923.838 42.158 32.1898 7.00568 1.00203 21.1238 61.0726 173.235 17.8844 39.5424 47.7168 
0.259984 404.649 0 54.93 183.483 21.0388 68.8134 166.352 34.2781 53.6135 10.2143 23.797 65.4992 0.318171 33.5194 2.50651 18.9735 63.2661 3.2666 2.27958 101.893 6.77605 0.292356 14.5169 28.0279 1.53089 0.460291 20.5269 
380.568 404.496 210.679 0 62.7367 217.625 201.099 919.394 460.516 102.399 154.653 80.7626 54.4022 0.0657704 39.3525 11.601 177.531 93.9818 6.55672 22.8153 219.129 13.4701 15.5383 0.735632 155.636 36.1718 10.9753 29.5711 
43.3259 368.243 92.3891 0.0130935 0 63.2098 11.4132 82.6604 113.189 24.6671 204.091 0.117508 26.1473 69.0209 90.0942 28.1873 75.6323 231.464 7.96735 91.8446 30.5205 20.1629 29.1447 37.0519 0.39287 66.5699 48.1789 9.55618 
243.743 155.517 13.2173 206.299 624.855 0 967.158 5.64354 483.768 689.34 225.264 101.704 10.2743 0.282115 8.26776 1.57852 164.524 86.1749 56.5911 7.23463 67.6855 19.1612 8.06315 7.64333 175.382 4.52123 0.488186 17.0488 
252.104 167.615 248.732 108.59 25.6655 514.693 0 119.524 1174.75 96.0863 474.354 281.6 125.12 16.9923 3.43606 80.2675 59.8975 0.051975 9.91061 71.7338 143.692 39.3244 3.48773 70.0483 40.1641 38.3703 35.2964 6.17273 
262.998 0.558354 114.946 270.353 0.40321 161.592 277.582 0 622.717 68.4871 365.328 900.598 128.94 100.348 174.445 143.378 80.3161 168.381 34.6845 108.113 194.288 34.7027 67.4097 123.703 103.465 222.853 29.1682 18.6283 
328.997 557.101 448.281 304.655 148.106 486.883 48.0979 627.97 0 32.4583 665.447 5.30728 4.25319 33.5644 72.2034 90.5776 164.479 56.6041 32.6512 60.4514 65.3711 50.714 97.7807 64.9126 155.412 1.89629 24.9439 40.1545 
29.6439 231.836 49.5732 36.6275 5.72045 145.035 460.718 149.301 383.703 0 604.177 147.382 280.859 79.9107 35.946 23.2756 6.14098 91.2789 19.1443 30.7029 53.1696 29.008 21.2167 8.28042 4.8669 65.6162 7.62169 52.6791 
5.80047 214.207 43.3244 31.7374 8.88757 108.325 2.5604 365.867 565.353 584.529 0 200.232 243.656 185.715 255.824 0.00226984 21.1655 5.44801 49.7256 24.7674 5.72624 13.9195 91.1142 124.958 1.13861 163.874 29.0826 0.607151 
19.5851 11.2818 27.3417 41.04 113.639 16.2868 209.21 881.179 200.551 2.25455 517.668 0 15.6161 10.8884 5.13476 55.7007 0.841748 149.438 53.4521 69.0634 124.093 18.1841 75.5986 37.4114 315.193 0.922226 30.0878 112.793 
35.9637 116.933 48.0168 0.0108199 167.643 3.94934 209.178 93.9481 127.66 317.691 211.913 56.6086 0 153.331 119.208 8.47279 8.26241 37.4832 38.566 0.463027 4.71957 79.0892 90.3797 35.6211 41.4016 7.14765 30.6439 1.92413 
0.901741 40.2664 14.6795 11.3897 19.1641 21.9096 16.5885 14.3939 67.088 67.5348 157.34 0.774235 38.6775 0 61.9694 17.3508 20.5924 53.534 7.91517 1.43898 6.64866 6.17958 8.84017 1.00825 0.433587 9.28905 11.311 10.2519 
2.15588 88.1784 1.97794 1.69394 87.6453 12.3447 43.5555 59.8606 201.846 89.1867 326.544 132.778 73.8652 23.9852 0 31.0197 1.33726 66.0632 32.3237 9.94368 21.8858 0.927372 14.2874 16.2753 29.396 0.608904 19.8733 14.0258 
41.6516 3.78796 21.0777 3.58071 52.7259 27.3242 58.3661 117.38 79.0607 3.15727 135.431 391.979 23.1363 11.2773 28.8823 0 13.7526 38.7924 26.6667 9.67824 38.7334 0.409619 0.131611 18.4428 33.56 29.801 18.168 20.3083 
188.015 154.975 16.4627 204.379 0.420313 155.75 60.6023 30.6214 262.745 13.627 4.75715 0.162101 32.9922 11.6909 28.0877 18.9316 0 138.361 68.7644 8.05717 45.2214 3.30406 0.29057 3.6044 168.16 1.85293 0.0525557 2.3226 
191.102 404.552 1.40831 0.0221491 40.3711 123.959 88.4442 15.8319 151.685 0.653185 138.173 149.852 12.7008 50.4121 0.952222 3.08328 266.641 0 146.309 82.5663 111.427 38.7785 39.5935 17.9892 59.6067 3.43428 17.9748 41.24 
88.5731 142.142 38.4744 12.2419 21.6212 43.2082 109.365 101.028 102.515 3.04833 67.0033 62.6299 71.4838 0.220926 16.6289 24.7567 212.597 14.3169 0 36.5528 72.6748 10.4311 3.07755 5.18717 29.8646 28.2061 17.2827 24.0874 
0.776271 51.6642 10.9992 47.5832 92.433 12.2328 24.3614 37.8723 56.7041 38.623 7.19857 0.511184 0.843558 0.0707124 7.92142 2.45877 33.3327 86.9074 18.1069 0 285.967 0.73549 4.04154 3.19922 12.0343 8.52 10.4462 9.71632 
112.382 3.95656 127.119 123.763 120.15 33.7764 25.8986 53.6497 181.492 78.4024 13.4043 41.8157 17.8352 16.6952 4.93624 24.6829 60.9769 0.369076 64.4054 307.069 0 9.65395 31.597 37.3105 19.8559 8.03057 26.0238 1.82102 
0.235931 20.1899 0.139839 4.76874 49.4923 13.0067 11.1404 44.1906 48.6166 60.6973 13.677 51.6163 71.6845 10.8137 11.3905 11.2629 15.1368 1.7158 7.9611 1.57427 0.015782 0 7.34661 8.62765 1.35735 6.72005 10.837 4.7461 
41.0698 18.8239 0.624988 16.4736 0.197585 0.973458 0.652267 0.0709034 69.6477 47.2216 25.2457 21.4568 53.6957 7.11019 11.7429 12.3965 5.51995 45.017 0.658945 1.65271 14.574 5.65123 0 2.33512 20.595 0.971357 10.1874 5.49515 
23.7222 61.0027 5.71009 13.5803 4.26938 15.9499 26.3349 48.5044 79.8692 7.10698 68.3186 29.0419 0.992564 5.06812 2.27317 29.1814 12.6959 9.95826 14.4205 6.06474 31.2796 7.7178 4.1993 0 4.95541 1.22833 10.1528 2.44065 
155.7 161.609 20.9463 161.873 56.3651 164.337 74.6936 9.63075 277.499 25.2068 2.01441 665.611 54.6985 16.5966 28.0078 19.2202 165.757 0.0627984 30.4073 0.15676 7.56939 85.2131 11.3165 45.8483 0 58.3906 139.761 63.9252 
35.0982 34.5094 6.25257 5.13472 0.649047 25.9416 80.4385 46.5764 1.91998 56.2441 36.0194 372.654 7.62421 1.24127 0.0513949 32.6618 7.56084 0.351457 21.2125 2.3436 4.78351 1.20302 2.16814 5.99453 33.6796 0 1.61868 47.672 
7.32618 5.94874 10.2694 26.8701 14.5624 16.4185 51.0523 70.2219 4.33121 2.50687 85.8868 6.13379 4.12161 11.2714 19.107 14.8827 1.87859 0.0820901 0.211525 6.8291 6.25573 11.9584 8.26158 5.91894 41.643 37.9632 0 91.551 
0.688476 0.273103 17.6065 23.9892 9.45506 0.03469 66.9227 25.6909 57.4254 54.3902 57.8113 1.54451 37.2751 11.6066 22.6778 21.8583 2.92384 29.1826 21.92 1.1991 43.8229 4.15102 3.37042 11.6123 26.4319 59.7289 29.7508 0 
