0 143.31 0.02908 180.432 20.6026 86.0595 267.642 299.548 56.7152 156.597 149.342 143.193 105.851 1.21248 58.9681 8.36625 56.1119 171.845 91.8142 60.1526 109.344 2.19908 46.7251 55.7807 58.2238 35.2561 15.8513 56.3859 
54.644 0 74.6112 331.71 237.448 205.209 244.277 289.629 49.6905 71.6036 125.752 50.9764 58.3397 63.0601 72.1954 22.9359 104.614 543.729 53.6607 22.5766 11.9546 0.610208 23.1761 60.4252 67.0747 21.3356 38.0638 49.7489 
1.88465 297.897 0 5.97545 175.222 27.9434 101.619 131.199 1.36795 44.5267 2.20681 14.0336 67.6867 0.114313 32.7554 1.62838 21.7886 77.9479 1.85059 3.44671 109.326 6.40406 0.477024 14.1182 28.2442 0.864985 0.282516 19.9986 
205.897 330 204.623 0 49.8112 105.185 203.297 1275.42 321.38 99.0909 138.718 55.4682 51.4257 0.000455706 38.981 8.80364 65.7971 83.4366 4.73984 18.797 341.938 13.0854 14.8721 1.24882 47.3357 38.4939 9.99016 28.5537 
26.5116 445.96 72.7837 1.38701 0 46.7061 0.167144 68.8843 80.3562 7.57846 186.802 0.131898 18.3134 69.7248 92.1517 24.9084 65.414 225.407 25.2238 89.5685 35.7694 18.3335 31.1966 38.9209 0.876071 67.8376 48.5129 8.22929 
124.648 53.3148 8.00241 92.0533 224.061 0 885.16 0.959637 276.327 952.022 197.411 90.7022 388.528 0.641255 10.8977 2.41212 57.6107 93.5008 63.3854 8.3982 65.2765 18.7175 7.33435 6.88869 65.0141 5.63237 0.698728 17.7944 
261.724 256.324 239.765 87.6478 62.4052 899.022 0 166.342 756.91 33.4588 443.215 284.508 107.208 21.8248 7.9281 85.5256 54.6807 0.902224 5.35077 76.2339 144.08 37.019 5.08256 68.9142 44.8656 32.8319 33.3088 7.96259 
281.644 0.5313 81.2365 293.364 2.5821 142.91 229.832 0 550.857 84.1078 373.153 1021.47 133.54 93.3335 180.751 109.852 77.2893 172.925 39.4035 111.459 186.968 36.9134 72.4703 129.227 86.1339 231.436 33.4238 24.8902 
198.945 454.049 473.093 242.057 184.967 279.713 387.15 559.258 0 64.5804 996.635 0.0286371 9.08592 40.2953 86.7919 101.724 58.1662 69.3388 40.2515 65.979 75.8079 48.5466 95.2873 69.7053 45.6794 0.315516 22.3049 44.721 
37.6727 221.207 58.7401 43.5498 0.0174298 30.6276 390.7 133.389 386.159 0 586.437 166.599 242.195 82.1232 24.9771 17.7526 4.37939 83.4015 13.82 28.2176 49.2352 26.1709 24.2473 10.4368 6.83977 68.4641 8.80112 51.3183 
10.4184 229.918 24.7659 45.6256 3.09572 141.523 2.38487 351.415 389.65 604.397 0 270.689 250.411 168.017 326.694 3.12063 24.0672 8.853 43.7486 21.4881 8.64792 11.684 82.2147 127.433 3.52919 159.643 25.9308 1.73069 
11.5462 5.7589 39.825 64.1094 122.623 23.7324 229.121 640.917 157.935 0.0531271 503.181 0 20.9244 19.076 0.0139519 152.806 0.374156 150.827 49.6851 73.152 131.546 20.6774 83.7471 52.6143 252.113 22.5835 24.536 98.6142 
31.5657 123.431 44.3626 0.24413 172.605 24.3634 215.317 86.903 114.022 292.513 195.025 64.7155 0 156.37 117.675 5.40979 6.87743 33.509 34.8294 0.811366 5.94005 82.8807 91.1866 39.6368 43.2945 5.69358 31.5072 1.38431 
1.51839 43.4903 14.0338 10.2596 16.3996 21.7187 12.292 9.55259 77.7844 72.0235 135.436 3.96548 57.7137 0 58.3629 18.6287 20.2776 53.3681 8.76396 1.57672 7.71925 5.53938 9.55553 0.475553 0.186184 8.56697 11.3046 9.88339 
3.41751 84.8692 1.00423 2.78436 90.1931 15.2905 33.1851 45.1897 184.855 101.044 379.207 168.156 83.7508 9.94787 0 10.7222 1.73608 67.0687 31.1915 10.2338 23.9974 0.587233 11.5386 18.9716 28.2692 0.123279 19.8566 12.8619 
46.0426 5.80141 22.1514 5.60425 55.7907 27.214 64.8165 84.696 67.5165 6.01704 160.276 470.243 28.2907 13.7377 53.1962 0 14.5058 36.5249 27.3348 9.67966 36.0834 0.239701 0.462098 22.584 33.1932 27.4475 18.4537 19.3678 
74.091 45.8544 13.8619 96.9482 2.16691 46.0077 65.7645 34.0983 151.317 16.4205 3.38303 0.0091992 35.145 12.2856 28.5184 19.5969 0 173.856 68.3758 7.00567 43.1306 2.96532 0.411482 3.99853 59.729 1.48709 0.106468 1.99808 
205.388 322.422 0.000719666 0.556194 54.9623 123.358 71.3619 21.6869 138.358 2.15658 131.169 148.031 10.0958 51.2268 0.418284 4.17418 281.156 0 142.552 84.5142 108.075 38.1649 40.4218 19.4176 59.6903 2.48464 16.8985 40.0413 
93.8226 131.77 41.8859 9.82146 5.95037 36.0735 118.949 104.311 110.824 1.09219 60.7838 66.2449 68.5725 0.0866617 18.1088 23.9203 202.262 9.10664 0 36.5176 72.7301 9.76097 2.6439 5.74599 30.1634 28.7029 17.7709 24.4935 
7.8175 63.6555 12.9045 48.1464 90.3368 13.4766 29.2626 31.6415 51.0781 36.2734 5.28563 1.40208 1.29419 0.0394273 8.30449 2.8044 33.6508 85.8302 16.648 0 324.073 0.645506 4.00792 3.40171 12.3488 8.09128 10.315 9.96158 
134.302 7.88638 126.67 123.688 116.461 30.3336 20.6 42.441 177.263 75.1036 17.579 34.516 15.8428 15.2955 3.79947 27.3397 62.285 1.17477 65.9109 254.889 0 9.01042 30.6247 35.9428 17.7627 6.39526 27.181 2.47105 
0.100001 21.7544 0.0726346 4.35003 50.7506 13.8012 12.9974 46.2713 50.7818 61.002 16.0481 54.2648 76.474 10.8934 12.1809 11.4885 15.5644 1.3198 7.33311 1.70085 9.78487e-07 0 8.65072 9.46153 1.99078 7.04471 10.5705 4.47725 
39.9595 20.8291 0.880315 15.8702 0.515053 0.657722 0.16799 0.0744739 64.462 49.7264 18.37 28.1269 60.5469 8.51894 9.03774 12.1182 5.93412 45.0572 0.457478 1.7656 15.705 4.42355 0 0.310681 21.6421 1.28992 10.6554 5.12315 
26.0398 61.4914 6.40365 14.9426 5.38263 15.4353 23.265 39.4059 75.615 5.29975 76.7318 43.0536 2.16547 4.02666 0.99244 29.06 12.1926 8.79904 13.765 5.97426 32.7958 8.57647 8.33191 0 3.512 1.83973 11.1299 2.93654 
47.4328 50.6378 22.2149 50.8876 58.1993 53.9541 78.2127 18.537 164.9 28.705 0.365465 793.593 53.9643 16.5724 29.1817 6.72287 57.3136 0.258135 30.158 0.0703623 9.12776 42.4198 12.1188 42.598 0 101.015 17.8936 124.722 
31.0631 30.5377 4.92877 7.3036 1.32425 25.1573 84.7695 69.2285 0.325252 52.2972 47.5271 397.554 6.12636 0.823051 0.0419217 31.754 8.25436 0.0958295 20.3131 1.98857 3.51156 0.998708 2.59888 4.99611 34.9151 0 0.646462 54.8363 
8.46769 4.971 10.9195 27.1583 13.3701 15.918 49.5493 65.9258 3.11521 1.85563 86.1536 9.37305 4.79418 11.2128 18.7837 14.1686 1.63144 0.203427 0.122664 7.10107 7.10109 12.1305 8.79985 5.0329 39.8411 37.9183 0 85.3847 
1.26221 0.663446 18.3423 22.564 10.8545 0.135567 65.0817 32.7089 61.9501 53.2675 52.1543 0.0236282 38.3281 11.759 22.2203 21.2242 2.5629 27.7129 22.444 0.994716 44.9247 4.41722 3.72559 12.102 29.0949 54.26 44.8345 0 
