0 437.801 204.912 326.382 78.9827 181.556 260.995 260.848 235.456 147.99 186.729 34.0461 97.6052 50.3166 55.9545 59.5009 127.996 1.95391 39.8397 149.029 207.251 30.4231 23.4289 3.21541 126.525 73.8999 14.3225 8.32294 
163.167 0 10.749 121.327 86.7185 119.953 525.821 57.9307 232.706 148.933 207.773 208.83 135.662 64.2867 1.01064 83.3003 118.027 430.202 128.476 76.4695 1.68892 0.84855 17.0646 0.351282 168.132 0.0563718 29.0224 0.611565 
197.709 469.043 0 17.7151 96.9215 25.8098 56.9431 264.78 251.053 111.305 150.302 93.1084 1.89575 13.348 0.791638 14.0142 20.0343 116.77 14.0176 25.8921 78.0627 3.47321 6.96056 12.7945 0.780031 0.558049 8.63113 4.52137 
296.95 120.412 156.85 0 146.922 118.257 85.3669 1251.98 425.404 46.397 0.358404 229.3 46.103 6.75078 34.3985 7.70319 137.627 13.5439 56.0721 31.0517 122.864 4.18534 0.38158 15.065 118.405 16.0178 24.8951 32.4166 
88.6821 0.0534414 5.25024 144.623 0 198.201 307.982 214.839 14.2555 62.6809 170.511 168.705 173.733 69.8919 14.521 20.4265 147.767 233.111 265.138 26.5881 40.5935 51.8082 6.38738 0.0682193 63.8035 36.6017 30.3957 22.0284 
218.327 192.254 9.46923 129.76 279.065 0 1045.16 118.507 125.576 363.303 158 18.1367 660.862 12.241 26.0007 14.3529 121.325 0.547705 15.2351 4.33507 55.2184 0.604723 2.41663 0.00671475 134.221 11.6041 0.358199 3.90083 
237.928 0.174767 249.66 4.56669 135.279 885.624 0 368.8 400.609 504.203 334.368 12.363 204.539 8.03648 83.6458 48.0692 85.7153 0.143677 157.564 83.5071 67.3474 37.4113 0.792462 59.57 8.33886 0.432614 57.1157 68.1483 
127.895 269.368 276.431 107.646 88.4898 209.88 33.2708 0 292.037 208.568 5.88452 507.722 62.7264 111.789 112.783 203.937 44.7282 1.60115 97.0317 96.3247 198.879 9.6394 22.5515 39.7923 9.85037 39.6441 39.7192 1.37042 
362.069 365.405 241.56 129.143 353.848 126.669 742.406 280.753 0 69.4422 310.994 13.6873 150.93 91.6825 103.57 125.568 203.523 0.114484 141.097 22.202 185.283 68.9872 10.9051 0.0252962 135.188 141.85 78.4462 38.3761 
13.2214 159.225 0.498198 18.8598 29.949 315.569 290.802 12.2836 179.957 0 519.45 1.99208 214.547 25.5014 132.028 16.7688 8.36142 33.9243 61.8374 8.14881 25.9487 34.0112 11.8549 3.59563 21.9195 53.5566 0.0273945 1.49203 
50.3127 154.515 199.168 202.971 0.458429 182.155 264.623 65.9437 42.563 574.117 0 396.617 1.69781 201.476 254.406 198.417 21.5879 53.1909 97.386 1.57487 10.3721 66.0642 33.485 38.9687 118.49 135.875 45.7819 73.3706 
178.322 153.225 187.914 12.4747 24.1286 158.757 14.4842 0.736829 86.8058 148.774 428.662 0 101.17 164.591 273.029 60.4689 18.7998 142.632 68.833 37.6711 1.52465 41.3002 0.524493 1.3596 97.9642 378.008 67.8757 153.07 
0.364269 76.7007 59.6879 1.33003 16.3391 199.268 30.0456 144.663 156.278 150.488 106.809 51.066 0 22.6945 30.6824 77.9663 37.6962 44.9394 7.09351 9.55708 3.23977 7.58939 87.2904 69.3282 24.0466 21.7141 35.9094 8.05959 
53.7187 45.4137 0.0144573 21.4547 7.85556 11.1966 27.9124 106.282 132.194 44.7867 212.318 152.068 145.273 0 40.5316 10.3428 5.50164 30.5559 0.00309465 1.38977 0.170964 0.818391 3.7202 8.12182 11.1198 4.11013 7.393 1.36185 
5.2065 0.441528 25.579 9.94354 18.2867 30.4395 142.185 17.5958 71.4263 4.30834 175.98 90.0911 105.745 0.0463476 0 3.93543 3.67161 13.5041 6.11897 1.03365 19.6848 5.23934 19.068 6.50507 20.9989 1.60935 0.0141207 22.8893 
51.1137 51.027 8.96051 6.57835 59.8851 19.2993 25.7804 223.715 41.18 76.8535 23.0912 397.942 13.9939 16.7435 65.2039 0 22.8694 34.2462 9.59282 1.06914 2.42912 0.799096 2.57389 13.2519 10.1179 29.6751 18.7668 20.037 
208.506 193.507 51.6767 161.891 101.202 150.284 33.4974 42.2002 143.728 60.2288 83.7386 14.9917 5.37373 22.0829 29.6951 25.5156 0 89.9065 207.821 32.2447 57.8186 19.7175 19.1379 20.3525 140.749 2.78784 15.6467 21.2718 
1.81879 337.789 9.45907 47.8403 35.1119 45.9854 79.5335 143.113 218.008 145.309 154.41 118.34 74.3463 16.2299 60.0267 51.8988 234.077 0 114.624 0.364777 36.2944 0.673749 45.0533 23.3426 43.528 57.4793 14.0511 21.3685 
37.4976 57.2362 61.3306 60.1498 299.08 81.6035 16.0491 112.08 150.8 32.5622 111.018 18.2445 36.2639 9.95041 22.0469 29.8667 140.591 104.778 0 2.99142 46.0135 0.286273 0.262281 19.2042 30.3005 26.2377 3.62349 15.2998 
131.173 120.749 17.6336 0.00328548 28.1296 1.2035 91.9888 1.64923 75.2176 14.6505 13.5755 6.38534 8.28212 0.084304 0.111363 9.257 0.57523 6.15079 8.64582 0 79.7893 5.99009 2.19374 1.90905 1.22586 4.06382 0.796697 10.6016 
223.211 0.40131 120.826 52.0687 112.868 18.9503 125.538 147.69 52.1853 6.72958 19.9198 167.291 20.7466 31.3602 58.1499 60.7321 49.5347 55.3587 23.3682 7.44317 0 30.2483 18.0076 47.786 53.0008 29.3192 43.2464 0.000452784 
19.3994 20.7566 0.33935 0.00972952 16.7069 15.9922 39.5753 17.3 6.81348 59.5274 63.9321 10.0475 14.0282 8.55268 5.44327 11.4641 3.71634 27.919 1.08019 4.2779 30.5502 0 10.5366 8.98507 21.9799 5.75078 3.65721 1.0092 
42.7648 19.3114 7.84818 0.796189 44.1538 0.304598 3.19156 100.973 44.6763 0.00584171 100.099 31.5648 43.4283 1.65101 16.7576 10.1379 15.2171 40.6911 2.15889 3.82928 28.5757 6.90441 0 12.4937 8.73282 0.938613 10.5624 8.25408 
52.5147 1.64263 8.31663 1.30153 19.6567 4.09274 9.9796 58.6966 78.4725 41.4475 0.00487245 3.85157 50.5217 3.58719 27.9268 27.6068 3.67618 5.96602 1.6187 6.35504 6.88595 8.08406 0.128063 0 25.7757 0.250825 0.42594 8.40782 
114.968 116.047 2.00114 115.227 4.37098 123.191 0.831088 102.964 188.556 3.25536 137.575 1132.79 0.0509486 3.33667 4.07156 38.8639 141.131 12.5905 25.1342 9.87673 40.6968 37.0869 8.92629 61.3296 0 50.7901 41.8595 21.1162 
75.8807 72.844 0.367715 43.5986 56.6858 11.9738 91.7058 46.582 141.865 0.34909 1.07178 2.31497 21.0323 0.117743 0.520835 32.628 22.6191 51.0599 23.976 10.1477 34.7257 1.88761 0.206999 12.419 23.4105 0 1.37706 0.502185 
7.25917 0.99509 1.0895 1.11279 2.58588 16.7674 60.3584 59.5895 75.3885 16.0388 3.18652 120.715 31.7461 8.11088 0.634614 10.1749 21.1617 42.1787 24.2109 9.3019 39.5009 11.4271 12.0728 19.2565 17.3712 37.9914 0 44.7817 
57.4593 49.5267 19.559 28.9394 1.64076 22.4554 4.98672 3.9423 55.6227 2.78289 102.516 141.389 28.2699 7.42185 14.6806 21.6825 20.5918 9.45937 18.3123 0.488871 36.0206 10.283 3.01094 14.4568 25.6996 36.7895 85.4136 0 
