0 307.873 14.303 566.435 2.61921 330.717 256.356 271.363 340.776 155.049 166.916 112.313 108.31 0.303003 53.7617 3.90271 324.553 202.227 101.099 41.1576 151.593 3.24393 47.032 53.7774 315.277 27.5068 18.7504 53.7408 
448.54 0 299.543 620.321 409.27 514.517 85.3243 293.514 314.431 112.644 86.1461 29.3899 74.2427 66.6678 62.5948 15.826 385.38 438.24 77.7875 8.23146 24.8893 0.124501 27.2292 58.669 334.895 28.5515 35.0915 53.4179 
24.309 73.3725 0 138.54 149.512 41.7496 167.958 66.3508 61.9984 28.0354 3.47865 2.18378 70.9725 0.0105023 30.3952 0.444303 27.4099 106.328 0.232037 6.25909 120.423 5.68279 0.955789 13.2001 28.2173 0.106066 0.0600262 18.7969 
354.023 620.353 22.497 0 27.5684 358.444 195.326 873.616 502.613 90.4133 105.094 17.7983 45.3208 0.188579 37.475 4.27907 322.664 62.5405 2.01163 11.5299 657.872 12.2988 13.4828 2.59985 311.455 42.0504 8.14304 26.284 
5.07326 528.679 38.182 10.3044 0 197.921 28.2987 44.4326 29.7721 2.65783 149.918 2.98503 6.81713 70.2792 94.596 18.8729 46.3414 206.521 81.2492 83.5963 46.6326 14.9263 35.1207 42.3851 2.34522 69.6579 48.9624 5.8985 
366.358 347.852 1.39166 342.92 60.9108 0 564.38 3.03443 366.189 629.442 134.802 68.9222 96.4387 1.72978 16.5817 4.46157 324.054 106.028 75.1121 10.756 59.9997 17.7004 5.94601 5.47396 324.186 8.02854 1.20905 19.1323 
267.636 421.206 198.379 49.501 166.065 569.641 0 260.978 19.7112 6.08555 340.233 278.938 73.0792 32.3052 21.3587 94.1194 44.6121 10.3163 0.444604 83.8274 142.778 32.4708 8.93994 65.9639 53.9715 22.8047 29.4239 11.9833 
304.29 12.721 28.1768 501.891 12.0313 103.624 135.706 0 346.178 115.814 367.623 844.699 140.821 78.3609 185.102 50.5599 71.0023 179.057 48.9299 115.883 169.024 41.1525 81.5418 136.468 53.983 231.508 42.0458 38.8781 
418.976 694.669 397.468 583.82 254.158 368.441 1224.5 357.543 0 148.142 136.369 15.6358 23.2089 55.2192 44.6153 121.451 326.202 95.7343 56.3166 76.2426 96.5921 44.1722 89.0469 78.3773 308.759 1.04794 17.4616 53.6656 
54.9311 191.664 76.1934 57.3667 17.8518 105.752 210.755 101.53 356.191 0 434.445 200.211 152.583 84.0758 8.61071 8.81026 1.78146 67.8641 5.76579 23.4145 41.6349 20.7988 30.28 15.1484 11.4851 72.8391 11.2679 48.2589 
22.8589 253.379 2.90721 77.0066 0.400502 203.36 56.2002 305.846 118.405 512.518 0 400.243 253.649 126.014 405.049 25.1526 30.0264 17.6102 32.7552 15.6037 15.8754 7.82749 64.2603 129.122 11.7286 146.019 20.1359 5.49715 
1.85451 0.264327 68.3226 116.919 138.928 41.2074 260.445 142.612 82.564 4.97815 425.386 0 32.9991 40.1713 16.1652 380.251 0.000293035 151.826 42.4078 80.4011 144.485 25.7812 98.4138 85.7952 276.315 132.013 15.0597 70.6612 
23.5642 134.239 37.0785 1.55488 177.949 58.6107 219.064 72.9553 87.2112 216.553 157.349 80.8259 0 146.872 109.725 1.35614 4.51905 26.1743 27.7848 1.7552 8.66584 88.1315 89.6253 47.2094 46.6837 3.30396 33.0808 0.585182 
3.14942 49.5304 12.5894 8.11393 11.4947 20.9391 5.61528 2.86149 97.9944 78.9285 89.9508 16.7845 97.4282 0 33.3844 19.2533 19.5912 52.6866 10.4705 1.85235 9.96924 4.30228 9.05189 0.00390227 0.000142977 7.09276 11.2182 9.0922 
6.62827 77.1975 0.0422691 5.58022 93.6503 21.3017 16.2236 21.2826 143.967 119.931 403.417 228.745 100.568 0.505911 0 2.925 2.64614 68.4259 28.7998 10.7343 28.1621 0.144574 6.46989 23.5625 25.4812 0.235229 19.6557 10.5812 
54.315 10.7967 23.7622 10.5406 61.2759 26.4677 76.6461 31.6676 45.9284 13.8718 200.656 465.05 38.899 17.5482 87.4697 0 15.9504 32.0477 28.4708 9.59377 30.8655 0.0381885 1.62899 28.1646 31.1789 21.5419 18.7984 17.2133 
327.21 311.242 9.28078 361.364 9.28872 307.325 75.4571 41.0734 407.565 22.3686 1.36924 0.248881 39.2762 13.4272 29.213 20.823 0 235.558 278.221 5.12942 38.9799 2.35309 0.703993 4.80611 322.77 0.887195 0.264275 1.4331 
226.112 181.821 4.90537 6.07512 87.1886 119.154 41.6617 35.1958 111.367 7.47953 116.349 142.893 5.82863 52.4719 3.70078e-05 6.71523 284.871 0 132.093 86.9676 100.627 36.8533 41.8525 22.2332 59.4738 1.06855 14.8519 37.5837 
102.755 108.997 48.0362 5.77941 3.73066 23.0518 135.266 109.665 125.578 0.10477 48.8736 72.9821 62.3765 0.00221246 20.9909 22.1892 183.521 2.24579 0 36.1182 72.3609 8.4875 1.88665 6.88308 30.5982 29.5149 18.6852 25.1966 
46.7739 87.208 16.617 47.2976 84.6824 15.8375 39.3888 20.6717 40.2931 31.554 2.38078 4.34828 2.42974 0.00454947 9.01188 3.51003 34.0039 82.4052 13.8567 0 307.539 0.486108 3.9256 3.79106 12.8804 7.22766 10.025 10.3926 
175.056 19.0375 121.454 208.557 108.128 23.8742 11.8352 23.7261 165.96 68.2702 27.0123 21.9435 12.2399 12.673 1.99749 32.5614 64.4915 4.00486 68.4376 115.919 0 7.80331 28.6399 33.1425 13.9124 3.70924 29.3816 3.99508 
0.000169693 24.8276 0.00440269 3.57541 52.894 15.2705 16.8849 50.1435 54.7619 60.8355 21.0276 59.1341 83.9897 10.8331 13.6182 11.8028 16.3645 0.69633 6.16126 1.95488 0.0577337 0 11.0606 10.9641 3.50918 7.65476 10.0176 3.96246 
37.5926 24.8276 1.4872 14.5828 1.54856 0.217264 0.13203 1.72926 54.0255 53.9723 7.82634 42.7239 72.6672 9.66889 4.38429 11.0412 6.7597 44.9168 0.170028 1.9868 17.9369 2.33977 0 1.84553 22.9219 2.01298 11.4841 4.40271 
30.5745 61.9142 7.77724 17.5231 7.86096 14.3071 17.6241 23.6094 66.6512 2.50092 92.3249 74.9383 5.65578 2.17934 0.000366266 25.0253 11.2063 6.71573 12.4797 5.76673 35.6173 10.1649 16.7154 0 4.55951 3.31564 12.9715 3.98982 
311.648 309.522 24.4084 309.685 61.351 313.368 84.0382 42.6389 417.702 35.6621 0.960757 823.839 52.0842 16.229 30.7751 45.164 320.349 1.01112 29.5316 0.00012195 12.4784 47.1591 14.0923 51.7898 0 20.5475 40.0196 85.4853 
23.5373 23.172 2.7373 12.3138 3.29054 23.3011 91.7753 118.921 1.03046 44.1689 72.1537 364.194 3.64382 0.247412 1.07263 28.0299 9.64572 0.057908 18.5163 1.36965 1.58267 0.652261 3.50238 3.22834 36.4227 0 0.0132635 62.968 
10.8638 3.30476 12.162 27.5099 11.153 14.8856 46.3995 57.2529 1.31237 0.863924 85.9155 17.3718 6.22015 11.0265 18.008 12.68 1.1985 0.591723 0.0187872 7.61599 8.86044 12.413 9.80051 3.4587 35.7592 36.5625 0 62.2709 
2.84996 1.89687 19.6176 19.6583 13.7702 0.517404 60.9715 47.7992 70.3929 50.6314 41.3241 3.82138 40.1819 11.9366 21.0338 19.5797 1.92384 24.847 23.391 0.648653 46.835 4.93925 4.43333 12.9406 33.9892 38.9463 73.1036 0 
