0 146.782 42.2481 430.52 0.565098 114.954 235.923 237.393 160.839 150.59 178.278 87.6976 109.176 0.0119356 49.2004 1.50897 125.984 220.501 107.156 72.1365 182.939 4.20745 46.9814 51.7402 107.345 21.666 21.133 51.2708 
417.045 0 445.847 395.336 503.85 332.926 11.3463 284.98 142.11 146.34 57.5488 15.9041 86.9546 68.8442 54.4456 10.9094 195.632 1024.08 97.6153 1.71408 37.925 0.000110982 30.4821 56.8189 135.129 34.6525 32.6461 56.0447 
57.0531 0.00424569 0 277.495 122.283 51.8266 212.88 26.4348 200.3 16.8356 20.0742 0.131832 72.6163 0.205184 27.7857 0.029921 31.9133 126.921 0.0499139 8.90405 125.584 5.1134 1.44379 12.3477 27.7755 0.0254335 0.000251876 17.6898 
104.542 396.781 217.742 0 13.7671 145.429 178.213 269.551 226.002 81.691 77.8537 2.24517 40.2485 0.631603 35.58 1.73968 114.219 46.4187 0.645495 6.65854 674.969 11.6387 12.3041 3.9824 109.185 43.8481 6.75164 24.2377 
0.0128816 511.644 16.9473 22.7754 0 337.378 92.4289 27.9423 6.226 25.6832 119.152 7.85618 1.55953 69.947 95.0261 14.473 32.544 185.692 139.15 77.5337 55.7451 12.3766 38.1523 44.9582 4.0006 70.4807 49.1309 4.29007 
145.915 182.903 0.0305415 129.185 817.744 0 689.164 14.9937 102.84 161.093 84.5341 52.0534 564.607 2.93608 21.3961 6.44359 123.269 113.974 82.4808 12.6789 55.3139 16.756 4.88598 4.41407 117.212 10.1122 1.70795 20.0803 
259.969 506.305 149.617 24.7567 261.528 46.48 0 328.794 265.95 78.4654 235.643 264.288 48.3468 41.3624 35.7453 99.1718 36.8232 24.6586 0.428901 88.6026 139.832 28.8267 12.6644 62.9542 61.0173 15.7676 26.335 15.6487 
307.981 33.1852 4.45901 444.745 24.1459 72.428 70.3981 0 173.495 140.988 344.257 440.057 144.933 65.676 180.893 16.7634 65.6713 181.274 56.7248 117.339 151.805 44.4469 87.8566 138.674 31.8629 216.06 49.1144 51.2999 
182.137 444.757 253.546 420.224 300.982 103.082 1162.88 183.598 0 223.53 215.34 50.8085 38.4027 68.5169 105.742 134.454 127.095 117.467 69.9219 83.7538 113.095 40.567 82.8975 84.514 107.332 5.17794 13.9144 60.7179 
69.7153 161.738 88.8659 68.2344 56.7647 317.197 79.067 76.6294 303.884 0 253.72 221.74 82.7091 83.3503 1.46534 3.73621 0.523673 55.6231 1.75599 19.6804 35.7056 16.7377 35.1 19.307 15.8611 75.1259 13.381 45.4665 
35.6847 264.299 0.933695 104.221 6.41027 242.716 140.49 256.761 18.4083 349.03 0 477.078 246.78 89.6064 389.756 55.3062 35.0255 26.4369 24.7709 11.4531 22.9805 5.25337 50.023 127.479 21.3061 130.788 15.8922 9.91281 
0.0788307 0.991757 93.2802 161.2 150.493 57.2624 276.762 1.58242 36.338 17.2755 329.051 0 44.0248 60.5737 51.0975 488.232 0.208761 151.01 36.7199 85.3979 153.077 30.0422 108.497 113.223 130.758 248.681 8.96222 49.5157 
17.8114 140.885 31.2488 3.38623 177.981 34.6228 214.179 61.847 66.5156 143.64 124.867 93.6641 0 126.331 99.2203 0.0503033 2.97061 20.7772 22.4756 2.75162 11.1548 90.1299 85.5198 52.835 49.0746 1.8394 34.2302 0.189043 
4.83918 54.038 11.2943 6.48977 8.10025 19.9539 2.06932 0.309047 112.669 82.448 55.4913 32.4311 125.996 0 10.467 17.9343 18.9768 51.8109 11.8716 2.07782 11.9064 3.35625 7.05884 0.193743 0.133566 5.89199 11.0805 8.4012 
9.85147 70.1005 0.187172 8.36599 94.9204 26.0933 6.61343 8.02859 107.609 129.631 344.062 261.162 110.694 13.7811 0 29.2331 3.49346 68.9302 26.7385 11.0693 31.4986 0.00490721 3.17025 26.2506 22.7926 1.30955 19.3389 8.78985 
60.4722 15.6949 24.5469 15.1864 65.1194 25.393 85.0401 6.31948 30.505 21.9624 221.242 322.508 47.5404 19.1351 83.3062 0 17.0766 28.457 29.2145 9.44282 26.7132 0.00161028 2.97319 29.2515 28.4668 16.146 18.8697 15.2529 
116.334 112.618 6.17137 158.048 18.2177 102.899 82.6984 46.7703 197.48 27.5158 0.400376 0.943881 42.4888 14.3189 29.6284 21.731 0 270.272 164.941 3.80978 35.6171 1.91002 0.990505 5.48644 118.933 0.516548 0.439765 1.0463 
234.91 157.894 15.6437 14.4391 114.97 113.094 22.6704 47.6756 89.7022 13.8577 103.68 137.366 3.22445 53.136 0.254683 9.11155 264.569 0 121.139 87.6171 93.9106 35.7002 42.8166 24.4982 58.946 0.357125 13.2696 35.5167 
108.478 89.3958 52.3266 3.25944 28.5162 14.1219 145.505 112.895 135.643 1.99353 39.7545 78.0139 57.0203 0.101781 23.2631 20.7234 154.659 0.0727983 0 35.4927 71.6205 7.50506 1.36732 7.83227 30.805 30.0124 19.3793 25.6732 
94.0997 104.815 19.4429 44.8478 78.8351 17.6193 47.7663 13.2869 32.0666 27.7161 0.869728 7.78877 3.57082 0.00138584 9.53482 4.09625 34.0323 78.4967 11.7052 0 219.035 0.374049 3.84437 4.09493 13.2245 6.51965 9.76189 10.6906 
203.162 30.8901 113.475 207.506 100.521 19.0416 6.45737 12.2925 154.341 62.5026 35.6257 13.6984 9.64395 10.6928 0.962165 36.7085 65.9194 7.41247 70.0559 26.2687 0 6.88478 26.9787 30.7976 11.086 2.06392 31.0807 5.44537 
0.0758564 27.2893 0.00916237 2.99856 54.3011 16.3538 20.2075 53.0404 57.6885 59.9915 25.2939 62.7056 88.0136 10.5841 14.6458 11.9319 16.9711 0.339299 5.27802 2.16428 0.186935 0 12.7228 12.0064 4.94964 8.11749 9.5465 3.5613 
35.5278 28.072 2.06693 13.465 2.755 0.0356052 0.955871 4.56207 45.5981 56.685 2.47577 55.3876 80.6252 8.80738 1.68452 9.7519 7.43483 44.5998 0.0404066 2.16378 19.7361 1.08478 0 7.44372 23.1687 2.67382 12.0583 3.83765 
34.1642 61.7503 8.87514 19.4654 10.1116 13.3025 13.5184 13.4115 59.0284 0.992883 103.513 102.381 9.4873 1.02411 0.688221 19.0799 10.4154 5.22714 11.4506 5.57287 37.7268 11.3084 20.5534 0 8.85583 4.71558 14.3491 4.89853 
109.518 103.149 25.8544 103.231 63.4425 106.836 87.6107 66.6573 203.938 41.2221 4.98282 393.743 50.1797 15.6851 31.3442 50.6776 116.525 1.95735 28.9019 0.0367267 15.4193 87.1991 15.9961 61.6849 0 111.202 168.752 30.5946 
17.9884 17.7654 1.41002 16.8577 5.44924 21.5473 95.849 158.743 5.13955 37.464 92.6491 272.648 2.09896 0.0274884 2.82902 23.5814 10.7892 0.460181 17.0494 0.949622 0.57979 0.425981 4.26834 2.03759 36.7219 0 0.717087 62.7312 
12.9263 2.20646 13.1229 27.5907 9.4897 14.0128 43.6964 50.1705 0.419625 0.338559 85.0159 25.1631 7.4626 10.8114 17.2591 11.421 0.898821 1.04361 0.00108932 8.01167 10.3651 12.588 10.543 2.37411 31.8531 34.3559 0 38.7246 
4.54457 3.31573 20.472 17.2632 16.2593 0.992791 57.2452 60.7213 76.6571 48.1344 33.064 12.9756 41.4656 11.9644 19.831 17.9304 1.47508 22.5687 24.075 0.423021 48.1274 5.35785 5.00728 13.4905 37.2902 24.9406 88.3955 0 
