0 229.96 46.3016 506.65 1.06197 185.083 232.928 232.864 235.329 149.885 179.439 84.8621 109.213 0.00328188 48.6444 1.29918 197.991 222.237 107.781 82.0069 186.361 4.32807 46.9583 51.4764 178.245 21.0061 21.4164 50.9608 
509.383 0 455.481 461.884 510.875 405.81 7.04325 283.318 218.737 150.224 54.447 14.5652 88.4329 69.0571 53.4703 10.3815 268.594 440.363 99.9286 1.26262 39.5939 0.000883236 30.8639 56.5763 206.957 35.3835 32.355 56.3347 
61.528 1.22816 0 283.822 118.828 52.8983 217.243 22.7771 218.987 15.669 22.8564 0.336226 72.7504 0.244073 27.4422 0.0131573 32.4384 129.139 0.0938495 9.23262 125.958 5.04698 1.50699 12.2412 27.6995 0.0468885 0.00012305 17.5518 
174.251 463.48 210.248 0 12.4234 215.635 175.649 898.871 289.04 80.5779 74.7258 1.37801 39.6448 0.700376 35.3196 1.51129 185.037 44.5974 0.5339 6.15714 163.798 11.5594 12.1622 4.16118 180.744 43.9941 6.59358 23.9853 
0.154186 504.735 14.9447 24.5167 0 343.315 101.854 26.2136 4.58428 29.8374 115.541 8.57504 1.18241 69.8629 94.987 13.984 31.0336 182.962 146.269 76.7539 56.8341 12.0878 38.5014 45.2483 4.22256 70.5401 49.1396 4.11619 
215.37 259.326 0.111898 199.379 411.34 0 54.1639 16.9587 173.576 548.126 78.9741 50.1404 356.594 3.09588 21.9658 6.69382 194.982 114.771 83.2076 12.9052 54.7392 16.6378 4.76504 4.29428 188.18 10.3648 1.77181 20.1842 
258.365 512.145 143.397 22.3152 272.555 35.264 0 335.824 342.647 91.586 223.038 262.011 45.6659 42.4519 37.6076 99.6505 35.9294 26.7073 0.656415 89.0816 139.377 28.3994 13.1365 62.5646 61.8246 15.0074 25.9736 16.1039 
307.545 36.1539 2.98496 437.924 25.8151 68.9078 63.7725 0 155.274 143.876 340.494 390.104 145.313 64.1668 179.959 13.8854 65.0291 181.375 57.6465 117.386 149.642 44.8279 88.5369 138.718 29.5568 213.412 49.9502 52.8116 
249.774 509.301 234.745 494.51 305.741 173.557 1101.29 165.022 0 232.318 705.034 56.1046 40.3877 70.1441 92.8141 135.786 199.029 120.02 71.5471 84.5879 115.006 40.138 82.1137 85.1826 179.087 5.86296 13.5176 61.5355 
71.4865 157.961 90.2429 69.4802 62.5288 340.195 66.7466 73.7955 296.438 0 232.319 223.891 75.314 83.1322 1.0102 3.27346 0.424469 54.2097 1.434 19.2501 35.0202 16.2772 35.6614 19.8149 16.4099 75.3208 13.6371 45.1196 
37.3418 265.091 1.63897 107.451 7.58146 246.454 152.065 250.468 36.7604 327.359 0 483.788 245.437 85.3725 383.33 59.4128 35.6251 27.5727 23.8861 11 23.8878 4.98166 48.3867 127.113 22.5901 128.786 15.418 10.5096 
0.224838 1.37626 96.2554 166.267 151.754 59.2363 278.113 8.07839 31.9898 19.1773 316.543 0 45.3891 63.1106 56.2431 492.625 0.262774 150.82 36.0612 85.9344 153.976 30.552 109.567 116.384 123.719 262.073 8.33934 47.1658 
17.1765 141.542 30.5691 3.6459 177.736 31.7182 213.155 60.5536 64.1673 135.07 121.013 95.1567 0 123.311 97.7775 0.012842 2.80865 20.1727 21.874 2.88255 11.4649 90.2315 84.8802 53.4636 49.336 1.69405 34.3589 0.156708 
5.05952 54.5457 11.1355 6.30565 7.73444 19.8183 1.76335 0.177828 114.271 82.7364 51.7565 34.5351 128.918 0 8.37298 17.6809 18.9008 51.689 12.0381 2.10457 12.1417 3.24892 6.7601 0.24883 0.165588 5.75129 11.0603 8.31698 
10.2662 69.2188 0.257601 8.72145 94.9808 26.6437 5.74635 6.86438 103.305 130.407 333.243 263.739 111.652 16.2831 0 33.5183 3.59988 68.9554 26.4883 11.1048 31.8899 0.0011221 2.84598 26.4957 22.4546 1.49092 19.2928 8.58289 
61.1619 16.3184 24.6082 15.7615 65.5367 25.2402 85.9501 4.57316 28.8401 23.0012 222.835 301.029 48.549 19.2197 80.8109 0 17.2072 28.0357 29.2922 9.42036 26.2288 0.0046035 3.15039 29.1597 28.092 15.5015 18.8661 15.0116 
186.902 184.753 5.84156 229.413 19.44 174.214 83.5139 47.4446 268.039 28.1405 0.324185 1.05473 42.8603 14.4224 29.669 21.8334 0 273.215 269.14 3.66572 35.22 1.86062 1.02725 5.56843 190.271 0.479362 0.463271 1.0046 
235.459 149.382 17.2681 15.6343 118.28 112.234 20.7687 49.227 87.1883 14.7238 102.155 136.637 2.96674 53.1945 0.318838 9.4135 260.936 0 119.72 87.616 93.0808 35.5585 42.9193 24.7649 58.8635 0.298275 13.0868 35.2681 
109.06 87.0576 52.7882 3.0073 32.8272 13.1851 146.523 113.211 136.711 2.36925 38.7138 78.5826 56.3709 0.123194 23.5273 20.5468 149.798 0.0155804 0 35.4017 71.5077 7.39176 1.31135 7.94607 30.8211 30.0619 19.4588 25.7242 
100.124 106.752 19.7607 44.4632 78.0779 17.8207 48.7562 12.5103 31.1319 27.2638 0.740375 8.25354 3.71822 0.00245412 9.59365 4.16614 34.0209 77.9732 11.458 0 206.017 0.361767 3.83394 4.13013 13.2601 6.4357 9.72915 10.7228 
206.096 32.4362 112.335 201.881 99.5771 18.4964 5.9256 11.1755 152.84 61.8098 36.6943 12.8434 9.35592 10.4673 0.864505 37.1918 66.0673 7.87775 70.2223 19.4251 0 6.77948 26.7793 30.5164 10.7698 1.90068 31.2769 5.62903 
0.0938017 27.5785 0.0131739 2.93326 54.4483 16.4752 20.6092 53.3686 58.0168 59.8514 25.8101 63.1052 88.3616 10.5435 14.7586 11.9398 17.0406 0.305569 5.17738 2.18926 0.206967 0 12.8969 12.1179 5.13024 8.17034 9.48948 3.51476 
35.2755 28.4548 2.14023 13.329 2.9185 0.0243249 1.10181 4.98023 44.6121 56.9612 2.03901 56.9104 81.4369 8.6096 1.44334 9.57992 7.51509 44.5507 0.0310163 2.18458 19.9482 0.965737 0 8.24761 23.1513 2.75574 12.1203 3.77206 
34.5823 61.7019 9.00338 19.6847 10.3911 13.1791 13.0623 12.378 58.1134 0.859635 104.732 105.606 9.99347 0.913029 0.853813 18.2851 10.3223 5.06269 11.3297 5.54849 37.9656 11.4336 20.7262 0 9.5362 4.8906 14.5041 5.00861 
181.099 174.235 26.0048 174.309 63.6625 177.871 87.9637 69.672 274.02 41.8702 5.65577 737.953 49.9333 15.6061 31.3687 47.1715 187.866 2.0884 28.8205 0.046423 15.779 82.2499 16.2352 62.1684 0 111.712 148.453 14.1176 
17.3693 17.1629 1.28086 17.4135 5.73602 21.3272 96.2328 163.188 5.8222 36.6728 95.0466 259.496 1.94383 0.0160359 3.08564 22.9955 10.9253 0.532536 16.8755 0.904799 0.493914 0.402379 4.36024 1.91271 36.7033 0 0.869161 62.2962 
13.1769 2.09114 13.2336 27.5885 9.30067 13.9076 43.3685 49.3347 0.346985 0.292515 84.8692 26.1514 7.61455 10.7824 17.1639 11.2698 0.866265 1.10497 0.00281046 8.05723 10.5476 12.6056 10.6264 2.25789 31.354 34.0363 0 35.9678 
4.76785 3.50726 20.5622 16.9794 16.5605 1.05839 56.7836 62.2686 77.3601 47.8195 32.1249 14.3843 41.6047 11.961 19.676 17.7196 1.42593 22.3018 24.1511 0.399507 48.2654 5.40712 5.07501 13.5477 37.6284 23.3286 89.5317 0 
