0 833.186 146.116 632.447 44.7962 378.213 150.124 125.179 518.367 127.256 194.131 32.4748 106.84 1.06218 36.3923 0.537082 421.146 235.641 116.122 205.832 237.445 7.18922 45.6469 44.9042 378.655 9.0025 27.4348 43.6499 
956.399 0 224.071 501.621 423.667 589.063 140.89 221.162 586.584 218.476 7.54797 0.0160045 117.245 71.3061 33.1234 2.1559 506.084 290.463 143.661 7.65448 79.1328 0.76312 38.6799 50.387 424.73 50.8422 26.1573 61.3809 
161.633 359.447 0 8.0439 45.9456 66.4329 243.125 10.5956 473.096 0.597377 109.306 25.1609 72.6032 1.79105 19.0207 1.21102 42.7889 160.545 4.10508 16.4758 122.065 3.69719 3.07743 9.77432 25.0125 1.95626 0.331584 14.3552 
517.705 504.562 210.373 0 0.245159 398.904 104.38 566.2 381.016 54.5783 19.8568 30.7764 27.0246 2.89594 28.3485 0.463158 382.797 12.9789 0.642547 0.0921227 426.16 9.83121 9.10506 8.54671 394.113 43.7184 3.61362 18.2969 
37.2716 208.913 2.50668 70.3992 0 430.534 328.004 2.2539 27.8382 164.073 46.5395 30.0569 5.30134 65.9806 89.8935 5.40777 6.76259 117.352 274.402 57.9842 79.827 6.66422 45.3207 50.6222 10.0989 69.9476 48.7797 1.2649 
389.725 572.041 12.7215 385.862 485.448 0 1183.42 78.8932 630.179 629.509 2.77901 16.2736 103.334 7.14261 33.1134 12.5001 410.513 123.896 90.4412 17.4776 41.908 13.8756 2.47967 2.08331 387.881 15.818 3.34315 21.9536 
195.94 407.592 26.0161 0.649963 430.102 869.381 0 410.132 1081.93 429.317 18.9998 192.837 5.63703 65.1759 80.9043 103.583 18.8647 83.1957 16.0506 94.6848 124.966 19.6783 24.3739 52.9111 77.0849 3.08493 18.6098 26.5743 
258.838 118.292 38.8157 217.536 70.3534 11.7301 1.1697 0 17.5357 196.263 225.155 138.819 148.012 33.6529 141.884 17.2904 51.0858 175.735 76.6852 112.382 100.413 52.377 99.2213 129.312 0.674349 129.454 67.1668 85.1241 
395.134 539.224 1.35788 666.168 355.419 626.795 112.19 14.0664 0 371.635 493.517 203.1 88.7304 105.534 129.819 152.04 420.358 170.242 105.182 99.005 151.714 31.0471 63.4445 96.1255 401.025 28.7666 6.34281 77.5869 
108.09 75.9489 111.069 92.3792 211.479 377.892 61.7025 23.5361 116.643 0 4.85 246.733 0.933653 72.5751 10.7691 0.682742 0.750279 27.1046 2.23059 10.9118 21.5403 7.7487 46.7184 30.9969 29.1399 75.6633 19.2922 37.1221 
77.4116 256.879 57.0971 169.143 52.1186 267.806 401.131 112.475 635.962 2.84275 0 483.531 194.77 14.2207 122.8 155.584 48.5342 55.2327 8.57466 3.44805 45.7898 0.902348 18.3031 111.684 55.2666 80.6857 6.90049 26.2655 
19.9737 23.2261 153.767 247.506 172.361 101.725 276.81 840.434 5.904 76.8359 69.2349 0 76.1242 117.038 185.695 208.261 2.80661 142.436 23.0224 94.3454 166.708 41.44 125.026 171.052 14.4434 395.037 0.376677 9.15619 
6.24013 148.672 17.1538 11.0612 161.045 121.516 172.492 34.9871 22.2457 6.67297 46.6755 124.404 0 48.0332 61.087 4.82183 0.440671 9.24164 10.7086 6.24988 18.7238 85.8521 65.1953 64.4359 53.7327 0.0199129 36.7164 0.178695 
10.6247 63.7851 7.64089 2.90896 1.90276 16.165 1.0243 5.6703 139.254 82.3565 1.77147 86.3361 155.544 0 20.5304 9.24736 17.1417 48.2571 15.5539 2.6699 17.3651 1.29958 0.696568 2.76215 1.59054 2.98009 10.453 6.45292 
20.4229 49.3043 4.1695 17.122 91.9166 36.6266 1.77 3.73727 25.686 127.403 58.1142 249.132 118.582 61.8686 0 87.9131 6.13205 67.8204 20.9864 11.646 39.8795 0.533425 0.138147 27.6046 14.7743 7.5735 17.9127 4.58074 
73.3422 31.1735 24.3389 28.1596 72.3479 20.9316 100.236 32.439 3.88303 47.2863 211.984 1.17807 67.9863 15.9525 3.48791 0 19.8216 19.4327 30.4175 8.73248 16.5291 0.417615 7.32622 18.2209 18.4471 3.75607 18.2156 9.71812 
381.378 416.373 0.926438 435.513 51.6495 383.18 98.3171 61.5211 457.254 41.8128 0.582276 4.75404 50.2234 16.5061 30.1103 23.744 0 269.674 589.352 1.24212 26.9313 0.963293 1.94006 7.36959 397.578 0.0184477 1.09309 0.320653 
222.876 61.4409 64.2844 48.7654 183.733 88.3616 0.0163422 84.4486 39.2691 37.6781 69.6456 118 0.0285887 53.4549 3.28686 16.5907 144.435 0 85.4799 83.8691 74.2224 32.3244 44.5314 30.2995 56.1669 0.287767 9.44208 29.8446 
116.43 40.4362 59.9376 0.045631 165.094 0.697419 157.564 116.586 152.471 17.1377 19.1635 89.1569 42.1893 1.03475 28.8036 16.6956 20.1355 8.36766 0 32.6902 67.9377 5.14588 0.398411 10.4133 30.7549 30.6517 21.0096 26.5408 
207.807 136.775 25.2678 32.6696 59.6382 21.4952 68.7485 1.42482 13.8891 17.9983 0.435091 20.5816 7.39845 0.0943541 10.6757 5.64409 33.069 64.3735 6.67767 0 0.819074 0.149585 3.57456 4.833 13.7591 4.68017 8.96159 11.256 
243.007 70.3214 80.9618 235.028 78.0298 8.5192 0.0246429 0.0231161 116.412 46.9023 61.096 1.12761 4.23169 6.166 0.0224484 46.8452 68.1571 20.4874 72.4937 109.887 0 4.71662 22.4527 24.4519 5.04107 0.0220549 35.1692 10.0608 
0.904935 33.5462 0.263633 1.7035 56.5958 18.6723 29.3938 59.5425 64.0169 55.0402 37.1063 70.3314 89.1874 9.18795 16.6591 11.753 18.392 0.0053042 3.24515 2.72718 0.858829 0 15.1579 13.7997 9.27412 9.18682 8.22825 2.57913 
29.6231 36.3927 3.88371 10.3332 7.32937 0.281182 6.43146 17.4702 25.0332 60.4701 2.70377 88.4112 91.093 2.34439 0.765282 5.44349 9.22622 42.9577 0.120255 2.61504 24.3684 0.0810709 0 20.8114 20.622 4.61488 13.1227 2.46612 
42.9402 59.2975 11.5695 23.6678 16.8648 10.4016 5.06828 0.159165 38.7491 0.287435 124.098 164.357 22.7696 0.0755117 7.79113 2.86725 8.38183 2.17502 8.82395 4.96837 42.4486 13.4694 11.1751 0 28.5917 8.8431 17.2954 7.40784 
395.352 378.65 28.0873 378.638 66.9259 379.603 91.8461 134.547 451.985 54.6767 28.374 983.79 43.8012 13.3034 29.8222 29.9872 395.279 5.74921 26.7757 0.507082 23.8467 90.3455 21.5608 23.1448 0 118.52 138.876 85.1218 
6.48765 6.56662 0.00341816 29.2592 13.1908 16.2247 99.3166 228.775 28.6841 20.7219 140.087 16.4266 0.0553634 0.478972 10.3731 9.83112 13.8274 3.23346 13.2121 0.205625 0.284142 0.0602347 6.30619 0.173517 33.8235 0 7.07436 37.615 
18.7514 0.374432 15.4128 26.9764 5.69484 11.6081 36.1203 32.1933 0.417628 0.104056 79.885 49.4138 11.0495 9.99955 14.866 8.04597 0.318441 2.77883 0.223263 8.95712 14.6048 12.8256 12.1499 0.456846 19.4601 25.0576 0 0.120449 
10.5128 8.6379 21.9143 11.1178 23.1977 2.87373 46.2125 94.1726 90.0263 40.3481 14.7282 56.7644 43.9019 11.5688 15.8882 12.7336 0.579468 16.8286 25.523 0.0592841 50.4384 6.4323 6.47863 14.355 41.4626 0.661195 75.9033 0 
