0 866.411 169.745 522.005 65.0224 331.596 125.242 97.1231 492.292 119.25 194.714 22.0883 105.246 1.72331 33.1106 1.49175 378.967 231.558 116.7 209.508 242.597 8.03311 45.0501 42.9033 330.909 6.57493 29.008 41.5272 
871.475 0 106.806 408.072 340.998 520.063 227.051 198.305 587.448 229.844 2.18003 0.723596 123.717 71.1767 28.1035 0.993463 465.465 632.578 152.577 14.0862 90.2547 1.19475 40.6184 48.4608 380.716 54.7695 24.5307 62.3461 
182.68 444.595 0 16.7739 30.133 66.5342 227.612 28.1706 448.324 0.00736779 136.131 37.2847 71.6351 2.40553 16.6137 1.99011 45.1675 162.95 6.06842 18.3327 117.47 3.36285 3.55312 9.07703 23.9974 2.88552 0.522076 13.4479 
536.305 410.676 138.669 0 2.42214 346.469 83.4861 885.187 331.638 47.4353 10.6139 51.7186 23.848 3.68522 26.1569 1.38723 334.084 7.50301 1.44064 0.0791688 322.002 9.36468 8.30201 9.84515 349.303 42.605 2.9569 16.7383 
56.273 123.537 9.02531 83.9904 0 354.182 376.517 0.279735 50.8132 205.042 32.2991 37.4408 10.0777 64.3315 87.2818 3.76989 3.19258 99.2242 292.264 52.5787 85.683 5.47211 46.9076 51.7749 11.9856 69.2179 48.5156 0.782382 
337.225 545.244 18.7953 335.252 856.57 0 1009.95 99.1617 679.054 977.942 0.122401 10.0986 521.53 8.36197 35.5142 14.1091 365.962 123.726 89.632 18.5681 38.4179 13.0832 1.9802 1.61701 339.279 17.2317 3.82099 22.2761 
172.902 324.538 8.86162 5.14936 435.162 617.477 0 402.426 621.049 485.404 1.53775 170.065 1.36873 70.7066 92.3254 102.626 15.094 100.797 23.1093 94.6752 119.816 17.5254 27.6287 50.0021 80.3803 1.39996 16.7857 29.5285 
235.6 143.428 66.3419 187.369 84.1944 4.17943 12.2341 0 73.0881 206.203 188.384 375.226 147.031 26.5861 127.39 37.6198 47.3718 171.885 81.4209 109.26 87.1705 54.1781 100.76 123.808 0.181436 103.142 71.419 93.2236 
338.79 445.804 34.2294 582.961 350.554 676.047 516.512 66.1079 0 384.739 1263.07 245.704 102.554 114.544 159.982 152.235 377.677 181.46 113.363 101.638 159.743 28.6851 58.0843 97.8977 359.737 36.9828 4.86766 81.2934 
116.89 56.4509 113.429 96.922 249.45 251.945 137.157 14.4123 74.4893 0 48.8702 245.103 12.7151 68.1621 18.9435 2.29319 1.59122 21.1583 4.79706 9.0154 18.3873 5.95248 49.26 33.9733 32.7165 74.5705 20.8351 34.8595 
88.9554 247.171 81.336 181.419 68.9302 254.404 446.989 80.1959 848.435 10.1564 0 440.1 175.969 4.77382 57.984 178.614 51.9461 63.3824 5.74111 2.14549 52.2281 0.371645 12.3808 105.493 64.9863 67.4836 5.17817 31.2318 
29.9622 32.8761 165.452 256.769 175.673 112.278 267.232 999.939 20.574 95.8877 28.6202 0 84.4735 129.665 216.986 97.0699 3.90541 138.925 19.9345 95.5691 167.969 44.2857 126.591 179.638 67.5752 365.037 9.00029e-05 3.82092 
4.21687 148.357 14.0594 13.5557 153.366 128.102 157.002 29.0476 14.3862 0.000919251 31.4433 131.065 0 30.204 50.6654 7.74672 0.157072 7.00638 8.33792 7.31018 20.8306 82.7518 58.583 66.4583 54.5121 0.0270816 37.2178 0.405223 
12.342 65.676 6.72104 2.20116 1.00753 15.0074 2.62714 9.59571 142.508 80.2495 0.0830754 100.647 149.864 0 36.3589 6.71183 16.635 47.1012 16.4645 2.81676 18.7987 0.913076 0.0673714 3.73447 2.18115 2.35321 10.2389 5.94864 
23.4484 43.91 5.87392 19.4878 89.7917 38.5124 5.28997 9.67544 12.8888 120.73 14.9838 225.168 116.054 59.133 0 75.0427 6.87916 67.0072 19.5011 11.7207 41.854 0.860078 0.837052 26.5918 12.7203 9.72419 17.4308 3.68341 
75.6551 35.4508 23.7844 31.202 73.4578 19.5207 102.223 57.6721 1.0836 53.8863 196.008 42.0598 72.1689 13.7891 0.533055 0 20.457 17.3074 30.5478 8.48895 14.2122 0.632574 8.41721 13.7103 15.6738 1.81015 17.8698 8.34495 
332.464 377.926 0.328101 387.926 61.5358 337.54 101.323 65.0986 405.382 45.4604 1.23367 6.13823 51.9792 17.017 30.0945 24.162 0 248.8 539.066 0.810996 24.8122 0.774333 2.22147 7.86184 350.866 0.000109211 1.29982 0.203559 
212.402 90.2178 78.9909 59.1934 197.964 80.7215 1.10205 94.086 29.0755 44.8971 61.3216 112.223 0.0575191 53.2165 4.55466 18.6908 109.057 0 75.7334 81.7621 68.978 31.404 44.776 31.707 55.1701 0.670963 8.55824 28.3795 
116.738 30.0873 60.9092 0.035458 203.195 0.00631157 157 116.416 154.283 22.912 14.9575 91.4325 38.4203 1.41468 30.0668 15.661 5.05018 13.4033 0 31.7468 66.6415 4.60684 0.24513 11.0757 30.6106 30.6619 21.3752 26.672 
220.099 140.374 26.2321 28.771 54.2681 22.2421 73.4571 0.319721 10.3258 15.7208 1.11612 24.4983 8.52885 0.13994 10.9052 6.02435 32.6014 60.1541 5.58692 0 10.045 0.108889 3.4948 5.00252 13.8088 4.2335 8.73748 11.3481 
243.713 81.3273 71.2263 212.025 72.0321 6.45507 0.196937 1.15449 105.838 42.9841 67.8879 0.152474 3.20201 5.19543 0.187449 49.1431 68.3751 24.5856 72.6927 183.299 0 4.22738 21.2912 22.8421 3.86263 0.0307938 36.1055 11.3837 
1.25181 35.0521 0.380684 1.42993 56.8509 19.1214 31.7523 60.9048 65.2773 53.2361 40.1379 71.8143 87.3553 8.69519 16.991 11.5943 18.7096 0.0560769 2.8021 2.87105 1.10118 0 15.2441 14.0061 10.4139 9.41948 7.88197 2.34979 
28.0581 38.3938 4.39109 9.5259 8.76749 0.501652 8.49037 21.7579 20.4944 60.6295 5.94633 95.9283 91.0648 0.995705 1.98301 4.33948 9.67852 42.3694 0.233581 2.7244 25.4996 0.380955 0 20.329 19.3521 5.1265 13.2836 2.15389 
44.9394 58.2463 12.1794 24.4715 18.7166 9.63736 3.54078 0.186708 33.8429 0.843353 126.863 174.71 26.6132 0.357352 10.3977 0.771239 7.88303 1.60799 8.18665 4.79742 43.4334 13.784 6.69493 0 33.7781 9.89777 17.8502 8.04405 
350.958 331.938 28.2703 331.936 67.3338 331.716 91.7109 149.837 397.057 57.6415 36.579 999.358 41.9335 12.5287 28.7993 54.2158 348.61 6.97719 26.1421 0.706269 26.0734 69.5296 22.9056 9.66747 0 57.3843 123.698 89.7071 
4.42588 4.54419 0.138549 32.1692 15.5407 14.7948 98.518 233.859 36.8927 16.972 149.015 0.0594393 0.00495068 0.814111 12.6915 6.76049 14.5918 4.29809 12.2643 0.103073 0.73239 0.0203821 6.80109 0.0246533 32.3695 0 9.48694 28.5161 
20.2873 0.153413 15.9266 26.6414 4.8762 10.9866 34.1409 27.9842 0.938336 0.300772 78.0127 56 12.0157 9.74405 14.1846 7.2132 0.218717 3.33447 0.338644 9.17235 15.7261 12.8355 12.4655 0.205976 16.2253 22.2206 0 1.57159 
12.3153 10.3024 22.0871 9.6684 25.0052 3.476 43.2438 101.81 92.5689 38.1733 11.0963 70.6627 44.2972 11.3681 14.7694 11.332 0.418229 15.4551 25.807 0.0198702 50.77 6.695 6.83243 14.4357 41.3031 0.109393 62.5377 0 
