0 580.981 191.541 117.74 91.276 5.48101 97.0155 67.4167 186.878 109.248 193.653 12.3981 102.935 2.67372 29.3617 3.16573 56.0573 223.084 116.509 244.472 243.697 9.04778 44.2387 40.4865 1.92634 4.21664 30.8032 39.0052 
450.21 0 17.1011 36.058 235.26 160.721 330.886 170.15 310.187 238.511 7.97583e-06 3.88514 130.408 70.6567 22.6395 0.202927 143.037 134.837 161.006 23.5635 103.037 1.80765 42.7683 46.1129 55.5356 59.1363 22.6703 63.2603 
200.443 471.867 0 120.524 15.4532 64.7552 200.057 57.1798 371.082 1.1526 165.983 53.3428 70.0609 3.20371 13.8551 3.09998 47.6683 162.394 8.74151 20.3607 110.559 2.99063 4.12567 8.26175 22.6938 4.14759 0.792922 12.383 
276.87 37.9533 14.8592 0 7.64241 12.343 60.4366 1001.75 16.5417 39.3516 3.4155 80.5225 20.3222 4.68701 23.5199 3.03338 3.86734 2.98105 2.74056 0.906585 739.791 8.82387 7.38975 11.3847 23.3632 40.8279 2.27352 14.9423 
81.4978 47.0358 21.1462 99.5462 0 227.23 416.212 0.352084 83.9857 249.112 18.7593 46.6578 17.3137 62.1372 83.6844 2.23387 0.70588 78.9231 300.945 46.2759 92.2187 4.23115 48.611 52.9561 14.3114 68.0917 48.1258 0.368299 
4.17443 232.342 26.6019 3.62438 554.621 0 2.85638 122.83 435.73 830.254 7.09715 4.7193 651.331 9.80886 37.8699 15.9528 40.1809 122.192 87.3132 19.7397 34.4024 12.1478 1.46627 1.14702 8.97847 18.8145 4.40098 22.5697 
144.758 220.577 0.214116 15.3902 419.158 200.254 0 379.573 129.449 508.793 5.65763 142.93 0.0511063 76.641 104.753 100.519 11.1998 121.519 32.5089 93.8913 113.296 15.1442 31.468 46.5127 83.7232 0.26867 14.759 32.9904 
205.273 172.458 103.703 143.791 100.693 0.186775 38.631 0 175.287 215.113 146.077 692.397 145.047 19.2379 109.394 68.5427 43.1137 166.321 86.6552 104.821 72.2759 56.1418 101.83 116.136 3.44891 73.799 76.0935 102.041 
3.59995 70.2766 118.526 204.415 335.736 433.806 1059 165.336 0 384.59 1082.72 292.177 118.46 124.323 260.094 150.295 54.2186 192.901 122.184 104.001 167.894 26.0021 51.8175 99.3227 38.403 47.2306 3.39731 85.2239 
126.27 36.654 114.348 101.185 286.706 97.7921 244.005 6.53497 35.5523 0 147.693 239.278 41.7901 62.4315 30.613 5.27425 2.93645 15.0896 8.8883 7.0175 15.0009 4.15036 51.9348 37.3538 36.8712 72.7284 22.6274 32.2041 
102.387 232.567 111.573 192.548 90.0445 230.396 479.262 48.2698 888.383 74.4968 0 373.632 152.668 0.106551 10.7381 200.952 55.8481 73.0365 3.1556 1.01993 59.8723 0.0469594 6.88003 97.4972 76.3493 52.7973 3.48451 37.2586 
43.5165 45.6453 176.219 259.692 178.309 123.601 251.936 1009.07 47.5531 118.686 3.26958 0 94.0183 142.462 246.208 14.8928 5.38279 134.268 16.5907 96.4409 168.305 47.5202 127.019 185.653 75.7999 301.131 0.470661 0.497484 
2.36196 146.863 10.7963 16.6638 143.12 114.205 137.618 22.7416 7.3346 9.21555 17.2188 138.034 0 13.8837 39.0257 11.8632 0.00769965 4.7928 5.94124 8.61144 23.3427 78.2983 50.5917 68.2756 55.2045 0.266436 37.7316 0.777924 
14.4286 67.5387 5.68758 1.49751 0.323439 13.6079 5.35402 15.2563 144.333 76.8686 4.61014 116.456 137.177 0 52.5873 4.0627 16.0315 45.6505 17.4974 2.98386 20.4686 0.54628 0.170306 4.92541 2.95649 1.70532 9.96635 5.36853 
27.0595 37.7713 8.11107 22.2141 86.7173 40.1926 11.5385 19.6767 3.65847 110.5 0.385805 190.316 111.011 46.9695 0 49.5105 7.77611 65.8158 17.7895 11.7712 44.0396 1.32625 2.33046 24.8188 10.4215 12.3683 16.8207 2.75123 
77.7917 40.4645 22.9142 34.4194 74.3626 17.7966 103.511 92.5703 0.00133957 61.2699 172.444 148.767 76.3237 10.9465 13.2556 0 21.158 14.9559 30.6113 8.17952 11.7026 0.931479 9.58258 8.65439 12.5591 0.414727 17.3873 6.8224 
2.36696 59.8579 0.0149208 58.4293 73.2484 10.8607 104.264 69.1126 71.0988 49.6275 2.27779 7.9323 53.8925 17.5837 30.0086 24.5973 0 216.859 221.44 0.425997 22.4201 0.581451 2.5658 8.43639 22.6591 0.0319956 1.55856 0.101344 
197.219 80.4021 96.0005 71.5605 211.96 71.5254 5.74896 105.13 18.9921 53.6259 52.042 105.219 0.504412 52.7863 6.24896 21.194 71.0864 0 64.5087 78.8069 62.876 30.312 44.964 33.2933 53.8829 1.30712 7.58223 26.6814 
116.236 19.7277 61.5239 0.423062 242.518 0.625827 154.554 115.677 155.098 30.3317 10.6865 93.7655 34.1244 1.92094 31.4412 14.4679 8.06744 20.4886 0 30.5541 64.9767 4.01535 0.114182 11.8418 30.38 30.5988 21.7736 26.7796 
222.225 141.972 27.044 24.1244 47.9783 22.9705 78.4491 0.0256619 6.81804 13.2196 2.28308 29.2775 9.90395 0.203123 11.1388 6.45265 31.9561 55.0701 4.43163 0 58.5487 0.069904 3.39746 5.18848 13.8235 3.73242 8.46896 11.4287 
239.659 94.1483 59.7994 160.04 65.066 4.40548 1.28619 4.54092 93.4694 38.5257 75.7754 0.147342 2.18755 4.16856 0.574918 51.6276 68.4536 29.6433 72.7147 262.732 0 3.69254 19.9485 20.9953 2.68861 0.300482 37.1344 12.9777 
1.71821 36.7427 0.541038 1.1421 56.9828 19.5657 34.4655 62.3273 66.5534 50.9145 43.6223 73.2891 84.2518 8.07254 17.2792 11.3575 19.0551 0.180991 2.3276 3.03753 1.41604 0 15.0666 14.1132 11.7195 9.66779 7.47763 2.0953 
26.2302 40.6306 4.99246 8.5983 10.5511 0.830825 11.1613 27.1048 15.7035 60.4126 11.1428 103.87 89.676 0.116531 4.00522 3.14766 10.199 41.6085 0.409616 2.84776 26.779 0.98859 0 17.4898 17.6479 5.71619 13.4135 1.81395 
47.1107 56.833 12.8369 25.2512 20.9071 8.75193 2.10674 1.92137 28.4052 1.83774 128.713 182.976 31.1745 0.925314 13.5709 0.00727607 7.31647 1.05797 7.46739 4.59246 44.4587 14.0197 2.4566 0 39.0261 11.0801 18.3827 8.76853 
25.6224 4.11757 28.2868 4.1346 67.5664 2.31935 90.9578 165.305 59.3791 60.778 46.8427 1180.62 39.6759 11.5711 27.3403 52.7477 20.4606 8.517 25.3671 0.973837 28.6661 20.0495 24.3306 2.91497 0 50.2827 114.673 10.8635 
2.51693 2.65486 0.535525 35.2758 18.4132 13.1375 96.7842 232.415 47.1339 12.9978 157.204 17.179 0.178198 1.30029 15.4401 3.78877 15.4682 5.6953 11.188 0.0282258 1.50224 0.000594196 7.35138 0.0203281 30.4133 0 12.5407 18.4199 
22.0807 0.0189522 16.4831 26.1696 4.00431 10.2669 31.8411 23.3704 1.79124 0.652455 75.5911 63.645 13.1557 9.42662 13.3687 6.27696 0.126846 4.03153 0.500667 9.40826 17.0398 12.822 12.7804 0.0386999 12.7338 18.8635 0 9.30978 
14.5197 12.3633 22.1889 8.07612 27.104 4.2266 39.7717 109.925 95.0397 35.5918 7.49076 87.2269 44.6419 11.0896 13.4432 9.72057 0.264603 13.9157 26.0934 0.000517935 51.0256 6.99282 7.22798 14.4592 40.5077 2.68348 45.066 0 
