0 799.351 201.815 296.408 109.723 231.528 79.2891 50.0447 424.48 102.305 191.953 7.46686 101.148 3.40584 26.9321 4.5906 283.106 215.443 115.885 269.604 241.573 9.73854 43.6346 38.8403 225.212 2.93573 31.9705 37.3094 
592.717 0 0.034967 239.38 167.306 361.772 394.396 151.063 563.214 241.452 0.937455 7.30342 134.316 70.1005 19.2711 0.00811959 369.603 724.562 165.364 30.8384 111.312 2.27709 44.1275 44.5012 281.016 61.8929 21.4577 63.7436 
207.609 443.226 0 206.509 8.2546 62.5253 177.54 80.2535 300.438 2.95495 184.115 64.8391 68.7671 3.77578 12.0818 3.94325 49.1576 160.094 10.719 21.6065 105.167 2.754 4.51423 7.72225 21.7664 5.07903 1.00044 11.6751 
535.672 240.665 157.55 0 12.5756 232.487 46.4617 1005.14 257.539 34.2039 0.827296 101.353 18.0979 5.39458 21.7423 4.43309 226.277 1.10892 3.81006 1.9292 205.209 8.46701 6.80069 12.4136 248.426 39.3909 1.86874 13.7696 
99.5117 15.1805 31.4961 109.463 0 176.294 430.87 1.76958 108.865 274.631 11.7153 53.0769 23.0106 60.5321 80.9993 1.43567 0.0459456 66.1974 299.331 42.1344 96.3635 3.49507 49.6538 53.6444 15.9232 67.1886 47.8199 0.179553 
225.668 460.869 31.9938 225.599 1000.3 0 658.516 138.063 690.957 903.181 17.311 2.25771 299.437 10.7738 39.1487 17.1449 265.275 120.416 85.0126 20.4539 31.7826 11.5228 1.1664 0.879024 231.212 19.8191 4.79857 22.7166 
125.891 154.815 1.4444 24.823 396.62 51.8537 0 357.15 1.20725 497.874 22.3761 125.004 1.3091 80.2353 112.302 98.5656 8.92086 135.12 39.3286 92.9306 108.703 13.6428 34.0268 44.1525 85.6372 0.00631475 13.4741 35.2886 
183.897 191.082 130.12 58.7347 111.703 0.400151 63.0704 0 257.402 219.375 119.268 871.195 143.253 14.9421 97.1311 92.0314 40.3377 162.038 89.947 101.444 62.8324 57.3641 102.117 110.403 7.77794 55.9581 79.0157 107.457 
225.062 268.102 191.656 392.382 320.985 690.01 1273.15 246.348 0 375.569 1002.47 319.954 128.741 130.259 229.009 147.781 280.936 199.451 127.565 105.148 172.552 24.2662 47.683 99.8916 266.78 54.3154 2.56807 87.592 
131.911 25.5775 113.887 103.378 306.026 30.2468 316.684 2.99258 17.0903 0 231.63 233.231 68.552 58.353 39.337 7.85591 4.03528 11.5963 12.2033 5.82109 12.9287 3.12988 53.5301 39.5305 39.5999 71.1901 23.8111 30.4388 
111.188 221.177 131.915 197.906 104.661 210.447 486.857 31.0932 854.463 143.63 0 323.28 136.767 0.811976 0.102563 212.495 58.3873 79.4867 1.86499 0.503048 64.9968 0.00177334 4.09709 91.8144 83.7979 43.6657 2.54578 41.3651 
53.4694 54.8811 181.534 256.994 179.336 130.427 239.635 909.738 70.4606 133.824 0.304553 0 100.192 149.627 260.237 0.0807703 6.47469 130.867 14.5261 96.6956 167.873 49.6123 126.492 187.213 29.7196 247.503 1.30502 0.0145837 
1.42748 145.23 8.84583 18.8306 135.67 110.367 124.279 18.9409 3.94148 24.7263 10.0403 142.163 0 6.31 31.7969 14.9645 0.0133076 3.55525 4.57046 9.51084 25.0398 74.904 45.2312 69.158 55.5378 0.557873 38.0317 1.0875 
15.8572 68.5709 5.03046 1.1037 0.0792826 12.66 7.63698 19.5873 144.387 74.1281 11.2418 126.174 125.766 0 59.4501 2.59338 15.6237 44.6306 18.1652 3.09223 21.5739 0.353781 0.716309 5.72107 3.51623 1.32791 9.77259 4.98967 
29.491 33.8219 9.71582 23.985 84.3507 40.9879 16.8299 27.9173 1.05604 102.52 12.77 164.571 106.54 35.5908 0 31.0196 8.38564 64.8878 16.6691 11.7834 45.4187 1.6829 3.67292 23.3399 8.97221 14.167 16.3891 2.20277 
78.874 43.7822 22.2152 36.323 74.7352 16.6188 103.761 117.533 0.556257 65.9068 154.661 238.592 78.6259 8.99349 28.8824 0 21.5998 13.4732 30.6023 7.96023 10.1551 1.15668 10.2727 5.70489 10.6146 0.0311231 17.023 5.86904 
225.062 290.332 0.0305136 280.973 81.0199 235.578 105.879 71.6782 290.6 52.3307 3.1332 9.22477 55.0827 17.9428 29.9127 24.856 0 192.411 345.356 0.239052 20.8805 0.4692 2.80372 8.81806 246.212 0.0838602 1.74058 0.0532823 
185.654 94.3889 106.893 79.7414 219.567 65.341 10.7249 112.289 13.4271 59.548 46.1723 100.439 1.03823 52.4135 7.49399 22.8816 49.1539 0 57.2388 76.5742 58.8523 29.5765 45.0325 34.3131 52.9581 1.83744 6.96599 25.5613 
115.409 13.9626 61.6287 0.908903 264.101 1.85132 151.923 114.876 154.885 35.5902 8.23505 95.1246 31.3443 2.2928 32.2937 13.6854 20.0321 25.8287 0 29.7122 63.7855 3.64434 0.0548856 12.3464 30.1911 30.5139 22.0219 26.8249 
216.457 141.506 27.394 21.0558 43.829 23.3682 81.4419 0.406256 4.88199 11.6569 3.26912 32.5521 10.8477 0.250783 11.2739 6.72715 31.4715 51.6286 3.73495 0 106.933 0.048903 3.33039 5.30497 13.8082 3.41235 8.28663 11.4667 
234.224 102.548 52.3253 144.897 60.4841 3.25833 2.51652 7.95263 85.319 35.6409 80.9633 0.796885 1.62251 3.54865 0.943831 53.1568 68.4044 33.1456 72.6082 302.306 0 3.35797 19.0651 19.7893 2.02711 0.62845 37.7806 14.0638 
2.06331 37.8255 0.661119 0.969145 56.9746 19.8136 36.2396 63.1741 67.2869 49.2568 45.8983 74.1185 81.6656 7.63588 17.4124 11.1714 19.2701 0.301776 2.03712 3.14731 1.64374 0 14.7912 14.1064 12.565 9.8191 7.20914 1.93389 
25.0178 42.0556 5.39537 7.9931 11.7933 1.0898 13.0797 30.825 12.8394 60.0375 15.3546 108.593 87.9898 0.0102389 5.64011 2.43394 10.5406 41.0607 0.551677 2.92718 27.6045 1.53092 0 14.602 16.4121 6.101 13.466 1.60284 
48.454 55.7899 13.24 25.674 22.3755 8.17024 1.36004 4.03686 24.9861 2.69297 129.133 186.095 34.218 1.42731 15.6829 0.517862 6.94909 0.757457 7.00414 4.45338 45.0668 14.0987 0.702232 0 41.8494 11.8276 18.6677 9.23696 
251.164 228.146 28.1841 228.176 67.58 225.189 90.1183 173.929 276.771 62.6599 53.9572 1183.1 38.1368 10.9102 26.2317 35.5839 244.056 9.59927 24.8324 1.17137 30.3793 25.7696 25.1676 4.6297 0 104.663 186.414 102.03 
1.54502 1.67956 0.934266 37.1391 20.3883 12.0516 95.1822 227.235 54.2156 10.6158 161.241 48.0934 0.426551 1.6745 17.2544 2.24825 16.041 6.7101 10.4913 0.00450546 2.15374 0.00286552 7.69873 0.115166 28.9907 0 14.6667 12.5065 
23.271 0.000873664 16.8271 25.8107 3.47355 9.79274 30.3222 20.4944 2.49753 0.956001 73.8519 68.6541 13.9196 9.20514 12.8167 5.67885 0.0799052 4.52242 0.624084 9.5561 17.9148 12.7988 12.9579 0.000736643 10.6783 16.6506 0 17.4462 
16.0375 13.7967 22.1987 7.08191 28.4898 4.75114 37.4705 114.788 96.3854 33.8587 5.47873 98.1795 44.8032 10.88 12.5567 8.67682 0.182451 12.9308 26.2576 0.00302941 51.1196 7.18551 7.48 14.434 39.6453 6.13073 33.522 0 
