0 902.658 204.622 393.878 116.506 344.349 73.1552 44.2993 541.017 99.7499 191.149 5.98608 100.455 3.68963 26.0673 5.16415 396.077 212.316 115.564 274.998 240.261 9.99144 43.4038 38.2383 336.879 2.5291 32.3874 36.6931 
673.083 0 3.0636 345.779 144.284 465.183 415.278 144.158 684.516 241.959 1.73454 8.78693 135.621 69.8594 18.1081 0.00157544 482.241 84.981 166.688 33.6313 114.248 2.45874 44.6051 43.9092 393.41 62.8592 21.0239 63.8943 
209.236 424.537 0 233.722 6.18708 61.5291 168.807 89.1388 272.872 3.80199 190.226 69.1124 68.253 3.98987 11.4563 4.26699 49.6612 158.899 11.4698 22.0344 103.079 2.67054 4.65605 7.52804 21.4203 5.43229 1.08071 11.4195 
657.374 346.824 195.53 0 14.6255 343.081 41.7438 851.228 377.075 32.3966 0.325451 109.082 17.3182 5.65784 21.0974 4.99436 337.617 0.655561 4.23527 2.38676 752.466 8.33849 6.59135 12.7857 360.685 38.8252 1.73203 13.3506 
106.188 7.89879 35.6248 112.934 0 166.128 433.729 2.5435 118.275 282.922 9.56512 55.4471 25.2301 59.9246 79.9752 1.19053 0.000123942 61.7807 297.325 40.6519 97.8207 3.24618 50.0133 53.8744 16.518 66.8327 47.7003 0.127977 
336.867 573.327 33.9515 336.882 290.095 0 502.032 143.406 808.456 341.457 22.0093 1.58826 435.421 11.122 39.5523 17.5678 377.532 119.632 84.041 20.6989 30.8467 11.2965 1.0662 0.790816 342.464 20.1721 4.94461 22.7603 
119.118 132.727 3.23558 28.6917 386.393 47.0797 0 347.805 7.12931 488.926 30.9678 118.603 2.17207 81.4612 114.87 97.7561 8.1583 139.966 41.8906 92.4997 106.996 13.1161 34.9514 43.293 86.268 0.00617838 13.0218 36.118 
176.028 197.62 139.756 31.0311 115.672 1.031 73.0654 0 288.546 220.585 109.96 922.242 142.514 13.5105 92.6855 100.892 39.3453 160.381 91.0991 100.146 59.5227 57.7898 102.139 108.221 9.74286 49.9442 80.0346 109.321 
336.519 371.811 219.622 491.183 314.782 807.89 1302.4 277.282 0 370.647 1661.76 329.235 132.381 132.277 208.995 146.642 393.795 201.604 129.41 105.48 174.084 23.648 46.1987 100.024 380.28 56.9145 2.2969 88.3993 
133.827 22.0193 113.514 104.043 311.802 18.2241 341.896 2.04767 12.01 0 263.818 230.643 79.3898 56.8358 42.6369 8.89897 4.47141 10.4418 13.5109 5.41458 12.2149 2.79579 54.0701 40.302 40.5776 70.5755 24.2373 29.8012 
114.331 216.766 139.189 199.429 110.018 202.612 486.823 25.748 846.061 172.378 0 304.363 130.992 1.80057 0.56128 215.952 59.2943 81.8191 1.48184 0.360994 66.8544 0.0182971 3.26552 89.6995 86.4558 40.5135 2.2427 42.865 
57.2279 58.3476 183.08 255.135 179.567 132.745 234.817 856.529 79.5756 139.246 1.96372 0 102.386 151.933 264.138 3.17122 6.89046 129.581 13.8108 96.725 167.591 50.357 126.147 187.298 19.9872 226.966 1.70617 0.174925 
1.14765 144.518 8.18481 19.632 132.868 112.316 119.41 17.6452 2.971 31.9969 7.90866 143.554 0 4.27693 29.3079 16.1501 0.0355198 3.15348 4.11848 9.84247 25.6585 73.6002 43.2988 69.4131 55.6337 0.688587 38.1322 1.21129 
16.3812 68.9037 4.79947 0.975882 0.0317231 12.3151 8.54935 21.2546 144.182 73.0485 14.3005 129.501 121.165 0 60.8954 2.13244 15.475 44.2514 18.4029 3.13089 21.9725 0.294351 0.997445 6.00547 3.72645 1.20228 9.70014 4.8542 
30.3744 32.4241 10.3151 24.6145 83.4355 41.2113 18.946 31.1742 0.813861 99.444 21.3515 154.985 104.723 31.226 0 24.7858 8.60853 64.5265 16.2677 11.7837 45.9028 1.82058 4.21802 22.7542 8.46617 14.8202 16.2283 2.0187 
79.1989 44.9755 21.9404 36.9607 74.8256 16.1885 103.734 126.686 1.00136 67.5199 147.937 271.913 79.3651 8.29306 35.3394 0 21.7549 12.9529 30.5892 7.87842 9.61965 1.24309 10.5031 4.75596 9.94312 5.87394e-05 16.8831 5.53717 
336.544 404.571 0.0792411 392.295 83.8118 347.741 106.396 72.5853 400.85 53.2936 3.47325 9.71115 55.4971 18.0693 29.8706 24.9436 0 183.141 194.259 0.18478 20.3335 0.43167 2.89151 8.95607 357.928 0.108513 1.80837 0.0397208 
181.225 109.497 110.707 82.6709 221.969 63.1031 12.8744 114.835 11.644 61.7055 44.1128 98.6896 1.27657 52.262 7.96653 23.4958 42.0398 0 54.6606 75.7176 57.4059 29.3087 45.0465 34.6752 52.6106 2.04972 6.74933 25.158 
115.016 12.1094 61.6079 1.12803 270.83 2.44781 150.784 114.527 154.662 37.5451 7.42544 95.5787 30.3553 2.43397 32.5899 13.4045 25.6854 27.8714 0 29.3986 63.3387 3.51445 0.0387851 12.5279 30.116 30.4749 22.1086 26.8362 
213.04 141.043 27.4832 19.9607 42.3407 23.4949 82.4574 0.654362 4.26024 11.112 3.66559 33.7522 11.1944 0.269104 11.3188 6.82429 31.2857 50.3762 3.49705 0 126.33 0.0422522 3.30569 5.34571 13.7979 3.29921 8.21993 11.4775 
231.751 105.547 49.6677 145.611 58.8401 2.88582 3.05776 9.40401 82.3966 34.6143 82.8247 1.15687 1.4393 3.33665 1.09853 53.6854 68.3671 34.437 72.5464 312.923 0 3.24098 18.7474 19.3577 1.81102 0.775493 38.0071 14.4614 
2.19488 38.2091 0.707137 0.910148 56.9533 19.8939 36.8748 63.4611 67.5299 48.6367 46.7128 74.389 80.6352 7.47424 17.4492 11.0986 19.345 0.35272 1.93687 3.18686 1.72964 0 14.6621 14.0889 12.8654 9.87117 7.11211 1.877 
24.5802 42.5584 5.54146 7.77677 12.253 1.19099 13.7994 32.1978 11.8687 59.8578 17.0143 110.184 87.2377 0.0678483 6.27775 2.19391 10.6632 40.8547 0.607852 2.9554 27.8983 1.75184 0 13.4332 15.9493 6.2384 13.4784 1.52945 
48.9199 55.3932 13.3789 25.8081 22.9084 7.96155 1.13032 4.98262 23.7908 3.03884 129.128 186.748 35.3165 1.63034 16.4367 0.89489 6.818 0.661354 6.83949 4.40257 45.2724 14.1122 0.323459 0 42.7178 12.0891 18.7572 9.40351 
363.613 340.075 28.1252 340.109 67.5578 336.678 89.7504 176.693 386.293 63.2995 56.5714 765.467 37.5735 10.6673 25.8062 28.4843 355.788 10.0017 24.6354 1.24652 30.9963 36.5445 25.4453 6.33335 0 119.063 148.712 120.083 
1.25181 1.3818 1.10381 37.7698 21.1142 11.6631 94.5186 224.577 56.8139 9.8078 162.417 62.5139 0.541867 1.81908 17.9027 1.78452 16.2462 7.0933 10.2431 0.000947779 2.41589 0.00665512 7.82045 0.168123 28.4567 0 15.4481 10.5872 
23.7008 0.00805658 16.9465 25.6722 3.29098 9.62216 29.7751 19.4933 2.77948 1.07913 73.1988 70.4451 14.197 9.12308 12.6155 5.46765 0.0656421 4.70526 0.671752 9.60785 18.2316 12.7876 13.0159 0.00115118 10.0011 15.8602 0 20.8553 
16.5958 14.3269 22.1912 6.73557 28.9888 4.9455 36.6409 116.436 96.8138 33.2296 4.82735 102.094 44.8485 10.7996 12.2361 8.3064 0.156574 12.582 26.312 0.0068954 51.1389 7.2542 7.56894 14.417 39.273 7.67858 29.5297 0 
