0 939.611 205.711 429.713 119.536 386.643 70.478 41.8401 584.883 98.6059 190.76 5.37905 100.138 3.81917 25.685 5.42922 438.402 210.866 115.405 276.458 239.587 10.1046 43.299 37.9693 378.633 2.35779 32.5721 36.4184 
700.714 0 5.96663 385.538 134.392 503.243 424.136 141.09 730.35 242.09 2.16632 9.48845 136.182 69.7453 17.6003 0.00948295 524.391 618.543 167.234 34.8994 115.543 2.54159 44.8153 43.6443 435.477 63.2839 20.8317 63.9573 
209.792 414.959 0 244.572 5.36074 61.055 164.841 93.1673 260.43 4.21157 192.86 71.0299 68.0164 4.08632 11.1809 4.41415 49.8793 158.306 11.8098 22.2209 102.128 2.63375 4.71937 7.44178 21.2646 5.59212 1.11732 11.3058 
703.067 386.473 204.759 0 15.5814 384.37 39.7071 908.423 422.562 31.6022 0.176128 112.542 16.9754 5.77619 20.8102 5.25308 379.224 0.491916 4.43099 2.60488 638.944 8.28137 6.4988 12.9512 402.694 38.5659 1.67282 13.165 
109.181 5.40897 37.5228 114.457 0 162.578 434.579 2.93189 122.52 286.437 8.67675 56.5102 26.2438 59.6497 79.5107 1.08884 0.0124079 59.8495 296.196 39.995 98.4622 3.13836 50.1704 53.9736 16.7847 66.6694 47.6456 0.107847 
378.444 615.245 34.821 378.481 778.438 0 922.236 145.75 851.793 531.882 24.2619 1.32809 678.429 11.2767 39.7217 17.7544 419.539 119.259 83.5855 20.8057 30.4321 11.1958 1.023 0.753043 384.028 20.3274 5.00999 22.7782 
116.118 123.271 4.25725 30.4862 381.513 54.2328 0 343.452 18.8197 484.133 35.2021 115.773 2.62459 81.994 115.983 97.3787 7.82941 142.107 43.046 92.2939 106.229 12.8845 35.3626 42.9095 86.5383 0.022158 12.8226 36.4865 
172.511 200.491 144.04 21.1454 117.435 1.40489 77.6918 0 302.532 221.067 105.893 942.115 142.17 12.8946 90.7087 104.878 38.9055 159.626 91.6052 99.5554 58.0691 57.9766 102.135 107.232 10.6832 47.3512 80.4816 110.134 
378.257 410.251 232.153 527.226 311.882 851.399 1306.4 291.207 0 368.186 895.597 333.224 133.986 133.152 201.432 146.097 436.071 202.525 130.213 105.614 174.739 23.3745 45.5402 100.07 422.85 58.0766 2.18113 88.7503 
134.658 20.515 113.314 104.317 314.156 15.3577 352.816 1.68466 10.0301 0 278.29 229.425 84.3812 56.1542 44.1263 9.38116 4.67203 9.94658 14.1107 5.23813 11.9033 2.65307 54.3041 40.6426 41.0111 70.2923 24.4268 29.5177 
115.723 214.756 142.401 200.036 112.411 199.034 486.336 23.5228 843.196 185.663 0 295.867 128.421 2.36356 1.49819 217.363 59.6961 82.8568 1.32548 0.305369 67.6817 0.0312155 2.9254 88.7488 87.6316 39.138 2.11407 43.5348 
58.9257 59.91 183.703 254.162 179.646 133.749 232.613 830.394 83.7617 141.647 3.16253 0 103.355 152.909 265.667 5.97167 7.07905 128.999 13.4978 96.7274 167.444 50.6863 125.967 187.255 18.4372 217.728 1.90143 0.302904 
1.03299 144.181 7.89817 19.9915 131.604 113.841 117.24 17.082 2.583 35.4956 7.04018 144.156 0 3.49649 28.2239 16.6881 0.0488216 2.98233 3.92475 9.99117 25.9347 73.0077 42.4411 69.5157 55.6722 0.751035 38.1756 1.2684 
16.6158 69.0449 4.69785 0.921498 0.0174555 12.1614 8.96979 22.0129 144.053 72.5535 15.7692 130.947 119.047 0 61.3475 1.94021 15.4086 44.0808 18.508 3.148 22.1498 0.269637 1.13553 6.13114 3.82127 1.14825 9.6675 4.79419 
30.7682 31.8077 10.5848 24.8927 83.0183 41.2998 19.9205 32.667 0.824995 98.0468 25.8291 150.693 103.883 29.2795 0 22.152 8.70817 64.3614 16.0897 11.7832 46.1157 1.88331 4.46997 22.4857 8.24422 15.111 16.1559 1.93924 
79.3321 45.5053 21.8145 37.2355 74.8583 15.9964 103.702 130.763 1.24063 68.2262 144.906 286.615 79.678 7.98379 38.2872 0 21.8231 12.7242 30.5817 7.84159 9.38554 1.28237 10.6022 4.3565 9.65038 0.00453957 16.8195 5.39182 
378.221 447.465 0.108208 433.883 85.0502 389.713 106.615 72.9855 441.966 53.7194 3.62984 9.93082 55.6788 18.125 29.8506 24.9816 0 178.96 314.645 0.162898 20.0918 0.415484 2.93089 9.01747 399.696 0.120486 1.83886 0.034331 
179.216 117.974 112.38 83.9679 222.978 62.1078 13.889 115.959 10.8901 62.6676 43.2073 97.9079 1.39033 52.1918 8.18055 23.7698 39.0259 0 53.5229 75.3284 56.7638 29.1892 45.0508 34.8352 52.4538 2.14766 6.65394 24.9788 
114.825 11.3249 61.5887 1.23289 273.628 2.73892 150.245 114.362 154.539 38.4235 7.07816 95.7744 29.918 2.49795 32.7196 13.28 28.3616 28.7984 0 29.2576 63.1372 3.45732 0.0325247 12.6085 30.0814 30.4562 22.1467 26.8403 
211.302 140.788 27.5165 19.4766 41.6806 23.5483 82.8977 0.7834 3.99698 10.873 3.84878 34.2889 11.3497 0.277438 11.3382 6.86718 31.2012 49.8176 3.39356 0 135.163 0.0394511 3.29462 5.3636 13.7925 3.24932 8.19013 11.4818 
230.567 106.874 48.4946 146.865 58.1108 2.72726 3.31481 10.0861 81.1013 34.1602 83.6502 1.33816 1.36133 3.24437 1.17096 53.9164 68.3472 35.0159 72.515 316.946 0 3.18957 18.6064 19.1663 1.71877 0.845746 38.1067 14.6392 
2.25457 38.3784 0.728041 0.884483 56.9406 19.9281 37.1564 63.5855 67.6343 48.3573 47.0736 74.5044 80.1609 7.40173 17.4636 11.0654 19.3779 0.37663 1.89306 3.20443 1.76848 0 14.5998 14.0785 12.9981 9.89389 7.06893 1.85195 
24.3856 42.78 5.60652 7.68095 12.4593 1.2373 14.1239 32.8132 11.4479 59.7703 17.7755 110.871 86.8792 0.109607 6.56851 2.09039 10.7177 40.7615 0.633678 2.96788 28.0282 1.85418 0 12.899 15.7408 6.29925 13.4829 1.49728 
49.1239 55.2134 13.4396 25.8645 23.1459 7.869 1.03495 5.43367 23.2659 3.19892 129.099 186.958 35.8047 1.72411 16.7696 1.0943 6.75996 0.620689 6.76666 4.37986 45.3615 14.1156 0.201021 0 43.0766 12.2039 18.7946 9.47714 
405.709 381.945 28.0953 381.98 67.5434 378.349 89.5758 177.86 427.091 63.577 57.7409 1116.66 37.3217 10.5587 25.6128 25.4452 397.563 10.1827 24.547 1.2806 31.2704 42.268 25.5644 7.24907 0 122.956 125.538 121.056 
1.1312 1.25865 1.18351 38.0429 21.4391 11.491 94.209 223.265 57.9756 9.45741 162.891 69.4164 0.597506 1.88494 18.1896 1.59466 16.3372 7.26658 10.1333 0.000214015 2.53704 0.00884381 7.87396 0.194833 28.2161 0 15.7975 9.77503 
23.892 0.0135735 16.9987 25.6092 3.21134 9.54637 29.5321 19.0545 2.90951 1.13619 72.9042 71.238 14.3207 9.08621 12.5256 5.37456 0.059748 4.78759 0.693479 9.6306 18.3726 12.7822 13.0406 0.00373029 9.71224 15.5106 0 22.4401 
16.8459 14.5648 22.1859 6.58375 29.2106 5.03282 36.2722 117.15 96.9946 32.9493 4.5504 103.824 44.8664 10.763 12.0935 8.14286 0.145704 12.428 26.3353 0.00911669 51.1451 7.28458 7.60815 14.4082 39.0974 8.4145 27.7981 0 
