0 386.467 207.597 6.99704 174.634 29.4701 28.5798 8.54509 247.142 77.1835 180.288 0.000640291 93.5085 6.53169 18.9731 11.292 78.1549 178.588 110.799 200.547 217.897 12.2385 41.1564 32.9322 9.04358 0.277693 35.8641 31.34 
92.6285 0 194.595 18.8479 10.4593 67.7942 523.435 86.8909 409.658 234.316 18.147 26.5938 144.367 66.9374 9.40932 1.31601 158.003 275.835 172.409 60.2161 137.862 4.2771 48.4053 38.6358 70.3936 70.4477 17.393 64.6703 
201.796 163.609 0 234.706 0.744346 49.4736 89.2048 170.237 56.2597 15.0217 229.943 106.953 62.8804 5.9648 6.53652 7.40308 53.199 141.322 18.6064 25.1532 82.7036 1.99714 5.89791 5.88632 18.2446 8.77616 1.88336 9.23994 
341.848 17.7154 399.843 0 37.3189 7.675 10.507 1098.99 139.995 18.3175 5.4001 175.365 11.1817 8.06243 15.5913 10.8604 6.77096 1.62797 8.68532 8.0513 182.827 7.24274 4.87675 15.9559 36.7774 33.0868 0.766033 9.88034 
164.518 42.0396 77.2634 139.323 0 63.6134 404.903 14.6629 203.355 328.741 0.0525734 76.6823 47.3513 54.1499 70.1265 0.0288246 3.73536 28.8144 251.927 28.3955 109.384 1.47867 52.722 55.4447 21.8802 63.1557 46.4767 0.0430569 
8.94979 228.518 49.9271 7.75059 227.843 0 1420.59 183.673 404.733 137.266 80.2926 0.676632 210.625 14.0588 41.6767 20.9767 53.3681 109.975 72.9651 22.504 23.09 9.35111 0.385999 0.222719 10.3746 22.9606 6.24983 22.9342 
64.4854 7.91514 45.0638 69.8018 264.909 815.637 0 247.593 884.808 325.977 149.697 67.166 18.0366 90.2525 132.771 88.7103 2.96636 178.934 65.5129 87.0568 91.4646 8.94598 42.8327 35.8107 90.3273 2.03378 9.3967 43.1826 
108.501 247.589 217.178 117.862 148.897 17.9363 176.74 0 541.699 223.659 42.0925 936.409 134.285 4.03853 55.6861 177.95 31.0742 143.973 100.138 87.4779 33.8211 61.102 100.565 87.5503 34.4523 10.8888 87.9314 123.042 
16.4888 6.87042 428.879 62.4598 246.082 407.213 586.674 532.776 0 297.249 680.68 388.233 161.391 146.236 311.191 132.22 75.1322 215.179 142.911 106.534 183.802 18.5415 33.7985 99.5755 67.8425 79.5949 0.587497 94.248 
147.376 2.18056 106.033 106.91 332.009 227.918 494.908 1.29468 5.47808 0 518.955 200.561 186.281 43.1868 72.6858 19.9881 9.03483 2.94928 26.889 2.49857 6.85452 0.692336 57.8792 46.5483 48.7185 64.1075 27.8654 24.3568 
140.148 173.735 195.947 203.232 156.343 127.514 428.792 0.446234 583.081 442.562 0 143.234 82.4735 25.2175 90.4194 228.548 66.8419 101.709 0.0033488 0.108039 82.8254 0.86624 0.00470766 70.5757 108.083 17.4271 0.427159 55.9683 
92.2191 90.3036 187.886 221.584 178.516 148.988 186.903 248.269 170.904 183.305 71.7182 0 120.215 164.952 270.152 184.387 10.9156 117.371 8.34305 95.6291 162.49 56.4914 119.909 177.852 163.152 62.2371 7.24736 8.6387 
0.000107441 135.877 3.49972 26.8627 106.934 183.443 77.9622 8.27691 0.280288 122.049 0.077048 153.222 0 3.1674 11.3867 27.5192 0.660444 0.688201 1.19045 12.8308 31.0894 61.0004 27.289 70.2079 55.9274 2.3523 38.8265 2.53077 
21.0345 70.88 2.97787 0.198406 0.499286 9.3457 18.122 37.4829 137.691 62.0857 52.828 153.04 75.3782 0 49.1764 0.0138486 14.167 40.7681 20.3643 3.45198 25.3768 0.0083018 4.64744 8.25218 5.67943 0.369913 9.02645 3.72691 
38.0154 21.1992 15.7563 29.7177 74.3836 41.713 40.855 63.9719 13.6319 70.2804 162.861 74.2606 85.4621 2.08445 0 0.719612 10.5806 60.8755 12.9062 11.6984 49.7417 3.18266 9.87383 16.8968 4.58345 20.336 14.7455 0.755127 
80.5374 55.0023 19.1497 41.2115 74.6464 12.4469 100.998 201.023 9.93768 79.698 87.8821 482.876 83.6055 2.96406 84.2241 0 22.9896 8.8332 30.2651 7.1232 5.55529 2.08871 11.9964 0.0807711 5.07118 2.02088 15.5127 3.0051 
7.76005 97.8467 1.41788 59.8701 106.956 23.6921 109.377 79.9262 59.8567 61.2208 7.05601 14.3011 58.7164 19.0865 29.3479 25.5703 0 100.957 344.181 0.00586199 15.8439 0.173765 3.68639 10.1453 29.4978 0.447742 2.43556 0.0049873 
139.143 310.326 139.502 106.602 234.597 44.196 38.3061 135.57 1.4933 80.384 27.9082 83.2848 4.29368 50.604 12.4959 28.8509 3.00415 0 33.9823 67.3737 45.2122 26.9596 44.9327 37.6456 49.3419 4.31339 5.01516 21.7225 
109.658 1.52489 60.1746 3.9278 300.987 10.6891 137.165 110.276 149.664 55.209 2.16137 98.6712 22.2464 3.79185 34.8695 11.0385 80.4268 47.4966 0 26.5161 59.156 2.48695 0.0150659 14.0715 29.3225 29.9617 22.7889 26.8246 
159.726 130.967 27.4356 11.1792 29.9659 24.208 89.6426 5.12468 0.648041 6.88602 7.91632 44.3427 14.2928 0.450017 11.6204 7.61207 29.4642 39.544 1.75965 0 285.967 0.00517407 3.08319 5.6662 13.6061 2.38527 7.62918 11.5055 
200.561 130.107 28.4474 167.472 45.0625 0.608812 9.73853 26.3162 58.1375 26.1665 98.4197 6.90528 0.316985 1.77533 2.88404 57.6841 67.6267 46.0252 71.5147 307.069 0 2.31728 16.0512 15.7426 0.453323 2.64671 39.8022 17.9875 
3.4736 41.3373 1.15882 0.478222 56.3732 20.3841 42.1898 65.5161 69.1393 42.8942 53.512 76.0795 69.9283 6.02379 17.5194 10.36 19.9315 0.948253 1.17635 3.5246 2.54759 0 12.9665 13.6192 15.3076 10.2617 6.27769 1.41875 
20.8368 46.6073 6.79975 5.9781 16.4242 2.21879 20.504 44.4744 5.00263 57.381 33.8918 121.104 77.9195 2.41161 12.4014 0.599062 11.7033 38.9075 1.19512 3.18773 30.3225 4.10978 0 3.47965 11.7508 7.37318 13.4447 0.962408 
52.4851 51.5718 14.4199 26.5467 27.5277 6.21088 0.031217 16.7915 14.486 6.77454 125.723 182.068 44.5969 3.73941 22.3815 7.68849 5.72542 0.104285 5.48288 3.95429 46.7335 13.9028 2.95253 0 46.3487 14.1111 19.228 10.7673 
41.7257 14.3506 27.1567 14.3609 66.7845 6.7474 85.2341 191.972 39.9842 67.873 79.4808 1089.08 32.5998 8.52292 21.6917 26.7343 27.5126 13.6991 22.8588 1.97225 36.2368 67.7135 27.1881 31.2278 0 37.4854 141.442 85.409 
0.00252149 0.0191697 3.08373 42.1497 27.581 8.4441 87.0821 186.714 79.4928 4.08864 166.169 227.343 2.07766 3.24251 23.1549 0.00920544 17.9725 10.7328 8.1879 0.0782948 5.23292 0.103072 8.77567 1.01489 23.5813 0 22.2454 0.459718 
27.3881 0.365006 17.8634 24.2986 1.92033 8.17335 25.12 11.7722 5.77215 2.42525 67.0805 85.2351 16.6128 8.37549 10.8544 3.77109 0.000869799 6.39669 1.14835 10.0168 20.9687 12.6321 13.3787 0.307989 6.08276 9.46513 0 55.3744 
21.5905 19.131 21.8867 4.06092 33.2368 6.71451 29.5895 127.995 99.2258 27.7877 0.910666 133.649 44.9566 10.0122 9.50103 5.32171 0.0159074 9.73907 26.6721 0.103794 50.9903 7.82445 8.28541 14.1035 34.9431 25.7715 4.05867 0 
