0 423.393 204.912 84.4162 182.572 106.874 23.6552 5.63545 325.861 73.9226 178.183 0.144372 92.3778 6.99506 18.0151 12.3322 154.538 172.92 109.834 182.581 213.21 12.5704 40.7974 32.1581 84.211 0.139928 36.3451 30.5692 
141.588 0 235.987 100.803 3.61456 133.999 526.173 79.2922 487.507 231.521 21.8186 29.8279 145.244 66.3991 8.36968 1.70144 232.981 87.942 172.383 64.2595 140.947 4.57421 48.9025 37.8578 146.037 71.4192 16.8883 64.7054 
197.709 125.355 0 201.577 1.80045 47.3399 78.2752 181.573 35.9209 17.1506 233.413 112.332 61.9813 6.26328 5.91525 7.89492 53.5845 137.847 19.712 25.5082 79.5191 1.90733 6.07778 5.65723 17.7662 9.29197 2.01428 8.93247 
407.654 99.3824 414.341 0 41.1967 82.0283 7.62699 1270.37 230.161 16.5556 7.46515 184.246 10.3929 8.42393 14.8213 11.8282 81.4821 2.47174 9.43105 9.08612 756.502 7.08742 4.64518 16.4007 112.326 32.157 0.658783 9.40707 
172.645 60.2081 83.7906 142.473 0 39.5703 393.446 17.1593 215.49 331.088 0.0333058 79.8115 50.8953 53.2494 68.583 0.00142526 4.85973 24.9572 241.894 26.7372 110.886 1.28059 53.0526 55.6095 22.6806 62.5425 46.2732 0.0830748 
84.6726 297.976 51.9582 83.0227 184.789 0 895.137 188.354 453.225 514.134 90.6105 1.25352 570.365 14.4649 41.7772 21.4244 128.851 108.197 71.0317 22.7157 22.0304 9.0742 0.315712 0.169602 84.8372 23.3195 6.4435 22.9295 
57.5186 2.24435 54.3016 76.5172 244.458 906.441 0 231.401 1031.42 294.526 171.452 60.5711 21.4626 91.2347 134.643 87.1354 2.42819 183.964 69.0544 86.0358 89.1389 8.40365 43.9415 34.7343 90.7038 2.61484 8.91759 44.1783 
99.2799 253.578 226.557 127.065 153.431 21.9169 193.084 0 570.095 223.023 34.6141 876.144 132.845 3.12165 50.7665 188.174 29.9334 141.337 101.297 85.4722 30.6099 61.5242 100.087 84.382 38.9877 7.49042 88.9272 124.636 
94.1282 81.64 446.864 126.043 234.539 456.005 424.882 562.058 0 283.079 811.264 393.178 165.124 147.657 300.741 129.538 151.448 216.368 144.472 106.421 184.672 17.8431 32.0972 99.2814 145.124 82.8199 0.434159 94.9193 
148.857 1.01707 104.372 106.897 330.396 287.279 503.462 2.26154 10.0179 0 544.881 195.25 201.96 41.1911 77.0274 21.8452 9.80214 2.24457 29.0801 2.16829 6.20429 0.505566 58.2972 47.3775 49.8332 63.0224 28.378 23.5872 
143.609 167.011 202.728 202.404 162.83 116.447 412.955 0.000903736 493.45 476.682 0 122.585 75.9255 30.5318 113.245 227.745 67.882 104.503 0.057761 0.21292 85.0932 1.0897 0.113976 67.7549 110.936 14.8073 0.283454 57.8538 
97.5027 95.1027 187.315 214.523 177.926 150.724 179.33 173.173 185.123 189.042 88.8155 0 122.588 165.759 266.939 224.484 11.5558 115.468 7.66308 95.2776 161.378 57.3267 118.559 175.08 160.44 44.8685 8.33472 10.8413 
0.0200068 134.289 2.98168 27.9393 103.029 191.377 72.2792 7.20612 0.725019 137.581 0.519641 154.257 0 5.4013 9.42226 29.2847 0.812775 0.481142 0.913653 13.2772 31.8815 59.0341 25.1507 70.1167 55.892 2.66759 38.901 2.7563 
21.7189 71.0319 2.74447 0.13491 0.693185 8.92624 19.7199 40.0359 136.098 60.3091 59.7828 155.551 68.5012 0 44.5909 0.0061056 13.9755 40.2388 20.6323 3.49622 25.8595 0.000690625 5.25342 8.52869 5.97638 0.288642 8.92291 3.572 
39.107 19.7289 16.5591 30.3915 72.9322 41.5766 44.4302 69.1886 17.5352 65.9076 189 63.9408 82.2777 0.593759 0 2.92504 10.8704 60.2765 12.4402 11.6734 50.242 3.40181 10.7764 15.9793 4.10669 21.0884 14.5197 0.622498 
80.515 56.3882 18.6953 41.624 74.4819 11.9133 100.249 210.13 11.9253 81.1527 79.5169 492.519 83.8926 2.37096 87.4698 0 23.1518 8.29734 30.1881 7.00814 5.05581 2.22383 12.1306 1.83386e-05 4.53161 2.626 15.2935 2.69542 
82.8855 175.828 1.74109 134.15 110.077 99.325 109.587 80.9059 133.011 62.2966 7.66267 15.0157 59.1259 19.2218 29.2499 25.6415 0 89.7481 126.55 0.0221887 15.2335 0.146253 3.80602 10.3159 104.435 0.514763 2.53187 0.0119216 
132.731 320.607 142.876 109.757 235.187 41.5921 42.8556 138.336 0.820286 83.043 25.8305 81.0427 4.86413 50.3156 13.2088 29.6248 1.06756 0 31.2952 66.0508 43.5133 26.6167 44.8825 38.0494 48.8344 4.69997 4.78567 21.236 
108.613 0.827223 59.79 4.45752 300.908 12.286 134.702 109.49 148.51 57.8161 1.6615 98.994 21.1512 4.0066 35.1555 10.7078 87.1122 50.5525 0 26.0785 58.5091 2.35299 0.028361 14.2897 29.1876 29.8625 22.8769 26.8072 
149.506 128.69 27.3105 10.0573 28.2813 24.2543 90.4318 6.09518 0.388999 6.35211 8.64324 45.8846 14.752 0.479269 11.6511 7.71729 29.1719 38.0023 1.55704 0 301.794 0.00278986 3.0499 5.70765 13.5637 2.26359 7.54211 11.5002 
194.828 133.384 25.7343 155.764 43.1581 0.420034 10.9802 29.3375 54.8406 25.0187 100.574 8.10482 0.222539 1.59043 3.2048 58.1735 67.4599 47.7437 71.2947 292.364 0 2.19696 15.6709 15.2406 0.332576 3.00136 40.0369 18.5067 
3.67798 41.7596 1.23155 0.427412 56.2328 20.4247 42.9261 65.7494 69.2992 42.0194 54.4512 76.2281 68.1605 5.81046 17.4936 10.2386 20.0071 1.0564 1.08232 3.57264 2.67628 0 12.6471 13.5067 15.6329 10.3092 6.15835 1.35767 
20.3054 47.1446 6.97903 5.73106 17.0509 2.38776 21.5309 46.2796 4.24666 56.8949 36.6324 122.235 76.2094 2.95412 13.3193 0.448064 11.85 38.6036 1.29424 3.21946 30.6544 4.50205 0 2.42301 11.1364 7.52728 13.4194 0.890893 
52.9286 50.9677 14.5455 26.5911 28.1921 5.96822 0.00246517 18.9779 13.3095 7.4149 124.756 179.93 45.8827 4.0789 23.1132 9.05717 5.57406 0.0638555 5.29749 3.88861 46.8974 13.826 4.08897 0 46.2683 14.3624 19.2513 10.9512 
117.625 89.7976 26.9524 89.7911 66.5896 81.5347 84.3978 192.841 112.541 68.3864 82.7547 1129.29 31.8725 8.21186 21.048 36.571 102.474 14.2614 22.5929 2.08735 36.9742 50.6791 27.3304 34.2627 0 50.8704 78.1642 116.619 
0.010586 0.000102046 3.4386 42.6107 28.5342 8.00597 85.7816 179.455 82.7184 3.46011 165.766 252.372 2.37537 3.46933 23.8384 0.0912859 18.2137 11.3019 7.90579 0.105019 5.71576 0.12613 8.8978 1.19084 22.8617 0 23.2027 0.0881715 
27.9136 0.458947 17.9784 24.0761 1.75319 7.96898 24.4623 10.8045 6.28158 2.65926 66.1359 87.2366 16.9627 8.26269 10.599 3.5474 8.69131e-06 6.65616 1.22633 10.0702 21.3622 12.6012 13.4106 0.395551 5.85718 8.63358 0 60.3695 
22.3305 19.8518 21.8086 3.72538 33.8372 6.98081 28.5979 129.241 99.3833 27.0083 0.600933 137.715 44.9312 9.88626 9.11666 4.93079 0.00766729 9.35529 26.7081 0.126899 50.9233 7.9031 8.38055 14.0345 34.1871 28.7847 2.21657 0 
