0 351.209 174.272 304.171 225.26 274.803 3.56394 0.906993 492.359 54.7139 162.975 6.23308 84.9595 10.0459 12.647 19.3024 313.788 136.095 102.667 139.392 178.86 14.609 38.4618 27.4833 237.357 0.2959 39.1285 25.9608 
234.774 0 442.203 322.373 36.8761 244.472 471.336 39.2059 629.033 206.757 49.8561 52.2678 148.427 62.5835 3.34006 5.00856 381.283 571.935 167.792 88.5173 157.43 6.54086 51.6167 33.1115 300.887 76.5555 13.9541 64.5156 
160.12 0.0799064 0 18.1957 17.3166 33.4308 24.1087 240.296 11.7579 32.1011 240.725 142.702 55.998 8.09998 2.75219 10.9885 55.2207 113.146 26.6364 27.0862 59.81 1.40545 7.15556 4.33194 14.8227 12.5068 2.87868 7.13244 
459.098 319.658 228.028 0 66.6506 231.862 0.027337 451.604 470.915 7.63871 26.2377 229.695 6.19187 10.6501 10.4089 18.0724 231.794 11.045 14.4009 16.1656 815.337 6.16704 3.34362 18.9757 266.726 26.1987 0.183147 6.73201 
217.243 216.603 122.897 157.164 0 55.0904 295.797 35.6999 282.51 321.393 6.97734 98.712 73.4976 47.5298 58.8049 0.567795 14.4981 7.29831 170.216 17.5166 118.968 0.387714 54.721 56.2761 27.6119 58.4485 44.9083 0.595332 
243.922 403.173 61.8036 238.201 312.921 0 866.679 208.923 410.822 452.638 156.433 8.31139 154.846 16.7702 41.2863 23.8359 282.745 95.769 58.1099 23.7194 16.0225 7.4383 0.0413467 0.00249019 233.309 25.2229 7.63544 22.7472 
22.746 40.2602 119.367 118.165 123.211 511.129 0 134.384 1200.83 110.229 308.464 26.9522 47.1322 95.522 141.723 76.4712 0.32171 210.025 90.467 78.7771 74.878 5.46374 50.3983 28.3323 91.8494 7.54848 6.26958 50.0088 
49.7892 281.538 267.343 192.08 178.676 52.4716 289.109 0 662.025 213.687 4.60337 357.447 122.961 0.0878297 24.8322 238.013 23.3699 124.309 107.46 72.7018 14.3373 63.7694 95.9388 64.9246 69.9185 0.481295 94.1165 132 
268.466 258.364 454.603 234.305 161.571 414.112 32.4618 661.079 0 188.389 626.266 402.034 184.628 152.515 260.24 110.841 310.547 219.345 151.677 104.369 187.037 13.8513 22.469 96.3409 310.154 101.434 0.000142468 98.0214 
155.095 3.2574 91.759 104.605 297.979 522.441 470.512 13.492 63.0818 0 600.906 159.564 284.281 29.4133 101.527 34.003 14.9481 0.0307411 43.3125 0.668609 2.95453 0.000316621 60.0942 51.9329 56.1446 55.8174 31.3998 19.0687 
162.637 125.424 232.766 190.492 199.419 55.3491 291.69 14.2405 175.631 600.619 0 27.8612 40.6334 69.9989 267.34 209.621 73.8638 120.718 1.77495 1.57485 98.4202 2.95378 3.77331 50.8919 126.243 3.3833 0.0383722 69.0224 
129.569 124.237 177.45 163.927 172.143 157.685 132.329 15.1694 269.67 218.89 215.458 0 135.636 164.789 228.433 440.818 15.7094 103.382 4.15547 92.1785 152.827 62.0729 108.305 152.029 189.102 0.712534 16.2708 28.6485 
1.10385 123.118 0.728521 34.5298 79.2963 173.865 41.0862 2.29876 7.66931 231.137 11.2687 158.52 0 29.8001 1.42705 40.284 2.05056 0.0153163 0.0199381 16.036 36.6856 46.7693 13.6627 68.5056 55.2756 4.94394 39.2167 4.29415 
25.8826 71.2439 1.51661 0.0105677 2.50727 6.49579 30.2493 56.1095 123.422 48.9309 105.476 165.319 30.6314 0 13.9436 1.52833 12.8094 36.9231 22.1632 3.75121 28.715 0.131067 8.43317 9.83106 7.81179 0.0116897 8.26853 2.68674 
45.5575 11.8079 21.3351 34.0379 63.5814 39.6954 67.181 101.535 50.0749 40.405 335.927 15.9669 61.9454 10.3213 0 40.145 12.6411 56.3165 9.75048 11.4576 52.9608 4.82399 16.229 10.4412 1.74631 25.22 13.1065 0.0931213 
79.2599 64.2967 15.7581 42.9686 72.7795 8.79676 94.0034 250.2 27.0972 88.0509 35.1365 414.89 83.8834 0.158071 76.3992 0 24.0441 5.39242 29.5683 6.28818 2.52443 3.09847 12.4713 2.72017 2.3097 7.62326 13.8754 1.16237 
236.269 344.229 4.33531 280.831 127.229 254.809 109.691 86.3633 273.535 68.3665 11.7684 19.5807 61.2988 19.9762 28.5427 25.9699 0 32.7545 336.576 0.339227 11.7617 0.0308128 4.55278 11.3392 255.465 1.01205 3.14325 0.115828 
94.0317 363.507 158.02 126.549 232.179 26.9752 73.8092 153.562 0.991465 98.6012 14.8366 67.5639 8.97989 48.3295 17.7824 34.2678 9.99817 0 17.07 57.5881 33.6842 24.5303 44.4046 40.3474 45.6014 7.32961 3.51038 18.3577 
101.007 1.09704 56.5928 8.25913 277.259 23.6383 117.69 103.892 139.441 73.4413 0.0387268 100.285 15.0057 5.39379 36.6444 8.77879 120.567 69.6524 0 23.3478 54.403 1.6208 0.195263 15.58 28.2702 29.1356 23.3545 26.6199 
84.2956 111.336 25.9634 4.36992 18.8556 24.2343 93.8063 13.5201 0.217384 3.56064 13.5755 55.1335 17.5718 0.671456 11.7685 8.30292 27.2682 28.9728 0.595142 0 325.809 0.00383046 2.84341 5.93168 13.2332 1.58792 7.00814 11.4191 
155.709 151.271 11.852 65.0299 32.2415 0.0215948 19.8038 50.112 36.4196 18.5204 112.924 17.1527 0.00587181 0.689771 5.45522 60.6398 66.1461 58.2468 69.6039 160.32 0 1.53846 13.4284 12.3294 1.80492e-05 5.56195 41.3238 21.6802 
5.01201 44.1462 1.70813 0.18156 55.0949 20.51 47.1776 66.8225 69.8828 36.5668 59.8575 76.6217 56.6692 4.53042 17.1527 9.43652 20.4155 1.8233 0.597832 3.85866 3.50803 0 10.4265 12.6112 17.424 10.5485 5.44565 1.01587 
17.1614 50.1206 8.03777 4.31964 20.9359 3.50364 27.957 57.1577 0.987076 53.339 54.2331 126.545 64.398 6.50691 18.5842 0.00103608 12.7174 36.6574 1.96546 3.40103 32.5574 7.02281 0 0.167884 7.54582 8.39332 13.1621 0.515743 
55.2117 47.077 15.1655 26.5308 32.1654 4.57089 0.506595 34.2513 7.18652 11.7502 116.614 160.19 53.2031 6.16754 26.5713 17.9775 4.69461 0.0285565 4.23545 3.48885 47.6373 13.1317 12.7264 0 42.6616 15.628 19.1575 11.9817 
274.479 244.483 25.4054 244.256 64.9883 232.01 78.4716 190.819 250.546 70.6741 101.751 254.765 27.4697 6.36327 17.013 72.7362 253.665 17.7873 20.944 2.83164 41.2965 44.1174 27.533 38.7036 0 98.3909 130.278 31.0218 
1.03868 0.810694 5.89173 44.4108 34.3366 5.54244 76.9162 130.087 101.341 0.768509 158.506 371.477 4.55148 4.91844 27.4095 2.31559 19.6256 14.9431 6.28551 0.345962 9.00043 0.312268 9.54226 2.50467 18.6075 0 28.6273 3.89331 
31.0387 1.2446 18.5788 22.6161 0.906214 6.76482 20.5876 5.79815 9.73866 4.27138 60.1601 98.3981 19.0767 7.55993 9.06357 2.32315 0.038921 8.29939 1.74433 10.3615 23.724 12.3713 13.4951 1.14094 6.64005 4.29053 0 84.7898 
26.8635 24.3161 21.1644 1.98976 37.3791 8.63304 22.8047 134.365 99.3301 22.3781 0.0913672 158.601 44.565 9.06929 6.88639 2.83605 0.0206851 7.18377 26.8413 0.313261 50.2838 8.35801 8.90784 13.4996 29.2188 46.479 2.90647 0 
