0 559.356 184.874 518.03 48.0703 453.489 267.683 287.144 491.653 153.318 192.076 52.2678 92.9985 51.6848 51.8329 64.8701 410.01 0.193369 31.3409 153.262 226.907 31.7442 25.7629 1.83642 409.797 76.5588 16.4302 10.7622 
400.285 0 25.1118 445.72 13.8112 428.327 485.561 31.7192 587.949 178.655 180.658 196.649 128.095 66.8617 3.22429 84.4656 401.241 677.039 143.662 93.843 6.24124 0.360863 14.3306 1.06951 459.468 0.168849 26.6513 0.127466 
172.31 372.899 0 36.7677 68.4617 36.1822 103.691 276.418 107.906 105.568 111.516 116.688 4.02701 14.3626 0.0852608 11.6935 16.059 134.792 18.6064 24.2913 91.6485 3.00024 7.73475 11.9515 1.64459 1.42995 7.69346 3.47498 
673.627 443.625 142.57 0 156.967 410.234 56.4071 1322.61 730.566 56.7826 5.75153 197.59 41.3523 5.30752 31.8797 4.39937 420.711 5.86219 52.9704 36.4422 206.906 3.60751 0.124544 13.0828 407.944 11.7944 25.7067 31.6372 
56.3487 36.1709 0.0419151 130.168 0 124.728 220.185 205.093 42.4915 23.37 142.11 161.176 166.632 68.9077 9.50665 16.1484 152.302 224.956 220.896 19.7578 48.9257 50.0794 4.61667 0.417911 61.918 32.3544 28.5113 19.4685 
492.101 441.517 3.4595 424.196 320.934 0 923.825 88.6503 410.567 415.841 109.674 29.7848 124.504 14.0588 30.2694 16.6709 405.527 3.25949 23.8013 3.0391 50.5022 0.262405 1.71473 0.119205 419.32 9.57213 0.637691 2.9951 
256.707 28.0845 238.926 17.8279 60.8687 675.139 0 401.254 1.20686 441.623 417.721 30.0912 214.788 13.5262 66.6765 57.6122 79.1469 4.35423 155.779 77.9028 77.8289 40.7405 2.14511 55.8456 4.82997 2.23685 55.6452 70.2204 
170.311 285.772 269.076 103.54 68.31 214.831 5.31179 0 457.497 218.472 26.5568 143.562 73.1894 118.565 89.2268 238.013 50.1228 0.0510727 102.218 88.1966 205.103 12.0029 16.3448 27.6221 1.81944 72.0129 46.3319 4.95943 
660.393 581.725 381.134 456.628 353.022 409.603 1273.15 446.893 0 24.1893 443.849 44.9156 132.307 107.608 179.232 137.073 495.774 2.95265 147.646 15.9444 187.005 69.6212 16.2737 0.339534 430.926 138.418 79.2651 44.9994 
22.1673 127.986 3.78485 11.629 5.08729 499.125 417.696 3.72042 250.546 0 369.374 10.5094 274.81 17.9052 133.527 24.8238 11.7982 44.2353 50.4822 5.77529 31.1265 29.8714 8.46312 1.82303 17.243 47.5731 0.244314 0.602163 
65.8196 183.856 165.93 203.106 1.25174 224.209 165.054 111.407 72.6668 457.807 0 471.073 10.3526 212.059 140.752 168.612 17.5825 42.0384 89.2942 3.33637 16.0037 69.1394 45.8508 50.6955 106.436 149.284 50.6634 65.4286 
196.229 132.865 186.615 0.912412 15.5474 156.19 3.20564 133.993 41.7247 119.867 339.344 0 89.2634 166.522 258.111 213.439 15.488 137.404 73.8068 44.3301 0.0667579 37.1337 0.132064 0.53156 3.88601 303.126 77.3288 165.353 
0.0034381 64.7063 63.7042 2.93402 27.6327 161.011 50.0999 140.718 172.351 218.976 137.56 40.1038 0 6.06546 18.4678 73.0391 34.5827 51.0365 4.3668 7.85694 4.7898 3.34112 90.3797 67.5262 20.8999 24.9755 34.9927 6.51919 
53.1927 49.8953 0.202572 20.4883 5.18386 9.34573 20.3264 96.7223 139.519 36.0989 211.426 161.609 125.267 0 17.7608 6.63741 4.76862 33.1951 0.097108 1.58941 0.532013 0.396333 6.33167 9.2428 12.3533 3.09975 7.91472 0.931468 
7.95045 0.0178777 28.4103 13.0757 12.7048 34.2424 141.649 33.8054 42.6517 0.190028 72.1648 45.8285 94.7028 7.27369 0 3.19708 4.57859 10.4815 7.78002 1.39883 16.7708 4.15623 15.3559 3.43988 23.7199 0.42334 0.0173944 23.2593 
44.8239 44.7159 11.2411 10.3693 63.6739 17.0933 34.4361 250.2 27.2111 83.2383 5.63654 490.537 8.49036 13.7182 87.6949 0 23.5612 37.5807 11.0169 0.741299 1.1468 1.22365 4.01858 19.7551 7.4598 26.0273 18.5048 18.574 
490.285 465.936 53.5841 451.354 86.6654 433.069 40.675 36.9166 424.612 64.8639 80.2628 11.9805 7.22901 22.0006 29.9469 25.8068 0 140.525 329.05 32.9797 55.4169 20.0564 19.0795 20.0682 427.307 3.4965 15.0239 21.808 
10.0305 316.624 21.9385 63.0727 55.8987 57.7498 55.8292 131.079 212.918 146.537 161.039 109.866 79.8078 18.7507 62.5358 49.3032 267.748 0 125.957 0.0141842 29.4739 0.340641 45.0077 25.4756 46.0343 55.6824 15.5609 19.2648 
29.1605 40.4361 60.1746 58.0211 297.62 74.4645 7.89018 108.814 145.498 23.0531 104.294 14.2171 30.9038 8.67965 19.8926 30.2603 105.036 91.2528 0 1.93225 49.4214 0.534362 0.503853 19.9528 29.8878 27.1745 3.07957 14.2997 
176.591 106.645 14.8832 0.82035 21.1571 0.541468 94.0229 4.79171 82.3925 11.5959 17.7182 3.45468 6.67883 0.0370292 0.257724 8.99563 1.14584 10.0464 10.5128 0 11.3252 6.08614 2.02721 2.18439 1.65849 4.71115 0.597393 10.8556 
237.356 3.38281 125.587 55.4013 106.263 14.7574 117.971 129.462 38.774 9.88653 27.1725 168.332 17.712 29.3684 58.0194 61.9639 52.3081 63.0746 26.7779 69.9506 0 30.7792 16.3288 47.9557 55.0383 33.0583 42.6641 0.123736 
20.9689 23.0463 0.536473 0.0704992 19.322 14.9474 36.2166 20.1864 9.00899 60.5529 60.3329 7.40535 8.1205 7.74239 6.60523 11.1151 3.20351 29.3705 1.51725 4.07726 29.9944 0 8.70746 10.1647 22.3084 6.23891 3.19647 1.25285 
44.012 16.4708 8.59555 0.396731 41.6019 0.656342 1.47766 98.6957 52.6023 0.258316 111.102 21.6243 53.6957 4.00991 12.8274 8.73237 14.6725 39.4964 2.74827 3.90825 30.0787 8.80019 0 6.01041 11.3592 0.556325 9.8666 8.65724 
50.3879 0.708721 9.34367 0.581357 16.9438 3.19513 6.96044 72.8928 84.2596 37.3121 1.33124 0.00525269 55.5499 5.0898 28.0194 29.2934 4.25884 4.63565 1.1668 6.33739 8.60736 9.31251 1.17703 0 18.0986 0.0152659 0.108261 9.31115 
403.569 405.002 1.03563 400.872 2.72516 408.271 2.62773 127.665 464.426 1.42379 129.652 1101.85 0.0414418 2.3197 6.29738 70.8139 427.871 10.3116 24.0758 9.22128 37.5511 85.1236 10.0761 59.4655 0 72.7686 157.551 98.1168 
77.9558 68.5878 0.0227702 41.769 59.9158 14.0623 86.6156 20.2576 138.452 0.0177737 0.214402 16.2487 24.2797 0.427159 0.00921506 31.0044 23.4301 48.4951 22.786 10.6138 38.4162 1.52929 0.0506155 11.0065 28.5469 0 0.239165 5.47896 
8.9356 0.460437 1.56768 1.76519 3.51101 16.0568 60.5375 52.9556 73.2975 13.9294 1.59382 119.436 32.9243 8.60082 1.08566 8.94131 20.8344 42.8968 24.0593 8.99433 40.5143 11.0852 11.5367 19.089 24.3345 37.6386 0 23.3613 
55.7234 46.5297 18.614 27.3253 2.64632 22.0258 2.99695 9.17 62.2213 1.5057 106.172 123.236 30.2643 6.70019 16.2989 20.6438 21.1769 7.84939 17.3628 0.305149 38.1316 10.147 2.52861 14.427 21.5409 49.1108 92.7445 0 
