0 340.252 127.148 531.25 254.72 399.401 1.12594 17.1909 600.526 37.4785 144.63 20.2711 76.8857 13.3958 8.1819 27.0221 426.755 98.5261 93.7147 105.542 138.535 16.647 35.9307 22.9847 346.515 2.04151 41.6313 21.5907 
454.149 0 443.775 521.725 171.98 336.538 326.312 12.3956 684.358 172.086 84.8895 77.9073 148.031 58.0161 0.596828 9.73775 479.883 975.776 156.449 110.1 169.426 8.72804 53.7689 28.4585 409.792 80.2761 11.2902 63.681 
109.807 108.236 0 107.093 45.1832 19.9023 0.530088 272.416 143.184 49.069 225.358 166.619 49.4115 9.89401 0.769768 14.0809 55.6576 85.2144 33.5695 27.6407 41.029 0.983939 8.17673 3.15674 11.9388 15.6947 3.83504 5.49442 
438.537 518.768 5.0971 0 92.9612 340.416 8.98894 719.108 642.178 2.105 53.176 255.306 3.08104 12.8441 6.6407 24.4383 338.114 24.5258 19.8874 23.8915 460.71 5.30135 2.249 21.2469 375.316 20.1254 0.00287878 4.47028 
249.618 391.096 156.117 163.531 0 216.402 177.017 58.6009 330.496 276.017 24.6768 116.676 96.4947 41.5947 48.8019 2.29477 28.0688 0.172084 95.5244 10.0893 125.109 0.0159734 55.8002 56.3879 32.5295 53.8764 43.36 1.53083 
362.932 451.91 66.3981 351.252 758.235 0 752.248 214.794 365.728 426.052 216.02 20.5928 243.746 18.709 39.0725 25.6378 390.736 81.4552 44.3309 24.23 10.8999 5.92273 0.021287 0.0908642 337.319 26.6071 8.8276 22.3212 
3.53978 175.365 184.24 155.964 34.0714 30.1551 0 55.4177 345.896 6.7255 422.074 6.45546 78.4101 96.8929 141.375 64.6238 0.159059 226.981 110.422 70.1564 60.9353 3.17007 56.1865 22.3557 91.1166 14.5032 4.10344 55.3185 
15.9456 293.582 275.404 405.12 198.819 89.7827 364.246 0 602.344 196.263 2.43521 10.7401 111.608 1.28743 7.60782 259.361 17.5647 106.345 112.02 59.5909 4.13614 65.4503 89.9696 46.3774 103.22 15.9094 97.7507 135.255 
406.751 427.489 311.817 347.261 93.3339 367.378 801.955 608.737 0 97.5321 902.399 376.346 197.885 150.557 240.161 89.6654 423.85 215.355 154.892 100.21 184.61 10.3553 14.3731 91.6582 429.037 117.348 0.378886 99.4487 
156.588 20.0472 76.1287 98.8979 235.939 367.211 324.021 32.5038 146.182 0 484.033 121.318 327.787 18.956 120.271 46.7465 20.7182 1.2313 58.2541 0.031175 0.921492 0.524834 60.6273 55.5465 61.4767 47.9563 34.2068 14.93 
177.528 85.8387 240.968 168.732 228.826 14.1839 159.105 53.6257 22.6306 550.198 0 0.518004 15.4944 115.143 382.881 173.412 79.1597 135.103 5.6617 4.06285 110.581 5.58516 11.9923 35.4259 137.393 0.023622 0.81178 79.2987 
159.537 151.693 158.323 108.442 163.061 158.464 87.7527 376.549 340.161 238.35 350.874 0 145.957 154.575 167.746 485.918 20.1991 90.8315 1.74216 87.6384 141.721 66.169 95.3559 121.634 287.979 64.8248 26.0023 52.0226 
3.70456 109.985 4.37426e-06 40.9854 56.9378 149.035 17.7806 0.136497 20.9886 301.991 33.9254 159.363 0 66.2163 0.434416 51.0815 3.76471 0.838434 0.422333 18.8083 41.3782 34.752 5.4387 65.272 54.0291 7.73668 39.3052 6.06972 
29.9459 70.305 0.64748 0.311081 5.28634 4.36828 41.544 72.1702 106.851 37.3588 150.091 165.469 6.27554 0 0.0044685 5.18134 11.6589 33.5231 23.5031 3.9788 31.3841 0.538512 9.67042 10.3808 9.61597 0.0958148 7.58798 1.9175 
51.5042 5.85769 25.6421 36.7875 53.7741 36.2679 89.6807 131.888 92.4064 19.4836 406.744 0.0206177 41.9388 39.4128 0 81.6736 14.3918 51.948 7.35792 11.1436 55.0948 6.34218 20.8833 5.60129 0.37912 28.339 11.6636 0.027895 
76.2618 71.0755 12.6987 42.3613 70.0019 6.03014 85.374 258.995 46.1133 91.3886 7.47655 194.373 81.0684 0.544317 32.0928 0 24.7695 3.12626 28.7178 5.5543 0.879876 4.03222 12.0248 9.63269 1.99402 14.0245 12.363 0.266103 
346.437 464.754 7.83908 382.018 140.485 365.416 107.906 90.8858 369.834 73.5005 16.4522 24.4059 62.9151 20.6085 27.6696 26.1238 0 3.0552 380.825 0.9994 8.74395 0.000646971 5.31977 12.3241 361.444 1.64558 3.78809 0.317839 
58.9524 488.55 163.161 138.378 218.884 15.1261 107.754 165.632 7.97598 112.537 6.87282 54.7408 14.0315 46.0117 22.6226 38.6974 49.6584 0 7.00325 48.7857 24.9421 22.4742 43.6572 42.3495 42.1981 10.3486 2.44852 15.6587 
91.703 8.54513 52.1646 12.8532 222.089 36.7307 98.4348 97.1481 127.49 87.8812 0.746817 100.465 9.86922 6.88295 37.6937 7.02197 161.655 88.5416 0 20.5758 50.1039 1.03354 0.498042 16.7889 27.2126 28.2233 23.733 26.3049 
30.6115 89.9596 23.7618 0.97095 11.162 23.7313 94.7467 23.0513 2.30528 1.58436 19.1904 63.8684 20.3764 0.883071 11.7718 8.78589 25.2051 20.8508 0.0929084 0 233.771 0.0299307 2.63388 6.10622 12.7925 1.03235 6.47526 11.2612 
113.592 164.993 3.17273 90.376 22.7354 0.840538 30.3577 73.6278 21.4297 12.9637 123.67 28.6725 0.369806 0.167777 8.13543 62.2168 64.3753 68.5354 67.3804 35.4254 0 1.00714 11.3392 9.70629 0.322176 8.70484 42.3633 24.8181 
6.47132 46.196 2.23156 0.0416377 53.5236 20.3338 50.9644 67.3161 69.8276 31.0769 64.6394 76.1855 44.6841 3.33717 16.5278 8.55601 20.736 2.75475 0.262137 4.13082 4.40771 0 7.95838 11.4219 18.8558 10.7035 4.76602 0.727333 
14.2256 52.558 9.01567 3.09275 24.8513 4.728 34.4667 67.4469 0.00273631 48.9537 72.2463 126.508 51.2124 9.10609 22.6345 0.344451 13.5319 34.5864 2.73536 3.56124 34.2413 9.53686 0 5.04625 4.4674 9.11506 12.7451 0.245588 
56.7691 42.9335 15.5359 25.9427 35.9437 3.33887 2.08702 51.7296 2.9444 16.6424 105.299 131.891 59.4008 8.04661 28.0674 25.4726 3.89443 0.333296 3.29685 3.0963 47.948 12.1075 19.5917 0 34.8323 16.4073 18.6888 12.8403 
386.032 354.888 23.4286 354.169 62.756 338.005 71.4156 177.41 346.398 71.539 118.187 267.713 23.2111 4.663 13.0102 32.8073 359.818 21.4117 19.2728 3.63103 45.2543 75.7777 26.5924 27.768 0 61.1065 176.86 20.4237 
3.60031 3.08188 8.701 44.4966 39.9914 3.49412 66.9181 79.6461 117.269 0.00775067 144.162 395.211 7.25715 6.41103 29.7847 6.95543 20.9237 18.7917 4.84992 0.707289 12.7581 0.56883 10.0065 4.13989 14.8548 0 33.0247 16.1753 
33.9905 2.3615 19.0072 21.018 0.34628 5.64589 16.9919 2.35982 13.6959 6.15571 53.9633 107.477 21.1332 6.84493 7.59421 1.35491 0.148574 10.0236 2.32591 10.5954 25.9973 12.0776 13.4009 2.20073 11.1234 1.40083 0 92.9015 
31.3398 28.8089 20.2656 0.800539 40.675 10.2982 17.5498 135.303 97.6539 18.0471 1.80663 171.673 43.8652 8.19315 4.90853 1.29811 0.135349 5.31209 26.8348 0.570098 49.2826 8.76803 9.34043 12.7948 24.1609 59.1897 21.4031 0 
