0 81.0026 66.0564 320.189 269.173 87.9205 19.9458 59.3358 252.988 20.3858 119.974 45.4762 66.6343 17.7081 4.06685 36.7995 99.6278 57.3076 81.258 5.20188 89.1078 19.082 32.6912 17.9066 17.7822 5.98758 44.27 16.7208 
372.331 0 205.24 281.709 377.24 22.2422 127.171 0.0360995 253.981 123.893 131.39 110.577 143.234 51.7749 0.225078 16.927 132.19 1079.57 135.825 129.743 177.555 11.5997 55.6306 23.0853 78.4018 82.8792 8.44411 61.9111 
50.4461 375.209 0 299.115 87.6393 7.13723 17.7855 268.822 367.884 69.8221 183.228 184.094 41.0677 11.8998 0.00342448 17.561 54.7067 52.1701 41.4912 27.017 21.7547 0.579119 9.30513 1.96664 8.68515 19.2865 5.08162 3.76895 
8.42291 279.836 184.016 0 122.147 13.8918 37.9129 953.143 331.964 0.0137302 91.5108 256.027 0.772908 15.353 3.14034 31.5306 6.06218 45.2796 26.8636 32.9114 669.574 4.33432 1.21447 23.5044 43.5968 13.2486 0.148372 2.33845 
268.3 520.782 181.845 160.269 0 327.691 55.861 89.6106 355.13 192.105 57.0202 136.261 122.716 34.4006 37.0396 5.71898 48.0301 5.16666 26.6905 3.78118 129.921 0.207718 56.3612 55.8466 38.3193 47.9241 41.2869 3.15692 
49.1206 53.2237 64.5516 28.4901 872.864 0 1552.81 203.044 26.8394 893.434 262.893 40.5273 158.074 20.4766 34.5597 26.9515 58.291 63.1278 28.3879 24.2221 5.99105 4.28647 0.306468 0.504605 2.00311 27.5764 10.2468 21.5224 
2.4761 376.5 237.657 188.953 0.750668 814.128 0 4.3645 136.363 49.4703 485.821 0.415736 118.791 94.9072 132.01 49.8213 2.32859 234.435 130.915 58.6546 45.1646 1.24536 62.1189 15.8876 87.9906 24.891 2.1164 60.9248 
0.057518 287.092 243.145 484.601 215.262 136.182 408.351 0 384.638 167.3 33.8804 250.81 96.6386 7.76469 0.00286378 243.801 11.6262 84.5111 115.416 44.218 0.00337755 66.7614 80.8845 26.9148 140.972 57.7301 100.105 133.946 
118.578 197.058 89.5653 78.6435 31.3283 25.349 1255.53 395.844 0 21.386 888.933 309.417 205.127 139.492 270.909 63.5141 97.8104 202.417 153.724 92.8559 176.027 6.8113 6.90729 84.1271 108.638 131.812 1.8137 99.0806 
152.525 55.1797 55.6085 88.3751 144.293 82.7345 113.4 62.8418 256.207 0 225.263 77.0293 316.027 8.97936 132.359 61.5191 28.2352 6.75205 75.963 0.331848 0.00405632 2.38574 59.7098 58.5964 66.463 38.1692 37.2806 10.5245 
189.439 45.2906 222.51 133.834 252.224 0.625024 38.3193 123.907 358.24 320.101 0 58.5813 0.907917 165.474 393.528 117.192 84.5966 149.551 12.8127 8.34652 123.357 9.6208 26.6476 19.7637 144.81 6.15597 2.9596 90.0964 
190.243 180.488 126.9 49.1296 148.584 151.839 43.0131 938.105 392.425 246.733 474.986 0 154.56 132.582 88.0745 289.444 25.9405 75.5886 0.220137 80.6098 125.795 70.2183 77.5829 81.5388 346.444 225.865 39.3544 83.8498 
8.59151 92.5433 1.00779 48.3568 33.5734 183.464 2.29687 0.956061 43.5965 331.483 72.5577 156.186 0 112.065 7.85884 62.931 6.37811 3.37252 2.46629 22.1139 46.8276 21.6774 0.446839 59.6087 51.796 11.6458 39.1349 8.46947 
34.6141 67.8129 0.0858004 1.17558 9.70362 2.30807 55.2428 90.1759 83.9556 24.3129 191.76 153.992 1.5347 0 19.6197 10.8708 10.303 29.3898 24.861 4.21642 34.3296 1.3387 8.01377 10.0238 11.6448 0.629339 6.74891 1.15555 
57.8326 1.42679 29.8466 38.824 41.9555 30.6388 113.524 161.445 146.203 3.76427 350.891 24.6374 21.2296 61.7697 0 80.5865 16.4532 46.3082 4.89684 10.6525 56.9062 8.22418 24.4425 1.54927 0.0498454 30.5065 9.9257 0.515507 
70.7033 77.5371 9.10615 39.335 65.4551 3.30276 72.7473 229.069 71.5567 90.7587 1.35768 6.61339 74.5145 4.0008 0.0194383 0 25.4319 1.22561 27.4284 4.67367 0.0280238 5.19663 10.6069 19.7551 4.01631 21.9674 10.4809 0.0230575 
19.7848 143.886 12.9847 42.1597 150.606 37.2489 103.538 95.0942 25.7481 78.3784 22.6989 30.454 64.1582 21.2155 26.4282 26.0954 0 9.13236 36.0553 2.19608 5.70725 0.0680447 6.26353 13.4568 27.7371 2.56742 4.60333 0.679143 
25.6868 407.717 156.428 145.362 191.951 5.20067 148.374 175.713 24.0997 126.579 1.32097 40.5399 21.1168 42.8612 28.6455 43.669 122.45 0 0.729515 38.2301 16.0143 20.0503 42.4385 44.375 37.9514 14.3935 1.43614 12.657 
78.9489 25.4108 45.619 19.1317 135.998 53.0001 74.237 87.857 110.349 102.728 4.39838 99.3281 5.08345 8.7741 38.3978 5.14694 226.928 109.516 0 17.262 44.7694 0.507811 1.02434 18.1335 25.7812 26.9128 24.0664 25.7727 
3.55467 62.4281 20.2796 0.116172 4.47453 22.5635 92.8694 36.4803 7.4537 0.26121 26.6023 73.4036 23.6858 1.15855 11.6374 9.22976 22.5742 12.5925 0.0596254 0 72.1974 0.0916717 2.37998 6.25366 12.1368 0.522673 5.83903 10.9798 
65.8863 175.463 0.0461975 29.8484 13.354 3.27455 44.6868 103.443 8.46752 7.56213 134.263 44.9784 1.50802 0.00732598 11.8244 62.9862 61.7148 80.3354 64.0957 10.3521 0 0.523949 9.0338 6.94295 1.49763 13.1071 43.3053 28.5065 
8.36768 48.227 2.91234 0.00323598 51.1332 19.809 54.873 67.1987 68.9864 24.6339 69.5218 74.6627 30.7473 2.08301 15.4566 7.43044 21.0136 4.0694 0.0416867 4.44039 5.57 0 5.03948 9.71844 20.0981 10.7854 3.99475 0.446827 
10.996 54.785 10.064 1.87565 29.5189 6.29165 42.1523 78.5847 1.62905 42.8803 92.7564 121.198 35.2075 9.34796 25.1046 1.65877 14.4437 31.9655 3.77391 3.7266 35.983 12.1971 0 14.9913 1.76544 9.77741 12.0614 0.0536452 
57.7202 37.7408 15.6655 24.6224 40.1816 2.09485 5.24015 73.7814 0.318839 22.9939 88.7544 92.48 65.1229 9.68049 27.2103 29.2934 3.03234 1.1092 2.32601 2.63831 47.7957 10.5475 19.6351 0 22.7371 16.6964 17.6919 13.6364 
58.4956 27.273 20.6273 25.4753 59.3542 4.98369 61.8873 149.592 4.62625 70.8143 133.44 613.713 18.3695 2.89519 8.56079 56.8137 26.3367 25.8342 17.2532 4.64477 49.4871 29.3937 24.0783 31.8468 0 51.8745 169.856 83.626 
8.42154 7.49197 12.3271 42.5146 46.4568 1.6315 54.1354 30.1132 131.758 1.47935 120.084 293.748 11.0799 8.16136 30.9207 14.3999 22.3353 23.5977 3.36629 1.27976 17.7511 0.959632 10.3264 6.37316 11.3645 0 36.5721 36.2176 
37.2942 4.09471 19.3066 18.9609 0.0257664 4.41758 13.0608 0.249704 18.9846 8.72473 46.3924 115.375 23.521 5.98182 5.94161 0.534151 0.366222 12.1868 3.10088 10.8056 28.6069 11.6493 13.0735 3.80816 20.6699 0.0123394 0 78.839 
36.5557 34.1572 18.902 0.0789505 44.2944 12.2792 12.0292 131.286 93.7298 13.3176 6.48907 176.246 42.6278 7.09312 2.92416 0.231262 0.396261 3.44371 26.6573 0.961601 47.653 9.20405 9.73692 11.7637 18.736 63.4139 55.0955 0 
