0 147.927 59.2357 372.945 269.303 134.368 23.6606 65.7547 294.078 18.6231 116.865 49.029 65.3647 18.2477 3.66244 37.9992 144.163 52.8243 79.6536 4.10195 83.3852 19.3761 32.2859 17.3189 62.338 6.59026 44.563 16.1611 
446.255 0 171.934 333.378 399.676 70.8451 106.574 0.0452405 284.721 117.913 137.11 114.562 142.356 50.9732 0.389302 17.8923 174.051 398.065 132.917 131.549 178.067 11.9643 55.8037 22.4536 122.473 83.0577 8.12494 61.6432 
44.2197 401.283 0 298.69 93.0329 5.97259 22.9637 265.329 390.374 72.2531 176.851 185.289 40.0411 12.1277 0.0293121 17.9549 54.4882 48.4331 42.4024 26.8514 19.7511 0.537338 9.43365 1.83971 8.31214 19.6952 5.23908 3.57887 
48.1928 331.716 212.744 0 125.342 58.8872 42.4716 274.497 374.164 0.0935622 96.3433 253.914 0.59783 15.6441 2.79892 32.3164 50.2268 48.0297 27.7241 33.9325 311.65 4.22242 1.11006 23.7404 87.6264 12.4722 0.19161 2.12478 
268.964 526.773 183.687 159.107 0 353.271 45.0055 93.516 355.485 180.92 61.5816 138.454 125.703 33.5333 35.6576 6.22542 50.6418 6.72093 20.928 3.21856 130.315 0.276155 56.3766 55.7334 39.0084 47.1757 41.0208 3.38903 
95.6124 90.4175 63.8098 73.8007 229.114 0 1105.78 200.35 84.2642 473.576 266.142 43.2341 527.519 20.6463 33.9004 27.0466 102.237 60.8884 26.5826 24.1769 5.49097 4.10279 0.362669 0.57616 45.7419 27.6427 10.4175 21.4058 
3.94611 398.347 241.384 191.746 2.81843 870.689 0 2.03925 230.331 66.1853 486.968 1.05624 123.663 94.413 130.284 48.0321 2.75657 234.375 133.075 57.2067 43.3498 1.07246 62.7569 15.1627 87.4575 26.269 1.92005 61.5439 
0.0461339 284.836 236.612 506.996 216.646 141.556 409.75 0 353.199 163.34 39.8967 319.07 94.7534 8.88805 0.0746956 239.105 10.9841 81.8901 115.676 42.4205 0.0960526 66.8695 79.6654 24.8351 145.129 64.0357 100.244 133.418 
168.204 254.153 68.5506 133.445 25.8462 82.4336 1190.05 364.547 0 15.6777 1002.41 299.339 205.357 137.554 261.516 60.416 142.529 200.308 153.226 91.8113 174.604 6.42996 6.17852 83.0921 153.936 133.179 2.05626 98.8883 
151.626 60.275 53.1055 86.8744 133.178 67.3649 92.2268 66.9236 268.718 0 194.109 72.0213 310.049 7.99589 132.968 63.209 29.1792 7.70005 78.0369 0.443723 0.00193933 2.69618 59.4893 58.8691 66.9576 36.9819 37.6307 10.0349 
190.424 41.0836 218.406 129.195 254.092 1.79627 28.7508 133.501 407.961 287.37 0 71.3877 0.348628 170.749 384.465 110.087 85.1866 151.076 13.845 8.953 124.757 10.1689 28.7097 18.1267 145.254 7.59794 3.3047 91.2752 
193.464 183.583 122.682 43.1158 146.604 150.521 38.4834 976.814 395.886 246.625 485.087 0 155.316 129.354 79.1196 256.279 26.6589 73.748 0.13451 79.6565 123.71 70.6443 75.3315 76.731 365.298 246.425 41.0622 87.7988 
9.30332 90.3499 1.26216 49.2133 31.0731 181.887 1.40664 1.29725 46.7287 330.362 77.8374 155.509 0 117.062 9.33209 64.2458 6.73304 3.78721 2.8225 22.5112 47.4731 20.2397 0.217511 58.8092 51.4749 12.1552 39.0947 8.7784 
35.1609 67.4171 0.0533781 1.31482 10.3101 2.09889 56.8716 92.2054 81.0697 22.846 195.493 151.833 2.84686 0 23.7954 11.5662 10.1407 28.8875 25.0072 4.24261 34.667 1.45579 7.62375 9.90986 11.8762 0.723428 6.64608 1.07552 
58.5332 1.09348 30.2699 38.9749 40.5461 29.8738 116.051 164.337 152.43 2.67109 335.093 30.4819 19.0932 61.9747 0 76.1326 16.6996 45.6017 4.62986 10.5851 57.0712 8.45355 24.6889 1.22023 0.104961 30.6451 9.71612 0.614065 
69.9022 78.1884 8.68813 38.8178 64.8241 3.02181 71.0943 222.9 74.7077 90.3525 2.66688 1.16279 73.5161 4.58621 0.327434 0 25.4973 1.05493 27.2537 4.56779 0.0055781 5.33942 10.3813 20.898 4.42455 22.868 10.2506 0.0538365 
64.6496 188.944 13.6651 85.2722 151.382 81.7867 102.857 95.5144 68.4683 78.8725 23.4964 31.2026 64.2588 21.2782 26.2644 26.0768 0 12.8567 346.692 2.36895 5.38204 0.0835618 6.37956 13.5906 71.616 2.69041 4.70518 0.731369 
22.48 402.183 154.726 145.66 188.031 4.33995 153.089 176.6 26.5551 128.058 0.943381 38.9217 22.0416 42.455 29.385 44.2431 132.126 0 0.405786 36.9731 15.0539 19.7598 42.2683 44.5931 37.4272 14.9109 1.33205 12.3107 
77.3179 27.9468 44.7545 19.9356 125.398 54.926 71.3166 86.6571 108.116 104.302 5.03468 99.095 4.60757 9.00973 38.4431 4.93726 233.481 111.867 0 16.8645 44.1131 0.456865 1.09957 18.2887 25.5966 26.7392 24.0983 25.6973 
3.64391 59.1289 19.8111 0.250107 3.86273 22.3839 92.4319 38.2155 8.25569 0.177141 27.5398 74.4767 24.0811 1.19336 11.6113 9.27347 22.2463 11.7148 0.0961048 0 56.1688 0.101314 2.34908 6.26706 12.0487 0.472491 5.76221 10.9393 
60.6404 176.272 0.207285 18.8141 12.3744 3.66952 46.5165 107.074 7.28814 7.00247 135.368 47.0999 1.69533 0.0210365 12.3022 62.9986 61.3555 81.7128 63.6556 18.5669 0 0.476316 8.76929 6.63682 1.69526 13.681 43.3977 28.9465 
8.60753 48.442 2.99841 0.0077796 50.809 19.7236 55.2985 67.1342 68.8299 23.8729 70.0486 74.4082 29.1439 1.94703 15.3056 7.29053 21.0396 4.24259 0.0279432 4.47671 5.71681 0 4.70699 9.49728 20.2141 10.788 3.90457 0.417523 
10.6271 55.0037 10.1809 1.7476 30.0791 6.48588 43.0633 79.8249 2.023 42.0981 95.082 120.196 33.3351 9.14634 25.2038 1.87402 14.5495 31.6389 3.90768 3.7447 36.1738 12.4772 0 16.0769 1.52399 9.84203 11.9662 0.0399212 
57.7693 37.1002 15.6586 24.4211 40.6715 1.9622 5.7075 76.4421 0.181212 23.787 86.5939 87.6162 65.6796 9.81888 26.9212 29.2834 2.93486 1.2321 2.21954 2.58392 47.74 10.3394 18.9821 0 21.2425 16.6843 17.5419 13.7152 
103.076 71.9373 20.2629 69.9659 58.8932 48.9909 60.675 145.563 47.8391 70.6022 134.912 30.873 17.8062 2.70459 8.06235 64.9471 70.2442 26.3731 17.0079 4.77086 49.9602 41.9289 23.6828 34.6722 0 34.5715 134.908 46.8422 
9.12119 8.13912 12.7747 42.1328 47.2109 1.45181 52.5629 25.4666 133.128 1.8243 116.801 274.807 11.5802 8.36577 30.9294 15.363 22.4957 24.1902 3.20404 1.35853 18.3856 1.01274 10.3477 6.65609 11.031 0 36.8603 38.6697 
37.6764 4.33211 19.3275 18.7031 0.0119003 4.27729 12.6136 0.140429 19.6601 9.05671 45.472 116.101 23.8044 5.87735 5.75061 0.46006 0.39873 12.4556 3.2003 10.826 28.9145 11.5922 13.0189 4.02392 22.0651 0.000342006 0 75.6829 
37.1726 34.7985 18.718 0.0428408 44.7076 12.5165 11.4218 130.444 93.1237 12.7824 7.23469 175.973 42.4502 6.95758 2.71495 0.160798 0.436631 3.24452 26.6237 1.01484 47.4257 9.25288 9.77597 11.6269 18.1569 63.0245 59.1993 0 
