0 237.633 171.721 220.697 35.9107 189.185 267.495 295.921 220.623 154.941 193.573 61.5355 90.6765 52.2069 49.8444 67.1304 150.443 1.64207 27.6594 167.277 233.589 32.3268 26.8267 1.32879 150.676 77.5048 17.422 11.9622 
152.505 0 74.6122 213.771 1.10134 184.855 447.562 22.028 362.828 191.066 167.33 190.01 124.144 67.8584 4.64066 84.6827 142.832 959.483 149.76 101.392 9.25005 0.20557 13.1304 1.52645 203.775 0.500661 25.565 0.0261865 
157.254 297.897 0 99.0468 56.0619 40.9049 126.751 275.441 56.2598 102.034 93.8099 127.102 5.25269 14.7766 0.00027607 10.6336 14.3233 141.881 20.8343 23.4098 97.4319 2.7914 8.08279 11.5401 2.14042 1.95627 7.26957 3.03293 
448.334 211.27 39.3108 0 160.135 155.443 44.3425 970.752 472.128 61.5244 10.3162 180.483 39.141 4.68675 30.596 3.1595 161.387 3.36304 51.387 38.684 213.983 3.35311 0.0533822 12.1733 151.682 9.99578 26.0336 31.1838 
43.3264 73.2335 0.571793 122.544 0 65.8297 178.871 199.475 59.7462 11.3051 128.816 157.155 162.385 68.2597 7.52448 14.3093 153.444 219.378 196.841 16.8772 52.8554 49.2157 3.89272 0.676564 60.9389 30.4186 27.6389 18.3202 
227.985 169.859 1.65129 170.255 763.585 0 399.347 75.3141 181.23 324.756 88.2987 35.8606 112.42 14.8656 32.0893 17.7078 146.833 5.23804 28.1397 2.51119 48.2664 0.152071 1.42864 0.216749 160.842 8.67089 0.791623 2.61402 
262.384 61.3067 227.621 26.5129 35.0921 434.058 0 408.339 64.8282 392.415 446.738 40.4878 217.52 16.4385 58.9272 61.9406 75.9741 8.19046 153.944 75.0394 82.6053 42.2319 2.97834 54.0206 3.52368 3.52099 54.8916 71.0099 
189.536 290.439 259.574 172.303 59.5378 214.324 0.472555 0 524.977 221.405 40.592 41.1446 78.0042 121.008 78.4097 248.785 52.5983 0.063112 104.366 84.1746 206.794 13.1538 13.7708 22.6017 0.269463 88.6821 49.3929 7.3192 
405.644 292.156 428.879 224.227 347.254 179.4 1294.88 515.622 0 10.8229 921.602 64.4564 123.346 114.67 135.934 141.387 240.413 5.50617 149.995 13.3622 186.92 69.7978 19.0236 0.849795 177.703 135.944 79.4942 48.0714 
26.9063 113.377 6.27889 8.82872 0.562449 513.55 461.42 1.43539 280.869 0 289.897 16.5423 296.658 14.7505 132.399 28.8497 13.538 49.2239 45.3828 4.8086 33.5862 27.9734 7.06893 1.20437 15.2271 44.7346 0.415561 0.325811 
73.2763 196.526 148.884 200.99 3.75836 240.108 122.9 134.577 196.285 384.55 0 494.631 16.6536 213.294 93.2063 152.754 15.8532 37.2214 85.4136 4.3528 18.9412 70.4266 51.8387 56.2658 100.449 154.277 52.8717 61.7007 
203.332 123.233 184.031 0.0567601 12.1856 153.913 0.732958 281.743 25.9461 106.586 293.263 0 83.7155 165.642 245.302 294.594 14.0545 134.659 75.9965 47.4163 0.0360855 35.2257 0.741968 2.54458 35.0528 256.475 81.5312 169.55 
0.131205 59.2742 65.3471 3.86919 33.6107 137.8 60.4927 138.458 178.857 247.973 151.557 35.3718 0 1.88353 13.7175 70.3826 33.1469 53.8451 3.32603 7.121 5.59434 1.94951 91.0393 66.3957 19.4863 26.4856 34.5407 5.85859 
52.8387 51.8692 0.360484 19.9842 4.13024 8.50985 17.1444 91.909 141.85 32.1798 207.349 164.352 113.572 0 9.04971 5.05849 4.44534 34.3848 0.183823 1.68319 0.763318 0.251796 7.42622 9.6452 12.8844 2.66928 8.1468 0.759246 
9.37672 0.249561 29.5537 14.5852 10.4344 35.7843 140.053 42.5911 31.567 0.102802 36.7034 29.5382 88.8355 15.4333 0 11.9542 5.02167 9.20144 8.59104 1.58209 15.4812 3.68862 13.54 2.31637 24.8742 0.132618 0.0608654 23.3463 
41.8927 41.7969 12.305 12.3033 65.2594 16.0445 38.6191 256.848 21.5662 85.6271 1.52273 493.547 6.37658 12.0983 89.5428 0 23.8538 39.0845 11.6843 0.609457 0.715497 1.44482 4.73866 22.4678 6.51799 24.0159 18.3325 17.8233 
230.054 201.774 54.26 194.774 79.8485 173.526 44.0643 34.5421 164.393 66.8715 78.5505 10.6955 8.15938 21.9403 30.0241 25.9103 0 164.268 562.261 33.2545 54.2537 20.1983 19.0378 19.9217 169.503 3.84412 14.7338 22.039 
15.8961 271.841 29.1091 70.2507 66.5367 63.2209 45.9227 125.224 209.368 146.48 163.549 105.784 82.1963 19.9346 63.562 48.0376 278.007 0 130.568 0.202974 26.5103 0.225303 44.9327 26.4509 47.1335 54.7662 16.2651 18.3148 
25.5719 33.4092 59.3619 56.848 289.853 70.645 5.06384 107.044 142.415 19.1177 100.943 12.5117 28.5073 8.11265 18.901 30.3925 93.6979 84.8317 0 1.5198 50.9427 0.673153 0.640084 20.2788 29.6634 27.5714 2.84294 13.8393 
193.951 99.3782 13.6011 1.66617 18.1977 0.323542 94.5226 6.75395 85.4615 10.2843 19.7535 2.39995 5.99115 0.0217282 0.344545 8.85668 1.47003 12.1074 11.4052 0 0.432046 6.12598 1.95088 2.31359 1.87557 5.01385 0.515089 10.959 
241.25 5.69987 126.71 34.3089 102.989 12.9695 114.167 120.773 33.1185 11.5128 30.788 168.171 16.3776 28.4339 57.8464 62.3714 53.5286 66.6119 28.3738 114.159 0 31.0035 15.5674 47.9571 55.8759 34.7678 42.3557 0.253039 
21.6873 24.1044 0.641141 0.116876 20.552 14.4456 34.6559 21.5523 10.1022 60.8387 58.5928 6.31487 5.89955 7.34709 7.15329 10.9265 2.97894 30.0215 1.74071 3.98396 29.7214 0 7.83958 10.6743 22.3836 6.46056 2.99221 1.37212 
44.5167 15.2133 8.92679 0.258836 40.3801 0.860161 0.906077 97.2649 56.2347 0.601349 115.561 17.5683 58.2951 5.21845 10.9955 8.02391 14.4147 38.9075 3.03889 3.94042 30.7442 9.65171 0 3.47965 12.5934 0.412592 9.53198 8.82863 
49.3118 0.40871 9.80664 0.34516 15.7384 2.81288 5.7392 79.3859 86.6686 35.3628 2.71489 0.634347 57.6729 5.78956 27.6721 29.0843 4.53657 4.07615 0.983135 6.3202 9.44636 9.85372 2.95252 0 14.7629 0.00249081 0.0323991 9.71461 
146.934 148.513 0.69486 142.892 2.09511 149.851 3.77672 138.385 201.728 0.829594 125.267 631.18 0.160157 1.90544 7.43837 67.837 170.149 9.32734 23.5693 8.91231 36.0785 65.9785 10.6865 54.9239 0 25.8315 42.7017 16.7052 
78.623 66.4511 0.00341734 40.6531 61.2804 15.0212 83.9214 11.5016 135.987 0.216427 1.31996 42.2098 25.7867 0.630993 0.0367386 29.7682 23.7806 47.2529 22.2192 10.8087 40.0782 1.3756 0.0141861 10.3257 30.8057 0 0.0298497 9.35685 
9.74975 0.282899 1.81321 2.11072 3.97848 15.7147 60.5257 49.8919 72.2132 12.9916 1.04336 118.342 33.4374 8.81608 1.33019 8.37748 20.6729 43.1912 23.9731 8.84678 40.9421 10.9182 11.2674 18.9424 27.5375 37.1621 0 15.0553 
54.824 45.1009 18.1421 26.5155 3.18307 21.7853 2.24674 12.2367 65.1771 1.04724 107.471 114.182 31.1569 6.36516 17.0096 20.0663 21.4313 7.15266 16.9199 0.234982 39.0644 10.0754 2.31691 14.3737 19.6937 53.8768 92.5626 0 
