0 443.621 10.4283 380.781 253.55 169.344 71.1529 135.449 270.678 5.64879 86.9449 86.5472 53.1727 23.5035 0.863813 49.2821 161.997 18.1142 63.7756 76.1416 35.72 22.1527 28.3293 12.0862 82.6464 13.4991 47.0537 11.2099 
635.683 0 0.502106 366.56 528.883 146.839 0.247657 15.8364 174.473 63.8161 189.391 151.315 131.108 42.9991 4.09717 27.8573 165.39 963.036 102.348 141.586 177.844 15.5859 56.8843 16.7147 136.544 83.2922 5.37281 58.5601 
4.18341 437.454 0 71.8691 141.734 0.0473335 95.4446 205.37 464.999 93.1651 109.892 186.271 30.3284 14.0818 1.50427 21.2758 51.3775 18.3459 50.3117 24.4046 5.20488 0.217936 10.5532 0.832724 5.06877 23.1857 6.79268 1.99359 
112.75 367.252 227.972 0 150.274 84.5371 92.5679 73.6118 327.306 4.30264 141.091 213.214 0.053449 18.2238 0.516218 38.6297 66.9896 75.3656 35.8965 42.2701 262.959 3.21729 0.34837 25.5435 101.262 6.00635 0.866837 0.595698 
258.104 467.815 186.15 140.751 0 412.551 0.734364 130.832 331.157 79.0701 109.401 156.955 151.003 25.4641 23.2966 11.9198 76.531 30.6174 1.41785 0.126791 132.029 1.39505 55.9726 54.167 45.3676 39.8666 38.3404 5.95008 
134.386 61.6361 52.1166 100.787 1006.48 0 315.738 163.663 319.16 501.043 267.572 70.8822 565.472 21.7502 26.7688 27.2546 115.162 40.2114 11.7058 23.2944 1.80107 2.52954 1.11541 1.47128 58.2062 27.7243 12.0182 20.1012 
33.485 523.698 242.083 203.167 82.0166 334.952 0 22.9671 1276.52 291.69 427.717 21.0788 166.968 87.2213 108.697 31.6536 8.47964 223.784 149.402 43.2573 27.4458 0.0741416 67.8728 8.98721 80.884 40.2461 0.52999 66.7277 
19.884 249.482 156.56 357.597 222.964 185.784 380.308 0 85.454 122.799 114.966 951.357 76.4192 22.7044 11.065 172.174 5.74451 57.8064 116.525 26.4947 7.1444 67.3606 67.1072 8.83345 177.424 129.92 100.018 124.722 
235.168 383.717 14.0044 262.766 0.00856028 315.789 101.338 93.2305 0 5.96527 1424.75 192.974 200.706 113.788 185.985 33.2016 162.682 175.314 144.909 80.4981 157.438 3.334 1.24992 72.178 178.191 141.606 5.06102 95.5475 
139.122 113.86 30.5073 70.8041 42.3846 165.946 1.28004 108.111 361.554 0 4.97787 30.9418 216.85 1.41444 129.346 77.4884 38.3774 19.4036 96.3202 2.28091 1.12252 6.48647 56.2967 60.3996 70.4183 25.9842 40.7057 5.89823 
194.713 10.6416 164.416 83.8436 260.84 40.6378 7.19992 227.802 812.616 36.7659 0 232.025 7.96194 206.676 221.299 47.5169 90.033 162.921 25.214 15.5553 136.318 15.9449 50.4646 5.8672 144.567 27.8149 7.43764 100.891 
217.541 207.802 81.0332 4.59405 125.834 133.163 7.39405 816.807 395.485 233.94 513.441 0 159.344 94.8735 14.4853 13.6535 33.6813 56.5772 0.361309 69.6947 102.703 73.982 53.7193 35.3085 282.331 387.689 57.8292 124.041 
17.2286 69.1915 5.01096 56.8401 11.6723 98.075 3.73484 7.00902 79.4245 273.112 131.145 146.157 0 151.133 28.3508 75.0061 10.4853 8.8121 7.29465 26.2299 53.4233 8.67205 2.0729 50.2321 47.9284 17.3125 38.5085 11.8883 
40.1102 62.7358 0.125376 2.97396 16.7289 0.589282 71.5167 109.191 53.8144 10.7077 213.284 124.684 32.8836 0 58.6235 17.1566 8.62197 24.1316 26.1945 4.46316 37.6503 2.7467 3.15647 8.19108 13.8665 1.89884 5.66308 0.453105 
64.394 0.134381 33.2181 39.3636 27.7151 22.0958 134.843 182.711 202.718 1.64121 143.217 107.087 4.07276 37.5058 0 17.7939 18.9953 38.7182 2.44323 9.86785 58.0542 10.6088 24.8554 0.0593208 1.60147 30.598 7.75448 1.9444 
61.1399 82.8718 5.03611 32.5869 58.0829 0.946369 54.6359 146.867 103.847 83.2251 34.9537 152.175 62.2516 10.9678 43.5077 0 25.9602 0.0716533 25.4121 3.58129 0.639663 6.69454 7.8351 28.5077 9.77876 29.8745 8.07025 0.966172 
88.4078 208.975 20.5833 91.0891 153.781 100.992 94.9075 98.535 71.8319 82.4892 31.4401 38.4376 64.685 21.7593 24.5742 25.7431 0 74.2741 306.197 4.28867 2.75453 0.307891 7.4989 14.8239 84.831 3.97394 5.70544 1.31562 
2.43222 358.404 130.532 142.618 145.896 0.0383579 193.403 181.339 54.3133 139.449 0.510692 24.8379 31.4313 38.3655 36.4398 49.3547 219.99 0 1.99858 25.5295 7.31846 17.0367 40.421 46.3696 32.3779 20.0748 0.53882 9.21515 
61.2939 56.0133 36.0247 27.8714 38.566 71.7296 44.7949 74.6343 85.8391 116.407 12.9994 95.9031 1.23699 11.3021 38.4502 3.14073 242.985 131.403 0 13.1689 37.8172 0.107539 1.93196 19.678 23.7323 24.9421 24.3118 24.8683 
39.3085 30.2383 15.0575 3.91906 0.281454 20.3156 86.1939 55.3704 17.5685 0.186875 36.7449 83.6342 27.7543 1.53768 11.2634 9.57908 19.0623 4.84859 0.86277 0 7.85409 0.215519 2.05498 6.3471 11.1279 0.121206 5.03631 10.4886 
19.9706 178.897 7.28892 54.0361 4.85634 8.41201 64.5413 140.572 0.473759 2.73311 143.834 68.3534 3.98375 0.497425 17.1272 62.2707 57.5722 94.0802 59.0605 176.543 0 0.13754 6.42041 4.04557 4.13383 19.4964 44.0456 33.0341 
10.987 50.1503 3.85026 0.147051 47.3857 18.694 58.8026 65.9976 66.7814 16.9658 74.3282 71.2813 15.426 0.85925 13.674 5.94324 21.208 6.03139 0.0333304 4.80931 7.17461 0 1.97584 7.30846 20.958 10.7342 3.08448 0.188538 
7.38236 56.5287 11.1715 0.748386 35.3023 8.35434 51.3648 90.2007 7.73855 34.3383 114.583 107.291 17.1857 5.46976 23.9636 4.35171 15.5061 28.4525 5.2575 3.89592 37.7694 14.5238 0 20.7933 0.258276 10.2811 10.9434 0.0102531 
57.5384 30.9556 15.3578 22.1154 45.0455 0.907088 10.9745 100.516 0.786951 31.4276 65.1912 44.2737 69.3999 10.3916 22.4902 24.3222 2.08239 2.69709 1.32814 2.08139 46.8248 8.22526 8.6934 0 8.79063 16.0807 15.8418 14.2688 
122.344 92.9902 16.6154 88.8303 54.0428 63.8645 48.7898 103.197 58.135 67.3272 144.427 4.29236 12.7541 1.18682 3.9262 65.5307 83.7414 31.4947 14.681 5.99424 53.9991 41.933 19.1613 70.0209 0 100.439 70.9645 73.8139 
16.8375 15.355 16.9884 37.183 53.9835 0.261563 37.7922 0.49666 141.588 6.7567 83.5442 86.3235 16.6664 10.1702 29.6632 24.1782 23.9046 29.8819 1.85284 2.19832 24.6537 1.57496 10.3644 9.38067 8.95082 0 37.9766 57.8224 
41.1031 6.86558 19.3637 16.1864 0.141743 3.03968 8.69386 0.649036 26.393 12.41 36.7848 120.41 26.4274 4.89163 4.04993 0.0315964 0.771964 15.0756 4.20272 10.9675 31.7391 10.9949 12.3504 6.25124 36.6569 1.52271 0 38.2631 
42.8219 40.7738 16.795 0.242028 48.3491 14.7209 6.36184 118.999 86.0924 8.1516 16.0365 164.924 40.4808 5.66201 1.09339 0.126803 0.911561 1.64317 26.1798 1.57916 44.966 9.67415 10.0499 10.2206 13.7322 50.6902 88.5956 0 
