0 420.878 8.05599 327.439 250.948 125.1 75.8715 141.627 221.175 4.9001 84.4863 89.8692 52.1636 23.9453 0.718403 50.1915 116.474 15.9815 62.4317 78.6869 32.4907 22.3804 27.995 11.6849 37.5081 14.1576 47.2355 10.8324 
592.311 0 3.70049 317.857 530.983 107.222 0.117751 18.3482 119.41 59.7615 193.406 154.198 129.96 42.3177 4.57095 28.7337 117.633 536.401 99.6614 141.812 177.417 15.897 56.9279 16.2644 90.7649 83.1942 5.16848 58.2635 
2.71848 422.212 0 52.9481 145.312 0.000967774 102.654 198.717 458.306 94.6586 104.226 185.517 29.5392 14.2238 1.72143 21.5108 51.041 16.4048 50.8944 24.1375 4.40159 0.197825 10.6368 0.766229 4.82842 23.4376 6.92517 1.88131 
77.5775 318.745 224.785 0 151.823 39.8979 97.0104 719.635 273.579 4.91906 144.545 208.425 0.0985601 18.4197 0.408051 39.0429 21.5748 77.6558 36.5632 42.8236 706.386 3.13905 0.304359 25.6555 55.4422 5.55873 0.943529 0.51077 
255.872 454.48 185.136 138.704 0 396.115 2.21716 133.865 327.045 71.73 113.59 158.277 152.8 24.8172 22.3519 12.4566 78.7078 33.2608 2.78375 0.0561135 132.007 1.52471 55.8952 53.9989 45.8751 39.2511 38.1072 6.18948 
90.7163 14.4238 50.8391 56.1209 419.592 0 414.686 159.893 294.466 439.638 265.319 73.2615 77.0373 21.7991 26.1273 27.2157 69.2918 38.5894 10.7 23.186 1.58403 2.41424 1.19458 1.56191 12.4195 27.687 12.1484 19.9782 
37.06 525.71 239.349 202.845 92.5911 264.163 0 28.0082 1299.95 311.856 417.75 23.7891 170.179 86.4388 106.561 30.3775 9.08041 222.133 150.383 42.1079 26.2544 0.0437706 68.2156 8.53876 80.2268 41.4524 0.453654 67.097 
23.0424 245.561 149.103 349.764 222.927 188.708 374.643 0 69.6461 119.31 122.276 979.915 74.8867 24.0729 12.7616 165.367 5.38293 55.9087 116.464 25.2934 8.20889 67.358 66.0057 7.84652 179.4 135.463 99.876 123.722 
193.61 346.056 22.3919 226.496 0.10481 291.135 52.1224 76.7837 0 8.80509 757.636 183.881 199.782 111.461 195.41 31.199 117.395 172.895 143.946 79.4646 155.751 3.12144 1.00816 71.2005 133.12 141.92 5.36416 95.1528 
137.791 118.507 28.799 69.3614 36.7119 189.702 4.15864 111.611 366.45 0 1.43486 28.1872 207.123 1.10634 128.308 78.4937 39.1494 20.5728 97.6861 2.49342 1.3059 6.86395 55.9482 60.4397 70.6016 25.1127 40.9387 5.60008 
194.655 8.9716 159.057 80.1458 260.499 45.8056 11.1862 235.433 852.447 25.5484 0 247.038 9.60368 208.306 204.515 43.1119 90.3707 163.677 26.2683 16.1637 137.125 16.465 52.3903 5.14046 144.118 29.9514 7.84545 101.548 
218.957 209.344 77.6049 3.11992 123.984 131.378 5.87802 766.753 392.785 231.994 510.114 0 159.42 91.8334 11.2877 6.45712 34.2752 55.1962 0.463314 68.8076 100.893 74.1993 51.9562 32.3953 289.881 392.578 59.2379 126.825 
17.971 67.4441 5.42354 57.4236 10.4547 92.8635 4.7849 7.67377 82.2983 265.193 135.638 145.161 0 152.599 30.26 75.7361 10.8246 9.31164 7.74814 26.5313 53.8988 7.90736 2.54467 49.4563 47.5975 17.761 38.4438 12.1585 
40.4968 62.2788 0.16169 3.13646 17.307 0.504915 72.6367 110.379 51.6412 9.87528 213.237 121.999 36.5325 0 59.9967 17.4912 8.49856 23.7415 26.2761 4.47907 37.8782 2.86581 2.80026 8.00597 14.0117 2.01677 5.5817 0.41312 
64.81 0.23324 33.3693 39.3114 26.7152 21.4312 135.922 183.437 205.914 2.31063 127.401 114.51 3.30591 34.1416 0 13.8053 19.1808 38.1394 2.29173 9.80263 58.0882 10.7831 24.6938 0.126087 1.80031 30.4849 7.59574 2.08461 
60.334 83.1333 4.76626 31.9823 57.4714 0.82543 53.2431 139.772 106.117 82.3904 39.0225 176.593 61.1998 11.5084 48.7462 0 25.9857 0.0419942 25.2459 3.50187 0.759529 6.80544 7.60179 28.7908 10.3232 30.2921 7.89236 1.08978 
43.5914 163.402 21.1838 44.7026 153.576 55.6877 94.139 98.7053 25.3454 82.6992 32.1227 39.0431 64.6777 21.7898 24.4242 25.7029 0 81.0019 417.574 4.46866 2.57519 0.332581 7.59268 14.9227 39.0598 4.089 5.79073 1.37093 
1.67045 339.343 127.978 141.904 142.131 0.0015553 196.271 181.43 56.9132 140.163 0.728161 23.7878 32.2506 38.0105 37.0211 49.7472 226.302 0 2.50156 24.6367 6.7957 16.815 40.2503 46.4924 31.9566 20.5193 0.489012 8.97547 
59.9464 58.5829 35.2741 28.543 33.1802 72.9518 42.7542 73.5993 83.9443 117.158 13.8043 95.5625 1.05309 11.4951 38.4169 3.00858 238.94 132.759 0 12.8721 37.2941 0.0895072 2.01002 19.7857 23.5698 24.7822 24.3223 24.7909 
44.6831 28.1426 14.6504 4.40283 0.169244 20.1178 85.52 56.8178 18.4634 0.25246 37.5232 84.2998 28.0499 1.56714 11.2268 9.59538 18.7952 4.40689 0.959364 0 13.3698 0.226761 2.03068 6.3499 11.0455 0.102411 4.97673 10.4462 
17.492 178.705 8.30023 59.711 4.38428 8.87959 66.0645 143.202 0.271819 2.46655 144.364 70.1751 4.21302 0.564375 17.5465 62.1432 57.231 95.0363 58.6491 192.261 0 0.11868 6.23992 3.85774 4.37918 20.0027 44.0806 33.3633 
11.1913 50.2642 3.92323 0.166231 47.0766 18.5921 59.0474 65.8621 66.5679 16.4266 74.6216 70.9674 14.4418 0.78726 13.5249 5.83141 21.2155 6.19051 0.0446702 4.83578 7.30008 0 1.79333 7.12406 20.9915 10.7236 3.01979 0.173602 
7.13608 56.6097 11.243 0.683856 35.7237 8.50925 52.0157 90.9335 8.36242 33.6788 115.946 105.977 16.0252 5.08554 23.6927 4.58202 15.5811 28.1831 5.37511 3.90672 37.8835 14.637 0 20.6267 0.239733 10.303 10.85 0.0158885 
57.4636 30.4462 15.3144 21.8958 45.3828 0.837048 11.472 102.357 0.98973 32.0601 63.3912 41.0978 69.5766 10.3768 22.0087 23.5771 2.01792 2.84165 1.26423 2.04114 46.7186 8.04297 7.74734 0 7.99167 15.9927 15.6809 14.2985 
77.0195 47.8909 16.3032 43.5032 53.6066 18.2637 47.7907 99.5189 12.3989 66.9588 144.836 837.891 12.3633 1.08684 3.64013 59.6188 37.9944 31.9162 14.4894 6.0969 54.2945 31.5341 18.7389 72.1867 0 89.4051 34.8569 45.4419 
17.5528 16.0301 17.3272 36.6785 54.5077 0.205897 36.6056 0.115281 141.906 7.29031 80.724 73.3225 17.1103 10.3056 29.4537 24.8332 24.0115 30.3549 1.75681 2.27463 25.1872 1.62589 10.3508 9.60411 8.8712 0 37.936 58.8901 
41.369 7.09668 19.3537 15.9741 0.173411 2.94538 8.39764 0.814607 26.9718 12.702 36.076 120.553 26.6382 4.81107 3.91941 0.0185877 0.807964 15.2973 4.29015 10.9749 31.9644 10.9413 12.2835 6.44724 37.9013 1.77571 0 35.0567 
43.2691 41.2555 16.6233 0.301779 48.6261 14.898 6.00373 117.797 85.415 7.80799 16.8924 163.365 40.2961 5.55515 0.990304 0.174979 0.958104 1.53447 26.1331 1.63036 44.7393 9.7055 10.0647 10.0968 13.4595 49.0959 89.8757 0 
