0 773.935 0.640112 526.644 234.773 383.837 101.402 173.492 452.36 1.875 72.0071 107.233 46.9942 26.2284 0.181191 54.773 369.111 7.02837 55.502 76.4448 18.0408 23.5465 26.2632 9.70375 292.554 17.73 48.1111 8.97365 
823.09 0 63.9188 544.195 518.889 391.277 21.4862 33.8969 327.782 40.4618 212.922 168.456 123.584 38.78 7.38944 33.3354 358.814 1129.48 85.6868 141.478 174.266 17.5224 57.0423 14.0138 342.233 82.4111 4.17438 56.6421 
0.163065 312.382 0 9.56814 161.963 0.857277 140.397 162.143 395.627 101.615 75.9364 179.702 25.5428 14.9011 3.05189 22.6083 49.1321 8.01166 53.6903 22.6268 1.31452 0.109592 11.0436 0.466306 3.66834 24.6308 7.61485 1.35138 
393.364 546.005 207.197 0 158.377 297.533 119.811 802.304 479.591 8.69497 161.285 181.288 0.546049 19.3792 0.0517989 40.8663 275.246 89.3131 39.9471 45.278 516.228 2.74871 0.124547 26.1379 306.692 3.50095 1.38697 0.176285 
241.47 371.37 177.128 127.116 0 316.772 22.1384 149.142 301.495 38.5454 135.319 164.52 161.206 21.5551 17.719 15.3619 89.8435 48.2283 16.7886 0.141615 131.497 2.27915 55.3931 53.0434 48.4326 36.0705 36.8805 7.48502 
352.986 264.1 43.754 313.288 1088.11 0 697.648 139.273 645.287 546.704 248.455 85.5395 337.164 21.9461 22.7598 26.8828 320.304 30.5663 6.17303 22.5476 0.685095 1.85884 1.6406 2.06595 264.149 27.3908 12.812 19.3115 
57.7 513.842 219.252 198.148 153.334 67.9562 0 60.8694 1155.95 406.907 357.305 39.9869 185.459 82.0059 94.9595 24.0793 12.4591 211.919 154.465 36.261 20.4645 0.0132908 69.7758 6.39332 76.5966 47.7207 0.154432 68.8461 
42.5189 223.443 110.733 338.981 221.391 201.531 338.916 0 12.7401 101.328 161.384 1024 67.0164 31.5661 23.1893 129.135 3.7006 46.4501 115.842 19.4518 14.781 67.2413 60.2322 3.65941 187.617 163.039 98.8493 117.965 
465.969 633.799 92.4654 523.588 6.03997 642.579 60.1507 16.0549 0 31.637 942.968 138.089 193.794 98.8586 135.636 21.6797 371.362 159.754 138.372 73.9539 146.511 2.13487 0.173417 66.0282 387.863 142.59 7.05062 92.849 
130.309 142.318 20.5751 61.7656 13.5297 328.452 43.8759 129.543 383.435 0 16.8887 15.8631 155.47 0.116787 121.331 83.1584 43.1301 27.0211 104.276 3.727 2.46379 8.94835 53.9655 60.4362 71.2905 20.7625 42.0838 4.17782 
193.363 2.59585 130.402 61.7099 256.599 75.9091 44.676 273.048 941.849 0.0558702 0 323.777 20.3219 213.07 120.603 23.2949 91.9512 166.998 31.9341 19.4302 140.889 19.2327 62.457 2.14339 140.894 41.8484 10.0946 104.575 
224.739 216.063 60.4293 0.0338346 114.223 121.496 0.807628 472.429 372.886 220.012 479.984 0 159.189 76.1062 1.06436 11.7927 37.357 48.2208 1.18623 64.1209 91.4767 75.1731 43.0633 19.0931 333.123 397.156 66.4753 140.334 
21.9816 58.5392 7.77741 60.2953 5.20935 85.6465 12.1531 11.534 97.2914 219.3 158.452 139.538 0 156.357 40.6612 79.0565 12.6362 12.073 10.2709 28.0644 56.3017 4.49442 5.69707 45.3428 45.8106 20.1121 38.0723 13.5766 
42.4246 59.7728 0.419992 4.02813 20.38 0.17269 78.1111 115.891 40.8485 6.07373 209.29 107.445 57.1092 0 61.3315 18.7947 7.86975 21.7482 26.6552 4.55514 39.0029 3.50234 1.21891 6.98023 14.7057 2.66722 5.16384 0.235926 
66.7732 1.16637 33.9115 38.8424 21.7629 18.0199 140.203 185.149 219.421 7.48845 56.4461 153.268 0.611148 17.1309 0 0.937864 20.1239 35.1499 1.58524 9.45393 58.149 11.6647 23.4653 0.855777 2.99135 29.6494 6.79023 2.87342 
56.0291 84.1656 3.47292 28.7127 54.2125 0.331659 46.0868 103.283 117.255 77.5714 62.5042 308.397 55.5676 14.1588 73.331 0 26.086 0.0139024 24.3598 3.10011 1.53541 7.37041 6.37754 29.2623 13.3097 31.9636 6.98779 1.83484 
300.367 415.222 24.3176 293.243 151.56 309.7 89.9419 99.3883 273.617 83.5609 35.6873 42.1698 64.5379 21.9243 23.629 25.4666 0 117.931 230.704 5.4428 1.74536 0.474301 8.07791 15.4231 290.758 4.70169 6.23563 1.67211 
0.00734127 227.807 113.841 137.173 122.447 0.584597 209.625 181.169 70.8631 143.258 2.44838 18.6883 36.5511 36.149 39.996 51.6872 254.777 0 5.9521 20.2087 4.39948 15.6828 39.33 47.0651 29.7856 22.8411 0.2707 7.78306 
53.02 72.1791 31.3806 32.0108 11.4541 78.7093 32.7706 68.2016 74.1636 120.372 18.2712 93.6319 0.339471 12.494 38.1647 2.3695 209.274 139.016 0 11.3721 34.6031 0.0228562 2.43324 20.3224 22.7146 23.9344 24.3591 24.3714 
76.3552 18.3251 12.5531 7.27364 0.0407194 19.043 81.7055 64.261 23.332 0.743826 41.5507 87.4821 29.5482 1.72075 11.0198 9.6573 17.4157 2.45624 1.53409 0 62.0311 0.288902 1.90584 6.35513 10.6071 0.0306379 4.67143 10.2161 
7.22185 176.738 14.4342 60.006 2.32895 11.4536 73.9258 156.229 0.114092 1.30795 146.667 79.6308 5.48666 0.974279 19.7461 61.3288 55.4112 99.7725 56.4629 266.375 0 0.0436122 5.34557 2.95709 5.74228 22.657 44.2163 35.0326 
12.26 50.784 4.30409 0.283213 45.4272 18.0289 60.1949 65.0669 65.3659 13.7457 75.9806 69.2252 9.81652 0.464017 12.7281 5.25795 21.2391 7.03547 0.129069 4.96945 7.95735 0 0.981479 6.17765 21.0997 10.654 2.6948 0.106409 
5.92503 56.9174 11.5847 0.396734 37.8605 9.30312 55.2581 94.3714 11.9103 30.2692 122.25 98.7131 10.5919 3.13768 21.9409 5.79769 15.9574 26.785 5.99395 3.95821 38.4269 15.0698 0 18.4452 0.355184 10.3799 10.3504 0.0642031 
56.9464 27.8317 15.0472 20.7044 47.0547 0.519635 14.1671 111.324 2.39274 35.2947 54.1809 26.2302 70.1614 10.1513 19.3291 19.211 1.70088 3.64028 0.959263 1.83759 46.0997 7.09747 3.41572 0 4.66288 15.4536 14.8106 14.4121 
330.868 303.085 14.6839 297.402 51.2851 270.912 42.6482 80.6591 264.939 64.8427 146 905.51 10.4249 0.63862 2.32275 35.3491 289.819 34.0765 13.5071 6.62724 55.7169 15.7195 16.4931 77.7818 0 16.7085 130.184 56.005 
21.3908 19.6702 19.0284 33.892 57.1074 0.0244558 30.6447 2.36334 142.591 10.313 66.336 21.3495 19.4409 10.9619 28.1426 27.8946 24.5381 32.787 1.30124 2.68229 27.9577 1.89817 10.2457 10.7352 8.69152 0 37.4091 62.7237 
42.6927 8.33547 19.2711 14.8748 0.386376 2.48019 6.94334 1.95865 29.9927 14.2366 32.4659 120.773 27.7075 4.39998 3.27442 0.00589613 1.00554 16.4488 4.75076 11.0029 33.1023 10.6559 11.9132 7.47683 44.1708 3.36115 0 19.802 
45.5144 43.697 15.7136 0.711368 49.9909 15.7938 4.31403 111.065 81.7195 6.14187 21.5711 153.953 39.2951 5.00853 0.538358 0.542986 1.21489 1.03272 25.8692 1.9042 43.5195 9.85832 10.1213 9.44565 12.285 40.0209 92.9463 0 
