0 156.32 167.773 144.744 32.8536 121.302 267.086 297.926 150.976 155.292 193.875 64.1472 90.0217 52.3376 49.2927 67.7225 83.8526 2.28138 26.6826 173.625 235.136 32.4831 27.1157 1.20423 84.1923 77.7321 17.695 12.2979 
92.6584 0 91.8768 155.394 0.101195 123.016 435.409 19.6658 305.562 194.281 163.626 188.094 123.018 68.1094 5.06933 84.707 76.6238 416.562 151.316 103.385 10.1674 0.170727 12.8094 1.66479 138.195 0.62152 25.2692 0.0117874 
152.859 275.721 0 119.118 52.7999 42.1699 133.062 274.481 44.6621 100.979 89.0671 129.871 5.613 14.8835 0.0034255 10.3465 13.861 143.665 21.4529 23.1547 98.9479 2.73537 8.17674 11.4255 2.28604 2.11302 7.15478 2.91675 
389.63 152.802 18.5499 0 160.833 90.1685 41.2312 828.467 404.795 62.8081 11.7788 175.609 38.536 4.52243 30.2334 2.85405 94.8346 2.7984 50.9389 39.2646 718.98 3.28494 0.0391154 11.926 85.9729 9.52344 26.1177 31.0499 
40.0132 85.242 1.03591 120.374 0 50.1772 167.787 197.825 64.8607 8.74051 125.188 156 161.125 68.062 7.02058 13.8224 153.651 217.667 190.007 16.1222 53.9362 48.9727 3.70519 0.75774 60.6598 29.893 27.4003 18.0102 
160.081 100.373 1.27002 105.18 103.412 0 298.971 71.759 125.717 194.9 82.6687 37.5875 527.487 15.0818 32.567 17.9865 80.4645 5.85518 29.3583 2.37493 47.6502 0.127134 1.35472 0.248315 94.5115 8.42924 0.836371 2.51401 
263.592 72.3075 223.906 29.136 29.1773 367.217 0 409.373 109.855 377.314 453.419 43.547 218.043 17.2721 56.8355 63.1099 75.0936 9.43779 153.335 74.2295 83.9005 42.6341 3.22823 53.5113 3.20166 3.9197 54.6776 71.2072 
194.693 291.386 256.359 199.245 57.2109 213.882 0.0600964 0 541.699 222.023 44.8731 23.5384 79.3153 121.598 75.4872 251.121 53.2725 0.145419 104.924 83.05 207.126 13.4746 13.101 21.3025 0.085466 93.3552 50.2288 8.03771 
340.067 217.557 439.221 165.567 345.108 123.673 1271.66 532.775 0 8.07191 96.4397 70.2834 120.87 116.552 127.905 142.449 174.913 6.33604 150.561 12.6919 186.801 69.8334 19.8024 1.02853 112.841 135.175 79.5406 48.911 
28.2622 109.403 7.06179 8.1258 0.114269 509.033 471.144 0.996393 288.739 0 268.137 18.4074 301.813 13.9316 131.896 29.9768 14.0293 50.6077 44.0111 4.55888 34.2651 27.4572 6.70754 1.05738 14.693 43.9532 0.47004 0.264974 
75.3388 199.868 144.111 200.179 4.67188 243.986 112.097 141.072 231.289 363.348 0 499.724 18.6128 213.225 81.3984 148.26 15.394 35.944 84.3397 4.6522 19.7791 70.7636 53.4965 57.7977 98.7758 155.501 53.4695 60.678 
205.135 120.587 183.115 0.317836 11.3346 153.176 0.360889 328.235 22.2455 102.992 280.433 0 82.198 165.211 241.225 316.216 13.6733 133.874 76.5827 48.2591 0.0974804 34.7065 0.993873 3.35039 48.9027 242.976 82.6585 170.527 
0.198 57.8058 65.772 4.1454 35.3195 132.513 63.4342 137.794 180.527 255.4 155.329 34.118 0 1.15095 12.5283 69.6187 32.7549 54.611 3.06573 6.92532 5.82376 1.63324 91.1348 66.0554 19.1047 26.8982 34.414 5.68362 
52.73 52.3972 0.411219 19.8404 3.86235 8.28425 16.3133 90.5564 142.369 31.1249 205.851 164.913 110.175 0 7.08731 4.65121 4.35865 34.7065 0.212198 1.70899 0.833504 0.21791 7.69926 9.74121 13.0249 2.55601 8.20922 0.715123 
9.78307 0.359093 29.8466 15.003 9.84913 36.1797 139.473 45.1123 28.8188 0.277584 28.8847 25.6375 87.1629 18.0247 0 15.1699 5.14535 8.86455 8.81721 1.63373 15.1352 3.56463 13.0399 2.0449 25.1771 0.0817022 0.0772831 23.3609 
41.0912 41.0006 12.5957 12.8483 65.674 15.7556 39.7776 258.012 20.1214 86.2153 0.849215 489.734 5.8482 11.6409 89.0007 0 23.9308 39.4912 11.8677 0.575588 0.615249 1.50789 4.9393 23.1543 6.2939 23.4382 18.2799 17.6109 
163.222 133.916 54.422 128.948 77.9833 106.905 44.9968 33.9009 97.6089 67.405 78.0713 10.356 8.42147 21.9214 30.0409 25.9352 0 170.673 395.588 33.3226 53.9302 20.2355 19.0248 19.88 103.356 3.94131 14.6542 22.1004 
17.7125 254.964 31.2031 72.2158 69.5372 64.7131 43.3469 123.596 208.272 146.396 164.174 104.652 82.8338 20.2601 63.8278 47.6848 280.176 0 131.755 0.292503 25.7218 0.197946 44.9064 26.7163 47.4274 54.5067 16.4583 18.0575 
24.6223 31.5804 59.1102 56.5076 286.995 69.5519 4.39775 106.532 141.506 18.0964 100.003 12.0627 27.862 7.95993 18.6307 30.4232 90.9787 83.0658 0 1.41553 51.3526 0.713709 0.679978 20.3658 29.5984 27.6759 2.77982 13.7137 
198.161 97.3273 13.2514 1.94651 17.42 0.273668 94.6109 7.3439 86.2715 9.93715 20.3221 2.14471 5.80903 0.0182563 0.370342 8.81678 1.56512 12.6975 11.652 0 0.00745829 6.13638 1.93009 2.34911 1.93672 5.09689 0.493647 10.9857 
242.016 6.43264 126.898 28.4517 102.072 12.4978 113.096 118.38 31.6365 11.975 31.8031 168.057 16.0204 28.177 57.787 62.4651 53.8554 67.5744 28.8121 127.196 0 31.0625 15.3609 47.9491 56.0934 35.2326 42.2671 0.296207 
21.8829 24.3936 0.671219 0.131533 20.8904 14.3066 34.2287 21.9289 10.4094 60.8963 58.1093 6.03117 5.35101 7.23713 7.304 10.872 2.91889 30.1973 1.80412 3.95838 29.645 0 7.60191 10.8092 22.396 6.52069 2.93731 1.40545 
44.6468 14.8758 9.01568 0.226251 40.0417 0.920257 0.774019 96.8338 57.2216 0.719437 116.706 16.5233 59.5279 5.54709 10.5003 7.82572 14.3435 38.7425 3.1203 3.94874 30.923 9.8798 0 2.88348 12.9305 0.37696 9.43919 8.87384 
49.0079 0.341035 9.93172 0.29123 15.4144 2.71206 5.42477 81.1438 87.2967 34.827 3.17509 1.06717 58.2295 5.97908 27.5357 28.9194 4.61342 3.9292 0.935665 6.31453 9.68032 9.99821 3.55416 0 13.893 0.00945065 0.0194071 9.82322 
81.1309 82.7474 0.613392 76.7238 1.93718 83.5436 4.12459 141.211 134.254 0.694904 123.996 858.331 0.205913 1.7986 7.76102 65.0037 104.024 9.0659 23.429 8.82726 35.6741 57.123 10.8604 53.5203 0 15.7386 34.0349 6.6888 
78.7732 65.8499 0.0133535 40.3204 61.6391 15.282 83.1503 9.51889 135.22 0.308736 1.78346 51.1604 26.1989 0.693118 0.072937 29.382 23.8738 46.9075 22.0625 10.8598 40.5273 1.33489 0.00813691 10.1373 31.4061 0 0.00746524 10.5636 
9.97652 0.24191 1.88297 2.20987 4.1106 15.6196 60.5123 49.0561 71.9042 12.7393 0.91316 117.99 33.5742 8.87368 1.40088 8.22429 20.6276 43.2676 23.9477 8.80586 41.0547 10.8715 11.1915 18.8949 28.4006 36.9987 0 13.0418 
54.5678 44.7059 18.0094 26.2876 3.33755 21.7151 2.06028 13.1422 65.9735 0.936346 107.783 111.654 31.3977 6.27353 17.1994 19.8984 21.4991 6.96733 16.7984 0.217401 39.3146 10.0549 2.2603 14.3548 19.2013 55.0434 92.1177 0 
