0 970.239 1.57295 595.438 214.44 526.189 128.269 204.531 566.934 0.268987 59.9612 124.763 41.8937 28.5166 6.40998e-06 59.1476 506.305 1.64679 48.6125 80.0894 7.58384 24.7012 24.516 7.87241 432.852 21.5804 48.8846 7.26212 
887.749 0 179.796 640.924 470.538 559.814 76.7983 53.4271 430.801 24.2987 230.13 181.56 116.484 35.2108 10.8152 38.0519 484.765 462.267 71.7268 138.663 169.555 19.1855 56.9717 11.8845 478.507 81.1678 3.2785 54.8676 
5.99434 178.146 0 68.3004 175.073 3.49748 176.717 123.724 297.413 107.209 50.2741 170.812 21.6875 15.4821 4.7154 23.5058 46.9438 2.50559 56.1186 20.9134 0.0348632 0.0470783 11.4087 0.238831 2.64678 25.6389 8.31576 0.904173 
601.783 643.441 5.22737 0 162.418 440.327 141.694 891.848 565.992 13.4237 175.883 151.144 1.35046 20.2506 0.0340714 42.1498 414.259 100.544 43.2255 47.018 269.372 2.37951 0.0235318 26.46 442.732 1.88636 1.91029 0.0153584 
222.63 273.137 164.785 114.042 0 279.354 60.9505 163.656 269.59 14.6968 156.915 169.779 168.09 18.4255 13.5127 18.4873 100.709 65.169 41.5218 0.976242 130.331 3.17727 54.7186 51.9404 50.8909 32.8841 35.6115 8.8836 
499.76 407.919 36.0973 455.076 525.576 0 518.53 117.265 850.983 378.919 223.71 97.6717 569.932 21.9168 19.3429 26.3316 456.145 23.1985 2.82 21.7792 0.15588 1.36964 2.14838 2.63022 401.184 26.9226 13.4632 18.5907 
81.4715 466.767 190.517 188.574 220.302 250.876 0 103.584 681.609 476.062 285.933 59.5588 198.32 76.9518 82.5962 18.3111 16.2943 199.04 156.876 30.5886 15.2894 0.193221 70.9853 4.53172 72.5819 54.0214 0.012525 70.3341 
66.768 198.635 74.4925 233.898 217.63 210.249 294.052 0 1.78684 83.6232 201.687 893.849 59.2264 39.7084 36.1716 92.963 2.32294 37.5861 114.702 14.2416 23.0913 66.9519 54.3345 1.02707 192.368 187.86 97.3386 111.257 
621.287 795.478 194.74 696.909 20.7937 849.47 457.945 0.800679 0 66.8177 1059.34 95.7154 185.834 85.5131 59.9293 13.6511 510.06 145.63 131.831 68.1692 136.436 1.33039 0.0297977 60.6591 526.765 141.67 8.94226 90.1045 
121.862 165.303 13.4736 53.9929 1.51314 456.049 119.338 147.024 385.907 0 85.095 6.89317 104.833 0.137201 111.863 86.8945 47.1015 34.13 110.047 5.18727 3.97443 11.2567 51.6828 60.0828 71.5491 16.6816 43.1357 2.94962 
190.431 0.0463555 101.17 44.7252 249.199 110.308 97.2594 306.679 831.904 30.4277 0 394.789 34.5701 211.623 51.4419 9.07536 93.2645 169.348 37.9603 22.9048 143.988 22.1426 72.6246 0.426782 136.193 54.9997 12.5853 106.983 
227.921 220.659 44.462 4.54339 104.14 110.609 0.402656 192.641 343.772 205.015 430.282 0 157.921 60.6343 1.73488 83.9366 40.4722 41.5059 2.23739 59.2618 81.967 75.9015 34.599 9.00128 258.793 367.603 73.6254 152.171 
26.2871 49.8664 10.4971 62.9307 1.74059 98.714 22.6287 16.1011 112.402 168.175 180.228 133.134 0 153.638 51.7544 81.601 14.5519 15.1416 13.0948 29.5623 58.6248 2.00489 9.9943 41.0695 43.8917 22.5234 37.6369 15.0381 
44.2409 57.0247 0.795028 5.00568 23.5966 0.0141311 83.0365 120.321 30.9043 3.13867 199.351 92.0301 79.4323 0 53.2204 19.3283 7.25193 19.7833 26.965 4.62141 40.0447 4.17104 0.238457 5.86805 15.3035 3.38287 4.74866 0.107366 
68.4278 2.79897 34.0516 38.0443 17.1789 14.6857 142.271 183.454 227.552 15.3784 11.5821 190.711 0.0685351 4.43603 0 3.48063 21.045 32.1554 1.0041 9.08435 58.0188 12.5145 21.6269 2.20295 4.4453 28.4085 6.00711 3.76863 
51.4994 84.6664 2.35566 25.2419 50.787 0.0580261 39.0408 68.9042 127.271 71.9632 89.1734 423.04 49.6535 16.4304 87.9079 0 26.1346 0.19409 23.4241 2.7117 2.57287 7.92247 5.14782 28.0744 16.5333 32.7765 6.10677 2.75248 
442.498 550.66 27.4975 426.941 147.971 448.669 85.3688 99.7451 407.455 84.0514 39.3256 45.3051 64.228 22.021 22.7968 25.181 0 156.744 114.309 6.49328 1.07306 0.640443 8.56712 15.9096 427.577 5.34778 6.69054 2.00079 
2.14071 166.206 98.4379 130.766 102.63 2.44792 220.379 179.694 85.5735 145.353 5.15956 14.1265 40.9759 34.2344 42.9295 53.4866 275.131 0 10.7941 16.0976 2.50756 14.5672 38.3417 47.5377 27.6149 25.2128 0.116223 6.66127 
46.1688 86.1454 27.478 35.4703 0.88426 83.4604 23.8029 62.7147 64.4369 122.457 23.2492 91.4111 0.0189737 13.4996 37.7787 1.80104 171.771 143.99 0 9.92449 31.9219 9.09611e-06 2.89177 20.8285 21.8297 23.0462 24.3671 23.9173 
112.224 10.3611 10.485 10.7116 0.662878 17.8821 77.352 71.6142 28.598 1.48952 45.5928 90.2371 31.0032 1.87746 10.7827 9.68232 16.0336 1.06078 2.23606 0 135.161 0.358164 1.78157 6.34498 10.1469 0.000885193 4.36874 9.96647 
1.36054 173.167 21.9949 28.2731 0.911053 14.2921 81.7644 168.238 1.42942 0.51072 148.247 89.1449 6.9141 1.49236 22.0069 60.254 53.4885 104.175 54.1664 316.945 0 0.00533667 4.51041 2.1692 7.26839 25.3816 44.2773 36.6565 
13.3557 51.1912 4.69326 0.430526 43.685 17.4046 61.1502 64.1102 63.9953 11.2389 77.0819 67.2772 5.99345 0.223055 11.888 4.69118 21.2372 7.92316 0.256908 5.09878 8.63361 0 0.401419 5.24714 21.1055 10.5599 2.38361 0.0554577 
4.81167 57.041 11.8799 0.186177 39.9359 10.0869 58.3015 97.223 15.9901 26.8602 127.27 90.7124 6.16269 1.47188 19.6651 7.03051 16.3167 25.3698 6.63426 4.0027 38.8963 15.2426 0 14.4748 0.819655 10.3969 9.82148 0.144636 
56.2107 25.2396 14.7092 19.4207 48.6146 0.275883 17.0713 119.298 4.38502 38.4707 45.1837 14.2657 70.1985 9.68565 16.4033 14.3271 1.40873 4.5288 0.694823 1.64053 45.3623 6.15127 0.653198 0 2.80324 14.7777 13.8762 14.4591 
469.581 443.443 13.0577 436.255 48.8449 408.797 37.5472 62.4145 403.694 62.3745 145.576 947.146 8.61656 0.305533 1.28212 39.3905 426.768 36.2143 12.5327 7.15926 56.9703 63.2403 14.1803 73.0866 0 49.638 44.7049 119.591 
25.4605 23.5603 20.6401 30.8334 59.5305 0.0200192 24.9903 11.499 141.686 13.7664 52.4585 0.226934 21.8372 11.5427 26.4691 30.3222 25.0243 35.2075 0.911371 3.11346 30.7561 2.18676 10.0821 11.8204 8.89767 0 36.3628 63.5484 
43.9391 9.65479 19.1367 13.7685 0.682639 2.04981 5.61096 3.58342 33.0755 15.8203 28.9337 120.125 28.749 3.99571 2.67683 0.0839361 1.22357 17.6177 5.22898 11.0138 34.2031 10.3548 11.5009 8.5331 49.98 5.38785 0 8.02443 
47.657 46.0669 14.7647 1.28884 51.2505 16.6596 2.88853 103.513 77.6971 4.65425 26.6702 142.433 38.2122 4.47015 0.220996 1.10695 1.50036 0.628388 25.5661 2.19483 42.2134 9.9967 10.1455 8.77397 11.4809 30.1478 89.9578 0 
