0 112.096 165.063 103.75 30.8808 85.4168 266.729 299.167 113.933 155.504 194.05 65.9066 89.5803 52.4218 48.9228 68.1112 48.8271 2.76527 26.0384 178.433 236.1 32.5866 27.3081 1.12453 49.2344 77.8763 17.8775 12.5236 
62.9423 0 104.136 125.983 0.0287883 91.2357 426.927 18.1603 276.72 196.381 161.142 186.793 122.257 68.2717 5.36505 84.7149 41.8688 905.775 152.328 104.697 10.8017 0.149285 12.597 1.76025 103.831 0.709288 25.0721 0.00533914 
149.87 260.725 0 132.829 50.6585 43.0058 137.259 273.677 37.6001 100.255 85.9335 131.698 5.85932 14.9533 0.0117959 10.1557 13.5557 144.816 21.8676 22.9814 99.9429 2.69825 8.23912 11.3485 2.38555 2.22058 7.07847 2.84038 
359.477 123.334 11.3461 0 161.259 56.023 39.204 524.197 369.026 63.6609 12.8043 172.317 38.1322 4.41411 29.9889 2.65844 59.8281 2.45023 50.6364 39.6438 415.664 3.23979 0.0308324 11.7614 51.5306 9.21319 26.1725 30.9583 
37.8651 93.6546 1.42088 118.908 0 40.4102 160.47 196.699 68.3608 7.20918 122.772 155.217 160.262 67.9251 6.69358 13.5015 153.764 216.482 185.401 15.6266 54.6587 48.809 3.58256 0.814371 60.4709 29.5433 27.241 17.8043 
124.164 63.5211 1.04308 71.1596 493.737 0 758.467 69.4127 98.6935 513.224 78.974 38.7543 633.226 15.2249 32.8807 18.1713 45.5839 6.28472 30.1782 2.28598 47.238 0.111739 1.30643 0.270532 59.6506 8.26923 0.866858 2.44828 
264.315 80.0617 221.288 30.9417 25.5167 324.108 0 409.846 145.767 366.916 457.56 45.6371 218.337 17.8367 55.448 63.8862 74.5032 10.3163 152.903 73.6831 84.762 42.9012 3.40016 53.1691 2.99526 4.19688 54.533 71.3345 
198.105 291.939 254.073 218.103 55.6766 213.516 0.00248211 0 552.378 222.392 47.8298 14.4621 80.1885 121.972 73.5485 252.529 53.7216 0.219083 105.291 82.2943 207.316 13.6901 12.6625 20.4539 0.019923 96.4934 50.7861 8.5342 
305.645 177.249 445.408 135.933 343.545 96.5134 1249.5 543.762 0 6.45727 865.223 74.278 119.213 117.794 125.09 143.13 140.601 6.92064 150.921 12.2533 186.698 69.8542 20.3282 1.15707 78.9672 134.64 79.5676 49.4708 
29.1805 106.761 7.60752 7.67212 0.0040131 504.133 477.054 0.747907 293.874 0 253.721 19.7015 305.043 13.3962 131.514 30.7344 14.3608 51.5354 43.1017 4.39576 34.7195 27.1136 6.47124 0.964605 14.341 43.4308 0.508208 0.227893 
76.7196 202.067 140.907 199.583 5.335 246.455 105.09 145.435 253.74 349.03 0 502.789 19.9747 213.083 73.8619 145.231 15.0909 35.1017 83.6203 4.857 20.3462 70.9849 54.6066 58.8212 97.6516 156.283 53.867 59.995 
206.305 118.821 182.454 0.609441 10.7832 152.658 0.185246 360.272 19.9276 100.605 271.848 0 81.1856 164.878 238.375 330.336 13.4215 133.342 76.9708 48.8211 0.155007 34.3607 1.18206 3.94795 58.2037 233.855 83.4051 171.138 
0.250125 56.8307 66.0495 4.33449 36.4763 129.376 65.4181 137.341 181.614 260.216 157.829 33.2911 0 0.761667 11.7618 69.1005 32.4935 55.1215 2.89788 6.7961 5.97905 1.43765 91.1783 65.821 18.8513 27.1734 34.3287 5.56826 
52.6546 52.7467 0.446855 19.7432 3.68844 8.13451 15.7684 89.6458 142.686 30.4256 204.762 165.243 107.869 0 5.89595 4.38619 4.3012 34.9204 0.232239 1.72624 0.881981 0.196652 7.87391 9.80181 13.1174 2.48151 8.25063 0.686393 
10.058 0.443108 30.0371 15.2828 9.46725 36.437 139.053 46.82 27.0561 0.441242 24.1547 23.1751 86.032 19.8177 0 17.4813 5.22848 8.64294 8.96915 1.66854 14.9059 3.48285 12.706 1.87259 25.3759 0.0545631 0.0893118 23.3685 
40.5566 40.4701 12.7895 13.2154 65.9462 15.5625 40.5535 258.631 19.1818 86.5918 0.508357 486.107 5.50771 11.3333 88.3924 0 23.9815 39.7615 11.9902 0.553512 0.552563 1.55058 5.07386 23.5971 6.15253 23.047 18.2436 17.4675 
128.021 98.043 54.5246 94.4209 76.7392 71.8514 45.6201 33.475 62.4513 67.7571 77.749 10.1322 8.59816 21.9082 30.0512 25.951 0 174.914 251.217 33.3663 53.7128 20.26 19.0157 19.8518 68.6179 4.00667 14.601 22.1409 
18.9735 242.923 32.63 73.5263 71.5588 65.7071 41.6617 122.503 207.511 146.324 164.576 103.893 83.2554 20.4777 64.0016 47.4478 281.467 0 132.528 0.361218 25.201 0.180685 44.8874 26.8931 47.6219 54.3314 16.5874 17.8864 
23.9967 30.3835 58.9354 56.2758 284.919 68.8117 3.97906 106.185 140.885 17.4284 99.3697 11.7674 27.4338 7.85859 18.4505 30.4424 89.2288 81.8862 0 1.34799 51.6246 0.74138 0.707226 20.4233 29.5542 27.7447 2.73809 13.6299 
200.831 95.9456 13.0184 2.14495 16.9088 0.242708 94.6583 7.74995 86.8047 9.70833 20.7044 1.98234 5.68894 0.0161086 0.388039 8.7897 1.6301 13.0974 11.8173 0 0.338842 6.1432 1.91623 2.37285 1.97795 5.15236 0.479596 11.0031 
242.455 6.9449 126.994 24.8591 101.455 12.1873 112.375 116.78 30.6636 12.2875 32.4866 167.965 15.7838 28.0053 57.7444 62.5234 54.0719 68.2152 29.1049 136.037 0 31.1014 15.2235 47.9419 56.2357 35.5421 42.207 0.326861 
22.0132 24.5864 0.691631 0.141781 21.1167 14.2134 33.9436 22.181 10.6163 60.9299 57.7848 5.84536 4.99928 7.16338 7.40474 10.835 2.87914 30.3141 1.84698 3.9413 29.5937 0 7.44347 10.898 22.4024 6.5607 2.90092 1.42786 
44.7318 14.6523 9.07457 0.205731 39.815 0.961386 0.691701 96.5368 57.8782 0.803976 117.451 15.8418 60.3437 5.76441 10.1719 7.6926 14.2959 38.6315 3.17508 3.95419 31.0415 10.0307 0 2.51236 13.1551 0.354065 9.377 8.90359 
48.8028 0.299304 10.0148 0.257792 15.1995 2.6457 5.21968 82.3114 87.7084 34.4689 3.50137 1.41746 58.5951 6.10484 27.435 28.7842 4.66492 3.83261 0.904636 6.31051 9.83746 10.0937 3.97968 0 13.3244 0.0165757 0.0125832 9.89525 
46.6274 48.2687 0.561838 41.9779 1.83522 48.6999 4.36464 143.07 98.6322 0.61167 123.132 296.333 0.239596 1.72889 7.97869 62.7289 69.3009 8.89328 23.3349 8.77037 35.4041 50.8483 10.9779 52.5732 0 10.7628 38.0382 5.56882 
78.8658 65.4448 0.0235973 40.092 61.8749 15.4556 82.6279 8.29689 134.687 0.37932 2.13068 57.5325 26.4738 0.736058 0.103878 29.1133 23.9353 46.6756 21.9576 10.8932 40.8256 1.30804 0.00503115 10.0112 31.8022 0 0.000830101 11.4005 
10.1288 0.216361 1.93011 2.27712 4.19977 15.5559 60.5008 48.4991 71.6951 12.572 0.831117 117.742 33.6647 8.91182 1.44895 8.12232 20.5971 43.3176 23.9304 8.77842 41.1287 10.8401 11.1404 18.8614 28.9723 36.8818 0 11.7671 
54.3945 44.4414 17.9201 26.1341 3.44244 21.6672 1.94033 13.7618 66.5019 0.865803 107.981 109.957 31.5576 6.21241 17.3249 19.7842 21.544 6.84494 16.7172 0.206053 39.4804 10.041 2.22284 14.3412 18.8762 55.7861 91.7282 0 
