0 677.173 7.4232 240.044 197.639 225.98 147.882 225.682 247.005 0.00949629 51.6476 137.293 38.279 30.1632 0.0917333 62.1432 203.045 0.0831446 43.7168 108.046 2.7483 25.5258 23.2502 6.65101 132.251 24.5066 49.3778 6.12419 
508.009 0 277.399 302.263 416.801 277.77 133.627 69.6256 110.452 14.936 240.838 190.155 110.964 32.6338 13.6386 41.4958 173.646 990.544 61.8612 135.141 165.231 20.4059 56.8059 10.4308 174.743 79.9915 2.69471 53.497 
15.1851 90.5329 0 152.151 181.943 6.43552 200.173 96.5068 216.589 110.302 34.2362 162.657 19.0186 15.837 6.1018 24.0194 45.2057 0.450827 57.6214 19.5719 0.257776 0.0180748 11.6446 0.120897 2.00282 26.2421 8.82681 0.634868 
347.972 305.107 88.5068 0 163.695 141.373 156.3 667.052 226.132 17.3754 184.793 128.496 2.14908 20.8194 0.232208 42.72 112.792 108.223 45.5049 47.7961 538.267 2.12678 8.28422e-05 26.5904 138.795 1.01776 2.33608 0.00810891 
206.701 200.703 153.531 103.917 0 249.554 98.6761 173.498 243.51 4.29376 172.092 172.926 172.031 16.2648 10.7742 20.864 108.257 78.361 64.9668 2.03793 129.088 3.91262 54.1266 51.0557 52.595 30.594 34.671 9.95389 
203.224 115.128 30.448 155.079 1004.54 0 1196.05 101.046 570.2 653.731 201.906 106.179 156.063 21.7862 16.8961 25.8028 152.087 18.3719 1.18701 21.1488 0.00664491 1.05971 2.55085 3.07247 98.279 26.4808 13.9241 18.0393 
100.041 414.432 165.852 178.889 268.894 552.953 0 138.936 306.587 503.04 231.438 75.4311 205.87 72.9675 73.4164 14.5371 19.325 188.284 157.548 26.651 11.9692 0.453428 71.6334 3.37405 69.4715 58.5347 0.00831754 71.2394 
86.6708 179.536 51.2361 119.437 213.569 213.77 257.677 0 23.6202 71.2662 230.485 714.626 53.7001 45.8986 46.8706 68.5021 1.52259 31.6216 113.563 10.9193 30.0839 66.6363 50.0431 0.129415 193.535 203.222 95.9549 105.892 
329.793 502.309 275.875 412.568 36.5217 569.763 845.803 19.5804 0 98.4196 809.346 68.5348 178.955 75.6682 105.299 8.90632 207.99 134.975 126.563 63.864 128.728 0.865275 0.357353 56.6965 224.475 140.026 10.4295 87.8639 
115.249 180.883 9.16737 48.3625 0.307711 504.924 189.019 159.115 378.518 0 160.373 2.66255 71.7068 0.780724 103.716 88.9619 49.9438 39.6177 113.643 6.37532 5.27852 13.0495 49.8636 59.612 71.4664 13.9374 43.8345 2.18882 
187.32 0.631096 80.6713 33.7099 241.791 136.461 144.318 327.6 742.824 84.3238 0 438.924 46.7938 206.748 17.7334 2.79531 94.0421 170.424 42.4991 25.5264 145.794 24.3211 79.8978 0.0042759 131.936 65.0533 14.5243 108.318 
228.558 222.605 34.0069 12.3924 96.7341 102.267 3.0252 54.8534 317.881 192.569 384.645 0 156.369 49.9323 8.9984 166.665 42.7338 36.8538 3.19688 55.6754 75.1094 76.272 28.8526 3.96092 185.214 327.706 78.6768 159.464 
29.558 43.8193 12.6695 64.6722 0.383293 102.201 31.9423 19.8104 123.204 130.814 194.9 128.071 0 147.752 59.9692 82.9253 15.9946 17.5361 15.3068 30.6176 60.2469 0.814035 13.7413 37.9215 42.4315 24.2914 37.2835 16.1167 
45.4758 54.905 1.13544 5.7589 25.9917 0.0091699 86.2002 122.794 24.3994 1.59857 188.762 80.6709 95.5988 0 42.8152 19.2069 6.81382 18.3883 27.1447 4.663 40.7426 4.66777 0.000862298 5.04142 15.6702 3.93348 4.45175 0.0453963 
69.4213 4.39982 33.9003 37.2708 14.1348 12.3762 142.348 180.139 229.83 22.5646 0.108583 215.231 1.02931 0.274622 0 14.6123 21.6944 30.0024 0.664706 8.80565 57.8065 13.1033 19.9772 3.52545 5.64212 27.2795 5.4586 4.47532 
48.1245 84.6936 1.67077 22.6646 48.2288 3.25737e-06 34.0966 46.9374 133.648 67.4999 109.496 476.371 45.2763 17.7256 89.1221 0 26.1374 0.453113 22.7206 2.44116 3.47987 8.31029 4.28344 26.2536 18.9478 32.8022 5.48996 3.51337 
143.271 245.565 29.7993 121.55 144.442 146.928 81.8598 99.7984 102.416 84.1721 41.9866 47.5661 63.8991 22.0672 22.1747 24.9448 0 184.344 169.735 7.29557 0.687383 0.775399 8.92219 16.2515 124.404 5.83383 7.02478 2.25478 
6.0087 159.347 86.866 125.19 88.5518 4.569 226.356 177.884 96.5084 146.228 7.71618 11.1909 44.2298 32.8247 45.0097 54.6918 283.913 0 15.1027 13.3569 1.46434 13.7737 37.5879 47.8157 26.0538 26.9485 0.0446068 5.89762 
41.3222 96.2551 24.6891 37.9398 0.704669 86.184 18.0708 58.7243 57.5332 123.239 27.1315 89.6351 0.033794 14.227 37.4181 1.43611 145.417 146.727 0 8.91791 29.9998 0.0108031 3.24384 21.1738 21.1743 22.3821 24.3549 23.5687 
138.604 5.92317 9.03657 13.4824 1.57401 16.9983 73.911 76.8026 32.609 2.18244 48.5015 91.9437 32.0226 1.99216 10.5935 9.67731 15.039 0.409142 2.81918 0 193.612 0.412521 1.69242 6.32811 9.8024 0.0056597 4.15228 9.77472 
0.00361283 169.625 28.2206 19.5774 0.291709 16.4913 87.3589 176.144 3.28464 0.163165 148.928 95.9837 8.03699 1.93233 23.6695 59.321 52.0412 107.126 52.4468 331.812 0 0.00062721 3.94599 1.6727 8.46621 27.3807 44.2746 37.7967 
14.1616 51.4142 4.97859 0.555464 42.3743 16.9183 61.717 63.3215 62.9048 9.55142 77.7126 65.7495 3.78153 0.102496 11.2595 4.28895 21.2199 8.58934 0.376005 5.18929 9.133 0 0.138408 4.59446 21.0499 10.477 2.16809 0.0288535 
4.07185 57.0152 12.0628 0.0827316 41.3893 10.6424 60.3578 98.896 19.2364 24.4229 130.031 84.5699 3.66143 0.603734 17.767 7.90435 16.5652 24.3401 7.1087 4.03037 39.1881 15.202 0 10.9849 1.36476 10.3718 9.42368 0.222417 
55.5467 23.3919 14.4227 18.445 49.6664 0.146872 19.2831 124.332 6.17675 40.7072 38.9228 7.72673 69.884 9.21223 14.2139 10.7902 1.21368 5.22421 0.529599 1.50277 44.758 5.4771 0.000630266 0 2.45378 14.2115 13.168 14.4515 
167.603 142.832 11.891 134.422 47.0179 106.457 33.9248 50.0147 102.579 60.3896 144.287 833.258 7.39904 0.13947 0.715068 58.3996 123.69 37.7377 11.8362 7.54277 57.7658 84.5179 12.5131 64.391 0 95.2535 46.2265 26.067 
28.515 26.5005 21.7327 28.4957 61.1595 0.127024 21.1488 22.0863 140.053 16.4986 42.9922 6.45221 23.5977 11.9096 25.0615 31.6039 25.3493 36.9398 0.671686 3.43773 32.7823 2.40457 9.92875 12.5636 9.28277 0 35.3003 62.2156 
44.7878 10.6545 19.0079 12.9693 0.947855 1.76174 4.72836 5.04692 35.3294 16.9901 26.4457 119.122 29.4816 3.7093 2.27711 0.196337 1.39353 18.4708 5.58465 11.011 34.9729 10.1282 11.1788 9.30518 53.7106 7.09418 0 2.57172 
49.1324 47.7256 14.0596 1.80692 52.0913 17.2631 2.02997 97.6287 74.6119 3.69758 30.5789 133.008 37.3821 4.08902 0.0777147 1.63052 1.72395 0.3979 25.3233 2.41446 41.22 10.0874 10.1428 8.27961 11.1135 23.0621 84.2209 0 
