0 634.544 20.1923 164.631 175.127 212.99 171.565 249.473 210.67 0.731405 41.9824 152.311 33.9376 32.1725 0.460175 65.6042 187.155 0.878752 37.843 167.735 0.088816 26.5276 21.6938 5.27256 120.088 28.2438 49.9076 4.84342 
382.747 0 386.309 239.316 335.587 284.959 216.169 91.4812 83.2829 6.39076 251.764 199.582 103.791 29.4854 17.48 45.7397 148.522 729.031 50.1947 129.195 158.916 21.9251 56.4705 8.74726 158.424 78.2344 2.05116 51.7152 
31.6081 18.105 0 250.457 187.093 11.101 223.985 65.4381 121.338 112.938 18.1908 150.872 15.8957 16.1948 7.99272 24.4879 42.9047 0.206642 59.1611 17.8276 1.84825 0.00107399 11.9013 0.0301249 1.32562 26.8318 9.459 0.36715 
383.221 242.318 183.547 0 163.339 130.954 172.258 767.64 168.279 22.7847 193.601 100.753 3.37582 21.4443 0.71608 42.9972 99.6434 117.005 48.1844 48.1798 290.853 1.83257 0.0283963 26.632 122.261 0.309071 2.91279 0.12475 
184.988 118.818 137.492 90.9554 0 167.417 153.146 184.699 209.066 0.0147246 189.921 176.013 175.623 13.7384 7.7824 23.9063 117.067 95.3783 98.6351 3.85875 127.107 4.91389 53.2805 49.87 54.6003 27.8041 33.4889 11.336 
195.219 117.986 23.6264 143.043 779.001 0 1029.84 81.3239 546.616 440.343 171.863 116.182 535.036 21.5011 13.9649 25.0088 135.429 13.0883 0.128156 20.2928 0.0925322 0.730292 3.08412 3.65344 83.3622 25.8226 14.4788 17.3285 
123.85 335.201 132.932 164.201 324.903 879.714 0 185.552 23.5711 505.717 165.487 96.5177 212.949 67.7425 62.0846 10.4061 23.3275 173.631 157.128 22.0409 8.39756 0.922131 72.1656 2.174 65.4342 63.9845 0.116332 72.1522 
113.187 155.248 27.5321 70.1157 207.096 214.772 210.476 0 82.1312 56.8276 264.416 448.475 47.0674 53.7641 61.2212 41.9899 0.766258 24.8536 111.805 7.38389 39.7139 66.1264 44.7744 0.199036 192.324 218.377 93.9267 98.7773 
326.538 489.491 368.413 410.134 61.0295 547.558 1217 74.7755 0 142.374 1489.88 40.2914 169.315 63.6064 118.231 4.39134 193.676 121.518 119.525 58.4681 118.851 0.428427 1.25339 51.7636 209.46 136.907 12.3912 84.8285 
106.627 198.359 4.92905 41.5174 7.52073 482.646 282.075 173.11 359.326 0 271.048 0.160028 37.7201 2.28377 92.5022 90.735 53.3902 46.7118 117.349 7.98168 7.12057 15.385 47.4483 58.7891 71.0549 10.8307 44.6212 1.40305 
182.393 4.13126 57.1918 21.9368 230.473 168.565 208.813 348.627 649.461 178.986 0 481.612 63.7176 196.579 0.192818 2.0449e-05 94.7983 171.023 48.2572 28.8627 147.505 27.0776 88.6232 0.433225 125.784 77.8039 17.0599 109.483 
227.415 223.382 22.7048 26.9505 87.5596 91.6208 9.53751 0.987104 281.612 175.726 320.73 0 153.744 37.6333 25.2547 283.63 45.5209 31.3934 4.60277 51.2062 66.757 76.5469 22.3067 0.536371 182.683 263.127 84.7019 166.792 
33.7443 36.7027 15.5594 66.6142 0.0599328 84.8752 45.162 24.8125 136.167 87.4918 211.323 121.391 0 136.404 70.0551 83.9396 17.8316 20.6732 18.2107 31.881 62.173 0.0709928 19.0019 34.0186 40.5583 26.4856 36.8048 17.466 
46.8996 52.1589 1.63019 6.73292 29.002 0.129319 89.59 124.958 17.3218 0.402843 172.33 66.7791 114.387 0 27.5515 18.4814 6.28523 16.7059 27.3142 4.70681 41.5357 5.28796 0.286582 4.03169 16.0419 4.642 4.09116 0.00514211 
70.4035 6.8354 33.4264 36.1033 10.7326 9.70033 140.807 173.758 228.389 32.8401 11.9471 240.796 3.7404 2.09093 0 35.7061 22.4728 27.3778 0.341572 8.45049 57.41 13.7936 17.6558 5.50261 7.26273 25.6498 4.80654 5.40696 
43.8932 84.3417 0.980015 19.4733 45.0049 0.0902114 28.2597 24.7078 140.362 61.6271 134.654 494.713 39.8469 18.8265 79.426 0 26.1036 0.918828 21.826 2.12147 4.7708 8.77199 3.27619 23.0798 21.9485 32.1854 4.75827 4.551 
132.84 226.796 32.612 103.512 139.085 133.165 77.3357 99.6284 85.0946 84.051 45.2864 50.3347 63.3749 22.0966 21.3871 24.6202 0 216.072 162.459 8.32861 0.32932 0.958446 9.36039 16.6607 109.031 6.45288 7.44213 2.58595 
13.3436 138.99 72.4999 117.359 71.8408 8.03457 231.504 174.82 110.14 146.557 11.5257 8.01503 48.2808 31.0657 47.5125 56.0595 287.341 0 21.2658 10.2785 0.56046 12.8133 36.6167 48.0838 24.1473 29.1017 0.00264803 5.01383 
35.5329 108.492 21.3298 40.9194 9.09516 88.6501 11.9827 53.8124 49.2701 123.353 32.2033 87.2613 0.335565 15.1201 36.8824 1.04125 118.278 149.062 0 7.73037 27.6594 0.0554825 3.70012 21.5746 20.3509 21.5412 24.3193 23.1169 
169.205 2.10971 7.33453 17.1439 3.21491 15.8677 69.3803 82.9752 37.7391 3.20748 52.0469 93.7022 33.2364 2.13463 10.341 9.64462 13.8245 0.024906 3.62074 0 260.15 0.484296 1.58369 6.29644 9.36628 0.041748 3.88893 9.52621 
1.69336 164.215 36.6074 48.0292 0.00085386 19.351 94.11 184.86 6.58553 0.000441162 149.232 104.287 9.52048 2.54777 25.7405 57.9992 50.1985 110.472 50.2674 321.996 0 0.0212498 3.29793 1.14745 10.0438 29.8639 44.2176 39.1576 
15.1681 51.606 5.33364 0.730211 40.707 16.2824 62.2696 62.2418 61.4519 7.63132 78.2953 63.7389 1.73463 0.0174206 10.4668 3.80526 21.1803 9.43639 0.553058 5.29719 9.7593 0 0.00229631 3.82367 20.9182 10.3579 1.91416 0.00791961 
3.23881 56.8511 12.2516 0.012139 43.1176 11.3097 62.7066 100.49 23.5391 21.4783 132.377 76.7017 1.44851 0.0474218 15.2297 8.93124 16.8576 23.0679 7.70484 4.05923 39.4919 14.9627 0 6.64623 2.26299 10.298 8.91863 0.340394 
54.5809 21.1574 14.024 17.199 50.8692 0.0432151 22.1187 129.589 8.76931 43.3716 31.6005 2.34517 69.1081 8.49139 11.5199 6.77378 0.992454 6.13937 0.356421 1.33907 43.9348 4.66848 0.878443 0 3.1877 13.4345 12.2656 14.3942 
153.491 130.6 10.4772 120.531 44.7057 92.1764 29.5768 36.058 90.4673 57.7344 141.59 567.684 6.01011 0.0230495 0.239813 80.7454 108.436 39.5826 10.9895 8.01199 58.6139 56.29 10.5163 50.8477 0 63.4102 135.053 74.48 
32.3739 30.241 22.9793 25.5175 63.0137 0.384461 16.7527 39.1677 136.947 20.0988 32.2301 38.0191 25.7867 12.2954 23.1348 32.5767 25.718 39.0445 0.425914 3.84972 35.268 2.68256 9.70091 13.4195 10.0187 0 33.6647 58.4619 
45.7699 11.9355 18.8133 11.9897 1.33248 1.43453 3.73797 7.16956 38.1228 18.4546 23.4719 117.283 30.3589 3.36448 1.82437 0.398278 1.61679 19.5288 6.03351 10.9952 35.8891 9.83952 10.7567 10.2578 57.59 9.43216 0 0.00307472 
50.8565 49.697 13.1741 2.55613 53.0432 17.977 1.17614 89.9875 70.6346 2.66226 35.6068 120.396 36.3089 3.63161 0.00182497 2.40065 2.0187 0.185819 24.9977 2.69515 39.9438 10.1882 10.1162 7.66445 10.8782 14.9909 73.6744 0 
