0 821.083 29.8029 355.633 161.83 433.522 184.398 261.487 418.719 1.63912 36.8667 160.465 31.5586 33.2903 0.790372 67.4278 406.492 2.64001 34.6357 202.092 0.219525 27.0838 20.8213 4.56067 341.733 30.3989 50.1674 4.18352 
538.941 0 432.183 432.049 285.784 515.323 265.518 104.496 301.234 3.12171 256.728 204.272 99.5994 27.7342 19.8027 48.1147 362.931 322.016 43.9476 125.126 154.914 22.7863 56.2188 7.85497 377.612 77.1015 1.72628 50.6698 
42.971 1.32638 0 282.611 188.309 14.1647 234.315 49.807 75.7701 113.829 11.2214 143.511 14.2285 16.3562 9.1335 24.6694 41.54 1.18159 59.8701 16.8123 3.36901 0.000597121 12.0288 0.00569188 1.00315 27.0866 9.81523 0.248103 
624.131 435.016 165.354 0 162.206 353.402 180.029 489.87 366.619 26.0599 197.419 85.6597 4.18072 21.7574 1.10244 42.9448 320.775 121.556 49.6216 48.1133 399.81 1.67556 0.0719934 26.5974 341.331 0.0899557 3.26173 0.250937 
172 79.5611 127.637 83.5394 0 106.373 186.243 190.496 189.039 1.83985 199.402 177.358 177.011 12.3886 6.29498 25.6662 121.739 105.195 119.169 5.12435 125.779 5.52233 52.7491 49.1579 55.68 26.255 32.8131 12.143 
418.74 350.334 19.9564 364.436 332.291 0 769.815 70.5835 744.805 392.836 153.991 121.514 415.371 21.2817 12.3768 24.4963 354.441 10.4655 0.00299537 19.7754 0.271382 0.570957 3.40112 3.99665 303.504 25.399 14.784 16.9143 
137.437 286.497 114 154.798 353.065 938.831 0 212.405 7.12982 492.194 130.687 108.939 215.795 64.6746 55.7945 8.35343 25.6991 164.814 156.289 19.5825 6.64995 1.25695 72.3347 1.61112 63.0755 66.975 0.231841 72.5659 
128.77 141.441 17.0974 85.4333 202.774 213.706 183.633 0 128.13 49.1819 282.331 302.031 43.4389 58.2638 69.7229 29.4058 0.453116 21.3495 110.648 5.6794 45.5761 65.7814 41.8367 0.807754 190.369 224.827 92.6338 94.5643 
551.977 705.959 411.108 631.912 76.9701 746.468 1302.4 119.258 0 168.632 635.505 27.3554 163.38 56.9645 68.0531 2.52913 413.948 113.854 115.329 55.4053 113.149 0.249161 1.99321 48.9786 429.13 134.64 13.5549 82.9949 
101.585 207.176 3.09624 37.7484 15.6612 427.489 333.585 180.454 344.025 0 336.409 0.0866578 22.825 3.4644 85.7591 91.3459 55.2952 50.8393 119.066 8.95106 8.26786 16.7546 46.0126 58.2107 70.6747 9.22781 45.0271 1.03579 
179.113 7.42174 45.2163 16.2987 223.125 185.955 246.578 357.892 560.671 241.197 0 498.917 73.9955 188.996 2.88351 0.873474 95.125 171.006 51.5619 30.7845 148.213 28.6592 93.3658 1.1326 121.917 85.0529 18.5534 109.902 
225.844 223.03 17.2191 37.2854 82.4038 85.518 14.736 32.7843 259.608 165.657 282.575 0 151.929 31.2602 37.5978 347.561 47.0867 28.4647 5.50013 48.679 62.1307 76.6131 18.9178 0.000457726 200.527 222.353 87.9738 170.048 
36.1665 32.8863 17.2798 67.6036 0.533694 65.7746 53.3352 27.8226 143.222 65.5913 219.618 117.44 0 128.284 75.6152 84.2056 18.8922 22.5231 19.9245 32.5725 63.2198 0.00844287 22.2341 31.8261 39.4715 27.7238 36.5149 18.2338 
47.651 50.5552 1.94326 7.30055 30.7176 0.257632 91.2349 125.736 13.8431 0.0778348 161.7 59.145 123.986 0 19.0955 17.81 5.99354 15.7788 27.3843 4.72782 41.9487 5.63828 0.716315 3.48098 16.2108 5.05218 3.89119 6.16997e-05 
70.8366 8.42119 33.0234 35.3476 8.99947 8.29574 139.161 169.116 225.534 39.1859 30.7009 252.367 5.98048 6.36032 0 49.1187 22.8997 25.919 0.206297 8.24539 57.1222 14.1632 16.2446 6.75902 8.23674 24.6293 4.45221 5.95793 
41.492 83.958 0.669063 17.6934 43.1637 0.218967 25.1273 15.0288 143.537 58.1796 148.449 480.376 36.804 19.1802 69.4281 0 26.0666 1.25122 21.3102 1.94876 5.57869 9.0229 2.74792 20.94 23.6222 31.5328 4.36196 5.17862 
355.47 444.229 34.1743 321.876 135.61 353.817 74.705 99.4188 303.996 83.8522 47.1491 51.8814 63.023 22.0998 20.9344 24.4215 0 232.188 504.861 8.92999 0.18493 1.06952 9.60713 16.8849 328.856 6.81052 7.67958 2.78102 
18.6545 106.627 64.5145 112.541 62.8705 10.3789 233.287 172.702 117.819 146.379 13.9777 6.449 50.5734 30.0674 48.8871 56.7701 285.612 0 25.116 8.70128 0.238586 12.2817 36.0504 48.1984 23.0849 30.3174 0.00147529 4.54487 
32.3846 115.188 19.4904 42.5566 17.818 89.5865 9.06443 51.061 44.7719 123.004 35.183 85.8393 0.642071 15.6202 36.5374 0.846078 106.246 149.861 0 7.08979 26.359 0.0958002 3.96743 21.7879 19.8807 21.058 24.2893 22.8521 
184.61 0.802147 6.4271 19.2913 4.38279 15.2149 66.7083 86.3162 40.6999 3.865 54.0161 94.5202 33.8975 2.21522 10.1899 9.61342 13.1483 0.0128812 4.11061 0 290.564 0.526985 1.52311 6.27338 9.11578 0.0766352 3.74251 9.38066 
4.25759 160.689 41.6098 76.1762 0.0667231 21.0263 97.8203 189.223 8.92164 0.0378096 149.143 108.874 10.4022 2.92893 26.9138 57.1746 49.1347 112.207 49.0145 303.358 0 0.0456474 2.95672 0.894392 10.9784 31.2661 44.1596 39.9007 
15.7403 51.6735 5.53483 0.83849 39.7455 15.908 62.509 61.5831 60.5833 6.63279 78.5281 62.5485 0.924113 0.00067145 10.014 3.53997 21.1493 9.9253 0.667268 5.3561 10.1169 0 0.0181392 3.40969 20.8156 10.2828 1.77707 0.00188989 
2.80911 56.6949 12.3397 0.000105436 44.0576 11.6752 63.9329 101.155 26.0925 19.8592 133.171 72.1714 0.641541 0.0102398 13.7443 9.47422 17.0154 22.3512 8.04544 4.0729 39.6356 14.7384 0 4.45517 2.87117 10.236 8.62815 0.417342 
53.9679 19.924 13.7783 16.4804 51.4993 0.0118959 23.7613 132.057 10.4067 44.8189 27.7095 0.677067 68.4864 8.0284 10.0395 4.80486 0.877322 6.68177 0.273829 1.25004 43.4344 4.22788 2.13988 0 4.14926 12.9625 11.7461 14.3389 
373.92 352.178 9.69784 341.101 43.3786 312.645 27.1994 28.9875 312.466 56.1468 139.551 631.149 5.28486 0.000724286 0.0832499 84.6245 328.329 40.6029 10.5195 8.27379 59.0259 28.499 9.44 43.4421 0 22.8649 37.8593 133.34 
34.5793 32.3926 23.627 23.8127 63.9794 0.589372 14.4606 50.4616 134.687 22.224 26.6979 65.9287 27.024 12.4787 21.9718 32.8151 25.9099 40.2114 0.311864 4.08694 36.6568 2.84339 9.55451 13.8677 10.5538 0 32.5983 55.4228 
46.2908 12.6789 18.6867 11.4424 1.57669 1.26415 3.22869 8.51363 39.6987 19.2883 21.8479 115.963 30.8395 3.1748 1.58957 0.54219 1.74908 20.127 6.29112 10.9804 36.3884 9.67267 10.5077 10.7916 59.3675 10.8446 0 0.670176 
51.7785 50.7686 12.6695 3.02952 53.5371 18.3632 0.796188 85.5352 68.3212 2.15106 38.5234 112.921 35.6815 3.38103 0.0081249 2.89103 2.19379 0.101476 24.8018 2.85773 39.2016 10.2396 10.09 7.31674 10.8369 10.9841 66.4246 0 
