0 888.858 34.573 430.656 155.821 519.922 189.942 266.465 499.756 2.15717 34.6748 164.005 30.5176 33.7836 0.965294 68.2077 492.464 3.72242 33.2362 215.121 0.654417 27.3291 20.4347 4.25952 428.777 31.3667 50.2739 3.90459 
597.532 0 447.588 506.446 263.31 605.671 287.528 110.407 387.752 2.03651 258.649 206.207 97.7064 26.9621 20.8696 49.1649 446.782 936.377 41.2584 123.162 153.037 23.1702 56.0924 7.47153 463.539 76.5658 1.59058 50.1959 
48.4374 0.0571264 0 288.97 188.454 15.6138 238.11 43.3951 58.3059 114.086 8.63667 140.093 13.51 16.4185 9.65615 24.7307 40.9188 1.86949 60.1478 16.3552 4.18627 0.00248619 12.0814 0.0010123 0.873717 27.1817 9.97351 0.202576 
717.68 509.368 174.877 0 161.489 440.756 183.17 1069.41 444.04 27.5639 198.841 79.1476 4.56433 21.8873 1.30002 42.8734 407.6 123.479 50.2425 48.0186 359.538 1.60777 0.097737 26.5687 427.207 0.0345841 3.4223 0.320915 
166.095 64.1988 123.109 80.2351 0 80.4732 201.247 192.946 180.076 3.62407 203.465 177.863 177.479 11.8063 5.68098 26.4579 123.741 109.592 128.523 5.74109 125.14 5.80286 52.5004 48.8314 56.148 25.5722 32.5104 12.5082 
506.504 442.579 18.3816 451.289 791.894 0 1376.42 65.9326 817.815 935.153 145.931 123.805 313.271 21.1709 11.6887 24.2541 440.294 9.38526 0.0567287 19.5377 0.380912 0.506257 3.54566 4.15271 389.892 25.1989 14.918 16.7272 
143.472 264.483 105.64 150.395 364.562 925.212 0 224.326 35.9642 482.858 116.049 114.555 216.789 63.2858 53.0354 7.50727 26.7789 160.785 155.779 18.5244 5.9355 1.42199 72.3796 1.38738 62.0095 68.2828 0.29578 72.7264 
135.793 135.314 13.2051 92.6227 200.704 212.858 171.794 0 151.058 45.9113 289.951 242.208 41.8532 60.2733 73.5734 24.4409 0.340068 19.8663 110.096 4.99007 48.2747 65.6148 40.5406 1.20897 189.212 227.178 92.025 92.6498 
640.412 789.605 427.035 717.756 84.4858 819.771 1304.77 141.612 0 180.485 1033.24 22.3519 160.635 54.0652 43.0745 1.86283 500.346 110.439 113.414 54.0413 110.588 0.184921 2.37573 47.7412 515.213 133.518 14.0856 82.1524 
99.309 210.83 2.41425 36.0986 20.1776 394.59 355.514 183.579 336.277 0 365.129 0.363558 17.3169 4.06428 82.6879 91.5265 56.1326 52.7002 119.741 9.3964 8.80276 17.3749 45.3582 57.9275 70.4716 8.55097 45.1988 0.890106 
177.541 9.18222 40.2415 14.0386 219.65 193.422 263.392 361.379 508.117 269.943 0 504.911 78.709 185.232 6.98693 1.8254 95.2473 170.916 53.0428 31.6476 148.469 29.3686 95.4258 1.5483 120.111 88.2727 19.2317 110.033 
224.934 222.692 15.0004 42.3242 80.1193 82.7921 17.3875 60.7559 249.561 161.071 265.4 0 151.047 28.5734 43.7423 373.928 47.7813 27.1986 5.92314 47.5551 60.0965 76.6221 17.4858 0.0868452 202.216 203.806 89.3967 171.286 
37.2569 31.2387 18.0645 68.0187 0.895248 56.2772 57.1163 29.203 146.29 56.6207 223.063 115.644 0 124.33 78.0424 84.2528 19.3693 23.3639 20.7033 32.8752 63.6762 0.0630643 23.7261 30.8553 38.9815 28.2741 36.3812 18.5768 
47.973 49.8302 2.09003 7.55682 31.4838 0.328536 91.9028 125.979 12.4213 0.0145765 156.707 55.8174 127.957 0 15.6024 17.4552 5.86531 15.3718 27.4096 4.73631 42.1245 5.79382 0.964156 3.24251 16.2763 5.23658 3.80308 0.00186954 
71.0011 9.17395 32.8134 34.9899 8.27306 7.69798 138.253 166.822 223.804 42.1124 41.5856 256.775 7.13474 8.91212 0 55.0277 23.0868 25.2757 0.157008 8.15311 56.9795 14.3228 15.5999 7.34586 8.68237 24.1543 4.29782 6.20848 
40.4229 83.7449 0.549359 16.91 42.3406 0.294064 23.7753 11.4507 144.801 56.6214 154.424 468.515 35.4595 19.273 64.2138 0 26.046 1.41502 21.0782 1.87377 5.95594 9.13221 2.52383 19.9274 24.3579 31.1749 4.18972 5.46674 
442.954 529.293 34.8623 407.471 133.965 440.399 73.5182 99.2994 389.86 83.7338 47.9773 52.5656 62.8535 22.0982 20.7311 24.3296 0 238.846 226.043 9.20164 0.133997 1.12072 9.71678 16.9831 415.091 6.97155 7.78567 2.86967 
21.275 88.4325 61.0149 110.314 59.0051 11.5082 233.818 171.672 121.221 146.217 15.1365 5.80524 51.5942 29.6221 49.4895 57.072 284.003 0 26.909 8.0379 0.138919 12.0476 35.7942 48.2409 22.6156 30.8581 0.0061408 4.34315 
31.0139 118.105 18.6871 43.2734 22.566 89.8959 7.8901 49.8431 42.8139 122.755 36.5342 85.1881 0.809681 15.8417 36.3743 0.765634 101.608 150.096 0 6.81182 25.7855 0.117213 4.0886 21.8798 19.6702 20.841 24.2737 22.7319 
190.893 0.419164 6.03726 20.2598 4.9569 14.9216 65.4957 87.7664 42.03 4.17542 54.8842 94.8434 34.186 2.25111 10.1206 9.59662 12.8498 0.054776 4.33705 0 301.794 0.546485 1.49634 6.26192 9.00338 0.0954926 3.67788 9.31468 
5.76293 159.015 43.8868 88.6284 0.149036 21.7848 99.4454 191.03 10.0676 0.0842027 149.043 110.888 10.8048 3.10628 27.4366 56.7902 48.6559 112.942 48.4521 292.364 0 0.0594451 2.81058 0.791843 11.4041 31.8897 44.1278 40.2255 
15.9959 51.6942 5.62452 0.888898 39.3132 15.738 62.5988 61.2788 60.1857 6.20875 78.6094 62.0062 0.644378 0.0004511 9.81158 3.42383 21.1334 10.1454 0.721368 5.38186 10.2769 0 0.0465527 3.23088 20.7638 10.2476 1.71752 0.000540102 
2.62733 56.6108 12.3747 0.00116674 44.4673 11.8352 64.4548 101.396 27.2552 19.1499 133.4 70.1422 0.386287 0.0589541 13.0777 9.70565 17.084 22.0327 8.19794 4.07838 39.6932 14.6186 0 3.5834 3.16373 10.2037 8.49781 0.453945 
53.6796 19.382 13.6644 16.1577 51.7683 0.00424175 24.5009 133.035 11.1742 45.4489 26.0398 0.257103 68.168 7.81127 9.39563 4.0171 0.828333 6.92903 0.240567 1.21121 43.2035 4.03603 2.85675 0 4.69758 12.7455 11.5129 14.3091 
460.398 439.187 9.35611 427.644 42.7834 399.171 26.1612 26.0493 399.741 55.4211 138.528 927.969 4.97594 0.000819274 0.039593 83.5578 414.593 41.0519 10.3121 8.38953 59.1937 18.5556 8.97605 40.4677 0 10.3101 7.07823 135.767 
35.5652 33.3577 23.9015 23.0516 64.3901 0.694128 13.4867 55.8146 133.568 23.1889 24.3746 80.2932 27.5743 12.5521 21.4396 32.8482 25.9915 40.7256 0.266809 4.19348 37.271 2.91585 9.48537 14.0585 10.8183 0 32.0931 53.8818 
46.5149 13.0143 18.6266 11.2003 1.6916 1.19165 3.01373 9.14457 40.3993 19.6608 21.1385 115.312 31.0501 3.09157 1.48998 0.613042 1.80942 20.3935 6.40675 10.9724 36.6065 9.59754 10.3946 11.0278 60.055 11.4915 0 1.45304 
52.1768 51.2356 12.4441 3.2515 53.7468 18.5311 0.650798 83.5282 67.2773 1.94068 39.8368 109.532 35.3974 3.27141 0.0222529 3.12145 2.2737 0.0721064 24.7118 2.93101 38.8664 10.2611 10.0758 7.1621 10.8368 9.3616 62.9766 0 
