0 905.766 36.4351 451.097 153.556 544.32 191.992 268.27 522.175 2.36955 33.8664 165.317 30.13 33.968 1.03534 68.4951 516.719 4.17529 32.7159 219.491 0.877133 27.4208 20.2899 4.14897 453.441 31.731 50.3125 3.80232 
611.707 0 452.489 526.421 254.876 631.478 295.747 112.641 412.397 1.68864 259.323 206.908 96.9918 26.6735 21.2749 49.5577 470.254 848.19 40.2652 122.402 152.318 23.3142 56.0428 7.32985 487.781 76.3598 1.54109 50.0167 
50.5465 0.578683 0 289.99 188.445 16.1699 239.401 41.0826 52.264 114.16 7.75162 138.789 13.2444 16.4404 9.85432 24.7507 40.6836 2.16746 60.246 16.183 4.51475 0.00352749 12.1005 0.000238601 0.827414 27.2144 10.0329 0.186687 
744.436 529.321 183.622 0 161.187 465.529 184.296 788.137 465.227 28.1349 199.329 76.7424 4.71227 21.9346 1.37816 42.839 432.184 124.183 50.4725 47.9727 63.9546 1.58268 0.108401 26.5559 451.43 0.0205146 3.48337 0.349362 
163.863 58.8033 121.391 78.9965 0 71.4027 206.898 193.843 176.713 4.44597 204.964 178.037 177.631 11.5909 5.45838 26.7565 124.479 111.243 132.056 5.98087 124.893 5.90966 52.4051 48.7074 56.3215 25.3172 32.3966 12.6462 
531.419 469.257 17.8012 475.87 841.392 0 982.462 64.2111 836.682 864.687 142.899 124.651 79.3568 21.1272 11.4336 24.161 464.508 8.99417 0.0942126 19.4474 0.426732 0.482971 3.60043 4.21177 414.313 25.122 14.968 16.6566 
145.731 256.216 102.526 148.712 368.695 913.619 0 228.783 52.3117 478.851 110.712 116.673 217.118 62.7616 52.0082 7.20064 27.1877 159.258 155.566 18.1333 5.67761 1.48645 72.3916 1.30773 61.6071 68.7692 0.321757 72.7829 
138.438 133.021 11.8681 94.5173 199.904 212.481 167.38 0 160.002 44.7062 292.748 220.938 41.2632 61.0278 75.0267 22.6856 0.301845 19.3221 109.883 4.74254 49.3006 65.5502 40.0564 1.38004 188.733 227.975 91.7914 91.9256 
665.551 812.823 432.465 741.771 87.3653 838.744 1299.88 150.358 0 184.945 524.147 20.598 159.589 52.9876 34.7086 1.63883 524.763 109.158 112.689 53.5294 109.625 0.163302 2.5276 47.2777 539.504 133.079 14.2866 81.8322 
98.4501 212.156 2.17993 35.4846 22.0087 381.153 363.526 184.728 333.231 0 375.76 0.516417 15.4362 4.30089 81.5266 91.5798 56.4452 53.402 119.979 9.56565 9.00725 17.6092 45.1104 57.8172 70.3901 8.30291 45.2618 0.838279 
176.934 9.88892 38.4354 13.2313 218.314 196.172 269.678 362.583 486.593 280.815 0 506.881 80.4973 183.761 8.97812 2.27106 95.2895 170.869 53.5997 31.9726 148.555 29.6354 96.1899 1.72067 119.421 89.4787 19.4884 110.074 
224.56 222.536 14.2045 44.2801 79.264 81.7685 18.4349 73.3137 245.758 159.336 258.947 0 150.704 27.5905 46.1437 383.368 48.0414 26.7296 6.08544 47.1338 59.3373 76.6222 16.9609 0.170749 201.172 196.833 89.9252 171.716 
37.6677 30.6286 18.3617 68.1704 1.05463 52.6837 58.5557 29.7271 147.428 53.3909 224.314 114.964 0 122.797 78.9446 84.2592 19.5491 23.6821 20.9981 32.9879 63.8458 0.0966095 24.2937 30.492 38.7967 28.4805 36.3304 18.7056 
48.0919 49.5565 2.14628 7.65354 31.7714 0.357307 92.1431 126.054 11.9084 0.00376943 154.797 54.5815 129.395 0 14.3524 17.3136 5.81747 15.2199 27.4181 4.73935 42.1891 5.85207 1.06552 3.15429 16.2994 5.306 3.77017 0.00319198 
71.0583 9.46367 32.7299 34.8524 8.00774 7.47828 137.885 165.927 223.083 43.2243 46.0441 258.306 7.59228 9.96099 0 57.2027 23.1565 25.0353 0.140248 8.11834 56.9236 14.3819 15.3559 7.57004 8.85127 23.973 4.24043 6.30328 
40.0218 83.6583 0.507432 16.6179 42.0313 0.325042 23.2749 10.2288 145.252 56.0335 156.634 463.243 34.957 19.2974 62.1637 0 26.0376 1.47897 20.9909 1.84594 6.1003 9.17283 2.44163 19.5397 24.632 31.0302 4.12575 5.57614 
467.784 553.198 35.1191 431.593 133.333 464.886 73.0705 99.2505 414.089 83.6847 48.2878 52.8216 62.7879 22.097 20.6546 24.2946 0 241.254 183.237 9.30415 0.117016 1.14022 9.75791 17.0197 439.451 7.03227 7.82555 2.90323 
22.2974 81.3073 59.7122 109.467 57.5761 11.945 233.975 171.272 122.495 146.142 15.5817 5.57207 51.9772 29.4549 49.714 57.1829 283.267 0 27.594 7.7952 0.108441 11.9601 35.6975 48.2555 22.4399 31.0609 0.00871117 4.26856 
30.5048 119.187 18.3882 43.5403 24.4791 89.9948 7.46976 49.3875 42.0864 122.646 37.0448 84.9409 0.877489 15.9246 36.3116 0.736496 99.9692 150.165 0 6.70868 25.5709 0.125802 4.13442 21.9138 19.5911 20.7593 24.2674 22.6865 
193.149 0.30722 5.89325 20.6248 5.18087 14.8112 65.0373 88.3043 42.5306 4.29469 55.2083 94.9581 34.2933 2.26458 10.0944 9.58985 12.7382 0.0779899 4.42332 0 305.597 0.55388 1.48633 6.25744 8.96106 0.103093 3.6537 9.28976 
6.38474 158.371 44.748 93.036 0.188298 22.0714 100.051 191.685 10.5143 0.106323 148.996 111.64 10.9574 3.17402 27.6327 56.6431 48.4755 113.213 48.2403 287.849 0 0.065089 2.75667 0.754973 11.5655 32.1234 44.1149 40.3465 
16.0919 51.7005 5.65819 0.908155 39.1503 15.6737 62.6298 61.1628 60.0348 6.05297 78.6364 61.8009 0.552298 0.00151483 9.73552 3.38057 21.1271 10.2283 0.742185 5.39146 10.3371 0 0.0605909 3.1647 20.7435 10.2341 1.69541 0.000245072 
2.56064 56.577 12.3871 0.00258143 44.6197 11.8947 64.6467 101.478 27.6953 18.8857 133.467 69.3791 0.307109 0.0874956 12.8274 9.79073 17.1095 21.9133 8.25528 4.08034 39.7137 14.5705 0 3.27588 3.27681 10.1909 8.44876 0.468042 
53.5691 19.1798 13.6209 16.0363 51.8674 0.00236672 24.7796 133.383 11.4681 45.6829 25.4235 0.151016 68.042 7.72816 9.15691 3.73703 0.810311 7.0227 0.228642 1.19677 43.1156 3.96477 3.14797 0 4.92171 12.663 11.4252 14.297 
484.846 463.837 9.22869 452.117 42.5594 423.642 25.7751 24.9818 424.503 55.1458 138.126 890.884 4.86227 0.00244446 0.0273536 82.712 438.965 41.2195 10.2346 8.43282 59.2542 15.5933 8.80464 39.4208 0 7.2139 2.57985 131.97 
35.9355 33.7208 24.0023 22.766 64.5411 0.735558 13.129 57.8693 133.13 23.5536 23.5259 85.9531 27.7808 12.5783 21.2378 32.849 26.0216 40.9176 0.250812 4.2336 37.5006 2.94318 9.45881 14.1287 10.9217 0 31.8988 53.2759 
46.5977 13.1409 18.6034 11.1097 1.7357 1.16499 2.93486 9.38645 40.662 19.8008 20.8744 115.058 31.1286 3.06054 1.45337 0.640693 1.83227 20.4934 6.45028 10.9692 36.6876 9.56921 10.3518 11.1161 60.296 11.7368 0 1.82237 
52.3242 51.4093 12.3594 3.33658 53.8239 18.5934 0.600025 82.772 66.8836 1.86449 40.3319 108.252 35.2902 3.2306 0.0293451 3.20979 2.304 0.0623794 24.6776 2.95865 38.7398 10.269 10.07 7.10411 10.8395 8.78083 61.655 0 
