0 887.592 46.9899 458.986 141.398 570.236 202.633 277.314 537.849 3.66689 29.6847 172.172 28.0892 34.9451 1.44951 69.9798 542.021 7.01873 29.9845 237.162 2.61038 27.907 19.5201 3.58238 480.991 33.6848 50.5048 3.27834 
585.72 0 470.016 529.651 210.298 664.207 338.841 124.683 441.467 0.381502 262.483 210.418 93.1441 25.1461 23.4827 51.6407 491.495 712.061 35.1144 118.14 148.352 24.0841 55.7571 6.59444 513.043 75.2157 1.28998 49.0483 
62.2833 12.4447 0 282.696 187.819 19.2414 245.031 29.668 25.1726 114.348 3.82099 131.658 11.8627 16.5429 10.9309 24.8285 39.4102 4.1213 60.7136 15.2589 6.46662 0.0121506 12.1962 0.00515584 0.601223 27.362 10.3491 0.112819 
779.799 532.398 273.641 0 159.271 493.579 189.797 237.735 475.531 31.2414 201.519 64.3045 5.53796 22.1727 1.83174 42.5858 459.322 127.779 51.6708 47.6338 134.824 1.45185 0.174516 26.4678 476.594 0.00719315 3.81676 0.521125 
151.833 33.6751 112.076 72.409 0 32.314 237.067 198.432 158.808 10.2121 212.705 178.832 178.221 10.469 4.34215 28.3598 128.295 120.066 151.022 7.3357 123.507 6.49377 51.8793 48.0318 57.229 23.9671 31.7863 13.3909 
560.13 508.069 14.8118 502.854 725.63 0 660.847 55.2641 828.842 964.375 126.712 129.032 394.459 20.8752 10.1048 23.6444 489.629 7.03918 0.453366 18.9552 0.714751 0.367835 3.89758 4.53159 440.582 24.6954 15.2317 16.2757 
157.706 212.442 86.2045 139.47 388.952 796.202 0 252.305 186.049 453.08 83.8455 128.057 218.469 59.9359 46.6068 5.66653 29.402 150.982 154.231 16.1025 4.39567 1.85374 72.4113 0.922005 59.4391 71.3274 0.478605 73.0496 
152.602 120.863 5.90844 92.5717 195.431 209.935 144.201 0 210.398 38.4885 307.069 120.861 38.1616 65.0539 82.8455 14.3472 0.136372 16.534 108.692 3.52501 54.8938 65.1865 37.492 2.48061 185.768 231.436 90.4974 88.0124 
695.18 831.112 456.004 764.032 103.248 831.409 1222.22 199.87 0 208.748 996.067 12.4073 153.872 47.3474 9.14276 0.684996 550.94 102.332 108.757 50.8012 104.457 0.0706233 3.41467 44.81 564.943 130.58 15.3773 80.0866 
93.8288 218.804 1.12946 32.2571 32.9959 301.987 403.823 190.629 315.763 0 430.518 1.78105 7.17626 5.66892 75.2628 91.7299 58.096 57.176 121.121 10.4881 10.1332 18.8747 43.7671 57.1916 69.9064 7.03506 45.585 0.587788 
173.54 14.0791 29.3918 9.30662 210.914 210.315 302.798 368.039 361.815 338.918 0 514.768 90.208 175.401 23.6271 5.45455 95.4806 170.502 56.5835 33.7169 148.928 31.0664 100.183 2.79088 115.624 95.8817 20.8769 110.208 
222.259 221.442 10.301 55.2822 74.7217 76.3072 24.4939 157.658 225.233 149.959 224.636 0 148.768 22.5884 59.7758 428.671 49.4267 24.2832 6.98614 44.8888 55.328 76.5929 14.278 1.09107 178.235 159.912 92.6919 173.694 
39.8765 27.4524 19.9738 68.9422 2.12328 34.3908 66.4166 32.5803 153.381 37.5214 230.603 111.287 0 114.208 83.6664 84.1894 20.5158 25.4046 22.5934 33.5816 64.7373 0.395603 27.3899 28.5642 37.8019 29.5798 36.0526 19.395 
48.7077 48.0809 2.45673 8.17439 33.3097 0.53074 93.3286 126.3 9.36509 0.0651105 144.295 48.1188 136.539 0 8.37287 16.4847 5.56434 14.418 27.455 4.75436 42.5223 6.16187 1.67748 2.69606 16.4082 5.67856 3.59586 0.0161846 
71.3222 11.0757 32.2408 34.0888 6.66006 6.34973 135.672 160.842 218.589 49.2744 72.9985 265.3 10.252 16.2829 0 68.1458 23.5241 23.7621 0.0668092 7.93136 56.6043 14.6896 14.0388 8.79934 9.76857 22.978 3.93919 6.81631 
37.8848 83.1348 0.311533 15.077 40.3769 0.516042 20.6725 4.8449 147.429 52.8712 168.091 428.093 32.2967 19.3315 50.6262 0 25.9868 1.84334 20.5213 1.70021 6.89594 9.38591 2.02119 17.4137 26.0755 30.1649 3.79074 6.17174 
496.215 576.547 36.4771 456.269 129.824 491.466 70.6613 98.9515 439.373 83.379 49.944 54.1816 62.4191 22.0867 20.2436 24.1025 0 253.231 562.384 9.85672 0.0458205 1.24687 9.97715 17.2127 465.381 7.35889 8.03899 3.08508 
28.1079 43.9506 52.8753 104.838 50.1648 14.3965 234.427 169.012 129.251 145.623 18.0536 4.40723 54.02 28.5616 50.8973 57.7537 278.154 0 31.3571 6.55824 0.00954504 11.497 35.1754 48.321 21.5085 32.142 0.0300011 3.88075 
27.8367 124.857 16.819 44.9462 35.8483 90.3636 5.41384 46.9667 38.2752 121.93 39.8027 83.5954 1.28461 16.3654 35.9629 0.590362 92.031 150.355 0 6.16914 24.4347 0.176681 4.38207 22.0908 19.167 20.3207 24.2309 22.4409 
204.176 0.0032539 5.14756 22.5828 6.45305 14.2184 62.561 91.1157 45.2165 4.9565 56.9246 95.5101 34.8575 2.33647 9.95137 9.5495 12.1464 0.270597 4.89562 0 321.829 0.594077 1.43319 6.23177 8.73402 0.148491 3.52551 9.15496 
10.2186 154.79 49.4014 112.31 0.474982 23.6181 103.238 194.981 13.0485 0.26772 148.658 115.602 11.7861 3.54664 28.6799 55.8334 47.5052 114.6 47.1032 260.546 0 0.0994916 2.47728 0.572964 12.4399 33.3695 44.0375 40.9829 
16.6056 51.7201 5.83805 1.01414 38.2747 15.3257 62.7708 60.528 59.2139 5.25205 78.7479 60.6878 0.180839 0.0177427 9.32879 3.15279 21.0908 10.6745 0.858036 5.44198 10.6598 0 0.166382 2.82017 20.6267 10.1596 1.57955 0.000615823 
2.21873 56.375 12.447 0.0194911 45.4198 12.2081 65.6354 101.834 30.0791 17.4942 133.64 65.2986 0.0378765 0.332436 11.4932 10.2276 17.2429 21.2768 8.56262 4.08993 39.8141 14.286 0 1.83795 3.91011 10.1157 8.1855 0.546711 
52.957 18.1116 13.3826 15.3847 52.3794 0.0015406 26.2785 135.058 13.0913 46.9095 22.2338 0.0593704 67.3099 7.27132 7.91263 2.39493 0.717412 7.53107 0.170134 1.12089 42.6349 3.59155 4.88391 0 6.28208 12.2136 10.955 14.2252 
511.204 491.302 8.55732 478.612 41.3581 450.169 23.7459 19.6169 452.682 53.6511 135.817 184.238 4.27622 0.0257497 0.000191781 74.4679 464.956 42.1062 9.82391 8.66261 59.5541 8.92372 7.91634 34.5972 0 8.22409 47.8279 79.9437 
37.9159 35.6675 24.5189 21.2423 65.3185 0.976164 11.2907 69.2279 130.637 25.5249 19.2166 118.308 28.8812 12.706 20.1428 32.7465 26.1763 41.9343 0.173788 4.44902 38.72 3.09018 9.31141 14.4895 11.5097 0 30.8211 49.8079 
47.0281 13.8229 18.4741 10.6289 1.98008 1.02756 2.5313 10.7236 42.0622 20.5496 19.486 113.61 31.5423 2.89669 1.26535 0.798069 1.95642 21.0272 6.68402 10.9501 37.1146 9.41679 10.1201 11.585 61.4215 13.0682 0 4.47294 
53.093 52.3209 11.9067 3.80642 54.2203 18.9201 0.363815 78.7061 64.7638 1.4831 42.9926 101.356 34.7106 3.01567 0.0836753 3.69794 2.46861 0.0223955 24.4911 3.10747 38.0579 10.3093 10.0356 6.79506 10.876 5.95785 54.4006 0 
