0 49.0299 158.037 47.4905 26.1842 40.8866 265.541 301.934 66.5768 155.956 194.4 70.3657 88.4597 52.6225 47.9912 69.0614 6.43952 4.17528 24.4525 192.219 238.272 32.8431 27.7879 0.936992 7.00333 78.2106 18.3358 13.0944 
36.584 0 137.039 98.0542 1.92733 57.2117 404.498 14.6433 249.637 201.469 154.893 183.457 120.315 68.6598 6.13865 84.7055 0.21223 384.943 154.76 107.91 12.4654 0.101959 12.0716 2.01019 63.058 0.9538 24.5799 0.000246897 
142.213 222.94 0 167.312 45.4316 45.0656 147.678 271.101 22.4315 98.3738 78.2155 136.189 6.49608 15.1225 0.0546567 9.68128 12.8026 147.56 22.9121 22.5366 102.372 2.60627 8.39413 11.1543 2.64268 2.50008 6.88844 2.65324 
327.851 95.2812 22.0194 0 162.181 15.842 34.3101 491.425 323.924 65.7804 15.5412 163.959 37.1221 4.14777 29.3681 2.19802 17.4653 1.67961 49.8675 40.563 540.282 3.12795 0.0144261 11.3511 10.583 8.45446 26.3053 30.7211 
32.7149 116 2.64594 115.178 0 19.552 142.499 193.789 77.4106 4.01548 116.743 153.212 158.022 67.5659 5.90784 12.7121 153.959 213.369 173.744 14.415 56.4709 48.3935 3.28441 0.964728 59.9889 28.6716 26.8424 17.2924 
79.4943 16.942 0.572314 31.2633 113.343 0 92.8632 63.6399 78.3225 413.446 69.9657 41.7234 103.333 15.5789 33.6474 18.629 3.54563 7.42112 32.2517 2.07031 46.203 0.0775831 1.18922 0.33017 17.6439 7.87311 0.94535 2.28734 
265.832 100.823 214.269 35.6474 17.3843 225.06 0 410.268 253.865 339.922 466.784 51.0329 218.887 19.2787 52.008 65.8141 73.0161 12.6747 151.736 72.295 86.9071 43.5645 3.84847 52.3048 2.50842 4.92926 54.1647 71.6373 
206.529 293.045 247.876 265.434 51.9027 212.348 0.619292 0 577.29 223.158 55.5686 1.35854 82.3676 122.844 68.7415 255.52 54.8431 0.468929 106.183 80.3846 207.683 14.2344 11.5943 18.3956 0.0561295 104.401 52.1788 9.83575 
264.514 121.89 458.273 107.35 339.177 75.8283 1172.22 569.513 0 3.19926 438.763 84.6305 115.053 120.854 128.804 144.731 99.9485 8.49088 151.757 11.1862 186.364 69.8957 21.665 1.51102 39.4536 133.226 79.6219 50.8703 
31.5251 100.187 9.05373 6.59083 0.388677 485.74 489.731 0.282123 306.283 0 218.248 23.1107 312.367 12.0952 130.4 32.6481 15.2027 53.8709 40.8481 3.99996 35.8614 26.2564 5.89696 0.751042 13.4749 42.1209 0.610059 0.147371 
80.1901 207.454 132.836 197.904 7.18046 252.201 88.3132 156.443 305.239 312.832 0 509.269 23.5696 212.392 56.3173 137.56 14.344 33.0284 81.8108 5.3871 21.7932 71.5261 57.3962 61.386 94.8121 158.117 54.8561 58.2846 
209.111 114.398 180.632 1.74825 9.46134 151.266 1.69647e-05 442.996 14.6665 94.6783 250.345 0 78.6545 163.889 230.816 364.233 12.8006 131.983 77.9314 50.2256 0.356836 33.4977 1.72302 5.65035 78.9343 210.773 85.2535 172.52 
0.406976 54.4069 66.7233 4.82445 39.4283 123.096 70.4525 136.168 184.239 271.741 164.022 31.2573 0 0.138131 9.94122 67.7745 31.8401 56.3967 2.49826 6.47738 6.37547 1.00254 91.2161 65.2093 18.2215 27.8614 34.1129 5.28425 
52.4563 53.611 0.542209 19.495 3.27033 7.7627 14.4391 87.3408 143.379 28.6931 201.73 165.907 101.975 0 3.36021 3.7485 4.15887 35.4524 0.286259 1.76952 1.00903 0.148206 8.28213 9.94111 13.3449 2.29904 8.35337 0.617002 
10.7591 0.69151 30.4966 15.9864 8.5422 37.0576 137.884 51.1793 22.9007 1.01462 14.0936 17.52 83.1541 24.4774 0 23.7703 5.43856 8.09945 9.3529 1.7569 14.3377 3.28154 11.8717 1.47295 25.8622 0.0105821 0.123167 23.3798 
39.2201 39.1451 13.2733 14.1453 66.6112 15.0781 42.5046 259.623 16.9181 87.4781 0.0365356 473.343 4.69825 10.5575 86.0283 0 24.1059 40.4337 12.2975 0.500104 0.4105 1.6595 5.41259 24.6473 5.8276 22.0498 18.1481 17.1032 
85.1453 53.5306 54.7621 53.2364 73.6306 29.3633 47.1837 32.4162 19.7212 68.625 76.9335 9.58221 9.04665 21.8732 30.0733 25.9878 0 185.381 350.56 33.4697 53.1648 20.3199 18.9917 19.7799 26.917 4.17201 14.4677 22.2407 
22.2975 211.132 36.2994 76.8009 76.6823 68.1873 37.565 119.75 205.506 146.089 165.53 101.982 84.2971 21.0236 64.424 46.8494 284.145 0 134.399 0.564518 23.9165 0.140971 44.8351 27.3344 48.103 53.8854 16.9111 17.4604 
22.4588 27.4722 58.474 55.68 279.148 66.9237 3.02193 105.292 139.277 15.805 97.7666 11.043 26.3714 7.60697 18.0004 30.4859 85.0149 78.9302 0 1.1861 52.3 0.812805 0.777614 20.5653 29.4406 27.9136 2.63497 13.4204 
206.997 92.445 12.437 2.68097 15.6573 0.17337 94.7368 8.80929 88.1135 9.1456 21.6705 1.60388 5.39338 0.0113253 0.434025 8.72038 1.798 14.1193 12.2334 0 3.30823 6.15987 1.88162 2.43241 2.08259 5.29136 0.445314 11.0455 
243.302 8.30741 127.136 17.65 99.8926 11.425 110.546 112.766 28.2852 13.0838 34.2179 167.676 15.1981 27.5746 57.6279 62.6546 54.6078 69.8142 29.839 158.472 0 31.1967 14.8811 47.9167 56.5822 36.3138 42.053 0.41005 
22.3387 25.0689 0.74392 0.16907 21.6844 13.9788 33.2301 22.8143 11.1408 60.9967 56.967 5.39254 4.16942 6.97751 7.65734 10.7401 2.78076 30.6046 1.95614 3.89851 29.4636 0 7.04784 11.1165 22.4117 6.66043 2.81063 1.48453 
44.9378 14.0981 9.22046 0.158659 39.2442 1.06787 0.505989 95.7611 59.5148 1.03551 119.25 14.1924 62.3596 6.2983 9.35911 7.35689 14.1761 38.3505 3.31377 3.96742 31.3353 10.4031 0 1.68413 13.7153 0.299871 9.22039 8.97665 
48.2818 0.206836 10.2213 0.183046 14.6666 2.48278 4.72296 85.2132 88.7123 33.5712 4.3847 2.50813 59.4889 6.41674 27.1494 28.3591 4.79453 3.59597 0.829271 6.29965 10.2344 10.3295 5.12017 0 11.9465 0.0430714 0.00196476 10.074 
5.53354 7.23558 0.442675 0.28064 1.59209 6.74219 4.99281 147.618 54.7328 0.426653 120.912 463.09 0.334892 1.55996 8.53134 55.9987 27.637 8.46779 23.0981 8.62758 34.7271 35.1605 11.2767 50.2277 0 5.92785 77.3371 22.2907 
79.0706 64.4178 0.0618575 39.4985 62.4528 15.8884 81.2936 5.59859 133.277 0.587334 3.13155 74.7788 27.1616 0.848692 0.204993 28.404 24.087 46.0908 21.6935 10.9751 41.5673 1.24195 0.000517215 9.69425 32.7764 0 0.0132635 13.5988 
10.5133 0.158699 2.05024 2.44926 4.42647 15.3952 60.4638 47.1076 71.1617 12.157 0.642788 117.077 33.8883 9.00618 1.57236 7.86816 20.5199 43.4395 23.8856 8.70926 41.3104 10.7608 11.0106 18.7717 30.3868 36.5625 0 8.83164 
53.9524 43.7759 17.6937 25.7448 3.71129 21.5436 1.65581 15.3658 67.8135 0.70138 108.44 105.678 31.9548 6.05952 17.635 19.4903 21.6548 6.54296 16.5137 0.178991 39.8913 10.0055 2.13018 14.3037 18.0755 57.514 90.4339 0 
