0 725.51 56.9901 329.049 130.711 451.482 211.487 284.375 410.605 5.02714 26.2128 177.949 26.3425 35.7907 1.86764 71.2103 422.942 10.0878 27.6595 244.256 4.8726 28.3281 18.8501 3.11859 363.967 35.4072 50.6548 2.85003 
426.242 0 472.908 392.595 172.55 550.39 374.848 135.352 327.993 0.000404179 264.639 213.163 89.7318 23.8265 25.4745 53.4444 369.031 824.478 30.8247 114.141 144.705 24.7591 55.4784 5.97916 393.973 74.1531 1.08815 48.1837 
73.1199 34.8474 0 259.591 186.475 22.056 248.166 21.0415 9.20774 114.229 1.49882 125.196 10.7046 16.6132 11.8966 24.8571 38.2711 6.32512 61.0449 14.4448 8.4441 0.0239299 12.2716 0.021942 0.432321 27.4537 10.6252 0.0633073 
664.83 395.154 369.061 0 157.181 376.88 193.888 481.074 345.383 34.0372 202.851 54.0403 6.31025 22.3616 2.27863 42.2688 341.958 130.694 52.679 47.2082 468.028 1.3416 0.245076 26.364 357.442 0.0808178 4.11893 0.698976 
141.187 17.1095 103.77 66.6937 0 14.8078 263.181 202.161 143.294 17.119 219.11 179.337 178.431 9.52617 3.46562 29.7774 131.46 127.778 167.622 8.62459 122.201 7.02435 51.3949 47.4215 57.9974 22.8005 31.2482 14.0545 
443.87 401.512 12.3609 385.171 792.83 0 652.657 47.8026 675.497 549.812 112.657 132.674 473.657 20.629 8.98858 23.1657 370.444 5.51433 0.986261 18.5107 1.02668 0.279739 4.16415 4.81775 322.465 24.2997 15.4588 15.9371 
168.028 175.262 72.4899 131.069 403.991 631.776 0 272.374 356.054 424.964 62.8196 138.097 219.087 57.4282 42.008 4.46698 31.3843 143.585 152.792 14.4051 3.40447 2.20719 72.3671 0.639039 57.5143 73.5096 0.641082 73.235 
165.011 110.37 2.35741 73.0867 191.241 206.979 124.587 0 257.403 33.3548 318.7 55.4714 35.5133 68.5707 89.746 8.53903 0.0447753 14.2556 107.578 2.60361 59.944 64.8421 35.2778 3.70063 182.621 233.35 89.3001 84.5258 
579.345 703.905 468.562 639.905 117.772 678.419 1090.14 246.348 0 229.398 1213.98 6.89301 148.689 42.5779 19.7211 0.185514 432.647 96.381 105.236 48.419 99.907 0.0209275 4.29589 42.6615 445.91 128.178 16.3566 78.5089 
89.7377 224.004 0.489188 29.506 44.2013 227.465 434.969 195.464 298.946 0 474.61 3.50376 2.47806 7.00845 69.7173 91.6758 59.5175 60.516 121.935 11.322 11.1665 20.0016 42.5639 56.5936 69.416 6.00364 45.8498 0.40467 
170.359 18.3131 22.348 6.4148 204.075 221.851 330.874 371.451 253.989 388.723 0 517.98 98.9043 167.429 41.6984 9.33101 95.601 170.015 59.209 35.2568 149.134 32.3283 103.552 3.93309 112.15 101.422 22.1184 110.214 
219.833 220.121 7.37322 65.6239 70.7789 71.5398 30.428 251.99 207.059 141.618 195.091 0 146.928 18.562 72.7187 459.924 50.6344 22.2212 7.82118 42.9305 51.8792 76.5259 12.0976 2.54456 138.075 128.694 95.0378 174.979 
41.8307 24.7845 21.4188 69.5654 3.35746 21.4182 73.5203 35.1532 158.413 25.675 235.55 108.002 0 106.2 87.6571 83.9849 21.3719 26.9453 24.0195 34.0906 65.4981 0.822254 30.1846 26.8938 36.9197 30.5392 35.8002 20.0006 
49.2212 46.7692 2.74247 8.63646 34.6588 0.70975 94.2311 126.304 7.41205 0.282946 134.745 42.6663 142.006 0 4.29591 15.6652 5.34596 13.7276 27.4754 4.76575 42.7975 6.43108 2.29973 2.31473 16.4837 6.00683 3.44517 0.0357398 
71.4956 12.5761 31.7539 33.3806 5.57538 5.42517 133.4 155.983 213.786 54.7009 100.419 269.744 12.8726 22.5878 0 76.3859 23.8398 22.661 0.0246107 7.76584 56.2956 14.9484 12.873 9.91543 10.5912 22.0724 3.68251 7.27482 
36.0201 82.5926 0.178742 13.7576 38.9245 0.718398 18.4916 1.74615 149.018 50.0753 177.583 388.822 30.002 19.2284 40.1637 0 25.9341 2.19386 20.1057 1.5766 7.62702 9.56727 1.68 15.5006 27.3071 29.2838 3.50638 6.70825 
379.962 455.647 37.6471 336.757 126.572 373.553 68.5256 98.6375 320.453 83.0516 51.391 55.3632 62.0707 22.0713 19.8803 23.9273 0 262.411 200.372 10.348 0.0104086 1.34384 10.1688 17.3784 346.942 7.64853 8.22681 3.24806 
33.6636 18.0373 47.0743 100.653 43.9898 16.7027 234.287 166.863 135.1 145.002 20.3472 3.49686 55.8064 27.7782 51.9127 58.2238 272.075 0 34.793 5.55687 0.0110229 11.0965 34.7102 48.3613 20.7007 33.0868 0.0590852 3.55539 
25.572 129.654 15.4822 46.1494 47.3014 90.4661 3.87751 44.8648 35.0413 121.115 42.2603 82.382 1.70318 16.7488 35.6386 0.475519 85.9219 150.275 0 5.71187 23.451 0.228211 4.60325 22.2397 18.7934 19.9331 24.1943 22.2213 
212.308 0.143053 4.52738 24.3046 7.6717 13.6956 60.3554 93.4913 47.5843 5.57052 58.4071 95.9094 35.3395 2.39943 9.82238 9.50834 11.6337 0.533959 5.32543 0 330.028 0.630283 1.38706 6.20691 8.5336 0.194897 3.41432 9.03461 
14.2718 151.461 53.5414 121.245 0.832207 24.9953 105.967 197.577 15.4722 0.468792 148.242 119.005 12.5316 3.88816 29.5965 55.0905 46.6459 115.74 46.0989 232.955 0 0.135533 2.24429 0.434036 13.2244 34.4575 43.9578 41.5278 
17.0571 51.7184 5.99576 1.11134 37.4999 15.0148 62.8601 59.9501 58.4739 4.59369 78.8005 59.6894 0.0215125 0.0464877 8.97192 2.95769 21.0548 11.0701 0.966044 5.4853 10.9442 0 0.301261 2.53107 20.5135 10.0907 1.48107 0.00362644 
1.93867 56.1691 12.4907 0.0472038 46.1023 12.4764 66.4507 102.034 32.2114 16.3028 133.54 61.7217 0.0144623 0.66978 10.3359 10.5846 17.3563 20.7206 8.83342 4.0971 39.889 13.9993 0 0.894106 4.50361 10.0406 7.95326 0.62026 
52.391 17.1918 13.1651 14.8103 52.8041 0.0134896 27.6052 136.272 14.5856 47.9514 19.5831 0.634358 66.5877 6.85505 6.87017 1.44701 0.640611 7.98777 0.125975 1.05612 42.1981 3.27505 6.61007 0 7.68734 11.8083 10.5408 14.1518 
393.088 374.193 7.98172 360.62 40.2986 332.262 22.0153 15.3996 336.351 52.3079 133.575 252.407 3.79191 0.0663181 0.029132 63.2732 346.57 42.8716 9.46824 8.86199 59.7851 16.6089 7.17872 31.5856 0 30.7513 124.778 29.7691 
39.6527 37.3824 24.9413 19.913 65.9592 1.21345 9.78222 79.6395 128.24 27.2818 15.7602 148.968 29.8424 12.8006 19.1629 32.51 26.3042 42.8128 0.117897 4.63928 39.7777 3.22055 9.17472 14.7861 12.0733 0 29.8237 46.485 
47.3889 14.4289 18.3533 10.2113 2.20654 0.914027 2.20163 11.9574 43.2851 21.2075 18.2989 112.219 31.8976 2.75581 1.11085 0.949255 2.06803 21.4951 6.89066 10.9307 37.48 9.28161 9.91292 11.9914 62.1792 14.2605 0 7.69045 
53.7407 53.0984 11.5094 4.23946 54.5468 19.1975 0.205176 75.1139 62.884 1.1843 45.3459 95.2525 34.1938 2.83166 0.153938 4.14767 2.61678 0.00384896 24.3223 3.23956 37.4513 10.3419 10.0003 6.52528 10.9353 3.89678 47.8775 0 
