0 501.912 67.5779 145.301 120.049 274.312 219.858 290.59 225.428 6.59344 22.925 183.5 24.6341 36.6268 2.3371 72.3741 245.647 13.683 25.3997 244.187 7.81743 28.745 18.1839 2.68523 188.804 37.1377 50.7877 2.45031 
213.991 0 464.013 198.923 136.844 377.146 408.458 146.082 158.401 0.333643 266.218 215.596 86.2853 22.5249 27.5178 55.2268 188.521 876.246 26.7578 109.911 140.905 25.4348 55.1734 5.391 216.726 73.035 0.903179 47.304 
84.3486 67.3181 0 223.522 184.399 24.9647 249.584 13.7929 1.05183 113.844 0.241075 118.566 9.59612 16.665 12.8809 24.8486 37.1114 8.97702 61.3026 13.6285 10.6641 0.0396546 12.3391 0.0503556 0.290853 27.51 10.9006 0.0279704 
487.16 201.247 411.976 0 154.717 201.929 197.272 917.624 159.109 36.8953 203.632 44.4508 7.12799 22.5321 2.77096 41.864 166.476 133.381 53.6476 46.6644 655.4 1.23531 0.327411 26.2355 180.118 0.233773 4.43052 0.902254 
130.5 5.98796 95.388 61.0547 0 14.3124 288.628 205.612 128.048 25.6827 225.143 179.664 178.356 8.62116 2.68444 31.2067 134.451 135.447 184.014 10.0064 120.81 7.57274 50.8882 46.7939 58.7409 21.6494 30.7066 14.7289 
269.228 237.247 10.0848 209.193 788.495 0 668.332 40.7361 460.192 625.105 98.861 136.123 32.7416 20.3592 7.92059 22.6631 193.09 4.16782 1.7209 18.0541 1.39406 0.20354 4.4365 5.1094 146.238 23.884 15.6821 15.5938 
178.138 139.97 59.5042 122.443 416.294 438.079 0 291.745 557.098 392.415 44.4373 148.157 219.176 54.8958 37.5514 3.40429 33.4049 136.075 151.106 12.786 2.53708 2.5903 72.2659 0.407423 55.5676 75.634 0.826987 73.3755 
177.348 100.074 0.403892 45.1655 186.806 203.365 105.808 0 306.035 28.5281 329.404 14.4628 32.9308 72.0707 96.6631 4.19328 0.00289996 12.1327 106.396 1.81887 65.1241 64.4734 33.096 5.15601 178.977 234.204 88.0439 80.9906 
404.771 516.714 473.152 455.417 132.764 463.373 912.433 294.698 0 249.63 1094.32 2.96935 143.356 37.9892 52.8389 0.00111252 256.153 90.4698 101.648 46.0467 95.3419 0.000552315 5.27326 40.5266 268.59 125.585 17.358 76.8865 
85.6145 228.598 0.112415 26.8321 56.764 154.967 461.42 199.975 280.903 0 513.819 5.79342 0.214907 8.47575 64.1519 91.4489 60.9153 63.8833 122.573 12.1794 12.2431 21.145 41.3371 55.9493 68.8639 5.04756 46.0976 0.255439 
166.988 23.0577 16.1824 4.04554 196.926 232.476 357.671 373.565 166.478 436.078 0 517.701 107.742 158.919 64.1661 14.1881 95.6777 169.376 61.8432 36.8073 149.227 33.5975 106.792 5.26368 108.548 106.88 23.3832 110.115 
217.031 218.468 4.9174 76.5356 66.875 66.8012 36.9211 360.274 188.841 133.189 166.409 0 144.954 14.8854 86.4454 481.905 51.8367 20.2356 8.69917 40.9811 48.4929 76.4204 10.0801 4.59324 92.1511 99.357 97.3083 175.844 
43.8028 22.2267 22.8931 70.1387 4.86657 13.0931 80.798 37.7927 163.263 15.9174 239.954 104.662 0 97.84 91.493 83.6472 22.2368 28.5157 25.4719 34.5893 66.2405 1.40142 33.0463 25.2428 36.0274 31.4949 35.5393 20.6081 
49.7103 45.4409 3.04075 9.10358 36.0085 0.913747 95.0052 126.113 5.72165 0.65316 124.945 37.4335 146.668 0 1.50462 14.7687 5.13058 13.0485 27.4847 4.77551 43.0573 6.69784 2.98646 1.95459 16.5405 6.33646 3.29631 0.0629148 
71.6152 14.1567 31.2138 32.6367 4.58172 4.5632 130.826 150.77 208.209 60.2111 130.647 272.568 15.7517 29.2979 0 82.9066 24.1497 21.5735 0.00305078 7.59863 55.9597 15.1969 11.7051 11.0609 11.4298 21.1381 3.43256 7.7414 
34.1645 81.973 0.082422 12.4709 37.47 0.953125 16.4071 0.191616 150.304 47.2636 186.485 343.384 27.7462 19.0027 29.9552 0 25.8736 2.57376 19.6863 1.45676 8.38964 9.74362 1.36582 13.5727 28.5023 28.2948 3.23066 7.25761 
205.567 276.432 38.7976 159.135 123.162 197.465 66.3679 98.2748 143.476 82.6686 52.8347 56.5358 61.6984 22.0502 19.5138 23.7456 0 270.272 580.305 10.8458 0.000102005 1.44419 10.3602 17.5413 170.368 7.94154 8.41553 3.41455 
39.6308 4.38785 41.4784 96.3579 38.1321 19.1519 233.648 164.56 140.875 144.226 22.7585 2.68943 57.5899 26.994 52.9084 58.6658 264.569 0 38.3519 4.63329 0.0946396 10.7006 34.2376 48.3855 19.9001 34.0296 0.0979167 3.24325 
23.3769 134.276 14.1827 47.3251 60.0149 90.3626 2.59174 42.7815 31.9098 120.128 44.7553 81.1361 2.17933 17.1297 35.2968 0.372886 80.23 149.968 0 5.26911 22.4779 0.286271 4.8285 22.3829 18.4178 19.5421 24.1534 21.9976 
218.888 0.66085 3.93955 26.0255 8.98575 13.1698 58.119 95.7821 49.9635 6.21626 59.8695 96.2302 35.8102 2.46238 9.68991 9.46177 11.1265 0.885309 5.77009 0 332.304 0.667439 1.34131 6.17984 8.33174 0.247494 3.30414 8.91211 
18.9531 147.96 57.7246 122.026 1.28822 26.3925 108.635 199.897 18.0822 0.725507 147.713 122.34 13.2955 4.24378 30.5127 54.3163 45.7774 116.807 45.0865 202.951 0 0.177109 2.02219 0.314217 14.026 35.5421 43.8669 42.0611 
17.5102 51.6991 6.15363 1.21268 36.7177 14.6982 62.9178 59.3517 57.7141 3.97607 78.8111 58.6696 0.0174432 0.0887302 8.61468 2.76681 21.0151 11.4703 1.08019 5.52777 11.2305 0 0.474875 2.25433 20.3907 10.0186 1.38536 0.00914371 
1.67673 55.936 12.5262 0.0869397 46.7677 12.7385 67.2182 102.13 34.3825 15.1385 133.206 58.1504 0.189225 1.11306 9.19816 10.9158 17.4666 20.1656 9.10582 4.10313 39.9519 13.6788 0 0.278061 5.13101 9.9571 7.71954 0.698129 
51.7974 16.2869 12.9398 14.2331 53.2067 0.0372497 28.9439 137.246 16.1465 48.9624 17.0724 1.81701 65.791 6.42662 5.87874 0.727716 0.56802 8.45513 0.0884033 0.992886 41.7466 2.9689 8.46763 0 9.27559 11.3928 10.125 14.0687 
216.788 198.934 7.41851 184.448 39.2323 156.229 20.3302 11.6532 162.012 50.9345 131.133 622.229 3.33466 0.125612 0.107174 50.3999 170.05 43.6266 9.11625 9.05963 59.9864 34.2075 6.48276 29.8148 0 61.7657 139.796 21.8206 
41.3895 39.1048 25.3349 18.5923 66.5624 1.47522 8.37078 90.3928 125.651 29.064 12.6138 180.972 30.8009 12.8792 18.1669 32.1386 26.4249 43.6802 0.0727825 4.83107 40.8256 3.35248 9.03106 15.0639 12.6803 0 28.7801 42.9451 
47.7349 15.0432 18.2254 9.7973 2.44464 0.806853 1.89414 13.249 44.5047 21.8674 17.1394 110.715 32.2465 2.61729 0.965819 1.1128 2.18243 21.9634 7.09919 10.9087 37.8375 9.14483 9.70186 12.3933 62.7187 15.4731 0 11.6796 
54.3643 53.856 11.1117 4.69228 54.854 19.467 0.0915765 71.501 60.9839 0.918449 47.7173 89.1144 33.6684 2.65171 0.245276 4.61725 2.76871 0.000653971 24.1483 3.3733 36.8363 10.3721 9.9603 6.25648 11.0159 2.2494 41.3267 0 
