0 296.856 94.1121 57.5273 95.4007 182.985 237.383 301.679 117.352 11.0739 15.9519 195.572 20.774 38.554 3.64251 74.8388 154.798 24.1351 20.3601 228.941 17.352 29.71 16.6326 1.787 103.271 41.2306 51.0323 1.62363 
67.8973 0 400.058 77.5168 65.1255 290.853 474.191 171.292 93.5561 3.92599 267.615 220.054 78.0708 19.5394 32.5106 59.3239 90.8276 546.91 18.1396 99.1612 131.4 27.0279 54.3513 4.1151 126.147 70.1911 0.53443 45.1757 
111.581 173.572 0 112.511 176.713 32.0529 246.065 2.61502 13.7896 111.901 1.53458 102.475 7.19241 16.7139 15.2536 24.6827 34.3091 16.9042 61.6158 11.7121 16.7987 0.0922637 12.4663 0.163054 0.0674563 27.5025 11.5454 0.00100965 
378.079 79.1305 274.036 0 147.497 116.412 202.31 375.14 56.1025 43.8269 203.269 24.9876 9.22773 22.8592 4.10379 40.5732 80.2734 138.752 55.7639 44.9321 629.952 1.00095 0.567462 25.8363 89.3861 0.904492 5.20052 1.48009 
105.533 2.46925 75.7151 48.223 0 58.9424 343.849 212.588 93.8503 51.8471 237.746 179.725 177.051 6.64513 1.22999 34.6092 140.758 153.162 220.687 13.6128 117.206 8.93331 49.6086 45.2498 60.3906 19.0053 29.418 16.3581 
183.925 178.292 5.51748 121.116 569.921 0 161.818 25.9033 272.266 969.087 68.2066 143.42 315.495 19.6343 5.6185 21.3918 102.294 1.7227 4.22868 16.9354 2.4761 0.0714937 5.09905 5.81642 58.3162 22.8294 16.193 14.7683 
200.769 68.4818 32.7926 101.599 433.503 58.935 0 333.508 1031.43 303.188 13.0215 171.666 217.294 48.8673 27.7313 1.4577 38.3003 118.113 146.187 9.30143 0.991104 3.60822 71.8019 0.0664206 50.9132 80.3839 1.35693 73.5281 
205.694 76.8919 2.21451 29.8918 175.465 192.384 65.9509 0 420.945 18.4714 350.554 24.0158 27.1302 80.1917 112.808 0.00109189 0.10113 7.76793 103.353 0.520188 77.7601 63.5099 28.1068 9.48631 168.548 232 84.8611 72.5263 
318.22 396.202 452.09 339.83 169.275 275.643 424.879 409.931 0 294.325 690.355 0.171582 130.289 28.0207 97.3338 0.814811 167.249 76.7931 92.9768 40.5208 84.5827 0.0686496 7.94567 35.5723 177.413 118.761 19.801 72.9009 
75.8361 236.875 0.274404 20.8834 90.9141 28.5854 501.522 209.221 234.752 0 580.873 13.3655 4.63807 12.4088 51.1757 90.2367 64.1059 71.8885 123.374 14.2873 14.9463 23.8953 38.366 54.2543 67.3246 3.1041 46.6134 0.0387087 
158.347 36.136 5.42518 0.597157 179.027 253.275 413.578 373.348 84.0276 530.512 0 503.342 128.876 137.169 130.821 29.2393 95.6847 167.274 68.0628 40.492 148.996 36.6115 113.855 9.12053 99.6149 119.267 26.4484 109.469 
208.997 213.279 1.06772 103.951 57.8672 55.8428 54.2472 636.884 146.578 113.212 104.412 0 139.801 7.71394 120.921 492.386 54.645 15.8734 10.9334 36.4402 40.7954 76.02 6.00555 11.693 43.1927 41.9749 102.334 176.193 
48.5042 16.6665 26.4676 71.289 9.4827 15.1551 98.44 44.2519 173.881 1.95613 248.06 96.6052 0 77.3478 99.8031 82.3311 24.306 32.3245 28.9881 35.7218 67.9145 3.35763 39.9853 21.4507 33.8903 33.7268 34.8917 22.0446 
50.7641 42.2544 3.78939 10.2203 39.1812 1.4905 96.3105 124.888 2.81261 2.12001 101.364 26.1274 154.158 0 0.651943 12.4187 4.63534 11.4952 27.4623 4.79205 43.6075 7.31318 4.75768 1.20461 16.6002 7.11368 2.95335 0.156882 
71.6831 18.1795 29.7422 30.7537 2.61081 2.79883 123.635 137.251 192.265 73.3124 208.192 272.653 23.4675 44.8524 0 89.6547 24.8564 19.0705 0.0339916 7.19877 55.0632 15.7398 9.00144 13.8303 13.4546 18.8461 2.87158 8.86814 
29.8501 80.2133 0.00111496 9.59818 34.0453 1.63094 11.9089 2.70827 152.115 40.634 204.668 223.645 22.6223 18.0046 10.0038 0 25.7006 3.58269 18.6839 1.19007 10.3061 10.138 0.742562 9.16148 31.1414 25.5862 2.61719 8.59454 
121.826 180.71 41.4193 67.9383 114.561 109.619 61.2147 97.2296 54.0112 81.5496 56.2176 59.2598 60.7286 21.9777 18.639 23.2921 0 283.108 535.316 12.0429 0.0751733 1.69389 10.8101 17.9131 81.5384 8.64469 8.86362 3.82064 
55.1558 27.2627 29.2895 85.8988 25.7221 25.4459 230.187 158.546 154.09 141.793 28.8823 1.20032 61.7696 25.1461 55.1701 59.5947 241.74 0 47.1647 2.7743 0.615898 9.78668 33.0958 48.3794 18.0457 36.2386 0.22791 2.56088 
18.5068 144.379 11.2852 49.9751 94.0477 89.3076 0.574957 37.9589 24.9765 117.133 50.7599 78.0779 3.52552 18.0163 34.4237 0.179898 66.6027 148.345 0 4.28545 20.2312 0.448728 5.37481 22.6974 17.5256 18.6095 24.04 21.4542 
227.693 3.35731 2.69393 30.0269 12.4421 11.9246 52.756 100.815 55.5898 7.85862 63.2263 96.6725 36.8727 2.61052 9.36453 9.33092 9.95491 2.05702 6.87423 0 314.188 0.758703 1.23509 6.10736 7.8512 0.395587 3.0486 8.61525 
32.3062 139.082 67.6552 103.798 2.74939 29.7534 114.654 204.236 24.9351 1.54892 146.03 129.897 15.1655 5.13652 32.6649 52.3742 43.6978 119.033 42.6727 128.998 0 0.296918 1.54229 0.107942 15.9784 38.0768 43.6086 43.2701 
18.5833 51.5836 6.52602 1.4675 34.8479 13.9316 62.9276 57.863 55.8487 2.68677 78.67 56.1865 0.621279 0.241057 7.77474 2.33516 20.9065 12.4308 1.37315 5.62443 11.912 0 1.03172 1.65523 20.067 9.83563 1.17103 0.0320445 
1.13228 55.2807 12.5771 0.22785 48.2644 13.3305 68.8311 101.941 39.6282 12.5131 131.501 49.8198 1.37927 2.50765 6.64948 11.5836 17.7141 18.8636 9.75327 4.11283 40.0519 12.7998 0 0.220927 6.72713 9.72755 7.16437 0.898316 
50.2926 14.2184 12.3791 12.8677 54.0661 0.139783 32.1361 138.574 20.0714 51.2122 11.7508 6.95711 63.6297 5.38673 3.78336 0.000273333 0.413792 9.59746 0.0260565 0.850272 40.6257 2.29289 12.9956 0 13.6331 10.3806 9.14243 13.8353 
128.408 113.133 6.14617 96.3786 36.6989 68.7051 16.5556 4.80518 78.911 47.5917 124.636 246.219 2.36701 0.338648 0.483722 26.2031 81.3468 45.3613 8.3024 9.51757 60.3425 77.4873 5.03128 30.3451 0 86.1742 0.0206821 132.969 
45.4655 43.1771 26.143 15.5404 67.8313 2.18622 5.44741 116.523 118.838 33.3423 6.5038 256.842 33.0426 12.9994 15.7807 30.7491 26.681 45.6758 0.00925043 5.28776 43.249 3.66897 8.66638 15.6399 14.2666 0 26.1629 34.0462 
48.4898 16.5218 17.8966 8.83752 3.05125 0.579733 1.25855 16.5103 47.3602 23.4283 14.5221 106.742 33.0424 2.30097 0.662473 1.54579 2.46288 23.0676 7.59779 10.8467 38.6481 8.81651 9.19037 13.319 63.1069 18.3816 0 23.6543 
55.7355 55.5593 10.1748 5.83343 55.5005 20.0686 0.0027107 62.9597 56.4419 0.423946 53.3552 74.6813 32.3981 2.2448 0.542912 5.79499 3.14151 0.053864 23.718 3.69463 35.3546 10.4337 9.84722 5.62896 11.2644 0.131913 26.5194 0 
