0 387.966 104.047 196.611 86.7346 314.164 242.898 304.412 243.248 12.9676 13.7013 199.575 19.4323 39.238 4.18485 75.6336 286.415 28.5828 18.6362 223.905 21.6769 30.0543 16.076 1.50416 236.914 42.7176 51.0972 1.36394 
190.264 0 364.422 201.309 44.6751 422.36 492.23 180.321 237.156 6.19239 267.31 221.219 75.0668 18.486 34.3785 60.7711 220.231 812.795 15.3715 95.0281 127.775 27.6064 54.0172 3.69082 257.916 69.0883 0.423968 44.3844 
121.48 218.219 0 73.4335 172.997 34.6626 242.435 0.716134 29.209 110.841 3.4785 96.5351 6.39489 16.7061 16.1279 24.5719 33.2707 20.3319 61.6266 11.0235 19.3213 0.116779 12.5013 0.219819 0.0249104 27.4509 11.7779 0.0108461 
497.455 202.62 238.802 0 144.41 249.885 203.087 392.671 186.602 46.3968 202.371 19.1468 10.0487 22.9517 4.64556 39.991 213.704 140.353 56.4721 44.1526 136.105 0.921452 0.670518 25.6582 221.111 1.25444 5.49228 1.72381 
96.6608 9.16373 68.7172 43.7692 0 78.8473 361.604 214.703 82.2398 63.2039 241.722 179.5 176.187 5.98365 0.838381 35.8541 142.777 159.417 232.971 15.0387 115.787 9.45076 49.1147 44.6667 60.9533 18.0706 28.9457 16.9632 
317.298 321.633 4.16593 253.62 718.568 0 653.247 21.2257 368.595 414.63 57.9799 145.762 398.951 19.3411 4.86406 20.9019 233.997 1.09379 5.40179 16.5154 2.94351 0.0401705 5.34638 6.07957 191.137 22.4216 16.3731 14.4631 
208.465 47.8243 24.7433 93.9718 435.446 4.84803 0 346.98 1163.18 268.291 6.12691 180.047 215.889 46.6684 24.4384 0.948917 40.1202 111.554 144.082 8.15672 0.604719 4.01751 71.5555 0.0142047 49.205 82.012 1.58123 73.5212 
215.595 68.9422 5.09039 59.3932 171.06 187.593 53.3333 0 460.742 15.3066 356.7 64.1549 25.1288 83.0793 118.55 0.626336 0.205317 6.41066 102.161 0.242424 82.4725 63.1274 26.3544 11.3615 164.165 229.746 83.6305 69.4222 
450.651 515.09 433.908 460.053 182.726 371.897 265.564 450.183 0 309.112 605.884 1.41991 125.4 24.7316 76.9414 1.54256 299.59 71.9426 89.7665 38.5432 80.6925 0.133804 9.04126 33.8054 308.819 116.052 20.7163 71.4006 
72.2818 238.956 0.698396 18.8596 104.601 7.64403 507.491 212.071 217.147 0 594.85 16.8466 9.59171 13.9924 46.5805 89.5637 65.2263 74.8087 123.418 15.0815 15.9843 24.911 37.2627 53.579 66.6843 2.50919 46.7768 0.0071225 
154.98 41.5043 2.90715 0.102688 172.216 259.177 430.707 371.458 85.0981 556.661 0 493.507 136.579 128.829 158.352 35.8519 95.6268 166.305 70.3196 41.8382 148.756 37.7126 116.203 10.764 96.2364 123.56 27.5892 109.092 
205.602 210.956 0.360304 114.311 54.6747 51.9641 61.1806 732.856 131.726 105.986 84.5078 0 137.761 5.6587 133.85 481.4 55.6554 14.403 11.8013 34.8139 38.1075 75.822 4.77156 15.0278 55.2061 26.4607 104.039 175.73 
50.2274 14.8178 27.7963 71.6357 11.5179 22.1458 104.955 46.6743 177.431 0.199309 250.182 93.625 0 69.8342 102.532 81.6748 25.0679 33.7432 30.2947 36.1178 68.4958 4.26918 42.5509 20.1138 33.1033 34.5288 34.6451 22.5678 
51.1119 41.0806 4.07611 10.6301 40.3281 1.73246 96.6011 124.177 2.13891 2.85591 92.7914 22.4247 155.585 0 2.37418 11.5064 4.45986 10.948 27.4387 4.7958 43.7856 7.53097 5.41791 0.970862 16.5959 7.39476 2.83165 0.201369 
71.6332 19.7385 29.1422 30.0279 2.02701 2.25623 120.659 131.97 185.594 78.0409 236.86 270.393 26.5613 49.8009 0 88.7956 25.1047 18.1838 0.0736769 7.05168 54.7012 15.9216 8.05445 14.8455 14.2025 17.9895 2.67789 9.28558 
28.3095 79.472 0.0224948 8.61942 32.8055 1.91938 10.4285 5.75184 152.341 38.2432 210.164 180.001 20.8396 17.4899 5.0789 0 25.6272 3.98828 18.3153 1.09884 11.0423 10.2735 0.559813 7.66638 32.0277 24.4883 2.40753 9.09226 
256.112 310.448 42.337 199.577 111.26 242.379 59.3242 96.7843 186.35 81.0686 57.438 60.2346 60.3445 21.9434 18.3174 23.1186 0 285.676 219.229 12.4854 0.137019 1.78919 10.973 18.044 213.998 8.90442 9.02758 3.97293 
61.247 47.7805 25.2653 82.0126 21.74 27.8994 228.26 156.165 158.726 140.702 31.2534 0.804723 63.2776 24.4756 55.9608 59.8923 231.857 0 50.4948 2.21219 0.917761 9.46138 32.6715 48.3551 17.3841 37.0355 0.288524 2.33167 
16.85 147.743 10.295 50.8926 107.499 88.6456 0.200249 36.2417 22.625 115.819 52.978 76.9262 4.09141 18.3341 34.0835 0.126875 61.1127 147.446 0 3.94958 19.4321 0.516654 5.57852 22.8036 17.1992 18.267 23.993 21.2513 
228.443 4.83995 2.29324 31.4462 13.8173 11.4717 50.7845 102.507 57.6324 8.49581 64.4117 96.7235 37.2421 2.66422 9.24187 9.27611 9.53828 2.60073 7.29419 0 299.949 0.793144 1.19708 6.07803 7.67516 0.457722 2.95726 8.50464 
37.9061 135.655 71.2543 97.5818 3.41349 30.9949 116.74 205.409 27.6577 1.9236 145.267 132.528 15.8687 5.47954 33.4433 51.6293 42.9316 119.738 41.7873 103.175 0 0.348051 1.38325 0.059567 16.7088 38.9885 43.4995 43.6923 
18.9748 51.5174 6.6613 1.56562 34.1602 13.6465 62.8873 57.2953 55.1458 2.27759 78.561 55.2579 1.05271 0.314503 7.4712 2.18503 20.8619 12.7857 1.48788 5.65835 12.1621 0 1.2832 1.45724 19.9387 9.76477 1.0971 0.0438095 
0.960098 55.006 12.5841 0.2954 48.7825 13.536 69.3473 101.729 41.5714 11.604 130.567 46.8427 2.0787 3.10755 5.78706 11.7839 17.7996 18.393 9.9903 4.11479 40.0714 12.4411 0 0.688283 7.34237 9.63303 6.96156 0.97675 
49.7102 13.4906 12.1657 12.3715 54.3468 0.193157 33.3058 138.716 21.5783 51.9808 10.0373 9.61785 62.7492 5.00441 3.11772 0.0834294 0.363637 10.0264 0.0125376 0.800723 40.1992 2.06448 14.5663 0 15.3889 10.0035 8.78592 13.7375 
260.963 246.667 5.70484 229.048 35.7727 201.648 15.2579 3.03789 213.604 46.3444 122.032 272.595 2.05438 0.441242 0.686733 23.0141 213.853 45.9754 8.01241 9.681 60.4305 81.2603 4.57685 31.8616 0 66.9051 31.6033 138.77 
46.935 44.6567 26.3934 14.4609 68.2381 2.47633 4.53073 126.103 116.132 34.9166 4.75995 282.929 33.8493 13.0203 14.9081 30.0744 26.7641 46.3829 0.00108936 5.45508 44.1118 3.78579 8.52521 15.8205 14.8922 0 25.1657 30.7256 
48.7428 17.0692 17.7677 8.49488 3.2874 0.506169 1.05885 17.7677 48.3896 23.9966 13.6134 105.156 33.3223 2.18969 0.565814 1.71926 2.56853 23.4689 7.78143 10.8207 38.9313 8.69521 9.00005 13.6467 62.9388 19.4466 0 28.709 
56.1986 56.1487 9.83544 6.27264 55.7081 20.2751 0.0327782 59.8661 54.774 0.290616 55.4131 69.5026 31.9258 2.10327 0.679369 6.24532 3.28204 0.0943384 23.5547 3.81341 34.8059 10.4528 9.79969 5.40362 11.367 0.0028314 21.5982 0 
