0 556.599 127.148 347.375 104.491 67.4455 56.3686 145.41 125.181 0.691539 4.42065 168.102 79.3091 13.3409 58.6274 0.463166 106.331 228.459 113.887 120.379 89.7493 9.59896 0.387818 43.9464 75.6321 5.16419 0.241867 8.82525 
524.799 0 235.989 5.82173 280.174 111.523 470.851 190.686 380.615 156.587 55.9271 51.8933 68.2385 7.07451 71.0474 12.4184 154.866 532.614 35.4283 90.0883 151.103 24.1875 53.7248 26.3624 4.66523 60.2679 53.4029 35.604 
109.806 125.353 0 224.652 8.38162 66.4417 133.062 245.397 349.084 1.26657 0.192338 130.289 43.8986 0.00817706 34.0456 17.3394 54.6231 89.6984 24.4642 4.46595 50.8567 10.5174 0.0126531 12.3359 17.4154 21.1988 18.9092 20.8825 
5.42771 5.38552 79.8747 0 30.0841 70.3003 23.03 817.384 334.229 37.8932 199.006 27.6257 67.6434 23.2004 17.0248 35.8615 60.9077 137.579 36.7532 23.6761 378.282 13.2271 13.4602 23.993 29.7648 34.4686 6.50654 15.5028 
94.381 75.5919 105.337 8.75865 0 390.752 205.093 40.3432 316.454 9.78447 95.817 84.3842 24.7295 31.0673 94.7387 74.2973 0.0447796 2.54562 129.934 92.7986 14.8687 49.0723 43.9996 22.389 50.4888 70.3893 48.4411 53.5489 
30.853 4.35935 19.583 62.679 554.16 0 889.546 26.7118 449.008 100.319 10.4983 125.272 101.798 2.38282 13.786 3.83809 59.4216 113.526 77.9778 24.088 67.7879 14.4834 15.2173 10.1067 28.2033 26.9063 4.55022 19.871 
99.8271 72.2328 223.906 176.423 50.7834 838.271 0 353.075 1018.98 337.214 431.758 282.256 26.0974 66.2189 45.67 26.9946 86.8641 234.148 6.02319 44.7418 9.66829 0.905017 40.5372 56.1183 87.3346 79.9752 49.9479 14.3856 
272.854 60.0567 206.049 84.7133 183.498 54.2484 67.44 0 64.5097 7.87307 339.76 0.13838 11.2925 1.46905 36.5646 259.518 0.0447694 154.028 8.12915 63.8135 0.804613 5.10326 102.139 115.127 153.086 215.451 6.03703 115.646 
31.2698 17.9123 107.372 78.3101 115.784 450.633 439.128 57.9168 0 6.33795 893.862 340.935 94.1595 49.7451 234.141 23.1693 10.3838 201.259 1.32986 106.51 16.9907 33.3239 47.5179 75.3141 66.8981 9.00494 33.9282 7.1141 
106.903 30.1226 114.342 101.85 32.2508 206.242 10.2488 218.565 362.284 0 465.532 246.658 278.045 67.7977 34.1968 67.0876 23.655 47.9505 94.5273 51.8946 6.91511 58.1892 60.3693 54.3638 71.4425 53.6743 17.0268 40.049 
77.4341 117.831 15.7775 13.7667 260.996 272.912 145.448 374.374 918.59 378.208 0 508.109 253.686 134.408 400.86 29.3325 84.323 170.824 103.94 38.7639 56.7971 10.6669 80.8357 60.0469 53.2409 37.1058 0.0383696 91.5335 
25.9967 123.797 9.63473 99.6815 176.875 4.05545 251.841 468.298 92.3657 80.7914 254.646 0 133.803 14.1449 198.17 493.459 72.8096 95.8451 4.55507 8.32432 139.764 76.6111 123.789 152.415 24.0366 302.176 8.44168 35.654 
71.3722 130.486 0.449939 36.8952 133.496 26.3781 201.448 67.4676 18.9662 223.07 176.838 158.093 0 0.691965 65.3472 19.3316 64.641 0.980214 73.5643 36.7352 13.2241 88.9747 4.10277 17.5341 55.7708 1.33491 36.9199 35.1931 
29.8827 0.00365306 13.2497 13.301 63.6523 18.574 90.4368 45.9955 9.36507 49.9662 98.4994 36.3433 87.2786 0 0.468219 2.75558 17.0053 1.29865 10.6108 0.0164898 14.2275 10.7984 0.000135455 7.03996 0.53832 12.3153 0.714079 10.3888 
26.6649 83.9969 4.85489 16.1299 95.0473 9.54042 2.77128 183.358 42.4203 91.0502 406.616 3.28274 2.2631 43.9747 0 19.2956 1.91028 62.7517 5.10896 1.88134 55.9347 17.5381 0.367578 9.67348 4.32068 29.2881 10.4378 3.6125 
64.5872 73.8717 9.3402 35.8725 2.35732 18.0459 49.4607 255.094 115.469 8.61159 54.2463 231.033 81.0297 9.22798 87.8082 0 8.90345 0.361954 0.259852 8.08451 48.2705 4.17832 11.9722 13.1148 25.3056 2.91354 8.45377 8.9258 
68.5801 111.072 3.02005 6.80937 86.2861 53.1886 15.0249 98.6375 114.253 1.38977 83.6936 69.0025 9.05278 16.6471 16.7447 14.2233 0 252.527 398.637 10.348 64.519 11.857 15.5038 18.9843 27.2641 1.57231 21.8186 10.8307 
236.615 235.032 163.019 88.4691 199.785 49.9907 157.227 123.706 25.451 18.9043 9.53139 127.444 3.66364 0.727583 10.2147 54.3297 278.531 0 9.71034 72.4603 121.668 14.9989 30.6724 1.12697 6.90604 49.396 0.405286 47.2389 
114.605 124.509 12.2301 28.7351 251.167 6.72532 154.684 70.0736 44.5088 115.383 88.88 87.3386 85.5171 25.8794 38.3567 13.5423 87.3914 82.6739 0 29.0441 3.84203 4.60685 4.76177 6.44901 24.9117 8.24429 13.702 25.8615 
149.881 6.89691 14.3617 47.3773 92.2492 22.0888 5.0928 89.4102 0.570895 55.2687 17.1491 86.0138 35.5746 2.27683 3.9155 6.57421 11.6337 45.8854 3.24097 0 293.515 3.6565 3.9721 0.028001 2.22682 0.300655 5.57425 4.46621 
66.4782 157.278 7.13645 205.317 97.2341 75.7724 91.5995 115.525 182.675 26.2716 41.786 30.6876 66.1727 44.7386 30.5781 15.0924 8.94931 2.34104 0.525367 300.757 0 18.398 37.7031 26.0938 11.5654 0.371364 37.957 18.3092 
1.9919 0.195234 2.22947 4.50087 0.763857 18.2791 62.2548 1.22642 9.37402 12.2822 70.5055 62.6157 85.4524 6.25946 2.44114 7.11683 12.7735 7.57304 2.80209 6.24279 31.8518 0 2.55395 1.44125 2.81491 0.359919 10.4872 0.443524 
13.7816 54.7625 0.0201347 14.5616 52.7835 7.87095 60.9533 32.1978 12.7299 45.9846 17.4074 116.204 48.2177 0.577325 0.0101001 0.39086 19.1507 41.743 1.61205 1.86902 6.52425 10.7977 0 14.1014 17.4267 9.68101 11.8761 1.39594 
43.9218 40.961 0.17398 24.1872 53.6504 17.2441 66.4353 60.6601 0.283505 51.0815 121.54 143.487 1.5726 10.1703 7.0895 27.5419 0.0820108 33.0776 12.9632 4.09044 3.97447 2.04589 20.0531 0 3.05118 16.2909 16.5181 0.0106606 
41.705 37.0722 26.794 46.3592 49.2591 32.3973 60.404 137.167 102.037 63.9232 26.7338 1133.27 30.4769 16.5814 21.3419 31.8883 25.3545 49.8918 30.2205 13.5089 59.2542 69.532 28.7038 73.3939 0 68.7884 42.8242 77.0435 
7.45475 55.0422 25.9563 3.87538 5.07739 2.99026 38.9418 35.0836 8.95497 67.5298 163.547 216.241 1.55841 10.5094 30.3902 8.57659 8.0846 56.329 29.9806 1.68401 0.00517988 8.26835 8.59633 8.77087 23.7397 0 36.7361 6.28033 
2.89346 24.8808 3.57206 7.38149 4.68626 19.3906 33.8264 95.0113 61.2713 43.8554 60.1602 25.9857 11.4273 1.13545 6.41583 18.3578 21.7477 24.137 21.154 10.8716 18.1611 12.1791 10.3018 5.40349 60.3167 0.0015277 0 65.7418 
45.697 61.2899 17.0179 22.6386 12.1633 15.0491 58.5276 108.425 0.918935 43.1246 7.40548 22.6814 3.12905 11.5356 0.264355 6.09402 9.86995 37.6256 26.6947 6.16667 6.06057 9.20951 9.52315 5.44201 21.0012 50.2561 69.9475 0 
