0 123.335 158.016 197.503 42.9215 214.021 264.116 306.184 122.341 26.1176 4.06093 217.765 12.5358 42.9123 7.90208 79.0467 191.209 59.3151 10.1178 250.225 53.6511 31.9312 13.019 0.356228 153.987 51.0035 51.2221 0.315479 
158.804 0 119.717 100.512 2.28024 309.512 521.202 228.011 229.921 28.0349 257.499 223.095 58.1665 12.9127 45.3065 68.4222 115.583 15.1858 3.82594 70.321 105.983 30.8596 51.7847 1.70514 164.085 62.2328 0.0388398 39.7573 
172.401 436.95 0 24.5524 144.037 48.8348 200.895 12.3015 197.202 101.511 28.3712 63.3866 2.71017 16.4054 21.0584 23.4528 27.2817 44.3107 60.652 7.30719 36.053 0.309226 12.5848 0.696415 0.175992 26.6744 13.0679 0.263493 
293.32 99.9049 53.9301 0 122.974 164.065 196.741 1281.09 118.697 61.0952 189.853 0.54833 15.224 23.203 8.2274 35.6706 129.881 145.622 59.8128 38.4134 127.723 0.530506 1.40739 24.3334 127.186 4.24548 7.25149 3.42528 
50.8626 118.332 33.0195 21.6181 0 131.381 428.242 222.184 28.541 140.381 257.465 175.766 167.513 2.85127 0.0342133 42.9012 151.181 191.815 285.799 24.1187 106.75 12.5925 46.0482 41.1691 63.7433 13.093 26.2433 20.5015 
229.188 288.666 0.0632014 162.155 48.2628 0 910.873 3.18735 121.938 640.216 13.8293 155.545 334.499 17.4143 1.54695 17.9026 139.941 0.223032 14.4277 14.039 6.30512 0.0321669 6.79678 7.61646 104.053 19.9002 17.331 12.6973 
244.686 1.30661 0.280197 52.8133 402.839 621.947 0 400.357 1058.62 84.8762 15.8599 224.049 201.019 34.4105 9.24826 0.125056 50.702 75.3186 129.3 3.01563 0.211498 6.71272 69.3941 0.442867 39.5096 90.0685 3.16262 72.8556 
264.867 30.5195 41.8395 252.107 143.869 153.871 6.00854 0 630.042 2.83346 374.288 543.262 15.0185 98.3947 148.409 25.0665 1.48003 1.14675 94.6146 0.649135 109.752 60.6481 17.2013 24.7059 134.526 203.446 76.0008 51.9568 
352.509 334.453 256.676 284.16 256.176 123.471 129.737 624.934 0 371.052 190.194 30.5675 97.0167 10.1252 71.2646 9.85756 208.594 46.3117 71.3337 27.833 59.2696 0.906817 16.395 24.2858 211.541 98.814 26.1347 62.4854 
52.5904 240.961 6.66496 9.06915 188.195 163.685 451.801 222.612 118.013 0 557.64 43.1399 67.3839 24.251 23.1442 83.5358 71.1085 91.1745 121.189 19.8125 22.3681 30.7542 30.8714 49.2119 62.2976 0.320248 47.4547 0.304585 
134.035 77.0207 3.43839 4.99807 131.821 273.476 485.652 343.306 97.7269 595.302 0 398.003 178.746 80.4767 314.884 81.9707 94.6927 158.835 82.8938 49.4548 145.846 43.9516 126.946 22.2717 76.2806 144.908 34.2657 105.554 
182.137 193.735 3.43071 172.929 37.6923 31.6552 105.29 1029.74 57.9575 66.9015 9.17676 0 124.701 0.00760013 204.256 300.362 61.2384 7.32676 17.2397 25.9663 24.2196 74.1806 0.430797 40.4836 46.9696 7.27217 112.307 167.319 
60.0237 6.2589 35.5068 72.8587 26.3403 54.3498 141.504 60.9611 193.92 23.9715 253.504 76.4837 0 30.7008 114.424 76.2664 29.4522 42.0513 37.9025 38.1898 71.4966 11.3051 57.0332 13.0962 28.583 38.9357 33.1414 25.5231 
52.7093 34.3528 5.81883 12.9607 46.6849 3.40149 96.3681 117.58 2.28239 8.93717 47.5131 6.38576 150.113 0 27.6301 6.26828 3.51528 8.04574 27.1518 4.79413 44.5675 8.68178 8.61139 0.108067 16.311 8.94086 2.17654 0.554713 
70.6044 29.3838 25.1868 25.5854 0.106784 0.266603 100.801 99.6553 141.367 103.072 371.388 236.166 46.2359 61.6377 0 55.4106 26.4169 13.4382 0.582688 6.20666 52.3055 16.7813 3.39475 20.3675 18.4545 13.0648 1.69298 11.6953 
20.0076 74.3148 0.651525 3.9102 25.9183 3.94362 3.78182 42.4395 149.262 25.2849 228.051 9.40805 11.7952 13.3594 9.29591 0 25.1075 6.65789 16.1987 0.644228 15.5673 10.9544 0.00869014 1.35988 36.1176 17.5427 1.36762 11.9706 
176.664 203.827 47.1002 105.963 91.2729 154.055 48.5794 93.6223 97.3627 77.6262 64.2079 65.5675 57.8639 21.67 16.4704 22.054 0 278.241 508.676 15.046 0.833143 2.37309 11.8871 18.7398 124.585 10.4102 9.96486 4.87962 
98.9397 95.8822 7.56674 59.8292 5.21823 43.1199 211.007 140.943 182.688 132.561 45.9517 0.0533348 71.6245 20.7159 60.0826 61.1614 164.924 0 70.1825 0.219522 3.73957 7.69558 30.1865 47.9965 13.7841 41.4558 0.765178 1.22923 
8.76187 163.13 5.4251 55.5533 187.32 82.2413 1.72421 26.9754 11.2489 106.282 65.7361 70.0511 8.03152 20.0778 31.9439 0.000874927 25.5374 139.378 0 2.28282 15.1125 0.989061 6.77889 23.3207 15.3391 16.3024 23.668 20.0517 
208.162 17.9131 0.606716 38.8165 22.6523 8.94177 39.6015 110.535 68.9995 12.4694 70.7087 95.9045 39.1501 2.96521 8.50803 8.89573 7.2897 6.81534 9.83825 0 167.989 1.00038 0.98879 5.88289 6.67158 0.890131 2.45721 7.85432 
75.6489 114.673 90.8445 156.244 8.46647 38.1457 127.365 207.855 45.116 4.78498 139.486 146.033 20.0653 7.59701 37.7772 47.0609 38.5131 122.649 36.7233 5.46478 0 0.713161 0.641798 0.0551974 21.0207 44.0076 42.7306 45.8955 
21.1976 50.9001 7.42298 2.17393 30.2108 11.9825 62.2197 53.8335 50.9407 0.58608 77.3677 49.78 5.55549 0.903869 5.79169 1.41237 20.5575 14.8466 2.21804 5.83762 13.5971 0 3.13989 0.558034 19.1298 9.32149 0.72044 0.144831 
0.249978 53.0954 12.5082 0.838476 51.4346 14.5898 71.53 99.1008 52.7677 6.9871 122.262 30.9049 8.57791 6.76274 1.85494 12.4424 18.2375 15.7677 11.343 4.10993 40.0128 10.099 0 7.31137 11.0541 8.99364 5.81417 1.47461 
46.0848 9.6451 10.8739 9.60519 55.6067 0.654268 39.9497 136.088 30.7928 55.7799 2.77633 31.8344 56.9022 2.91782 0.508017 3.89486 0.139997 12.5808 0.0283448 0.544851 37.6078 0.971743 20.5183 0 26.1468 7.82357 6.80181 13.0604 
171.39 162.998 3.45629 140.133 30.5171 115.03 8.76134 0.677182 138.099 39.0581 105.237 1178.87 0.692663 1.26441 2.47188 58.7025 124.702 49.2654 6.43646 10.5695 60.5078 6.65657 2.8653 42.5175 0 38.7435 5.68852 102.419 
55.0119 52.9174 27.3492 8.8124 69.9737 4.4132 0.901148 177.407 98.9089 43.8643 0.00462029 387.405 38.2943 12.9069 10.0775 24.8119 27.1316 50.1744 0.105458 6.40783 48.769 4.46174 7.65006 16.5318 18.8077 0 19.2439 13.1732 
49.9531 20.2548 16.9482 6.63198 4.77654 0.182231 0.250463 25.5291 54.089 27.2064 8.93694 94.897 34.8057 1.60088 0.160044 2.85225 3.20296 25.7332 8.84236 10.6388 40.4138 7.99162 7.8882 15.3859 59.0048 25.357 0 59.9217 
58.4445 59.1616 7.9442 8.97407 56.6023 21.314 0.828703 42.8341 45.2712 0.0094545 66.982 41.9426 29.1608 1.374 1.72529 8.96492 4.12606 0.535182 22.5641 4.50253 31.6113 10.5262 9.46784 4.16881 11.9215 5.64939 2.36182 0 
