0 78.847 160.868 165.992 40.7101 174.311 264.792 305.557 81.9288 27.0083 3.66638 218.577 12.1704 43.1165 8.1532 79.1874 151.91 61.3712 9.68849 252.776 55.871 32.0374 12.845 0.313208 115.445 51.4787 51.2166 0.27655 
128.937 0 106.808 63.0067 3.98572 268.35 518.814 230.555 196.603 29.7579 256.507 222.953 57.1898 12.6083 45.9601 68.8387 75.9041 403.873 3.3802 68.8395 104.653 31.049 51.6361 1.61116 124.893 61.801 0.0290131 39.4789 
174.934 444.594 0 32.9047 141.985 49.5998 197.512 14.1286 209.622 100.8 30.5043 61.5189 2.53977 16.3743 21.3417 23.362 26.9274 45.9192 60.5406 7.10236 37.144 0.323344 12.5836 0.732439 0.205567 26.6037 13.142 0.288677 
246.429 62.2867 32.6939 0 121.536 125.25 195.812 508.248 82.695 61.9528 188.744 0.274107 15.5537 23.2032 8.46239 35.3678 91.3042 145.724 59.9718 38.0145 560.307 0.510728 1.45854 24.2395 87.9983 4.47157 7.36006 3.54153 
48.4927 127.819 31.215 20.512 0 136.149 430.058 222.379 26.1515 145.341 258.011 175.418 166.811 2.70104 0.0623872 43.3122 151.507 193.517 287.818 24.6992 106.17 12.7876 45.8545 40.954 63.8855 12.8189 26.0834 20.7146 
190.15 252.604 0.0209949 123.008 304.585 0 1472.75 2.61164 77.8766 492.885 12.1093 155.925 45.1069 17.2883 1.4067 17.7167 100.744 0.31536 15.0722 13.8896 6.53909 0.0406719 6.88407 7.70869 65.2961 19.7423 17.3838 12.5921 
246.357 2.63297 0.0691099 50.5966 398.747 672.96 0 402.109 1009.43 76.3127 18.9836 226.386 199.799 33.7103 8.56115 0.186414 51.3335 73.2835 128.294 2.78822 0.283722 6.89043 69.2275 0.506264 38.944 90.4746 3.27169 72.7835 
267.306 28.6729 44.9564 253.204 142.177 151.606 4.65759 0 635.865 2.40394 374.371 577.088 14.4942 99.2257 149.972 27.525 1.59082 0.968931 94.1319 0.777682 111.363 60.4864 16.7097 25.6205 132.58 201.254 75.5208 50.9512 
312.646 289.704 244.154 239.634 260.176 79.2528 168.173 631.194 0 373.317 324.261 33.381 95.3394 9.49912 83.5033 10.5582 169.545 44.9254 70.2504 27.2358 58.058 0.973476 16.8837 23.7571 172.076 97.7178 26.4641 61.9433 
51.4724 240.556 7.19643 8.59161 193.15 182.543 444.194 222.922 112.564 0 549.562 44.9971 72.1009 24.9112 21.953 83.0708 71.4275 92.1168 120.929 20.101 22.7679 31.0999 30.4919 48.9286 62.0018 0.255665 47.4813 0.347211 
132.72 79.3326 4.25367 5.68618 129.401 273.254 486.4 340.784 107.494 591.393 0 390.662 181.083 77.7045 322.822 85.0117 94.606 158.294 83.6156 49.899 145.594 44.3165 127.431 23.054 75.0836 145.976 34.6674 105.273 
180.558 192.523 3.98158 176.215 36.7624 30.5715 108.074 1029.03 54.3525 64.7568 7.04545 0 123.861 0.00234308 207.984 285.786 61.558 6.9801 17.5855 25.4697 23.4818 74.057 0.320134 42.2786 37.4407 9.96581 112.714 166.53 
60.5975 5.8626 35.9655 72.8908 27.3722 53.5473 143.58 61.8238 194.682 27.055 253.233 75.472 0 28.7319 114.914 75.864 29.7127 42.5515 38.3574 38.302 71.657 11.8107 57.8631 12.7181 28.3155 39.186 33.0476 25.6958 
52.783 33.956 5.92643 13.097 47.0484 3.51422 96.255 117.062 2.50062 9.38946 45.1466 5.73067 149.091 0 29.5714 5.97697 3.46253 7.88628 27.1268 4.79282 44.6013 8.74418 8.74517 0.0837436 16.2807 9.02815 2.14 0.580719 
70.5048 29.9876 24.929 25.3101 0.0686362 0.20952 99.5037 97.6827 138.529 104.397 376.695 233.142 47.4735 61.2874 0 52.4778 26.4888 13.1755 0.627532 6.1566 52.1471 16.8224 3.17026 20.6682 18.7013 12.7779 1.64134 11.8381 
19.5472 73.9638 0.714869 3.68357 25.5237 4.08181 3.48901 45.4962 148.854 24.5686 228.348 5.78993 11.3278 13.0681 11.2005 0 25.0715 6.83383 16.0733 0.620945 15.8503 10.9895 0.00295582 1.13743 36.3023 17.1133 1.31476 12.1405 
138.317 163.829 47.3544 66.8342 90.0487 115.178 47.9512 93.4035 58.5388 77.3872 64.5965 65.8698 57.7025 21.6498 16.3608 21.9873 0 276.661 575.234 15.1987 0.892269 2.40968 11.9403 18.7782 85.6778 10.5003 10.0203 4.93517 
101.27 94.803 6.82837 58.5424 4.58824 44.0705 209.678 139.966 183.954 131.984 46.8752 0.0883845 72.1021 20.4979 60.3047 61.2136 160.632 0 71.3661 0.166715 3.96329 7.59607 30.0365 47.9637 13.5811 41.7095 0.800219 1.17498 
8.36023 163.821 5.1815 55.7963 191.91 81.7328 2.00555 26.459 10.6912 105.619 66.4902 69.6303 8.30044 20.1769 31.8076 0.00273335 23.6248 138.753 0 2.19787 14.8705 1.0214 6.8517 23.3465 15.2294 16.1861 23.6458 19.9787 
205.765 18.9086 0.540251 39.2032 23.2208 8.79634 38.9512 110.919 69.6503 12.7206 71.0543 95.7981 39.2521 2.98268 8.46301 8.8698 7.16407 7.12071 9.99573 0 158.952 1.01319 0.976951 5.86992 6.61251 0.919691 2.42881 7.81494 
78.1207 113.374 91.928 162.826 8.82981 38.5692 127.921 207.774 46.2382 4.99141 139.071 146.746 20.3225 7.73025 38.0267 46.7757 38.2502 122.762 36.4242 3.40451 0 0.738592 0.606793 0.0692283 21.2822 44.2932 42.6775 46.0145 
21.3282 50.8511 7.46735 2.21237 29.9766 11.8827 62.1574 53.6177 50.6826 0.520598 77.2674 49.4481 5.9247 0.947273 5.6959 1.37139 20.5369 14.9702 2.2651 5.84746 13.6824 0 3.269 0.517679 19.0789 9.2933 0.700584 0.152577 
0.222463 52.9648 12.4976 0.878704 51.5748 14.6455 71.6181 98.8723 53.4292 6.74655 121.623 30.0321 9.08619 6.96294 1.68455 12.4547 18.2608 15.616 11.4229 4.1088 40.0003 9.94864 0 7.84359 11.2792 8.95086 5.74722 1.50657 
45.8556 9.43491 10.7941 9.44644 55.6629 0.689617 40.3383 135.754 31.3656 55.9718 2.48581 33.476 56.517 2.80397 0.421795 4.27663 0.130077 12.7371 0.0341655 0.531172 37.4468 0.919045 20.6479 0 26.784 7.695 6.68816 13.0144 
132.436 124.408 3.33874 101.218 30.2092 76.2878 8.42847 0.948323 100.065 38.622 104.157 483.773 0.634725 1.32508 2.60883 61.2028 85.8103 49.4481 6.34761 10.6196 60.49 5.73359 2.81426 42.7685 0 47.9752 17.1243 117.651 
55.4692 53.3926 27.3801 8.51116 70.045 4.54151 0.773189 180.125 97.8133 44.3858 0.00324709 390.391 38.5474 12.888 9.80585 24.4393 27.1477 50.385 0.119546 6.4638 49.029 4.50211 7.59505 16.5565 19.0526 0 18.8889 12.2869 
50.0122 20.446 16.8955 6.52712 4.87193 0.168169 0.220214 26.0158 54.4156 27.3939 8.68851 94.2327 34.8873 1.56862 0.143818 2.92633 3.24209 25.8656 8.90574 10.6263 40.4943 7.94949 7.82145 15.481 58.6265 25.6905 0 61.7049 
58.5558 59.3207 7.83537 9.14296 56.6398 21.3678 0.908352 41.8736 44.7139 0.0181414 67.651 40.4566 28.994 1.33524 1.80069 9.13153 4.17814 0.572252 22.5025 4.54378 31.4196 10.5287 9.4451 4.09894 11.9475 6.29505 1.80776 0 
