0 148.882 182.632 323.381 23.9659 257.341 267.821 297.037 161.428 35.032 1.11884 224.233 9.25905 44.7925 10.4219 80.1043 238.877 79.6722 6.38873 256.39 75.9038 32.9195 11.3974 0.0590119 208.984 55.4372 51.1115 0.0489263 
314.977 0 23.1955 174.25 36.8765 336.458 481.033 250.604 336.377 46.091 246.325 220.623 49.0346 10.1403 51.5212 72.2045 160.485 724.215 0.697139 56.3493 93.241 32.6458 50.2992 0.9179 212.877 58.0233 0.00325875 37.0922 
193.459 473.045 0 135.94 123.427 55.6053 165.837 34.2653 314.696 94.111 51.1226 46.306 1.3095 16.052 23.6911 22.4848 23.9281 60.2129 59.3571 5.44447 46.7616 0.455652 12.5458 1.07303 0.548245 25.8951 13.762 0.548291 
269.51 172.63 88.8776 0 108.725 215.987 185.604 1000.52 204.203 69.1283 177.801 1.74289 18.4563 23.1393 10.5514 32.6121 184.617 145.642 61.1459 34.4075 562.219 0.357437 1.92676 23.3747 176.078 6.59656 8.30272 4.59669 
30.2616 216.604 17.6395 12.1624 0 217.189 435.051 222.907 9.87219 187.808 260.87 171.906 160.043 1.58355 0.639812 46.7715 153.481 206.854 299.294 29.8023 101.045 14.4877 44.1541 39.0901 64.9905 10.5835 24.7221 22.5438 
278.633 364.173 0.577159 210.979 800.244 0 1442.13 0.0292198 148.782 461.101 2.02571 158.233 496.381 16.1694 0.478768 16.1062 188.732 1.73874 20.9788 12.6114 8.68106 0.153042 7.63127 8.49713 157.14 18.3649 17.8159 11.6946 
258.167 31.9162 3.98888 33.1866 355.759 929.421 0 410.145 516.032 20.4187 55.9101 244.77 188.051 27.9129 3.74986 1.19778 56.7125 56.6718 119.227 1.20858 1.32286 8.48062 67.6416 1.21421 34.1889 93.5924 4.2684 72.0254 
285.497 15.1343 74.7434 283.141 127.525 131.518 0.11886 0 662.413 0.174269 370.738 839.372 10.381 105.899 162.14 52.2202 2.69072 0.061338 89.8737 2.33241 124.944 59.0439 12.7715 33.8831 115.45 180.267 71.3208 42.5856 
393.176 330.153 140.396 282.302 291.805 148.72 621.53 661.709 0 385.5 167.937 61.6194 81.2065 5.30004 113.233 17.3857 258.645 33.8087 61.1198 22.3407 48.0613 1.63366 21.2607 19.4351 257.465 88.1357 29.3038 57.2803 
42.246 234.818 12.4578 5.02178 233.836 341.88 365.088 224.127 69.8494 0 459.969 61.9271 116.194 30.7088 12.9182 78.6706 74.0038 99.9761 118.152 22.5871 26.2638 34.0299 27.2702 46.4175 59.3339 5.46463e-05 47.6468 0.820933 
121.271 99.6907 14.5377 13.234 108.933 266.584 481.04 315.946 295.445 532.424 0 323.28 199.965 55.1853 378.061 111.527 93.7278 153.279 89.6377 53.6419 143.1 47.3984 130.838 30.1085 64.9177 154.067 38.1083 102.582 
166.408 181.432 10.2519 202.552 29.2223 21.9733 132.181 935.613 27.8959 47.5254 0.304584 0 116.45 1.43836 236.456 161.738 64.2272 4.36039 20.6308 21.3806 17.61 72.8893 0.0419274 58.542 6.59243 48.637 115.792 158.6 
65.4425 3.00412 39.8614 72.9831 36.7678 35.1837 160.611 69.2136 200.141 59.661 248.86 66.9193 0 14.2426 118.054 72.1001 31.9315 46.837 42.2406 39.21 72.9441 16.4719 64.7114 9.68562 26.0423 41.2642 32.2272 27.1549 
53.3157 30.5979 6.85672 14.2452 50.0763 4.52998 94.8549 112.12 5.27702 13.6123 26.9935 1.57051 137.587 0 45.5287 3.68677 3.02735 6.58532 26.8791 4.77626 44.8329 9.2463 9.53041 0.00213705 15.9635 9.74685 1.83924 0.824314 
69.4872 35.2445 22.6518 22.928 0.0834766 0.00171413 88.076 80.9137 113.986 114.737 405.418 203.889 58.1606 53.7435 0 27.5088 27.075 11.025 1.074 5.73048 50.7258 17.1273 1.54355 23.0526 20.7618 10.3873 1.23222 13.0486 
15.7908 70.7856 1.36655 2.01299 22.2329 5.33242 1.46649 74.5072 144.405 18.7676 227.361 10.4907 7.69018 10.4795 32.4342 0 24.7421 8.40798 15.0057 0.439405 18.3214 11.2646 0.0760071 0.0432198 37.591 13.4746 0.904968 13.5747 
233.443 244.808 49.383 155.586 79.5379 205.8 42.6551 91.4023 150.017 75.2006 67.8463 68.3819 56.2649 21.4597 15.4268 21.4025 0 258.53 470.112 16.5011 1.47481 2.73054 12.389 19.093 176.182 11.2718 10.493 5.41659 
121.254 109.603 2.05018 47.8323 0.857808 52.3117 197.138 131.341 193.956 126.668 54.9403 0.741366 76.087 18.6636 62.093 61.5544 123.929 0 81.4325 0.0108236 6.11572 6.77093 28.7473 47.6339 11.9003 43.8304 1.12888 0.762417 
5.30439 168.653 3.32112 57.709 228.813 76.8826 5.23439 22.2165 6.49273 99.5759 72.8779 65.9927 10.7425 21.0014 30.6051 0.0601273 11.9606 132.821 0 1.53752 12.8742 1.31635 7.47945 23.5453 14.2985 15.1954 23.444 19.348 
180.986 28.2406 0.129598 42.2181 28.2342 7.58322 33.5018 113.753 75.0621 14.925 73.8669 94.6366 40.0704 3.12972 8.07311 8.63418 6.12959 9.95674 11.3641 0 85.6498 1.12467 0.878349 5.75327 6.1116 1.18847 2.19221 7.476 
99.8569 102.139 100.69 202.406 12.1981 42.1641 132.305 206.079 56.1245 6.91055 135.228 152.39 22.5498 8.89913 40.1167 44.2876 36.0068 123.452 33.8838 5.56941 0 0.972239 0.348376 0.252292 23.5326 46.6675 42.1918 46.9772 
22.4362 50.3787 7.84211 2.55059 27.9843 11.0284 61.5258 51.7336 48.4476 0.120045 76.2829 46.5918 9.49687 1.3523 4.89977 1.04465 20.3501 16.0294 2.68296 5.92784 14.4096 0 4.43668 0.234402 18.6361 9.04481 0.542458 0.22642 
0.0531734 51.7769 12.3809 1.25645 52.6915 15.088 72.1808 96.6117 59.0246 4.85432 115.576 22.9852 13.9095 8.44656 0.555601 12.4375 18.4467 14.3407 12.1014 4.09545 39.8547 8.63633 0 12.5068 13.1931 8.56631 5.18266 1.78943 
43.8441 7.72709 10.1025 8.12363 56.0593 1.02564 43.6164 132.143 36.3396 57.4523 0.659093 48.6319 53.0838 1.90108 0.0117741 8.05505 0.0604288 14.0897 0.105515 0.421394 36.0428 0.527535 20.5755 0 32.0023 6.6115 5.74195 12.5966 
222.383 217.505 2.41284 191.492 27.6065 168.204 5.83756 5.0632 198.186 34.9042 94.6744 1040.78 0.243764 1.89187 3.90434 68.493 176.446 50.948 5.61145 11.0336 60.2389 35.5039 2.6196 41.2535 0 88.8699 144.911 97.529 
59.2496 57.3586 27.5268 6.12112 70.5096 5.68964 0.0802388 201.136 88.2355 48.76 1.24937 398.686 40.6521 12.6743 7.58644 21.0777 27.2594 52.1127 0.274754 6.93769 51.1673 4.84699 7.11454 16.6868 21.17 0 15.8852 5.81163 
50.4591 22.0846 16.4283 5.65995 5.7159 0.0713067 0.0415805 30.267 57.1435 28.9772 6.70506 88.3575 35.5541 1.30561 0.0408079 3.58643 3.58275 26.9854 9.44813 10.5121 41.1471 7.58879 7.25035 16.252 54.8436 28.4189 0 75.5804 
59.406 60.5868 6.92534 10.6151 56.8891 21.7906 1.73009 33.9755 40.0104 0.205036 73.2486 28.6474 27.562 1.02573 2.49984 10.5643 4.63102 0.93649 21.965 4.89681 29.7774 10.5416 9.23808 3.52025 12.1149 12.9439 0.092394 0 
