0 355.269 191.058 554.23 17.4736 452.258 267.548 291.113 356.219 39.0648 0.426218 226.101 8.01412 45.5422 11.5693 80.3608 435.899 88.7002 5.05991 242.618 85.9212 33.3214 10.7365 0.00878139 409.165 57.2416 51.0263 0.00603305 
567.229 0 4.2874 387.848 62.8987 523.012 453.367 258.948 558.917 54.716 240.502 218.839 45.3051 9.05671 54.1282 73.6733 356.918 695.284 0.130069 50.6068 87.8384 33.3883 49.626 0.657765 410.442 56.1863 0.0269306 35.959 
200.078 462.601 0 191.065 114.166 58.07 149.602 46.3294 359.956 90.6011 62.1625 39.6489 0.868042 15.8651 24.7507 22.0099 22.5303 67.2303 58.6573 4.72193 51.4538 0.525441 12.5111 1.25403 0.765299 25.4971 14.0472 0.698255 
438.78 385.859 161.382 0 102.401 414.564 179.455 384.855 421.014 72.4099 171.782 4.76651 19.8791 23.0688 11.5851 31.2152 384.741 145.017 61.5862 32.5957 467.867 0.294533 2.16706 22.9282 373.727 7.71385 8.75756 5.13297 
22.9843 261.306 12.4552 8.92801 0 275.148 430.886 222.458 4.84068 207.473 261.1 169.917 156.387 1.15816 1.11934 48.3727 153.914 212.368 301.032 32.2947 98.5222 15.312 43.3221 38.1923 65.4454 9.59266 24.0811 23.4141 
475.935 570.706 1.39923 408.303 847.381 0 1205 0.260673 353.907 135.017 0.198669 158.739 538.198 15.616 0.209602 15.3343 386.326 2.79874 23.9936 12.0071 9.78028 0.230562 7.98498 8.86991 356.613 17.6982 18.0085 11.2714 
262.168 56.1029 9.29897 26.0188 331.142 905.914 0 409.603 293.847 6.07195 79.1015 252.408 181.727 25.2964 2.14783 1.97358 59.2411 49.3565 114.673 0.688027 2.07297 9.27704 66.7929 1.65083 31.9934 94.8447 4.77965 71.5796 
292.359 10.1749 90.4165 333.893 120.514 121.691 2.31971 0 660.154 0.013673 366.377 932.405 8.66527 108.775 167.098 65.8651 3.30494 0.00987596 87.7801 3.34586 131.223 58.3243 11.0755 38.0416 107.132 169.144 69.2772 38.7872 
586.194 505.713 97.0497 459.298 304.96 353.154 860.22 661.381 0 386.72 812.839 77.3298 74.6828 4.03158 79.5044 21.1071 456.667 29.0255 56.8961 20.1606 43.5703 2.00167 23.4489 17.5152 453.645 83.4986 30.6615 55.0594 
38.1017 230.735 15.3672 3.65678 251.609 403.301 321.197 223.802 52.503 0 407.698 70.5165 138.698 33.5293 9.40814 76.3411 75.1292 103.563 116.508 23.7743 27.9644 35.3994 25.764 45.1764 57.9884 0.0619325 47.6872 1.11221 
115.746 109.611 21.3489 17.7929 99.4553 260.571 471.376 302.34 422.043 490.663 0 289.47 208.137 45.4483 394.928 124.148 93.2283 150.665 92.39 55.3768 141.713 48.8324 131.986 33.655 60.177 157.221 39.7403 101.129 
159.351 175.762 14.1474 213.71 25.9159 18.3408 143.673 843.642 18.2691 40.1191 4.24667 0 112.809 3.02118 247.495 109.098 65.4521 3.33403 22.1259 19.545 15.1055 72.2682 0.321762 66.7025 37.0484 75.4283 116.997 154.156 
67.6947 1.9806 41.6851 72.9147 41.5431 24.1665 168.151 72.7129 202.065 78.4233 245.545 62.9399 0 9.00792 118.878 70.1298 32.9769 48.8699 44.0714 39.608 73.502 18.8728 67.7753 8.37893 24.9761 42.2091 31.8275 27.8349 
53.5079 29.0314 7.30211 14.7769 51.4578 5.0409 93.9287 109.478 7.14149 15.8171 19.8362 0.507536 130.587 0 51.8789 2.75557 2.8311 6.00803 26.7406 4.76513 44.9073 9.46371 9.66207 0.0417076 15.7783 10.0688 1.70406 0.952553 
68.9041 37.7829 21.5356 21.7877 0.300268 0.0763891 82.5107 73.1219 102.381 118.95 408.022 188.32 63.2277 47.7953 0 17.2001 27.335 10.0667 1.3241 5.53009 50.0126 17.2427 0.966929 24.0505 21.7015 9.30357 1.05865 13.614 
14.1281 69.176 1.74117 1.39247 20.7294 5.9646 0.809818 89.6524 141.727 16.2385 224.735 34.1685 6.19809 9.22795 44.2567 0 24.5727 9.19628 14.5036 0.364326 19.521 11.3792 0.18521 0.0397284 38.0165 11.8019 0.737264 14.2389 
434.33 439.009 50.2517 353.653 74.5626 404.573 40.2005 90.3751 349.445 74.079 69.3392 69.5262 55.5488 21.3591 14.9867 21.117 0 247.313 307.282 17.1156 1.79816 2.88745 12.5979 19.2336 374.992 11.6378 10.7159 5.64869 
130.664 141.186 0.758592 42.98 0.123561 56.2615 190.522 127.107 198.163 123.926 58.8538 1.26732 77.9108 17.8141 62.871 61.6509 106.96 0 86.1422 0.119106 7.28077 6.39593 28.1326 47.4469 11.1381 44.8044 1.30254 0.598594 
4.09526 170.26 2.58059 58.5105 244.389 74.2977 7.26 20.3183 4.86284 96.5005 75.8598 64.2471 11.9846 21.3776 30.014 0.112837 10.5674 129.665 0 1.26581 11.9739 1.46737 7.77985 23.6257 13.8616 14.7292 23.3407 19.0453 
167.044 33.1167 0.0334035 43.4531 30.692 7.02914 31.0002 114.815 77.5235 16.0014 75.1091 93.933 40.4247 3.19793 7.88554 8.51421 5.66456 11.4338 12.0249 0 56.1685 1.17871 0.833273 5.6945 5.87718 1.32554 2.08403 7.31411 
110.394 96.7692 104.492 204.743 13.9515 43.8469 134.15 204.664 60.9673 7.91316 133.229 154.78 23.6217 9.47068 41.0784 43.081 34.9479 123.609 32.692 18.5671 0 1.09294 0.251219 0.37779 24.6061 47.7486 41.9422 47.3987 
22.9554 50.122 8.01659 2.71654 27.0468 10.6243 61.1662 50.8176 47.372 0.0287816 75.739 45.2296 11.433 1.56417 4.53774 0.904839 20.2549 16.5328 2.89036 5.96361 14.7534 0 5.02286 0.138885 18.4234 8.92255 0.474735 0.26608 
0.013695 51.171 12.3094 1.45585 53.1694 15.2766 72.3298 95.3557 61.6289 4.06238 112.373 19.9237 16.4682 8.96998 0.232051 12.3542 18.527 13.7506 12.4202 4.08685 39.7615 8.00538 0 14.6143 14.0844 8.37309 4.92069 1.92915 
42.8608 6.97406 9.76984 7.52036 56.1948 1.20534 45.1379 129.98 38.7362 58.0525 0.202861 56.4011 51.3784 1.52338 0.0215485 10.0909 0.0367565 14.7403 0.152592 0.373817 35.3618 0.379346 19.8242 0 34.269 6.11086 5.3109 12.3845 
420.831 417.466 2.02438 390.093 26.3938 367.675 4.77199 8.09302 400.677 33.1555 90.0549 313.858 0.123097 2.18885 4.59093 61.6759 375.317 51.6198 5.27725 11.221 60.0592 59.5338 2.67888 38.1449 0 67.2693 71.4362 38.3637 
60.9552 59.1729 27.5235 5.11139 70.6403 6.26313 5.92934e-06 209.527 83.5999 50.7719 2.60742 391.853 41.611 12.5412 6.60839 19.4056 27.2963 52.8858 0.369603 7.15893 52.1262 5.01017 6.8813 16.6986 22.1789 0 14.4943 3.51913 
50.6347 22.8629 16.1971 5.26778 6.13328 0.0398445 0.00623364 32.3313 58.3947 29.7146 5.85317 85.4637 35.851 1.18913 0.0140372 3.91481 3.74782 27.5085 9.70543 10.4535 41.4346 7.41762 6.98009 16.59 52.7492 29.6247 0 81.0229 
59.7453 61.1281 6.50762 11.3282 56.9635 21.9678 2.20526 30.4481 37.8253 0.362726 75.8164 23.6602 26.8801 0.892893 2.86362 11.2446 4.85033 1.13815 21.7036 5.06418 28.998 10.5426 9.13234 3.25825 12.1549 16.6815 1.16549 0 
