0 398.707 192.958 601.941 15.9988 491.09 267.31 289.449 395.173 40.0957 0.304173 226.487 7.71575 45.7255 11.8637 80.4073 475.279 90.9895 4.7508 237.586 88.471 33.4205 10.5735 0.00318164 449.34 57.6859 51.0014 0.00174555 
620.931 0 1.89668 431.832 70.3434 559.646 445.586 260.914 604.687 56.9549 238.948 218.325 44.3857 8.79397 54.7777 74.0284 396.206 191.073 0.0585497 49.1919 86.4878 33.5728 49.4534 0.599438 449.964 55.7219 0.0364254 35.675 
201.503 457.645 0 204.074 111.815 58.6451 145.461 49.5736 370.481 89.691 65.0341 38.0429 0.771633 15.8149 25.01 21.8854 22.1828 69.0043 58.4685 4.54763 52.6392 0.543631 12.5007 1.3013 0.825059 25.3914 14.1177 0.738472 
471.637 429.757 169.977 0 100.797 454.311 177.793 1066.6 465.638 73.2185 170.197 5.75106 20.2401 23.0471 11.848 30.8573 424.906 144.802 61.6849 32.1333 636.391 0.279749 2.2291 22.8129 413.274 8.00404 8.8723 5.2708 
21.3071 272.553 11.2895 8.19279 0 290.164 429.201 222.276 3.85635 212.307 261.045 169.386 155.429 1.06201 1.25979 48.7698 153.972 213.664 301.092 32.9255 97.8815 15.5204 43.1111 37.966 65.5525 9.35136 23.9208 23.6325 
515.342 612.234 1.65945 447.742 436.158 0 692.068 0.463527 396.865 457.705 0.0403844 158.807 504.377 15.4753 0.159348 15.1404 425.858 3.1021 24.7678 11.8561 10.0639 0.2524 8.07351 8.96318 396.62 17.5299 18.0556 11.1656 
263.007 63.0856 10.9594 24.3421 324.628 885.636 0 409.034 244.873 3.78915 85.4081 254.207 180.073 24.6549 1.81561 2.19702 59.8719 47.5852 113.509 0.580482 2.28631 9.48079 66.5708 1.77019 31.4497 95.1355 4.91162 71.4593 
293.893 9.08286 94.4592 349.963 118.754 119.212 3.30171 0 658.102 0.0627742 365.027 951.358 8.25903 109.465 168.253 69.443 3.46794 0.0346524 87.2482 3.62686 132.777 58.1405 10.6681 39.1049 105.038 166.262 68.7604 37.854 
624.48 539.823 87.1228 493.826 308.052 395.944 916.713 659.808 0 386.567 1043.19 81.4718 73.0698 3.78582 70.5162 22.0846 496.295 27.8779 55.8497 19.6289 42.4711 2.09933 24.0078 17.0475 492.805 82.3302 31.0027 54.5024 
37.0885 229.581 16.1351 3.34801 255.868 416.291 309.81 223.632 48.4904 0 393.938 72.7173 144.425 34.2413 8.61075 75.735 75.4014 104.447 116.064 24.0725 28.3945 35.7402 25.3889 44.8605 57.6437 0.0956151 47.6935 1.1918 
114.354 112.116 23.2362 19.0275 97.111 258.793 468.271 298.769 452.959 479.067 0 280.909 210.099 43.1206 398.109 127.291 93.0949 149.988 93.0686 55.8075 141.345 49.189 132.227 34.5617 58.9997 157.941 40.1491 100.748 
157.553 174.303 15.2112 216.352 25.1148 17.477 146.548 816.806 16.1641 38.3466 5.9382 0 111.886 3.50609 249.985 97.0719 65.755 3.09846 22.5059 19.0956 14.5064 72.1059 0.43269 68.7815 47.6449 82.8381 117.273 152.979 
68.2544 1.7575 42.1392 72.8864 42.7691 21.7482 169.98 73.5885 202.48 83.3956 244.595 61.9515 0 7.8743 119.018 69.6187 33.2382 49.3791 44.5289 39.7045 73.6365 19.492 68.5223 8.06503 24.7101 42.4417 31.7263 28.0042 
53.5501 28.6416 7.41399 14.9088 51.7984 5.17164 93.6711 108.788 7.66188 16.3882 18.2009 0.332896 128.697 0 53.2751 2.5403 2.78291 5.86734 26.7039 4.76201 44.9224 9.51603 9.67001 0.0593706 15.7286 10.1475 1.67093 0.98593 
68.7481 38.4226 21.2531 21.5014 0.375372 0.112284 81.1067 71.1937 99.496 119.931 407.544 184.29 64.4921 46.1273 0 14.9042 27.3983 9.83282 1.39057 5.48005 49.83 17.2686 0.842903 24.2858 21.9327 9.03781 1.0172 13.7546 
13.7237 68.7629 1.84138 1.25457 20.3585 6.12665 0.67568 93.5477 141.001 15.6287 223.867 42.0584 5.84817 8.91541 47.2515 0 24.5289 9.39789 14.3781 0.346607 19.8241 11.4063 0.219874 0.090633 38.1041 11.3909 0.697918 14.4035 
474.677 477.686 50.4599 393.314 73.3197 444.393 39.5917 90.1102 389.453 73.7896 69.7084 69.8083 55.366 21.3328 14.8766 21.0447 0 244.267 458.736 17.2692 1.88391 2.92725 12.6499 19.268 414.83 11.7296 10.7716 5.70725 
133.007 151.562 0.533526 41.7902 0.0431402 57.2533 188.803 126.033 199.162 123.218 59.8422 1.42052 78.361 17.6032 63.059 61.6687 102.791 0 87.3131 0.164317 7.58687 6.30357 27.9782 47.397 10.9507 45.0453 1.34783 0.560687 
3.81651 170.593 2.4094 58.7007 248.058 73.6237 7.81564 19.8541 4.49086 95.7105 76.6015 63.8077 12.3041 21.4705 29.8639 0.128571 10.7354 128.842 0 1.20185 11.7529 1.50631 7.85539 23.6445 13.7526 14.6127 23.3141 18.9691 
163.38 34.3782 0.019155 43.7421 31.315 6.89257 30.3825 115.053 78.1293 16.2741 75.4112 93.7417 40.5101 3.21488 7.83829 8.48336 5.5506 11.8168 12.1916 0 49.5593 1.19237 0.82214 5.67943 5.81877 1.36083 2.05732 7.27342 
113.045 95.4217 105.408 203.633 14.406 44.2663 134.588 204.25 62.1945 8.17351 132.711 155.35 23.8919 9.61557 41.3166 42.7761 34.683 123.632 32.3945 22.9355 0 1.12416 0.2294 0.41307 24.8757 48.015 41.8777 47.5008 
23.085 50.0545 8.05997 2.75871 26.8127 10.5231 61.0702 50.5859 47.101 0.0157328 75.5951 44.8875 11.9411 1.61915 4.44861 0.871328 20.2304 16.6591 2.94327 5.97234 14.8395 0 5.17236 0.118848 18.3699 8.89148 0.458488 0.276481 
0.00785698 51.0149 12.2899 1.50782 53.284 15.3217 72.3554 95.0231 62.2758 3.8746 111.539 19.186 17.1345 9.07998 0.172685 12.3259 18.5464 13.6041 12.4999 4.08446 39.7358 7.84703 0 15.1154 14.3054 8.32362 4.85566 1.96472 
42.6115 6.79109 9.68604 7.37172 56.2236 1.25235 45.5156 129.395 39.3399 58.1926 0.129593 58.3952 50.944 1.43434 0.0443491 10.6179 0.0317511 14.9042 0.165702 0.362338 35.1896 0.345998 19.5689 0 34.8105 5.98695 5.20477 12.33 
460.569 457.585 1.93218 429.868 26.0921 407.679 4.52136 8.95615 441.442 32.7191 88.8879 804.151 0.0992912 2.26597 4.7698 59.0524 415.17 51.7842 5.19496 11.2671 60.0081 64.6861 2.70901 37.1426 0 58.8757 48.6503 30.1463 
61.3735 59.6205 27.5154 4.87129 70.6642 6.40952 0.00462192 211.456 82.4318 51.2691 3.02293 389.093 41.8473 12.5048 6.37145 18.9819 27.304 53.0748 0.395477 7.214 52.361 5.05101 6.82234 16.6966 22.4313 0 14.1502 3.03013 
50.6751 23.0581 16.1381 5.17141 6.2396 0.0333985 0.00227514 32.853 58.7039 29.8981 5.64864 84.7288 35.9235 1.16074 0.00952438 3.99856 3.78954 27.6388 9.76995 10.4384 41.5044 7.37471 6.91245 16.6718 52.1982 29.9172 0 82.2485 
59.824 61.2578 6.40436 11.5082 56.9778 22.0098 2.33277 29.5876 37.2825 0.409091 76.4506 22.476 26.709 0.861012 2.95787 11.4149 4.90575 1.1916 21.6375 5.10612 28.8027 10.5423 9.10509 3.19386 12.1605 17.665 1.61951 0 
