0 344.36 206.219 550.779 5.34213 363.62 261.914 270.785 271.762 50.0194 0.149307 228.498 5.20887 47.3399 14.7222 80.5015 353.237 112.555 2.34063 172.212 112.657 34.3104 9.1087 0.0833482 334.729 61.6559 50.7043 0.0841718 
633.648 0 25.1104 359.609 153.838 410.447 360.399 276.647 540.816 78.9833 222.858 212.322 36.1588 6.52559 60.7139 77.0699 274.353 430.987 0.731886 36.6327 74.0691 35.2584 47.7796 0.187554 329.341 51.3418 0.191954 33.0382 
210.032 372.901 0 284.61 89.7255 63.1008 106.666 83.185 446.571 80.7352 93.2367 24.4602 0.147785 15.2879 27.2882 20.6279 19.0197 85.5889 56.4663 3.06685 63.7305 0.725773 12.3731 1.77533 1.47948 24.3004 14.756 1.16152 
300.405 356.907 161.31 0 85.6856 335.227 160.307 1069.22 396.411 80.4233 154.191 19.0107 23.6674 22.7712 14.352 27.41 310.3 141.73 62.378 27.7234 386.818 0.160778 2.83784 21.6784 292.968 10.8744 9.951 6.61357 
8.65218 373.408 3.14285 2.84865 0 399.918 401.943 219.287 0.0543387 254.481 258.423 163.881 145.776 0.368571 2.94304 52.3705 153.557 224.006 294.579 38.8802 91.7762 17.4872 41.1061 35.8407 66.4161 7.24626 22.441 25.6648 
392.763 505.368 5.06145 325.965 512.921 0 888.747 5.05515 335.078 296.117 4.23661 158.325 582.811 14.1351 0.020779 13.3377 305.387 6.61625 32.2518 10.4641 12.8452 0.500161 8.89182 9.82469 280.635 15.9502 18.4691 10.1896 
267.604 142.509 32.162 11.2588 259.368 517.549 0 395.684 0.462186 8.14686 151.644 268.595 163.546 19.0001 0.062526 4.81151 65.6661 32.4259 102.336 0.0183448 4.74227 11.4492 64.3343 3.06471 26.5378 97.3917 6.20855 70.1834 
304.489 1.8836 133.329 486.049 102.448 96.1514 20.3361 0 612.08 2.2024 347.818 1029.11 4.94396 115.274 177.245 104.878 5.15364 0.975924 82.1845 6.73756 146.777 56.368 7.22826 49.3194 85.6113 138.152 63.8794 29.5809 
490.699 371.956 18.3571 331.2 332.479 332.767 1277.76 617.964 0 376.544 1180.89 123.202 58.5799 2.86237 77.528 31.9516 376.525 18.2372 46.4002 14.9833 32.8041 3.10847 29.3805 12.9695 368.571 71.4195 34.1881 49.331 
28.1911 216.508 23.9349 1.12712 290.935 482.374 202.113 220.383 18.3356 0 260.916 93.8858 197.71 40.9097 2.85001 69.716 77.7416 112.341 111.358 26.8484 32.4621 38.8558 21.965 41.8465 54.3058 0.75066 47.6809 2.05435 
101.35 135.533 43.8656 32.1288 76.0711 237.516 427.419 262.967 659.378 356.204 0 201.828 226.537 23.9758 406.594 155.584 91.7018 143.283 99.1511 59.7203 137.556 52.4426 133.559 43.2793 48.3278 163.238 43.9389 96.8963 
140.391 160.113 26.6465 237.59 18.2234 10.3872 172.902 523.329 2.71274 23.5878 34.4595 0 103.113 9.62681 267.397 16.1848 68.4887 1.32348 26.1228 15.1343 9.49785 70.4748 2.2278 88.4932 122.692 161.103 119.343 140.931 
73.3499 0.322789 46.2906 72.4137 54.6408 15.4598 185.68 81.6759 205.037 133.313 233.576 52.9646 0 0.94636 119.034 64.5704 35.6502 54.1005 48.7444 40.5385 74.787 25.5374 75.0128 5.41679 22.2676 44.5204 30.7659 29.5524 
53.8272 25.0845 8.45424 16.1043 54.8481 6.43227 90.8052 101.877 13.4635 22.0108 6.24733 0.458142 109.025 0 61.4419 0.929974 2.35422 4.63642 26.3233 4.72693 44.9963 9.9595 9.27212 0.36715 15.204 10.8369 1.37752 1.31901 
67.1151 44.4109 18.5914 18.843 1.463 0.767614 68.0076 53.9341 73.5096 127.511 382.263 145.309 76.0087 28.7942 0 1.09637 27.9527 7.78078 2.07882 5.01908 48.0631 17.4541 0.0952619 26.1653 23.9881 6.69954 0.671421 15.0386 
10.2142 64.7538 2.88694 0.315336 17.0341 7.69418 0.00991396 130.762 133.284 10.4519 211.984 145.379 3.0693 6.10409 72.7491 0 24.0977 11.3455 13.2219 0.203112 22.684 11.6271 0.675972 1.51846 38.5536 7.78862 0.383743 15.889 
361.566 349.236 52.2076 274.239 61.9103 326.449 34.066 87.5062 273.726 70.9515 73.0431 72.3378 53.6052 21.0691 13.8598 20.3571 0 212.149 470.681 18.6876 2.76785 3.30611 13.1258 19.5716 297.229 12.5819 11.2878 6.25858 
154.279 266.248 0.326505 31.3089 1.25769 66.4519 171.798 115.845 207.343 116.269 69.1465 3.24513 82.4096 15.6852 64.6691 61.7106 66.4673 0 97.967 0.924436 10.693 5.47581 26.5381 46.8766 9.2765 47.2199 1.80218 0.268458 
1.69416 172.358 1.09745 60.2595 276.953 66.9235 13.8519 15.77 1.74026 88.0453 83.3727 59.6951 15.4193 22.3038 28.4326 0.322461 23.1866 120.62 0 0.686968 9.7895 1.88904 8.56227 23.7931 12.7489 13.538 23.0525 18.2542 
127.216 46.7297 0.073923 46.0107 37.212 5.67039 24.8399 116.715 83.526 18.8569 78.0365 91.6853 41.2395 3.3693 7.3949 8.18189 4.54192 15.6014 13.7585 0 6.92563 1.32158 0.721908 5.53305 5.2827 1.70601 1.8166 6.89346 
137.606 82.9356 113.117 176.608 18.9059 48.1052 138.198 199.285 73.8048 10.7601 127.586 160.078 26.43 10.9928 43.4693 39.9031 32.2335 123.524 29.6587 81.3129 0 1.43312 0.0743733 0.813176 27.388 50.3992 41.2424 48.3833 
24.2767 49.3662 8.4569 3.16073 24.6544 9.58737 60.067 48.3935 44.5567 0.0804491 74.1163 41.7016 17.0633 2.16324 3.65371 0.589445 19.9902 17.8347 3.45208 6.04911 15.6372 0 6.59698 0.0073462 17.8729 8.59469 0.321178 0.38184 
0.0302867 49.4876 12.0789 2.02722 54.2501 15.6994 72.3708 91.605 68.1571 2.33791 103.252 12.9304 23.7433 9.65593 0.0393504 11.9271 18.7112 12.2714 13.2336 4.05807 39.4512 6.38675 0 18.9597 16.2954 7.84585 4.26377 2.30493 
40.2464 5.20175 8.90166 6.04328 56.3919 1.72606 48.9496 123.169 44.99 59.2966 0.227439 77.5958 46.792 0.724494 0.63689 15.6632 0.00280671 16.4432 0.312329 0.264246 33.5633 0.109367 16.1095 0 39.228 4.87131 4.2571 11.7988 
341.856 342.437 1.1757 311.505 23.3353 291.592 2.51253 18.8477 332.52 28.7129 77.9308 889.374 0.000248424 3.03047 6.55063 26.5109 297.71 53.2355 4.45891 11.6777 59.421 69.9645 3.2774 24.7147 0 2.16525 105.731 121.906 
65.0748 63.6348 27.3039 2.90007 70.7165 7.81698 0.514397 225.807 71.5223 55.7377 8.26831 345.223 43.9627 12.1093 4.34306 15.0166 27.3452 54.7415 0.67558 7.71801 54.433 5.42956 6.26725 16.5837 24.7519 0 11.063 0.221179 
50.982 24.8728 15.5734 4.31342 7.25941 0.000711875 0.0582264 37.7721 61.4924 31.5756 3.91903 77.7432 36.5606 0.912952 0.00915418 4.80265 4.18415 28.8352 10.3698 10.2895 42.1117 6.97598 6.28685 17.3765 46.6726 32.4289 0 90.6002 
60.4337 62.3498 5.47399 13.2016 57.0285 22.3559 3.67468 22.0763 32.3465 0.968372 82.1473 12.8155 25.115 0.591867 3.88964 12.9846 5.42931 1.74202 21.0107 5.49543 26.9877 10.5301 8.83823 2.62113 12.1255 27.4102 9.13981 0 
