0 770.161 205.456 785.376 1.96468 509.096 231.904 213.871 443.313 73.1003 5.77335 223.17 1.42568 50.2849 21.6213 78.644 511.659 158.876 0.0118567 96.8541 164.919 36.0572 6.24132 1.06478 509.372 69.1777 49.6535 1.01037 
1003.87 0 277.4 646.786 372.11 508.916 146.503 293.669 805.345 131.231 179.466 192.19 20.5528 2.7037 72.7694 82.0073 439.728 816.285 10.2265 14.3955 48.5581 38.7393 43.7258 0.0939369 491.399 41.5505 0.942268 27.3451 
198.504 90.5325 0 130.572 44.4091 66.6306 33.4966 167.102 434.257 59.1801 157.564 4.6591 0.470419 13.7935 31.2643 17.3666 12.6537 119.98 50.7036 0.79848 87.2473 1.20201 11.9069 3.00798 3.48348 21.3244 16.0326 2.3748 
448.998 643.935 281.543 0 53.2631 497.484 113.261 140.619 676.633 93.7338 113.686 69.4309 31.488 21.7238 20.037 19.5027 485.517 128.792 62.4982 17.9602 668.037 0.0151728 4.35049 18.8697 456.317 17.9501 12.3628 9.87522 
0.584729 519.135 2.93573 0.78895 0 378.687 285.123 205.093 24.3318 318.803 240.189 148.577 120.911 0.0975737 8.83782 59.5727 146.894 235.196 240.946 52.1142 77.7342 21.9422 36.4942 31.1 67.4773 3.54037 19.275 30.0954 
545.628 665.688 17.6322 483.653 1089.44 0 803.539 30.5292 727.912 617.402 45.6503 150.563 615.342 11.0854 1.71703 9.50068 468.15 18.2438 49.5096 7.55476 19.7239 1.30993 10.6279 11.6514 453.45 12.4689 19.223 8.12035 
257.799 356.229 104.714 0.0331231 113.141 139.135 0 322.469 812.608 156.566 316.537 284.219 122.422 8.87314 4.48392 13.6081 77.6926 8.75555 76.6649 1.48235 12.8927 16.1691 58.475 6.98251 16.8769 99.4759 9.45612 66.4602 
303.982 4.83848 214.517 442.729 68.3099 49.4405 99.7905 0 384.637 16.8551 285.343 617.418 0.635583 123.835 185.144 184.503 9.84501 7.32052 70.527 16.392 173.679 52.1271 1.9865 72.7618 46.1565 75.2871 52.9058 14.4972 
615.729 461.516 50.256 443.116 355.48 724.598 662.29 395.843 0 307.091 1200.49 225.179 31.1071 8.81718 128.582 57.2256 539.547 4.07768 27.9568 6.84935 15.5501 5.91949 41.9539 5.87006 521.529 48.1596 41.1753 38.2401 
12.5189 175.773 44.0978 0.376788 331.293 330.199 24.3932 203.514 3.02091 0 32.8595 142.01 294.859 55.2013 1.11481 54.7903 81.6243 127.25 97.8928 32.8592 41.6773 45.237 15.0029 34.8951 46.3393 4.22746 47.215 4.66864 
73.2987 185.032 102.67 68.7487 36.7923 168.718 283.411 175.434 924.906 88.9266 0 58.2563 249.604 1.12868 303.344 205.424 87.7441 126.423 110.837 67.6147 127.145 59.1146 130.869 63.4416 27.4999 165.808 52.0714 86.7534 
101.652 126.31 59.4047 259.601 6.84329 1.19014 225.081 18.3645 12.3887 3.41049 161.774 0 83.2097 31.8964 266.598 81.176 73.9278 0.0309321 34.491 7.9346 2.18442 66.192 10.6487 130.714 137.372 333.885 120.734 109.402 
83.6946 1.15232 54.757 70.1158 82.5759 93.4588 210.285 98.7292 202.567 245.446 197.718 34.952 0 9.06161 111.376 52.1158 40.7846 64.2318 57.6068 41.9647 76.6737 40.0111 85.7783 1.41434 17.1638 48.5006 28.5551 32.7657 
53.726 17.8246 10.6769 18.4867 60.7099 9.39164 81.873 84.2874 31.4117 35.7031 2.0047 11.2256 59.8641 0 45.8878 0.203586 1.5383 2.43705 25.2599 4.61313 44.7479 10.6416 6.03053 1.84031 13.7086 12.0486 0.829693 2.17726 
62.4848 57.445 12.7922 13.2134 6.15782 4.07965 40.6409 22.5601 26.7458 133.6 228.65 63.0291 98.2054 0.911948 0 25.1042 28.9468 4.09054 3.99881 4.04462 43.81 17.5104 1.02555 28.1038 27.7585 2.63133 0.164515 17.6479 
4.23432 55.1342 5.7905 0.428689 10.6242 11.4006 2.12948 206.884 111.319 2.58913 166.214 420.399 0.0800428 1.40295 85.4151 0 23.0095 16.0124 10.7718 0.0223329 29.1097 11.9138 2.40926 9.50336 37.2784 1.96008 0.0218754 18.7726 
538.805 495.054 54.8064 441.187 38.7178 493.724 23.0082 81.0073 448.597 63.9212 79.675 77.2661 49.4061 20.3746 11.686 18.7698 0 128.475 360.836 21.7019 5.22313 4.1875 14.1189 20.1344 466.28 14.4349 12.4018 7.50465 
195.21 347.271 11.2098 12.9072 15.6293 85.7388 130.222 92.7992 217.949 99.1781 89.8104 9.62322 90.3297 11.7801 67.3145 61.0508 11.3837 0 119.062 4.62094 18.9863 3.86074 23.3739 45.397 6.06169 51.5382 2.99702 0.000319346 
0.0147409 167.982 0.0031187 62.3301 300.845 50.3942 31.844 8.36679 0.18054 69.8642 97.1625 50.6142 23.0264 23.9338 25.1185 1.03466 105.829 99.8047 0 0.0603172 6.08365 2.84947 10.1285 23.9572 10.624 11.2518 22.395 16.6567 
50.5005 75.8639 1.32263 48.1784 50.4168 3.34033 14.247 116.926 93.655 24.7189 82.5871 85.5689 42.4263 3.68632 6.40811 7.44116 2.6666 25.0733 17.2534 0 50.1941 1.61707 0.523466 5.17646 4.16285 2.55806 1.33876 6.05634 
187.255 56.6961 124.346 214.972 30.2674 56.0191 143.111 182.033 99.7664 17.3722 114.664 166.734 32.1085 14.1692 47.7632 33.4621 26.989 121.342 23.8968 253.318 0 2.22163 0.0302377 2.1229 32.8655 54.989 39.6384 49.8903 
26.7976 47.4996 9.2806 4.09858 20.0802 7.59346 57.2187 43.3957 38.8836 1.35483 70.0531 34.7615 30.258 3.52164 2.14873 0.162922 19.3903 20.408 4.66504 6.18959 17.366 0 9.73511 0.224781 16.8185 7.90116 0.106463 0.66463 
0.548464 45.7095 11.443 3.37164 55.7356 16.2586 71.0457 82.3092 79.9324 0.317496 82.5837 3.37811 40.0045 8.08119 2.26066 10.2964 18.9796 9.54712 14.7928 3.97456 38.5555 3.45403 0 19.8615 20.0347 6.71059 3.06361 3.1014 
34.8407 2.44485 7.1787 3.52117 56.1513 2.97188 55.8766 105.363 57.3354 60.4557 5.16017 120.404 37.2513 0.00500627 4.10062 25.3792 0.0474185 19.8834 0.783301 0.103626 29.874 0.0528161 5.56177 0 43.9687 2.72922 2.46356 10.5052 
507.426 515.827 0.169544 477.843 17.6566 463.788 0.15939 50.2713 520.388 20.4261 54.1909 345.964 0.533158 4.95153 11.0269 24.5721 467.059 55.9162 3.03322 12.4606 57.4603 17.2755 6.22693 1.57883 0 75.2125 136.348 81.2173 
71.8657 71.3606 26.0252 0.337469 69.7959 11.1139 4.43922 232.686 48.2568 64.3315 27.4863 176.797 48.0376 10.9235 1.17281 7.023 27.2506 57.7983 1.52673 8.76046 58.2361 6.24493 5.03167 15.7744 29.4286 0 5.30858 5.17225 
51.2289 28.8227 14.2422 2.686 9.67449 0.0964975 0.747395 48.786 67.0087 35.0484 1.23029 61.8843 37.7237 0.47257 0.262627 6.69068 5.08709 31.3511 11.6802 9.91455 43.178 6.10846 4.95484 18.5436 33.3347 36.4088 0 87.5278 
61.0095 64.0199 3.64531 16.9649 56.6344 22.8308 7.53023 9.12797 22.3864 2.96126 93.1472 0.958922 21.6335 0.177292 6.22681 16.2361 6.62325 3.27023 19.5721 6.33889 23.0512 10.4441 8.17667 1.54369 11.5183 48.6435 40.6314 0 
