0 777.178 205.187 788.803 2.0969 512.291 231.388 213.052 446.973 73.3961 5.89403 223.021 1.39314 50.3166 21.7127 78.6032 515.017 159.429 0.00828718 96.9319 165.541 36.0774 6.20836 1.08394 512.931 69.261 49.6369 1.02834 
1008.53 0 281.122 651.718 374.681 511.596 144.04 293.725 809.753 131.893 178.867 191.882 20.3801 2.6659 72.9106 82.0537 443.229 739.109 10.4115 14.1724 48.258 38.7812 43.6717 0.0996831 494.806 41.4271 0.955194 27.2744 
198.109 87.5745 0 127.171 43.9012 66.6181 32.7825 168.149 432.517 58.902 158.338 4.5062 0.488916 13.7721 31.3043 17.3221 12.5795 120.377 50.6206 0.779063 87.5266 1.20865 11.8995 3.02501 3.51322 21.2826 16.0475 2.39239 
453.166 648.876 277.372 0 52.8765 500.869 112.629 109.893 681.415 93.8759 113.151 70.2059 31.5882 21.707 20.1089 19.4033 489.088 128.581 62.4877 17.8413 698.683 0.0143293 4.3709 18.832 459.746 18.0435 12.3933 9.91855 
0.657942 519.973 3.08607 0.847178 0 378.415 283.326 204.853 24.9012 319.296 239.859 148.359 120.573 0.104881 8.92974 59.6566 146.762 235.233 239.993 52.2795 77.5533 21.9993 36.4346 31.0399 67.4834 3.50182 19.2359 30.1508 
548.883 668.805 17.8244 486.994 1057.27 0 669.164 30.9663 734.396 705.413 46.4077 150.411 623.784 11.0468 1.75496 9.4542 471.57 18.4203 49.7267 7.51981 19.8163 1.32233 10.6491 11.6737 456.997 12.4255 19.2311 8.09504 
257.509 358.8 105.754 0.0513659 111.49 145.481 0 321.242 827.257 159.279 318.542 284.271 121.881 8.76767 4.60867 13.7428 77.8367 8.54934 76.3398 1.52358 13.0179 16.2316 58.3938 7.04073 16.7663 99.4772 9.50031 66.4057 
303.771 5.03579 215.409 443.657 67.9036 48.9158 101.074 0 381.163 17.1199 284.386 609.089 0.607298 123.904 185.137 185.426 9.91221 7.43591 70.3767 16.5357 173.978 52.071 1.94113 73.0581 45.7092 74.5419 52.7667 14.3376 
618.619 464.362 52.2054 446.342 355.488 731.091 647.139 392.39 0 305.885 1431.35 226.472 30.8065 8.95495 127.254 57.5653 542.959 3.96319 27.7479 6.76594 15.3701 5.95987 42.1168 5.79765 524.814 47.8796 41.2628 38.1042 
12.3587 175.179 44.3689 0.402942 331.438 326.668 23.1562 203.224 3.28863 0 31.229 142.609 295.764 55.3735 1.18831 54.5928 81.6621 127.414 97.6999 32.9334 41.7951 45.3127 14.921 34.8056 46.2347 4.28804 47.2054 4.70749 
72.9559 185.618 103.477 69.2587 36.3722 167.732 281.333 174.314 927.369 86.3657 0 56.9043 249.772 1.02694 301.238 205.899 87.6867 126.194 110.969 67.7074 126.997 59.1941 130.788 63.6987 27.266 165.761 52.1717 86.6128 
101.167 125.871 59.8662 259.645 6.73386 1.13202 225.665 16.1861 12.8417 3.2704 163.771 0 82.9569 32.2417 266.249 83.9371 73.9913 0.0370452 34.5995 7.85762 2.12497 66.1323 10.7907 131.21 140.638 335.598 120.725 108.976 
83.8166 1.19671 54.8568 70.0763 82.9357 94.3135 210.499 98.9356 202.467 246.713 197.183 34.7429 0 9.35709 111.218 51.9509 40.8477 64.3564 57.714 41.9792 76.692 40.1991 85.8796 1.38025 17.1021 48.5454 28.5264 32.8045 
53.7187 17.7387 10.704 18.5143 60.7759 9.4299 81.7404 84.0497 31.6758 35.8825 2.14557 11.4461 59.2546 0 45.4588 0.219888 1.52911 2.41376 25.2446 4.61138 44.7413 10.6475 5.97701 1.86469 13.6871 12.061 0.82364 2.18908 
62.4182 57.6057 12.7214 13.1455 6.23587 4.13621 40.3208 22.2377 26.2814 133.581 226.264 62.1222 98.4466 0.798377 0 25.7796 28.9574 4.05128 4.02634 4.03274 43.7534 17.5081 1.05875 28.108 27.7986 2.59085 0.160321 17.6786 
4.17486 55.0078 5.83147 0.448748 10.5517 11.4487 2.1863 207.703 111.008 2.5229 165.509 423.038 0.0699279 1.36258 85.0915 0 22.9946 16.0742 10.7418 0.0212167 29.1913 11.9157 2.43643 9.63262 37.2434 1.90952 0.020159 18.805 
542.39 498.271 54.8281 444.668 38.4484 497.191 22.8794 80.9193 452.182 63.8265 79.7522 77.3226 49.3505 20.3649 11.6592 18.7492 0 127.399 390.668 21.7389 5.2584 4.19903 14.1309 20.1406 469.778 14.458 12.4157 7.52064 
195.657 347.759 11.4384 12.7216 15.9051 85.9683 129.679 92.5071 218.016 98.9502 90.0698 9.72309 90.4206 11.7337 67.34 61.0361 10.9649 0 119.303 4.6842 19.1026 3.84217 23.3341 45.3755 6.02528 51.5885 3.01374 0.000134461 
0.0193924 167.857 0.00485438 62.3443 300.772 50.1775 32.1059 8.28753 0.19958 69.6285 97.3253 50.5 23.1279 23.9525 25.0754 1.04605 107.077 99.5246 0 0.0567765 6.04231 2.86255 10.1483 23.9578 10.598 11.2237 22.386 16.6363 
49.6833 76.2335 1.34763 48.1805 50.5828 3.31438 14.1292 116.899 93.7661 24.7938 82.6335 85.4791 42.4377 3.69012 6.39563 7.43123 2.64599 25.2009 17.2977 0 51.8227 1.6209 0.521154 5.17169 4.14929 2.56953 1.33318 6.04578 
187.816 56.382 124.434 216.185 30.4219 56.1134 143.147 181.766 100.092 17.4629 114.489 166.785 32.1808 14.2104 47.8133 33.3806 26.9242 121.298 23.8265 255.236 0 2.23252 0.0322076 2.143 32.9337 55.0409 39.6164 49.9056 
26.8285 47.4732 9.29054 4.11085 20.0242 7.56902 57.1775 43.3314 38.8117 1.38041 69.9952 34.6751 30.4371 3.53986 2.13203 0.159236 19.3821 20.4403 4.68112 6.19112 17.3875 0 9.77313 0.231428 16.8057 7.89208 0.104505 0.668628 
0.558973 45.6585 11.4336 3.39019 55.7488 16.2633 71.0175 82.1783 80.0688 0.303955 82.3091 3.29642 40.218 8.0401 2.30854 10.2703 18.9822 9.51462 14.8119 3.97329 38.5419 3.42098 0 19.8012 20.0747 6.69571 3.04943 3.1118 
34.7714 2.41659 7.15719 3.49317 56.1431 2.98922 55.9579 105.11 57.4884 60.4593 5.26137 120.923 37.1296 0.00370644 4.16051 25.4726 0.048902 19.9272 0.790485 0.102075 29.8266 0.056084 5.4399 0 43.9796 2.70542 2.44372 10.4879 
510.872 519.369 0.162634 481.298 17.5887 467.324 0.147712 50.733 524.116 20.3273 53.9017 227.468 0.546236 4.97742 11.0868 25.3561 470.56 55.9455 3.01693 12.4694 57.4301 18.5345 6.2776 1.51633 0 73.2915 140.93 85.4064 
71.9388 71.4475 26.0024 0.321173 69.7755 11.1566 4.5119 232.553 47.9767 64.4276 27.7861 174.49 48.0837 10.9061 1.14516 6.93515 27.2478 57.8314 1.53942 8.77294 58.2773 6.25504 5.01613 15.7596 29.482 0 5.24717 5.32449 
51.2284 28.8721 14.2248 2.66777 9.70634 0.09913 0.760869 48.9253 67.0728 35.0902 1.20607 61.683 37.7363 0.467927 0.267978 6.71532 5.09879 31.3817 11.6966 9.90943 43.1891 6.09762 4.93854 18.5549 33.1668 36.4442 0 87.3061 
61.0102 64.0347 3.62429 17.0122 56.6251 22.8343 7.58619 8.9986 22.2697 2.99272 93.271 0.895442 21.5898 0.173616 6.25837 16.2746 6.63867 3.29216 19.5535 6.34939 23.0022 10.4425 8.16773 1.53177 11.5068 48.8778 41.0967 0 
