0 742.707 197.338 668.21 6.30156 392.727 218.686 193.74 338.967 80.2161 8.99851 219.056 0.747172 51.0108 23.8438 77.5511 399.176 171.846 0.101715 98.3536 179.451 36.5306 5.47012 1.57055 401.693 71.0968 49.2321 1.48426 
911.087 0 361.706 570.529 429.893 381.121 91.5044 293.885 715.675 146.989 164.863 184.47 16.5838 1.86794 76.0767 83.0151 331.054 285.335 15.0827 9.48517 41.5291 39.7311 42.4086 0.278906 380.123 38.5904 1.27604 25.6595 
187.502 31.469 0 56.4161 32.8175 65.9408 18.2548 191.607 383.678 52.5026 175.607 1.68464 1.01127 13.2628 32.1495 16.2796 10.9175 129.138 48.6444 0.397142 93.7904 1.36576 11.7187 3.42637 4.22696 20.2954 16.3841 2.81263 
361.873 567.969 252.781 0 44.2085 385.534 98.0199 133.898 596.7 96.96 100.786 88.719 33.8998 21.296 21.7595 17.1342 378.158 123.419 62.1653 15.1571 216.151 0.00157409 4.84967 17.9519 345.614 20.2108 13.0987 10.9298 
3.52505 531.245 7.55097 2.75149 0 379.287 240.904 198.931 39.6249 328.194 231.644 143.192 112.681 0.345712 11.1608 61.537 143.433 235.384 216.66 56.0619 73.3763 23.3189 35.0533 29.6549 67.5765 2.67143 18.3404 31.422 
430.501 545.783 22.4105 370.756 434.398 0 1014.74 41.7071 687.074 968.588 65.1076 146.543 509.352 10.1578 2.73419 8.4017 357.194 22.6717 54.6808 6.7293 21.9803 1.6224 11.1306 12.1809 345.54 11.4322 19.4098 7.51862 
249.794 414.52 129.892 1.56545 75.9563 349.745 0 291.429 1123.18 224.439 362.812 284.468 109.386 6.50234 7.92794 16.9923 81.0936 4.4685 68.8797 2.62433 16.0414 17.6909 56.4785 8.43522 14.3035 99.3357 10.5391 65.1029 
297.566 10.6256 234.529 469.609 58.7588 37.4291 131.996 0 300.506 23.719 261.473 414.963 0.134146 125.235 184.257 205.603 11.5143 10.3266 66.8998 19.9827 180.552 50.7585 1.04065 79.8431 35.8583 58.0151 49.5635 10.8834 
491.807 339.51 105.207 330.843 353.711 684.127 315.921 311.86 0 276.419 1142.87 255.805 24.2336 12.5131 136.89 65.4698 428.319 1.77404 23.121 4.98049 11.5023 6.92183 45.885 4.24866 407.296 41.5641 43.2731 35.0015 
8.93474 161.112 50.6784 1.24396 332.18 241.432 3.44708 196.067 12.5178 0 4.97774 156.226 313.7 59.2598 3.51367 50.0119 82.4551 131.025 93.12 34.6332 44.5152 47.0188 13.082 32.7393 43.8036 5.79055 46.9596 5.64123 
65.1727 198.76 122.156 81.2054 27.2895 144.713 233.085 148.767 936.524 36.7655 0 29.8333 252.752 0.0133744 249.739 215.587 86.318 120.847 113.879 69.7929 123.488 60.9928 128.609 69.6069 22.1092 164.157 54.4612 83.2981 
90.1106 115.725 70.716 259.051 4.45434 0.195525 238.472 4.20547 25.3973 0.854681 211.224 0 77.136 40.5461 256.043 156.244 75.418 0.329552 37.1157 6.1838 0.982299 64.7215 14.2885 142.241 216.495 369.496 120.317 99.05 
86.5655 2.44454 57.1001 69.0987 91.2273 107.256 214.721 103.621 199.717 273.952 184.411 30.0601 0 17.3328 107.177 48.1164 42.288 67.2076 60.1518 42.2875 77.0745 44.5421 87.9583 0.709526 15.7015 49.5392 27.8604 33.6849 
53.5091 15.803 11.3181 19.132 62.2405 10.3149 78.5562 78.5073 37.9728 40.0345 6.67405 17.0488 45.6542 0 34.8369 0.76289 1.32472 1.90757 24.88 4.56916 44.5653 10.7659 4.71975 2.45828 13.1762 12.326 0.690141 2.46748 
60.8284 61.2688 11.1188 11.611 8.15417 5.53009 33.1852 15.3957 16.6163 132.506 171.232 42.6478 103.68 0.277032 0 42.3849 29.188 3.19843 4.6823 3.76146 42.4342 17.4349 1.95856 28.0639 28.6654 1.74103 0.0787396 18.3683 
2.9182 52.0636 6.80103 1.03454 8.94499 12.5626 3.69366 225.113 103.659 1.232 148.691 471.85 0.02591 0.589872 74.7649 0 22.6439 17.5163 10.0577 0.00344151 31.0703 11.9474 3.09095 12.7043 36.3189 0.920962 3.4306e-05 19.5204 
431.71 379.327 55.2516 331.767 32.4324 383.838 19.9957 78.8501 341.696 61.6091 81.4875 78.586 48.0543 20.1346 11.0459 18.2703 0 103.029 141.872 22.5809 6.09806 4.46732 14.4057 20.2773 357.187 14.9896 12.7342 7.89102 
205.388 372.112 17.268 8.7985 22.8521 91.136 117.127 85.7882 219.12 93.638 96.0161 12.1523 92.4498 10.6856 67.8736 60.6551 3.46068 0 124.632 6.2501 21.8541 3.4256 22.4185 44.8623 5.21496 52.7163 3.41021 0.0175151 
0.301445 164.543 0.150284 62.5897 296.532 45.1707 38.3376 6.5645 0.898867 64.1789 100.986 47.874 25.5013 24.3719 24.0788 1.3243 135.075 92.985 0 0.00488934 5.12725 3.17116 10.605 23.9641 10.0035 10.5819 22.1741 16.1665 
32.5358 84.6727 1.98317 48.0543 54.3816 2.74127 11.535 116.083 96.2062 26.5209 83.6292 83.326 42.6746 3.77611 6.10785 7.19843 2.19257 28.1869 18.3154 0 94.4752 1.70961 0.469221 5.05976 3.84109 2.83852 1.20762 5.80311 
200.142 49.3003 126.074 236.753 34.0473 58.2461 143.78 175.307 107.552 19.6 110.37 167.73 33.8483 15.1662 48.9393 31.5007 25.4437 120.179 22.227 294.085 0 2.48934 0.0947448 2.63048 34.5004 56.1944 39.0988 50.2313 
27.5342 46.8435 9.51656 4.39623 18.7467 7.01199 56.1937 41.8424 37.1536 2.03255 68.6192 32.692 34.6138 3.9651 1.76366 0.0860322 19.1897 21.1839 5.05665 6.22475 17.8834 0 10.6299 0.410321 16.5169 7.68107 0.0644225 0.76363 
0.827623 44.463 11.2073 3.82781 56.015 16.3547 70.2932 79.0828 83.1231 0.073651 75.92 1.68801 45.1461 6.99179 3.52968 9.63766 19.0362 8.77799 15.2498 3.94263 38.214 2.69249 0 17.9841 20.9414 6.35011 2.73031 3.3537 
33.1649 1.81032 6.6642 2.87592 55.9186 3.39866 57.7842 99.0986 60.9871 60.4679 7.84453 132.547 34.3231 0.0276719 5.63295 27.3404 0.0893281 20.9371 0.964676 0.0696122 28.7323 0.158043 2.91965 0 43.8809 2.18218 2.00628 10.0851 
397.025 407.757 0.0433388 367.683 16.0501 355.588 0.00171646 61.7055 416.78 18.0971 47.3488 387.728 0.89019 5.58313 12.4846 43.3789 358.053 56.5904 2.65306 12.6647 56.695 52.6859 7.52652 2.30384 0 24.9755 125.557 149.88 
73.5307 73.3741 25.4344 0.0573722 69.248 12.1469 6.33515 228.029 41.6576 66.5492 35.0288 122.989 49.1084 10.4908 0.598349 5.03201 27.1733 58.5586 1.84529 9.05641 59.1793 6.48659 4.65961 15.3893 30.6669 0 3.92065 9.35688 
51.1912 30.0052 13.8176 2.26443 10.4504 0.169392 1.10373 52.129 68.5073 36.039 0.715255 57.0543 38.0131 0.367279 0.405515 7.28672 5.37023 32.0828 12.0752 9.78854 43.4299 5.84858 4.56689 18.7903 29.3596 37.1509 0 81.111 
60.9818 64.3306 3.15431 18.0985 56.3829 22.8984 8.92378 6.26238 19.6463 3.75937 96.0172 0.0348799 20.5891 0.0995718 6.99808 17.1402 6.99617 3.81539 19.1209 6.5903 21.8777 10.4026 7.95804 1.26905 11.2216 53.8767 51.8526 0 
