0 715.18 165.063 429.082 26.3312 205.197 180.87 142.755 187.082 97.2339 19.5066 204.692 0.00420321 52.4425 29.4151 73.9508 220.331 199.696 1.82102 54.4729 210.058 37.5714 3.79363 3.18007 234.118 74.9902 48.0188 2.99027 
679.709 0 472.405 458.371 520.378 176.195 8.36602 284.98 568.975 182.703 128.292 163.246 8.59515 0.47646 83.2755 84.4936 164.526 261.494 30.1393 1.7141 26.2708 42.009 39.0677 1.12715 204.337 31.5313 2.28403 21.6729 
149.871 19.2085 0 29.7833 11.1636 61.055 0.213223 241.729 213.466 36.8033 212.413 0.634387 3.13881 11.8551 33.6124 13.5326 7.14763 147.56 43.1721 0.000136751 107.837 1.79847 11.1779 4.5133 6.25527 17.6204 17.1656 3.99647 
284.89 457.034 51.3558 0 24.8438 207.049 62.1881 675.005 477.319 103.005 70.0864 138.726 39.755 20.0649 25.8324 11.6897 211.622 108.15 60.6725 9.01409 414.301 0.0262903 6.12574 15.6378 171.607 25.7194 14.8813 13.5777 
20.4406 491.098 26.7302 12.1824 0 324.977 133.718 180.909 88.7946 328.863 206.078 128.955 92.0366 1.56454 17.6982 65.8286 132.572 229.74 150.07 65.3014 62.7479 26.6914 31.4992 26.154 67.3952 1.06404 16.1238 34.5962 
243.961 336.774 34.821 190.933 397.895 0 914.789 73.5165 625.268 756.06 120.098 133.982 642.477 7.95287 6.0547 5.92056 182.401 34.7906 66.5247 4.86749 27.7109 2.50006 12.2914 13.4058 178.018 8.99597 19.7826 6.1179 
222.066 510.306 187.909 14.3961 13.8789 891.956 0 207.577 1200.83 387.504 450.148 276.516 78.2548 2.23136 19.8606 26.3309 88.7664 0.00244539 50.6144 6.65429 24.8398 21.5288 51.2839 12.4179 8.83811 97.542 13.3403 61.4098 
271.139 33.1851 268.096 328.742 37.7965 14.4134 216.967 0 115.658 44.3078 198.478 44.5371 0.457034 126.263 175.992 244.309 16.0026 19.5325 58.0204 29.7501 194.318 47.2956 0.00549133 96.3577 15.5457 23.6085 41.5275 4.17593 
284.368 162.688 278.962 181.231 333.089 624.238 32.4603 124.428 0 192.856 759.577 323.094 10.8569 24.3982 254.305 85.7337 252.177 0.11447 13.086 1.65843 4.14226 9.62453 55.4688 1.38459 224.212 26.9646 48.2922 27.4803 
2.68583 123.339 66.7706 5.3548 312.31 55.7006 31.6158 174.284 59.8158 0 39.4162 188.325 331.557 68.2259 14.481 38.3789 83.7947 138.594 80.5612 38.7969 51.4254 50.9957 8.86163 27.498 37.5245 10.4627 46.127 8.31927 
46.6615 228.132 168.083 112.284 9.78588 87.1598 117.457 88.6369 644.598 6.01207 0 0.00129748 252.686 8.67008 114.084 228.321 82.4514 106.66 120.204 74.6158 113.783 65.2417 120.577 84.2079 11.2084 155.73 60.0687 74.3382 
63.494 90.1807 99.2284 244.042 0.770474 1.27051 264.669 274.205 73.4505 1.71933 334.592 0 62.5886 63.9608 213.994 364.234 78.7179 2.35027 43.6052 2.81324 0.0360855 60.8541 24.9027 165.858 222.959 398.108 117.735 73.6826 
92.9525 7.48389 62.2646 66.0566 111.899 94.3364 219.205 114.784 189.046 321.357 149.175 19.48 0 45.8387 94.0046 38.294 45.8179 74.1859 65.9872 42.8601 77.7202 55.4293 90.9555 0 12.3434 51.7177 26.1313 35.8025 
52.6354 11.3001 12.7799 20.5289 65.4427 12.5529 69.5741 64.0661 55.3703 50.5001 28.312 35.2473 17.2057 0 9.04951 3.43066 0.871155 0.889026 23.8539 4.44499 43.9214 10.9042 1.77511 4.1674 11.7624 12.8119 0.40339 3.22123 
56.383 70.111 7.36653 8.0177 13.9846 9.75144 17.601 3.48873 1.81089 124.445 51.5664 8.4704 113.815 15.4333 0 80.3478 29.658 1.48096 6.51954 3.10149 38.9567 17.0793 5.25931 26.7781 30.35 0.327936 0.000492804 19.9542 
0.728729 44.4508 9.42825 3.52574 5.42208 15.3873 9.12742 254.284 83.9538 0.0112881 103.448 473.344 1.51313 0.0678302 34.2628 0 21.6919 21.3072 8.38754 0.0258477 35.8003 11.9271 4.9393 20.5216 33.0278 0.015285 0.11372 21.0477 
265.141 194.073 55.6641 161.14 19.0758 211.031 13.4312 73.2993 177.333 55.7195 85.4842 81.4455 44.6414 19.4972 9.53306 17.0271 0 48.5278 90.8064 24.633 8.45905 5.17014 15.0749 20.5718 186.751 16.3194 13.5314 8.84461 
224.606 486.364 36.2995 2.01748 45.0461 102.97 85.8021 69.0485 218.008 79.7858 110.719 19.3413 97.0186 8.21325 68.7602 59.3326 3.37123 0 136.178 11.0913 29.4057 2.47348 20.1137 43.4064 3.41178 55.309 4.50821 0.245007 
2.48891 152.533 1.40549 62.513 265.244 32.6865 55.5377 3.07554 4.85621 50.446 109.455 41.2968 31.7558 25.3242 21.5105 2.16264 188.249 75.9683 0 0.125719 3.13421 4.00802 11.7618 23.8999 8.54702 9.00659 21.5974 14.9673 
6.79658 104.815 4.0645 46.2846 63.711 1.51543 6.04736 112.368 101.301 30.8896 85.4936 77.2275 43.0636 3.98127 5.38144 6.58036 1.2289 36.0594 20.8744 0 222.009 1.93972 0.349043 4.76157 3.09855 3.55555 0.915641 5.1917 
225.381 32.9 126.895 197.224 43.7356 63.2581 143.823 156.623 125.857 25.381 99.3709 168.171 38.089 17.6385 51.5358 26.7751 21.794 116.437 18.3415 331.577 0 3.19317 0.397848 4.06466 38.3905 58.741 37.691 50.8368 
29.2662 45.0867 10.0615 5.14214 15.6287 5.65769 53.4195 38.0184 32.9588 4.2056 64.7856 27.7708 45.4922 5.07531 0.977304 0.000658865 18.6674 23.057 6.05037 6.29601 19.1268 0 12.5738 1.07511 15.8311 7.13057 0.00613076 1.02862 
1.73187 41.268 10.5607 5.01561 56.3656 16.4464 67.8295 70.6294 90.002 0.189453 59.565 0.000162818 57.4675 3.87898 7.46539 7.82574 19.1268 7.02406 16.3266 3.85282 37.2556 1.18881 0 10.8467 22.6065 5.45824 1.98709 3.9822 
29.0656 0.663029 5.44629 1.56276 55.0558 4.51597 61.9924 82.8018 69.5264 59.8559 16.4112 158.39 27.3092 0.537516 9.99089 29.2984 0.244497 23.5056 1.47667 0.0151235 25.9316 0.638311 2.67536e-05 0 40.7451 1.08667 1.07891 9.02485 
222.979 239.231 0.0809229 194.275 12.3979 187.182 0.676552 91.3989 258.926 12.8852 31.9636 929.358 2.11838 7.17589 16.1025 47.8849 187.822 57.9568 1.83137 13.0946 54.5284 49.7087 11.2963 21.1151 0 79.591 168.041 49.4434 
76.7566 77.5653 23.6518 0.343834 67.4236 14.6729 12.1652 204.941 27.0451 71.0777 55.7231 24.5944 51.3709 9.32816 0.000307875 1.45892 26.8948 60.0777 2.72971 9.7311 61.0505 7.06024 3.77567 14.2172 33.2029 0 1.37707 23.0557 
50.8876 32.8375 12.7524 1.38412 12.4122 0.428426 2.24247 60.1446 71.7917 38.3146 0.0426849 45.53 38.5948 0.166373 0.874182 8.76004 6.07549 33.7985 13.0293 9.45982 43.9058 5.22525 3.66457 19.1765 20.6018 37.9914 0 58.2441 
60.5334 64.71 2.09495 20.7973 55.5257 22.9171 12.6971 1.51088 13.6135 6.04426 101.983 2.97791 18.0868 0.00354613 8.9576 19.1212 7.92154 5.28959 17.9986 7.19024 19.0793 10.2727 7.39702 0.708635 10.4118 62.2135 76.4464 0 
