0 773.048 66.8279 389.47 103.748 360.929 89.1044 44.9229 438.202 129.587 52.7395 157.066 2.6892 53.8824 41.6954 62.3086 387.322 234.401 12.2454 72.5166 243.453 39.2723 1.18788 8.3109 422.299 79.3392 44.563 7.80089 
471.583 0 161.095 619.357 405.025 358.925 131.237 226.398 688.977 234.564 54.9589 110.374 0.171156 0.585848 93.8877 82.9963 370.467 579.299 73.5332 6.37134 4.50103 46.2132 31.4053 4.76418 378.01 17.6974 5.34544 13.8155 
51.1562 409.244 0 287.694 4.14345 39.0582 56.0617 272.743 3.44192 10.0681 240.104 26.5268 11.241 8.47319 33.2792 7.65285 1.57733 163.04 30.065 1.88004 125.715 2.87976 9.66833 7.08294 11.3978 11.4909 18.4733 7.01422 
678.638 621.368 337.867 0 1.24733 372.53 7.87056 368.533 645.266 106.546 17.6773 231.898 51.8021 16.654 33.4119 2.85409 403.163 69.0594 54.4548 0.816936 788.823 0.350065 9.07391 10.5364 351.109 36.395 18.5941 19.4158 
93.6525 187.17 93.3667 50.5324 0 76.4299 1.08483 131.621 223.119 235.156 136.074 94.7202 48.8309 6.94906 35.0207 72.4335 100.149 191.419 25.3549 82.1738 40.6575 33.9261 23.7939 18.8435 65.0404 0.0737864 11.6625 41.0733 
392.325 414.652 58.4642 358.311 169.356 0 621.439 149.226 650.612 548.617 234.477 97.0784 423.218 3.77118 16.2107 1.84292 359.272 64.6882 85.2969 1.74555 40.6909 4.88119 14.4084 15.6605 369.177 4.42691 20.1912 3.47352 
136.461 416.677 249.67 75.901 53.4371 13.785 0 45.614 31.1738 487.774 455.542 223.298 23.3433 0.653049 57.9424 49.8584 101.773 18.6558 18.1678 20.5289 48.1356 30.224 39.0022 22.752 1.37028 87.2431 20.0462 51.8824 
176.905 112.299 251.676 56.6231 7.07079 2.07322 373.243 0 33.5884 101.329 69.038 543.264 8.28393 117.374 133.697 245.241 27.4318 47.0031 39.3211 54.0965 207.879 39.3445 3.76375 124.969 0.476601 2.33106 25.3573 0.49684 
396.74 446.047 465.638 511.554 227.05 653.863 1305.71 28.7696 0 35.2465 214.574 401.699 0.0964174 58.6747 268.898 125.032 422.876 14.9603 0.925543 0.572944 0.839575 16.5695 75.0246 0.543105 383.263 5.21398 58.4615 13.6185 
1.67216 46.6686 97.0822 22.554 189.242 383.845 344.643 116.016 230.339 0 430.519 236.651 238.315 81.3464 56.0395 16.0368 83.4022 146.435 51.419 46.7252 65.9158 57.5358 2.35058 16.7658 24.1689 23.8779 43.3761 15.3662 
15.5226 264.966 234.73 171.931 2.2259 5.39565 0.24647 6.92731 31.5767 338.919 0 124.857 217.732 72.0275 12.0101 196.244 72.4486 74.7206 128.217 82.4251 89.9707 72.6546 93.4664 111.014 0.101947 120.05 70.8481 53.4844 
18.7745 40.9958 155.287 160.538 3.13107 19.2988 284.039 1029.74 224.116 35.3441 510.477 0 34.0306 117.037 86.0616 425.051 84.1794 12.5642 57.7205 0.00735954 7.27533 51.3734 53.7356 187.271 301.53 201.484 105.278 26.01 
103.434 26.422 70.3151 57.1257 150.58 180.353 199 134.294 151.127 289.668 71.5328 4.05798 0 120.282 56.9692 18.6578 52.6863 87.5674 76.4363 43.074 77.548 75.9208 86.1276 3.21444 6.24587 54.6399 22.2595 39.7346 
49.1892 3.92519 15.2773 22.593 69.6426 17.0026 47.5838 34.0095 94.9958 70.3229 107.629 86.336 3.94029 0 18.7194 12.5518 0.213167 1.437e-05 21.2085 4.10081 41.6235 10.4242 0.659625 7.96176 8.36467 12.9121 0.0442023 5.01321 
45.2608 85.826 1.58784 2.25833 30.2843 20.9217 0.359294 6.83031 20.5042 86.6791 52.2929 25.8882 117.799 61.6404 0 51.7387 30.1086 0.000450261 11.1848 1.84475 31.0364 15.5496 15.0948 19.3238 31.2589 1.08528 0.4455 22.4255 
0.979793 28.2656 15.3772 12.8483 0.752906 21.0296 27.3446 231.017 41.8037 7.15916 21.2234 86.0965 11.8428 5.47852 11.7006 0 19.3719 29.8848 5.17364 0.391682 45.4529 11.4105 9.07633 29.3016 22.7138 5.64316 1.1255 22.7359 
453.421 356.106 53.3979 348.525 1.83142 389.119 3.46573 60.2197 378.387 42.2501 91.9762 85.8525 36.8416 17.8876 6.52722 14.2489 0 0.546349 346.19 28.5422 14.5512 6.78102 16.3729 20.9518 371.667 19.0607 15.1901 10.9513 
235.06 393.573 89.3205 3.73026 107.81 120.195 29.1744 36.4977 197.623 50.0269 138.996 39.0691 103.831 3.88426 68.4031 54.8737 85.1547 0 149.668 24.9933 47.7859 0.938021 15.3017 39.5871 0.800076 59.4906 7.29334 1.59977 
13.8117 113.102 8.06231 59.072 133.634 10.399 95.4181 6.94922e-06 22.9971 23.7991 122.994 27.8986 45.8177 26.805 15.9426 4.56024 214.533 40.5777 0 1.5715 0.483639 6.04835 14.2134 23.3838 5.69664 5.91948 20.1756 12.3739 
49.5758 135.604 10.2616 36.4309 80.9857 0.0865153 0.147385 97.2432 106.51 39.8809 86.244 61.6975 42.8788 4.35449 3.86833 5.15952 0.0894093 53.4342 26.1108 0 315.203 2.45653 0.148197 4.0624 1.72096 5.2218 0.418764 3.91463 
243.072 7.7179 113.1 194.325 66.0475 71.7388 136.567 109.143 159.682 39.165 74.0802 159.886 47.1252 23.0948 55.7556 17.1635 14.5716 104.414 10.9585 131.203 0 4.9507 1.72809 8.0298 46.1573 62.2568 34.2399 51.0705 
32.6823 40.6047 11.084 6.83351 9.62909 3.11022 46.2816 29.7145 24.1639 11.1261 55.1346 17.9645 67.878 7.44177 0.0587757 0.297039 17.3868 26.9929 8.36306 6.38182 21.7231 0 15.0628 3.37718 14.6132 5.89194 0.0882287 1.70813 
4.69514 33.7915 8.87449 7.85609 55.5648 15.9749 59.8051 50.6642 99.8806 3.71188 27.2674 7.80899 79.7854 0.00432158 17.5291 3.66723 19.0995 3.84142 18.4551 3.60455 34.618 0.0234261 0 0.00595611 23.2657 3.55971 0.752428 5.37312 
20.3971 0.109537 3.08408 0.0716949 51.8486 7.20866 68.6943 46.5337 85.3748 55.6218 42.5471 186.911 13.7194 3.40652 20.2106 20.1173 0.826525 28.986 2.89998 0.0320069 19.9031 2.62403 11.2224 0 23.6929 0.00581472 0.0428935 6.64733 
398.511 425.444 1.75351 371.634 5.92684 375.673 6.96047 152.876 465.573 4.33168 7.75677 388.758 6.36785 10.6469 23.5197 27.1834 373.144 59.5656 0.567176 13.6886 48.5527 73.3137 20.932 58.3839 0 93.6662 50.1457 149.269 
79.515 82.8862 18.5034 5.31838 61.3261 19.8833 29.4769 117.329 5.25264 76.1869 104.905 82.1632 54.4946 6.50018 2.50256 1.21416 25.8758 61.7305 5.11782 10.9345 62.9823 8.21057 2.06103 10.8225 35.8348 0 0.364518 54.6442 
49.2502 38.6491 10.351 0.211438 16.9476 1.36093 5.92454 76.1702 77.0165 42.5018 1.34376 23.2688 39.262 0.000387687 2.42198 11.9191 7.66815 37.1673 15.0445 8.65339 44.278 3.93856 1.97625 18.9723 9.17148 35.1951 0 7.50564 
57.8116 63.7492 0.518961 26.0837 52.5615 22.2749 22.3529 2.32134 4.10437 12.4163 109.448 31.8569 12.9628 0.237246 13.3523 22.0492 9.98908 9.12017 15.4859 8.41002 13.4112 9.86004 6.08066 0.0476741 9.37673 54.4552 89.6182 0 
