0 810.549 62.2405 438.605 108.223 416.507 84.8601 41.2343 498.623 130.92 54.6364 154.34 2.96396 53.8942 42.2838 61.6332 443.086 235.032 12.9625 80.9414 243.735 39.3356 1.09794 8.61177 478.95 79.4028 44.3683 8.08388 
511.28 0 139.961 669.73 390.382 418.057 145.796 222.484 738.96 235.894 51.9114 107.717 0.0844038 0.698233 94.2104 82.7645 428.462 1117.53 75.8505 7.32323 3.88849 46.3907 31.0242 4.99949 434.085 17.0958 5.523 13.466 
46.9509 423.959 0 278.043 5.26457 37.7684 61.4198 271.101 7.37322 9.14128 239.359 28.6309 11.7412 8.30417 33.1428 7.38585 1.40571 162.848 29.4139 2.06005 126.072 2.9368 9.585 7.21197 11.6644 11.196 18.5229 7.17325 
739.806 671.866 373.295 0 0.85349 428.217 6.46441 851.827 696.682 106.377 15.9012 235.064 52.3505 16.4678 33.7193 2.56308 460.011 67.0981 54.0603 0.637232 231.693 0.374933 9.22051 10.294 407.538 36.8343 18.7667 19.6949 
98.0397 171.223 96.9651 52.8352 0 76.8617 0.249288 129.012 229.59 228.249 132.446 93.0008 46.9128 7.29817 35.9378 72.6537 98.362 188.808 21.5365 82.8488 39.6441 34.2709 23.4247 18.5024 64.8606 0.11208 11.4586 41.3711 
447.246 466.472 59.3026 414.247 803.41 0 732.634 152.651 689.523 203.987 238.631 95.0761 157.697 3.5977 16.7678 1.69878 415.54 66.1789 85.8875 1.63034 41.325 5.01106 14.4951 15.754 426.067 4.23699 20.1972 3.3605 
131.929 402.954 249.48 79.6109 61.087 35.8756 0 40.1337 64.8284 480.217 449.049 219.714 21.3666 0.845285 60.0404 51.0527 102.263 20.47 16.939 21.3504 49.3763 30.653 38.3866 23.3 1.17013 86.5444 20.3902 51.3766 
171.63 116.788 247.877 37.7849 6.17266 2.86945 378.217 0 43.4433 104.319 63.8928 593.914 8.89756 116.584 131.02 242.297 28.0371 48.5475 38.4517 55.3353 207.939 38.947 4.14596 126.015 0.840529 3.37866 24.6347 0.702445 
450.416 510.426 460.209 576.741 220.553 692.836 1294.88 37.9776 0 30.2745 856.48 402.51 0.236522 60.4737 252.937 126.627 478.733 16.2777 0.691203 0.732349 1.12173 16.9402 75.8978 0.687964 438.718 4.56767 58.9244 13.0465 
2.05768 43.5645 98.2615 23.6247 181.779 411.912 360.866 113.017 239.066 0 449.935 238.042 230.409 81.7205 58.4005 15.13 83.2706 146.506 50.0149 47.0638 66.5906 57.7736 2.13567 16.282 23.5497 24.615 43.2114 15.7446 
14.3923 265.669 236.211 174.244 2.94278 3.83661 1.14126 5.22976 23.2271 360.474 0 136.055 214.99 76.1257 17.354 192.867 71.9136 73.1774 128.4 82.7057 88.7484 72.9474 91.9023 112.072 0.0291047 117.868 71.3157 52.4559 
17.1995 38.9593 157.515 155.414 3.59718 20.6568 283.585 1027.84 231.859 37.9294 513.308 0 32.7944 119.42 80.101 408.821 84.3841 13.2488 58.3976 0.0294093 7.93421 50.8823 55.253 187.131 293.795 187.543 104.46 24.1702 
103.816 27.5806 70.5849 56.6226 152.133 183.66 197.071 135.053 148.888 283.726 68.0903 3.59333 0 123.405 55.0717 17.8188 52.9897 88.1461 76.8566 43.0491 77.486 76.7432 85.5198 3.52744 5.99527 54.7174 22.0682 39.9013 
48.9714 3.65796 15.3706 22.6572 69.7475 17.1953 46.485 32.6786 96.8377 71.1191 111.931 88.9575 5.20594 0 21.4522 12.9967 0.192473 0.00246205 21.067 4.08167 41.4821 10.3751 0.836073 8.12181 8.19499 12.8839 0.0359257 5.10387 
44.6833 86.4396 1.40804 2.06204 31.1709 21.4916 0.177376 7.99187 23.0571 84.3888 62.2933 29.8054 117.343 61.9372 0 47.2705 30.1109 0.00661411 11.4311 1.79041 30.6443 15.4513 15.584 18.8496 31.2057 1.2516 0.487811 22.5085 
1.16342 27.5172 15.6588 13.4 0.63362 21.2745 28.4037 227.066 39.941 7.82027 18.5549 69.9182 12.5598 5.90665 14.89 0 19.2512 30.3073 5.03319 0.419997 45.8912 11.3697 9.25807 29.2718 22.1534 6.13791 1.19971 22.7578 
510.004 411.978 53.183 405.338 1.44898 445.337 3.14148 59.5578 435.853 41.5861 92.2131 86.0031 36.453 17.802 6.39171 14.112 0 1.25826 358.577 28.7109 14.8776 6.86214 16.4306 20.9614 428.263 19.1883 15.2683 11.0547 
234.433 394.564 92.0014 4.37587 111.112 120.69 27.0433 35.1021 196.068 48.6468 140.202 40.1467 104.05 3.71173 68.308 54.6059 91.1433 0 149.888 25.7612 48.7283 0.881756 15.0759 39.3803 0.718897 59.6417 7.44204 1.69458 
14.5669 110.87 8.50679 58.7978 126.57 9.5788 97.3215 0.0077866 24.1685 22.6833 123.467 27.2869 46.5022 26.8562 15.6765 4.69527 215.166 39.009 0 1.68102 0.413446 6.1547 14.3298 23.3459 5.56966 5.78201 20.1008 12.2487 
54.5283 136.493 10.6008 35.7911 81.6865 0.0616225 0.0796712 96.2978 106.554 40.2911 86.1669 60.8852 42.8347 4.37002 3.79785 5.08898 0.0673748 54.2581 26.35 0 308.714 2.48221 0.140534 4.02695 1.66282 5.30527 0.399371 3.85473 
242.538 6.91592 111.946 190.626 67.1487 72.0588 135.973 106.724 161.052 39.8658 72.8337 159.18 47.555 23.3606 55.9093 16.7284 14.2476 103.708 10.6395 118.079 0 5.04392 1.8153 8.24964 46.5061 62.3557 34.0594 51.0449 
32.8359 40.3658 11.1278 6.91774 9.36692 3.00211 45.9015 29.3148 23.7518 11.5291 54.6275 17.5247 68.8526 7.55005 0.0424112 0.327605 17.3196 27.1792 8.48028 6.38363 21.8456 0 15.1109 3.513 14.563 5.83076 0.0993155 1.74459 
4.87173 33.4148 8.7846 8.00043 55.4731 15.9296 59.3336 49.6735 100.17 3.98958 25.9132 8.56153 80.6251 0.0295983 17.987 3.48101 19.0905 3.70903 18.5508 3.59073 34.4716 0.0457371 0 0.066942 23.1924 3.47149 0.706521 5.44069 
19.9913 0.1493 2.98173 0.0482583 51.649 7.34595 68.9289 44.8604 86.0279 55.3226 44.0032 187.151 13.1434 3.58722 20.6631 19.3418 0.8631 29.2471 2.97942 0.0374354 19.6149 2.74815 12.0468 0 22.6916 0.000838068 0.0276996 6.53181 
454.611 482.005 1.88655 427.845 5.6668 432.411 7.42116 155.418 522.987 4.02379 6.97065 507.812 6.62505 10.8092 23.8439 32.551 429.758 59.5966 0.523861 13.7055 48.2229 69.892 21.4017 57.9451 0 104.112 74.4445 143.817 
79.499 83.0077 18.221 5.69419 60.9623 20.1187 30.4413 112.536 4.60395 76.2625 107.229 93.7145 54.5824 6.35872 2.74573 1.46919 25.8124 61.7535 5.24894 10.9832 63.0015 8.26276 1.9872 10.6372 35.853 0 0.47563 55.7699 
49.1378 38.9181 10.2325 0.180474 17.1764 1.41854 6.14301 76.8827 77.2019 42.6776 1.50038 22.3237 39.274 0.00163503 2.51416 12.0676 7.74766 37.3185 15.1404 8.61116 44.2735 3.87861 1.90501 18.9269 8.92512 34.9103 0 6.04559 
57.6216 63.6422 0.468682 26.3141 52.3811 22.2208 22.8633 2.74181 3.77698 12.7686 109.611 33.9084 12.7265 0.26351 13.564 22.1371 10.0914 9.32668 15.3615 8.46606 13.152 9.83559 6.01418 0.0353022 9.38933 53.2575 88.4949 0 
