0 634.009 40.9469 338.166 130.959 338.209 64.5754 24.8873 444.304 137.162 64.4088 140.354 4.5308 53.8722 45.1954 58.1341 365.126 236.617 16.8099 109.967 243.191 39.6248 0.700314 10.1807 405.194 79.5119 43.3599 9.56154 
369.327 0 51.1999 559.739 310.891 360.078 224.326 201.883 628.589 240.652 37.7151 94.5026 0.106028 1.40582 95.5383 81.3929 362.007 1137.3 87.5168 12.9982 1.4892 47.2389 29.1128 6.2526 357.648 14.2076 6.44892 11.7692 
28.0586 469.561 0 196.857 12.7769 31.2569 90.3556 258.676 47.9558 5.13786 232.744 40.0901 14.3702 7.4608 32.3028 6.09493 0.693409 160.564 26.1735 3.07069 127.096 3.22774 9.15685 7.85897 13.0089 9.74225 18.7509 7.98155 
676.603 562.389 350.784 0 0.00188933 349.953 1.47929 576.261 592.176 105.065 8.34923 248.224 55.0235 15.5148 35.1527 1.33284 387.279 57.3831 51.9738 0.0718756 674.623 0.511728 9.95453 9.09924 332.966 38.8829 19.6157 21.0753 
120.506 98.4328 114.794 64.7074 0 62.9732 4.88238 115.851 260.649 192.106 114.339 84.3975 37.7194 9.1552 40.5845 73.6073 89.2635 174.956 6.93389 85.9854 34.694 35.9809 21.5932 16.8222 63.8744 0.422682 10.4582 42.8333 
365.301 370.71 62.8748 337.427 753.011 0 1143.03 168.873 525.12 415.73 256.243 84.9321 684.906 2.78135 19.5915 1.06171 340.112 73.5785 88.3216 1.11003 44.4806 5.67712 14.9037 16.1964 353.629 3.34026 20.2082 2.81912 
109.406 327.214 243.785 98.5189 105.236 334.096 0 17.6443 383.334 427.129 408.699 200.802 12.6923 2.17176 70.6416 57.0181 104.497 30.6466 11.3803 25.6213 55.6853 32.7981 35.3026 26.0882 0.404716 82.8107 22.1307 48.8001 
145.063 139.594 225.511 10.852 2.58173 8.73435 397.964 0 109.264 119.31 40.686 826.01 12.2688 112.184 117.099 223.998 31.1207 56.4936 34.1845 61.542 207.396 36.9495 6.31901 130.67 4.1792 11.429 21.1316 2.2567 
363.124 477.945 412.849 545.094 187.334 528.455 1067.16 100.946 0 10.8233 55.4971 402.034 1.86012 69.4791 225.003 134 401.106 23.6139 0.0313265 1.81861 3.13743 18.834 80.1167 1.66559 359.355 1.96477 61.1873 10.3468 
4.57173 29.3683 103.613 29.2301 144.292 512.754 432.891 98.051 280.868 0 533.599 243.478 188.675 83.1874 70.306 10.9275 82.4594 146.427 43.1019 48.682 69.9092 58.8436 1.21169 13.9335 20.52 28.3809 42.3475 17.6774 
9.34194 267.569 240.729 184.678 7.99309 0.0161684 15.2797 0.304804 64.9133 461.517 0 196.052 200.119 97.2288 57.331 174.087 69.1797 65.533 129.018 83.9633 82.5846 74.3113 83.8601 116.946 0.327852 106.555 73.5654 47.3356 
10.2989 29.4162 167.664 129.338 6.39906 28.015 279.379 945.173 269.67 51.9245 517.93 0 26.8777 130.75 52.4665 311.171 85.3213 16.913 61.7572 0.359603 11.6298 48.3933 62.8956 184.757 309.157 120.086 100.116 15.8578 
105.541 33.6506 71.7531 54.0271 159.325 184.98 186.297 138.555 137.308 249.523 51.754 1.68774 0 137.309 45.6922 13.8462 54.4598 90.9282 78.8249 42.8763 77.1022 80.5467 82.0135 5.29553 4.81122 55.0136 21.1082 40.6991 
47.8174 2.45725 15.7935 22.9256 70.1311 18.1153 41.0162 26.2995 105.758 74.7979 133.175 101.929 13.9991 0 35.8788 15.0826 0.104753 0.0779411 20.3435 3.98281 40.7359 10.0962 1.9795 8.85857 7.34862 12.6982 0.0073856 5.55988 
41.7622 89.267 0.666778 1.209 35.6952 24.327 0.221577 15.0745 37.7247 72.6601 121.77 52.7982 114.2 59.3334 0 25.4582 30.0953 0.145782 12.6848 1.52894 28.6806 14.9302 17.9456 16.3976 30.8066 2.24983 0.727189 22.8686 
2.31237 23.8583 17.037 16.2441 0.190837 22.4442 33.8746 204.274 31.0678 11.5117 7.76013 12.6818 16.3953 8.15946 34.6091 0 18.6376 32.4204 4.35457 0.575574 48.0277 11.1455 10.1136 28.4316 19.3352 8.8336 1.60334 22.7815 
435.814 335.075 51.9719 332.666 0.20594 369.516 1.75408 56.2248 366.417 38.2721 93.2848 86.6664 34.5023 17.3644 5.73001 13.4261 0 9.13249 356.016 29.5213 16.5483 7.27132 16.7113 20.9969 354.373 19.8173 15.6557 11.5732 
229.759 376.945 105.177 8.34027 127.647 122.652 17.4791 28.4469 187.603 41.9046 145.956 45.6702 104.986 2.90406 67.7268 53.2012 122.449 0 150.356 29.6961 53.4837 0.626043 13.9596 38.3194 0.377719 60.3227 8.2033 2.20799 
18.5944 99.4753 10.8745 57.2884 92.3731 5.93856 106.645 0.265134 30.3698 17.4285 125.56 24.2952 49.9071 27.0826 14.3578 5.394 218.763 31.4862 0 2.28071 0.144744 6.69566 14.9072 23.1395 4.95162 5.1138 19.719 11.6241 
81.6755 139.959 12.3235 32.4391 84.9596 0.000343389 0.0511797 91.3273 106.476 42.2935 85.6253 56.7718 42.5666 4.44391 3.45082 4.73579 0.00386707 58.3136 27.5192 0 263.123 2.61127 0.10518 3.84808 1.38532 5.72445 0.309066 3.5588 
237.95 3.54817 105.613 151.962 72.6435 73.521 132.691 94.6316 167.444 43.3969 66.6142 155.255 49.6868 24.6867 56.604 14.6083 12.6689 100.031 9.10405 58.9147 0 5.52037 2.28167 9.38307 48.2041 62.7478 33.1404 50.8658 
33.5856 39.1444 11.3388 7.34107 8.10066 2.48586 43.9628 27.3266 21.7185 13.6241 52.0491 15.3854 73.4893 8.07603 0.000540656 0.502085 16.9771 28.1026 9.07218 6.38946 22.4533 0 15.2416 4.2174 14.3232 5.52412 0.164488 1.9315 
5.79733 31.5189 8.32646 8.72735 54.9425 15.6729 56.8787 44.7354 101.336 5.51532 19.5536 12.7956 84.3916 0.487261 20.136 2.59916 19.0352 3.07918 19.0179 3.51929 33.7157 0.26712 0 1.33338 22.6848 3.0393 0.497717 5.77735 
17.9929 0.439846 2.49041 0.000438157 50.5939 8.03774 69.9683 36.7583 89.1036 53.7073 51.4438 186.667 10.4117 4.51818 22.7853 15.2915 1.05729 30.5431 3.39035 0.0708909 18.1846 3.3999 15.9156 0 17.7052 0.0430709 0.00137683 5.95743 
378.204 407.81 2.61833 352.039 4.44735 359.188 9.92251 167.136 452.816 2.6468 3.64873 509.206 7.97584 11.6035 25.391 54.2846 355.957 59.686 0.332743 13.7733 46.5258 29.8839 23.6912 53.3122 0 98.9882 185.584 39.4731 
79.2101 83.4202 16.78 7.73121 59.0583 21.2607 35.3836 88.8453 1.98881 76.3946 118.505 158.011 54.9303 5.65387 4.10908 3.08122 25.4767 61.7891 5.92369 11.2118 62.9938 8.51807 1.63398 9.69427 35.787 0 1.24736 60.3639 
48.5319 40.2419 9.63905 0.0622527 18.331 1.72291 7.28733 80.3302 78.0312 43.5163 2.40975 17.8331 39.3054 0.0207605 2.99659 12.799 8.14806 38.0562 15.617 8.39606 44.2197 3.58295 1.5656 18.6525 8.12119 33.3037 0 1.05233 
56.5948 63.0251 0.255128 27.4216 51.4305 21.9198 25.4603 5.35273 2.3382 14.581 110.138 44.8542 11.5654 0.414852 14.6116 22.4947 10.6051 10.386 14.7377 8.74116 11.8816 9.7074 5.67959 0.0012571 9.58147 46.4633 80.6721 0 
