0 506.241 35.8287 234.861 137.067 237.711 59.4782 21.1605 350.093 138.702 67.0857 136.543 5.00227 53.8436 45.9618 57.1696 264.548 236.594 17.9064 113.402 242.497 39.6941 0.609088 10.6166 305.668 79.4821 43.0814 9.9727 
257.034 0 33.9637 449.442 288.587 265.642 246.241 196.141 518.521 241.378 34.2473 91.0117 0.23994 1.63506 95.8108 80.9684 264.584 452.439 90.6326 14.7576 1.03867 47.4539 28.6022 6.60774 257.463 13.4731 6.70631 11.3316 
23.7077 472.999 0 169.53 15.2942 29.5236 98.5234 254.233 64.1295 4.25463 230.189 43.386 15.1053 7.2371 32.0355 5.76461 0.545014 159.586 25.3166 3.37001 127.153 3.30686 9.03963 8.03164 13.3697 9.36204 18.806 8.20037 
576.405 452.192 310.259 0 0.0909711 249.323 0.74008 1149.98 483.332 104.586 6.72536 250.938 55.7154 15.2551 35.5044 1.06996 288.036 54.8333 51.3869 0.0159564 252.396 0.551673 10.1502 8.7864 233.305 39.3848 19.8379 21.4381 
126.593 81.5778 119.448 67.9513 0 55.6873 8.5704 112.324 268.475 182.167 109.55 82.1086 35.39 9.68066 41.8372 73.8196 86.8015 171.058 4.37008 86.7518 33.4095 36.4325 21.1093 16.3817 63.5873 0.538906 10.1971 43.2152 
263.736 266.017 63.6417 237.233 22.1521 0 936.958 172.904 401.989 469.278 259.978 82.205 164.762 2.57873 20.3509 0.915995 240.211 75.5278 88.8204 0.9873 45.3163 5.85915 15.0054 16.3071 254.488 3.11661 20.2057 2.68166 
103.493 305.633 240.961 103.607 118.423 446.288 0 13.1167 497.675 409.193 395.944 195.514 10.7349 2.62698 73.4802 58.6007 105.031 33.6554 10.0693 26.8022 57.3929 33.3695 34.4804 26.8436 0.267382 81.751 22.6001 48.101 
137.994 145.729 218.698 23.7964 1.88136 10.8131 401.712 0 130.92 123.297 35.2669 877.274 13.2509 110.889 113.265 218.194 31.9582 58.6695 33.0707 63.1945 207.014 36.4146 6.97042 131.744 5.4895 14.339 20.2303 2.81766 
260.39 390.006 395.155 456.407 178.369 405.246 966.859 121.972 0 7.24288 500.181 400.633 2.5508 71.8711 239.047 135.786 300.577 25.7727 4.62247e-06 2.18886 3.84332 19.3499 81.1973 1.9969 258.444 1.45089 61.7756 9.67344 
5.40433 25.9873 104.877 30.7888 134.406 524.924 448.826 94.0909 291.317 0 551.232 244.491 177.163 83.4631 73.4777 9.90628 82.2005 146.283 41.2966 49.0917 70.7769 59.0948 1.00831 13.3287 19.7328 29.4046 42.1059 18.2035 
8.16949 267.619 241.106 187.119 9.74419 0.131369 21.6901 0.00776544 88.0207 485.481 0 212.868 195.854 102.957 71.3094 168.612 68.4349 63.5197 129.1 84.2572 80.9297 74.6465 81.6638 118.122 0.593751 103.445 74.1396 45.9799 
8.7418 27.0623 170.07 122.343 7.27658 30.1267 277.722 904.236 279.379 55.9304 516.455 0 25.3785 133.583 45.8348 282.116 85.5466 17.9562 62.6448 0.50933 12.7254 47.7211 64.9398 183.659 324.836 103.402 98.8883 13.9066 
105.947 35.3419 72.013 53.3138 161.073 181.545 183.126 139.405 134.125 239.333 47.6751 1.29845 0 140.47 43.2413 12.8544 54.8382 91.6374 79.3112 42.8167 76.9792 81.4691 80.9527 5.82261 4.51535 55.0666 20.8516 40.9015 
47.4917 2.17584 15.8936 22.9821 70.1934 18.3476 39.5709 24.6836 108.041 75.6887 138.693 105.323 16.9953 0 39.6762 15.5898 0.0858135 0.115852 20.1463 3.95559 40.526 10.0127 2.34683 9.03514 7.12426 12.6362 0.00339782 5.68202 
40.9755 89.951 0.514458 1.01857 36.9234 25.0746 0.501694 17.307 42.128 69.4856 139.685 59.7821 113.124 57.5382 0 20.2427 30.0835 0.213325 13.0248 1.46218 28.1569 14.7832 18.5439 15.7276 30.6632 2.56137 0.798765 22.9489 
2.6829 22.9091 17.3947 17.022 0.116225 22.7397 35.377 197.447 28.84 12.5993 5.6366 5.02058 17.484 8.78082 40.5178 0 18.4714 32.9831 4.18049 0.620939 48.5811 11.0801 10.3248 28.0186 18.5846 9.6063 1.71994 22.7636 
336.145 234.923 51.6113 233.505 0.0642339 269.468 1.45085 55.3303 268.109 37.3914 93.5384 86.8178 33.9804 17.2451 5.55819 13.2429 0 12.4132 77.5687 29.7279 17.004 7.38142 16.784 21.0029 254.851 19.9824 15.758 11.7116 
228.087 362.771 108.596 9.59859 132.037 123.027 15.2509 26.7681 185.161 40.1563 147.407 47.1779 105.191 2.70443 67.5422 52.8086 131.047 0 150.303 30.7692 54.7616 0.565112 13.6659 38.0291 0.305003 60.483 8.41116 2.35587 
19.736 96.3867 11.5447 56.848 83.7265 5.10368 109.065 0.395112 32.1147 16.1244 126.04 23.5171 50.8082 27.1346 14.01 5.58678 219.669 29.5789 0 2.455 0.0963281 6.84243 15.0598 23.0796 4.79179 4.94118 19.615 11.4581 
89.4159 140.601 12.7882 31.5089 85.7645 0.00182706 0.130882 89.9377 106.373 42.8126 85.4373 55.6629 42.4817 4.46254 3.3599 4.64163 9.03093e-05 59.3736 27.823 0 247.894 2.64586 0.0965934 3.79997 1.3151 5.83657 0.286883 3.48097 
236.196 2.83442 103.775 138.529 74.1025 73.8713 131.73 91.4215 169.014 44.3449 64.9636 154.1 50.2497 25.0393 56.7683 14.0598 12.26 99.0097 8.71186 45.7675 0 5.65035 2.41448 9.69475 48.6433 62.8234 32.891 50.8037 
33.7803 38.8114 11.3927 7.45445 7.77587 2.35525 43.4355 26.8 21.1845 14.204 51.3504 14.8324 74.6535 8.21148 0.000649414 0.554609 16.884 28.3465 9.23155 6.39009 22.6138 0 15.2453 4.41162 14.2622 5.44223 0.184593 1.98258 
6.05588 31.0107 8.20207 8.92233 54.7811 15.5962 56.198 43.4268 101.568 5.95975 17.9825 14.0521 85.2682 0.698042 20.6627 2.37978 19.0175 2.92036 19.1392 3.4996 33.5076 0.356607 0 1.92483 22.5105 2.92681 0.447962 5.86666 
17.4695 0.54302 2.36543 0.00724308 50.2968 8.22337 70.2073 34.6829 89.8683 53.244 53.4639 186.066 9.72736 4.77161 23.306 14.1893 1.11222 30.8855 3.50365 0.081584 17.8067 3.58179 16.8253 0 16.4032 0.0731771 0.00835225 5.8055 
278.002 308.17 2.83164 252.01 4.14532 259.831 10.6434 169.958 354.177 2.32625 2.93833 788.627 8.35374 11.8098 25.7809 57.1497 256.459 59.6913 0.288996 13.7866 46.0603 18.1788 24.2804 51.6433 0 83.2683 157.393 27.544 
79.0745 83.4749 16.3889 8.31625 58.5275 21.5546 36.7309 82.6877 1.4716 76.3606 121.396 176.35 54.9972 5.46729 4.51205 3.60074 25.382 61.7761 6.10889 11.2685 62.9625 8.58448 1.5445 9.43924 35.7254 0 1.51274 61.272 
48.358 40.5885 9.48075 0.0410874 18.6416 1.80863 7.60681 81.2154 78.2243 43.7282 2.6874 16.7058 39.3058 0.0294821 3.13114 12.9904 8.25558 38.2478 15.7432 8.33762 44.1965 3.5053 1.47996 18.566 8.02413 32.8265 0 0.4075 
56.2998 62.8376 0.208944 27.7036 51.1637 21.831 26.1642 6.18913 2.0111 15.0778 110.197 47.9465 11.2619 0.460792 14.8872 22.5667 10.7426 10.6756 14.5708 8.81303 11.5503 9.67156 5.58985 2.71503e-05 9.67176 44.4628 78.0246 0 
