0 196.869 22.2017 5.79189 155.311 8.70652 45.1354 11.6965 139.521 142.982 75.2612 124.971 6.54837 53.7002 48.2292 54.2075 34.8531 235.399 21.3616 115.776 239.044 39.8826 0.373248 11.9658 78.9496 79.2443 42.2226 11.2472 
7.67236 0 2.97279 188.596 221.343 56.1306 312.081 178.443 258.765 242.162 24.7253 80.6784 0.964064 2.42351 96.4192 79.5503 44.5331 990.682 99.9285 20.6109 0.171716 48.0698 27.0711 7.72442 28.9181 11.3662 7.50429 10.059 
12.6577 460.238 0 88.6028 24.0459 24.4052 123.592 238.309 123.445 2.09157 220.637 53.7907 17.39 6.57149 31.1286 4.81377 0.206307 155.754 22.7751 4.33793 126.776 3.54783 8.68098 8.54879 14.4542 8.24461 18.9566 8.86387 
338.935 191.55 257.9 0 1.15529 19.5709 0.0440833 1171.5 226.517 102.826 2.88442 256.947 57.7333 14.4644 36.478 0.45177 62.195 47.3364 49.5551 0.0894546 808.522 0.680181 10.736 7.86549 6.39831 40.7691 20.4925 22.5105 
144.906 39.3601 132.971 77.7967 0 38.8332 25.5722 101.75 290.49 152.15 95.3797 75.2784 28.7496 11.3296 45.616 74.349 79.3637 158.941 0.204195 88.8649 29.6547 37.7735 19.6716 15.0818 62.6662 0.971242 9.42845 44.3392 
31.3141 25.89 65.4394 8.9109 661.619 0 1162.71 184.112 109.779 260.141 268.55 74.0165 251.869 2.01162 22.6295 0.541666 12.5487 81.2837 89.9249 0.660817 47.802 6.41516 15.2915 16.6204 29.0101 2.48702 20.1845 2.28735 
86.1707 239.712 229.38 118.793 160.583 768.328 0 3.49328 856.26 348.155 353.567 179.163 5.81069 4.24243 81.9576 63.3044 106.472 43.362 6.59208 30.4374 62.5633 35.0791 32.0208 29.134 0.0254157 78.4228 24.0197 45.9773 
117.045 164.107 196.518 82.8967 0.441397 18.283 408.915 0 203.876 135.151 21.1555 990.277 16.3988 106.721 101.567 198.793 34.5045 65.3197 29.7992 68.1258 205.273 34.806 9.10007 134.523 10.4445 24.8672 17.6173 4.86264 
25.146 198.927 332.279 260.442 151.552 112.598 616.863 193.443 0 0.778545 602.172 393.268 5.26305 78.9806 300.266 140.651 70.9319 32.7287 0.271991 3.49968 6.37825 20.9224 84.315 3.16629 27.8714 0.373613 63.4986 7.77655 
8.30059 16.9679 108.227 35.6019 105.584 518.065 486.25 82.3704 320.284 0 589.752 246.405 142.517 83.9929 82.874 7.11288 81.3177 145.542 36.0039 50.2625 73.3328 59.7599 0.508989 11.5736 17.4304 32.5131 41.3537 19.8056 
5.10792 266.609 240.126 193.514 15.9828 3.34047 47.1352 1.69766 149.208 546.38 0 264.24 182.414 120.138 119.75 151.263 66.1647 57.5628 129.133 85.0322 75.9498 75.5779 74.9828 121.32 1.85751 93.951 75.7941 41.9498 
4.81448 20.5208 176.46 101.574 10.2298 36.801 271.436 744.236 307.161 68.5504 505.276 0 21.0956 141.531 28.2157 193.703 86.1591 21.2457 65.2816 1.11324 16.2804 45.6873 71.0549 179.222 361.646 58.9024 95.0454 8.77046 
107.028 40.5812 72.6595 51.1257 165.859 166.295 172.937 141.734 124.386 206.819 36.2447 0.435124 0 148.367 36.0832 10.0653 55.9382 93.6782 80.6688 42.6035 76.5586 83.9879 77.4756 7.53801 3.67974 55.1602 20.0805 41.4821 
46.4712 1.4317 16.1608 23.1134 70.279 19.0086 35.2894 20.0772 114.606 78.1164 154.628 115.248 27.4423 0 50.0179 16.9546 0.0402857 0.274321 19.5447 3.87186 39.8698 9.74015 3.55994 9.50787 6.457 12.4198 0.000607825 6.04896 
38.6018 91.8183 0.174859 0.543311 40.6494 27.2804 2.01359 24.8098 56.4076 59.955 196.19 82.4608 109.327 49.7868 0 7.56014 30.0288 0.492483 14.0576 1.26965 26.5883 14.3228 20.2333 13.7005 30.1415 3.60355 1.03266 23.1493 
3.95214 20.1366 18.4373 19.3885 0.00280137 23.5806 39.9714 175.48 22.5527 16.1025 1.27668 3.06263 20.899 10.6568 58.2786 0 17.9663 34.666 3.6765 0.766535 50.196 10.8698 10.9094 26.3372 16.355 12.0277 2.0915 22.6493 
108.93 6.87977 50.438 8.07415 0.121036 41.2629 0.712109 52.6377 45.2042 34.7636 94.2169 87.2068 32.4129 16.8809 5.05505 12.6934 0 25.059 283.122 30.3226 18.3958 7.71394 16.9963 21.0121 28.2472 20.4707 16.0621 12.1273 
222.037 297.981 118.513 13.8576 145.062 123.775 9.43009 21.9899 177.407 35.0572 151.54 51.7786 105.687 2.14621 66.915 51.5875 156.993 0 149.698 34.0376 58.6116 0.400856 12.7956 37.1405 0.1333 60.9093 9.04665 2.82661 
23.3188 87.058 13.6447 55.4352 59.5175 2.96192 116.116 0.93918 37.5578 12.4768 127.277 21.2372 53.4881 27.2693 12.978 6.18065 221.276 24.1369 0 3.01332 0.01001 7.28861 15.5132 22.8879 4.32524 4.43776 19.2981 10.9623 
113.268 141.795 14.1868 28.6501 87.9972 0.0513077 0.589697 85.625 105.854 44.3288 84.7643 52.3147 42.1934 4.51562 3.09164 4.35973 0.0220314 62.4892 28.7125 0 197.186 2.75003 0.0729829 3.65482 1.11439 6.17319 0.225172 3.25051 
229.644 1.16896 97.9259 102.423 78.4531 74.8194 128.637 81.8765 173.368 47.199 60.0433 150.373 51.9228 26.0928 57.2066 12.4601 11.065 95.8518 7.58068 15.4037 0 6.04739 2.8339 10.652 49.924 62.9765 32.1317 50.5816 
34.3504 37.7957 11.5479 7.79565 6.83559 1.98213 41.8309 25.2311 19.606 15.9926 49.2309 13.2205 77.942 8.60382 0.0294621 0.726955 16.6001 29.0715 9.71313 6.38968 23.0911 0 15.1773 5.00777 14.086 5.19659 0.251743 2.13887 
6.85986 29.482 7.82421 9.50889 54.247 15.3457 54.0952 39.5347 102.059 7.38339 13.6109 18.1234 87.5555 1.52842 22.1027 1.76806 18.957 2.46758 19.4941 3.43897 32.8672 0.699729 0 4.24129 21.8936 2.59747 0.313978 6.13297 
15.9267 0.916926 2.00666 0.0770084 49.3668 8.78197 70.826 28.7099 92.0149 51.7763 59.5841 183.084 7.79429 5.53567 24.7348 10.9233 1.28486 31.9041 3.85278 0.118089 16.6828 4.14542 19.0874 0 12.6419 0.210674 0.0645731 5.35387 
49.3413 81.1198 3.51537 23.9009 3.29934 33.6882 12.9357 177.572 129.938 1.48555 1.26242 727.277 9.52999 12.4124 26.8871 55.7382 29.9231 59.6603 0.176107 13.8145 44.6332 0.0450053 25.9766 46.5544 0 36.1874 47.6207 87.5966 
78.5211 83.499 15.2039 10.1664 56.8803 22.4067 40.8305 64.9002 0.384199 76.0839 129.707 231.94 55.1326 4.91342 5.81141 5.36396 25.085 61.6803 6.67714 11.4279 62.7946 8.77923 1.28884 8.66889 35.4305 0 2.45375 63.1264 
47.806 41.6117 9.00628 0.00387126 19.579 2.07685 8.59976 83.7778 78.7325 44.3338 3.60778 13.5131 39.2868 0.0647636 3.54896 13.5542 8.57984 38.8089 16.1191 8.15973 44.1049 3.27564 1.23591 18.2743 8.01404 31.2817 0 0.278429 
55.3631 62.2188 0.0978576 28.5142 50.3308 21.5436 28.3004 9.04022 1.17545 16.5994 110.172 57.5865 10.3677 0.612353 15.7018 22.7226 11.1562 11.562 14.0691 9.02462 10.5769 9.55999 5.31975 0.016179 10.0495 38.1342 68.9264 0 
