0 272.289 10.7909 173.535 174.635 162.38 31.4381 4.50877 312.216 147.017 84.3051 112.313 8.44102 53.4481 50.6234 50.8993 187.008 232.219 25.3656 116.965 233.045 40.0531 0.18223 13.4937 234.007 78.7368 41.2546 12.6938 
166.151 0 7.77269 305.315 151.846 232.583 379.812 158.724 376.569 240.645 16.0112 69.8028 2.28935 3.44488 96.7209 77.7769 207.371 1004.91 109.814 27.8393 0.0584113 48.6866 25.4173 9.01745 182.253 9.25663 8.41083 8.75091 
4.41785 409.894 0 26.5275 35.3642 19.1107 150.775 217.186 200.3 0.597356 207.337 65.7831 19.9872 5.86377 29.9778 3.85908 0.0212432 150.143 20.087 5.49581 125.447 3.81461 8.282 9.10542 15.627 7.08152 19.0946 9.59204 
468.52 308.31 280.002 0 3.64052 171.86 1.87102 1252.5 346.535 100.392 0.520175 259.716 59.8132 13.5917 37.3877 0.076929 218.241 39.5532 47.4588 0.575499 194.698 0.833871 11.3662 6.90222 161.616 42.0504 21.1801 23.6403 
164.517 10.0693 146.594 88.5266 0 56.5415 53.3085 90.3969 311.413 120.181 80.5241 67.9768 22.1998 13.2322 49.7224 74.7382 71.2837 145.232 1.76186 90.8258 25.7705 39.2006 18.1413 13.7128 61.5701 1.57968 8.62196 45.5178 
180.96 170.361 66.4998 162.931 506.633 0 1567.06 194.567 208.392 486.037 273.151 65.2131 675.665 1.4697 25.074 0.244978 166.897 87.3155 90.4465 0.379268 50.4495 7.03265 15.5681 16.9266 185.546 1.87816 20.1385 1.89197 
68.3994 170.089 212.037 134.797 208.98 950.093 0 0.00206639 1172.52 274.145 302.398 160.847 2.1401 6.40279 90.9652 68.2894 107.755 54.9167 3.62614 34.5082 68.2201 36.9189 29.3786 31.6479 0.0521208 74.5869 25.5738 43.639 
95.1589 183.705 170.248 117.156 0.0107049 28.3248 409.712 0 292.038 147.691 9.74849 1029.47 20.1358 101.758 88.7333 175.053 37.3135 72.6939 26.384 73.3907 202.397 33.0607 11.692 136.758 17.4641 39.0468 14.9496 7.67442 
172.931 393.101 253.548 444.686 123.198 210.44 253.48 280.756 0 1.17812 307.374 380.112 9.25954 86.5082 303.635 145.034 222.965 41.0198 1.18363 5.25085 9.81338 22.665 87.466 4.72374 179.286 0.00110066 65.2908 5.93764 
12.0899 9.23608 111.069 41.0056 76.6189 442.956 506.83 70.0604 346.76 0 604.544 246.549 106.181 84.0595 92.6788 4.57203 80.1853 144.223 30.5195 51.4282 76.0125 60.3283 0.157896 9.78117 15.0482 35.924 40.4941 21.5762 
2.58336 263.571 235.528 198.779 24.336 11.5489 84.1574 7.85188 200.856 589.408 0 319.603 166.94 138.341 179.628 131.343 63.6497 51.278 128.811 85.6885 70.5487 76.4589 67.6525 124.2 4.00376 83.5057 77.4658 37.6673 
1.85445 14.3663 181.894 79.9235 13.9558 44.5408 262.49 531.818 334.383 83.0753 482.204 0 16.8404 149.095 13.533 106.046 86.7145 25.0666 68.0876 2.02642 20.5662 43.4593 77.599 172.567 334.136 23.0988 90.6328 4.48607 
107.962 46.5049 73.1314 48.6827 170.229 151.414 160.89 143.874 113.604 169.622 25.3753 0.0192468 0 153.986 28.764 7.38281 57.0671 95.7362 81.9636 42.3154 76.0163 86.2735 73.2512 9.61248 2.86484 55.1501 19.2445 42.0646 
45.2953 0.797987 16.3925 23.1901 70.1999 19.6598 30.7747 15.5322 121.164 80.3096 170.47 125.422 40.8632 0 58.1691 18.1222 0.0101442 0.521361 18.8774 3.77779 39.1152 9.40944 4.97823 9.91466 5.74819 12.1352 0.0131095 6.44619 
36.0167 93.5177 0.00863326 0.194211 44.7347 29.584 4.76616 34.1879 73.3835 49.7945 257.963 109.199 104.305 38.4542 0 0.53592 29.9371 0.923477 15.1949 1.0747 24.8973 13.7936 21.8472 11.5142 29.4266 4.90257 1.3178 23.297 
5.58677 17.2754 19.5072 21.981 0.0671457 24.4093 45.0613 149.893 16.4803 20.2685 0.0513067 36.0702 24.8214 12.645 75.0289 0 17.4093 36.4763 3.16237 0.939911 51.8635 10.6194 11.4507 23.8499 14.0072 14.7713 2.52944 22.4235 
263.338 161.447 49.0182 164.843 0.996734 194.849 0.204348 49.7122 204.649 31.9501 94.8108 87.5173 30.7146 16.4762 4.53178 12.0988 0 43.107 412.838 30.9228 19.9419 8.07768 17.2164 21.0072 183.598 20.9869 16.3867 12.5778 
213.813 215.778 128.523 19.2434 158.778 123.937 4.64904 17.2778 168.342 29.8078 155.621 56.8758 106.027 1.61157 66.1129 50.1945 184.584 0 148.29 37.6435 62.796 0.25441 11.8725 36.1496 0.0262874 61.2778 9.75444 3.38188 
27.4473 76.9434 16.0579 53.7568 36.9914 1.28059 123.338 1.78742 43.7725 9.00137 128.27 18.8648 56.3413 27.3788 11.8824 6.84894 219.226 18.7579 0 3.67634 0.016361 7.78132 15.9967 22.6601 3.84259 3.918 18.9463 10.429 
139.127 141.837 15.6974 25.4773 90.0946 0.180828 1.45532 80.7362 104.942 45.8963 83.8532 48.6665 41.8249 4.56828 2.80929 4.05622 0.102032 65.738 29.6363 0 138.737 2.86342 0.0510752 3.49641 0.914201 6.53733 0.16659 3.00632 
220.473 0.181597 91.0912 85.3294 83.1028 75.669 124.949 71.7543 177.451 50.3001 54.7869 145.912 53.7052 27.225 57.5888 10.8108 9.82705 92.2813 6.43439 0.536293 0 6.48917 3.32306 11.7248 51.2459 63.0173 31.2923 50.2808 
34.9439 36.6682 11.7051 8.16639 5.87658 1.61067 40.058 23.5535 17.9388 18.0057 46.9002 11.5583 81.13 9.00269 0.108732 0.937998 16.2854 29.8449 10.24 6.3853 23.6007 0 14.9713 5.67203 13.9054 4.93096 0.335945 2.31313 
7.77729 27.8229 7.40814 10.1451 53.5855 15.0408 51.7237 35.3976 102.244 9.07138 9.49509 23.0101 89.4285 2.70335 23.3937 1.19346 18.8789 2.01785 19.8632 3.37074 32.1477 1.19258 0 7.44372 21.0738 2.25586 0.195119 6.41805 
14.3063 1.4298 1.64679 0.235713 48.2963 9.38803 71.3275 22.7241 94.0801 50.0613 66.2634 177.921 5.91487 6.35467 26.0311 7.60358 1.48496 32.9905 4.24598 0.165056 15.4851 4.78227 20.5534 0 8.92454 0.438322 0.184906 4.8734 
202.445 235.833 4.32643 177.662 2.48684 189.48 15.6261 184.268 287.356 0.783387 0.231101 908.949 10.8727 13.0342 27.9688 40.0181 185.345 59.5475 0.0850766 13.8242 43.0395 19.869 27.6683 42.4541 0 41.5287 149.521 145.119 
77.6764 83.288 13.9083 12.3139 55.0083 23.2754 45.3426 47.2213 0.000603452 75.4907 137.998 289.218 55.1679 4.32716 7.35725 7.58003 24.742 61.4809 7.31305 11.5815 62.4884 8.98227 1.03463 7.8315 34.9286 0 3.7072 63.5985 
47.1576 42.6896 8.49419 0.00810597 20.6032 2.38581 9.73226 86.3859 79.1608 44.9374 4.74976 10.3933 39.232 0.118333 4.02433 14.145 8.93377 39.393 16.5217 7.96286 43.9684 3.03268 0.994045 17.9046 8.44751 29.4348 0 3.17428 
54.2631 61.4538 0.0243962 29.3284 49.3749 21.1974 30.649 12.6859 0.519864 18.2957 109.798 68.5173 9.4287 0.799327 16.5599 22.7887 11.6057 12.5502 13.5246 9.24667 9.55869 9.43235 5.02636 0.0671822 10.6503 30.9777 57.6111 0 
