0 302.095 9.72083 213.949 176.816 200.262 29.9939 3.89211 352.215 147.44 85.3577 110.851 8.67358 53.4126 50.8949 50.5119 224.662 231.728 25.844 117.819 232.207 40.0705 0.164532 13.6741 271.974 78.6617 41.1405 12.8649 
206.398 0 10.9196 338.873 144.282 273.167 387.164 156.428 410.199 240.313 15.1186 68.575 2.47802 3.57374 96.7316 77.5569 246.269 1091.32 110.936 28.727 0.100729 48.7543 25.2271 9.17204 220.038 9.02537 8.51817 8.60487 
3.73334 401.966 0 22.2713 36.7799 18.5231 153.857 214.527 209.622 0.482965 205.622 67.2056 20.2943 5.78324 29.8344 3.75438 0.0121288 149.403 19.7822 5.63616 125.233 3.84576 8.23534 9.16929 15.7618 6.951 19.1089 9.67657 
502.716 341.862 273.963 0 4.01479 209.544 2.253 694.406 380.372 100.077 0.36988 259.781 60.0456 13.4901 37.4826 0.0536934 256.324 38.6824 47.21 0.658487 464.508 0.852559 11.4385 6.79366 199.625 42.1829 21.2579 23.7682 
166.747 7.89847 148.08 89.7609 0 62.0684 57.0754 89.0989 313.606 116.582 78.8527 67.143 21.4903 13.4591 50.1957 74.7707 70.3537 143.62 2.34717 91.0294 25.3355 39.3634 17.9667 13.5577 61.4372 1.65918 8.53073 45.6511 
218.357 207.391 66.5611 200.826 726.38 0 1305.22 195.65 241.113 746.276 273.36 64.2066 649.431 1.41223 25.353 0.218159 204.803 87.9948 90.461 0.351705 50.7513 7.1048 15.5977 16.9597 223.692 1.81299 20.1317 1.84854 
66.4324 162.402 209.749 136.594 214.64 954.054 0 0.071113 1198.81 265.361 296.253 158.707 1.8309 6.67857 91.9859 68.8551 107.884 56.3124 3.33918 34.9853 68.875 37.1301 29.0758 31.9396 0.0745388 74.1303 25.754 43.3671 
92.7089 185.929 167.113 117.333 0.0368856 29.6045 409.332 0 302.531 149.11 8.70512 1027.96 20.5879 101.157 87.2526 172.173 37.6406 73.5538 25.9993 73.9909 202 32.8593 12.0093 136.963 18.3792 40.8495 14.6535 8.03769 
210.195 435.554 244.153 485.68 120.007 243.055 218.543 291.206 0 1.72133 153.619 378.262 9.78962 87.3619 297.344 145.477 260.593 42.0236 1.32986 5.47454 10.2547 22.8684 87.8134 4.92245 216.869 0.0115676 65.4924 5.74025 
12.5691 8.4876 111.342 41.6388 73.4769 430.72 507.771 68.6731 349.438 0 604.36 246.436 102.15 84.0332 93.7747 4.31289 80.0431 144.036 29.9061 51.5555 76.3151 60.3835 0.130205 9.58202 14.7815 36.3193 40.392 21.7826 
2.3461 263.092 234.766 199.271 25.4014 12.801 88.984 8.84551 208.528 592.63 0 325.857 165.105 140.39 186.792 128.997 63.3563 50.5658 128.75 85.7518 69.9263 76.5519 66.8042 124.491 4.30226 82.2969 77.6505 37.1801 
1.60133 13.7216 182.417 77.5116 14.4199 45.4638 261.322 506.35 337.298 84.7984 478.851 0 16.3767 149.891 12.1628 97.0684 86.7712 25.524 68.4078 2.14888 21.0887 43.201 78.3454 171.681 326.3 19.9516 90.1085 4.08065 
108.054 47.2028 73.1704 48.3965 170.677 150.369 159.441 144.094 112.35 165.28 24.231 0.00617798 0 154.426 27.9549 7.09736 57.193 95.963 82.1009 42.2784 75.948 86.5063 72.7359 9.86556 2.777 55.1415 19.1481 42.1287 
45.1551 0.736565 16.4153 23.1946 70.1792 19.7303 30.2638 15.0397 121.88 80.5322 172.181 126.549 42.5281 0 58.8405 18.2337 0.00795295 0.554882 18.7995 3.76672 39.0252 9.36905 5.14345 9.95407 5.66758 12.0992 0.0155911 6.49192 
35.7181 93.6915 0.00306518 0.165174 45.2081 29.8426 5.15656 35.3458 75.4228 48.6436 264.873 112.381 103.669 37.0291 0 0.245286 29.9244 0.981759 15.3272 1.05315 24.703 13.7307 22.0168 11.265 29.3344 5.06296 1.35278 23.3093 
5.7923 16.9557 19.6262 22.2804 0.087097 24.4991 45.654 146.866 15.8329 20.7716 0.146776 42.0588 25.2872 12.8676 76.6508 0 17.3445 36.684 3.10527 0.960934 52.05 10.589 11.5065 23.5245 13.7427 15.0923 2.58225 22.3907 
301.222 199.421 48.8449 203.028 1.15194 232.656 0.165471 49.3745 243.138 31.6282 94.8698 87.5457 30.519 16.4289 4.47292 12.0303 0 45.4522 316.355 30.989 20.1227 8.11987 17.2411 21.0057 221.61 21.0456 16.4238 12.6297 
212.759 207.42 129.62 19.9135 160.324 123.913 4.20261 16.7666 167.256 29.2224 156.064 57.4702 106.053 1.55466 66.0124 50.0293 187.686 0 148.078 38.0628 63.2789 0.239641 11.7674 36.0335 0.0192357 61.314 9.83733 3.44893 
27.9391 75.7822 16.3447 53.5536 34.6835 1.1306 124.14 1.9024 44.5088 8.63371 128.361 18.598 56.6665 27.3889 11.7578 6.92765 218.618 18.1743 0 3.75657 0.0237807 7.83874 16.0519 22.6325 3.78847 3.85981 18.9051 10.3677 
142.047 141.758 15.8706 25.1085 90.3144 0.200813 1.57957 80.1592 104.813 46.0718 83.7362 48.2451 41.7787 4.57403 2.77731 4.02136 0.115013 66.1034 29.74 0 132.074 2.87653 0.0487961 3.47808 0.892281 6.57925 0.160386 2.97853 
219.283 0.122822 90.2733 85.2086 83.6342 75.7549 124.502 70.6056 177.879 50.6579 54.1864 145.37 53.9087 27.3549 57.6266 10.6264 9.6881 91.8601 6.30748 0.13001 0 6.54092 3.38177 11.8508 51.3939 63.0136 31.1944 50.2421 
35.0108 36.5365 11.7225 8.20922 5.77005 1.57007 39.8514 23.3615 17.7495 18.2425 46.6292 11.3723 81.4713 9.04681 0.121074 0.963925 16.2486 29.9333 10.3011 6.38454 23.6589 0 14.9388 5.74964 13.8851 4.90036 0.34642 2.33356 
7.88613 27.6316 7.35977 10.2185 53.5038 15.0035 51.4444 34.9268 102.242 9.27543 9.06386 23.6034 89.6028 2.85303 23.5229 1.13357 18.8691 1.96872 19.9047 3.3627 32.063 1.2572 0 7.84362 20.9697 2.21752 0.183186 6.45066 
14.123 1.49611 1.60727 0.259548 48.1687 9.4579 71.3739 22.0693 94.3003 49.8555 67.0345 177.201 5.71316 6.44766 26.1624 7.24394 1.5089 33.1146 4.29233 0.170967 15.3484 4.85725 20.6479 0 8.52619 0.469771 0.202739 4.81865 
240.197 273.761 4.42448 215.494 2.40017 227.539 15.9497 184.93 325.573 0.716524 0.165197 506.334 11.032 13.1037 28.0853 37.6832 223.365 59.5292 0.0766742 13.8239 42.8528 24.1719 27.8522 42.1571 0 46.7328 164.979 140.807 
77.5627 83.2478 13.7584 12.57 54.7868 23.3717 45.8663 45.3131 0.00979121 75.4027 138.901 295.396 55.1645 4.26064 7.54383 7.8534 24.701 61.4515 7.38766 11.598 62.4448 9.00515 1.00687 7.73502 34.8588 0 3.86671 63.5484 
47.0794 42.8118 8.43533 0.0115784 20.7218 2.42267 9.86649 86.675 79.202 45.0034 4.8911 10.0571 39.2234 0.125533 4.08063 14.2117 8.97477 39.4589 16.5678 7.93988 43.9502 3.00506 0.96769 17.8584 8.52507 29.2113 0 3.70481 
54.1307 61.3593 0.0190721 29.4179 49.2611 21.1552 30.9219 13.1423 0.461094 18.4943 109.731 69.8031 9.32241 0.822388 16.6571 22.7895 11.6576 12.666 13.4618 9.2718 9.44365 9.41718 4.99251 0.0752993 10.7329 30.1477 56.241 0 
