0 489.282 2.55011 492.308 195.826 448.17 18.3835 0.375806 618.337 150.842 94.8801 97.747 10.8948 53.0334 53.2894 46.9855 470.038 226.182 30.2857 137.69 223.362 40.2062 0.0458478 15.3342 519.947 77.8328 40.0918 14.4416 
491.601 0 61.3551 548.355 82.6023 545.709 446.997 135.728 619.346 235.881 8.1921 57.8147 4.5042 4.83265 96.6043 75.4396 502.907 941.536 120.807 37.1563 0.995704 49.3313 23.5225 10.6109 466.547 7.06184 9.50874 7.33844 
0.156619 315.956 0 17.0169 50.4012 13.5182 180.517 188.911 293.669 5.79336e-05 188.703 80.2653 23.1198 5.07128 28.4509 2.86733 0.0442781 141.931 17.0987 6.95534 122.75 4.12911 7.81047 9.73941 16.967 5.81397 19.221 10.4404 
710.319 551.168 108.621 0 8.17351 455.349 7.24767 421.731 591.155 96.9379 0.168224 257.979 62.0624 12.5703 38.2397 0.0321507 505.365 31.1435 44.9128 1.6501 358.133 1.02952 12.0845 5.84325 448.212 43.2269 21.9424 24.8946 
186.316 0.225712 160.511 100.754 0 140.492 95.5342 77.5819 331.067 85.5566 64.2979 59.7426 15.5663 15.5654 54.4383 74.9467 62.0448 128.921 11.3013 92.6438 21.5509 40.809 16.4172 12.1893 60.1834 2.45945 7.72714 46.8236 
461.76 449.737 66.5397 448.613 489.363 0 1272.86 204.15 455.852 804.549 272.205 55.2827 160.91 0.943781 27.8205 0.0464608 452.429 93.9283 90.1664 0.149968 53.4282 7.76143 15.8425 17.2353 473.357 1.27533 20.0558 1.47862 
49.666 98.5782 186.9 152.149 265.217 828.295 0 5.07552 1305.9 186.992 239.85 139.336 0.131192 9.39887 100.938 73.8354 108.867 69.3751 1.28206 39.334 74.7743 39.0178 26.377 34.5741 0.45584 69.9042 27.3826 40.9055 
71.5741 205.458 138.402 106.328 0.978002 42.1359 401.561 0 397.016 161.554 1.94517 959.329 24.8416 95.5201 74.0327 145.403 40.6081 81.3564 22.6305 79.3093 197.837 31.0491 15.0269 138.302 27.5186 58.4203 12.1005 11.6541 
453.178 723.096 160.836 757.188 92.347 456.736 15.2756 385.817 0 11.1618 796.982 358.725 15.1799 94.8712 219.376 148.865 505.62 51.4541 3.02295 7.68371 14.631 24.7195 90.7808 6.88361 461.754 0.602916 67.2551 4.10715 
17.2567 3.14677 113.274 47.4085 47.5217 302.379 502.588 56.5691 369.64 0 585.175 244.224 68.1652 83.4802 103.211 2.30917 78.6579 142.045 24.584 52.6333 78.9761 60.7835 0.00101728 7.86735 12.4633 39.8807 39.4472 23.6553 
0.721971 257.615 225.841 202.581 35.8785 26.7368 136.692 20.3412 326.433 604.261 0 379.839 148.245 158.109 251.165 107.721 60.6864 44.2935 127.981 86.2052 64.345 77.3061 59.1874 126.727 7.45203 71.4573 79.2314 32.8696 
0.157048 8.55227 186.113 56.8806 18.9025 54.0056 249.609 285.452 361.11 100.633 442.817 0 12.4648 156.29 3.05344 31.9009 87.2135 29.784 71.2477 3.40791 26.0364 40.867 84.954 162.692 247.61 1.86068 85.2619 1.28603 
108.726 53.6022 73.3769 45.7861 174.157 150.283 145.942 145.831 101.018 126.583 15.0264 0.213939 0 156.377 21.0581 4.76304 58.2848 97.903 83.2221 41.91 75.2803 88.3044 67.8668 12.2635 2.04539 54.9945 18.2808 42.6749 
43.853 0.29375 16.5832 23.1934 69.887 20.3202 25.7804 10.9253 127.901 82.2408 186.301 136.175 58.3201 0 61.9694 19.0032 0.000216689 0.902874 18.0897 3.66521 38.1905 8.98577 6.59126 10.235 4.95558 11.7452 0.0475496 6.90186 
33.0338 95.0439 0.0798968 0.00950913 49.4725 32.0898 9.32254 46.3911 94.3306 38.5908 322.67 141.421 97.4621 23.9849 0 2.66466 29.7895 1.58479 16.5256 0.868108 22.9643 13.1476 23.3697 9.07237 28.4178 6.59591 1.68649 23.3765 
7.79289 14.1819 20.6509 24.9611 0.382827 25.25 51.0154 119.41 10.5384 25.4852 3.19925 112.892 29.5807 14.7704 87.2327 0 16.7556 38.5399 2.61219 1.1593 53.6716 10.3027 11.9423 20.3109 11.4383 17.9911 3.07771 22.0339 
548.39 448.055 47.2007 453.157 3.04629 479.285 0 46.3377 495.956 28.7634 95.3114 87.7314 28.7611 15.9971 3.9576 11.4154 0 68.6601 418.321 31.5558 21.7705 8.50133 17.4572 20.9823 470.092 21.5648 16.7545 13.0969 
202.346 155.784 138.865 26.362 173.835 123.287 1.1905 12.4822 157.142 24.1557 159.786 62.8713 106.162 1.08728 65.0331 48.503 214.411 0 145.714 41.8562 67.6175 0.126462 10.8355 34.9725 0.00521586 61.5808 10.5947 4.07963 
32.4919 65.441 18.9948 51.6425 16.9729 0.199072 131.029 3.09532 51.2889 5.65033 128.959 16.2642 59.5512 27.4576 10.6527 7.64985 208.776 13.2902 0 4.51303 0.152716 8.36081 16.5434 22.3719 3.31649 3.35303 18.53 9.81986 
167.136 140.268 17.4112 21.7897 92.0775 0.427247 2.92108 74.8679 103.446 47.5981 82.5723 44.4562 41.3286 4.62265 2.49528 3.70999 0.266642 69.2943 30.6459 0 75.9596 2.99477 0.0305968 3.31267 0.706276 6.95513 0.109804 2.73235 
207.445 0.109451 82.6932 96.7663 88.3558 76.4143 120.286 60.4892 181.303 53.8743 48.8528 140.256 55.7176 28.5157 57.9083 9.02529 8.47553 87.9892 5.2181 8.83907 0 7.01335 3.93106 13.005 52.6807 62.9024 30.3038 49.8568 
35.5962 35.3359 11.8719 8.59477 4.85069 1.22635 37.9755 21.6518 16.0767 20.4119 44.1771 9.75605 84.2775 9.42474 0.261711 1.21167 15.9134 30.7202 10.8535 6.37519 24.1781 0 14.5675 6.45429 13.7078 4.6259 0.447697 2.5202 
8.8923 25.9119 6.92186 10.8768 52.7182 14.6477 48.8831 30.7632 102.008 11.1932 5.60983 29.1948 90.7728 4.28273 24.4878 0.659133 18.7729 1.55276 20.2682 3.28888 31.2859 1.90629 0 11.5499 19.9493 1.88386 0.0925892 6.74132 
12.5109 2.15846 1.27112 0.524879 46.984 10.085 71.685 16.5376 96.1098 47.9341 73.9436 169.617 4.04342 7.26198 27.1617 4.30569 1.73233 34.2189 4.71808 0.228696 14.1328 5.54332 20.7626 0 5.2819 0.799709 0.399513 4.3333 
486.339 521.398 5.34608 462.397 1.68731 476.407 18.9756 189.819 575.577 0.248296 0.0689469 49.7545 12.5037 13.7052 29.0516 17.8914 471.917 59.3153 0.0206876 13.8088 41.1461 63.3802 29.389 41.6405 0 105.77 137.794 44.2411 
76.3919 82.7398 12.4123 14.9428 52.7454 24.1997 50.5922 29.5802 0.589644 74.433 146.477 344.914 55.0645 3.67505 9.2896 10.45 24.3195 61.1279 8.07096 11.7336 61.976 9.20567 0.772614 6.87226 34.1234 0 5.4321 62.1328 
46.3461 43.8907 7.90765 0.0705396 21.7936 2.76508 11.1082 89.161 79.4953 45.5638 6.2494 7.26133 39.1248 0.199777 4.60001 14.7971 9.34507 40.0355 16.9795 7.73076 43.7629 2.7605 0.745407 17.4118 9.45574 27.1147 0 10.1709 
52.8889 60.4524 0.000612007 30.1796 48.2058 20.7546 33.3906 17.5651 0.0904869 20.3058 108.921 81.5264 8.38662 1.04346 17.5116 22.7317 12.1253 13.7238 12.8963 9.493 8.43384 9.27661 4.68811 0.169002 11.6035 22.7963 43.6614 0 
