0 58.074 0.832496 175.417 223.552 58.7857 5.28901 2.58313 254.756 154.751 110.408 76.9386 14.9851 52.1898 56.9758 41.1361 74.6756 213.028 37.9848 211.021 204.351 40.345 0.00964737 18.1636 127.953 75.9063 38.305 17.1405 
214.806 0 205.806 103.258 15.6565 195.62 511.548 102.657 167.854 223.335 1.36136 41.6532 9.03397 7.25352 95.5366 71.4895 125.926 679.623 135.728 52.2489 4.41197 50.1433 20.7866 13.1286 72.8184 4.34064 11.213 5.46673 
4.45154 152.904 0 121.393 75.1693 6.7388 217.244 142.979 410.679 1.32549 156.571 102.025 27.9222 3.97188 25.8772 1.65242 0.53544 126.983 13.0018 9.2877 116.656 4.60143 7.10295 10.6445 18.8822 4.12911 19.3415 11.6902 
236.392 105.389 86.6593 0 17.8299 61.35 21.0528 1206.1 142.405 90.7253 4.25552 246.079 65.0381 11.0609 39.0867 0.717225 115.175 20.2204 40.9758 4.16759 762.869 1.35091 13.1124 4.41 58.0894 44.3304 22.9937 26.6203 
215.422 33.3904 176.443 117.833 0 289.518 171.39 59.6982 349.838 42.6449 42.8937 48.1866 7.81823 19.2224 61.2178 74.7838 48.9285 104.69 39.0943 94.41 15.929 43.0815 13.9843 10.0758 57.9263 4.08396 6.48821 48.6249 
64.5951 59.7626 64.3161 58.1042 351.249 0 698.869 212.839 69.2704 540.91 258.887 41.488 226.666 0.376432 31.6033 0.038073 60.6402 102.765 88.0642 0.00256021 57.6094 8.8539 16.1547 17.5978 84.3998 0.594787 19.8774 0.959358 
26.6777 24.4399 143.396 174.232 340.915 290.304 0 29.5334 970.513 76.3123 149.737 108.05 1.57282 14.6895 114.307 81.4239 109.768 92.1885 4.69606e-05 46.5558 84.3313 42.0301 22.1098 38.8763 1.76256 62.6447 30.0528 36.8585 
41.6031 234.637 92.1655 210.012 5.20067 65.8403 372.942 0 536.216 180.218 1.33506 674.857 32.4313 85.563 53.4333 100.847 45.5129 94.1967 17.5347 87.5558 188.872 28.1179 20.5217 138.513 45.5015 91.0132 8.40396 18.8071 
58.3301 389.585 49.9214 387.159 52.9006 68.2656 199.754 527.145 0 43.0386 545.178 317.005 26.2148 106.308 241.21 151.972 109.245 68.1504 7.20286 12.0048 23.2434 27.8021 94.9583 10.7161 66.174 3.46099 69.9182 2.01309 
26.2382 0.0101911 114.337 56.9341 16.1121 106.66 444.194 38.6417 386.036 0 492.631 236.101 25.0719 81.3818 116.481 0.361344 76.0096 137.624 16.7963 54.1143 83.0438 61.0563 0.254065 5.39022 9.03261 45.6393 37.8128 26.7514 
0.070426 244.388 203.994 203.58 56.0405 58.5095 225.547 48.241 662.446 556.278 0 453.779 120.07 183.118 343.242 73.8722 56.2458 34.6832 125.886 86.4909 55.3879 78.2122 47.0322 128.824 14.2847 54.3038 81.4858 26.1949 
1.04372 2.67864 188.131 28.6929 27.3193 68.6051 226.366 37.3684 389.288 127.169 365.415 0 7.15971 163.531 1.2584 2.60797 87.6675 37.2385 75.7016 6.04778 34.978 37.0468 95.1487 144.57 237.14 13.9092 76.9507 0.101833 
109.233 64.3737 73.154 41.4277 177.649 178.512 122.659 147.683 82.6588 69.084 4.55893 1.80133 0 151.751 11.5737 1.91644 59.8972 100.656 84.596 41.1772 73.9917 90.0464 59.1996 16.592 1.08589 54.4891 16.8742 43.4459 
41.5866 0.000635408 16.7105 23.0332 69.0035 21.0985 18.9999 5.53303 135.928 83.8501 203.522 149.507 85.6954 0 55.4558 19.2972 0.0338483 1.64613 16.9059 3.49296 36.7359 8.29259 8.54154 10.3959 3.85845 11.0633 0.136563 7.55967 
28.6998 96.41 0.69046 0.164893 56.3726 35.3779 18.4666 66.3318 126.168 23.8762 389.287 187.716 85.7476 6.34957 0 23.7704 29.4932 2.86535 18.4999 0.602336 20.1821 12.1413 24.8296 5.80546 26.6121 9.38808 2.30042 23.316 
11.6034 10.1022 22.1211 29.1947 1.30886 26.2401 59.7467 76.2179 4.10715 33.7473 16.3251 268.221 36.872 17.3149 86.0282 0 15.7789 41.4988 1.89278 1.51619 56.0777 9.78849 12.38 14.3987 8.06049 22.5702 3.95756 21.2229 
154.843 59.4203 44.2206 65.3797 8.00113 85.4867 0.441921 41.4224 112.358 24.2448 95.6837 87.7642 25.9215 15.2732 3.17623 10.4218 0 112.627 207.135 32.3632 24.5268 9.12887 17.784 20.9086 79.3118 22.3751 17.2798 13.8551 
182.221 142.397 151.138 38.2897 193.838 120.732 0.229601 6.78014 139.592 16.762 164.773 71.8082 105.86 0.501791 63.1619 45.8747 251.266 0 140.167 48.0567 74.617 0.0187899 9.37486 33.1879 0.172853 61.7859 11.8695 5.20964 
40.3343 49.3183 23.5314 48.2344 1.31198 0.316234 140.829 5.63476 62.8135 2.10056 129.077 12.7388 64.0588 27.4806 8.92729 8.87605 174.107 6.85334 0 5.87034 0.601576 9.22925 17.3206 21.9014 2.60745 2.59536 17.9008 8.94112 
200.54 134.923 19.8134 16.5026 94.0962 0.972068 5.94239 65.9538 100.42 49.8652 80.2645 38.3434 40.4665 4.68964 2.06009 3.21359 0.646578 74.0713 32.0072 0 13.0227 3.18797 0.00996192 3.04253 0.447737 7.55925 0.0477143 2.34734 
184.321 2.06927 69.729 111.223 95.7689 77.0426 112.737 45.0725 185.203 59.0719 40.4861 131.073 58.5706 30.3696 58.1386 6.65582 6.65142 81.413 3.64985 66.3018 0 7.80844 4.9039 14.9554 54.5964 62.4217 28.8198 49.0887 
36.4866 33.3293 12.0874 9.2219 3.50983 0.752625 34.8693 18.9423 13.4791 24.068 40.145 7.35404 87.7664 9.96018 0.602791 1.66791 15.352 31.9671 11.7608 6.35057 25.0028 0 13.6743 7.61251 13.4323 4.18326 0.63931 2.83465 
10.6284 23.1328 6.20256 11.9368 51.2521 13.9961 44.5565 24.3238 100.796 14.6044 1.70705 39.142 91.1128 6.6611 25.2453 0.152789 18.5867 0.977639 20.8196 3.16318 29.9656 3.19817 0 17.0824 18.0034 1.38726 0.0104022 7.20165 
10.0409 3.48491 0.801871 1.14921 44.9206 11.0943 71.7765 9.06048 98.3684 44.5617 84.9354 153.41 1.91399 8.45872 28.0426 1.00712 2.12617 35.9646 5.44363 0.339889 12.2174 6.69113 18.2076 0 1.55936 1.51094 0.857214 3.5758 
91.7735 128.901 6.98491 69.239 0.789519 86.1148 24.3043 193.471 186.026 0.00499619 1.82292 932.808 15.0375 14.5854 30.2885 15.2201 81.244 58.779 0.00535279 13.7349 38.281 54.3567 31.3734 49.3137 0 86.4277 140.115 120.405 
73.9313 81.3548 10.2521 19.0047 49.253 25.3885 58.2578 10.4879 3.42942 72.1829 156.456 393.541 54.635 2.7812 12.3344 15.0413 23.6504 60.3753 9.22462 11.9064 60.9221 9.5108 0.453204 5.50465 32.5369 0 8.43242 56.3285 
45.0386 45.5627 7.06008 0.273009 23.5508 3.36313 13.2507 92.7395 79.6737 46.3427 8.7854 3.63581 38.8827 0.356625 5.49121 15.6875 9.95289 40.9139 17.6366 7.38176 43.3697 2.37853 0.442494 16.5693 11.7351 23.4374 0 26.1444 
50.6832 58.7624 0.0840765 31.2445 46.3711 20.0254 37.4416 25.8943 0.100009 23.3341 106.792 100.792 6.94544 1.45361 18.817 22.3913 12.8874 15.5034 11.9772 9.83358 6.88852 9.03246 4.19552 0.400219 13.5145 12.05 24.0177 0 
