0 400.376 104.071 391.96 4.13941 414.568 246.703 307.491 424.139 156.061 193.377 102.376 80.2557 53.6036 41.4454 74.6314 394.011 21.0193 14.7323 279.097 243.655 34.4963 30.9914 0.112996 395.147 79.4779 21.511 17.2036 
614.95 0 380.374 590.292 88.3501 507.631 225.106 0.666057 730.108 228.952 111.867 158.073 105.847 70.607 12.6297 83.5441 394.763 1004.95 167.367 126.678 26.5473 0.01881 8.73004 4.12583 459.988 3.54799 21.2647 0.382871 
86.6769 21.1181 0 282.823 16.1179 57.3275 210.613 233.765 24.8459 83.2438 32.5484 163.025 11.5735 16.0602 1.1646 6.6019 8.12245 160.545 30.2069 19.1444 116.326 2.01365 9.40524 9.77431 4.6879 4.77283 5.6313 1.53341 
728.339 587.391 251.386 0 162.977 418.328 8.88163 1248.49 663.286 79.4818 40.0832 105.031 30.2805 2.52108 24.8507 0.211389 404.326 0.297857 44.2134 45.564 501.106 2.40942 0.0661701 8.63104 407.153 4.03 27.0401 28.8105 
7.10979 297.78 20.3948 88.0766 0 80.226 41.617 170.84 147.527 7.03998 77.1914 137.981 140.017 64.4915 1.82299 7.87848 151.967 187.037 94.4193 7.31902 68.9167 45.3552 1.58702 2.31434 56.361 22.8834 24.1211 13.9341 
449.988 391.877 1.10447 434.577 676.852 0 1182.51 29.2434 662.042 628.774 20.6875 63.4645 591.393 17.8131 38.0897 21.5444 392.983 17.371 46.8982 0.871475 39.0532 0.0102358 0.53134 0.887418 406.606 5.35639 1.56314 1.32655 
264.927 275.608 152.705 73.4481 3.79894 251.415 0 384.845 1172.51 145.787 483.217 93.1296 215.479 30.0792 30.3039 78.2379 62.5705 34.4258 140.626 62.1441 101.031 47.8926 7.56834 46.1381 0.33252 11.3292 51.4127 73.1071 
257.86 289.987 190.627 372.523 28.9991 195.349 32.7433 0 662.717 222.478 119.128 258.135 96.8987 126.203 38.5308 254.971 62.373 4.62645 111.342 66.8094 206.03 18.129 5.47732 7.04445 7.77779 157.843 61.5552 20.8199 
650.972 434.997 438.94 593.797 293.612 658.685 253.481 662.375 0 11.1622 857.035 165.539 86.576 139.287 252.088 151.635 497.391 23.0872 154.981 5.12553 181.125 69.7809 31.4989 5.12511 446.124 120.929 79.4809 60.3078 
49.066 58.1452 21.7093 1.35923 27.2501 233.723 489.273 3.01461 369.64 0 32.8596 52.2238 330.732 4.83961 117.146 46.1428 21.389 70.1859 26.5111 1.78062 43.8037 20.5534 2.65245 0.00597348 8.17851 33.1697 1.54325 0.0638444 
104.153 239.104 78.3737 179.701 26.4871 273.311 10.3121 232.173 609.734 88.9274 0 506.73 54.4915 195.404 0.154276 84.3837 9.69777 20.3056 69.1968 9.6488 32.6589 74.7284 76.555 78.7512 74.7841 165.753 61.3778 46.6572 
223.389 84.5637 162.198 24.3421 2.70439 138.447 8.28637 942.88 0.308543 56.9239 113.17 0 61.601 151.47 166.692 495.046 8.91483 121.72 84.0596 59.6736 3.90339 27.7177 7.99032 24.6091 36.7553 65.6447 96.9889 176.259 
2.46783 38.6635 70.4962 8.77894 61.3975 133.328 106.587 126.818 198.271 324.993 202.846 18.8216 0 9.06159 1.4967 57.771 27.416 64.9796 0.557231 4.48454 9.36987 0.122945 88.8119 60.1285 14.1049 32.5136 32.5456 3.52984 
50.7376 59.0861 1.41942 17.6361 1.07746 5.36331 6.77998 70.842 144.244 17.7313 170.621 164.357 59.8643 0 5.38103 0.623959 3.24191 38.9579 0.800114 2.0689 2.09114 0.00022425 9.67042 10.3968 14.7237 1.21597 9.0196 0.240194 
16.0106 3.80647 32.9249 20.8537 3.44101 40.3369 125.745 83.2794 5.18105 10.8954 18.2582 0.0436342 62.2617 54.405 0 71.8611 6.94859 4.8266 12.0953 2.40527 10.687 2.04415 6.4699 0.0194154 28.7006 0.614326 0.495043 23.1682 
30.238 30.2854 16.4922 20.7831 70.5147 11.7682 55.9893 245.45 5.06369 91.3108 11.0997 279.124 0.862659 5.38883 46.1476 0 24.8599 44.8551 14.4141 0.206503 0.00351284 2.47775 7.72901 29.0645 4.74265 14.8584 17.3314 14.4418 
467.551 426.674 55.6448 447.313 52.895 415.13 57.9198 25.4795 404.502 74.0105 71.0473 6.21104 12.3387 21.5588 30.0903 26.1323 0 247.431 583.366 33.9489 49.2604 20.6787 18.7775 19.2381 417.924 5.36619 13.5491 22.8653 
50.734 86.7196 64.2846 98.5259 113.316 84.585 14.7161 100.379 188.202 142.378 170.025 88.5553 90.8717 24.79 66.8227 42.5755 280.96 0 144.55 3.12032 15.9063 0.00141908 44.2958 30.2995 51.1672 50.5719 19.1408 14.6365 
13.1198 11.1323 54.4599 51.0488 221.041 52.9845 0.000366293 98.3916 126.442 6.68614 86.188 6.67226 19.4959 5.96861 14.9705 30.6119 54.6634 58.9105 0 0.355413 56.7 1.38147 1.34034 21.4647 28.553 28.9384 1.98091 11.9984 
226.846 67.5952 8.60164 7.71966 8.25239 0.0108204 93.7498 17.5817 96.0031 5.69998 28.5915 0.0891418 3.56957 0.00109703 0.811062 8.19041 3.14047 21.8269 15.1434 0 94.4744 6.25817 1.6481 2.84364 2.85016 6.24329 0.244931 11.286 
239.483 20.5193 124.338 69.7697 88.6411 6.81129 97.257 85.4378 14.3574 19.0334 46.7503 163.55 11.4497 24.6023 56.4553 62.9862 58.0394 80.489 34.8882 294.085 0 31.7764 12.6008 47.4838 58.5727 41.4596 40.8704 1.22139 
24.5326 28.3485 1.14583 0.417101 25.6092 12.3306 28.3728 27.222 14.9662 60.8032 51.1752 2.77314 0.494876 5.67439 9.38902 10.0084 2.15131 32.5181 2.77287 3.6044 28.5203 0 4.45274 12.4371 22.2359 7.3247 2.22532 1.89351 
46.0911 10.5352 10.1551 0.000456501 35.2341 1.92513 0.012027 89.2943 70.3232 3.35618 128.85 5.21525 74.8633 9.1061 4.38429 5.03707 13.338 36.3136 4.31992 4.04279 33.2354 12.6877 0 0.547799 17.3859 0.0494484 8.11933 9.42048 
44.4471 0.0302131 11.5695 0.0137313 11.2194 1.49613 1.97661 103.912 94.5168 27.4294 12.8329 17.6847 64.7353 8.3585 24.0226 22.5629 5.70747 2.17502 0.401734 6.19512 13.0759 11.7957 14.1819 0 4.78248 0.547228 0.173471 11.2291 
401.395 403.452 0.00796829 392.172 0.392047 396.262 10.2802 173.929 431.35 0.0510324 103.886 1136.34 1.39841 0.627778 12.546 25.9134 418.89 5.81462 21.4274 7.63916 30.0808 49.1124 13.4461 42.9515 0 97.5148 34.0476 27.8202 
79.4413 56.9567 0.795016 34.6962 65.9147 18.7584 71.2727 1.37661 121.003 3.17316 14.7487 222.733 31.8235 1.80277 1.76769 22.3995 25.0372 41.9356 19.842 11.459 46.4247 0.833371 0.0927358 7.5103 38.6401 0 1.1849 31.2476 
13.2607 0.00317089 2.94892 3.76463 6.10682 14.2563 59.8901 37.7639 67.1466 9.46479 0.00271243 110.936 35.3048 9.60832 2.52966 6.1802 19.9572 44.1432 23.5249 8.21944 42.4104 10.19 10.0613 17.9349 39.1268 33.4199 0 0.0811283 
50.6306 39.1203 16.047 22.9149 5.7826 20.5649 0.313909 28.1712 76.3027 0.0409655 110.172 75.984 34.554 5.0236 19.5823 17.2155 22.3568 4.6488 15.1124 0.045129 42.5371 9.73382 1.54098 13.9164 13.2232 63.6102 70.9486 0 
