0 49.4007 4.91959 200.752 235.951 40.2861 1.54923 7.61661 247.486 155.956 118.417 66.5389 17.3398 51.6399 58.7808 38.0631 52.1712 204.298 42.1909 248.142 192.453 40.3769 0.0683588 19.6945 106.765 74.6255 37.336 18.6075 
271.625 0 292.215 61.8613 1.37165 195.963 525.111 86.1912 119.189 214.356 0.075236 34.0222 11.9793 8.69084 94.5608 69.1994 112.905 580.33 142.784 60.5826 7.13722 50.5029 19.3846 14.5223 51.0525 3.16738 12.1452 4.5882 
11.5549 78.9345 0 199.339 88.8362 4.03298 231.69 118.41 450.738 3.04395 138.327 113.304 30.5043 3.43407 24.4004 1.14132 1.00595 118.05 11.0246 10.5742 112.535 4.85273 6.72832 11.102 19.8486 3.34335 19.3736 12.3416 
170.571 63.4751 155.075 0 24.1643 39.9183 30.7713 1325.12 95.8065 86.9927 8.50959 235.726 66.4277 10.2739 39.3323 1.42274 94.9537 15.3036 38.843 5.8926 474.555 1.53468 13.634 3.72545 38.3022 44.6011 23.5086 27.4605 
228.748 71.3073 182.28 126.11 0 327.926 214.442 50.9406 354.458 25.3275 33.1 42.4588 4.77837 21.2297 64.6541 74.4775 42.3986 92.1797 59.1991 94.8946 13.2834 44.2229 12.7646 9.03407 56.6475 5.08558 5.87719 49.5087 
41.9074 45.1527 62.1246 38.5746 578.777 0 66.5311 214.67 80.1352 436.636 246.673 34.7863 458.849 0.18049 33.4201 0.167681 39.9413 106.894 86.1911 0.0157677 59.6884 9.43238 16.2738 17.7432 64.9243 0.339263 19.7575 0.730665 
17.2026 4.91259 119.252 183.689 374.047 91.8512 0 49.6643 636.171 34.9273 107.204 92.2712 4.38594 17.8368 120.511 85.0687 109.89 104.595 0.363762 50.3492 89.2506 43.5645 19.9627 41.1122 2.77683 58.7155 31.4505 34.7395 
28.6878 248.147 69.7891 316.44 8.69876 79.4149 350.928 0 593.097 188.974 6.1668 482.273 36.687 80.0647 43.4535 78.5969 48.0968 100.897 15.0846 91.6023 183.183 26.6014 23.6474 137.648 56.1348 109.176 6.71611 23.1103 
38.3126 394.371 14.8969 368.539 35.9202 78.2319 501.743 585.96 0 66.8159 929.551 291.27 32.9929 111.816 271.36 152.367 85.9867 77.394 10.0607 14.595 28.4184 29.4387 96.7935 13.0136 43.8569 5.86303 71.1998 1.20741 
31.5251 1.17101 113.851 61.8885 6.05067 51.7338 393.169 30.3539 385.908 0 421.208 229.733 10.4181 79.7154 122.12 0.0139782 74.4422 134.76 13.2259 54.7468 85.0247 61.0107 0.613733 4.2641 7.42819 48.5894 36.9153 28.3813 
0.719133 235.514 189.512 201.916 67.8662 78.6429 273.858 66.8013 783.551 501.821 0 482.707 105.391 193.661 378.061 57.4683 53.8917 30.0098 124.386 86.4156 50.8122 78.5237 40.9248 129.139 18.6322 45.8093 82.4985 22.9137 
3.09759 0.917627 187.177 17.3419 32.221 76.4241 212.489 0.0041738 398.124 141.048 318.638 0 4.94387 165.633 6.83094 29.0705 87.7722 41.3583 77.9314 7.70561 40.037 35.0526 100.104 133.712 252.942 39.8922 72.4532 1.16265 
109.204 70.1062 72.7626 39.1162 178.367 192.058 110.169 148.159 73.2827 44.1741 1.47154 3.23855 0 145.638 7.62894 0.926282 60.6541 101.885 85.0851 40.7305 73.2218 90.3539 54.4127 19.0334 0.70219 54.0956 16.1441 43.7886 
40.3376 0.0600854 16.7041 22.8722 68.3444 21.4097 15.7684 3.4091 139.153 84.0948 209.238 155.112 99.8507 0 47.1512 18.9659 0.0741919 2.11986 16.2764 3.39989 35.9324 7.90127 9.21991 10.3301 3.32314 10.6597 0.201105 7.89611 
26.4726 96.7021 1.243 0.446854 59.9135 36.8749 24.2845 77.402 142.619 17.2932 405.418 209.829 79.0155 1.29682 0 40.1447 29.301 3.67753 19.5365 0.481723 18.7609 11.5922 25.1899 4.31387 25.5301 10.9589 2.65408 23.2008 
13.8439 8.20877 22.7788 31.291 2.00812 26.6355 64.237 55.8611 1.90432 38.2656 26.8706 350.319 40.7638 18.2787 76.3994 0 15.2616 43.0047 1.55988 1.71815 57.2096 9.49831 12.467 11.2601 6.52902 24.7849 4.44966 20.6919 
132.734 41.0952 42.5312 46.7262 11.4685 63.5571 1.02197 38.8834 95.7739 21.9739 95.706 87.6482 24.456 14.8858 2.79805 9.90831 0 137.28 182.353 32.7256 25.9969 9.45918 17.9419 20.8526 58.9415 22.7797 17.5473 14.249 
170.415 125.295 155.969 45.093 203.061 118.662 1.68746 4.46346 130.036 13.3675 166.823 76.5106 105.467 0.284037 62.0538 44.4388 266.077 0 136.479 51.2719 78.2148 0.000518437 8.64246 32.2309 0.354063 61.7793 12.5543 5.84884 
44.5957 41.4312 25.9793 46.3256 0.183889 1.18317 145.156 7.24628 68.9951 0.921194 128.715 11.043 66.3019 27.4487 8.06786 9.53851 148.007 4.29469 0 6.6369 0.952931 9.69065 17.7139 21.6336 2.26767 2.23445 17.5637 8.48995 
212.77 130.768 20.992 13.8747 94.7162 1.34074 7.91368 61.2106 98.4632 50.9329 78.8637 35.207 39.9544 4.71849 1.84574 2.96118 0.909654 76.3326 32.6577 0 0.610222 3.28902 0.00365856 2.90157 0.335231 7.86908 0.0253735 2.15476 
170.718 4.05635 62.8096 91.5365 99.4739 77.1483 108.493 37.6693 186.386 61.7508 36.3087 125.906 60.0096 31.316 58.1456 5.5444 5.77667 77.8677 2.93578 112.019 0 8.23576 5.44908 16.0046 55.5029 62.0243 28.0302 48.6197 
36.9193 32.2595 12.1859 9.54817 2.88976 0.549214 33.2301 17.5698 12.1909 26.0226 38.0315 6.21963 89.0218 10.1966 0.834707 1.93052 15.0517 32.5998 12.2374 6.3331 25.4226 0 13.0783 8.214 13.2917 3.95506 0.752276 3.00368 
11.5795 21.6991 5.82642 12.4809 50.3979 13.6226 42.2387 21.1648 99.7601 16.5103 0.557017 44.6657 90.5131 7.75951 25.2206 0.0282727 18.4751 0.728669 21.0867 3.09501 29.2512 3.96992 0 19.1927 16.8717 1.15339 1.52832e-05 7.43441 
8.83549 4.29619 0.597302 1.56695 43.7819 11.6119 71.619 5.98556 99.1966 42.6963 90.454 143.334 1.10688 8.99536 28.1163 0.179286 2.34624 36.8472 5.83749 0.406228 11.2527 7.29705 15.7566 0 0.504352 1.96252 1.16166 3.19929 
69.457 107.473 7.90003 47.7437 0.45299 65.9299 27.2573 193.19 165.677 0.135522 3.66667 962.615 16.4207 14.9906 30.7576 32.0691 60.926 58.4072 0.0348092 13.6723 36.7499 19.7167 32.1204 56.1713 0 41.5007 180.004 129.769 
72.3856 80.3625 9.15517 21.1837 47.3576 25.9241 62.1951 4.22792 5.82227 70.691 160.374 399.481 54.2805 2.35023 13.9877 17.5114 23.2783 59.8727 9.84523 11.9724 60.2317 9.659 0.318576 4.82001 31.5347 0 10.1866 51.806 
44.3022 46.3913 6.62504 0.430782 24.472 3.69428 14.4245 94.3616 79.6187 46.6819 10.2624 2.22173 38.7165 0.455955 5.97647 16.118 10.2722 41.3418 17.9725 7.19575 43.1212 2.18763 0.314462 16.0768 13.2157 21.4307 0 36.2962 
49.4467 57.7788 0.183425 31.7093 45.3592 19.6086 39.5591 30.7349 0.407635 24.9446 105.29 110.68 6.23643 1.69114 19.4497 22.0946 13.2848 16.4582 11.4991 10.0012 6.13347 8.89774 3.94108 0.558914 14.7497 7.48749 15.2654 0 
