0 359.632 12.6797 523.873 247.051 317.743 0.0190946 15.5991 534.796 156.585 126.616 56.1779 19.9435 50.9886 60.5644 34.8704 324.843 193.988 46.6785 267.959 178.86 40.3803 0.186314 21.3234 380.475 73.0978 36.3017 20.1735 
631.526 0 374.289 321.562 3.07397 490.965 523.137 69.9467 368.014 203.407 0.432769 26.7486 15.4516 10.3086 93.2446 66.6613 395.283 817.673 149.496 69.4362 10.6414 50.8296 17.9475 16.0277 324.402 2.1334 13.1458 3.74769 
22.2301 24.3527 0 265.111 103.216 1.91275 242.484 93.4547 471.444 5.55999 118.839 124.77 33.2328 2.90443 22.783 0.704692 1.65011 108.106 9.1001 11.9491 107.616 5.11759 6.33571 11.5654 20.8241 2.60092 19.3843 13.0167 
400.963 322.552 126.137 0 31.6 313.987 42.4718 1296.07 347.601 82.7872 14.417 222.226 67.7483 9.45928 39.4416 2.40273 369.684 10.8285 36.5776 7.95967 327.43 1.73764 14.1642 3.06346 313.775 44.6552 24.0187 28.2865 
240.946 123.042 186.36 134.111 0 341.57 259.483 42.3371 355.32 11.7637 24.0609 36.7549 2.38468 23.3833 68.1328 73.9975 35.9045 79.444 83.3671 95.0743 10.7526 45.3765 11.5344 7.99658 55.2456 6.2378 5.26766 50.3862 
314.974 329.563 59.1489 314.647 690.601 0 861.685 214.541 405.442 590.767 230.547 28.2591 661.903 0.0516142 35.1703 0.39994 314.439 110.795 83.7008 0.0956202 61.7679 10.0388 16.3653 17.8619 340.502 0.147999 19.6133 0.52425 
9.4086 0.439475 94.2958 191.746 402.005 65.0557 0 75.2972 293.844 8.13115 68.5705 76.5287 8.78296 21.3672 126.295 88.5962 109.759 117.693 1.49728 54.2868 94.2942 45.1306 17.7962 43.4233 4.07079 54.5532 32.9063 32.5356 
17.5535 260.691 48.7627 382.424 13.2553 94.1083 323.619 0 635.865 197.246 14.8705 286.688 41.3116 74.1765 33.8302 57.1672 50.7983 107.83 12.6976 95.5941 176.576 25.0347 27.0702 136.042 67.9037 128.33 5.14356 27.968 
315.193 690.82 0.176354 638.25 21.3823 402.777 860.224 631.193 0 95.8353 1134.23 262.32 40.7223 117.176 222.939 151.871 357.708 87.3144 13.5102 17.5211 34.2644 31.1597 98.4384 15.6103 316.951 9.00501 72.4516 0.583234 
37.4195 4.41567 112.585 66.9797 0.670109 40.513 329.646 22.6244 379.354 0 337.115 221.644 1.78641 77.5815 126.901 0.148959 72.6808 131.389 9.90642 55.2997 86.9764 60.8255 1.15309 3.22021 5.90368 51.5978 35.9497 30.083 
2.11529 224.964 172.636 198.608 80.9626 101.435 322.965 88.5996 830.235 428.871 0 504.221 90.3888 202.441 400.86 41.8836 51.4195 25.4218 122.533 86.1729 46.142 78.7288 34.8138 128.891 23.6833 37.4418 83.4296 19.6658 
6.38047 0.0613082 184.726 8.374 37.6663 84.613 197.004 39.0077 402.73 155.287 267.549 0 3.05695 166.545 17.1986 83.9347 87.784 45.7983 80.1775 9.62887 45.561 32.9811 104.94 121.633 213.178 79.1003 67.685 3.48431 
108.96 76.1148 72.1554 36.693 178.295 193.369 97.1307 148.291 63.778 23.4029 0.0607903 5.17268 0 136.821 4.34044 0.27039 61.3788 103.008 85.4251 40.2191 72.3499 90.2281 49.3086 21.6904 0.389791 53.592 15.3877 44.101 
38.9922 0.277641 16.6439 22.6484 67.5157 21.6613 12.6602 1.72768 141.757 83.909 212.587 159.843 113.83 0 36.2815 18.2777 0.132877 2.67498 15.6137 3.30079 35.0646 7.47535 9.60757 10.1529 2.79717 10.2081 0.281452 8.24013 
24.1896 96.695 1.98334 0.885523 63.531 38.2511 31.0109 89.1947 159.156 11.4132 406.616 230.335 71.6853 0.116344 0 57.9211 29.0736 4.6261 20.6174 0.36967 17.3072 11.0059 25.2573 2.95655 24.3125 12.6539 3.04565 23.0201 
16.3456 6.42226 23.3765 33.3591 2.89149 26.9547 68.8198 37.1926 0.491648 43.0621 40.2173 423.038 44.8368 18.9665 61.4704 0 14.718 44.5402 1.24514 1.93932 58.293 9.18132 12.4516 8.15579 5.13182 26.8936 4.98402 20.0647 
405.41 318.578 40.6845 323.308 15.6888 336.647 1.87953 36.2656 374.422 19.683 95.603 87.4301 22.945 14.4758 2.42652 9.37796 0 163.197 372.908 33.0586 27.5481 9.80507 18.097 20.7814 333.632 23.1871 17.8208 14.6578 
157.37 81.4508 159.737 52.508 211.628 115.987 4.62468 2.55067 119.892 10.1983 168.539 81.4147 104.885 0.122201 60.8069 42.9007 277.619 0 132.093 54.5829 81.9062 0.00931546 7.90265 31.2171 0.611186 61.6891 13.2814 6.5499 
49.1263 33.7178 28.5675 44.2541 4.2746 2.66465 149.032 9.1276 75.5035 0.199789 128.029 9.38778 68.5476 27.3835 7.20575 10.2435 117.683 2.24575 0 7.47526 1.404 10.1767 18.114 21.3388 1.93658 1.88454 17.2064 8.02596 
220.887 125.517 22.1498 11.2833 95.0384 1.78426 10.2402 56.2447 96.1601 51.9551 77.2666 31.997 39.3766 4.74401 1.6324 2.70407 1.23041 78.5018 33.2889 0 4.78961 3.39436 0.000377461 2.75509 0.234788 8.1868 0.00951115 1.96064 
155.709 6.81501 55.6005 55.8954 103.194 77.0947 103.876 30.5077 186.983 64.5067 32.1172 120.282 61.4689 32.2843 58.0697 4.48339 4.92399 74.1071 2.27043 165.248 0 8.6896 6.04358 17.1181 56.3759 61.5044 27.1976 48.0821 
37.3462 31.1305 12.278 9.88676 2.30384 0.37029 31.5145 16.1738 10.9017 28.0825 35.8303 5.12892 89.8981 10.4092 1.11456 2.22085 14.7336 33.245 12.7354 6.31152 25.8518 0 12.3736 8.83249 13.1451 3.71986 0.879293 3.18315 
12.6007 20.2224 5.43575 13.0387 49.4454 13.2109 39.7928 18.0451 98.3917 18.5751 0.0255655 50.6008 89.3262 8.69143 24.8857 0.00422053 18.3484 0.507267 21.3494 3.02221 28.4896 4.83062 0 20.5318 15.6267 0.929736 0.0130949 7.6707 
7.64584 5.22574 0.414835 2.06685 42.5533 12.1422 71.3049 3.43077 99.7966 40.6871 95.9801 131.891 0.496326 9.47483 27.9066 0.0350084 2.5859 37.7441 6.25826 0.481295 10.2757 7.92737 12.6802 0 0.106264 2.48732 1.52499 2.8227 
342.153 380.95 8.89076 321.362 0.20042 340.764 30.4406 191.293 439.937 0.45972 6.24773 952.932 17.9013 15.3695 31.1112 54.3319 335.668 57.9535 0.0929166 13.5894 35.1335 0.387714 32.6685 63.4775 0 45.0959 57.9136 39.4837 
70.5936 79.1368 8.04476 23.4689 45.3374 26.4163 66.216 0.654555 8.95506 68.9157 163.442 390.525 53.8169 1.93131 15.7311 20.0617 22.8745 59.2701 10.504 12.0232 59.4123 9.80498 0.202685 4.13524 30.378 0 12.1251 46.2388 
43.4968 47.2206 6.17832 0.632867 25.4334 4.05256 15.6855 95.8629 79.4529 46.9851 11.9083 1.11076 38.5142 0.571981 6.49507 16.5392 10.6063 41.7646 18.3171 6.99936 42.831 1.99527 0.203673 15.5282 14.9113 19.3073 0 47.4618 
48.1001 56.6827 0.327445 32.1242 44.2674 19.1493 41.7586 36.0901 0.948627 26.6379 103.45 120.681 5.53107 1.95479 20.0691 21.7008 13.6984 17.4703 11.003 10.168 5.38636 8.75219 3.67875 0.751388 16.1998 3.76487 7.9211 0 
