0 436.732 15.1485 600.467 249.508 383.359 0.0192543 18.014 602.561 156.642 128.634 53.6786 20.6165 50.8136 60.9935 34.0768 389.17 191.236 47.8132 269.124 175.3 40.3764 0.224813 21.7348 445.008 72.6863 36.0397 20.5701 
717.535 0 392.093 383.825 6.15961 560.554 520.065 66.0647 427.025 200.439 0.7933 25.0481 16.3807 10.7309 92.869 66.0048 461.998 570.471 151.06 71.6588 11.6196 50.9034 17.5929 16.4116 388.884 1.9059 13.4002 3.55011 
25.3787 15.3147 0 276.322 106.791 1.50115 244.445 87.4245 472.968 6.30077 113.955 127.566 33.9184 2.77746 22.3685 0.611403 1.83516 105.54 8.64268 12.2963 106.295 5.18414 6.23748 11.6788 21.0621 2.4283 19.3833 13.1844 
455.593 384.65 128.475 0 33.5785 378.708 45.616 396.255 407.506 81.6909 16.1178 218.46 68.0571 9.25711 39.4453 2.68528 434.474 9.82057 36.0063 8.5156 803.395 1.79011 14.2943 2.90674 378.795 44.6321 24.1417 28.4846 
243.696 137.551 187.047 135.997 0 343.856 270.536 40.2812 354.899 9.14582 22.0024 35.3761 1.91316 23.93 68.9828 73.8521 34.3387 76.3293 89.8211 95.067 10.158 45.6586 11.2342 7.74546 54.8848 6.54239 5.11988 50.5982 
379.496 397.349 58.3031 379.87 690.993 0 287.932 214.182 485.254 866.503 226.033 26.7096 329.228 0.0315751 35.582 0.473306 379.213 111.701 82.9961 0.126087 62.2725 10.1906 16.3829 17.8862 405.515 0.112341 19.5742 0.477862 
7.81133 1.91234 88.212 193.449 407.794 88.509 0 82.3557 221.667 4.30995 60.0254 72.7353 10.1088 22.2859 127.621 89.4305 109.686 120.973 1.89992 55.2647 95.5377 45.5159 17.2675 43.9964 4.43099 53.5059 33.2694 31.9866 
15.169 263.556 43.9619 388.141 14.5344 97.8334 316.194 0 643.568 199.165 17.6116 242.206 42.4944 72.6868 31.5692 52.1834 51.4734 109.548 12.1291 96.5519 174.823 24.6461 27.9493 135.53 70.9311 133.092 4.78149 29.2366 
380.827 760.263 0.198 700.737 18.2966 482.437 944.143 639.566 0 103.651 1209.09 254.827 42.751 118.451 202.286 151.603 421.772 89.8284 14.4445 18.2863 35.7928 31.5917 98.8054 16.2896 381.421 9.8885 72.7504 0.46207 
38.9476 5.54553 112.15 68.2343 0.165409 44.7365 312.667 20.8485 376.713 0 315.358 219.404 0.740738 76.9875 127.908 0.262021 72.2212 130.488 9.14463 55.4206 87.4453 60.7573 1.31378 2.9808 5.54743 52.3363 35.7039 30.5079 
2.57801 222.135 168.185 197.535 84.3394 107.335 334.789 94.3861 834.935 408.735 0 508.109 86.7136 204.255 404.168 38.2821 50.7996 24.3238 122.026 86.0861 44.9935 78.7609 33.3352 128.737 25.0231 35.442 83.6419 18.8842 
7.37929 0.00487989 183.884 6.61971 39.0771 86.6552 192.998 60.7572 403.13 158.785 254.646 0 2.65433 166.567 20.4779 101.261 87.7714 46.9288 80.7254 10.1395 46.9776 32.4654 106.09 118.52 194.502 90.5017 66.4844 4.25501 
108.865 77.6166 71.9724 36.0867 178.146 191.122 93.8913 148.266 61.457 19.1528 2.27169e-05 5.72436 0 134.263 3.65675 0.167403 61.5494 103.263 85.4827 40.0841 72.1211 90.1254 48.0227 22.37 0.325852 53.4515 15.1995 44.1719 
38.6497 0.356736 16.6203 22.5837 67.2864 21.7123 11.9286 1.39446 142.283 83.7922 212.996 160.839 117.138 0 33.3841 18.0537 0.150186 2.82327 15.4472 3.27572 34.8432 7.36646 9.64953 10.0917 2.6713 10.0907 0.303583 8.32485 
23.6265 96.6434 2.19367 1.01786 64.4204 38.5636 32.7862 92.159 163.145 10.1151 404.383 234.966 69.8174 0.505883 0 62.1468 29.0125 4.87909 20.887 0.343894 16.949 10.8575 25.2246 2.65238 23.9953 13.084 3.14701 22.9654 
16.9954 6.00701 23.5111 33.8541 3.13641 27.0194 69.9445 33.0139 0.28199 44.2681 43.8869 438.035 45.8524 19.0845 57.2204 0 14.5816 44.9179 1.17177 1.99618 58.5478 9.09998 12.4308 7.42539 4.81696 27.3825 5.12069 19.8968 
469.674 384.176 40.2108 388.593 16.8355 401.05 2.13372 35.6172 440.209 19.1237 95.5571 87.3601 22.5705 14.3725 2.33739 9.24635 0 169.61 191.685 33.1345 27.9383 9.8917 18.1343 20.7616 398.43 23.2865 17.8883 14.7596 
154.014 67.9743 160.468 54.4022 213.588 115.239 5.58111 2.15431 117.339 9.46768 168.9 82.638 104.713 0.0922296 60.4814 42.5103 279.834 0 130.916 55.4013 82.8174 0.0159605 7.72176 30.9613 0.68623 61.6533 13.465 6.73049 
50.2693 31.883 29.2177 43.7247 6.12508 3.12498 149.895 9.62905 77.1351 0.101507 127.808 8.99281 69.0929 27.3621 6.996 10.4217 109.968 1.83483 0 7.69068 1.53011 10.2988 18.2122 21.2626 1.8576 1.80142 17.1162 7.91111 
222.125 124.067 22.4263 10.664 95.0668 1.90424 10.8631 55.0045 95.5441 52.1955 76.8465 31.2063 39.2254 4.74965 1.58078 2.6409 1.31787 79.0122 33.4388 0 8.55533 3.42066 8.39074e-05 2.7186 0.212422 8.26521 0.00673619 1.91325 
151.857 7.61153 53.8105 46.742 104.099 77.0551 102.694 28.8145 187.029 65.1883 31.0982 118.842 61.8267 32.523 58.0375 4.23434 4.72059 73.1589 2.11699 178.796 0 8.80427 6.19614 17.3991 56.5822 61.3578 26.9881 47.9401 
37.4489 30.8466 12.2993 9.97105 2.16728 0.33095 31.0854 15.8309 10.5885 28.5995 35.2815 4.87151 90.0469 10.4568 1.19041 2.29589 14.6534 33.4037 12.8599 6.3056 25.9577 0 12.1854 8.98507 13.1083 3.66157 0.912478 3.22849 
12.8603 19.8568 5.33855 13.1764 49.1978 13.1047 39.1782 17.2956 98.0046 19.1022 0.00017126 52.1056 88.9416 8.88183 24.7534 0.0151884 18.3151 0.458091 21.4124 3.00376 28.2967 5.05311 0 20.7113 15.3072 0.877206 0.0201782 7.72865 
7.3598 5.47104 0.374258 2.20173 42.2402 12.2729 71.2027 2.89968 99.904 40.176 97.3191 128.906 0.381175 9.58063 27.8088 0.115371 2.64738 37.9643 6.36493 0.500974 10.0365 8.08406 11.8632 0 0.12082 2.62655 1.62289 2.73131 
406.46 445.427 9.14356 385.909 0.153109 405.589 31.2505 190.565 504.555 0.570592 6.99514 194.159 18.2768 15.4569 31.1775 59.3496 400.479 57.8296 0.111803 13.5659 34.7271 1.05943 32.7673 65.1137 0 55.3904 47.1187 25.2521 
70.1181 78.8008 7.77361 24.0392 44.8264 26.5283 67.2041 0.246117 9.83633 68.4385 164.041 385.924 53.6863 1.83185 16.1672 20.6878 22.7711 59.1071 10.6703 12.033 59.1919 9.84006 0.177706 3.96948 30.0729 0 12.6242 44.739 
43.2899 47.4221 6.06791 0.689285 25.6737 4.14412 16.0061 96.2069 79.3942 47.0527 12.3358 0.891987 38.4591 0.602924 6.62651 16.6398 10.6899 41.8665 18.4022 6.94994 42.7536 1.9483 0.17966 15.3859 15.3538 18.7747 0 50.27 
47.7549 56.398 0.369827 32.2165 43.989 19.0308 42.306 37.4721 1.11871 27.0626 102.947 123.115 5.36042 2.02311 20.217 21.5892 13.8015 17.7257 10.8795 10.2084 5.20623 8.71502 3.61376 0.803709 16.5865 3.01953 6.42213 0 
