0 312.983 96.6139 296.756 2.61921 315.728 242.893 306.467 323.634 155.687 192.798 106.747 79.102 53.6825 40.5589 75.2431 296.867 24.1351 13.6004 279.823 243.117 34.7024 31.4056 0.063631 298.013 79.5123 21.9373 17.774 
549.601 0 405.847 506.439 107.965 419.068 200.769 0.171137 643.103 231.538 106.246 154.419 103.791 70.7721 13.6386 83.2486 298.793 301.099 168.483 128.683 28.7433 0.0390304 8.32049 4.45848 363.86 4.0097 20.8317 0.487758 
79.3827 9.33328 0 272.126 13.2282 58.6451 217.243 226.565 38.9122 80.9887 27.7038 165.983 12.3358 16.155 1.41543 6.22044 7.56764 161.464 31.1841 18.6563 117.791 1.93979 9.53244 9.5855 4.99425 5.11784 5.47026 1.40624 
624.841 503.616 250.739 0 162.364 323.098 6.68956 745.562 556.437 81.1689 44.0051 97.3544 29.3862 2.33199 24.223 0.104318 306.973 0.623311 43.4172 46.0434 161.818 2.32011 0.094308 8.28412 311.081 3.55234 27.1149 28.5211 
5.07327 322.719 23.8683 84.3649 0 103.829 32.1754 167.443 157.515 10.6489 72.2703 135.779 137.315 64.0056 1.45347 7.31409 151.274 182.962 84.6454 6.54203 70.5659 44.927 1.40668 2.53477 55.8379 22.1408 23.7607 13.5075 
350.445 295.275 1.65947 339.31 1.0547 0 879.424 25.498 592.208 922.46 16.1308 66.4855 120.911 18.0821 38.5633 21.899 296.017 18.9547 48.8578 0.749517 38.1003 0.0229319 0.463149 0.980444 309.487 5.05007 1.65557 1.2176 
263.344 300.291 143.397 78.9904 7.60534 352.32 0 377.982 1243.36 122.545 479.158 99.2487 214.107 31.6158 27.7315 79.7655 61.1573 37.9814 138.769 60.7259 102.821 48.4382 8.14397 45.2909 0.195912 12.35 51.0178 73.2232 
263.625 288.213 181.583 378.385 26.3813 192 40.3934 0 661.613 221.62 128.632 326.957 98.7659 126.304 34.9834 252.173 63.3514 5.49157 111.9 64.9606 205.273 18.6674 4.82707 5.9185 9.74286 164.505 62.7732 22.5288 
552.433 330.399 422.913 509.356 285.776 588.924 155.127 662.358 0 16.0829 1441.81 177.121 82.8529 141.338 233.787 152.006 401.29 25.4984 155.08 4.48866 180.054 69.7139 32.8823 5.75607 351.416 118.982 79.3957 61.5355 
51.5591 53.1152 23.7087 0.956757 33.7486 199.118 477.886 4.13925 374.721 0 19.6202 56.7479 328.845 4.1072 114.72 47.9533 22.2618 72.3752 24.7743 1.55092 44.8712 19.8218 2.31408 0.000751642 7.56226 31.9951 1.69765 0.113493 
107.325 242.537 71.5877 176.481 29.8641 273.586 5.56912 241.906 671.242 67.0265 0 500.328 59.3131 191.664 2.13494 77.588 9.14265 18.8188 67.5028 10.2945 34.2185 75.0873 79.0648 80.999 72.089 166.106 62.2088 45.1354 
224.613 80.7162 159.044 29.1216 2.11189 136.346 10.5993 980.503 1.29608 52.3946 97.5967 0 59.3901 149.133 157.133 494.943 8.4468 120.239 84.8134 60.8989 4.65168 26.9686 9.14309 27.9896 40.3215 50.9047 98.4139 176.001 
2.86841 36.7027 70.8845 9.37918 64.5001 136.212 111.486 125.412 199.595 328.156 207.408 17.3765 0 11.8782 0.928641 56.3421 26.8356 66.0967 0.403822 4.2448 9.80366 0.280502 88.1537 59.3448 13.5852 33.1216 32.3258 3.32171 
50.4632 59.752 1.56394 17.3701 0.874641 5.06699 5.96284 68.5894 143.853 16.4176 165.341 163.365 54.4273 0 8.09559 0.399169 3.12756 39.4049 0.886952 2.10904 2.26225 0.00462735 9.64586 10.3904 14.8818 1.09534 9.10313 0.203105 
16.7628 4.39978 33.1488 21.4992 2.92962 40.6379 123.635 87.7138 4.31645 12.9332 28.2163 0.634124 59.411 57.0324 0 76.9136 7.15836 4.45145 12.4734 2.49685 10.2343 1.8991 5.82537 1.8439e-05 29.0084 0.810239 0.562469 23.1029 
29.0776 29.1452 16.9017 21.6815 70.9461 11.3343 57.773 240.969 3.99434 91.5205 14.3512 245.848 0.582199 4.76893 39.4192 0 24.9473 45.4173 14.6964 0.176991 0.0230991 2.59531 8.02693 29.235 4.74952 13.8986 17.2023 14.071 
369.489 327.661 55.6645 350.803 50.2534 317.603 59.3412 24.601 306.93 74.6504 70.2279 5.81502 12.8041 21.5074 30.0752 26.1375 0 253.928 290.876 33.9827 48.7225 20.7198 18.7425 19.1597 321.069 5.53287 13.4262 22.9406 
55.1555 88.6604 68.259 101.266 118.281 86.6551 12.4199 97.7601 185.471 141.618 170.354 86.7366 91.6698 25.2932 67.0763 41.9864 277.768 0 145.534 3.60798 14.9488 4.91947e-05 44.2007 30.6859 51.5437 50.0991 19.439 14.2735 
12.0449 9.47115 53.8214 50.3665 211.421 51.0438 0.0637208 97.3767 124.518 5.75017 84.5816 6.16963 18.6388 5.76226 14.576 30.6063 49.851 56.3174 0 0.281486 57.2544 1.46736 1.42556 21.5746 28.4209 29.0574 1.90068 11.8111 
226.349 64.2699 8.1195 8.54919 7.43007 0.0299082 93.4222 18.9315 96.9033 5.29736 29.5466 0.0289164 3.3536 0.00266197 0.869115 8.11307 3.34337 22.9343 15.5367 0 113.314 6.26919 1.61754 2.89866 2.95855 6.36941 0.222757 11.3115 
237.743 22.4949 123.485 83.3095 87.0823 6.28031 95.4054 81.8762 12.8324 19.8856 48.4939 162.728 10.986 24.2049 56.2513 62.9566 58.464 81.8652 35.5608 306.08 0 31.844 12.3063 47.3926 58.7868 42.1227 40.6966 1.36042 
24.8196 28.7807 1.20488 0.457985 26.1345 12.1071 27.7329 27.816 15.5039 60.6932 50.3833 2.4885 0.275267 5.49926 9.61788 9.90108 2.07334 32.7626 2.89037 3.56515 28.388 0 4.13207 12.5877 22.183 7.41045 2.15185 1.95059 
46.2107 10.0931 10.2703 0.000817994 34.6894 2.05506 0.0477045 88.2926 71.6952 3.75749 129.751 4.34109 76.3198 9.31587 3.83021 4.7356 13.2243 36.0284 4.46088 4.05083 33.4732 12.9485 0 1.01528 17.8407 0.0320689 7.96991 9.47198 
43.9048 0.0660617 11.7391 0.0358542 10.7886 1.38237 1.69863 106.201 95.1433 26.6197 14.2503 20.6325 65.3117 8.58129 23.4706 21.4919 5.83213 2.01227 0.356426 6.17733 13.4688 11.9689 15.315 0 4.18683 0.655179 0.227771 11.3728 
305.272 307.369 0.000163651 295.545 0.293377 299.246 11.1052 176.693 332.692 0.117151 101.423 508.743 1.59255 0.534293 13.1014 29.4257 322.067 5.49649 21.1993 7.50673 29.4639 62.4479 13.7433 43.7771 0 86.5364 74.4561 10.3197 
79.3564 55.9165 0.952421 33.9734 66.3086 19.1245 69.8409 2.69341 119.058 3.6639 16.8746 243.35 32.4343 1.95178 2.08377 21.4884 25.152 41.3653 19.5906 11.5131 47.0389 0.784841 0.120881 7.22232 39.2963 0 1.47825 33.7384 
13.6403 0.0135735 3.07799 3.95669 6.34669 14.1001 59.7725 36.5534 66.5675 9.12709 0.00223468 109.921 35.4781 9.68248 2.671 5.96394 19.878 44.2198 23.4699 8.15223 42.5379 10.1105 9.92786 17.7958 40.1321 32.8872 0 0.520924 
50.1523 38.4904 15.8168 22.5199 6.08737 20.418 0.215017 30.0864 77.3602 0.0139578 110.217 72.0848 34.8833 4.888 19.8163 16.8829 22.4427 4.41978 14.9252 0.0340318 42.8665 9.69404 1.46877 13.8482 12.6746 63.6095 67.2668 0 
