0 297.486 44.9349 395.505 265.166 99.9113 6.62669 46.0076 332.277 155.388 145.704 33.5025 26.9131 49.0649 64.4676 27.2088 92.9044 164.387 57.9636 235.02 141.823 40.2591 0.720149 25.4275 149.596 68.5672 33.6719 24.1468 
588.562 0 473.289 91.0894 76.1572 303.243 451.453 35.6272 97.0158 170.878 8.60857 12.2531 25.5704 14.7498 88.774 59.8691 185.896 497.739 162.688 91.0179 21.9307 51.4185 14.5526 19.9202 93.6966 0.447808 15.7154 2.02716 
60.0245 27.3595 0 251.086 136.997 0.0331229 248.143 40.3236 423.305 14.6475 72.1782 150.511 39.9906 1.76068 18.5846 0.072923 3.873 82.0679 5.0547 15.3809 93.2531 5.77693 5.37309 12.6312 23.0444 1.14531 19.3117 14.6403 
98.1543 90.3975 399.34 0 52.7584 86.6939 76.2869 929.325 88.3848 71.3567 34.6675 179.676 70.3974 7.51095 39.0695 5.78729 141.338 2.98099 30.9129 13.9983 678.743 2.28286 15.3947 1.68553 88.4755 43.7989 25.1454 30.0743 
262.196 280.98 187.185 150.319 0 404.623 358.746 23.9832 340.34 0.362448 7.62539 24.1224 0.00208462 28.8742 76.0834 72.1363 21.6962 50.5093 151.022 94.0982 5.59753 48.0318 8.71671 5.67822 51.5332 9.50792 3.89672 52.3371 
86.6168 139.367 49.3347 92.1765 582.589 0 1438.98 205.475 347.614 248.147 179.626 14.6551 613.701 0.067444 38.7146 1.37983 86.6799 118.394 75.4751 0.575137 66.4348 11.5284 16.4452 18.0078 114.518 0.0106494 19.1773 0.160405 
0.131363 57.8148 40.224 202.659 435.286 600.072 0 153.236 46.5312 22.809 8.14462 42.3766 25.4997 30.9305 137.026 95.8886 108.329 149.529 7.47066 63.7057 106.138 48.7981 12.8537 48.9478 8.22586 44.2363 36.452 27.1991 
1.56016 283.618 11.4377 411.241 28.1161 130.731 243.113 0 654.711 213.262 50.8665 4.94009 53.3314 59.3876 14.5556 16.7636 57.412 124.353 7.62275 104.23 157.787 21.2749 36.0541 129.162 98.491 173.105 2.13904 41.2418 
100.322 493.201 62.4274 370.605 1.35091 344.241 1301.86 657.012 0 178.999 1668.39 186.476 62.0948 128.494 163.294 146.775 122.721 112.349 23.8591 25.5726 50.3124 35.4219 101.252 22.7672 87.0448 19.2787 75.1363 0.00398234 
53.2385 20.7855 106.319 78.8546 10.3473 171.35 160.053 8.13399 337.276 0 132.934 196.231 11.1006 70.7734 133.311 2.61782 67.8486 121.585 3.67936 56.1805 91.2355 59.7794 3.17009 1.25548 2.85508 58.5608 33.4638 34.233 
8.5908 194.317 126.338 184.04 115.411 160.636 425.212 149.821 896.339 219.314 0 515.033 56.2394 213.114 389.756 12.7666 45.315 15.5448 116.792 84.8706 35.2434 78.709 21.3148 125.803 38.0204 19.7099 85.1546 12.5566 
19.1555 2.24317 172.674 0.0855466 52.2848 104.332 156.019 409.545 393.597 188.013 144.732 0 0.326164 163.188 59.7752 287.297 87.3902 57.209 85.3079 15.1354 60.0058 27.9683 115.104 90.1593 84.5949 207.342 55.8287 14.2176 
107.436 90.7554 69.8246 30.7545 174.574 139.683 66.2069 147.038 42.188 0.043274 4.51961 11.7381 0 106.785 0.14799 0.325718 62.8672 105.056 85.5137 38.7734 69.9204 87.9985 36.6963 28.5797 0.00947012 51.9624 13.5584 44.6691 
35.5301 1.47984 16.2671 21.8646 64.8908 21.9527 6.31994 1.50593e-05 144.681 81.5602 209.092 166.196 141.641 0 9.7478 15.2897 0.348525 4.29462 13.9686 3.04986 32.8161 6.37201 9.05189 9.2755 1.66723 8.98697 0.534053 9.04714 
18.8174 95.3285 4.4612 2.56739 71.945 40.731 49.7714 118.02 194.753 1.94786 344.062 265.299 53.0874 14.5991 0 87.8028 28.401 7.37651 23.2494 0.155932 13.8887 9.52427 24.0916 0.650369 21.0069 16.9271 4.09821 22.3202 
23.1058 2.91232 24.4299 37.7688 5.70431 27.3214 79.3974 6.31958 0.945544 54.875 80.7812 494.379 54.6639 19.1465 19.3112 0 13.3713 48.1314 0.617754 2.5234 60.5066 8.34893 11.9587 2.21096 2.68681 30.8893 6.37369 18.2385 
171.713 100.197 35.8495 100.391 28.4154 104.941 5.05436 30.0155 156.141 14.4477 94.8039 86.4755 19.3315 13.4467 1.61781 8.10386 0 222.515 381.583 33.6758 31.4158 10.6583 18.4353 20.5517 105.681 24.1203 18.4679 15.6497 
123.333 2.73071 163.114 71.5607 227.458 107.342 17.7212 0.103016 94.7601 4.14511 170.874 93.3309 102.728 0.0103879 57.3764 38.9755 286.981 0 119.241 62.4091 90.6186 0.151748 6.19849 28.6708 1.53428 61.1076 15.1165 8.41359 
60.4514 17.5505 34.9595 38.8864 35.8478 8.66909 155.566 14.5714 91.4707 0.66496 125.029 5.84475 73.5999 27.0851 5.25314 12.025 49.7287 0.00585218 0 9.68525 2.87185 11.3864 19.0481 20.5499 1.22789 1.14471 16.3064 6.91877 
218.783 109.176 24.6107 5.80362 94.4116 3.11382 17.0245 44.184 89.4547 54.0441 72.7926 24.475 37.7767 4.7865 1.15623 2.10473 2.21345 82.9301 34.6209 0 82.4945 3.65215 0.00664279 2.39949 0.0630889 8.93736 0.00296173 1.51544 
116.912 16.4168 38.5056 17.1602 111.603 76.2546 91.8611 15.7252 185.665 71.0537 22.6573 105.652 64.855 34.5672 57.5243 2.32825 3.09985 64.6893 0.990419 285.012 0 9.83723 7.60935 19.9192 58.1898 59.7816 25.1209 46.5586 
38.2841 28.315 12.4573 10.7077 1.13745 0.0787184 27.3072 12.9185 7.99098 33.1744 30.481 2.87127 90.1251 10.7747 1.95792 2.99764 13.9338 34.7602 13.9579 6.24411 26.8661 0 10.3527 10.2825 12.7727 3.15741 1.22985 3.63623 
15.2203 16.7026 4.49263 14.3544 46.8551 12.1141 33.7327 11.2571 93.8363 23.908 1.63951 65.5861 84.0838 9.66889 22.7908 0.402888 17.9931 0.132075 21.9227 2.83679 26.5557 7.10183 0 19.475 12.3959 0.475399 0.148572 8.21878 
5.04268 7.85229 0.105495 3.55536 39.379 13.3901 69.8934 0.139705 100.108 35.541 108.249 101.125 0.0236892 10.244 26.1882 2.76185 3.21673 39.8335 7.33096 0.69012 8.01757 9.43696 4.84395 0 2.19931 3.9808 2.60319 1.97703 
109.525 149.577 11.4454 91.2844 0.0115398 112.951 38.5955 179.93 209.006 2.05953 15.2748 651.802 21.6718 16.0957 31.3735 69.098 107.831 56.559 0.353829 13.3115 31.1092 66.1849 32.9539 71.1977 0 118.59 142.354 138.628 
65.4759 75.3389 5.51589 28.987 40.2336 27.3197 75.5436 5.11879 19.2085 63.6833 166.324 309.725 52.282 1.05429 19.9566 25.8263 21.8184 57.4601 12.1632 12.0686 56.9865 10.1244 0.0279742 2.61688 27.1454 0 17.2049 30.449 
41.3674 49.0962 5.1182 1.28837 27.7883 4.98406 18.9228 98.6836 78.5783 47.5058 16.3741 0.000633621 37.8941 0.909136 7.81283 17.4419 11.4292 42.698 19.136 6.50834 41.9861 1.55396 0.0326361 14.0483 19.4524 14.1257 0 73.3362 
44.5713 53.7051 0.852871 32.8283 41.4427 17.9233 47.0725 50.2884 3.21585 30.8189 97.8038 143.019 3.95607 2.66522 21.3942 20.3888 14.7067 20.0158 9.79925 10.5411 3.73611 8.37413 3.05226 1.33602 20.3616 0.00772802 0.000152351 0 
