0 902.386 104.876 774.273 266.932 464.151 35.9508 103.542 695.932 148.096 167.163 11.7442 36.9912 45.9175 68.3955 18.0033 434.967 120.245 72.6486 227.566 91.0348 39.8259 1.92607 30.88 489.801 61.2165 30.0974 29.4962 
1008.52 0 317.02 502.997 271.134 670.281 260.799 6.97211 438.785 121.235 33.7726 1.56437 41.5946 21.372 80.5611 50.1451 553.099 581.297 171.677 116.059 41.5729 51.7204 10.4962 25.3072 436.358 0.137212 19.2628 0.557543 
122.299 271.048 0 19.3809 171.488 4.86424 211.269 2.41157 210.347 31.6018 23.6849 175.646 48.6074 0.664745 12.9981 0.227795 8.02564 48.4334 1.46474 19.6832 71.2372 6.64515 4.15269 13.8279 25.4577 0.118795 19.0077 16.6324 
456.582 500.512 289.951 0 83.9081 437.183 124.794 833.996 454.153 55.012 70.4692 113.668 72.4887 5.16401 37.2499 11.9175 484.804 0.12676 23.5696 23.1532 258.484 3.08589 16.8088 0.479629 438.362 40.6663 26.3182 31.8215 
268.488 469.255 168.982 162.278 0 367.292 431.252 7.29056 288.01 33.5131 0.011587 11.191 4.47761 36.2643 84.7709 68.326 7.95541 20.7164 236.907 89.8748 1.32507 51.0592 5.54404 3.19778 46.213 14.6107 2.39679 54.4085 
438.773 552.156 33.2723 448.143 823.412 0 1155.26 176.804 881.07 38.6862 102.767 3.23261 375.816 0.792295 41.4007 3.46653 433.363 123.53 61.2099 1.78057 71.4125 13.4273 16.2385 17.883 461.571 0.544613 18.4421 0.000590538 
10.0564 239.818 1.94276 196.428 395.537 753.24 0 266.703 1018.98 189.886 19.807 11.4213 57.8052 44.6394 142.458 101.983 104.161 187.074 21.5211 74.9079 119.902 53.1075 7.40651 55.6304 15.5282 31.1952 40.9417 20.5659 
6.91472 294.039 2.40972 487.956 54.1578 173.824 130.114 0 499.724 223.564 122.275 295.766 69.9077 40.5229 1.14353 0.530319 65.8257 144.012 2.85389 112.501 129.211 16.6333 48.5463 114.582 137.666 217.151 0.158048 60.4721 
477.186 823.028 282.045 621.717 11.5434 879.479 439.13 509.432 0 289.198 701.256 92.4117 93.3226 138.838 69.2917 132.456 459.328 144.61 40.7291 37.515 73.8887 40.9643 102.175 33.429 433.832 37.2426 77.7426 1.301 
75.6316 57.4253 92.2008 92.0808 67.4957 435.433 11.6008 0.0884704 240.55 0 0.367687 154.316 81.8729 59.1855 129.485 10.1254 60.6315 106.076 0.0778822 56.2826 95.5298 57.1974 7.17695 0.0522166 0.49579 66.3409 30.0267 39.4585 
23.087 147.636 65.7064 153.435 161.656 229.54 486.541 235.434 549.855 20.0155 0 440.101 21.485 202.217 252.076 0.170593 37.4254 6.0607 107.006 81.7112 22.6567 77.5674 8.04776 116.762 59.6554 4.48255 86.1593 5.46108 
44.6703 13.9959 145.874 19.4866 73.2782 127.492 101.285 965.003 340.974 222.247 28.6205 0 0.943387 147.494 138.172 487.312 85.9823 72.7651 91.0445 23.7579 80.023 21.7177 123.954 50.2412 57.7905 360.362 40.6898 37.5435 
103.531 108.805 65.1094 23.2577 162.514 109 31.7811 142.099 19.4555 33.7262 26.4526 23.8386 0 59.3395 3.38559 3.91934 64.1555 106.152 84.0371 36.5135 66.1804 81.2161 21.4071 37.9373 0.349057 49.0497 11.2588 44.9738 
30.7728 4.42434 15.3102 20.3769 60.308 21.6227 1.22375 2.96154 140.889 74.7072 180.976 162.604 156.377 0 2.37424 9.63867 0.779596 6.91862 11.8205 2.71091 29.677 4.8786 5.70741 7.36332 0.600052 7.23354 0.97618 9.9931 
12.5126 90.7575 8.86967 5.9357 81.4722 41.8242 76.756 151.465 224.124 1.55481 173.604 269.373 30.0503 49.8011 0 69.1143 27.2915 11.7812 26.5629 0.0131186 9.83841 7.56416 20.045 0.17535 16.2802 22.2864 5.63619 20.8943 
32.8725 0.366737 24.85 41.659 10.6373 26.8916 91.0145 5.45564 9.7654 69.2726 140.837 326.033 66.3481 16.2448 2.29633 0 11.611 52.3382 0.123408 3.35543 62.3676 7.17746 10.4323 0.205597 1.84471 32.8485 8.30041 15.3728 
507.797 462.762 29.1426 452.61 49.024 445.61 11.3413 22.4041 513.345 8.63099 92.6154 84.3556 14.9009 12.0715 0.798368 6.52291 0 275.465 547.387 34.0372 36.5107 11.7707 18.7814 20.1376 450.667 25.1798 19.2531 16.9069 
78.7198 108.579 154.726 96.3658 235.481 92.3423 45.8535 1.81459 63.3385 0.247694 169.813 108.177 98.4193 0.476533 52.2146 33.643 257.724 0 99.0215 71.5757 100.94 0.593969 4.24391 25.2733 3.34175 59.5952 17.5947 11.1178 
75.0476 3.8854 42.992 31.5361 112.074 20.8224 157.241 23.2392 111.315 5.97671 118.442 2.42784 79.0263 26.4075 3.11087 14.4183 19.6991 3.16158 0 12.8257 5.52377 12.982 20.1488 19.3945 0.538245 0.448531 15.0934 5.55808 
172.218 82.7293 26.8036 1.18931 90.6218 5.29666 27.7493 29.462 78.8122 55.7981 65.93 15.7425 35.3378 4.79808 0.647902 1.40891 3.8873 86.5732 35.8549 0 248.667 3.98382 0.0453204 1.95129 0.00299931 9.83287 0.0637585 1.00977 
67.6667 34.2768 19.3085 61.6677 120.706 73.6816 75.2898 3.45022 178.116 78.9343 12.4508 85.5322 68.7877 37.2974 56.0606 0.548984 1.33179 52.3313 0.1039 326.184 0 11.3935 9.85246 23.6569 59.8051 56.6362 22.3727 44.1666 
39.2586 24.6011 12.588 11.7433 0.222627 0.0223211 21.9401 9.10793 4.80234 39.6876 23.7686 0.882254 86.3324 10.8967 3.35518 4.11946 12.8585 36.5698 15.5344 6.12603 28.0941 0 7.36429 11.9307 12.2218 2.46652 1.7644 4.2477 
18.8191 12.4274 3.32875 15.9137 43.0047 10.5398 25.9539 4.60261 85.5873 31.1669 9.77654 84.8411 72.8926 7.82855 17.8431 1.82524 17.4397 0.00867589 22.5084 2.58348 23.9292 10.1057 0 10.7084 8.17987 0.104468 0.541351 8.85132 
2.40349 11.9387 0.00898373 5.98153 34.9764 14.8611 66.74 2.43693 98.0268 28.6024 120.565 60.241 1.61398 10.2613 21.7271 11.4188 4.12244 42.2809 8.79832 1.01079 5.42081 11.2238 0.0012568 0 10.6517 6.25584 4.35481 1.0724 
449.084 489.305 14.9092 434.771 0.690171 457.689 49.5658 152.638 546.275 5.78237 32.0111 1108.41 26.7692 16.5682 30.4127 26.7262 452.937 54.1716 0.942345 12.7967 25.8459 7.48015 31.0265 45.7419 0 71.1444 128.381 117.032 
57.5191 68.8705 2.79735 35.5075 33.4304 27.8061 85.9911 37.395 37.1523 55.3068 159.971 138.248 49.4823 0.287508 24.9078 31.1611 20.3193 54.4387 14.3852 11.9575 53.0153 10.4517 0.0414661 1.09057 22.4317 0 23.9778 11.0029 
38.304 51.1673 3.83658 2.46677 30.8136 6.29221 23.38 100.412 76.4614 47.6971 22.9777 2.04944 36.8304 1.45313 9.58965 18.3064 12.5008 43.6802 20.1376 5.85553 40.6131 1.05141 0.0302117 11.9046 25.4743 7.97354 0 92.2129 
39.5883 49.2839 1.88717 33.0484 37.5064 16.1474 53.6519 70.0322 8.08346 36.1936 88.3118 164.859 2.2676 3.70302 22.646 18.0346 15.9953 23.4233 8.27596 10.9432 2.00902 7.84186 2.28854 2.31651 26.5866 7.32147 13.4063 0 
