0 148.571 84.303 116.232 0.851199 125.179 235.923 303.854 130.583 154.865 191.608 114.053 77.1488 53.7872 39.0753 76.1931 109.043 29.7456 11.802 273.511 241.573 35.0392 32.0899 0.0126266 110.172 79.5001 22.6501 18.7366 
415.456 0 440.303 339.721 143.741 245.384 161.544 0.0662832 470.715 235.245 96.9962 148.211 100.305 70.9983 15.3912 82.6841 113.046 267.306 170.04 131.741 32.5576 0.0889309 7.65619 5.03919 177.609 4.83845 20.1139 0.690485 
67.5342 0.208363 0 241.179 9.00684 60.6451 227.095 213.63 68.4839 77.1311 20.4005 170.55 13.6489 16.2969 1.88505 5.60188 6.68021 162.559 32.8116 17.8276 120.012 1.81923 9.74045 9.26847 5.52158 5.71316 5.20506 1.20576 
422.569 337.076 296.793 0 160.976 138.407 3.70825 1187.08 351.118 83.8975 50.8282 84.8388 27.9059 2.0315 23.1665 0.00897283 118.742 1.42794 42.0701 46.7387 382.196 2.17444 0.152185 7.71483 124.973 2.81807 27.2276 28.0212 
2.43114 363.03 30.1648 78.1711 0 138.881 18.973 161.625 174.291 18.243 64.2979 132.027 132.672 63.1566 0.929347 6.41528 149.902 175.917 69.1178 5.33742 73.3076 44.201 1.12976 2.92334 54.9453 20.9183 23.1603 12.8067 
158.584 109.527 2.82607 154.478 4.65883 0 1009.53 19.7585 447.874 955.661 9.73433 71.5613 501.164 18.5144 39.2866 22.471 108.452 21.7177 52.1067 0.566106 36.5129 0.0552987 0.35964 1.14514 121.622 4.55535 1.81496 1.04586 
259.969 340.589 127.673 88.3784 16.7744 541.352 0 364.911 1303.54 87.0752 469.244 109.639 211.358 34.2192 23.641 82.2367 58.7931 44.2143 135.491 58.3337 105.752 49.3318 9.14394 43.8665 0.047987 14.1343 50.3446 73.3755 
272.573 284.566 166.064 404.807 22.2595 185.909 54.6972 0 653.098 219.797 144.836 450.051 101.838 126.292 29.3704 246.165 64.9696 7.0922 112.763 61.8662 203.738 19.5755 3.83057 4.25155 13.4782 175.199 64.7856 25.4948 
361.654 131.68 390.445 341.938 271.957 444.809 40.914 655.636 0 26.1619 1078.47 196.59 76.7101 144.512 202.041 152.337 215.063 29.7452 155.075 3.5175 178.08 69.5755 35.2218 6.88355 167.585 115.59 79.2192 63.5645 
55.7819 45.106 27.1818 0.441689 45.9165 147.616 453.639 6.39931 381.243 0 4.97763 64.5731 323.475 3.01422 110.374 50.9622 23.7408 76.025 21.9793 1.20245 46.6552 18.6181 1.79963 0.0407689 6.58294 30.0513 1.97069 0.227672 
112.587 247.813 60.6924 170.743 35.8785 272.697 0.871696 257.763 775.56 36.7658 0 486.689 67.6566 184.745 10.4406 66.5899 8.25013 16.4518 64.6755 11.4104 36.8739 75.6504 83.2064 84.6971 67.6017 166.342 63.5741 42.617 
226.291 74.3938 153.467 37.9006 1.28553 132.658 15.0562 1020.15 4.44244 45.1582 73.6846 0 55.7433 144.915 141 484.868 7.69195 117.713 86.0373 62.9217 6.03978 25.7307 11.222 34.0131 68.0188 30.0333 100.712 175.178 
3.60084 33.5124 71.4713 10.4168 69.7415 137.787 119.638 122.99 201.509 331.197 214.636 15.0818 0 17.3327 0.280463 53.92 25.8724 67.9446 0.202731 3.85835 10.5452 0.684745 86.8876 57.9864 12.734 34.1286 31.9533 2.98778 
49.9823 60.8279 1.81863 16.9176 0.58309 4.58648 4.71063 64.8209 142.941 14.3151 156.073 161.315 45.6545 0 13.6041 0.134337 2.94081 40.1399 1.04126 2.17611 2.56154 0.0244585 9.4928 10.3445 15.1316 0.907137 9.23971 0.1481 
18.0427 5.47894 33.4683 22.5705 2.16618 41.0661 119.887 95.1241 3.6776 16.6699 49.1257 3.14265 54.664 60.2358 0 83.6758 7.51268 3.8578 13.1102 2.65224 9.49708 1.66788 4.80574 0.0593174 29.4829 1.1949 0.6841 22.9748 
27.1664 27.2688 17.5717 23.1774 71.6187 10.6167 60.7292 232.285 2.48777 91.7116 20.6213 190.762 0.236394 3.79514 28.5502 0 25.0866 46.3405 15.1674 0.132778 0.0939303 2.79557 8.51336 29.2869 4.83931 12.3201 16.9769 13.4465 
180.017 136.763 55.6467 163.913 45.9311 129.069 61.7031 23.1602 118.362 75.6762 68.8433 5.18203 13.594 21.4166 30.0409 26.1391 0 263.617 522.597 34.0234 47.8166 20.7849 18.6809 19.0256 133.637 5.81486 13.2206 23.0623 
62.8024 93.5417 74.951 105.727 126.548 90.0323 9.00515 93.3835 180.714 140.216 170.76 83.6919 92.9595 26.1329 67.4647 40.9943 271.088 0 146.976 4.49558 13.4104 0.00666021 44.03 31.3257 52.1553 49.2946 19.9371 13.6749 
10.3445 6.98573 52.7063 49.1973 194.731 47.7867 0.410994 95.6367 121.209 4.34053 81.8741 5.37299 17.2417 5.42435 13.9233 30.5853 41.5398 52.05 0 0.17729 58.1624 1.61588 1.57303 21.753 28.1934 29.2467 1.77035 11.4996 
223.871 58.7641 7.33453 10.0039 6.14813 0.0827786 92.776 21.2697 98.3229 4.65592 31.1548 0.00195447 3.00744 0.00678444 0.969958 7.9807 3.69401 24.8186 16.1949 0 146.327 6.28651 1.56682 2.99052 3.14243 6.57925 0.188094 11.3505 
234.224 25.9581 121.822 101.728 84.4557 5.43923 92.281 76.0027 10.4686 21.3368 51.4358 161.218 10.2313 23.5414 55.8866 62.8692 59.1551 84.134 36.6822 321.344 0 31.9518 11.8199 47.2231 59.1174 43.216 40.3981 1.6083 
25.2957 29.4992 1.30624 0.530241 27.0119 11.7326 26.6701 28.8102 16.415 60.4664 49.0528 2.04734 0.0511931 5.20735 9.99794 9.71712 1.94626 33.1652 3.0909 3.49961 28.1638 0 3.61494 12.8246 22.0805 7.55204 2.03159 2.04715 
46.3925 9.373 10.4575 0.0125138 33.776 2.27963 0.159666 86.5535 73.9425 4.47298 131.049 3.05702 78.6234 9.55984 2.9768 4.24168 13.0333 35.5456 4.6996 4.06321 33.8621 13.3571 0 2.08794 18.5758 0.011419 7.71953 9.55387 
42.9849 0.15652 12.0164 0.0958182 10.0851 1.20197 1.28115 109.893 96.1098 25.2764 16.7552 25.9798 66.2064 8.92943 22.4902 19.6021 6.04172 1.75448 0.286846 6.14568 14.1315 12.245 17.042 0 3.40427 0.855658 0.334432 11.6071 
119.104 121.263 0.0131452 108.551 0.160552 111.567 12.5405 180.871 142.322 0.287376 97.2334 1079.24 1.94323 0.394751 14.0342 39.2597 134.687 4.98422 20.8157 7.28555 28.4365 78.5346 14.24 46.0995 0 56.0132 152.219 30.3662 
79.1454 54.1608 1.24504 32.731 66.93 19.7253 67.4105 5.84323 115.67 4.55572 20.6957 276.541 33.4467 2.21082 2.66354 19.9325 25.3372 40.4059 19.1688 11.598 48.0453 0.706962 0.175943 6.74554 40.3176 0 2.03569 37.856 
14.2805 0.0470119 3.29806 4.28556 6.75516 13.8372 59.5551 34.5551 65.5791 8.57477 0.0453074 108.131 35.7594 9.803 2.91374 5.6082 19.7435 44.3388 23.3745 8.03907 42.7407 9.97615 9.70185 17.5499 41.7133 31.9453 0 2.09144 
49.3366 37.4353 15.4275 21.8528 6.61051 20.1647 0.0915787 33.3762 79.0831 0.000497515 110.197 65.6614 35.4236 4.66331 20.1925 16.315 22.5823 4.04975 14.6125 0.0190034 43.4038 9.62581 1.35165 13.7262 11.816 63.1757 60.7658 0 
