0 936.929 188.05 564.965 224.51 456.938 111.007 203.692 645.421 126.558 188.701 0.0630142 53.2602 40.0917 71.4655 7.10697 392.038 55.7991 92.599 94.4365 27.6824 38.6141 4.73377 38.8344 437.444 48.0906 24.609 37.4928 
675.411 0 0.733023 626.38 516.913 586.108 16.6425 6.18007 497.928 49.7643 94.4852 4.60998 69.2375 32.3785 64.4595 34.9626 534.488 52.9442 166.014 139.16 77.792 51.1787 5.46445 33.6408 392.073 3.64827 24.8293 0.0745821 
197.766 453.333 0 238.193 187.747 24.3349 99.4099 32.8662 0.495486 62.6782 1.17039 187.82 60.0553 0.000807943 5.641 2.45972 16.3365 10.7245 0.140966 24.8447 37.4127 7.9248 2.50353 15.1012 27.7613 0.558035 18.1295 19.1871 
614.901 623.763 117.769 0 128.448 409.896 184.296 61.6401 544.794 30.8135 131.461 28.1672 72.5674 2.31136 32.0489 23.0484 436.928 11.7485 13.5304 36.6529 93.2014 4.44974 18.4122 0.051916 404.34 32.4977 27.3766 33.0373 
232.034 496.864 111.487 157.786 0 141.321 369.967 0.464953 167.748 156.563 18.9945 0.845979 25.9889 47.1078 93.0941 60.0972 0.00131286 0.23684 300.888 78.0463 0.467065 54.509 2.04861 0.772128 37.604 23.5987 0.812361 56.4125 
420.052 602.381 10.5567 425.688 279.761 0 559.078 111.033 758.546 705.4 14.7297 1.71172 17.2348 3.23172 40.7722 7.94631 395.101 120.333 36.5331 4.65134 76.0746 16.0312 15.2975 17.0472 419.766 2.76623 17.026 0.432152 
65.9715 499.505 37.2585 148.712 208.667 241.67 0 391.711 575.775 477.487 202.127 2.23524 118.249 65.3477 131.448 102.933 93.5391 225.37 52.6123 87.7645 135.425 58.2784 1.88854 63.9185 29.5141 14.5094 47.1418 11.8498 
66.0388 266.49 72.8483 277.452 102.011 211.886 13.0859 0 121.046 214.715 248.79 1026.44 94.8055 16.7759 9.48199 58.9031 77.4253 166.987 0.00359969 117.407 83.202 10.4786 67.2532 84.3821 181.256 230.968 1.43458 89.8295 
502.739 658.098 470.619 433.576 95.2006 761.372 561.235 129.968 0 384.048 785.481 6.55957 140.71 143.728 9.98917 98.8494 405.479 186.178 70.4631 56.8881 111.176 48.917 97.7129 50.9009 401.729 69.8432 79.6025 7.40501 
108.911 130.459 62.8396 104.578 204.203 277.401 121.833 12.3267 78.0449 0 231.628 85.5726 241.333 38.8352 100.68 28.4765 48.5413 79.2903 4.70555 54.2362 99.0004 51.0458 15.5606 1.22246 0.611173 74.1441 24.6506 46.4835 
55.0265 76.4942 6.17364 93.9891 221.758 273.543 388.924 339.465 33.7102 143.63 0 212.363 0.00440707 141.945 20.7862 38.7688 26.2451 0.0376355 88.5959 74.1922 8.43887 73.5987 0.00287956 94.5794 93.732 2.13926 84.9809 0.228296 
95.5766 47.806 91.9009 98.8316 106.088 151.746 33.239 607.73 205.758 246.377 29.2958 0 10.5032 105.995 245.554 274.759 82.0692 96.0424 97.2498 38.77 110.005 13.376 126.349 8.31981 78.546 352.403 20.767 84.7271 
94.0173 131.138 55.1255 13.2749 131.921 66.2376 2.40908 128.336 1.23451 179.395 85.6414 47.825 0 6.31008 24.922 15.8835 64.6444 104.414 78.6279 32.4683 59.5574 64.4865 4.94121 51.3388 2.58384 43.2706 8.08293 44.4986 
23.4825 11.4246 13.0419 17.3402 51.4557 19.7022 1.06217 17.6258 120.469 58.1566 106.384 134.138 125.766 0 49.2401 1.8934 1.72409 11.7706 8.7158 2.19486 24.705 2.76221 0.4622 3.78479 0.000356701 4.55432 1.8501 11.108 
5.15012 78.7503 16.9244 12.873 91.4291 38.7825 114.376 181.859 220.251 25.3077 0.470587 191.309 5.69979 50.5516 0 1.09646 25.192 19.7615 31.0417 0.0930377 4.8965 4.77847 10.9579 4.78335 9.25716 28.4586 8.17672 17.8535 
48.1499 1.1029 23.4249 42.6549 20.1906 24.4281 101.814 81.9857 37.6743 85.4249 212.263 3.64441 79.205 7.90673 72.7487 0 9.04116 57.354 0.0906841 4.68541 62.8478 5.34942 6.89108 10.023 5.52298 28.2949 11.2442 10.5641 
448.891 452.776 19.1048 420.464 84.1218 397.229 24.5868 12.6414 486.115 2.54567 87.0667 79.4548 9.09816 9.99425 0.10283 4.39143 0 272.667 421.047 33.6241 43.9916 13.4047 19.0893 19.2895 406.912 26.393 20.2865 18.6759 
24.5969 268.81 119.123 127.429 219.444 65.0925 103.402 14.3792 24.8715 3.26566 159.78 127.594 89.1563 2.43231 43.4299 25.5703 150.927 0 65.3892 81.9581 113.326 1.7811 1.96368 20.1801 7.21792 55.8429 21.4046 15.6295 
94.5828 2.04898 53.1654 20.6646 241.575 44.5322 145.248 38.739 136.002 22.7276 103.696 0.0647309 84.2289 24.8241 0.901769 18.0155 53.0551 19.8824 0 17.8327 10.8953 15.3497 21.5048 17.4435 0.0284199 0.00435927 13.2272 3.7427 
60.6182 41.1375 27.5162 0.885208 79.3321 9.24005 46.1164 11.7542 60.2683 56.2354 54.0907 5.83855 31.0805 4.72277 0.153392 0.599645 7.10485 87.1171 36.5551 0 310.985 4.46161 0.165866 1.33526 0.26046 10.9366 0.298598 0.433118 
13.9066 69.004 2.0663 49.4643 129.555 66.9833 50.4914 1.83142 155.816 88.7724 2.61942 55.6971 73.4729 40.7252 52.3877 0.195983 0.0562556 34.7312 0.469337 122.421 0 13.809 13.5384 29.2255 60.5432 50.2899 18.2748 39.8527 
40.159 19.126 12.561 13.1795 0.176971 0.620747 14.5144 4.51658 1.48307 48.5191 14.7422 0.0400645 73.0048 10.3232 5.92081 5.92552 11.2104 38.8688 17.7988 5.88906 29.7012 0 3.12217 13.6149 11.1548 1.55504 2.70637 5.1856 
24.3871 6.96471 1.82424 17.7946 36.4937 8.02582 15.3536 0.0798648 69.4933 41.7877 32.6693 109.307 50.1448 1.93288 8.48163 5.28631 16.4378 0.598451 23.0204 2.19005 19.8884 13.7308 0 0.027242 3.05174 0.0530327 1.55055 9.58524 
0.238259 19.1525 0.515534 10.3351 28.0971 16.6108 59.5685 18.9778 89.9703 18.5122 129.011 13.4167 8.35001 8.29026 12.4403 25.7469 5.62485 45.2502 11.0816 1.57644 2.40556 13.2182 10.1162 0 28.9352 9.92945 7.49042 0.214418 
399.248 436.571 19.9342 391.876 3.59993 412.796 65.3736 95.8375 484.418 14.3388 63.9398 284.905 34.4045 16.2206 26.4622 84.3784 409.298 49.5314 2.32015 11.7369 18.2835 54.91 23.9892 10.2824 0 49.7865 82.7748 107.654 
43.8912 56.7264 0.36771 42.4482 23.4802 27.0322 96.4771 121.317 69.7404 40.7609 131.478 0.643997 43.8411 0.045321 29.8657 32.1386 17.8782 48.7166 17.7269 11.442 45.6876 10.7382 0.564075 0.0222386 15.5585 0 32.66 0.325216 
33.2603 53.3877 2.20028 4.83369 35.1349 8.38521 30.3093 98.7546 71.3769 46.9487 34.0188 12.1188 34.741 2.45631 12.2465 18.8653 14.0762 44.6245 21.4702 4.87416 38.0377 0.472279 0.488878 8.50348 33.5947 1.60843 0 72.2864 
31.6685 41.8159 4.08048 31.8964 31.2811 13.2393 62.2409 98.629 18.8834 43.6584 70.7989 176.2 0.592149 5.40368 23.3812 13.5745 17.8313 28.5681 6.14566 11.3494 0.401794 6.98058 1.30595 4.1522 35.4865 35.6927 63.1982 0 
