0 903.206 189.578 530.476 222.791 429.422 113.243 206.205 616.175 125.854 189.063 0.120913 53.6929 39.9249 71.4979 6.88117 363.624 54.3048 93.0653 89.7368 26.4289 38.5737 4.82203 39.034 408.685 47.7262 24.4653 37.6974 
636.32 0 0.112024 601.817 519.554 555.53 13.871 6.85767 473.39 48.1629 96.312 4.99553 69.9875 32.6752 63.9958 34.5709 506.456 141.661 165.564 139.462 78.7972 51.1488 5.35225 33.8583 363.588 3.8012 24.977 0.0898299 
198.948 448.523 0 245.791 187.511 24.9648 96.3264 34.9749 1.2905 63.5094 1.53448 187.683 60.3195 6.0272e-05 5.4789 2.54721 16.579 10.0657 0.173801 24.9493 36.5913 7.95748 2.46444 15.1251 27.7979 0.601056 18.1001 19.2453 
592.192 599.242 114.39 0 129.462 381.904 185.392 660.385 520.584 30.2259 133.004 26.5562 72.5201 2.25004 31.8798 23.347 408.275 12.2889 13.2931 36.9665 104.129 4.48757 18.4448 0.0634501 376.103 32.2425 27.3925 33.0454 
230.438 492.578 109.714 157.311 0 136.743 365.865 0.593518 164.392 160.316 19.948 0.732291 26.7571 47.3792 93.2265 59.8479 0.0124125 0.143548 301.032 77.6625 0.534709 54.5803 1.97923 0.73059 37.3734 23.8495 0.781999 56.4465 
392.369 575.629 10.0848 397.754 219.528 0 958.841 109.16 722.313 501.065 13.389 1.92966 154.472 3.31438 40.6808 8.07965 366.769 120.077 35.892 4.74081 76.1478 16.0937 15.2634 17.0154 391.278 2.84509 16.9844 0.453994 
67.9341 503.023 39.537 147.013 203.013 277.56 0 393.529 530.885 481.581 208.363 2.63197 119.876 65.862 130.873 102.824 93.1997 225.992 53.535 88.021 135.734 58.3901 1.79143 64.1012 29.9154 14.1403 47.2929 11.6471 
68.2357 265.133 75.6976 264.453 103.33 212.309 11.5571 0 113 214.104 251.958 1028.71 95.4354 16.2667 10.1465 61.4824 77.7063 167.459 0.000298816 117.408 82.0173 10.333 67.7224 83.5119 182.014 230.38 1.53545 90.5626 
476.22 625.401 469.057 402.34 98.1948 725.212 606.412 121.692 0 384.738 856.403 5.60811 141.878 143.672 8.93798 97.844 376.742 187.091 71.276 57.3987 112.137 49.1158 97.5063 51.365 373.647 70.7314 79.6174 7.62696 
109.729 132.444 62.0076 104.764 207.851 262.39 129.419 13.0198 74.4903 0 242.286 83.8458 245.171 38.2927 99.6461 29.0367 48.2132 78.5623 4.98272 54.1487 99.0414 50.8531 15.8099 1.30006 0.673089 74.2762 24.5085 46.6499 
55.9849 74.7773 5.42509 92.3799 223.047 273.432 383.81 341.399 24.186 153.022 0 206.031 0.00298348 139.907 17.7336 40.5624 25.9685 0.0180812 88.0699 73.9558 8.15322 73.4608 0.000390314 93.8941 94.5916 2.42021 84.9076 0.18391 
97.0206 48.9002 90.4137 101.386 106.934 152.164 31.8665 582.573 201.853 246.502 32.3473 0 10.8831 104.73 247.494 263.686 81.9396 96.6334 97.3702 39.1834 110.759 13.1787 126.231 7.66404 73.5913 347.812 20.3131 86.0435 
93.7162 131.62 54.8272 13.0418 130.968 62.4926 2.08047 127.885 1.04726 183.716 87.4691 48.5225 0 5.59003 25.699 16.284 64.6339 104.315 78.4388 32.3536 59.3703 63.9716 4.65354 51.6628 2.66875 43.1003 8.00508 44.4714 
23.2935 11.6439 12.9717 17.2505 51.199 19.6313 1.17968 18.1523 119.736 57.6524 104.231 133.093 124.259 0 50.3997 1.75614 1.7533 11.9102 8.63783 2.18141 24.5726 2.71156 0.394197 3.69301 0.0015772 4.48699 1.87598 11.1315 
4.99696 78.3668 17.1437 13.0756 91.6084 38.6327 115.218 182.24 219.363 26.2492 0.108595 188.321 5.30127 49.3976 0 0.657549 25.1308 19.9877 31.1484 0.0998118 4.78796 4.71045 10.71 4.97558 9.08584 28.5756 8.24552 17.7623 
48.5427 1.19502 23.3564 42.5994 20.4679 24.3373 101.973 84.84 38.5851 85.7271 213.466 1.99075 79.4443 7.6764 74.4713 0 8.97586 57.4617 0.101216 4.72073 62.8229 5.30177 6.78861 10.417 5.68898 28.0697 11.3198 10.4368 
419.962 425.209 18.8529 392.253 85.0498 368.624 24.9838 12.4176 457.989 2.43318 86.8878 79.3009 8.96227 9.94024 0.0934257 4.34018 0 271.203 499.864 33.5981 44.1819 13.4466 19.094 19.2639 378.392 26.4184 20.3111 18.7199 
23.5278 277.956 117.92 128.078 218.6 64.3468 105.032 14.8564 24.0654 3.48467 159.391 128.042 88.8744 2.50278 43.1886 25.3621 147.683 0 64.5085 82.1644 113.592 1.82024 1.91519 20.0487 7.33645 55.7227 21.5049 15.7534 
95.0342 2.31016 53.3885 20.393 244.388 45.1865 144.719 39.1736 136.535 23.2835 103.245 0.0485145 84.314 24.7743 0.861327 18.1082 53.8777 20.4885 0 17.9654 11.0558 15.4105 21.5352 17.3896 0.0236508 0.00252417 13.178 3.69931 
57.9252 40.1329 27.4915 0.987108 78.9599 9.35014 46.6112 11.3841 59.7607 56.2112 53.7641 5.63946 30.9614 4.71934 0.144984 0.582727 7.1987 87.0512 36.5545 0 307.539 4.4737 0.169986 1.32028 0.272658 10.961 0.306986 0.421142 
12.9956 69.9915 1.84401 53.9993 129.702 66.7675 49.8666 2.06454 155.082 88.9922 2.45822 54.9518 73.5743 40.8028 52.2697 0.22426 0.0454492 34.2979 0.505944 115.918 0 13.8731 13.6388 29.3682 60.535 50.1017 18.1691 39.7298 
40.1733 18.9862 12.5568 13.2147 0.19708 0.647017 14.3341 4.41639 1.42116 48.7279 14.5278 0.0528636 72.5553 10.2967 5.99332 5.97346 11.1671 38.9218 17.8558 5.88195 29.7392 0 3.0268 13.6438 11.1221 1.53353 2.73298 5.21023 
24.5331 6.83981 1.7898 17.8352 36.3148 7.95943 15.1022 0.0545694 69.0293 42.0507 33.4007 109.835 49.5032 1.8023 8.24594 5.38816 16.409 0.626109 23.0278 2.17966 19.7824 13.8012 0 0.00551125 2.94958 0.0598823 1.58307 9.60062 
0.211763 19.3546 0.538887 10.4563 27.9159 16.648 59.3469 19.5937 89.6877 18.2625 129.056 12.5923 8.58839 8.21287 12.1884 26.0124 5.6661 45.3156 11.142 1.59238 2.34207 13.2565 10.5312 0 29.3984 10.0243 7.57763 0.200623 
370.608 407.807 20.0577 363.431 3.70491 384.236 65.7611 94.2599 455.344 14.6026 64.8318 750.446 34.5997 16.1948 26.3244 83.2046 380.78 49.395 2.36369 11.705 18.0949 50.5193 23.7558 10.4914 0 55.7348 100.319 97.0319 
43.5207 56.3801 0.33412 42.5706 23.2303 26.9885 96.6543 123.711 70.6286 40.3658 130.489 1.32478 43.6739 0.0540332 29.9438 32.0417 17.812 48.5506 17.8132 11.4231 45.4784 10.7423 0.585384 0.0157481 15.3969 0 32.8437 0.454398 
33.123 53.4309 2.16275 4.90403 35.2433 8.4413 30.4915 98.6441 71.2157 46.9129 34.3195 12.4842 34.679 2.48512 12.3144 18.8676 14.1167 44.6405 21.5021 4.8487 37.9627 0.460096 0.508024 8.41478 33.7922 1.50292 0 71.1054 
31.4583 41.6108 4.14674 31.8433 31.1155 13.1608 62.4396 99.3184 19.2137 43.8394 70.3049 176.116 0.562715 5.44938 23.3812 13.449 17.8774 28.7015 6.09294 11.3567 0.3761 6.95726 1.28335 4.20479 35.6847 36.5158 64.5023 0 
