0 703.554 196.074 331.777 214.44 263.043 123.744 217.711 441.377 122.487 190.607 0.638091 55.7125 39.1376 71.6167 5.87138 193.115 47.5251 95.1961 71.8881 20.9235 38.3796 5.24339 39.9583 236.495 46.017 23.7955 38.6469 
416.477 0 4.39652 448.262 528.465 374.367 4.22914 10.4711 321.469 40.9587 104.929 6.9919 73.4913 34.0617 61.8106 32.7523 337.542 59.7394 163.274 140.647 83.5044 50.9987 4.84265 34.8709 192.723 4.55408 25.6671 0.179675 
203.767 419.841 0 273.555 185.956 27.9435 82.2081 45.5318 9.88381 67.3661 3.87777 186.733 61.5252 0.00786823 4.7484 2.97307 17.7242 7.25241 0.372253 25.4138 32.8347 8.10943 2.2851 15.2302 27.9521 0.822279 17.9589 19.5104 
447.229 445.919 132.006 0 134.048 213.351 190.112 921.316 369.658 27.5308 140.094 19.6059 72.2666 1.97367 31.0714 24.7347 236.577 14.9548 12.2065 38.3885 86.4903 4.66544 18.5903 0.132499 206.373 31.0304 27.4586 33.0674 
222.63 469.632 101.38 154.867 0 110.471 345.448 1.39972 148.81 177.84 24.6767 0.309835 30.4612 48.6352 93.7834 58.6639 0.213551 0.0154749 300.585 75.828 0.910628 54.8996 1.67055 0.551754 36.2944 25.0289 0.647839 56.5924 
225.311 412.142 8.00247 229.419 143.243 0 949.036 100.423 513.078 954.618 7.94642 3.1163 100.138 3.71134 40.2063 8.70999 196.61 118.772 32.9276 5.16669 76.4559 16.3815 15.0983 16.861 220.353 3.22594 16.7876 0.562878 
77.3316 516.263 50.868 138.879 176.821 463.907 0 400.811 332.629 497.026 237.704 4.90575 127.433 68.2305 128.013 102.223 91.5783 228.611 57.8913 89.1598 137.106 58.8953 1.37149 64.9284 31.8055 12.4714 47.9897 10.7205 
78.8128 258.424 89.4127 199.075 109.498 213.857 5.65461 0 78.5074 211.013 266.453 1022.66 98.3523 13.9807 13.5227 73.9978 79.001 169.565 0.0330887 117.324 76.5306 9.66475 69.8902 79.4227 185.251 227.016 2.05051 93.942 
314.543 434.513 456.962 219.737 112.525 516.244 816.656 86.0151 0 386.606 462.323 2.14528 147.25 143.283 22.7952 93.0987 204.703 191.209 75.0764 59.7747 116.591 50.0362 96.485 53.5291 204.706 74.8748 79.6638 8.70154 
113.488 141.664 58.1148 105.534 224.565 191.773 166.653 16.4864 58.7713 0 292.821 75.9086 262.328 35.7711 94.6882 31.6878 46.6768 75.1596 6.37557 53.7185 99.1989 49.9347 16.9901 1.69273 1.00097 74.8413 23.8455 47.413 
60.5203 66.9291 2.56242 84.905 228.826 272.027 358.761 349.751 0.382769 199.221 0 176.983 0.383037 130.23 6.61212 49.3385 24.6895 0.0205688 85.5919 72.8285 6.88165 72.7954 0.131086 90.6436 98.5596 3.9556 84.5374 0.0400926 
103.794 54.1205 83.4927 113.443 110.859 153.954 25.8019 463.975 183.65 246.73 48.4119 0 12.7379 98.7582 255.713 211.928 81.3165 99.3731 97.9038 41.1216 114.245 12.2736 125.558 4.94832 51.3114 324.102 18.2492 92.1876 
92.2792 133.791 53.4143 11.9758 126.44 46.135 0.863574 125.728 0.376534 203.676 96.1111 51.8134 0 2.7929 29.437 18.2013 64.5689 103.818 77.5265 31.8134 58.4886 61.531 3.42004 53.1503 3.08214 42.2945 7.64556 44.3346 
22.4136 12.6891 12.6379 16.8259 49.9868 19.2876 1.80838 20.6928 116.204 55.2665 94.2154 128.053 116.886 0 55.2034 1.17838 1.89262 12.5688 8.27622 2.1188 23.9542 2.4795 0.146685 3.27208 0.01873 4.176 1.99858 11.2373 
4.31079 76.5364 18.1659 14.0319 92.3867 37.8905 119.016 183.709 214.729 30.8078 1.77772 174.017 3.62496 43.5147 0 0.0874069 24.8413 21.053 31.639 0.134546 4.29609 4.39725 9.56478 5.911 8.29952 29.0869 8.56766 17.3298 
50.3645 1.6728 23.017 42.2869 21.7769 23.8977 102.626 98.4658 42.9267 87.0448 218.51 0.84467 80.488 6.61894 81.4591 0 8.67265 57.9482 0.15796 4.88559 62.6813 5.08006 6.30892 12.2953 6.50322 26.961 11.6712 9.84451 
246.982 258.619 17.6882 222.626 89.3648 197.189 26.8653 11.396 288.731 1.94111 86.0313 78.5664 8.33967 9.68859 0.0554813 4.10424 0 263.523 159.055 33.4671 45.0653 13.6414 19.1131 19.142 207.328 26.5324 20.424 18.9239 
18.823 315.376 112.181 130.971 214.4 60.8638 112.666 17.176 20.4577 4.59777 157.493 130.086 87.5343 2.84422 42.0563 24.3944 132.538 0 60.4202 83.0796 114.79 2.00834 1.69659 19.437 7.90028 55.1479 21.9732 16.3353 
97.0926 3.73187 54.3953 19.1386 256.798 48.2379 142.115 41.2182 138.934 25.9438 101.099 0.00369386 84.6755 24.5362 0.684681 18.5393 57.6513 23.4171 0 18.5852 11.8178 15.6938 21.6732 17.1359 0.00718369 0.000550164 12.9481 3.49945 
45.9217 35.5485 27.3475 1.5339 77.1778 9.86716 48.9214 9.72755 57.3847 56.0744 52.2322 4.75331 30.4006 4.70237 0.108843 0.506784 7.64265 86.6905 36.5389 0 288.454 4.52984 0.189852 1.2512 0.333187 11.0718 0.347612 0.367413 
9.13397 74.6311 0.972134 74.4156 130.33 65.7351 46.976 3.33454 151.569 89.9906 1.77264 51.5094 74.0331 41.1565 51.7054 0.38126 0.010229 32.2984 0.694759 86.8506 0 14.1725 14.1097 30.0316 60.4786 49.2096 17.6769 39.1502 
40.2339 18.337 12.5345 13.3776 0.305172 0.776541 13.5031 3.96254 1.14937 49.6845 13.5433 0.135989 70.4015 10.1655 6.33439 6.19708 10.9646 39.1639 18.1202 5.84816 29.9137 0 2.59688 13.7677 10.9661 1.43483 2.85842 5.32521 
25.2137 6.27005 1.63272 18.0187 35.4752 7.64993 13.9493 2.43518e-05 66.8416 43.2641 36.8853 112.21 46.5004 1.24226 7.17031 5.86615 16.2732 0.763322 23.0581 2.13111 19.2876 14.1094 0 0.122065 2.49903 0.0972984 1.73865 9.66973 
0.108738 20.3053 0.654451 11.0249 27.0706 16.8157 58.2925 22.5743 88.3237 17.1102 129.14 9.06875 9.73897 7.83877 11.0222 27.1287 5.85995 45.6123 11.4241 1.66745 2.05642 13.4245 12.4556 0 31.5021 10.4636 7.98683 0.142247 
199.014 235.597 20.6268 192.75 4.21349 212.981 67.5466 86.9128 281.658 15.8566 69.0094 1099.48 35.5058 16.0636 25.6615 75.1557 209.725 48.7487 2.57174 11.5537 17.2225 29.0873 22.6434 12.207 0 86.3427 161.178 39.9913 
41.7881 54.7489 0.198403 43.0979 22.0733 26.769 97.4115 134.833 74.7721 38.5198 125.745 7.6766 42.8818 0.104734 30.2699 31.5107 17.5015 47.7658 18.215 11.3319 44.4921 10.7592 0.68969 0.000228428 14.6612 0 33.6646 1.33799 
32.4789 53.622 1.99138 5.23761 35.7458 8.70376 31.3423 98.0841 70.4455 46.7346 35.7289 14.2517 34.3849 2.62118 12.6297 18.8701 14.305 44.7095 21.6489 4.73005 37.608 0.405267 0.602015 8.00241 34.707 1.05629 0 65.3144 
30.4774 40.6483 4.46131 31.5807 30.3415 12.7938 63.3473 102.479 20.7835 44.6732 67.9833 175.464 0.435104 5.66295 23.3687 12.8603 18.0911 29.3235 5.84901 11.3887 0.267447 6.84793 1.18016 4.45266 36.5748 40.3056 70.3508 0 
