0 447.192 207.159 107.618 192.178 112.13 149.383 243.798 267.861 113.814 193.346 3.57406 60.6056 37.1721 71.6799 3.73229 32.6688 32.5543 100.035 58.3229 10.0614 37.8694 6.32981 42.1466 71.5453 41.8229 22.1748 40.9161 
146.623 0 61.3555 320.563 526.06 184.881 4.08962 22.2337 208.606 25.5098 126.31 13.1682 81.9934 37.4352 56.3884 28.4195 179.686 555.887 156.449 141.97 94.9796 50.5628 3.70273 37.3101 31.2532 6.64506 27.3465 0.525514 
210.433 315.956 0 276.937 179.186 35.3144 50.7628 75.4353 61.9976 76.5008 13.8499 182.342 64.2511 0.104102 3.1636 4.12183 20.5843 2.28916 1.16129 26.3707 24.3061 8.47352 1.87217 15.4392 28.2114 1.49714 17.588 20.1084 
338.209 318.949 358.685 0 144.06 57.5277 198.69 563.06 255.129 21.3498 156.37 6.90924 71.4282 1.3721 28.9894 28.0365 72.7634 22.3607 9.71917 41.5243 74.5067 5.10606 18.8974 0.403789 47.5164 27.9665 27.5637 33.0101 
201.468 396.538 81.036 147.447 0 31.6713 288.703 4.75609 112.146 219.478 37.9719 0.0291266 40.2163 51.5989 94.7172 55.6594 1.72047 1.80893 291.941 71.1003 2.2326 55.5835 1.02729 0.221163 33.6657 27.9426 0.374024 56.86 
73.4383 263.377 3.85557 73.7796 431.216 0 1580.89 79.5109 249.702 812.613 0.56477 7.13762 529.121 4.74701 38.7333 10.2891 36.8143 114.866 25.9883 6.25439 76.9704 17.0493 14.6572 16.4433 58.4254 4.23514 16.2906 0.874403 
101.504 525.501 82.3309 118.065 116.467 877.489 0 409.937 23.5746 507.844 308.463 13.2569 145.355 73.7392 119.95 100.163 87.3981 232.978 68.7314 91.5067 139.944 60.0055 0.582008 66.7592 36.5 8.80325 49.6227 8.6056 
106.393 239.734 124.779 87.7325 124.466 214.676 0.0152595 0 19.1767 201.925 299.141 899.544 105.254 9.0789 23.5172 106.881 82.0218 174.005 0.442575 116.527 63.5747 8.12066 74.9858 69.3715 190.947 214.757 3.60196 101.817 
175.28 222.998 397.469 38.088 149.212 253.077 1217 23.178 0 381.816 892.433 0.545078 159.654 141.439 97.4957 81.3221 40.399 200.181 84.3126 65.4815 127.16 52.2173 93.6213 58.7494 48.2239 84.8602 79.6194 11.5728 
122.185 163.441 48.6781 106.701 262.104 47.4836 264.53 26.4271 27.4253 0 413.825 57.6364 297.543 29.7599 81.9142 38.3284 42.9241 66.894 10.42 52.526 99.3481 47.5806 19.9584 2.85341 2.06134 75.8549 22.2363 49.1711 
71.9076 49.166 0.0324217 67.2195 241.094 262.641 291.691 365.172 91.6174 320.805 0 111.791 3.93931 106.034 2.13491 73.0047 21.6744 0.668728 79.4368 69.9312 4.22573 71.0325 1.41969 82.4321 107.821 9.18336 83.4479 0.126109 
120.35 67.5037 66.9984 143.118 120.204 157.168 13.5512 199.306 140.344 244.86 98.7477 0 17.7855 83.9724 269.478 97.0709 79.6843 105.879 98.9977 45.8718 122.454 10.1864 123.111 0.792386 67.5843 254.244 13.6273 106.969 
88.5791 138.503 49.8549 9.54303 114.977 23.2027 0.102552 120.13 0.146631 249.228 117.657 60.0221 0 0.000880825 39.1663 23.1622 64.3038 102.375 75.1111 30.4674 56.292 55.3869 1.19673 56.5785 4.20124 40.265 6.79902 43.9357 
20.2993 15.3696 11.789 15.7589 46.9554 18.3705 3.87549 27.3956 106.934 49.2887 70.5229 114.863 97.1467 0 61.6798 0.240619 2.25087 14.2178 7.41717 1.96762 22.4485 1.94796 0.0478241 2.31472 0.138664 3.44736 2.30877 11.4661 
2.84472 71.8366 20.6242 16.411 93.8695 35.8086 127.238 185.148 200.317 42.8528 28.2162 137.751 0.858122 27.3404 0 8.62201 24.1119 23.7015 32.774 0.240094 3.20515 3.66787 6.91181 8.40934 6.49115 30.0789 9.35546 16.2384 
54.6901 3.15695 22.064 41.1655 25.0501 22.7259 103.599 132.8 54.0085 89.5899 226.64 42.0591 82.5086 4.23959 89.6074 0 7.94768 59.0132 0.347722 5.28538 62.1664 4.54744 5.1478 16.9608 8.72923 23.9204 12.51 8.4271 
80.1504 107.406 14.9482 63.9288 99.6524 34.2956 31.6185 9.0769 130.726 0.973566 83.8071 76.6724 6.9084 9.08063 0.00424197 3.55397 0 239.527 119.256 33.0808 47.1763 14.1098 19.1438 18.8308 45.1503 26.7789 20.6867 19.408 
9.45164 357.253 97.557 137.021 202.51 52.4412 131.222 23.4218 12.8193 7.91382 152.35 134.724 84.1203 3.75824 39.273 22.0739 96.6071 0 50.7028 84.9665 117.404 2.50146 1.21911 17.9653 9.34182 53.6582 23.1109 17.7707 
101.739 8.54523 56.5974 16.1908 281.276 55.5642 134.93 46.2747 144.136 32.8223 95.6405 0.10658 85.3085 23.922 0.338931 19.5743 67.8978 31.1662 0 20.0875 13.7518 16.3749 21.9835 16.5083 0.00687808 0.0409598 12.3889 3.03407 
21.564 25.2484 26.8027 3.33509 72.5635 11.1387 54.505 6.20845 51.5895 55.58 48.4662 2.9041 29.0096 4.65458 0.0424911 0.343458 8.75885 85.4535 36.4138 0 225.416 4.66406 0.242411 1.08941 0.504585 11.3185 0.456363 0.25177 
2.52996 86.0452 0.00622611 101.201 131.449 63.0639 40.1547 7.64603 142.479 92.2234 0.570313 43.4255 75.0448 41.956 50.2425 0.93322 0.0292488 27.6112 1.27605 30.0418 0 14.9027 15.2678 31.6213 60.2154 46.9572 16.4918 37.7024 
40.3382 16.7825 12.464 13.7616 0.664803 1.13785 11.5624 2.9573 0.607927 51.8799 11.2694 0.497774 64.8247 9.79885 7.17836 6.7383 10.4725 39.7175 18.7504 5.76203 30.3185 0 1.66769 13.9917 10.563 1.20685 3.17122 5.60421 
26.8595 4.97827 1.27735 18.4209 33.4088 6.90256 11.2993 0.30301 61.4033 46.1029 45.7586 117.319 39.2178 0.285608 4.77001 7.03055 15.9322 1.15182 23.1037 2.0131 18.0885 14.7122 0 1.84555 1.59402 0.225195 2.14179 9.81885 
0.000160288 22.6599 0.979208 12.4217 25.0234 17.1797 55.5992 30.4884 84.7194 14.4117 128.512 2.85057 12.7778 6.85507 8.29589 28.91 6.3388 46.2737 12.1101 1.8543 1.43724 13.7595 16.7153 0 36.0921 11.5023 8.9919 0.0419584 
35.749 70.6186 21.9528 31.7391 5.57395 50.2999 71.7056 69.3913 112.863 19.0494 79.1827 553.709 37.6692 15.6722 23.9257 47.6034 47.5624 47.1173 3.10983 11.1694 15.1599 4.90809 19.8133 20.03 0 108.89 31.2 49.5995 
37.5706 50.7004 0.0149715 44.0671 19.3344 26.1335 98.765 160.974 84.7592 34.0415 113.453 43.6489 40.8823 0.296017 30.7927 29.7053 16.7389 45.7955 19.1817 11.0872 42.0343 10.7845 0.975494 0.063931 13.0157 0 35.3906 5.32454 
30.8961 54.0156 1.60166 6.08164 36.9415 9.34488 33.4036 96.4259 68.456 46.2284 39.1825 18.9546 33.6388 2.96185 13.3825 18.819 14.7581 44.8365 21.9912 4.44355 36.714 0.286214 0.861544 7.01514 36.8937 0.294132 0 49.9339 
28.0971 38.2799 5.25988 30.8434 28.4574 11.8974 65.4132 109.722 24.7779 46.6164 62.2516 172.127 0.193041 6.18281 23.2496 11.4171 18.6005 30.824 5.27193 11.4508 0.0802738 6.5794 0.945445 5.07012 38.4715 48.8778 82.3659 0 
