0 677.258 210.136 450.361 155.067 533.576 186.49 276.239 650.815 99.7497 194.704 12.3035 67.8424 34.1047 71.177 1.40218 441.6 14.8184 106.294 68.9104 1.04324 37.0041 8.11739 45.2518 472.682 35.5029 19.7719 44.1967 
450.724 0 232.205 750.401 461.29 545.436 63.692 47.0758 690 8.69271 158.574 25.7395 94.5235 42.456 48.0791 22.2316 589.005 695.719 143.167 139.782 111.967 49.7231 2.26384 40.8883 438.251 10.4388 29.8634 1.37935 
206.45 128.706 0 137.78 161.748 46.0774 15.6095 127.688 200.298 89.1369 39.0766 170.525 67.748 0.450703 1.34774 6.11122 25.0228 0.0776559 3.13678 27.3178 13.4819 9.00418 1.31851 15.6273 28.2892 2.85505 16.9609 20.8763 
782.76 750.174 275.071 0 155.584 472.759 203.283 1074.48 721.546 13.2553 177.349 0.0162902 69.5935 0.665451 25.6104 32.6596 475.43 35.6154 6.4391 45.2192 61.1444 5.78717 19.2314 1.07964 457.975 23.1698 27.573 32.6324 
165.351 259.081 51.9632 132.797 0 25.7486 193.81 13.3783 63.2752 274.63 62.0959 1.58755 56.5194 55.7682 94.987 50.8584 6.62194 9.96966 260.387 63.4077 5.27829 56.3601 0.351142 0.00365313 29.7291 32.4073 0.102903 57.0288 
495.308 674.262 0.389139 488.36 637.566 0 697.816 50.4245 515.837 334.316 5.57713 16.0227 65.7929 6.46299 35.7422 12.7434 446.176 107.189 16.6016 8.00531 77.115 17.9602 13.8957 15.71 463.915 5.95133 15.4985 1.46308 
139.702 478.429 135.146 85.7603 43.7434 771.658 0 400.25 253.871 453.079 402.385 32.7945 170.18 81.192 105.322 95.5493 80.5578 234.066 85.2951 93.8603 142.841 61.3498 0.0217665 69.0044 43.7229 4.41423 51.9008 5.82129 
150.828 206.45 178.789 101.26 146.394 208.111 14.9018 0 6.56729 184.501 339.107 516.214 115 3.60763 42.6397 158.499 86.1936 178.781 1.9252 113.781 45.5248 6.0267 82.0694 54.3608 193.448 186.845 6.70045 112.511 
614.172 556.672 253.547 439.504 206.152 518.365 1172.22 4.5036 0 350.895 677.916 16.1425 176.129 136.244 10.4874 63.5145 443.229 210.629 97.9462 73.7505 142.08 55.3257 88.3741 66.3834 463.389 99.271 79.1366 16.5245 
133.827 193.129 35.0382 106.554 306.027 26.711 403.824 44.9447 2.06863 0 555.287 33.806 328.092 21.2776 61.7702 48.5562 37.2918 54.6799 18.1105 50.3637 98.9514 43.7608 24.6198 5.12072 4.33041 76.4002 19.8385 51.5334 
89.6603 26.7798 8.06218 42.955 254.286 234.023 185.246 374.367 322.929 491.215 0 37.2302 16.0233 70.1949 54.0357 112.316 17.4223 3.32925 69.9487 65.2027 1.4304 68.0194 5.86998 69.5507 120.392 20.7208 81.322 1.40608 
144.837 89.0019 44.0414 185.86 133.52 158.87 2.35945 1.26055 81.5154 235.756 196.516 0 26.6882 61.9002 272.202 2.932 76.933 115.151 100.092 53.0284 133.922 7.37271 117.374 1.26192 199.429 137.456 7.83624 128.005 
82.526 143.978 44.2504 6.34778 96.942 40.857 4.78498 110.883 3.50708 302.812 150.294 72.7345 0 6.60551 54.905 31.2394 63.6242 99.5945 70.9946 28.3697 52.8665 45.8233 0.0025744 61.1459 6.1719 37.0545 5.60459 43.1634 
17.2122 19.7226 10.4349 14.083 42.2243 16.8008 8.34247 38.6376 91.6029 40.0716 38.8733 93.3342 65.3964 0 55.4558 0.172878 2.83892 16.8079 6.18668 1.74432 20.1926 1.24956 1.20751 1.12423 0.52281 2.4446 2.80415 11.7311 
1.19994 64.2259 24.1526 20.0632 94.9808 32.0386 136.503 181.618 171.62 62.589 117.401 84.0537 0.304365 6.34952 0 40.8903 22.9531 27.8044 34.3144 0.453635 1.85476 2.66941 3.50944 12.5638 4.10667 30.8624 10.5425 14.5132 
60.8181 6.21014 20.3236 38.5782 30.1577 20.7239 103.408 183.161 71.5569 91.5745 227.237 194.526 84.1122 1.48523 75.8633 0 6.89506 60.2912 0.768441 5.87852 60.9481 3.77198 3.48973 23.3772 12.5873 18.7184 13.7165 6.39751 
478.601 529.117 11.1302 474.405 114.227 439.072 39.1526 6.0523 541.7 0.139471 80.11 73.5544 4.98834 8.18074 0.0363121 2.79238 0 192.411 167.216 32.3252 50.235 14.7981 19.1473 18.3248 450.484 27.0668 21.0487 20.1025 
1.29878 373.809 74.7374 143.266 180.759 40.1882 158.253 34.2762 4.57282 14.4324 143.322 140.746 78.6174 5.34596 35.0436 18.6965 49.1542 0 37.0017 86.8671 120.503 3.33509 0.64754 15.8051 11.6836 51.1904 24.8134 19.9745 
107.67 19.1505 59.1987 12.0894 300.075 65.9744 122.13 54.0271 150.146 44.0298 86.8974 0.821312 85.599 22.9102 0.0452287 21.0865 95.053 44.2227 0 22.3148 16.8569 17.3748 22.3814 15.5396 0.111738 0.221192 11.5496 2.39117 
1.6034 12.5798 25.4903 7.18573 65.0021 13.0629 62.6693 2.35546 42.9558 54.4158 42.7503 0.965558 26.8577 4.56582 0.000400353 0.156403 10.5222 82.6689 35.9962 0 112.473 4.8593 0.332385 0.863853 0.82486 11.6261 0.645762 0.118556 
0.334765 103.215 1.64064 76.0679 132.029 58.6654 30.58 17.2219 127.596 95.0367 0.0125241 32.1973 76.2839 42.9907 47.8185 2.20562 0.335042 21.0937 2.46824 0.569762 0 16.0032 17.0358 33.9347 59.4889 43.3789 14.7472 35.4352 
40.38 14.5211 12.3157 14.3037 1.45875 1.79913 8.87748 1.71534 0.1152 54.7966 8.19438 1.46061 55.7519 9.13085 8.47094 7.537 9.73524 40.4535 19.6602 5.62239 30.8731 0 0.629121 14.1178 9.89544 0.897853 3.66021 6.02071 
29.2948 3.29816 0.818632 18.9038 30.2575 5.80413 7.76665 1.90382 53.0336 50.0164 59.8252 123.075 28.6577 0.134195 1.94295 8.71267 15.3929 1.87873 23.0974 1.83648 16.3044 15.1985 0 7.44375 0.780614 0.51273 2.80824 9.99143 
0.21418 26.2865 1.57806 14.5309 21.9876 17.6063 51.2498 43.8412 78.6108 10.679 125.385 0.104138 17.9056 5.25929 4.69034 28.8543 7.07643 47.1036 13.1377 2.14504 0.711472 14.0587 20.5534 0 41.0657 12.9533 10.5093 0.00295076 
440.012 471.759 23.7648 439.438 7.93238 454.8 77.3895 45.0357 507.813 24.1663 94.1567 988.004 40.7896 14.9017 21.0479 36.2813 452.906 44.5196 4.00048 10.5514 12.2379 68.4075 15.3947 32.5033 0 20.4107 148.601 59.0869 
31.3054 44.4715 0.131569 44.6614 15.4498 24.9221 99.4753 195.377 99.1764 27.4509 93.5896 140.034 37.7087 0.757987 30.8422 25.8059 15.5767 42.6892 20.6004 10.6614 38.2137 10.7804 1.48488 0.425588 10.9946 0 37.1953 15.4575 
28.4838 54.4158 1.09071 7.42926 38.6626 10.3115 36.4651 93.1752 65.1758 45.2787 44.4037 26.9852 32.4392 3.49698 14.4694 18.5916 15.4257 44.9194 22.4657 4.01959 35.2912 0.14574 1.33031 5.59178 40.1252 0.0365754 0 26.6862 
24.5588 34.669 6.53874 29.486 25.6343 10.5495 68.1176 119.222 31.1855 49.2897 53.5249 162.669 0.0116924 6.95851 22.8384 9.25898 19.3362 33.0387 4.44983 11.5023 0.00461016 6.16998 0.638041 6.02813 40.4934 58.7568 92.2452 0 
