0 416.287 206.708 246.4 139.873 345.734 200.022 286.238 446.813 93.9869 194.325 17.0696 70.6224 32.871 70.7857 0.78903 249.588 9.62795 108.387 61.1092 0.0289972 36.6331 8.86639 46.4025 277.303 33.045 18.8429 45.4344 
244.853 0 306.802 556.196 419.107 334.197 103.737 58.8542 524.858 4.43426 170.934 31.6581 99.2952 44.393 44.809 19.9367 395.985 194.142 137.092 137.582 118.437 49.3342 1.79195 42.2554 245.359 12.1258 30.8456 1.82194 
200.392 67.9813 0 72.5787 152.856 49.9783 7.01222 149.093 262.821 93.5963 51.7907 164.33 68.9086 0.651037 0.83629 6.9639 26.7901 0.963794 4.15939 27.5207 10.0022 9.20638 1.12479 15.6591 28.2173 3.49215 16.6931 21.1326 
588.389 556.547 293.777 0 158.812 282.908 202.273 314.941 546.178 10.5322 184.161 1.46884 68.6917 0.455491 24.2231 34.3158 280.588 41.3881 5.31591 46.2897 54.2345 6.05995 19.3199 1.42968 266.264 21.2653 27.528 32.3901 
150.317 203.433 41.6117 126.077 0 76.3641 156.837 17.8716 47.0746 292.323 72.6768 2.84015 63.3315 57.2974 94.7204 48.8973 9.3717 14.8795 242.835 60.2397 6.80963 56.5813 0.182242 0.0100785 28.1976 34.1754 0.0426735 57.0186 
308.238 477.765 0.00839599 297.958 27.4929 0 307.703 40.2477 283.012 247.014 12.7137 20.3639 64.6185 7.17888 34.3424 13.7188 254.151 103.643 13.3626 8.72287 76.9655 18.2848 13.5671 15.3898 270.167 6.68243 15.174 1.73219 
154.726 442.255 155.886 73.3513 23.773 508.518 0 388.994 527.247 411.51 431.758 42.5172 178.94 83.7972 98.9303 93.2725 77.716 232.687 91.7525 94.3865 143.517 61.7684 0.00886758 69.7125 46.5807 3.08489 52.7336 4.86507 
168.546 192.113 198.708 75.8885 154.654 203.082 28.0527 0 27.6869 176.591 351.098 349.385 118.58 2.12166 51.2309 177.95 87.7015 180.012 2.7863 112.213 39.0331 5.28231 84.6275 48.6296 192.406 173.396 8.15693 116.262 
432.94 337.467 191.126 252.767 228.005 284.883 939.954 23.3103 0 331.829 1011.86 27.868 181.756 133.406 14.8705 56.6669 248.743 213.661 103.139 76.8566 147.537 56.4847 86.0309 69.2773 273.872 104.615 78.8121 18.659 
137.851 203.356 30.0159 105.874 317.95 93.2466 446.923 53.2104 0.00557833 0 587.422 25.9155 331.573 18.2033 53.8946 52.5587 35.1008 50.0169 21.6036 49.4008 98.5936 42.183 26.494 6.17263 5.43241 76.2909 18.9081 52.3626 
96.7285 19.6453 14.9278 34.5137 257.611 218.769 145.449 373.227 392.431 542.019 0 18.1672 22.829 57.0804 90.4194 128.075 15.8531 4.91429 66.1839 63.2385 0.734407 66.7249 8.40277 64.4135 124.786 26.3278 80.3331 2.27946 
154.109 97.7346 35.9359 201.095 138.446 158.498 0.47043 17.2829 61.659 230.223 238.928 0 30.5724 53.5767 267.272 2.60751 75.7601 118.595 100.339 55.8157 138.086 6.3801 114.491 3.6431 193.601 95.3651 5.971 135.627 
80.0076 145.573 41.9922 5.2555 89.737 52.1056 8.47843 107.018 6.01368 316.963 162.79 77.7885 0 12.5519 61.2368 34.5518 63.2666 98.3107 69.2329 27.5255 51.4866 42.0407 0.250355 62.7216 7.03494 35.7508 5.16245 42.8049 
16.0377 21.5223 9.88496 13.4081 40.3259 16.1309 10.5117 43.3486 85.2743 36.4584 28.4405 84.6081 53.2343 0 48.3789 0.590588 3.08541 17.8562 5.72562 1.65828 19.3129 1.01246 2.0242 0.759953 0.738279 2.08736 3.00729 11.8086 
0.742885 61.0996 25.4522 21.4992 95.0456 30.3856 139.017 178.412 158.596 70.5369 162.861 64.858 1.27701 1.74761 0 55.756 22.4795 29.4446 34.8612 0.555011 1.42228 2.31331 2.43759 14.2535 3.29795 30.9299 11.0066 13.8156 
63.0701 7.6641 19.552 37.2934 32.2064 19.871 102.793 201.023 78.5622 91.7324 223.637 268.218 84.2599 0.76208 63.5355 0 6.49526 60.6844 0.977155 6.10729 60.3281 3.47828 2.89144 25.4242 14.2171 16.576 14.1683 5.64705 
282.229 341.658 9.74764 282.641 119.545 245.29 42.2093 5.02244 349.955 0.0175223 78.5505 72.247 4.3136 7.83296 0.0845344 2.51581 0 171.569 416.83 31.9731 51.3935 15.0627 19.1347 18.1141 256.745 27.1525 21.1799 20.3638 
0.139999 406.426 65.8361 144.724 171.176 35.6045 168.304 38.9654 2.45359 17.4606 139.391 142.779 76.3501 6.03623 33.3792 17.4145 33.9817 0 32.02 87.2979 121.439 3.69189 0.471697 14.9771 12.656 50.152 25.4779 20.852 
109.624 24.3158 59.9729 10.6049 300.962 69.7488 116.552 57.0961 151.88 48.6364 83.3226 1.28349 85.4958 22.4858 0.00455549 21.6631 111.704 49.7142 0 23.1733 18.135 17.7585 22.5146 15.1522 0.187215 0.330766 11.221 2.15792 
0.0681833 8.69411 24.8244 9.02437 61.8718 13.8139 65.7534 1.33558 39.6326 53.8247 40.5056 0.487185 25.9968 4.52557 0.00281265 0.102586 11.2385 81.2864 35.7582 0 72.1984 4.93368 0.371192 0.781412 0.970437 11.7256 0.728409 0.0797219 
2.04078 109.846 3.27637 72.4552 131.894 56.8282 27.0838 21.9271 121.437 95.9564 0.204344 28.143 76.6764 43.3406 46.7987 2.84611 0.545256 18.7277 3.03825 10.3521 0 16.4355 17.7366 34.8141 59.0971 41.9208 14.0762 34.5189 
40.3588 13.6612 12.2438 14.5045 1.85184 2.09561 7.90544 1.3178 0.027697 55.8057 7.10664 1.97349 52.0388 8.83435 8.98122 7.84312 9.44712 40.7104 20.0043 5.56433 31.0729 0 0.352236 14.0976 9.61402 0.788008 3.85778 6.18291 
30.2337 2.72781 0.664612 19.0522 29.0124 5.38469 6.54029 2.89941 49.7244 51.4195 65.4666 124.66 24.7502 0.511676 1.14914 9.32636 15.1727 2.20996 23.0705 1.76759 15.6123 15.2454 0 10.1684 0.649926 0.655609 3.08776 10.0419 
0.421029 27.7299 1.84731 15.3526 20.8154 17.7331 49.4584 49.4451 76.0134 9.33482 123.465 1.23615 20.0733 4.62316 3.49928 27.9315 7.37124 47.3745 13.5388 2.26193 0.494868 14.1072 20.8756 0 42.2444 13.4768 11.1004 0.0243219 
246.044 276.396 24.4084 246.818 8.95536 260.715 79.4099 36.4683 309.923 26.2571 99.8126 194.13 41.9639 14.5438 19.8519 48.3813 259.166 43.4566 4.37578 10.2968 11.1554 79.6488 13.6652 34.7917 0 39.7644 45.0967 4.11318 
28.8983 42.004 0.305078 44.607 14.0116 24.3682 99.3166 206.504 104.524 24.9462 85.5583 185.606 36.4166 0.993639 30.6197 23.9659 15.1166 41.4288 21.1439 10.4764 36.6828 10.765 1.70887 0.652109 10.3703 0 37.6261 20.4302 
27.5295 54.5098 0.915509 7.98113 39.3116 10.6906 37.6497 91.6622 63.8002 44.8457 46.4501 30.4113 31.9441 3.71364 14.8788 18.4538 15.6831 44.9165 22.6386 3.85574 34.7083 0.103335 1.53876 5.05908 41.3859 0.229226 0 18.6629 
23.1907 33.2425 7.06271 28.8767 24.5334 10.0233 69.0406 122.433 33.8101 50.2509 50.1014 157.612 0.000478528 7.25892 22.6028 8.42949 19.6147 33.8922 4.14266 11.5088 0.0422827 6.00773 0.532864 6.41092 40.9846 61.2815 92.9285 0 
