0 289.22 204.631 142.944 133.766 246.076 205.208 289.755 340.579 91.6549 194.03 19.1762 71.7221 32.3737 70.5989 0.592333 148.396 7.85117 109.164 55.2408 0.0290698 36.4799 9.17305 46.8511 174.719 32.0686 18.4739 45.9207 
142.888 0 335.057 452.46 400.203 225.431 121.819 63.8416 433.951 3.12174 175.791 34.1694 101.174 45.1605 43.5047 19.0428 294.208 929.464 134.542 136.497 120.981 49.1696 1.61811 42.7954 143.797 12.83 31.2372 2.01568 
197.303 48.1864 0 50.5284 149.025 51.4631 4.49936 157.611 287.561 95.2854 57.2411 161.629 69.3378 0.741045 0.664872 7.31458 27.4985 1.59335 4.60578 27.5746 8.7435 9.28623 1.05119 15.6653 28.1724 3.76235 16.5826 21.2278 
483.602 453.039 306.997 0 159.886 182.52 201.426 743.667 450.501 9.52118 186.633 2.704 68.3031 0.382417 23.661 34.9481 178.208 43.7708 4.89397 46.6536 630.334 6.16982 19.3484 1.58264 165.145 20.5048 27.5024 32.2786 
144.236 181.815 37.7008 123.259 0 99.7907 142.5 19.8341 41.1625 298.621 77.0538 3.44079 66.1066 57.8907 94.5553 48.1027 10.5965 17.0988 235.145 58.9543 7.47364 56.6565 0.130009 0.0271371 27.588 34.8836 0.0258748 57.0024 
208.985 373.967 0.014761 197.304 716.701 0 701.745 36.4233 168.987 400.781 16.3387 22.2247 547.658 7.4707 33.7509 14.1091 152.926 102.148 12.1484 9.01377 76.8733 18.4093 13.4313 15.2569 168.222 6.98301 15.0422 1.84567 
160.672 425.493 163.966 68.501 17.3843 396.774 0 383.386 647.622 392.414 441.98 46.6969 182.257 84.7832 96.2935 92.2927 76.5576 231.853 94.3134 94.5333 143.715 61.9184 0.0364199 69.9677 47.7237 2.61761 53.0566 4.50492 
175.593 186.233 206.295 58.6695 157.885 200.704 34.3805 0 40.0262 173.28 355.244 286.687 119.97 1.63531 54.8051 185.426 88.2832 180.401 3.17404 111.511 36.5438 4.99719 85.6121 46.3775 191.672 167.709 8.776 117.684 
335.863 225.971 166.806 154.94 236.542 170.557 826.782 34.7738 0 323.257 310.05 33.3809 183.861 132.144 33.269 53.9704 146.552 214.698 105.182 78.0725 149.648 56.938 85.0521 70.4149 173.681 106.691 78.6611 19.5405 
139.366 207.176 28.0767 105.506 321.77 128.475 461.42 56.6515 0.462713 0 595.742 23.0181 331.557 17.0221 50.7894 54.1471 34.2298 48.179 23.0687 48.9985 98.4188 41.5412 27.2483 6.61776 5.90523 76.1963 18.5381 52.6781 
99.5587 17.0765 18.2214 31.343 258.636 212.145 130.285 372.021 426.595 558.608 0 12.3731 25.8543 52.0734 106.852 134.322 15.2421 5.63175 64.6754 62.4373 0.520078 66.1903 9.53404 62.3577 126.448 28.7225 79.9137 2.68636 
157.741 101.256 32.8695 206.841 140.362 158.186 0.119168 39.0083 54.3521 227.718 256.116 0 32.1824 50.3337 264.382 8.64243 75.2767 119.938 100.409 56.9241 139.693 6.00138 113.245 4.93387 184.704 79.9874 5.29213 138.549 
78.9802 146.12 41.0827 4.84525 86.8512 55.061 10.2373 105.439 7.19877 321.357 167.694 79.8133 0 15.4127 63.7684 35.8917 63.1094 97.7677 68.5068 27.185 50.9294 40.5324 0.462334 63.315 7.39364 35.2235 4.9899 42.6529 
15.5745 22.2547 9.66285 13.1363 39.5618 15.8556 11.4409 45.2701 82.7116 35.0233 24.6539 81.1083 48.5322 0 45.0266 0.825009 3.1864 18.28 5.54492 1.62415 18.9624 0.923906 2.39429 0.632644 0.834362 1.95087 3.08981 11.8354 
0.590314 59.8319 25.9554 22.0714 95.0127 29.7017 139.835 176.853 153.181 73.7078 181.827 57.6558 1.85119 0.69233 0 61.453 22.2872 30.1042 35.0704 0.598274 1.26494 2.17695 2.05768 14.93 2.99635 30.9186 11.1916 13.5342 
63.9432 8.28416 19.231 36.7407 33.0306 19.5207 102.463 207.702 81.3619 91.6967 221.609 297.557 84.2424 0.537217 57.939 0 6.33758 60.8243 1.06741 6.19797 60.0583 3.36275 2.66308 26.1402 14.8807 15.7162 14.3451 5.35563 
179.259 242.202 9.21485 181.491 121.597 143.37 43.4445 4.63601 248.785 0.00128689 77.9104 71.7114 4.05644 7.69478 0.109429 2.4088 0 163.028 194.523 31.8236 51.8498 15.1676 19.1275 18.028 154.814 27.1824 21.2307 20.4665 
0.00456978 423.31 62.3229 145.146 167.206 33.8171 172.204 40.9024 1.78723 18.7414 137.763 143.538 75.4275 6.32257 32.714 16.9094 28.5914 0 30.1007 87.4198 121.768 3.83916 0.409055 14.6493 13.053 49.7262 25.7429 21.2047 
110.343 26.526 60.2423 10.0327 300.268 71.1965 114.247 58.3251 152.471 50.5021 81.8739 1.49674 85.4203 22.312 8.84449e-05 21.8908 119.323 51.9572 0 23.5136 18.655 17.9106 22.5642 14.9962 0.222791 0.380662 11.0898 2.06766 
0.489505 7.32765 24.5359 9.80489 60.5994 14.1127 66.9629 1.00726 38.3181 53.5676 39.6095 0.341021 25.6503 4.50863 0.00676385 0.0841942 11.5284 80.6895 35.6515 0 57.8732 4.96306 0.387254 0.749432 1.03173 11.7619 0.762764 0.0663252 
3.12421 112.468 4.08326 75.5002 131.784 56.0775 25.7309 23.9492 118.935 96.2945 0.345764 26.5823 76.8184 43.4715 46.3805 3.124 0.643484 17.8137 3.28204 17.5423 0 16.6085 18.0178 35.161 58.9238 41.3302 13.8102 34.1486 
40.3443 13.322 12.2129 14.5829 2.02173 2.21979 7.53016 1.17313 0.00944771 56.1868 6.69102 2.19962 50.5387 8.71081 9.18522 7.96414 9.33209 40.8081 20.1397 5.5406 31.15 0 0.263327 14.0785 9.49856 0.745919 3.93765 6.24755 
30.6061 2.51404 0.607242 19.105 28.5138 5.21913 6.07632 3.35433 48.4018 51.9578 67.7285 125.184 23.237 0.726881 0.887026 9.56176 15.0833 2.34955 23.0559 1.74013 15.3369 15.2411 0 11.2744 0.628029 0.717352 3.20219 10.0594 
0.523005 28.3095 1.96015 15.6793 20.3502 17.7772 48.7303 51.7295 74.9462 8.81786 122.593 2.03524 20.9613 4.37062 3.06475 27.4288 7.48993 47.4741 13.6988 2.3091 0.419092 14.1156 20.7998 0 42.582 13.6777 11.3355 0.038646 
144.052 173.82 24.6542 145.364 9.37925 158.643 80.1823 33.2355 206.328 27.1038 102.027 832.542 42.4248 14.3924 19.3656 54.7211 157.235 43.0253 4.52982 10.1932 10.7333 76.9493 12.9811 35.0903 0 56.2874 13.2373 10.1513 
27.9467 41.0163 0.394377 44.5399 13.4512 24.135 99.1842 210.5 106.601 23.9613 82.3355 204.187 35.8934 1.09606 30.493 23.1919 14.932 40.9189 21.359 10.3997 36.0668 10.7566 1.80203 0.755642 10.1494 0 37.7532 22.5246 
27.1469 54.5374 0.849501 8.2052 39.5669 10.8421 38.1203 91.0211 63.2368 44.6632 47.267 31.8198 31.7423 3.80123 15.0395 18.3912 15.7852 44.9097 22.7057 3.79063 34.4714 0.0883932 1.62583 4.85081 41.8891 0.352273 0 15.7523 
22.6478 32.6713 7.27531 28.6215 24.0946 9.81367 69.3871 123.628 34.8745 50.6207 48.7368 155.394 0.00545951 7.3782 22.4971 8.10207 19.7245 34.2307 4.02232 11.5093 0.0679709 5.9426 0.493299 6.56476 41.1309 62.0453 92.6734 0 
