0 130.56 200.423 22.8067 123.851 128.812 213.323 294.854 212.525 87.8396 193.376 22.8342 73.4929 31.5615 70.2589 0.332433 28.8088 5.33954 110.35 43.3849 0.524013 36.225 9.67988 47.5653 52.8184 30.4925 17.8777 46.6999 
27.8873 0 377.348 326.745 367.496 93.7795 153.25 72.2515 330.377 1.47469 183.55 38.4138 104.183 46.3976 41.3934 17.6218 173.448 852.603 130.266 134.492 125.053 48.8908 1.35407 43.664 23.588 14.0086 31.8719 2.35073 
191.514 22.7091 0 22.725 142.501 53.7686 1.58767 171.279 326.423 97.9058 66.4855 156.988 69.9917 0.899051 0.427581 7.89495 28.6501 2.94715 5.37543 27.6288 6.8667 9.41469 0.93644 15.6671 28.08 4.21932 16.3993 21.3734 
355.028 327.687 295.846 0 161.36 64.1572 199.519 589.801 338.377 7.97713 190.326 5.49648 67.6385 0.277086 22.7408 35.9356 56.6266 47.7221 4.24263 47.1644 464.421 6.34925 19.3865 1.84665 45.6152 19.2741 27.4514 32.0798 
134.317 148.038 31.6624 118.539 0 136.767 120.002 23.2188 32.3038 307.82 84.3198 4.53698 70.6656 58.8312 94.216 46.8006 12.7334 21.0055 221.944 56.8467 8.61443 56.7625 0.0638643 0.0724877 26.6021 36.0351 0.00749701 56.9614 
92.4868 249.184 0.21862 78.4567 531.111 0 758.933 30.54 33.2876 112.292 23.1233 25.3908 128.793 7.95077 32.7538 14.7425 33.2491 99.6304 10.2812 9.49049 76.6841 18.6047 13.2054 15.0352 47.3412 7.4807 14.8256 2.03704 
170.214 395.881 176.703 60.8013 9.06952 230.6 0 372.993 841.808 358.958 456.549 53.8187 187.401 86.3145 91.9246 90.6198 74.651 230.158 98.4372 94.6937 143.945 62.1406 0.121015 70.3478 49.5785 1.93817 53.569 3.94735 
186.94 176.536 218.055 31.0485 163.036 196.413 45.8888 0 64.5095 167.734 361.152 193.716 122.173 0.978528 60.7567 197.095 89.2018 180.907 3.85628 110.28 32.6382 4.54941 87.1624 42.7759 190.097 158.153 9.82532 119.895 
222.702 90.4647 129.074 42.2886 250.084 34.3389 631.996 57.9173 0 308.292 450.319 43.2903 187.095 129.943 72.9043 49.6549 25.3302 216.166 108.455 80.0137 152.983 57.6618 83.4135 72.2367 55.7193 109.979 78.3902 21.0057 
141.708 213.027 25.0207 104.79 326.767 192.372 481.175 62.3924 2.76429 0 603.442 18.6433 329.809 15.1667 45.824 56.7054 32.8214 45.2311 25.5272 48.3246 98.0964 40.4864 28.4779 7.36978 6.71164 75.9807 17.9396 53.1709 
104.153 13.2632 24.2067 26.4621 259.927 200.83 106.827 369.155 496.134 580.44 0 5.28816 31.1212 44.2789 135.323 144.335 14.2701 6.89799 62.2248 61.118 0.250299 65.3018 11.5118 59.0216 129.025 32.7875 79.204 3.41666 
163.532 106.998 28.1214 215.697 143.405 157.48 0.0435229 91.7268 43.3236 223.306 284.038 0 34.8638 45.1905 258.608 25.6847 74.4745 122.077 100.487 58.7151 142.229 5.40868 111.11 7.43356 172.668 57.2647 4.27286 143.123 
77.2875 146.899 39.5989 4.21176 82.169 56.9783 13.4289 102.837 9.34177 326.873 175.516 83.1032 0 20.6075 67.8646 38.0822 62.8368 96.8502 67.3018 26.6285 50.0183 38.0931 0.943309 64.2326 7.99261 34.3601 4.7149 42.3956 
14.8306 23.4588 9.30004 12.6929 38.3159 15.4001 13.0225 48.4302 78.5218 32.7097 19.0107 75.4315 41.1601 0 39.1314 1.28458 3.35339 18.9737 5.25583 1.56906 18.3947 0.787899 3.03752 0.449282 1.00229 1.73727 3.22539 11.8736 
0.379484 57.7547 26.7501 22.9968 94.8876 28.566 140.932 173.995 144.183 78.8244 212.991 46.6382 3.00627 0.000884834 0 70.0351 21.9714 31.1794 35.3986 0.671845 1.02856 1.96301 1.50384 16.0243 2.53414 30.8536 11.4913 13.0747 
65.3264 9.33722 18.6953 35.7981 34.3747 18.9414 101.825 217.892 85.8951 91.5183 217.619 343.525 84.1205 0.253845 48.3914 0 6.08418 61.0303 1.22227 6.34424 59.5935 3.17759 2.30692 27.1632 15.9688 14.3243 14.6275 4.8937 
56.7453 125.328 8.37495 61.9039 124.831 22.5773 45.4641 4.03956 129.132 0.0146149 76.8511 70.8262 3.65435 7.47149 0.156691 2.23934 0 149.013 179.942 31.5705 52.5823 15.337 19.1131 17.8858 33.9691 27.2258 21.3111 20.631 
0.185372 451.552 56.697 145.632 160.61 30.975 178.377 44.1195 0.927846 20.9046 135.051 144.705 73.9113 6.80007 31.6345 16.0987 20.7326 0 27.078 87.5561 122.247 4.08405 0.316711 14.121 13.7073 49.022 26.1726 21.7797 
111.434 30.2825 60.6299 9.13063 297.869 73.4659 110.419 60.3221 153.306 53.5558 79.5007 1.87761 85.2561 22.0246 0.00722377 22.257 132.716 55.65 0 24.0623 19.5101 18.1556 22.6404 14.7416 0.28715 0.469136 10.8768 1.92482 
2.43073 5.34475 24.0411 11.1236 58.5103 14.5955 68.8956 0.571708 36.2035 53.1252 38.1567 0.158811 25.0849 4.48009 0.0168208 0.0581485 12.0032 79.6675 35.4642 0 37.394 5.01036 0.414005 0.698708 1.13501 11.8167 0.820155 0.0471675 
5.36577 116.683 5.57612 86.3919 131.534 54.84 23.5912 27.3988 114.826 96.8072 0.654152 24.1238 77.0309 43.6731 45.6891 3.60169 0.820278 16.3693 3.69737 32.9298 0 16.8895 18.4755 35.7182 58.6222 40.3625 13.3807 33.5425 
40.3137 12.7767 12.1602 14.7078 2.31314 2.42826 6.93724 0.955756 0.000233431 56.7779 6.04013 2.59244 48.0891 8.50447 9.51621 8.15882 9.14552 40.9605 20.3571 5.50144 31.2718 0 0.146024 14.0342 9.30758 0.679829 4.06837 6.35225 
31.2071 2.18452 0.519297 19.1826 27.7032 4.95314 5.35566 4.16148 46.2565 52.8036 71.4 125.899 20.847 1.14852 0.5314 9.93038 14.9366 2.58501 23.0274 1.69562 14.8914 15.2061 0 13.0463 0.629626 0.823107 3.39118 10.0844 
0.712032 29.2531 2.14958 16.2069 19.5992 17.841 47.5343 55.4851 73.18 8.00407 121.049 3.7497 22.4275 3.96466 2.41344 26.4591 7.68373 47.6253 13.958 2.38616 0.309277 14.1159 20.4292 0 42.9627 13.9934 11.7151 0.0689306 
23.1459 51.9343 25.0391 25.3276 10.0856 37.566 81.3917 28.2407 82.7786 28.4906 105.557 636.517 43.1623 14.1368 18.5675 65.3915 36.3873 42.3168 4.78484 10.0228 10.0612 64.5888 11.8833 34.7975 0 84.1289 23.0436 51.6101 
26.4163 39.4125 0.563455 44.3756 12.5592 23.7423 98.8853 216.396 109.892 22.3844 77.1027 234.231 35.0362 1.27216 30.242 21.8957 14.6317 40.0838 21.7056 10.2718 35.0619 10.7405 1.95749 0.939264 9.82649 0 37.9036 26.0192 
26.5246 54.57 0.747291 8.57309 39.9762 11.0877 38.8807 89.9367 62.306 44.3554 48.5907 34.1515 31.41 3.94466 15.2969 18.2804 15.9503 44.892 22.8119 3.6854 34.0821 0.0665869 1.77172 4.51862 42.7049 0.607656 0 11.4571 
21.7711 31.7428 7.62424 28.1934 23.3839 9.47419 69.9223 125.459 36.62 51.2034 46.5278 151.563 0.0250872 7.57075 22.3116 7.57642 19.9008 34.7774 3.82989 11.5073 0.122622 5.83658 0.4321 6.81535 41.3064 62.973 91.6193 0 
