0 87.0419 194.785 20.021 113.241 124.554 221.583 299.466 196.553 83.7061 192.433 27.0879 75.375 30.682 69.8426 0.135677 22.2992 3.1649 111.521 29.5308 1.73946 35.9427 10.2368 48.3132 43.7485 28.8124 17.2408 47.5229 
34.2474 0 416.073 310.963 330.146 74.724 189.362 81.692 339.996 0.38148 191.694 43.2022 107.36 47.7141 39.1348 16.1375 165.372 733.4 125.491 132.006 129.342 48.5754 1.09541 44.5859 16.3803 15.3237 32.5524 2.73909 
184.278 5.59284 0 6.5843 135.107 56.0869 0.107921 185.621 365.264 100.545 76.9048 151.659 70.6344 1.08525 0.229844 8.53285 29.8887 4.856 6.26394 27.6406 5.08611 9.55113 0.81971 15.6578 27.9537 4.73504 16.1965 21.5175 
334.68 312.281 220.294 0 162.565 58.8454 196.741 349.271 337.73 6.45598 193.835 9.56871 66.8777 0.182402 21.7422 36.9402 47.8815 52.0727 3.58967 47.6007 124.014 6.54359 19.4159 2.1519 39.0842 17.9593 27.3837 31.8416 
123.639 114.167 25.6393 113.281 0 170.496 97.1679 27.1249 23.8583 316.207 92.3321 5.88144 75.633 59.8104 93.7532 45.3846 15.2328 25.6128 206.893 54.556 9.92665 56.8539 0.0186344 0.145703 25.5474 37.274 4.3945e-05 56.8969 
89.2081 235.792 0.704369 72.5518 376.415 0 692.91 24.6959 16.4031 518.03 31.6034 28.9897 103.382 8.47484 31.6339 15.4219 26.5949 96.8052 8.42364 10.0088 76.4261 18.8056 12.9554 14.7888 39.3433 8.02857 14.5892 2.25262 
180.271 361.262 189.718 52.8131 3.07603 96.8516 0 360.122 1031.43 320.33 469.228 61.9144 192.577 87.8608 87.1237 88.7104 72.5669 227.869 102.814 94.758 144.068 62.35 0.267141 70.7088 51.5691 1.31862 54.103 3.38593 
198.955 165.942 229.812 14.6428 168.429 191.224 59.8729 0 96.533 161.553 366.333 110.146 124.467 0.457811 67.3368 208.879 90.1533 181.274 4.66252 108.834 28.6356 4.08905 88.7605 38.9897 187.88 147.503 11.0141 122.131 
222.717 68.0833 92.0345 45.1801 264.123 16.8609 424.882 88.6389 0 290.894 880.69 55.2065 190.311 127.365 109.716 45.1145 17.0484 217.442 111.908 82.0523 156.438 58.423 81.5847 74.1587 50.9558 113.394 78.0632 22.6264 
144.058 218.804 21.8743 103.86 330.427 265.225 496.755 68.7613 7.37609 0 603.502 14.4093 325.571 13.2637 40.618 59.4209 31.3171 42.1149 28.2761 47.5714 97.6964 39.3353 29.8055 8.21827 7.63136 75.6633 17.2996 53.6732 
109.083 9.67047 31.4815 21.6043 260.792 187.985 83.5011 364.834 590.183 596.338 0 0.961357 37.2564 36.4195 167.759 154.846 13.253 8.39851 59.5896 59.6746 0.0687757 64.3182 13.8287 55.4457 131.621 37.3882 78.4011 4.2978 
169.598 113.195 23.3548 224.498 146.579 156.447 0.647702 170.08 32.697 218.099 313.777 0 37.8367 39.8514 250.961 53.3789 73.5879 124.317 100.522 60.6273 144.852 4.80232 108.666 10.6683 174.397 36.4458 3.29307 147.792 
75.4347 147.581 37.9958 3.5764 77.1484 54.5462 17.3138 99.9866 11.9446 330.496 183.704 86.6394 0 26.9004 72.2316 40.4535 62.5198 95.8143 65.9712 26.0252 49.0298 35.49 1.64844 65.1543 8.65923 33.4224 4.42628 42.1044 
14.0422 24.7737 8.90724 12.2135 36.9695 14.8992 14.8214 51.8773 73.9884 30.2514 13.6836 69.3602 33.6733 0 32.4122 1.88313 3.53711 19.7272 4.95122 1.51029 17.7864 0.65267 3.77393 0.285549 1.19915 1.51905 3.37333 11.9075 
0.204109 55.4972 27.572 23.985 94.654 27.3133 141.785 170.478 134.277 84.2531 246.298 35.8384 4.55191 0.696126 0 77.9417 21.627 32.3408 35.7354 0.755541 0.800844 1.74348 0.999218 17.1891 2.0762 30.7193 11.8125 12.5774 
66.7637 10.5327 18.1005 34.7248 35.8266 18.305 100.998 227.84 90.7372 91.1601 212.394 388.948 83.8605 0.0653047 37.9353 0 5.81534 61.2224 1.40025 6.50007 59.0573 2.98199 1.94591 28.0557 17.1492 12.8426 14.9243 4.41345 
47.0368 121.578 7.5077 55.2987 128.165 14.7403 47.6541 3.44131 122.411 0.083914 75.6848 69.8528 3.24351 7.23284 0.21699 2.06317 0 133.866 267.488 31.284 53.3582 15.5177 19.0939 17.7296 26.0272 27.2651 21.3947 20.8051 
0.934097 477.454 50.7822 145.879 153.329 28.009 184.773 47.6758 0.313776 23.3432 132.044 145.867 72.2556 7.33079 30.4752 15.2401 13.5877 0 23.9645 87.6171 122.686 4.35524 0.230383 13.5586 14.4245 48.2473 26.6339 22.401 
112.501 34.5433 60.9775 8.19905 293.554 75.7857 106.196 62.4697 154.03 56.8669 76.9207 2.335 85.022 21.7087 0.0348301 22.6459 148.243 59.6839 0 24.6468 20.4445 18.4168 22.7162 14.4658 0.365481 0.574562 10.6479 1.77624 
6.23187 3.54729 23.4739 12.6076 56.235 15.111 70.9275 0.239247 33.9595 52.615 36.5989 0.0394411 24.4733 4.44798 0.0326786 0.0354505 12.5194 78.4967 35.2435 0 19.8458 5.06064 0.443696 0.645823 1.25119 11.8699 0.884083 0.0301668 
8.43492 121.15 7.42967 105.163 131.17 53.4841 21.3709 31.3314 110.352 97.3078 1.09465 21.5887 77.2342 43.8747 44.9286 4.15174 1.03431 14.8722 4.17073 54.1297 0 17.1919 18.9694 36.3091 58.2699 39.3102 12.9225 32.8843 
40.2707 12.1981 12.0998 14.8389 2.64785 2.66175 6.32265 0.746195 0.0186161 57.3748 5.37343 3.0501 45.4413 8.27492 9.87147 8.36551 8.94509 41.116 20.5874 5.45844 31.3981 0 0.0578629 13.9681 9.09748 0.611849 4.21043 6.46452 
31.8482 1.85457 0.431974 19.2548 26.8309 4.67118 4.6266 5.12339 43.956 53.6727 75.3389 126.479 18.377 1.6927 0.248241 10.3062 14.7765 2.85038 22.9903 1.64788 14.4147 15.1298 0 14.8665 0.682814 0.944385 3.59869 10.1066 
0.947671 30.2711 2.36173 16.7698 18.7979 17.8984 46.2299 59.5769 71.2363 7.16535 119.217 6.1621 24.0353 3.53638 1.79183 25.2181 7.89355 47.7731 14.2361 2.4697 0.20953 14.0976 19.6998 0 43.1369 14.3175 12.1202 0.111223 
15.1908 42.8834 25.4325 18.3025 10.8696 29.3718 82.6292 23.2448 71.9318 29.9968 109.254 250.761 43.9402 13.8487 17.6995 75.5554 28.4418 41.5442 5.0658 9.8366 9.35691 44.3107 10.7255 33.4553 0 103.072 97.5416 105.33 
24.7931 37.6892 0.778373 44.1229 11.6258 23.3011 98.4483 221.872 113.311 20.7221 71.4952 265.687 34.1044 1.47477 29.9099 20.4556 14.3077 39.1761 22.0745 10.1298 33.9757 10.7194 2.13038 1.15789 9.5301 0 37.9877 29.8645 
25.8537 54.5883 0.644275 8.97411 40.4093 11.3516 39.6931 88.7113 61.283 44.0087 50.0105 36.7177 31.0462 4.10044 15.5686 18.1486 16.1267 44.8634 22.9227 3.5729 33.6569 0.0465363 1.93473 4.17015 43.5796 0.958513 0 7.50577 
20.8357 30.7436 8.00424 27.7143 22.6222 9.11064 70.4593 127.271 38.5194 51.8047 44.1651 147.141 0.0621738 7.77616 22.0931 7.02046 20.0877 35.3608 3.62706 11.5016 0.199338 5.72216 0.370548 7.08577 41.4084 63.5263 89.6183 0 
