0 445.805 165.063 504.759 75.529 565.579 247.114 308.174 594.09 68.3113 186.801 45.476 82.097 27.3875 67.8527 0.164736 457.421 0.0440335 114.859 16.644 12.2855 34.824 12.3993 50.8841 468.806 22.7796 14.9288 50.419 
579.895 0 471.561 690.374 185.839 469.415 330.888 119.39 822.166 2.55893 219.43 62.7111 118.464 52.428 30.9667 11.0879 591.978 733.129 106.537 120.047 144.213 47.27 0.372016 47.8738 448.678 20.5861 35.0474 4.42599 
149.871 43.1581 0 82.302 105.294 62.9023 9.70791 232.765 462.149 108.496 118.251 129.372 72.444 1.91484 0.0293151 10.9885 34.4338 15.8238 10.0685 27.2642 0.775153 10.0394 0.450856 15.5216 27.2454 6.84356 15.3984 21.9342 
687.353 692.826 71.2091 0 163.499 497.159 180.267 794.873 773.631 2.16567 202.348 33.6591 63.6619 0.00324734 18.008 40.0698 473.969 68.8156 1.62379 48.1581 220.861 7.2739 19.4196 3.46578 473.352 13.2486 27.0169 30.7453 
85.1123 22.4173 8.36361 92.5953 0 233.823 30.2285 43.7938 3.40543 332.241 123.225 12.3189 94.3349 63.1177 91.168 40.0385 26.1739 46.0212 146.506 45.9437 15.5275 56.9872 0.0871244 0.637686 21.7129 41.8437 0.0843977 56.4738 
535.179 634.955 4.8335 508.069 608.439 0 533.162 8.04706 478.442 223.271 72.1271 43.8436 550.31 10.4645 27.1328 17.8938 460.746 85.4226 3.0518 11.9615 74.9823 19.4606 11.9707 13.8099 468.117 10.1542 13.6854 3.13554 
214.619 220.577 228.865 26.8743 8.62557 212.699 0 299.474 1285.85 170.197 486.515 95.1588 208.115 92.6065 68.8031 80.7349 64.6025 215.337 118.256 94.0125 143.387 62.8528 1.30456 71.6026 58.8394 0.0564147 55.9183 1.66568 
240.441 126.165 263.116 151.863 186.808 167.41 123.696 0 253.978 137.105 374.346 9.38151 132.203 0.237267 92.7108 243.329 93.3287 181.026 8.28643 102.425 15.8017 2.58357 93.9962 25.9826 175.166 106.32 15.9319 129.026 
677.946 458.143 5.92138 529.986 309.567 476.724 0.0210651 242.953 0 218.1 1636.68 109.059 199.669 115.977 54.7362 29.5195 445.526 219.361 123.945 89.0876 167.894 61.0727 74.2761 80.8762 492.433 124.746 76.5347 28.9941 
151.124 234.984 11.7306 99.0117 327.952 474.363 498.132 93.6917 42.7054 0 531.701 3.32509 289.876 7.16487 23.1441 68.9806 25.873 31.1821 39.2729 44.5454 95.7398 34.9536 34.7248 11.6958 11.4851 73.7259 14.9704 55.2724 
127.03 1.2275 64.8839 7.59126 259.207 136.618 19.6438 338.175 893.383 581.574 0 15.3092 63.7179 13.1661 289.673 189.845 9.76038 15.1668 49.9091 54.1384 0.386948 60.4414 23.9896 42.5001 139.515 56.1402 75.0836 8.3994 
190.242 136.022 9.20217 249.296 157.33 150.213 9.02683 578.454 5.86126 195.056 414.739 0 49.5552 22.2898 211.295 217.113 70.0995 132.01 100.208 67.5276 153.53 2.85031 98.4 27.2228 312.123 0.00735847 0.756208 162.435 
68.3247 148.683 32.044 1.65611 58.9651 18.1236 35.4758 89.0537 24.1404 322.451 211.323 99.5996 0 55.2191 87.6572 49.2482 61.1329 91.5519 60.7598 23.7563 45.3022 26.1823 5.90679 67.9401 11.3186 29.8863 3.42545 40.898 
11.2439 29.7854 7.44467 10.4303 31.9612 12.9651 22.2864 64.9026 57.2572 21.5663 1.40226 47.7228 11.4422 0 9.39573 4.90634 4.25328 22.5739 3.88423 1.29766 15.5617 0.257672 6.59127 0.000526438 2.0678 0.824946 3.93839 11.9668 
0.0253558 47.0133 30.2699 27.5383 92.8991 22.4752 141.938 153.79 96.8216 103.072 353.292 7.38412 12.8727 15.0145 0 89.2809 20.312 36.6659 36.8289 1.10567 0.202682 1.03282 0.0203824 21.2579 0.758868 29.6495 12.9849 10.7234 
71.5779 15.4891 15.7581 30.2875 41.2239 15.8521 96.7114 253.679 108.039 88.3519 185.452 491.252 81.7431 0.445526 6.55196 0 4.85626 61.6631 2.16046 7.06063 56.7528 2.29425 0.842978 29.2623 21.503 7.69732 15.9535 2.80636 
469.941 565.331 4.65265 489.208 139.043 444.703 55.8636 1.62921 555.477 0.837808 71.1377 66.0682 1.92358 6.36497 0.525634 1.46757 0 79.8773 375.137 30.0975 56.1124 16.1728 18.9892 17.1229 455.16 27.344 21.6781 21.4213 
8.65386 463.608 30.6826 144.277 125.202 18.0022 205.804 61.5912 0.880231 33.3014 120.185 149.3 65.9305 9.4444 26.2195 12.1976 0.156232 0 13.8347 87.0653 123.604 5.42898 0.0295526 11.534 17.1919 45.2332 28.3295 24.7231 
115.434 52.0376 61.6212 5.12738 262.903 83.1066 89.8204 70.3744 155.095 69.2129 67.1917 4.45424 83.6379 20.4807 0.317486 24.0347 207.119 74.9815 0 26.7485 24.0244 19.36 22.9402 13.4309 0.737467 1.057 9.80313 1.27365 
34.5614 0.0754151 21.0893 18.5701 47.646 16.9692 77.9478 0.25388 25.999 50.4264 30.9053 0.295826 22.1847 4.31655 0.136928 7.07002e-05 14.472 73.5512 34.255 0 3.77193 5.24122 0.561723 0.465942 1.72632 12.0127 1.14042 0.00014269 
25.4414 136.872 16.4001 179.527 128.959 48.2714 13.9546 47.7159 93.4691 98.6922 3.70221 13.2677 77.7553 44.4802 41.9721 6.50449 2.04106 9.87228 6.15906 160.731 0 18.3122 20.8071 38.4125 56.7183 35.3296 11.2642 30.3967 
40.0209 10.134 11.8439 15.2936 4.07652 3.60604 4.26745 0.193449 0.343331 59.2163 3.22014 5.05711 35.6713 7.36533 11.1704 9.10176 8.20662 41.6128 21.4058 5.29151 31.8222 0 0.08216 13.5592 8.28246 0.389276 4.74827 6.87611 
34.1636 0.860376 0.176482 19.4188 23.6087 3.67109 2.3642 9.50278 35.5772 56.4956 89.5978 126.875 10.318 4.28275 0.132609 11.4747 14.1641 3.94005 22.7941 1.47279 12.6764 14.5039 0 19.8673 1.34112 1.45825 4.40126 10.1463 
2.10914 34.0501 3.21838 18.7951 15.9012 18.0092 41.2688 74.9649 63.7004 4.41534 110.979 19.9602 30.2059 2.07649 0.273085 19.211 8.68207 48.185 15.257 2.78408 0.00840911 13.8624 14.5229 0 41.6458 15.3617 13.578 0.35499 
444.757 468.034 26.6905 451.227 13.9813 457.554 86.599 8.61526 490.472 35.6621 121.852 295.349 46.6659 12.6738 14.4421 75.733 457.551 38.5976 6.16406 9.1235 6.93057 14.2007 6.75028 22.4951 0 24.9142 2.636 4.90132 
19.0373 31.3725 1.86451 42.5146 8.42283 21.5108 95.8002 233.554 124.678 14.9349 51.3385 361.246 30.5828 2.33609 28.1427 14.9094 13.1026 35.7436 23.4007 9.5654 29.9258 10.6085 2.81709 2.14786 8.91349 0 37.5904 43.9466 
23.3644 54.5026 0.326972 10.5018 41.9439 12.323 42.6399 83.6676 57.3133 42.5868 55.2045 46.6551 29.644 4.68941 16.5222 17.5497 16.7683 44.6723 23.3003 3.16349 32.0278 0.00339952 2.59042 2.97038 46.7473 2.92146 0 0.0624335 
17.4565 27.0532 9.4467 25.7841 19.8359 7.78472 72.0855 132.471 45.7036 53.7905 35.6053 128.394 0.344213 8.51693 21.1189 5.07174 20.7542 37.4738 2.91542 11.4471 0.645201 5.29565 0.182276 8.08897 40.9997 61.4795 75.1719 0 
