0 43.1483 125.521 155.179 42.922 128.962 262.978 303.197 116.127 53.3044 177.985 67.2354 88.3017 24.0862 65.1967 1.38551 19.1471 4.81883 116.539 95.2625 31.5944 33.6016 14.6906 53.0978 19.7685 17.1932 12.7178 53.0311 
311.742 0 373.826 173.488 65.126 4.50855 452.822 159.113 405.644 14.3222 241.971 84.2941 128.217 56.791 23.336 6.8667 141.167 585.65 86.4667 104.498 156.988 45.7629 0.0293017 50.9091 7.27654 26.3481 37.4736 6.48039 
108.148 206.928 0 252.323 74.2799 66.3473 41.0977 264.78 456.04 113.173 159.882 104.449 73.311 2.94189 0.671943 13.5032 38.7985 32.1562 14.5676 26.2431 0.257791 10.4954 0.188755 15.2278 26.1768 9.19767 14.5359 22.1592 
140.88 176.471 100.758 0 158.855 59.7626 155.541 1335.46 303.19 0.149047 203.325 69.4312 59.8837 0.0982486 14.3353 42.1217 25.6685 85.7829 0.417 47.0274 338.189 8.0131 19.2571 5.03661 32.9888 8.98298 26.4725 29.3347 
50.8623 2.46917 0.411468 71.1791 0 347.463 0.741023 63.3186 1.54554 323.122 154.541 20.8875 112.812 65.8566 87.2817 34.6393 39.3483 70.6662 86.7902 37.3839 22.1816 56.7948 0.526885 1.47117 18.0494 46.3036 0.344673 55.765 
105.326 148.46 12.2127 67.1013 310.982 0 1362.31 0.408757 153.735 409.7 122.109 60.4672 43.8004 12.4713 22.286 20.2201 20.8363 73.0221 0.318218 13.9191 72.798 19.9644 10.9127 12.744 22.3214 12.3796 12.7475 4.13816 
242.075 92.21 248.322 8.7846 55.9391 789.43 0 225.465 726.897 49.4321 455.541 131.637 217.118 95.6488 50.6451 71.6136 56.4217 197.06 131.884 91.7415 140.935 62.9179 3.10211 71.7802 65.7725 0.455964 57.4542 0.541182 
274.258 87.9139 276.431 236.86 202.01 138.158 199.053 0 434.405 111.314 364.314 258.134 138.574 2.70813 118.075 259.17 95.907 178.251 12.848 94.5491 6.54635 1.41191 98.021 15.1123 156.232 66.4821 21.5619 133.505 
252.184 0.598721 25.1304 156.06 340.952 150.577 415.095 423.523 0 141.39 1249.11 173.249 204.657 102.017 154.511 16.5815 0.623479 216.801 134.444 95.1335 176.907 63.4204 66.313 86.801 60.1019 133.615 74.527 35.8051 
155.376 241.953 4.4865 92.1443 300.975 467.975 414.505 119.607 101.867 0 372.914 0.031913 229.073 2.81512 9.81905 77.3423 20.7313 21.5016 51.1681 41.2034 93.0655 30.4762 39.5274 15.6213 15.9521 70.6454 12.7359 56.4327 
143.92 0.829542 105.09 0.656794 250.188 85.2783 0.246499 296.958 851.367 460.914 0 74.3782 94.5356 1.23517 380.52 215.217 6.74935 23.684 40.5664 48.4035 2.2593 56.2555 36.2155 30.4971 144.396 76.5985 71.2777 13.7216 
207.164 157.82 1.38631 259.601 166.23 140.459 26.5472 942.883 0.891524 167.361 487.162 0 62.0942 9.25145 159.268 398.488 66.3323 138.603 99.1976 73.9913 160.36 1.39071 86.6141 49.7229 291.579 34.4932 0.00672862 172.127 
60.9566 147.509 26.2148 0.456965 42.1141 9.9873 58.5556 77.7701 39.8779 282.703 233.143 112.019 0 87.4796 100.961 57.7314 59.4286 86.6886 55.2018 21.4628 41.5138 17.7727 12.5348 69.6572 14.2352 26.3115 2.54201 39.5048 
8.6816 34.9198 6.00999 8.67482 27.0174 10.9645 30.7603 77.8535 41.388 13.9083 1.86863 28.723 0.66534 0 0.00446666 8.76146 5.01868 25.4704 2.92763 1.09548 13.4099 0.0412045 8.80901 0.239184 3.13156 0.331755 4.52304 11.9206 
0.591998 38.5713 32.311 30.8114 89.7918 17.5501 137.371 132.416 61.3671 118.449 406.137 0.443326 24.7394 39.4127 0 69.1142 18.9495 40.9569 37.6629 1.51433 1.55976e-05 0.498919 0.515925 24.6277 0.0852201 27.7355 14.1121 8.89367 
75.462 21.1576 13.2794 25.3402 46.5433 13.3239 90.6446 259.211 123.528 83.3415 149.444 453.499 77.8921 2.43682 2.29636 0 3.96534 61.6703 3.07024 7.58572 53.9888 1.67754 0.178559 27.0425 25.5621 3.55326 16.8519 1.52238 
19.145 132.801 2.43112 48.4032 147.195 1.0067 64.0523 0.480724 113.209 2.36135 66.2965 62.0475 0.939091 5.53103 0.965412 0.968215 0 35.5568 196.951 28.7313 58.6452 16.8 18.8323 16.4772 9.94208 27.3167 21.9178 21.9873 
23.6942 382.516 14.7353 138.803 96.6347 9.90519 221.649 76.3223 5.89015 44.4492 107.465 151.295 59.4048 11.7629 22.094 9.41787 8.47234 0 6.27304 85.3033 123.392 6.60205 0.0186355 9.62493 20.099 42.0337 29.9899 27.0526 
116.692 71.4102 61.2333 2.72534 213.587 88.0587 72.938 78.0525 153.589 81.258 57.4026 7.21234 81.4658 19.1773 0.880257 25.3241 244.816 90.2877 0 28.7159 27.7453 20.2553 23.0724 12.3848 1.23465 1.67884 8.97012 0.851038 
79.9334 1.79367 18.3562 24.9199 39.0534 18.7019 83.9681 2.22794 18.7928 47.8083 25.4365 1.64686 19.8893 4.16693 0.311556 0.0420499 16.4596 67.7735 33.0133 0 65.5913 5.41133 0.691254 0.313426 2.26552 12.0684 1.42518 0.0224451 
50.1596 150.78 28.2203 166.259 125.434 42.8614 7.98117 66.3841 76.5883 99.313 7.79437 6.83468 77.9045 44.8552 38.8391 9.31216 3.37337 5.8235 8.49227 269.943 0 19.4236 22.6384 40.3545 54.8006 31.2858 9.68269 27.8608 
39.6305 8.2178 11.5401 15.6949 5.78429 4.65963 2.59166 0.000214803 1.06866 60.4375 1.59842 7.52598 26.3511 6.39001 12.4145 9.77778 7.48027 41.9806 22.1617 5.11387 32.1741 0 0.653823 12.9062 7.42887 0.215401 5.29901 7.27718 
36.356 0.240262 0.0327731 19.4167 20.4472 2.76009 0.838758 15.0547 27.6376 58.6264 102.759 124.511 4.36568 7.06142 1.47824 12.2175 13.5262 5.1866 22.5073 1.3022 11 13.3785 0 20.5629 2.68824 2.06232 5.24368 10.1181 
3.70634 37.7829 4.16966 20.6774 13.157 17.957 36.2 90.0772 55.8144 2.28921 100.759 40.3535 36.5367 0.931144 0.0937782 12.1346 9.48134 48.3782 16.2527 3.10243 0.0754033 13.3715 7.48093 0 37.0462 16.1245 14.934 0.73145 
0.736194 19.1152 27.6034 10.3271 17.3737 11.3908 89.506 0.981178 35.2734 41.3303 132.237 891.181 49.1028 11.3619 11.2387 32.0972 12.2923 35.5541 7.3413 8.38306 4.82755 80.7799 3.50957 14.5289 0 65.9661 109.119 121.043 
13.8264 25.3008 3.37285 39.9173 5.67615 19.5184 91.6115 230.738 133.565 9.89623 33.1911 399.47 27.0109 3.34498 25.621 9.53703 11.9019 32.2484 24.6481 8.94955 25.902 10.4468 3.56125 3.38678 9.08308 0 36.1014 55.5869 
20.8963 54.1759 0.115158 12.0736 43.3538 13.2732 45.4521 77.9304 53.1157 40.9654 60.2134 57.0047 28.1697 5.2894 17.3781 16.7881 17.3867 44.3478 23.623 2.76932 30.3288 0.0098451 3.31669 1.94249 49.6157 5.82848 0 5.09395 
14.2634 23.4326 10.9184 23.6494 17.1382 6.51176 73.1121 135.119 52.9748 55.3619 27.5553 106.967 0.851111 9.213 19.9075 3.36085 21.3743 39.4892 2.27292 11.3409 1.34097 4.86902 0.0594003 9.07559 39.406 53.4614 53.0117 0 
