0 46.3215 124.706 158.485 42.3647 130.377 263.178 302.968 116.785 53.0231 177.786 67.68 88.4151 24.023 65.1395 1.42047 20.5734 4.98675 116.554 97.0426 32.0419 33.5771 14.7358 53.1366 20.9826 17.0911 12.6764 53.0784 
316.584 0 370.725 173.292 63.2928 5.58477 454.721 159.877 407.21 14.6376 242.344 84.723 128.389 56.8708 23.1961 6.79438 142.315 729.213 86.0766 104.171 157.209 45.7321 0.0264848 50.9647 8.64033 26.4629 37.5195 6.52337 
107.318 210.686 0 254.838 73.6936 66.3772 41.8819 265.209 454.85 113.229 160.652 103.956 73.3183 2.96338 0.692402 13.5513 38.8799 32.5145 14.66 26.2174 0.285598 10.5038 0.184796 15.2206 26.1528 9.24475 14.5188 22.1616 
140.212 176.279 100.672 0 158.713 61.1807 155.001 1290.08 303.7 0.133297 203.269 70.2062 59.806 0.102759 14.2661 42.1498 26.8938 86.1049 0.40146 46.9895 453.992 8.02734 19.2524 5.06907 34.3628 8.90674 26.4604 29.3047 
50.2654 2.86641 0.357399 70.7698 0 350.528 0.593598 63.7171 1.69662 322.703 155.136 21.0718 113.16 65.9033 87.1949 34.5355 39.6203 71.1723 85.7163 37.2217 22.3189 56.7879 0.538956 1.49047 17.981 46.3878 0.351385 55.7486 
106.886 148.882 12.3814 68.4447 434.089 0 1492.7 0.356132 157.899 338.002 123.116 60.7993 84.3473 12.5096 22.1912 20.263 22.2248 72.7772 0.292915 13.9565 72.7491 19.9725 10.8918 12.7228 23.5927 12.423 12.7292 4.15853 
242.519 90.1252 248.472 8.52781 57.2081 797.056 0 223.979 711.824 47.7086 454.499 132.354 217.223 95.6898 50.3051 71.4293 56.2634 196.659 132.124 91.6834 140.871 62.9148 3.14386 71.7766 65.9013 0.479954 57.4809 0.525521 
274.812 87.2121 276.471 237.071 202.266 137.559 200.546 0 437.742 110.814 363.948 265.524 138.682 2.78148 118.55 259.27 95.9505 178.173 12.9444 94.385 6.40622 1.39273 98.0857 14.928 155.817 65.7621 21.6762 133.566 
253.769 1.92706 26.5543 158.781 341.393 154.73 429.257 426.896 0 139.959 1037.44 174.539 204.708 101.726 157.356 16.3634 1.92352 216.708 134.628 95.239 177.054 63.4625 66.1548 86.9061 61.6366 133.758 74.4839 35.9397 
155.429 241.991 4.37898 91.9943 300.237 465.795 412.214 120.106 103.181 0 369.375 0.0471857 227.734 2.75028 9.61254 77.4884 20.6361 21.3298 51.4024 41.1366 93.0073 30.3898 39.6178 15.7005 16.0434 70.5756 12.694 56.4506 
144.23 0.901692 105.899 0.597212 249.945 84.3419 0.350176 296.047 849.898 457.807 0 75.8929 95.1572 1.12865 381.713 215.587 6.69644 23.8637 40.3913 48.2921 2.31036 56.1724 36.4671 30.2789 144.459 77.0002 71.2001 13.835 
207.447 158.222 1.30283 259.645 166.381 140.24 26.9667 947.541 1.0181 166.794 488.177 0 62.3411 9.05222 158.202 401.412 66.2574 138.718 99.1714 74.1102 160.472 1.36763 86.3757 50.2013 290.197 35.809 0.0100659 172.261 
60.8133 147.464 26.105 0.441157 41.8081 10.5566 59.0379 77.5514 40.2107 281.673 233.495 112.251 0 88.1024 101.189 57.8889 59.3929 86.5897 55.0923 21.4186 41.4406 17.6225 12.683 69.6794 14.2935 26.2428 2.52621 39.4762 
8.63494 35.019 5.98296 8.6416 26.9236 10.9258 30.9308 78.098 41.0971 13.7738 2.00476 28.3932 0.586145 0 0.0165606 8.83948 5.03387 25.5264 2.91039 1.09171 13.3693 0.0388502 8.84017 0.248826 3.15374 0.324373 4.53443 11.9187 
0.610151 38.411 32.3431 30.8708 89.7193 17.4564 137.238 131.969 60.7306 118.7 406.455 0.534405 24.9968 39.8804 0 68.4813 18.9229 41.0386 37.6763 1.52274 2.07968e-05 0.490465 0.539801 24.6833 0.0788146 27.6912 14.1332 8.85904 
75.5268 21.2725 13.2311 25.2419 46.6441 13.275 90.512 259.107 123.802 83.2251 148.691 451.409 77.8021 2.48905 2.53894 0 3.94892 61.6661 3.08914 7.59541 53.9314 1.66647 0.170495 26.9685 25.6351 3.48675 16.8678 1.50118 
20.3296 134.307 2.39506 49.7683 147.323 2.327 64.2085 0.465242 114.54 2.39801 66.2009 61.9681 0.923512 5.51535 0.975107 0.95957 0 34.8466 236.98 28.7034 58.6915 16.8118 18.8288 16.4645 11.2264 27.3151 21.922 21.9977 
24.0496 381.965 14.4785 138.661 96.0915 9.77073 221.897 76.6108 6.02892 44.6729 107.214 151.319 59.278 11.8094 22.0163 9.36726 8.8426 0 6.15499 85.2578 123.377 6.6255 0.0202925 9.58951 20.156 41.9706 30.0215 27.0974 
116.699 71.7946 61.2157 2.68617 212.507 88.1284 72.6135 78.1968 153.535 81.4838 57.2151 7.27143 81.4165 19.1516 0.893749 25.3479 245.173 90.5778 0 28.7522 27.8178 20.272 23.074 12.3646 1.24541 1.69214 8.95425 0.843714 
80.912 1.87736 18.3011 25.0427 38.89 18.7337 84.0726 2.28476 18.6632 47.7541 25.3342 1.68343 19.8453 4.16389 0.315593 0.0436111 16.498 67.6552 32.9871 0 67.3989 5.4145 0.69385 0.310764 2.27648 12.0686 1.43092 0.0233867 
50.6977 151.026 28.4711 165.504 125.354 42.7562 7.88139 66.7605 76.267 99.3173 7.88721 6.73075 77.9037 44.8602 38.7774 9.37023 3.40215 5.75549 8.54035 271.698 0 19.4448 22.6734 40.3901 54.7603 31.2078 9.6531 27.8117 
39.6217 8.18256 11.5338 15.702 5.81979 4.68083 2.5633 4.21576e-05 1.08649 60.4547 1.57258 7.57773 26.179 6.37082 12.4377 9.79009 7.46646 41.9864 22.1755 5.11035 32.1801 0 0.669976 12.8914 7.41224 0.212549 5.30971 7.28476 
36.3968 0.232075 0.0311258 19.4151 20.3872 2.74356 0.816911 15.1721 27.4908 58.6601 102.996 124.438 4.27448 7.1102 1.51767 12.2271 13.5137 5.21209 22.5009 1.29897 10.9685 13.3524 0 20.5283 2.72039 2.07472 5.2602 10.1169 
3.7411 37.8539 4.18876 20.7119 13.106 17.9544 36.1022 90.36 55.6606 2.25482 100.546 40.7997 36.6588 0.913014 0.103791 11.9991 9.49678 48.3797 16.2716 3.10857 0.0793241 13.3596 7.34861 0 36.9314 16.1361 14.9588 0.739936 
2.05102 20.3317 27.6174 11.6988 17.4413 12.6573 89.551 0.907923 36.3744 41.4384 132.412 939.379 49.1466 11.3356 11.1786 31.4347 13.5757 35.4949 7.36466 8.36861 4.79045 81.2695 3.45621 14.5134 0 68.0794 103.808 120.374 
13.7324 25.1876 3.4057 39.8584 5.62812 19.4784 91.5166 230.541 133.709 9.80773 32.8696 399.513 26.9421 3.3656 25.5661 9.43957 11.8789 32.1809 24.6713 8.93725 25.8253 10.4432 3.576 3.41269 9.09405 0 36.0625 55.7699 
20.8492 54.1673 0.112133 12.1041 43.3796 13.2912 45.5047 77.814 53.0331 40.9323 60.3074 57.2055 28.1407 5.30099 17.3935 16.772 17.3983 44.3403 23.6287 2.76191 30.2955 0.0104552 3.33126 1.92458 49.6659 5.89261 0 5.30942 
14.2041 23.3639 10.9468 23.6066 17.0873 6.48795 73.1259 135.144 53.1144 55.3878 27.4069 106.538 0.863027 9.22587 19.8821 3.33069 21.3857 39.5269 2.26127 11.3384 1.35679 4.86082 0.0576911 9.09427 39.3647 53.2578 52.5473 0 
