0 639.506 80.2565 709.664 17.0988 581.052 267.751 283.55 529.773 38.4957 165.545 92.7345 94.1721 20.6424 61.7244 3.93279 474.443 18.0993 116.455 156.572 59.8317 32.2054 17.2248 55.0109 463.192 11.9329 10.5125 55.444 
935.714 0 175.58 540.751 2.36055 450.393 521.581 200.104 852.344 36.1295 258.649 108.364 136.733 60.9227 16.1106 3.42726 579.302 668.542 65.2451 85.4093 167.678 43.9652 0.086127 53.7947 459.034 32.8351 39.9413 9.02323 
63.6941 398.546 0 278.234 43.901 65.8946 91.3686 276.543 341.378 114.229 198.592 77.2863 73.1775 4.20801 2.23313 16.1128 43.0866 53.7845 19.9149 24.5163 3.86969 10.9381 0.0329963 14.7523 24.687 11.862 13.5645 22.1841 
494.149 543.499 383.343 0 148.231 513.1 123.297 375.255 694.561 0.587632 196.087 115.147 55.3624 0.494493 10.6635 42.9884 469.536 102.952 0.000549186 44.0842 665.028 8.79823 18.9077 6.93206 484.735 5.18689 25.7118 27.5355 
22.56 65.6565 3.08613 49.3561 0 452.339 16.6981 86.1613 19.9984 287.699 186.119 32.0082 131.209 68.0732 81.8847 28.995 55.0702 99.7255 35.3398 28.6999 30.2116 56.2391 1.38957 2.71284 14.4182 50.8178 0.809281 54.7126 
566.101 546.981 22.6165 516.099 694.967 0 532.303 2.88884 766.305 971.802 177.151 79.0591 240.446 14.5381 17.0827 22.4336 473.718 59.3958 0.484705 15.9386 69.7315 20.3235 9.7369 11.5435 468.58 14.7762 11.7283 5.31291 
261.028 10.8218 243.462 0.282749 140.84 770.276 0 144.286 53.7727 0 377.228 170.963 218.874 96.8844 32.9583 61.1215 47.7368 172.67 143.631 87.7627 136.481 62.5096 5.78677 71.1851 72.5376 2.67121 58.7562 0.0211137 
298.366 52.22 266.453 369.599 213.921 104.249 279.465 0 590.926 84.1074 335.168 708.241 143.661 8.13146 142.739 252.848 97.9452 172.655 18.5984 84.9181 1.06568 0.549819 100.835 6.53252 131.109 31.3014 28.1616 135.419 
711.279 465.761 149.567 680.306 355.166 763.111 1165.79 583.695 0 69.4431 1305.59 244.433 204.931 85.0776 130.237 6.60186 449.099 209.337 143.49 100.267 183.452 65.5449 57.428 92.0365 520.937 139.84 71.9113 43.3307 
156.629 238.688 0.489198 83.0223 250.364 288.555 266.26 146.548 179.956 0 177.327 5.2556 151.141 0.358374 1.63559 84.4032 15.7286 12.9439 64.1983 37.3967 89.5023 25.7437 44.3396 20.1554 21.2189 66.2538 10.5018 57.161 
159.969 9.18234 149.568 1.59356 233.146 39.3191 32.2289 241.949 760.764 269.239 0 173.397 129.519 2.51612 406.594 228.014 4.13099 34.3608 31.2899 42.238 5.88698 51.56 50.739 19.3948 146.038 98.6609 66.785 20.5246 
220.096 178.731 0.65449 253.372 173.357 126.853 53.684 1004.03 20.0048 135.001 518.095 0 75.8713 1.45008 100.389 494.459 62.0889 144.238 97.3863 80.19 165.373 0.405129 73.0644 77.7507 343.607 134.204 1.18311 176.282 
53.0364 143.832 20.3531 0.000680865 26.5628 64.1583 86.616 65.7487 59.5894 215.173 248.254 124.194 0 119.752 111.607 65.9536 57.3015 80.9749 49.0654 19.0389 37.4808 10.2947 21.6832 70.249 17.55 22.555 1.74244 37.8433 
6.27123 40.365 4.57173 6.89413 21.9701 8.85028 40.4576 90.8562 26.5067 7.35093 16.1467 13.0554 3.74604 0 11.2672 12.9967 5.87567 28.5502 2.04786 0.89515 11.2379 0.0146552 9.66936 1.03398 4.43207 0.0479816 5.15533 11.7577 
1.98915 29.9765 33.6435 33.8385 85.1365 12.5501 127.746 106.527 30.2475 129.355 382.263 17.7307 40.1483 59.1404 0 29.6025 17.4704 45.3835 38.2491 2.00473 0.219041 0.14 2.57754 27.0695 0.104964 24.9197 15.2367 7.03592 
78.4301 27.7609 10.622 19.8713 51.9627 10.6643 82.5589 242.014 136.96 75.9355 106.597 286.465 72.1206 5.90667 30.291 0 3.10533 61.2059 4.18374 8.09322 50.621 1.11574 0.0122742 21.5551 29.2001 0.784331 17.6399 0.569156 
461.203 590.642 0.837951 499.668 152.458 450.425 72.488 0.00549059 562.29 4.77861 60.9234 57.5857 0.274791 4.69259 1.56881 0.549347 0 6.61116 89.6209 27.1116 61.0548 17.4296 18.6106 15.7561 457.019 27.1725 22.1225 22.5281 
46.4486 373.706 3.82264 129.131 67.8095 3.80787 231.742 92.3334 15.7949 57.1656 93.4241 151.797 52.397 14.4079 17.9439 6.80704 39.4849 0 1.41917 82.1778 121.941 7.94252 0.213826 7.75071 23.2902 38.4939 31.6968 29.5034 
116.157 92.7641 59.7154 0.981207 150.235 90.3778 55.3903 85.7673 149.256 93.1371 47.2331 10.782 78.3575 17.7327 1.77097 26.5637 242.121 105.775 0 30.6163 31.7869 21.1431 23.1111 11.2751 1.89205 2.48152 8.10638 0.494113 
135.423 9.11363 15.2317 31.5633 30.2749 20.3481 89.0296 6.37362 12.2125 44.6282 20.0072 4.23256 17.4828 3.99047 0.570465 0.169865 18.5698 60.9364 31.4465 0 182.413 5.57892 0.839671 0.183587 2.89814 12.0314 1.75524 0.102741 
82.4967 162.927 43.0293 165.111 120.36 37.0469 3.39693 87.7723 59.35 99.128 13.643 2.27415 77.6561 44.9969 35.3806 12.7201 5.12195 2.6581 11.3059 330.523 0 20.5836 24.5511 42.2088 52.4035 27.0142 8.10601 25.1542 
39.0677 6.37242 11.1694 16.0576 7.87276 5.87369 1.25789 0.189255 2.26239 61.0251 0.487873 10.6016 17.4697 5.32408 13.6394 10.4128 6.72927 42.2266 22.8871 4.91532 32.4659 0 1.80748 11.9771 6.51304 0.0863551 5.89085 7.68701 
38.5126 0.000663012 0.00528516 19.2339 17.2154 1.91318 0.0639398 22.0288 19.9669 60.0644 114.781 119.12 0.753714 9.1567 4.31469 12.4733 12.8279 6.66425 22.1079 1.12811 9.30999 11.7357 0 16.2967 4.76819 2.78321 6.16219 10.015 
5.84084 41.6191 5.25711 22.4586 10.458 17.7256 30.8345 104.936 47.3171 0.776064 88.2767 67.0693 43.1786 0.189311 1.37893 5.3258 10.3332 48.3425 17.2702 3.4399 0.437144 12.5948 1.56397 0 29.6235 16.5911 16.2187 1.26591 
449.899 462.678 28.1656 462.405 21.2137 457.515 91.3405 1.18143 472.878 47.17 140.294 41.8897 51.3244 9.87097 8.06232 31.849 459.309 32.2673 8.6613 7.58033 2.98719 31.0932 1.15187 24.1681 0 49.1977 128.63 18.0485 
9.05912 19.3044 5.36816 36.2358 3.31891 17.2498 85.6607 212.399 139.811 5.56094 17.4508 362.864 23.2447 4.53309 22.3 4.72622 10.6472 28.5336 25.8684 8.25206 21.7482 10.2224 4.39092 4.91274 10.1095 0 33.4364 62.6567 
18.3349 53.5713 0.00854472 13.7608 44.698 14.2451 48.246 71.2396 48.4886 39.0523 65.2253 68.0552 26.5434 5.92839 18.163 15.8224 18.0126 43.8618 23.9029 2.37187 28.4691 0.0705556 4.14794 1.07165 51.961 9.74056 0 22.4401 
11.1388 19.7319 12.478 21.2213 14.4119 5.24321 73.5264 135.028 60.5882 56.5441 19.8287 82.9716 1.62621 9.88699 18.4021 1.88126 21.9757 41.496 1.67331 11.1733 2.3411 4.42066 0.00240672 10.08 36.611 40.2883 27.7981 0 
