0 614.529 70.7165 663.62 12.9062 515.417 267.086 277.461 456.748 35.4726 162.45 98.5047 95.3461 19.9032 60.8837 4.65282 410.197 22.0364 116.182 158.654 66.8289 31.8878 17.7898 55.3663 396.318 10.889 10.0518 55.9188 
898.907 0 133.106 458.832 0.00551367 386.778 525.771 208.582 781.857 41.9911 261.191 113.677 138.315 61.7486 14.6743 2.82725 510.841 1084.42 60.7427 81.031 169.578 43.5469 0.155842 54.3752 393.996 34.2877 40.4639 9.62511 
54.753 428.486 0 252.486 37.968 65.2322 103.69 275.811 306.456 113.915 205.782 71.4684 73.0047 4.50477 2.68669 16.6638 43.9644 58.9144 21.1432 24.0595 5.20749 11.0288 0.0159579 14.627 24.3171 12.4571 13.3457 22.1603 
413.247 461.421 374.373 0 145.204 448.007 115.785 354.001 613.405 1.03487 193.424 125.613 54.3142 0.620483 9.90574 42.9924 402.713 106.49 0.0287613 43.2232 232.508 8.96932 18.8077 7.3724 419.535 4.47723 25.5215 27.1051 
17.7459 89.4088 5.17711 44.87 0 444.073 26.4663 91.3433 26.6454 276.954 192.599 34.6841 134.977 68.4587 80.5479 27.7851 58.6721 106.293 26.6901 26.8869 32.0816 56.0704 1.63093 3.0314 13.6648 51.7667 0.9362 54.4427 
502.515 470.417 25.1184 450.016 1060.77 0 764.879 4.86763 733.8 567.706 188.584 83.1547 549.558 14.974 15.968 22.8744 408.857 56.4169 0.941503 16.3666 68.9655 20.3775 9.47506 11.2739 402.237 15.2981 11.5032 5.58305 
263.592 3.45011 238.926 1.21175e-05 162.407 660.1 0 127.423 5.54215 2.43517 355.44 179.353 218.173 96.8764 29.4368 58.7612 45.8584 166.805 145.769 86.6922 135.266 62.3558 6.47357 70.9493 73.9168 3.39265 58.9946 0.000265153 
301.779 45.3729 261.084 421.334 215.893 96.7724 295.865 0 614.99 78.3389 326.545 798.287 144.531 9.67583 147.617 248.351 98.2926 171.085 19.968 82.6728 0.485983 0.414345 101.242 5.10763 125.139 25.0713 29.6752 135.44 
646.502 407.648 185.514 629.615 355.468 730.812 1257.32 608.934 0 56.2748 1212.5 259.557 204.302 81.1718 120.891 4.99658 383.409 207.088 145.149 101.198 184.448 65.9567 55.4531 93.0228 457.768 140.732 71.2769 44.9993 
156.452 236.533 0.150028 80.8201 237.074 243.397 231.101 152.206 197.811 0 139.01 7.55972 133.957 0.130692 0.753379 85.6588 14.7068 11.335 67.0468 36.5368 88.6302 24.7227 45.3391 21.1853 22.4281 65.1552 10.0346 57.2503 
163.16 12.1593 158.951 2.933 228.5 31.1912 45.8983 228.94 702.158 226.335 0 198.139 137.22 4.71228 401.105 228.673 3.64079 36.8903 29.3718 40.8911 6.89603 50.5064 54.0513 17.2427 145.903 103.383 65.7482 22.1508 
222.166 182.903 1.5416 249.712 174.577 123.504 60.591 962.88 27.3281 127.745 517.808 0 78.9076 0.637795 88.0738 494.655 61.1324 145.272 96.8923 81.4398 166.15 0.267979 70.0229 84.18 367.448 161.103 1.70621 176.317 
51.3071 142.707 19.1325 0.0134194 23.556 75.3664 93.0405 63.144 64.2159 198.354 250.339 126.682 0 125.927 113.37 67.6056 56.7955 79.6597 47.7038 18.5133 36.6014 8.89623 23.9148 70.2079 18.2993 21.7456 1.58705 37.457 
5.79025 41.5427 4.27353 6.5206 20.9048 8.39687 42.6342 93.5379 23.6104 6.16801 20.9911 10.3745 6.39004 0 16.0961 13.8617 6.06846 29.2205 1.87502 0.853496 10.7808 0.0367536 9.6103 1.27392 4.73548 0.019816 5.29443 11.7069 
2.40019 28.1759 33.8133 34.4276 83.9479 11.5179 125.054 100.641 24.705 130.88 366.506 24.6378 43.7787 61.0717 0 21.5092 17.144 46.3264 38.3355 2.11903 0.325829 0.0907784 3.21487 27.421 0.209843 24.2144 15.4709 6.64624 
78.9118 29.2662 10.049 18.6797 53.1047 10.0959 80.6001 235.344 139.401 74.071 97.1805 242.143 70.6551 6.78847 39.0289 0 2.92973 61.0407 4.44597 8.19652 49.8319 1.00671 0.0516375 20.0557 29.8743 0.439059 17.7879 0.420682 
394.104 526.441 0.598825 434.368 153.119 384.893 74.2771 0.00373871 496.433 5.41155 59.7239 56.5887 0.182233 4.51627 1.71879 0.473297 0 3.28121 398.963 26.7368 61.5411 17.562 18.5548 15.594 390.879 27.1254 22.1604 22.6379 
52.1933 359.08 2.36153 126.543 61.8966 2.84529 232.961 95.8376 18.5453 60.0263 90.3178 151.685 50.8654 15.0079 17.0747 6.28644 48.8427 0 0.814224 81.3322 121.46 8.24775 0.284517 7.36347 23.9987 37.7051 32.0614 30.0341 
115.787 97.4146 59.2376 0.714681 135.997 90.4657 51.6911 87.3794 147.951 95.5592 45.0649 11.6448 77.5747 17.4103 2.00437 26.8157 236.29 108.988 0 31.003 32.6782 21.328 23.1057 11.0335 2.05285 2.67562 7.92078 0.428813 
147.25 11.4126 14.534 32.9524 28.4334 20.677 89.9368 7.54575 10.939 43.8846 18.882 4.94895 16.9636 3.94966 0.636772 0.208956 19.0282 59.3658 31.0725 0 209.066 5.6137 0.873491 0.159707 3.04387 12.0103 1.83098 0.127945 
90.1289 165.174 46.4818 179.083 119.079 35.7783 2.6467 92.5714 55.7341 98.9727 15.1142 1.59988 77.5466 44.9928 34.6113 13.517 5.54797 2.1267 11.9636 332.33 0 20.834 24.9635 42.5838 51.8335 26.0905 7.77631 24.5632 
38.9248 5.99649 11.0822 16.1281 8.36448 6.15012 1.02894 0.284122 2.57974 61.0554 0.330123 11.3316 15.7118 5.09075 13.8911 10.5391 6.56817 42.2606 23.0346 4.87065 32.5184 0 2.12596 11.7454 6.31487 0.0658429 6.02076 7.77417 
38.9582 0.00572061 0.0163997 19.1696 16.5302 1.74614 0.0116364 23.6803 18.4164 60.2623 117.081 117.572 0.358891 9.41217 5.09394 12.4537 12.6727 7.00699 22.008 1.09114 8.95413 11.3277 0 14.8543 5.29817 2.94988 6.36464 9.98256 
6.36383 42.4347 5.50312 22.8134 9.90058 17.6514 29.6748 107.944 45.4654 0.550708 85.3813 73.3517 44.5969 0.10069 1.85019 4.1124 10.5194 48.3019 17.4864 3.51328 0.555449 12.3931 0.805452 0 27.7759 16.6442 16.475 1.40008 
384.324 395.836 28.2313 397.4 22.08 391.177 91.5655 2.36725 404.86 48.4068 141.61 56.7607 51.7567 9.53649 7.41317 40.2311 393.154 31.5448 8.95834 7.40357 2.641 17.0177 0.804481 28.8942 0 22.5413 141.695 63.6929 
8.13465 18.0695 5.8508 35.3235 2.88396 16.7393 84.1751 206.509 140.709 4.7665 14.6001 345.224 22.4313 4.8044 21.5066 3.85768 10.3765 27.7257 26.1197 8.09468 20.8633 10.1663 4.57564 5.26875 10.4441 0 32.7217 63.3045 
17.7853 53.4045 0.00148295 14.1299 44.9702 14.4517 48.8276 69.7093 47.4598 38.61 66.2714 70.445 26.1808 6.06762 18.3166 15.5919 18.1451 43.7366 23.9554 2.28808 28.0561 0.0911229 4.33643 0.913736 52.3335 10.6846 0 27.4181 
10.4965 18.9473 12.8157 20.6739 13.8375 4.97904 73.5241 134.612 62.2212 56.7342 18.2726 77.7253 1.82715 10.0242 18.047 1.60977 22.0992 41.9149 1.55383 11.1294 2.59441 4.32356 4.2637e-05 10.2917 35.8767 37.0452 22.797 0 
