0 971.591 13.0888 790.863 0.497455 575.481 242.007 213.052 475.375 15.4846 134.762 143.462 102.976 14.4099 53.5024 12.0447 489.115 62.9278 111.051 218.06 126.615 29.2853 22.2607 57.3237 454.901 4.27244 6.76442 58.919 
998.774 0 15.9223 449.445 117.154 499.692 424.763 263.77 766.165 96.8552 266.49 153.788 146.873 67.0987 5.58845 0.122228 552.602 743.081 29.3459 47.0876 178.517 40.021 1.38298 58.21 466.717 45.7239 44.2848 14.7957 
5.95538 390.806 0 13.1649 5.36082 53.9975 196.773 232.204 46.5145 105.118 239.665 31.1356 69.9647 6.97947 7.38175 20.5324 49.8793 100.262 31.0756 19.7305 21.5328 11.6553 0.0914852 13.4162 20.9892 17.0668 11.5854 21.6255 
467.625 449.874 163.774 0 114.876 515.206 58.124 914.174 550.217 8.5768 161.395 202.524 45.6147 2.05115 4.7742 40.7984 461.115 129.884 1.68087 34.4074 568.278 10.2822 17.7602 11.0169 489.017 0.68112 23.7742 23.3879 
0.0044865 333.652 37.5232 15.8507 0 296.187 160.393 132.134 103.732 170.919 234.91 57.8463 159.906 70.1978 68.583 18.8729 87.3841 156.826 1.25969 14.296 47.6879 54.2027 4.12067 6.04567 8.38248 58.5556 2.22212 51.8849 
579.343 468.19 45.0102 509.566 864.024 0 456.781 35.9442 921.283 476.625 257.217 113.739 106.285 18.0526 8.07012 25.6612 482.066 34.2832 9.30173 19.441 61.981 20.4926 7.42245 9.13025 463.787 19.2203 9.74373 7.81309 
262.947 82.0488 169.805 16.7633 331.412 118.319 0 25.6214 940.385 164.745 165.485 237.536 200.107 93.4711 8.06205 40.3595 31.8375 117.567 156.434 76.2313 123.152 60.3972 12.8995 67.8767 83.1458 11.6652 60.2681 0.962862 
303.771 7.55777 188.637 443.186 222.959 43.2786 391.122 0 630.681 38.1121 239.31 954.983 148.219 25.4715 176.426 182.605 99.7678 155.066 31.7723 64.1368 3.60773 0.0135506 101.813 0.00468 76.7899 0.0603808 42.046 130.824 
704.729 572.854 437.583 773.213 324.233 921.671 526.776 635.39 0 0.429485 284.074 358.545 191.352 50.1466 210.08 0.153964 451.96 182.91 153.764 105.938 186.67 68.4827 40.154 98.5792 543.012 141.716 65.6551 57.9711 
149.697 203.974 4.08944 61.9797 123.424 48.229 20.7724 190.984 323.62 0 2.14463 38.1946 25.8423 2.16729 5.35543 91.4432 7.78402 2.36569 88.278 29.6498 80.8351 17.1245 52.2648 29.4589 32.2805 55.2295 6.69931 57.0878 
183.23 47.6574 218.816 26.105 183.487 2.44605e-05 208.814 126.066 166.665 5.87212 0 391.104 193.518 42.3785 247.398 207.838 0.87364 58.4113 16.1415 30.6297 17.1794 42.1092 80.1748 4.55432 138.982 136.496 57.1544 36.1269 
228.35 209.128 20.4251 197.562 179.724 94.3121 122.178 277.885 115.1 72.9081 433.49 0 102.143 5.47881 14.9732 271.076 53.431 150.759 91.9203 89.6568 168.163 0.163889 46.4809 133.182 265.408 354.661 8.85215 166.124 
38.149 130.378 10.6342 1.46855 5.96274 71.3894 143.062 43.6733 102.332 70.2629 250.823 143.402 0 155.281 119.257 78.1214 52.4109 68.8041 37.0885 14.5263 29.8616 1.39069 42.9798 67.8465 24.3277 15.704 0.622995 34.2048 
2.66455 50.3489 2.22405 3.87727 13.2565 5.09964 59.5637 111.531 6.64363 0.454503 74.4209 0.0105141 46.4908 0 56.3702 18.6864 7.62198 34.3311 0.782834 0.558699 7.47829 0.538518 6.50424 3.73446 7.24871 0.216589 6.37335 11.135 
6.80227 15.5641 33.6082 37.9625 72.9321 4.68243 98.5233 55.739 1.28172 131.353 168.865 106.032 72.9403 41.7102 0 6.15809 14.5919 53.2396 38.4931 3.08232 1.8566 0.0701368 9.79235 27.7123 2.19843 17.9895 17.1248 3.89381 
80.5264 41.3931 5.87777 10.0171 61.2759 5.98972 63.6927 157.905 151.342 57.4023 32.8894 3.03849 57.3243 13.8792 89.1754 0 1.72628 59.0047 6.68903 8.89394 43.1749 0.342742 1.23599 7.66642 33.2793 1.1531 18.6217 0.0318943 
451.895 599.297 0.108207 503.232 152.145 454.039 87.2027 1.22522 560.082 11.4997 50.2186 48.6615 0.107843 3.24033 3.09259 0.074729 0 16.6731 320.158 23.6117 64.7919 18.5225 18.0334 14.2874 454.242 26.5735 22.3711 23.3837 
103.022 133.815 2.98573 101.861 23.3631 0.148345 230.04 122.341 46.0689 82.5604 66.3427 148.158 39.1548 19.8805 10.8864 2.90427 140.775 0 1.80011 72.9902 115.8 10.7523 1.16836 4.65321 29.5738 31.4753 34.7739 34.0641 
109.932 131.326 53.8935 0.0816232 39.3643 86.0841 25.9383 98.7694 133.819 111.511 29.2689 19.2522 70.3624 14.8519 4.25842 28.5208 171.611 130.809 0 33.612 39.6211 22.6439 22.8961 9.18158 3.49907 4.395 6.52388 0.0786694 
215.482 36.2998 9.20103 42.2181 15.5341 22.7931 94.3515 19.5443 3.31473 37.6351 11.0422 12.2112 13.0577 3.60845 1.26308 0.642585 22.5053 46.5897 27.8339 0 332.181 5.86026 1.15097 0.0304938 4.25195 11.6909 2.45907 0.414515 
151.327 177.053 74.2354 213.985 107.274 26.1537 0.00377866 129.802 30.422 96.397 28.6308 0.394668 76.0355 44.5361 28.5556 20.2228 9.35498 0.0134736 17.5327 213.877 0 22.7325 28.0703 45.0985 46.9113 19.1552 5.41391 20.0257 
37.5822 3.43421 10.3344 16.5635 12.567 8.39518 0.0319711 1.66105 5.6992 60.1017 0.150318 17.6227 4.9131 3.3372 15.6088 11.3498 5.35964 42.2828 24.0402 4.50997 32.7883 0 5.20992 9.66953 4.86263 0.00108775 7.02904 8.41778 
42.0691 0.738953 0.308015 18.3845 11.5341 0.692855 1.02757 37.6783 8.23656 60.3523 130.122 101.634 2.20892 8.43122 12.3178 11.411 11.4424 9.88806 21.0849 0.819188 6.3764 7.80742 0 2.97968 10.0536 4.32257 7.93166 9.615 
11.042 48.3973 7.47513 25.0812 6.01692 16.8007 21.0061 127.26 31.5216 0.114693 61.8494 122.984 54.8489 0.357347 7.41536 0.083425 11.9579 47.5928 19.0795 4.07277 1.93884 10.5016 3.45066 0 13.0846 16.4507 18.1171 2.63174 
453.317 454.649 28.0375 469.809 29.044 453.194 91.1442 24.4748 456.506 57.2935 146.008 895.277 54.4185 6.91739 3.13409 50.2962 456.368 25.9438 11.3496 6.03165 0.666354 85.5033 0.315305 69.9597 0 80.0149 66.0217 73.9169 
2.56051 9.62207 10.0251 27.2966 0.532458 12.7022 70.7978 144.248 141.732 0.64242 0.946727 147.158 16.3393 6.97654 14.908 0.0677696 8.33376 21.5812 27.868 6.83005 14.3812 9.65048 6.01605 8.19102 14.2174 0 25.9156 56.8496 
13.6809 51.7012 0.143702 16.9621 46.8073 15.97 52.945 57.2529 39.362 34.9181 73.6767 88.1346 23.2953 7.13183 19.2735 13.6018 19.1169 42.5386 24.2565 1.67879 24.7924 0.338028 5.85791 0.110356 52.763 18.6478 0 69.3813 
6.06909 13.2267 15.3541 16.3168 9.67951 3.11499 72.3836 126.729 74.2594 57.3617 8.10629 39.7208 3.75426 10.9499 15.0439 0.206368 22.9561 44.9056 0.771995 10.7022 4.96203 3.5848 0.103981 11.8095 29.2307 12.7075 0.224369 0 
