0 974.989 12.6913 791.786 0.565066 576.664 241.56 212.231 476.284 15.3081 134.436 143.933 103.043 14.3537 53.4157 12.1401 490.575 63.4494 110.967 219.656 127.279 29.2562 22.3095 57.3368 456.146 4.21666 6.73196 58.9444 
998.494 0 17.3151 450.556 119.493 501.751 422.577 264.235 766.238 97.5064 266.406 154.198 146.927 67.1453 5.51233 0.112366 553.629 593.579 29.0538 46.7391 178.555 39.9806 1.40266 58.2444 468.111 45.8467 44.3235 14.8557 
5.68358 387.916 0 12.9915 5.16304 53.8263 197.631 231.415 44.6633 104.966 239.791 30.7678 69.9163 7.00727 7.44211 20.5691 49.9333 100.699 31.1842 19.6777 21.7593 11.6613 0.0942878 13.401 20.9496 17.1152 11.566 21.6164 
469.87 450.957 155.709 0 114.497 516.491 57.5502 718.851 550.215 8.69505 160.957 203.248 45.5168 2.07069 4.72738 40.7542 462.352 130.089 1.71218 34.2961 459.99 10.2962 17.7464 11.0577 490.357 0.657974 23.7529 23.3448 
0.0128897 336.366 38.0032 15.6073 0 295.482 162.216 132.567 104.753 169.667 235.273 58.1147 160.126 70.2042 68.4412 18.7826 87.692 157.346 1.4178 14.1775 47.8646 54.1774 4.15319 6.08313 8.33156 58.6224 2.23879 51.8531 
580.709 468.99 45.2139 510.773 716.872 0 381.973 36.4117 922.198 393.586 257.694 114.046 142.156 18.0821 7.9952 25.6845 483.456 34.0609 9.43463 19.4712 61.8967 20.4909 7.40041 9.10692 465.053 19.2606 9.72478 7.83818 
262.743 84.0602 168.822 17.1148 333.018 124.947 0 24.9036 953.916 167.496 163.496 238.069 199.8 93.4033 7.89884 40.1653 31.6939 117.02 156.488 76.1004 122.998 60.369 12.9784 67.8321 83.2294 11.7782 60.2761 0.983956 
303.555 7.31683 187.639 444.054 222.953 42.7787 391.747 0 629.155 37.7371 238.231 950.515 148.228 25.674 176.634 181.671 99.7718 154.86 31.9092 63.9307 3.71382 0.015518 101.794 0.00876052 76.2751 0.0374544 42.1833 130.73 
705.812 575.524 439.22 774.875 323.595 922.628 511.956 633.974 0 0.335956 194.922 359.359 191.138 49.8185 208.016 0.177041 453.318 182.592 153.814 105.964 186.641 68.5033 39.9924 98.6179 544.518 141.67 65.5883 58.109 
149.574 203.488 4.19351 61.7654 122.216 48.7659 19.6265 191.339 324.716 0 2.59909 38.6341 25.0724 2.2251 5.51251 91.4654 7.72004 2.30479 88.4924 29.5745 80.7421 17.0469 52.3302 29.5494 32.3895 55.1113 6.66641 57.0778 
183.396 48.1447 219.286 26.4662 182.933 0.00318802 210.897 125.006 164.96 5.18021 0 392.951 194.066 42.9526 245.05 207.381 0.854061 58.6577 16.0171 30.5224 17.3123 42.0175 80.4516 4.45993 138.853 136.805 57.0575 36.2881 
228.319 209.344 20.7347 196.813 179.737 93.9765 122.89 270.377 116.277 72.3555 431.892 0 102.386 5.63582 14.4854 267.384 53.346 150.793 91.8563 89.7299 168.145 0.172009 46.2347 133.671 266.479 356.12 8.95739 165.918 
38.0116 130.213 10.5537 1.49707 5.83375 71.2058 143.58 43.4739 102.752 69.0847 250.676 143.554 0 155.383 119.242 78.2094 52.3596 68.682 36.9751 14.4846 29.7902 1.34448 43.1943 67.8019 24.3941 15.6419 0.614986 34.1676 
2.63707 50.4393 2.20494 3.85168 13.1811 5.067 59.7421 111.692 6.52024 0.428289 75.1057 0.00471099 47.0655 0 56.6467 18.7144 7.63917 34.3848 0.773565 0.555816 7.44535 0.546985 6.45241 3.76509 7.27679 0.222667 6.38489 11.1272 
6.86065 15.4441 33.5914 37.9897 72.7987 4.62263 98.1952 55.2866 1.23523 131.248 166.503 107.086 73.2489 41.2519 0 6.54234 14.5644 53.3093 38.4899 3.09335 1.87968 0.0733959 9.87375 27.6917 2.23056 17.9178 17.1409 3.86726 
80.523 41.5259 5.83664 9.93287 61.3561 5.9494 63.4985 156.908 151.399 57.2073 32.3372 2.4874 57.1656 13.9495 89.2785 0 1.71493 58.9757 6.71497 8.90036 43.0989 0.337427 1.25658 7.54557 33.2968 1.193 18.6275 0.0351516 
453.141 600.63 0.116157 504.567 152.077 455.397 87.3307 1.25012 561.354 11.5759 50.115 48.575 0.113245 3.22753 3.10931 0.0723055 0 17.1826 280.806 23.5762 64.8217 18.5321 18.027 14.2729 455.528 26.5658 22.3725 23.3907 
103.606 133.172 3.10747 101.56 23.0339 0.166059 229.89 122.615 46.4171 82.8021 66.0897 148.095 39.0316 19.9346 10.8258 2.87451 141.856 0 1.86519 72.8848 115.721 10.7805 1.18104 4.62701 29.6342 31.4077 34.8019 34.1065 
109.841 131.657 53.8214 0.088729 38.5662 85.99 25.6974 98.8797 133.632 111.651 29.1113 19.3422 70.2748 14.824 4.28676 28.5366 170.983 131.008 0 33.6361 39.6956 22.6569 22.8923 9.16196 3.51649 4.41544 6.50929 0.0764157 
215.887 36.6235 9.14612 42.299 15.4115 22.8113 94.3727 19.699 3.25577 37.564 10.9673 12.3048 13.0171 3.60456 1.27085 0.648463 22.5417 46.4489 27.7961 0 332.267 5.86269 1.15408 0.0296519 4.26558 11.6859 2.4662 0.418451 
151.971 177.124 74.5317 212.813 107.13 26.0534 0.00635502 130.192 30.1817 96.3564 28.7946 0.420639 76.013 44.5271 28.4901 20.2993 9.40059 0.0103226 17.5966 211.709 0 22.7525 28.1026 45.1216 46.854 19.0834 5.39047 19.9776 
37.5656 3.41018 10.3258 16.5671 12.6157 8.42012 0.028829 1.68192 5.73886 60.0801 0.158438 17.6959 4.82763 3.31927 15.6248 11.3568 5.34708 42.2807 24.0496 4.50597 32.7899 0 5.24752 9.64502 4.84824 0.00130286 7.03984 8.42436 
42.0991 0.753442 0.313094 18.3734 11.4839 0.683997 1.05202 37.8378 8.14667 60.3393 130.212 101.43 2.27541 8.39414 12.4013 11.3917 11.429 9.92102 21.0735 0.816418 6.35058 7.76783 0 2.8835 10.109 4.33788 7.94833 9.60995 
11.0978 48.4574 7.4967 25.1005 5.97967 16.7889 20.9171 127.422 31.378 0.122701 61.593 123.498 54.9497 0.369056 7.48998 0.0987561 11.9732 47.5814 19.0958 4.07867 1.95813 10.4786 3.5541 0 12.9388 16.4429 18.1311 2.64668 
454.676 455.897 28.0286 471.194 29.1206 454.468 91.1189 24.8255 457.697 57.3808 145.998 768.752 54.4403 6.88949 3.09657 49.4305 457.653 25.884 11.376 6.01699 0.652115 85.2042 0.331513 70.2219 0 78.4955 60.2341 77.9941 
2.51689 9.54327 10.0731 27.2037 0.517255 12.6588 70.6389 143.471 141.686 0.618535 0.88707 144.919 16.2765 7.00006 14.8354 0.0583634 8.31242 21.5168 27.8848 6.81616 14.3158 9.64419 6.03138 8.22324 14.2679 0 25.8329 56.6779 
13.6385 51.6791 0.147109 16.992 46.8244 15.9854 52.9853 57.1149 39.2745 34.8761 73.7487 88.3133 23.2637 7.14305 19.2814 13.5788 19.1268 42.5236 24.2587 1.67265 24.7568 0.341514 5.87468 0.105903 52.7395 18.7365 0 69.788 
6.02719 13.1692 15.3804 16.2695 9.63793 3.09691 72.3606 126.602 74.3812 57.3602 8.01696 39.3544 3.77846 10.9584 15.0097 0.198384 22.9644 44.9351 0.76501 10.6968 4.9913 3.57703 0.10627 11.8245 29.1539 12.487 0.180719 0 
