0 621.537 1.057 344.664 8.01805 162.312 218.099 173.736 53.7258 8.33153 119.285 164.443 105.699 11.8997 49.3849 16.7413 90.1146 88.1302 106.644 277.117 156.725 27.9181 24.5 57.7509 46.1663 2.07203 5.3433 59.9317 
484.147 0 130.226 49.267 237.447 131.476 310.148 281.68 298.222 127.254 259.568 171.851 148.521 68.9872 2.60694 0.0983642 133.153 586.837 17.1941 31.8804 178.952 38.1124 2.42808 59.6363 64.7367 51.3237 46.0033 17.6406 
0.0307528 230.501 0 85.114 0.100112 45.3372 230.022 190.898 0.0930984 96.9987 239.756 16.1887 67.4037 8.26898 10.3215 22.0833 52.1221 119.583 36.0452 17.2095 32.8406 11.9115 0.263494 12.6766 19.1012 19.2407 10.6855 21.1382 
123.601 48.3797 84.9405 0 96.756 107.182 33.8351 844.222 90.1447 14.7435 139.72 231.898 41.0517 3.03347 2.83594 38.351 51.9207 138.029 3.40588 29.0552 617.683 10.9165 17.0753 12.9098 84.1289 0.0294901 22.7464 21.353 
4.84316 445.959 61.6607 6.48673 0 226.009 246.446 151.622 153.067 114.198 249.144 70.4767 168.754 70.2201 61.8474 14.8854 101.299 179.675 17.8956 9.28533 55.9264 52.9264 5.73553 7.86929 6.18121 61.4712 3.05006 50.3318 
174.396 45.1728 53.722 98.1269 702.43 0 900.399 59.6716 458.967 116.995 271.972 127.143 535.706 19.3146 4.92516 26.5684 79.7082 24.5724 16.227 20.7525 57.933 20.3506 6.4177 8.0595 55.7309 21.0136 8.87417 8.98475 
249.413 191.115 122.409 36.1324 394.623 633.617 0 2.96557 1305.73 297.481 82.2612 259.328 183.754 89.6949 2.23512 31.6537 25.4533 92.5993 157.558 69.8667 115.593 58.945 16.7083 65.5839 86.6049 17.3263 60.5137 2.16264 
288.854 0.49357 140.544 479.127 220.918 22.7913 409.237 0 529.012 22.5021 188.385 650.458 147.992 35.3404 183.448 137.284 99.6893 144.916 38.245 54.6264 10.0242 0.242468 100.398 1.50031 53.9825 4.61689 48.4181 125.546 
285.251 232.564 472.823 370.995 289.304 461.165 31.0254 538.036 0 7.93873 686.256 388.722 180.071 35.5935 244.632 2.86617 48.5469 167.193 155.08 106.581 184.147 69.2787 32.8677 99.8745 145.588 138.317 62.4602 64.2357 
143.021 179.299 10.1342 52.0414 71.4095 148.773 1.93468 205.545 365.102 0 65.8878 60.3572 2.23507 5.57834 14.7291 91.5498 5.09287 0.38104 97.6859 26.1833 76.3795 13.6769 55.0383 33.6139 37.3087 49.6045 5.25891 56.451 
189.667 71.8951 235.494 44.7307 157.043 7.82439 304.839 80.1975 68.0314 18.9799 0 464.703 216.693 71.349 138.474 182.589 0.20169 69.9637 10.8587 25.7892 23.7355 37.8841 92.5854 1.21964 131.936 149.284 52.6228 43.7027 
224.811 217.415 36.6331 160.538 179.369 78.6962 155.156 28.4291 172.191 48.9676 349.498 0 113.04 14.8494 0.812406 109.1 49.4851 151.756 88.7587 92.6431 166.514 0.739773 35.5128 154.084 292.685 397.339 14.2649 154.735 
31.9589 122.165 7.2014 3.05428 1.46841 87.9512 165.832 34.8014 121.554 24.907 240.891 149.708 0 154.799 116.856 81.5414 49.9704 63.1092 31.9275 12.6398 26.6181 0.0709955 52.8293 65.3966 27.3949 12.9319 0.307725 32.4488 
1.5418 54.3771 1.4209 2.77391 9.96963 3.68035 67.5598 118.124 2.40423 0.0554062 106.911 2.11362 74.4144 0 61.792 19.3383 8.42202 36.7654 0.412061 0.433009 6.02428 0.990886 4.00709 5.18021 8.5468 0.579738 6.89979 10.7423 
9.71484 10.4507 32.5249 38.9592 66.5177 2.29941 82.8608 36.1975 3.85197 124.242 70.3419 155.41 86.6141 19.8014 0 32.7945 13.3299 56.3315 38.2349 3.60184 3.05969 0.295629 13.607 26.2702 3.89174 14.6555 17.8215 2.75121 
79.9139 47.4865 4.09911 6.42475 64.7659 4.24396 54.6359 111.31 152.282 48.269 11.901 34.1676 49.8206 16.7581 81.2529 0 1.24044 57.5224 7.91968 9.16437 39.606 0.140617 2.32852 2.90995 33.6343 3.6328 18.8189 0.344899 
43.4143 193.131 0.762589 98.1897 147.727 50.484 92.7969 2.62558 151.947 15.2106 45.4577 44.6636 0.491867 2.67431 3.9024 0.00454947 0 47.0428 393.153 21.95 66.0402 18.9516 17.7195 13.6132 47.1952 26.181 22.4203 23.6814 
130.078 126.212 10.9835 87.5075 10.4911 1.98678 220.679 134.55 63.0011 93.5137 54.9301 144.72 33.5837 22.3988 8.24591 1.68819 189.741 0 5.95195 67.8476 111.808 12.0721 1.82044 3.51872 32.3473 28.3688 36.0314 35.9818 
105.202 145.52 50.2956 0.713077 10.5624 80.8103 15.8528 103.546 124.518 117.158 22.3468 23.5487 66.1364 13.566 5.6429 29.19 146.487 139.016 0 34.6228 43.0271 23.2122 22.6838 8.28813 4.33729 5.37529 5.86461 0.0089566 
224.946 52.0207 6.7752 45.4147 10.3207 23.5218 94.7383 27.1206 1.14121 34.3034 7.83125 16.8135 11.2312 3.42545 1.64146 0.937966 24.1455 40.1061 26.0423 0 305.112 5.96635 1.29689 0.0039305 4.89139 11.4341 2.79404 0.614277 
179.794 179.031 87.5366 171.793 100.364 21.6533 0.806839 147.276 20.1979 94.2523 36.5151 2.44031 74.8645 44.0357 25.5522 23.8076 11.5437 0.302154 20.5546 111.63 0 23.6383 29.5323 46.0682 44.1902 15.9438 4.38201 17.8382 
36.7703 2.41218 9.92198 16.7046 14.8711 9.54936 0.0556057 2.7521 7.65048 58.8673 0.744224 21.0923 1.7346 2.54406 16.2811 11.6311 4.79193 42.1361 24.4425 4.32325 32.8312 0 6.99072 8.51035 4.24069 0.031067 7.52371 8.71252 
43.3608 1.54874 0.582999 17.8176 9.31043 0.342446 2.44333 45.1299 4.58292 59.4544 133.065 91.6327 6.23781 6.32897 16.1125 10.3741 10.8203 11.4442 20.5358 0.695528 5.23309 5.99771 0 0.141853 12.6337 5.03328 8.68825 9.36026 
13.7155 51.0562 8.46737 25.8506 4.4119 16.2095 17.0378 133.609 25.1201 0.760584 50.1447 145.305 59.2238 1.07559 11.0553 2.08047 12.661 46.9881 19.8055 4.33994 2.91818 9.39784 9.15084 0 7.07941 15.9666 18.678 3.35099 
49.8154 46.0106 27.4867 67.2236 32.5881 45.6374 89.5311 42.639 45.809 61.0892 144.286 713.054 55.2592 5.65678 1.62451 11.801 49.2311 23.2122 12.5777 5.36255 0.170018 30.1772 1.51694 73.9832 0 0.200913 135.562 46.2707 
0.934721 6.30321 12.2774 22.9564 0.0606008 10.7217 63.2536 107.75 138.352 0.0117125 0.214387 56.223 13.5295 8.04703 11.6035 0.361515 7.36927 18.6687 28.5912 6.18711 11.489 9.34531 6.71213 9.66779 16.7122 0 21.983 47.2169 
11.7767 50.5997 0.34175 18.3202 47.5297 16.6577 54.698 50.867 35.343 32.9445 76.8086 96.0041 21.8328 7.64069 19.5856 12.5104 19.5594 41.8022 24.3352 1.40613 23.1513 0.516162 6.63354 0.000414541 50.9751 22.7067 0 85.0531 
4.27928 10.6803 16.5294 14.148 7.84227 2.32985 71.0988 120.001 79.6459 57.1129 4.4825 24.2618 4.93661 11.3071 13.4432 0.00200833 23.3118 46.2014 0.482791 10.4369 6.38265 3.23153 0.23439 12.4614 25.6956 4.3045 3.07185 0 
