0 496.709 22.6984 210.922 54.2526 193.351 147.12 84.99 97.3978 0.222117 83.0845 203.355 109.023 6.96213 39.4716 29.0595 161.541 148.188 92.9435 197.418 213.653 24.713 29.4514 57.3764 97.701 0.000154038 2.71946 60.9974 
198.53 0 455.48 211.946 486.958 276.989 57.1682 292.947 205.435 191.066 223.331 204.272 145.771 71.204 0.0084444 3.19587 157.481 786.198 1.34658 7.06149 170.299 33.5334 5.74865 61.5966 130.159 63.0719 49.3644 24.5141 
34.6255 1.22779 0 284.235 16.9721 23.3622 244.096 83.4652 181.837 72.3629 200.27 0.129522 59.4702 11.1176 17.662 24.3748 55.2048 152.438 46.4863 11.2524 62.5259 12.345 0.955791 10.7584 14.5517 23.473 8.65081 19.5559 
373.562 209.058 372.104 0 54.8166 152.194 1.94318 231.368 97.7657 33.031 85.2403 259.751 30.6792 5.77622 0.275391 30.3144 101.594 145.896 9.22517 16.5446 736.545 12.276 15.1998 17.1205 140.076 1.65961 20.1218 16.549 
46.0985 522.468 122.324 0.576725 0 31.4826 403.889 189.557 264.589 18.5099 260.975 99.8536 178.31 68.2598 45.8004 7.37588 128.758 219.076 111.085 1.79578 74.7648 49.296 10.1644 12.6381 2.39316 66.6941 5.33473 46.2424 
221.254 114.642 65.7162 137.559 771.298 0 551.24 122.211 227.817 382.174 249.036 149.752 689.668 21.3074 0.563025 27.3171 142.727 7.86704 36.2705 23.0186 47.8558 19.5672 4.29056 5.73299 106.824 24.4417 6.96995 11.6893 
193.247 452.176 27.9773 95.9772 427.717 364.556 0 33.5091 199.41 503.04 0.226455 284.104 134.747 76.9517 2.43156 14.8146 13.1869 42.4188 149.894 53.7936 95.8422 54.6346 26.3359 58.8254 91.2535 32.8237 60.129 6.48285 
224.015 14.9956 40.8744 220.208 203.527 0.225415 368.537 0 186.002 1.91618 79.7811 4.93972 142.599 60.2734 179.286 41.2427 97.5811 118.257 53.6569 34.0889 34.7655 1.76726 93.3654 14.0985 14.421 52.3112 62.6382 107.585 
291.489 429.63 272.244 349.089 182.853 230.855 970.94 196.322 0 102.334 348.939 395.189 145.659 10.0514 245.087 20.3861 112.425 126.175 150.762 103.857 170.234 69.9279 18.2448 99.129 216.177 122.189 54.5211 77.2375 
121.367 113.377 31.5591 30.4803 2.92156 527.448 189.017 223.26 377.181 0 403.608 119.659 42.7555 18.121 48.2859 85.1753 1.07281 2.10097 114.275 18.6091 65.3102 7.07166 59.3231 42.5704 48.3094 36.191 2.61183 53.7434 
194.593 134.898 232.2 96.6833 95.3597 75.0039 465.259 11.0206 415.101 309.902 0 513.113 249.605 143.773 0.102636 106.146 0.41012 96.5837 2.65287 15.9507 41.2573 28.5591 116.203 1.49281 109.069 165.371 42.1465 61.2722 
201.967 223.03 83.3854 72.7525 171.673 44.7424 223.907 409.547 301.561 10.5941 135.184 0 134.543 49.0748 32.5452 38.385 40.5309 149.773 80.2146 96.4095 156.704 3.4938 14.9301 183.794 162.186 299.122 30.08 117.804 
19.4386 99.9586 1.80842 8.5176 2.44759 172.319 204.691 17.7871 161.208 9.6973 197.718 158.273 0 118.585 99.6924 84.1989 43.9879 50.02 21.0801 8.72692 19.7265 3.14614 72.9963 57.2364 34.2324 7.47425 0.000736818 28.2515 
0.126339 62.1938 0.248639 0.921487 4.13028 1.24395 83.0364 125.979 3.98065 5.06363 174.973 23.3133 133.08 0 26.1048 16.1436 10.2606 41.8491 0.00879986 0.205769 3.27487 2.41588 0.120959 8.25217 11.3841 1.96587 8.03136 9.63428 
17.6982 2.47545 28.0159 39.2147 50.7878 0.000301687 46.8588 6.13701 41.89 94.115 12.7697 248.132 110.363 2.65004 0 89.3254 10.5616 62.2283 36.8698 4.83685 6.74121 1.33977 21.317 19.9453 9.02131 7.55678 19.0389 0.85933 
75.2525 60.5589 1.15671 1.0608 70.8993 1.31449 34.4713 24.1134 142.256 28.0252 3.58084 366.89 32.462 19.3025 13.5363 0 0.435029 53.1675 10.8964 9.56986 31.2745 0.0100376 5.54882 0.779297 31.1809 12.862 18.7253 2.1971 
97.0727 239.396 4.28793 154.269 129.37 112.916 102.788 7.57472 200.161 24.8532 34.9534 35.7386 2.33988 1.58349 5.99193 0.154833 0 149.184 312.319 18.0648 67.9103 19.7914 16.8909 12.0564 100.656 25.0308 22.3973 24.1694 
186.365 7.14649 44.0396 54.0774 0.193019 13.2992 183.497 158.04 105.445 115.966 31.849 133.299 22.0716 28.1493 3.54737 0.145464 271.889 0 23.1583 54.6097 100.375 15.1797 3.7688 1.52414 38.4432 21.5526 38.6077 40.0151 
90.9078 167.298 40.5496 4.30999 14.097 63.201 1.89941 111.743 99.683 123.318 9.77018 34.1514 55.4995 10.7092 9.2878 30.233 83.6429 149.508 0 36.1363 50.3928 24.2659 21.9565 6.37584 6.47326 7.83405 4.48059 0.103401 
179.337 89.7211 2.42359 48.1616 2.28854 24.298 91.2399 46.7595 0.398455 26.5858 2.52999 29.0196 7.49689 2.99021 2.63019 1.76993 27.5151 26.092 21.7165 0 99.833 6.16313 1.63889 0.0353611 6.38452 10.6411 3.59156 1.19167 
228.102 173.757 112.353 202.308 83.0415 12.6542 7.56193 180.65 4.46169 87.5285 56.2246 13.0793 71.2816 42.283 19.0117 32.1527 17.0676 4.11964 27.7914 2.24166 0 25.5656 32.5658 47.5284 37.5973 9.54124 2.43538 13.1851 
34.6261 0.759923 8.91399 16.8369 20.4395 12.1443 1.34594 6.12034 12.8868 54.4081 3.66797 29.4803 0.530936 1.08055 17.2854 11.9472 3.60698 41.434 25.1011 3.88994 32.7091 0 10.9541 5.81295 3.24098 0.245476 8.60269 9.30634 
45.586 4.37979 1.48721 16.1683 5.07056 0.000624936 7.64918 62.0403 0.222055 55.3037 130.567 66.3201 21.5171 1.16938 22.9809 7.22164 9.41182 15.1782 19.1066 0.449406 3.03669 2.42607 0 6.65867 18.1544 6.61585 10.2743 8.63191 
20.3483 56.116 10.6287 26.6302 1.67449 14.5307 9.31224 138.622 12.7887 4.19373 26.2463 180.207 66.6493 3.7394 19.5949 13.7353 14.1944 45.0525 21.2548 4.90184 5.76424 6.72863 20.3165 0 1.26698 14.0488 19.2604 5.15629 
112.721 97.683 25.2389 129.957 40.513 98.4438 82.7625 93.5008 96.9731 67.6774 131.494 540.066 55.9361 3.11292 0.017367 53.4642 102.45 17.338 15.3843 3.92816 0.244637 87.9304 7.18026 44.6513 0 26.0487 97.8476 10.4988 
0.215767 1.31953 17.3754 13.4019 0.700702 6.58679 45.3878 34.5202 122.261 2.07382 13.1848 18.1345 7.95968 10.2479 5.07412 6.01462 5.35705 12.6382 29.8361 4.75215 6.00266 8.55672 8.14837 12.7568 23.0961 0 12.96 19.6878 
7.90434 47.5605 1.0804 21.1681 48.6743 18.0134 57.8484 36.6874 26.571 28.276 82.3111 110.35 18.5257 8.70924 19.8747 9.91823 20.449 39.8295 24.3412 0.8733 19.47 1.04255 8.36033 0.456851 41.5889 30.9101 0 88.3727 
1.3575 5.82374 18.8656 9.49662 4.34788 0.955869 66.603 99.4733 89.7777 55.2358 0.201626 2.68014 8.07417 11.8346 9.78212 0.754661 23.9346 48.6096 0.0786166 9.72513 10.091 2.48109 0.707156 13.6215 18.5487 2.15477 38.7768 0 
